PseudoViscosity
part
         1
quad4
 9.19779e-07
 1.46069e-06
 1.49585e-06
 1.62882e-06
 1.71529e-06
 2.08602e-06
 2.13553e-06
 2.27226e-06
 2.39818e-06
 2.62492e-06
 2.73532e-06
 2.96288e-06
 2.97394e-06
 3.46155e-06
 3.46231e-06
 3.86039e-06
 4.04364e-06
 4.38708e-06
 4.70770e-06
 5.30350e-06
 5.30660e-06
 6.23032e-06
 6.25393e-06
 7.19617e-06
 7.66932e-06
 8.73323e-06
 9.38971e-06
 1.10367e-05
 1.22032e-05
 1.45674e-05
 1.64348e-05
 2.03060e-05
 2.61346e-05
 2.97387e-05
 4.56672e-05
 1.11012e-04
 2.42387e-04
 3.88016e-04
 4.34711e-04
 2.44958e-04
 6.42622e-06
 0.00000e+00
 0.00000e+00
 0.00000e+00
 0.00000e+00
 0.00000e+00
 0.00000e+00
 2.05236e-04
 2.39309e-04
 4.76590e-06
 1.61888e-08
 1.48658e-11
 2.96503e-16
 0.00000e+00
 0.00000e+00
 0.00000e+00
 0.00000e+00
 0.00000e+00
 0.00000e+00
 0.00000e+00
 1.46069e-06
 1.45297e-06
 1.56676e-06
 1.48469e-06
 1.86635e-06
 1.85086e-06
 2.05778e-06
 2.07311e-06
 2.46067e-06
 2.45831e-06
 2.91086e-06
 2.78009e-06
 3.26911e-06
 3.38176e-06
 3.65852e-06
 3.87218e-06
 4.31390e-06
 4.33512e-06
 4.79353e-06
 4.92249e-06
 5.42642e-06
 5.95988e-06
 6.41709e-06
 7.31942e-06
 7.72949e-06
 8.73030e-06
 9.72139e-06
 1.10135e-05
 1.20728e-05
 1.49082e-05
 1.67624e-05
 2.01723e-05
 2.60020e-05
 3.03276e-05
 4.68649e-05
 1.12531e-04
 2.45070e-04
 3.92793e-04
 4.39597e-04
 2.43792e-04
 6.44066e-06
 0.00000e+00
 0.00000e+00
 0.00000e+00
 0.00000e+00
 0.00000e+00
 0.00000e+00
 2.22403e-04
 2.31123e-04
 4.30599e-06
 1.48245e-08
 1.29289e-11
 1.75481e-16
 0.00000e+00
 0.00000e+00
 0.00000e+00
 0.00000e+00
 0.00000e+00
 0.00000e+00
 0.00000e+00
 1.49585e-06
 1.56676e-06
 1.44969e-06
 1.54694e-06
 1.59313e-06
 1.82322e-06
 1.81096e-06
 2.23962e-06
 2.25909e-06
 2.65688e-06
 2.69214e-06
 3.11432e-06
 3.08585e-06
 3.42104e-06
 3.54333e-06
 3.92947e-06
 3.98705e-06
 4.07166e-06
 4.88866e-06
 4.99059e-06
 5.77485e-06
 5.98776e-06
 6.64412e-06
 7.04310e-06
 7.95907e-06
 8.69275e-06
 9.68819e-06
 1.09874e-05
 1.24642e-05
 1.50135e-05
 1.64359e-05
 2.05263e-05
 2.68095e-05
 3.03355e-05
 4.69588e-05
 1.16191e-04
 2.53680e-04
 4.01831e-04
 4.41404e-04
 2.31467e-04
 6.24630e-06
 0.00000e+00
 0.00000e+00
 0.00000e+00
 0.00000e+00
 0.00000e+00
 0.00000e+00
 2.55762e-04
 2.14286e-04
 3.50723e-06
 1.24025e-08
 9.73350e-12
 3.24190e-25
 0.00000e+00
 0.00000e+00
 0.00000e+00
 0.00000e+00
 0.00000e+00
 0.00000e+00
 0.00000e+00
 1.62882e-06
 1.48469e-06
 1.54694e-06
 1.59528e-06
 1.82324e-06
 1.87620e-06
 2.15679e-06
 2.27669e-06
 2.47171e-06
 2.68746e-06
 2.90501e-06
 2.94016e-06
 3.06797e-06
 3.47323e-06
 3.53436e-06
 3.98501e-06
 4.03375e-06
 4.83139e-06
 4.91857e-06
 5.26485e-06
 5.77883e-06
 5.96477e-06
 6.88567e-06
 7.15140e-06
 8.24938e-06
 8.70904e-06
 1.00563e-05
 1.12021e-05
 1.26655e-05
 1.50879e-05
 1.66924e-05
 2.12670e-05
 2.70053e-05
 2.98880e-05
 4.88161e-05
 1.23616e-04
 2.65671e-04
 4.12065e-04
 4.42308e-04
 2.14755e-04
 5.97512e-06
 0.00000e+00
 0.00000e+00
 0.00000e+00
 0.00000e+00
 0.00000e+00
 0.00000e+00
 3.02450e-04
 1.89110e-04
 2.54796e-06
 9.44622e-09
 6.28843e-12
 1.39631e-25
 0.00000e+00
 0.00000e+00
 0.00000e+00
 0.00000e+00
 0.00000e+00
 0.00000e+00
 0.00000e+00
 1.71529e-06
 1.86635e-06
 1.59313e-06
 1.82324e-06
 1.86402e-06
 2.05479e-06
 2.17638e-06
 2.32305e-06
 2.57609e-06
 2.64315e-06
 2.88830e-06
 2.90185e-06
 3.49848e-06
 3.36322e-06
 4.01221e-06
 4.07318e-06
 4.41742e-06
 4.89476e-06
 4.77571e-06
 5.54363e-06
 5.71410e-06
 6.31079e-06
 6.90357e-06
 7.34122e-06
 8.40041e-06
 8.81528e-06
 1.03775e-05
 1.11803e-05
 1.30295e-05
 1.53604e-05
 1.69803e-05
 2.19171e-05
 2.71923e-05
 2.98837e-05
 5.18800e-05
 1.33469e-04
 2.81119e-04
 4.25382e-04
 4.42947e-04
 1.90921e-04
 5.57474e-06
 0.00000e+00
 0.00000e+00
 0.00000e+00
 0.00000e+00
 0.00000e+00
 0.00000e+00
 3.54267e-04
 1.57070e-04
 1.64398e-06
 6.52063e-09
 3.44520e-12
 3.82494e-26
 0.00000e+00
 0.00000e+00
 0.00000e+00
 0.00000e+00
 0.00000e+00
 0.00000e+00
 0.00000e+00
 2.08602e-06
 1.85086e-06
 1.82322e-06
 1.87620e-06
 2.05479e-06
 2.14786e-06
 2.26993e-06
 2.53730e-06
 2.51025e-06
 2.96415e-06
 2.96401e-06
 3.44889e-06
 3.28593e-06
 3.86238e-06
 4.22160e-06
 3.97937e-06
 4.67743e-06
 4.60746e-06
 5.23178e-06
 5.66452e-06
 5.81239e-06
 6.66760e-06
 6.82691e-06
 7.77293e-06
 8.39536e-06
 9.13169e-06
 1.06366e-05
 1.13230e-05
 1.35474e-05
 1.55410e-05
 1.72502e-05
 2.27071e-05
 2.74397e-05
 3.00231e-05
 5.63538e-05
 1.46590e-04
 3.00741e-04
 4.41341e-04
 4.41575e-04
 1.57445e-04
 4.98254e-06
 0.00000e+00
 0.00000e+00
 0.00000e+00
 0.00000e+00
 0.00000e+00
 0.00000e+00
 3.99246e-04
 1.20948e-04
 9.49690e-07
 4.02893e-09
 1.57701e-12
 0.00000e+00
 0.00000e+00
 0.00000e+00
 0.00000e+00
 0.00000e+00
 0.00000e+00
 0.00000e+00
 0.00000e+00
 2.13553e-06
 2.05778e-06
 1.81096e-06
 2.15679e-06
 2.17638e-06
 2.26993e-06
 2.52468e-06
 2.46835e-06
 3.08746e-06
 3.00416e-06
 3.30075e-06
 3.39080e-06
 3.70952e-06
 4.21846e-06
 3.76110e-06
 4.49300e-06
 4.70269e-06
 4.77013e-06
 5.51914e-06
 5.50218e-06
 6.25247e-06
 6.73283e-06
 7.05440e-06
 8.16954e-06
 8.41295e-06
 9.64565e-06
 1.08353e-05
 1.16018e-05
 1.41957e-05
 1.56679e-05
 1.77921e-05
 2.38568e-05
 2.76370e-05
 3.04338e-05
 6.26585e-05
 1.63629e-04
 3.24769e-04
 4.59596e-04
 4.35893e-04
 1.12205e-04
 4.12123e-06
 0.00000e+00
 0.00000e+00
 0.00000e+00
 0.00000e+00
 0.00000e+00
 0.00000e+00
 4.27157e-04
 8.47258e-05
 5.00737e-07
 2.16813e-09
 5.93703e-13
 0.00000e+00
 0.00000e+00
 0.00000e+00
 0.00000e+00
 0.00000e+00
 0.00000e+00
 0.00000e+00
 0.00000e+00
 2.27226e-06
 2.07311e-06
 2.23962e-06
 2.27669e-06
 2.32305e-06
 2.53730e-06
 2.46835e-06
 3.14927e-06
 2.97822e-06
 3.11655e-06
 3.60535e-06
 3.44936e-06
 4.09316e-06
 3.78074e-06
 4.21681e-06
 4.80598e-06
 4.57213e-06
 5.37949e-06
 5.49326e-06
 5.83467e-06
 6.62575e-06
 6.65685e-06
 7.57078e-06
 8.27772e-06
 8.57786e-06
 1.02506e-05
 1.08110e-05
 1.21273e-05
 1.47599e-05
 1.56957e-05
 1.86088e-05
 2.50297e-05
 2.74687e-05
 3.10837e-05
 7.15299e-05
 1.85462e-04
 3.53478e-04
 4.79120e-04
 4.24293e-04
 5.26689e-05
 1.78330e-06
 0.00000e+00
 0.00000e+00
 0.00000e+00
 0.00000e+00
 0.00000e+00
 0.00000e+00
 4.28092e-04
 5.27479e-05
 2.47572e-07
 9.95002e-10
 1.81236e-13
 0.00000e+00
 0.00000e+00
 0.00000e+00
 0.00000e+00
 0.00000e+00
 0.00000e+00
 0.00000e+00
 0.00000e+00
 2.39818e-06
 2.46067e-06
 2.25909e-06
 2.47171e-06
 2.57609e-06
 2.51025e-06
 3.08746e-06
 2.97822e-06
 3.04127e-06
 3.76640e-06
 3.24378e-06
 3.82814e-06
 3.95747e-06
 4.10718e-06
 4.81144e-06
 4.50847e-06
 5.13991e-06
 5.61626e-06
 5.53108e-06
 6.45119e-06
 6.59433e-06
 6.96694e-06
 8.12535e-06
 8.15825e-06
 9.20952e-06
 1.06079e-05
 1.08729e-05
 1.29618e-05
 1.52164e-05
 1.57739e-05
 1.98826e-05
 2.63116e-05
 2.69616e-05
 3.27734e-05
 8.41823e-05
 2.13002e-04
 3.86562e-04
 4.98420e-04
 4.03521e-04
 8.66333e-06
 0.00000e+00
 0.00000e+00
 0.00000e+00
 0.00000e+00
 0.00000e+00
 0.00000e+00
 0.00000e+00
 3.93705e-04
 2.83570e-05
 1.15581e-07
 3.88811e-10
 4.44936e-14
 0.00000e+00
 0.00000e+00
 0.00000e+00
 0.00000e+00
 0.00000e+00
 0.00000e+00
 0.00000e+00
 0.00000e+00
 2.62492e-06
 2.45831e-06
 2.65688e-06
 2.68746e-06
 2.64315e-06
 2.96415e-06
 3.00416e-06
 3.11655e-06
 3.76640e-06
 3.18415e-06
 3.68946e-06
 4.24924e-06
 4.06988e-06
 4.68762e-06
 4.61742e-06
 4.88304e-06
 5.60619e-06
 5.36869e-06
 6.12721e-06
 6.64681e-06
 6.50867e-06
 7.68927e-06
 8.14884e-06
 8.32064e-06
 1.00119e-05
 1.06762e-05
 1.12001e-05
 1.40261e-05
 1.53231e-05
 1.60531e-05
 2.16912e-05
 2.72594e-05
 2.59778e-05
 3.59080e-05
 1.01709e-04
 2.46953e-04
 4.23827e-04
 5.15650e-04
 3.70343e-04
 8.62129e-06
 0.00000e+00
 0.00000e+00
 0.00000e+00
 0.00000e+00
 0.00000e+00
 0.00000e+00
 6.86913e-05
 3.23442e-04
 1.27309e-05
 5.05028e-08
 1.26640e-10
 8.91928e-15
 0.00000e+00
 0.00000e+00
 0.00000e+00
 0.00000e+00
 0.00000e+00
 0.00000e+00
 0.00000e+00
 0.00000e+00
 2.73532e-06
 2.91086e-06
 2.69214e-06
 2.90501e-06
 2.88830e-06
 2.96401e-06
 3.30075e-06
 3.60535e-06
 3.24378e-06
 3.68946e-06
 4.36661e-06
 4.04083e-06
 4.51571e-06
 4.63168e-06
 4.75507e-06
 5.56578e-06
 5.39949e-06
 5.79600e-06
 6.62996e-06
 6.33042e-06
 7.18042e-06
 8.18176e-06
 7.97794e-06
 9.06411e-06
 1.06397e-05
 1.04615e-05
 1.21500e-05
 1.49634e-05
 1.51361e-05
 1.69333e-05
 2.39455e-05
 2.76352e-05
 2.45905e-05
 4.18273e-05
 1.25682e-04
 2.88203e-04
 4.64567e-04
 5.28029e-04
 3.19793e-04
 7.98214e-06
 0.00000e+00
 0.00000e+00
 0.00000e+00
 0.00000e+00
 0.00000e+00
 0.00000e+00
 2.69893e-04
 2.29787e-04
 4.66717e-06
 2.04327e-08
 3.35083e-11
 1.59143e-15
 0.00000e+00
 0.00000e+00
 0.00000e+00
 0.00000e+00
 0.00000e+00
 0.00000e+00
 0.00000e+00
 0.00000e+00
 2.96288e-06
 2.78009e-06
 3.11432e-06
 2.94016e-06
 2.90185e-06
 3.44889e-06
 3.39080e-06
 3.44936e-06
 3.82814e-06
 4.24924e-06
 4.04083e-06
 4.47302e-06
 4.63542e-06
 4.73867e-06
 5.47251e-06
 5.45895e-06
 5.57592e-06
 6.59075e-06
 6.39523e-06
 6.68460e-06
 8.09720e-06
 8.02768e-06
 8.26258e-06
 1.02027e-05
 1.05466e-05
 1.06834e-05
 1.36056e-05
 1.53804e-05
 1.48230e-05
 1.86862e-05
 2.63935e-05
 2.68674e-05
 2.33981e-05
 5.21492e-05
 1.58028e-04
 3.37149e-04
 5.06769e-04
 5.31471e-04
 2.43998e-04
 6.81299e-06
 0.00000e+00
 0.00000e+00
 0.00000e+00
 0.00000e+00
 0.00000e+00
 0.00000e+00
 4.14766e-04
 1.36486e-04
 1.42347e-06
 7.40428e-09
 6.97145e-12
 5.32495e-16
 0.00000e+00
 0.00000e+00
 0.00000e+00
 0.00000e+00
 0.00000e+00
 0.00000e+00
 0.00000e+00
 0.00000e+00
 2.97394e-06
 3.26911e-06
 3.08585e-06
 3.06797e-06
 3.49848e-06
 3.28593e-06
 3.70952e-06
 4.09316e-06
 3.95747e-06
 4.06988e-06
 4.51571e-06
 4.63542e-06
 4.73866e-06
 5.45863e-06
 5.44790e-06
 5.46552e-06
 6.46445e-06
 6.50639e-06
 6.43133e-06
 7.86383e-06
 8.22254e-06
 7.75823e-06
 9.47647e-06
 1.07050e-05
 1.01745e-05
 1.17611e-05
 1.50748e-05
 1.49898e-05
 1.50186e-05
 2.16368e-05
 2.83021e-05
 2.45785e-05
 2.32890e-05
 6.93367e-05
 2.00514e-04
 3.93662e-04
 5.48758e-04
 5.19082e-04
 1.34348e-04
 4.85092e-06
 0.00000e+00
 0.00000e+00
 0.00000e+00
 0.00000e+00
 0.00000e+00
 0.00000e+00
 4.53280e-04
 6.50991e-05
 4.05073e-07
 2.25991e-09
 1.09555e-12
 1.21656e-26
 0.00000e+00
 0.00000e+00
 0.00000e+00
 0.00000e+00
 0.00000e+00
 0.00000e+00
 0.00000e+00
 0.00000e+00
 3.46155e-06
 3.38176e-06
 3.42104e-06
 3.47323e-06
 3.36322e-06
 3.86238e-06
 4.21846e-06
 3.78074e-06
 4.10718e-06
 4.68762e-06
 4.63168e-06
 4.73867e-06
 5.45863e-06
 5.43019e-06
 5.45126e-06
 6.42090e-06
 6.59334e-06
 6.25888e-06
 7.52692e-06
 8.41396e-06
 7.62402e-06
 8.67356e-06
 1.06309e-05
 1.03144e-05
 1.03525e-05
 1.37831e-05
 1.56633e-05
 1.40508e-05
 1.66308e-05
 2.54402e-05
 2.87999e-05
 2.07120e-05
 2.65101e-05
 9.62057e-05
 2.54928e-04
 4.56925e-04
 5.86609e-04
 4.82218e-04
 1.05725e-05
 0.00000e+00
 0.00000e+00
 0.00000e+00
 0.00000e+00
 0.00000e+00
 0.00000e+00
 0.00000e+00
 3.83836e-04
 2.37065e-05
 1.17880e-07
 5.31428e-10
 1.25687e-13
 0.00000e+00
 0.00000e+00
 0.00000e+00
 0.00000e+00
 0.00000e+00
 0.00000e+00
 0.00000e+00
 0.00000e+00
 0.00000e+00
 3.46231e-06
 3.65852e-06
 3.54333e-06
 3.53436e-06
 4.01221e-06
 4.22160e-06
 3.76110e-06
 4.21681e-06
 4.81144e-06
 4.61742e-06
 4.75507e-06
 5.47251e-06
 5.44790e-06
 5.45126e-06
 6.42111e-06
 6.61044e-06
 6.20162e-06
 7.27878e-06
 8.45731e-06
 7.69096e-06
 8.05383e-06
 1.03529e-05
 1.07265e-05
 9.70521e-06
 1.21283e-05
 1.56552e-05
 1.48590e-05
 1.36759e-05
 2.02067e-05
 2.91500e-05
 2.64946e-05
 1.62253e-05
 3.62063e-05
 1.36150e-04
 3.22313e-04
 5.25174e-04
 6.13637e-04
 4.09938e-04
 9.61571e-06
 0.00000e+00
 0.00000e+00
 0.00000e+00
 0.00000e+00
 0.00000e+00
 0.00000e+00
 2.81489e-04
 2.49028e-04
 6.31715e-06
 3.30893e-08
 9.41006e-11
 1.09282e-14
 0.00000e+00
 0.00000e+00
 0.00000e+00
 0.00000e+00
 0.00000e+00
 0.00000e+00
 0.00000e+00
 0.00000e+00
 0.00000e+00
 3.86039e-06
 3.87218e-06
 3.92947e-06
 3.98501e-06
 4.07318e-06
 3.97937e-06
 4.49300e-06
 4.80598e-06
 4.50847e-06
 4.88304e-06
 5.56578e-06
 5.45895e-06
 5.46552e-06
 6.42090e-06
 6.61044e-06
 6.17152e-06
 7.13434e-06
 8.48227e-06
 7.86281e-06
 7.69354e-06
 9.90658e-06
 1.10484e-05
 9.63032e-06
 1.07043e-05
 1.48351e-05
 1.59304e-05
 1.31152e-05
 1.53452e-05
 2.56256e-05
 3.08593e-05
 2.08343e-05
 1.33805e-05
 5.71494e-05
 1.92622e-04
 4.02219e-04
 5.93418e-04
 6.19705e-04
 2.85239e-04
 7.80210e-06
 0.00000e+00
 0.00000e+00
 0.00000e+00
 0.00000e+00
 0.00000e+00
 0.00000e+00
 4.60472e-04
 1.19551e-04
 1.29409e-06
 8.43035e-09
 1.20837e-11
 8.53201e-16
 0.00000e+00
 0.00000e+00
 0.00000e+00
 0.00000e+00
 0.00000e+00
 0.00000e+00
 0.00000e+00
 0.00000e+00
 0.00000e+00
 4.04364e-06
 4.31390e-06
 3.98705e-06
 4.03375e-06
 4.41742e-06
 4.67743e-06
 4.70269e-06
 4.57213e-06
 5.13991e-06
 5.60619e-06
 5.39949e-06
 5.57592e-06
 6.46445e-06
 6.59334e-06
 6.20162e-06
 7.13434e-06
 8.47568e-06
 7.97411e-06
 7.50673e-06
 9.51867e-06
 1.12559e-05
 9.84629e-06
 9.69178e-06
 1.36503e-05
 1.65453e-05
 1.40296e-05
 1.25344e-05
 2.03999e-05
 3.10774e-05
 2.83978e-05
 1.24134e-05
 1.68126e-05
 9.47271e-05
 2.68712e-04
 4.93170e-04
 6.55736e-04
 5.88528e-04
 8.60773e-05
 2.87712e-06
 0.00000e+00
 0.00000e+00
 0.00000e+00
 0.00000e+00
 0.00000e+00
 0.00000e+00
 4.37589e-04
 4.01614e-05
 2.59655e-07
 1.74474e-09
 1.06594e-12
 5.44597e-17
 0.00000e+00
 0.00000e+00
 0.00000e+00
 0.00000e+00
 0.00000e+00
 0.00000e+00
 0.00000e+00
 0.00000e+00
 0.00000e+00
 4.38708e-06
 4.33512e-06
 4.07166e-06
 4.83139e-06
 4.89476e-06
 4.60746e-06
 4.77013e-06
 5.37949e-06
 5.61626e-06
 5.36869e-06
 5.79600e-06
 6.59075e-06
 6.50639e-06
 6.25888e-06
 7.27878e-06
 8.48227e-06
 7.97411e-06
 7.48664e-06
 9.25052e-06
 1.12523e-05
 1.01683e-05
 9.21160e-06
 1.24994e-05
 1.66081e-05
 1.52820e-05
 1.16159e-05
 1.56238e-05
 2.78343e-05
 3.33522e-05
 1.99889e-05
 4.52657e-06
 3.37967e-05
 1.54441e-04
 3.64323e-04
 5.90573e-04
 6.99836e-04
 4.96408e-04
 1.20566e-05
 0.00000e+00
 0.00000e+00
 0.00000e+00
 0.00000e+00
 0.00000e+00
 0.00000e+00
 2.80905e-04
 2.74709e-04
 8.88033e-06
 5.47866e-08
 2.44422e-10
 6.23745e-14
 0.00000e+00
 0.00000e+00
 0.00000e+00
 0.00000e+00
 0.00000e+00
 0.00000e+00
 0.00000e+00
 0.00000e+00
 0.00000e+00
 0.00000e+00
 4.70770e-06
 4.79353e-06
 4.88866e-06
 4.91857e-06
 4.77571e-06
 5.23178e-06
 5.51914e-06
 5.49326e-06
 5.53108e-06
 6.12721e-06
 6.62996e-06
 6.39523e-06
 6.43133e-06
 7.52692e-06
 8.45731e-06
 7.86281e-06
 7.50673e-06
 9.25052e-06
 1.12531e-05
 1.03766e-05
 9.04190e-06
 1.16405e-05
 1.63327e-05
 1.63524e-05
 1.18763e-05
 1.23859e-05
 2.33413e-05
 3.44840e-05
 2.86767e-05
 7.04034e-06
 3.94096e-06
 7.28442e-05
 2.41342e-04
 4.77856e-04
 6.85136e-04
 7.05880e-04
 3.12167e-04
 8.49022e-06
 0.00000e+00
 0.00000e+00
 0.00000e+00
 0.00000e+00
 0.00000e+00
 0.00000e+00
 4.88823e-04
 1.13199e-04
 1.37736e-06
 1.07191e-08
 2.30378e-11
 2.83795e-15
 0.00000e+00
 0.00000e+00
 0.00000e+00
 0.00000e+00
 0.00000e+00
 0.00000e+00
 0.00000e+00
 0.00000e+00
 0.00000e+00
 0.00000e+00
 5.30350e-06
 4.92249e-06
 4.99059e-06
 5.26485e-06
 5.54363e-06
 5.66452e-06
 5.50218e-06
 5.83467e-06
 6.45119e-06
 6.64681e-06
 6.33042e-06
 6.68460e-06
 7.86383e-06
 8.41396e-06
 7.69096e-06
 7.69354e-06
 9.51867e-06
 1.12523e-05
 1.03766e-05
 8.96304e-06
 1.11172e-05
 1.60470e-05
 1.70293e-05
 1.25620e-05
 1.06481e-05
 1.92086e-05
 3.29648e-05
 3.47928e-05
 1.53893e-05
 1.93349e-07
 2.20389e-05
 1.41815e-04
 3.56499e-04
 6.03840e-04
 7.62239e-04
 6.39222e-04
 1.49335e-05
 0.00000e+00
 0.00000e+00
 0.00000e+00
 0.00000e+00
 0.00000e+00
 0.00000e+00
 2.51130e-05
 4.03976e-04
 2.87980e-05
 2.12956e-07
 1.67497e-09
 1.36032e-12
 1.75481e-16
 0.00000e+00
 0.00000e+00
 0.00000e+00
 0.00000e+00
 0.00000e+00
 0.00000e+00
 0.00000e+00
 0.00000e+00
 0.00000e+00
 0.00000e+00
 5.30660e-06
 5.42642e-06
 5.77485e-06
 5.77883e-06
 5.71410e-06
 5.81239e-06
 6.25247e-06
 6.62575e-06
 6.59433e-06
 6.50867e-06
 7.18042e-06
 8.09720e-06
 8.22254e-06
 7.62402e-06
 8.05383e-06
 9.90658e-06
 1.12559e-05
 1.01683e-05
 9.04190e-06
 1.11172e-05
 1.59022e-05
 1.75034e-05
 1.30613e-05
 9.70648e-06
 1.61656e-05
 3.06053e-05
 3.78322e-05
 2.39947e-05
 2.77402e-07
 0.00000e+00
 7.10240e-05
 2.47522e-04
 4.96502e-04
 7.29303e-04
 7.93663e-04
 4.51978e-04
 1.07804e-05
 0.00000e+00
 0.00000e+00
 0.00000e+00
 0.00000e+00
 0.00000e+00
 0.00000e+00
 4.51762e-04
 1.91540e-04
 4.34584e-06
 3.45659e-08
 1.60194e-10
 4.89835e-14
 0.00000e+00
 0.00000e+00
 0.00000e+00
 0.00000e+00
 0.00000e+00
 0.00000e+00
 0.00000e+00
 0.00000e+00
 0.00000e+00
 0.00000e+00
 0.00000e+00
 6.23032e-06
 5.95988e-06
 5.98776e-06
 5.96477e-06
 6.31079e-06
 6.66760e-06
 6.73283e-06
 6.65685e-06
 6.96694e-06
 7.68927e-06
 8.18176e-06
 8.02768e-06
 7.75823e-06
 8.67356e-06
 1.03529e-05
 1.10484e-05
 9.84629e-06
 9.21160e-06
 1.16405e-05
 1.60470e-05
 1.75034e-05
 1.34085e-05
 9.33404e-06
 1.44412e-05
 2.84780e-05
 3.88741e-05
 3.06033e-05
 2.88588e-06
 3.03071e-08
 2.47529e-05
 1.61556e-04
 3.90695e-04
 6.52545e-04
 8.31370e-04
 7.31641e-04
 7.84229e-05
 2.30896e-06
 0.00000e+00
 0.00000e+00
 0.00000e+00
 0.00000e+00
 0.00000e+00
 0.00000e+00
 4.69994e-04
 5.17758e-05
 5.10092e-07
 4.93066e-09
 9.13104e-12
 1.33124e-15
 0.00000e+00
 0.00000e+00
 0.00000e+00
 0.00000e+00
 0.00000e+00
 0.00000e+00
 0.00000e+00
 0.00000e+00
 0.00000e+00
 0.00000e+00
 0.00000e+00
 6.25393e-06
 6.41709e-06
 6.64412e-06
 6.88567e-06
 6.90357e-06
 6.82691e-06
 7.05440e-06
 7.57078e-06
 8.12535e-06
 8.14884e-06
 7.97794e-06
 8.26258e-06
 9.47647e-06
 1.06309e-05
 1.07265e-05
 9.63032e-06
 9.69178e-06
 1.24994e-05
 1.63327e-05
 1.70293e-05
 1.30613e-05
 9.33404e-06
 1.37677e-05
 2.75413e-05
 3.91627e-05
 3.43077e-05
 8.76038e-06
 1.13811e-07
 0.00000e+00
 9.95280e-05
 2.99524e-04
 5.63528e-04
 8.04156e-04
 8.68205e-04
 4.97798e-04
 1.26761e-05
 0.00000e+00
 0.00000e+00
 0.00000e+00
 0.00000e+00
 0.00000e+00
 0.00000e+00
 4.37013e-04
 2.33583e-04
 7.48699e-06
 6.64146e-08
 4.68101e-10
 2.89702e-13
 9.07661e-17
 0.00000e+00
 0.00000e+00
 0.00000e+00
 0.00000e+00
 0.00000e+00
 0.00000e+00
 0.00000e+00
 0.00000e+00
 0.00000e+00
 0.00000e+00
 0.00000e+00
 7.19617e-06
 7.31942e-06
 7.04310e-06
 7.15140e-06
 7.34122e-06
 7.77293e-06
 8.16954e-06
 8.27772e-06
 8.15825e-06
 8.32064e-06
 9.06411e-06
 1.02027e-05
 1.07050e-05
 1.03144e-05
 9.70521e-06
 1.07043e-05
 1.36503e-05
 1.66081e-05
 1.63524e-05
 1.25620e-05
 9.70648e-06
 1.44412e-05
 2.75413e-05
 3.91192e-05
 3.62051e-05
 1.26386e-05
 1.77328e-07
 0.00000e+00
 5.83886e-05
 2.29410e-04
 4.80779e-04
 7.48575e-04
 9.13449e-04
 7.63031e-04
 1.93178e-05
 0.00000e+00
 0.00000e+00
 0.00000e+00
 0.00000e+00
 0.00000e+00
 0.00000e+00
 0.00000e+00
 4.85564e-04
 5.95387e-05
 7.24531e-07
 8.05307e-09
 2.37129e-11
 5.85139e-15
 0.00000e+00
 0.00000e+00
 0.00000e+00
 0.00000e+00
 0.00000e+00
 0.00000e+00
 0.00000e+00
 0.00000e+00
 0.00000e+00
 0.00000e+00
 0.00000e+00
 0.00000e+00
 7.66932e-06
 7.72949e-06
 7.95907e-06
 8.24938e-06
 8.40041e-06
 8.39536e-06
 8.41295e-06
 8.57786e-06
 9.20952e-06
 1.00119e-05
 1.06397e-05
 1.05466e-05
 1.01745e-05
 1.03525e-05
 1.21283e-05
 1.48351e-05
 1.65453e-05
 1.52820e-05
 1.18763e-05
 1.06481e-05
 1.61656e-05
 2.84780e-05
 3.91627e-05
 3.62051e-05
 1.41306e-05
 2.02838e-07
 0.00000e+00
 3.38528e-05
 1.81171e-04
 4.14614e-04
 6.88462e-04
 9.10194e-04
 9.10940e-04
 3.95856e-04
 9.90472e-06
 0.00000e+00
 0.00000e+00
 0.00000e+00
 0.00000e+00
 0.00000e+00
 0.00000e+00
 4.85666e-04
 2.19259e-04
 7.36807e-06
 7.67700e-08
 6.68593e-10
 6.11583e-13
 1.75481e-16
 0.00000e+00
 0.00000e+00
 0.00000e+00
 0.00000e+00
 0.00000e+00
 0.00000e+00
 0.00000e+00
 0.00000e+00
 0.00000e+00
 0.00000e+00
 0.00000e+00
 0.00000e+00
 8.73323e-06
 8.73030e-06
 8.69275e-06
 8.70904e-06
 8.81528e-06
 9.13169e-06
 9.64565e-06
 1.02506e-05
 1.06079e-05
 1.06762e-05
 1.04615e-05
 1.06834e-05
 1.17611e-05
 1.37831e-05
 1.56552e-05
 1.59304e-05
 1.40296e-05
 1.16159e-05
 1.23859e-05
 1.92086e-05
 3.06053e-05
 3.88741e-05
 3.43077e-05
 1.26386e-05
 2.02838e-07
 0.00000e+00
 2.24650e-05
 1.53065e-04
 3.69354e-04
 6.38337e-04
 8.87977e-04
 9.80091e-04
 6.62356e-04
 1.93134e-05
 0.00000e+00
 0.00000e+00
 0.00000e+00
 0.00000e+00
 0.00000e+00
 0.00000e+00
 6.35713e-05
 4.47150e-04
 4.52457e-05
 5.99610e-07
 7.67023e-09
 2.68384e-11
 8.95559e-15
 0.00000e+00
 0.00000e+00
 0.00000e+00
 0.00000e+00
 0.00000e+00
 0.00000e+00
 0.00000e+00
 0.00000e+00
 0.00000e+00
 0.00000e+00
 0.00000e+00
 0.00000e+00
 0.00000e+00
 9.38971e-06
 9.72139e-06
 9.68819e-06
 1.00563e-05
 1.03775e-05
 1.06366e-05
 1.08353e-05
 1.08110e-05
 1.08729e-05
 1.12001e-05
 1.21500e-05
 1.36056e-05
 1.50748e-05
 1.56633e-05
 1.48590e-05
 1.31152e-05
 1.25344e-05
 1.56238e-05
 2.33413e-05
 3.29648e-05
 3.78322e-05
 3.06033e-05
 8.76038e-06
 1.77328e-07
 0.00000e+00
 2.24650e-05
 1.43773e-04
 3.46350e-04
 6.05804e-04
 8.63891e-04
 1.00895e-03
 8.26174e-04
 2.27681e-05
 0.00000e+00
 0.00000e+00
 0.00000e+00
 0.00000e+00
 0.00000e+00
 0.00000e+00
 0.00000e+00
 5.45471e-04
 1.52352e-04
 4.19020e-06
 5.31401e-08
 4.89340e-10
 4.98119e-13
 1.40742e-26
 0.00000e+00
 0.00000e+00
 0.00000e+00
 0.00000e+00
 0.00000e+00
 0.00000e+00
 0.00000e+00
 0.00000e+00
 0.00000e+00
 0.00000e+00
 0.00000e+00
 0.00000e+00
 0.00000e+00
 1.10367e-05
 1.10135e-05
 1.09874e-05
 1.12021e-05
 1.11803e-05
 1.13230e-05
 1.16018e-05
 1.21273e-05
 1.29618e-05
 1.40261e-05
 1.49634e-05
 1.53804e-05
 1.49898e-05
 1.40508e-05
 1.36759e-05
 1.53452e-05
 2.03999e-05
 2.78343e-05
 3.44840e-05
 3.47928e-05
 2.39947e-05
 2.88588e-06
 1.13811e-07
 0.00000e+00
 3.38528e-05
 1.53065e-04
 3.46350e-04
 5.94686e-04
 8.49646e-04
 1.01810e-03
 9.17655e-04
 2.45948e-04
 7.06341e-06
 0.00000e+00
 0.00000e+00
 0.00000e+00
 0.00000e+00
 0.00000e+00
 0.00000e+00
 4.06811e-04
 3.25235e-04
 2.12250e-05
 2.94519e-07
 4.24719e-09
 1.33999e-11
 5.14341e-15
 0.00000e+00
 0.00000e+00
 0.00000e+00
 0.00000e+00
 0.00000e+00
 0.00000e+00
 0.00000e+00
 0.00000e+00
 0.00000e+00
 0.00000e+00
 0.00000e+00
 0.00000e+00
 0.00000e+00
 0.00000e+00
 1.22032e-05
 1.20728e-05
 1.24642e-05
 1.26655e-05
 1.30295e-05
 1.35474e-05
 1.41957e-05
 1.47599e-05
 1.52164e-05
 1.53231e-05
 1.51361e-05
 1.48230e-05
 1.50186e-05
 1.66308e-05
 2.02067e-05
 2.56256e-05
 3.10774e-05
 3.33522e-05
 2.86767e-05
 1.53893e-05
 2.77402e-07
 3.03071e-08
 0.00000e+00
 5.83886e-05
 1.81171e-04
 3.69354e-04
 6.05804e-04
 8.49646e-04
 1.01978e-03
 9.57689e-04
 3.84850e-04
 1.43780e-05
 0.00000e+00
 0.00000e+00
 0.00000e+00
 0.00000e+00
 0.00000e+00
 0.00000e+00
 2.75655e-05
 4.91474e-04
 6.82701e-05
 1.38765e-06
 2.20455e-08
 1.74456e-10
 1.55888e-13
 1.78781e-27
 0.00000e+00
 0.00000e+00
 0.00000e+00
 0.00000e+00
 0.00000e+00
 0.00000e+00
 0.00000e+00
 0.00000e+00
 0.00000e+00
 0.00000e+00
 0.00000e+00
 0.00000e+00
 0.00000e+00
 0.00000e+00
 1.45674e-05
 1.49082e-05
 1.50135e-05
 1.50879e-05
 1.53604e-05
 1.55410e-05
 1.56679e-05
 1.56957e-05
 1.57739e-05
 1.60531e-05
 1.69333e-05
 1.86862e-05
 2.16368e-05
 2.54402e-05
 2.91500e-05
 3.08593e-05
 2.83978e-05
 1.99889e-05
 7.04034e-06
 1.93349e-07
 0.00000e+00
 2.47529e-05
 9.95280e-05
 2.29410e-04
 4.14614e-04
 6.38337e-04
 8.63891e-04
 1.01810e-03
 9.57689e-04
 4.29199e-04
 1.68604e-05
 0.00000e+00
 0.00000e+00
 0.00000e+00
 0.00000e+00
 0.00000e+00
 0.00000e+00
 0.00000e+00
 5.63414e-04
 1.51411e-04
 5.38412e-06
 8.74951e-08
 1.24180e-09
 2.71634e-12
 1.41595e-15
 0.00000e+00
 0.00000e+00
 0.00000e+00
 0.00000e+00
 0.00000e+00
 0.00000e+00
 0.00000e+00
 0.00000e+00
 0.00000e+00
 0.00000e+00
 0.00000e+00
 0.00000e+00
 0.00000e+00
 0.00000e+00
 0.00000e+00
 1.64348e-05
 1.67624e-05
 1.64359e-05
 1.66924e-05
 1.69803e-05
 1.72502e-05
 1.77921e-05
 1.86088e-05
 1.98826e-05
 2.16912e-05
 2.39455e-05
 2.63935e-05
 2.83021e-05
 2.87999e-05
 2.64946e-05
 2.08343e-05
 1.24134e-05
 4.52657e-06
 3.94096e-06
 2.20389e-05
 7.10240e-05
 1.61556e-04
 2.99524e-04
 4.80779e-04
 6.88462e-04
 8.87977e-04
 1.00895e-03
 9.17655e-04
 3.84850e-04
 1.68604e-05
 0.00000e+00
 0.00000e+00
 0.00000e+00
 0.00000e+00
 0.00000e+00
 0.00000e+00
 0.00000e+00
 5.38447e-04
 2.56086e-04
 1.57551e-05
 2.84592e-07
 5.25956e-09
 2.61621e-11
 1.79959e-14
 0.00000e+00
 0.00000e+00
 0.00000e+00
 0.00000e+00
 0.00000e+00
 0.00000e+00
 0.00000e+00
 0.00000e+00
 0.00000e+00
 0.00000e+00
 0.00000e+00
 0.00000e+00
 0.00000e+00
 0.00000e+00
 0.00000e+00
 0.00000e+00
 2.03060e-05
 2.01723e-05
 2.05263e-05
 2.12670e-05
 2.19171e-05
 2.27071e-05
 2.38568e-05
 2.50297e-05
 2.63116e-05
 2.72594e-05
 2.76352e-05
 2.68674e-05
 2.45785e-05
 2.07120e-05
 1.62253e-05
 1.33805e-05
 1.68126e-05
 3.37967e-05
 7.28442e-05
 1.41815e-04
 2.47522e-04
 3.90695e-04
 5.63528e-04
 7.48575e-04
 9.10194e-04
 9.80091e-04
 8.26174e-04
 2.45948e-04
 1.43780e-05
 0.00000e+00
 0.00000e+00
 0.00000e+00
 0.00000e+00
 0.00000e+00
 0.00000e+00
 0.00000e+00
 4.45872e-04
 3.56048e-04
 3.41121e-05
 7.63697e-07
 1.57458e-08
 1.49261e-10
 1.94766e-13
 1.51277e-16
 0.00000e+00
 0.00000e+00
 0.00000e+00
 0.00000e+00
 0.00000e+00
 0.00000e+00
 0.00000e+00
 0.00000e+00
 0.00000e+00
 0.00000e+00
 0.00000e+00
 0.00000e+00
 0.00000e+00
 0.00000e+00
 0.00000e+00
 0.00000e+00
 2.61346e-05
 2.60020e-05
 2.68095e-05
 2.70053e-05
 2.71923e-05
 2.74397e-05
 2.76370e-05
 2.74687e-05
 2.69616e-05
 2.59778e-05
 2.45905e-05
 2.33981e-05
 2.32890e-05
 2.65101e-05
 3.62063e-05
 5.71494e-05
 9.47271e-05
 1.54441e-04
 2.41342e-04
 3.56499e-04
 4.96502e-04
 6.52545e-04
 8.04156e-04
 9.13449e-04
 9.10940e-04
 6.62356e-04
 2.27681e-05
 7.06341e-06
 0.00000e+00
 0.00000e+00
 0.00000e+00
 0.00000e+00
 0.00000e+00
 0.00000e+00
 0.00000e+00
 3.45900e-04
 4.31093e-04
 5.73990e-05
 1.65703e-06
 3.67879e-08
 5.49225e-10
 1.31408e-12
 1.00448e-15
 0.00000e+00
 0.00000e+00
 0.00000e+00
 0.00000e+00
 0.00000e+00
 0.00000e+00
 0.00000e+00
 0.00000e+00
 0.00000e+00
 0.00000e+00
 0.00000e+00
 0.00000e+00
 0.00000e+00
 0.00000e+00
 0.00000e+00
 0.00000e+00
 0.00000e+00
 2.97387e-05
 3.03276e-05
 3.03355e-05
 2.98880e-05
 2.98837e-05
 3.00231e-05
 3.04338e-05
 3.10837e-05
 3.27734e-05
 3.59080e-05
 4.18273e-05
 5.21492e-05
 6.93367e-05
 9.62057e-05
 1.36150e-04
 1.92622e-04
 2.68712e-04
 3.64323e-04
 4.77856e-04
 6.03840e-04
 7.29303e-04
 8.31370e-04
 8.68205e-04
 7.63031e-04
 3.95856e-04
 1.93134e-05
 0.00000e+00
 0.00000e+00
 0.00000e+00
 0.00000e+00
 0.00000e+00
 0.00000e+00
 0.00000e+00
 0.00000e+00
 2.81904e-04
 4.73521e-04
 7.90031e-05
 2.88050e-06
 6.93359e-08
 1.41042e-09
 5.61063e-12
 4.99214e-15
 0.00000e+00
 0.00000e+00
 0.00000e+00
 0.00000e+00
 0.00000e+00
 0.00000e+00
 0.00000e+00
 0.00000e+00
 0.00000e+00
 0.00000e+00
 0.00000e+00
 0.00000e+00
 0.00000e+00
 0.00000e+00
 0.00000e+00
 0.00000e+00
 0.00000e+00
 0.00000e+00
 4.56672e-05
 4.68649e-05
 4.69588e-05
 4.88161e-05
 5.18800e-05
 5.63538e-05
 6.26585e-05
 7.15299e-05
 8.41823e-05
 1.01709e-04
 1.25682e-04
 1.58028e-04
 2.00514e-04
 2.54928e-04
 3.22313e-04
 4.02219e-04
 4.93170e-04
 5.90573e-04
 6.85136e-04
 7.62239e-04
 7.93663e-04
 7.31641e-04
 4.97798e-04
 1.93178e-05
 9.90472e-06
 0.00000e+00
 0.00000e+00
 0.00000e+00
 0.00000e+00
 0.00000e+00
 0.00000e+00
 0.00000e+00
 0.00000e+00
 2.81904e-04
 4.86988e-04
 9.19813e-05
 4.00691e-06
 1.06005e-07
 2.63289e-09
 1.58513e-11
 1.91153e-14
 1.33823e-28
 0.00000e+00
 0.00000e+00
 0.00000e+00
 0.00000e+00
 0.00000e+00
 0.00000e+00
 0.00000e+00
 0.00000e+00
 0.00000e+00
 0.00000e+00
 0.00000e+00
 0.00000e+00
 0.00000e+00
 0.00000e+00
 0.00000e+00
 0.00000e+00
 0.00000e+00
 0.00000e+00
 1.11012e-04
 1.12531e-04
 1.16191e-04
 1.23616e-04
 1.33469e-04
 1.46590e-04
 1.63629e-04
 1.85462e-04
 2.13002e-04
 2.46953e-04
 2.88203e-04
 3.37149e-04
 3.93662e-04
 4.56925e-04
 5.25174e-04
 5.93418e-04
 6.55736e-04
 6.99836e-04
 7.05880e-04
 6.39222e-04
 4.51978e-04
 7.84229e-05
 1.26761e-05
 0.00000e+00
 0.00000e+00
 0.00000e+00
 0.00000e+00
 0.00000e+00
 0.00000e+00
 0.00000e+00
 0.00000e+00
 0.00000e+00
 3.45900e-04
 4.73521e-04
 9.19813e-05
 4.47097e-06
 1.30987e-07
 3.73106e-09
 3.08961e-11
 5.12042e-14
 1.81532e-16
 0.00000e+00
 0.00000e+00
 0.00000e+00
 0.00000e+00
 0.00000e+00
 0.00000e+00
 0.00000e+00
 0.00000e+00
 0.00000e+00
 0.00000e+00
 0.00000e+00
 0.00000e+00
 0.00000e+00
 0.00000e+00
 0.00000e+00
 0.00000e+00
 0.00000e+00
 0.00000e+00
 0.00000e+00
 2.42387e-04
 2.45070e-04
 2.53680e-04
 2.65671e-04
 2.81119e-04
 3.00741e-04
 3.24769e-04
 3.53478e-04
 3.86562e-04
 4.23827e-04
 4.64567e-04
 5.06769e-04
 5.48758e-04
 5.86609e-04
 6.13637e-04
 6.19705e-04
 5.88528e-04
 4.96408e-04
 3.12167e-04
 1.49335e-05
 1.07804e-05
 2.30896e-06
 0.00000e+00
 0.00000e+00
 0.00000e+00
 0.00000e+00
 0.00000e+00
 0.00000e+00
 0.00000e+00
 0.00000e+00
 0.00000e+00
 4.45872e-04
 4.31093e-04
 7.90031e-05
 4.00691e-06
 1.30987e-07
 4.18407e-09
 4.27991e-11
 9.19764e-14
 1.45226e-16
 0.00000e+00
 0.00000e+00
 0.00000e+00
 0.00000e+00
 0.00000e+00
 0.00000e+00
 0.00000e+00
 0.00000e+00
 0.00000e+00
 0.00000e+00
 0.00000e+00
 0.00000e+00
 0.00000e+00
 0.00000e+00
 0.00000e+00
 0.00000e+00
 0.00000e+00
 0.00000e+00
 0.00000e+00
 0.00000e+00
 3.88016e-04
 3.92793e-04
 4.01831e-04
 4.12065e-04
 4.25382e-04
 4.41341e-04
 4.59596e-04
 4.79120e-04
 4.98420e-04
 5.15650e-04
 5.28029e-04
 5.31471e-04
 5.19082e-04
 4.82218e-04
 4.09938e-04
 2.85239e-04
 8.60773e-05
 1.20566e-05
 8.49022e-06
 0.00000e+00
 0.00000e+00
 0.00000e+00
 0.00000e+00
 0.00000e+00
 0.00000e+00
 0.00000e+00
 0.00000e+00
 0.00000e+00
 0.00000e+00
 0.00000e+00
 5.38447e-04
 3.56048e-04
 5.73990e-05
 2.88050e-06
 1.06005e-07
 3.73106e-09
 4.27990e-11
 1.11564e-13
 2.96503e-16
 0.00000e+00
 0.00000e+00
 0.00000e+00
 0.00000e+00
 0.00000e+00
 0.00000e+00
 0.00000e+00
 0.00000e+00
 0.00000e+00
 0.00000e+00
 0.00000e+00
 0.00000e+00
 0.00000e+00
 0.00000e+00
 0.00000e+00
 0.00000e+00
 0.00000e+00
 0.00000e+00
 0.00000e+00
 0.00000e+00
 0.00000e+00
 4.34711e-04
 4.39597e-04
 4.41404e-04
 4.42308e-04
 4.42947e-04
 4.41575e-04
 4.35893e-04
 4.24293e-04
 4.03521e-04
 3.70343e-04
 3.19793e-04
 2.43998e-04
 1.34348e-04
 1.05725e-05
 9.61571e-06
 7.80210e-06
 2.87712e-06
 0.00000e+00
 0.00000e+00
 0.00000e+00
 0.00000e+00
 0.00000e+00
 0.00000e+00
 0.00000e+00
 0.00000e+00
 0.00000e+00
 0.00000e+00
 0.00000e+00
 2.75655e-05
 5.63414e-04
 2.56086e-04
 3.41121e-05
 1.65703e-06
 6.93359e-08
 2.63289e-09
 3.08960e-11
 9.19764e-14
 2.66247e-16
 0.00000e+00
 0.00000e+00
 0.00000e+00
 0.00000e+00
 0.00000e+00
 0.00000e+00
 0.00000e+00
 0.00000e+00
 0.00000e+00
 0.00000e+00
 0.00000e+00
 0.00000e+00
 0.00000e+00
 0.00000e+00
 0.00000e+00
 0.00000e+00
 0.00000e+00
 0.00000e+00
 0.00000e+00
 0.00000e+00
 0.00000e+00
 0.00000e+00
 2.44958e-04
 2.43792e-04
 2.31467e-04
 2.14755e-04
 1.90921e-04
 1.57445e-04
 1.12205e-04
 5.26689e-05
 8.66333e-06
 8.62129e-06
 7.98214e-06
 6.81299e-06
 4.85092e-06
 0.00000e+00
 0.00000e+00
 0.00000e+00
 0.00000e+00
 0.00000e+00
 0.00000e+00
 0.00000e+00
 0.00000e+00
 0.00000e+00
 0.00000e+00
 0.00000e+00
 0.00000e+00
 0.00000e+00
 0.00000e+00
 4.06811e-04
 4.91474e-04
 1.51411e-04
 1.57551e-05
 7.63697e-07
 3.67879e-08
 1.41042e-09
 1.58512e-11
 5.12042e-14
 1.75481e-16
 0.00000e+00
 0.00000e+00
 0.00000e+00
 0.00000e+00
 0.00000e+00
 0.00000e+00
 0.00000e+00
 0.00000e+00
 0.00000e+00
 0.00000e+00
 0.00000e+00
 0.00000e+00
 0.00000e+00
 0.00000e+00
 0.00000e+00
 0.00000e+00
 0.00000e+00
 0.00000e+00
 0.00000e+00
 0.00000e+00
 0.00000e+00
 0.00000e+00
 0.00000e+00
 6.42622e-06
 6.44066e-06
 6.24630e-06
 5.97512e-06
 5.57474e-06
 4.98254e-06
 4.12123e-06
 1.78330e-06
 0.00000e+00
 0.00000e+00
 0.00000e+00
 0.00000e+00
 0.00000e+00
 0.00000e+00
 0.00000e+00
 0.00000e+00
 0.00000e+00
 0.00000e+00
 0.00000e+00
 0.00000e+00
 0.00000e+00
 0.00000e+00
 0.00000e+00
 0.00000e+00
 0.00000e+00
 6.35713e-05
 5.45471e-04
 3.25235e-04
 6.82701e-05
 5.38412e-06
 2.84592e-07
 1.57458e-08
 5.49225e-10
 5.61060e-12
 1.90911e-14
 9.07661e-17
 0.00000e+00
 0.00000e+00
 0.00000e+00
 0.00000e+00
 0.00000e+00
 0.00000e+00
 0.00000e+00
 0.00000e+00
 0.00000e+00
 0.00000e+00
 0.00000e+00
 0.00000e+00
 0.00000e+00
 0.00000e+00
 0.00000e+00
 0.00000e+00
 0.00000e+00
 0.00000e+00
 0.00000e+00
 0.00000e+00
 0.00000e+00
 0.00000e+00
 0.00000e+00
 0.00000e+00
 0.00000e+00
 0.00000e+00
 0.00000e+00
 0.00000e+00
 0.00000e+00
 0.00000e+00
 0.00000e+00
 0.00000e+00
 0.00000e+00
 0.00000e+00
 0.00000e+00
 0.00000e+00
 0.00000e+00
 0.00000e+00
 0.00000e+00
 0.00000e+00
 0.00000e+00
 0.00000e+00
 0.00000e+00
 0.00000e+00
 0.00000e+00
 0.00000e+00
 0.00000e+00
 0.00000e+00
 4.85666e-04
 4.47150e-04
 1.52352e-04
 2.12250e-05
 1.38765e-06
 8.74951e-08
 5.25956e-09
 1.49261e-10
 1.31402e-12
 5.02239e-15
 1.33857e-28
 0.00000e+00
 0.00000e+00
 0.00000e+00
 0.00000e+00
 0.00000e+00
 0.00000e+00
 0.00000e+00
 0.00000e+00
 0.00000e+00
 0.00000e+00
 0.00000e+00
 0.00000e+00
 0.00000e+00
 0.00000e+00
 0.00000e+00
 0.00000e+00
 0.00000e+00
 0.00000e+00
 0.00000e+00
 0.00000e+00
 0.00000e+00
 0.00000e+00
 0.00000e+00
 0.00000e+00
 0.00000e+00
 0.00000e+00
 0.00000e+00
 0.00000e+00
 0.00000e+00
 0.00000e+00
 0.00000e+00
 0.00000e+00
 0.00000e+00
 0.00000e+00
 0.00000e+00
 0.00000e+00
 0.00000e+00
 0.00000e+00
 0.00000e+00
 0.00000e+00
 0.00000e+00
 0.00000e+00
 0.00000e+00
 0.00000e+00
 0.00000e+00
 0.00000e+00
 0.00000e+00
 4.37013e-04
 4.85564e-04
 2.19259e-04
 4.52457e-05
 4.19020e-06
 2.94519e-07
 2.20455e-08
 1.24180e-09
 2.61620e-11
 1.94917e-13
 9.43968e-16
 0.00000e+00
 0.00000e+00
 0.00000e+00
 0.00000e+00
 0.00000e+00
 0.00000e+00
 0.00000e+00
 0.00000e+00
 0.00000e+00
 0.00000e+00
 0.00000e+00
 0.00000e+00
 0.00000e+00
 0.00000e+00
 0.00000e+00
 0.00000e+00
 0.00000e+00
 0.00000e+00
 0.00000e+00
 0.00000e+00
 0.00000e+00
 0.00000e+00
 0.00000e+00
 0.00000e+00
 0.00000e+00
 0.00000e+00
 0.00000e+00
 0.00000e+00
 0.00000e+00
 0.00000e+00
 0.00000e+00
 0.00000e+00
 0.00000e+00
 0.00000e+00
 0.00000e+00
 0.00000e+00
 0.00000e+00
 0.00000e+00
 0.00000e+00
 0.00000e+00
 0.00000e+00
 0.00000e+00
 0.00000e+00
 0.00000e+00
 0.00000e+00
 0.00000e+00
 2.51130e-05
 4.51762e-04
 4.69994e-04
 2.33583e-04
 5.95387e-05
 7.36807e-06
 5.99610e-07
 5.31401e-08
 4.24719e-09
 1.74456e-10
 2.71636e-12
 1.80806e-14
 1.21021e-16
 0.00000e+00
 0.00000e+00
 0.00000e+00
 0.00000e+00
 0.00000e+00
 0.00000e+00
 0.00000e+00
 0.00000e+00
 0.00000e+00
 0.00000e+00
 0.00000e+00
 0.00000e+00
 0.00000e+00
 0.00000e+00
 0.00000e+00
 0.00000e+00
 0.00000e+00
 0.00000e+00
 0.00000e+00
 0.00000e+00
 0.00000e+00
 0.00000e+00
 0.00000e+00
 0.00000e+00
 0.00000e+00
 0.00000e+00
 0.00000e+00
 0.00000e+00
 0.00000e+00
 0.00000e+00
 0.00000e+00
 0.00000e+00
 0.00000e+00
 0.00000e+00
 0.00000e+00
 0.00000e+00
 0.00000e+00
 0.00000e+00
 0.00000e+00
 0.00000e+00
 0.00000e+00
 0.00000e+00
 0.00000e+00
 0.00000e+00
 0.00000e+00
 2.80905e-04
 4.88823e-04
 4.03976e-04
 1.91540e-04
 5.17758e-05
 7.48699e-06
 7.24531e-07
 7.67700e-08
 7.67023e-09
 4.89340e-10
 1.34000e-11
 1.55797e-13
 1.36149e-15
 0.00000e+00
 0.00000e+00
 0.00000e+00
 0.00000e+00
 0.00000e+00
 0.00000e+00
 0.00000e+00
 0.00000e+00
 0.00000e+00
 0.00000e+00
 0.00000e+00
 0.00000e+00
 0.00000e+00
 0.00000e+00
 0.00000e+00
 0.00000e+00
 0.00000e+00
 0.00000e+00
 0.00000e+00
 0.00000e+00
 0.00000e+00
 0.00000e+00
 0.00000e+00
 0.00000e+00
 0.00000e+00
 0.00000e+00
 0.00000e+00
 0.00000e+00
 0.00000e+00
 0.00000e+00
 0.00000e+00
 0.00000e+00
 0.00000e+00
 0.00000e+00
 0.00000e+00
 0.00000e+00
 0.00000e+00
 0.00000e+00
 0.00000e+00
 0.00000e+00
 0.00000e+00
 0.00000e+00
 0.00000e+00
 0.00000e+00
 2.81489e-04
 4.60472e-04
 4.37589e-04
 2.74709e-04
 1.13199e-04
 2.87980e-05
 4.34584e-06
 5.10092e-07
 6.64146e-08
 8.05307e-09
 6.68593e-10
 2.68385e-11
 4.98210e-13
 5.19787e-15
 1.78740e-27
 0.00000e+00
 0.00000e+00
 0.00000e+00
 0.00000e+00
 0.00000e+00
 0.00000e+00
 0.00000e+00
 0.00000e+00
 0.00000e+00
 0.00000e+00
 0.00000e+00
 0.00000e+00
 0.00000e+00
 0.00000e+00
 0.00000e+00
 0.00000e+00
 0.00000e+00
 0.00000e+00
 0.00000e+00
 0.00000e+00
 0.00000e+00
 0.00000e+00
 0.00000e+00
 0.00000e+00
 0.00000e+00
 0.00000e+00
 0.00000e+00
 0.00000e+00
 0.00000e+00
 0.00000e+00
 0.00000e+00
 0.00000e+00
 0.00000e+00
 0.00000e+00
 0.00000e+00
 0.00000e+00
 0.00000e+00
 0.00000e+00
 0.00000e+00
 0.00000e+00
 6.86913e-05
 2.69893e-04
 4.14766e-04
 4.53280e-04
 3.83836e-04
 2.49028e-04
 1.19551e-04
 4.01614e-05
 8.88033e-06
 1.37736e-06
 2.12956e-07
 3.45659e-08
 4.93066e-09
 4.68101e-10
 2.37129e-11
 6.11547e-13
 8.92533e-15
 6.05107e-17
 0.00000e+00
 0.00000e+00
 0.00000e+00
 0.00000e+00
 0.00000e+00
 0.00000e+00
 0.00000e+00
 0.00000e+00
 0.00000e+00
 0.00000e+00
 0.00000e+00
 0.00000e+00
 0.00000e+00
 0.00000e+00
 0.00000e+00
 0.00000e+00
 0.00000e+00
 0.00000e+00
 0.00000e+00
 0.00000e+00
 0.00000e+00
 0.00000e+00
 0.00000e+00
 0.00000e+00
 0.00000e+00
 0.00000e+00
 0.00000e+00
 0.00000e+00
 0.00000e+00
 0.00000e+00
 0.00000e+00
 0.00000e+00
 0.00000e+00
 2.05236e-04
 2.22403e-04
 2.55762e-04
 3.02450e-04
 3.54267e-04
 3.99246e-04
 4.27157e-04
 4.28092e-04
 3.93705e-04
 3.23442e-04
 2.29787e-04
 1.36486e-04
 6.50991e-05
 2.37065e-05
 6.31715e-06
 1.29409e-06
 2.59655e-07
 5.47866e-08
 1.07191e-08
 1.67497e-09
 1.60194e-10
 9.13096e-12
 2.89762e-13
 5.76062e-15
 9.07661e-17
 0.00000e+00
 0.00000e+00
 0.00000e+00
 0.00000e+00
 0.00000e+00
 0.00000e+00
 0.00000e+00
 0.00000e+00
 0.00000e+00
 0.00000e+00
 0.00000e+00
 0.00000e+00
 0.00000e+00
 0.00000e+00
 0.00000e+00
 0.00000e+00
 0.00000e+00
 0.00000e+00
 0.00000e+00
 0.00000e+00
 0.00000e+00
 0.00000e+00
 0.00000e+00
 0.00000e+00
 0.00000e+00
 0.00000e+00
 0.00000e+00
 0.00000e+00
 0.00000e+00
 0.00000e+00
 0.00000e+00
 0.00000e+00
 0.00000e+00
 0.00000e+00
 0.00000e+00
 2.39309e-04
 2.31123e-04
 2.14286e-04
 1.89110e-04
 1.57070e-04
 1.20948e-04
 8.47258e-05
 5.27479e-05
 2.83570e-05
 1.27309e-05
 4.66717e-06
 1.42347e-06
 4.05073e-07
 1.17880e-07
 3.30893e-08
 8.43035e-09
 1.74474e-09
 2.44422e-10
 2.30378e-11
 1.36032e-12
 4.89895e-14
 1.36149e-15
 1.14970e-16
 0.00000e+00
 0.00000e+00
 0.00000e+00
 0.00000e+00
 0.00000e+00
 0.00000e+00
 0.00000e+00
 0.00000e+00
 0.00000e+00
 0.00000e+00
 0.00000e+00
 0.00000e+00
 0.00000e+00
 0.00000e+00
 0.00000e+00
 0.00000e+00
 0.00000e+00
 0.00000e+00
 0.00000e+00
 0.00000e+00
 0.00000e+00
 0.00000e+00
 0.00000e+00
 0.00000e+00
 0.00000e+00
 0.00000e+00
 0.00000e+00
 0.00000e+00
 0.00000e+00
 0.00000e+00
 0.00000e+00
 0.00000e+00
 0.00000e+00
 0.00000e+00
 0.00000e+00
 0.00000e+00
 0.00000e+00
 4.76590e-06
 4.30599e-06
 3.50723e-06
 2.54796e-06
 1.64398e-06
 9.49690e-07
 5.00737e-07
 2.47572e-07
 1.15581e-07
 5.05028e-08
 2.04327e-08
 7.40428e-09
 2.25991e-09
 5.31428e-10
 9.41006e-11
 1.20838e-11
 1.06594e-12
 6.23140e-14
 2.83795e-15
 1.21021e-16
 0.00000e+00
 0.00000e+00
 0.00000e+00
 0.00000e+00
 0.00000e+00
 0.00000e+00
 0.00000e+00
 0.00000e+00
 0.00000e+00
 0.00000e+00
 0.00000e+00
 0.00000e+00
 0.00000e+00
 0.00000e+00
 0.00000e+00
 0.00000e+00
 0.00000e+00
 0.00000e+00
 0.00000e+00
 0.00000e+00
 0.00000e+00
 0.00000e+00
 0.00000e+00
 0.00000e+00
 0.00000e+00
 0.00000e+00
 0.00000e+00
 0.00000e+00
 0.00000e+00
 0.00000e+00
 0.00000e+00
 0.00000e+00
 0.00000e+00
 0.00000e+00
 0.00000e+00
 0.00000e+00
 0.00000e+00
 0.00000e+00
 0.00000e+00
 0.00000e+00
 1.61888e-08
 1.48245e-08
 1.24025e-08
 9.44622e-09
 6.52063e-09
 4.02893e-09
 2.16813e-09
 9.95002e-10
 3.88811e-10
 1.26640e-10
 3.35084e-11
 6.97151e-12
 1.09552e-12
 1.25693e-13
 1.09282e-14
 8.28997e-16
 6.05107e-17
 0.00000e+00
 0.00000e+00
 0.00000e+00
 0.00000e+00
 0.00000e+00
 0.00000e+00
 0.00000e+00
 0.00000e+00
 0.00000e+00
 0.00000e+00
 0.00000e+00
 0.00000e+00
 0.00000e+00
 0.00000e+00
 0.00000e+00
 0.00000e+00
 0.00000e+00
 0.00000e+00
 0.00000e+00
 0.00000e+00
 0.00000e+00
 0.00000e+00
 0.00000e+00
 0.00000e+00
 0.00000e+00
 0.00000e+00
 0.00000e+00
 0.00000e+00
 0.00000e+00
 0.00000e+00
 0.00000e+00
 0.00000e+00
 0.00000e+00
 0.00000e+00
 0.00000e+00
 0.00000e+00
 0.00000e+00
 0.00000e+00
 0.00000e+00
 0.00000e+00
 0.00000e+00
 0.00000e+00
 0.00000e+00
 1.48658e-11
 1.29290e-11
 9.73350e-12
 6.28843e-12
 3.44526e-12
 1.57695e-12
 5.93763e-13
 1.81296e-13
 4.45541e-14
 8.92534e-15
 1.53697e-15
 5.86954e-16
 1.21654e-26
 0.00000e+00
 0.00000e+00
 0.00000e+00
 0.00000e+00
 0.00000e+00
 0.00000e+00
 0.00000e+00
 0.00000e+00
 0.00000e+00
 0.00000e+00
 0.00000e+00
 0.00000e+00
 0.00000e+00
 0.00000e+00
 0.00000e+00
 0.00000e+00
 0.00000e+00
 0.00000e+00
 0.00000e+00
 0.00000e+00
 0.00000e+00
 0.00000e+00
 0.00000e+00
 0.00000e+00
 0.00000e+00
 0.00000e+00
 0.00000e+00
 0.00000e+00
 0.00000e+00
 0.00000e+00
 0.00000e+00
 0.00000e+00
 0.00000e+00
 0.00000e+00
 0.00000e+00
 0.00000e+00
 0.00000e+00
 0.00000e+00
 0.00000e+00
 0.00000e+00
 0.00000e+00
 0.00000e+00
 0.00000e+00
 0.00000e+00
 0.00000e+00
 0.00000e+00
 0.00000e+00
 3.57013e-16
 1.75481e-16
 1.21021e-16
 1.39631e-25
 3.82500e-26
 0.00000e+00
 0.00000e+00
 0.00000e+00
 0.00000e+00
 0.00000e+00
 0.00000e+00
 0.00000e+00
 0.00000e+00
 0.00000e+00
 0.00000e+00
 0.00000e+00
 0.00000e+00
 0.00000e+00
 0.00000e+00
 0.00000e+00
 0.00000e+00
 0.00000e+00
 0.00000e+00
 0.00000e+00
 0.00000e+00
 0.00000e+00
 0.00000e+00
 0.00000e+00
 0.00000e+00
 0.00000e+00
 0.00000e+00
 0.00000e+00
 0.00000e+00
 0.00000e+00
 0.00000e+00
 0.00000e+00
 0.00000e+00
 0.00000e+00
 0.00000e+00
 0.00000e+00
 0.00000e+00
 0.00000e+00
 0.00000e+00
 0.00000e+00
 0.00000e+00
 0.00000e+00
 0.00000e+00
 0.00000e+00
 0.00000e+00
 0.00000e+00
 0.00000e+00
 0.00000e+00
 0.00000e+00
 0.00000e+00
 0.00000e+00
 0.00000e+00
 0.00000e+00
 0.00000e+00
 0.00000e+00
 0.00000e+00
 0.00000e+00
 0.00000e+00
 0.00000e+00
 0.00000e+00
 0.00000e+00
 0.00000e+00
 0.00000e+00
 0.00000e+00
 0.00000e+00
 0.00000e+00
 0.00000e+00
 0.00000e+00
 0.00000e+00
 0.00000e+00
 0.00000e+00
 0.00000e+00
 0.00000e+00
 0.00000e+00
 0.00000e+00
 0.00000e+00
 0.00000e+00
 0.00000e+00
 0.00000e+00
 0.00000e+00
 0.00000e+00
 0.00000e+00
 0.00000e+00
 0.00000e+00
 0.00000e+00
 0.00000e+00
 0.00000e+00
 0.00000e+00
 0.00000e+00
 0.00000e+00
 0.00000e+00
 0.00000e+00
 0.00000e+00
 0.00000e+00
 0.00000e+00
 0.00000e+00
 0.00000e+00
 0.00000e+00
 0.00000e+00
 0.00000e+00
 0.00000e+00
 0.00000e+00
 0.00000e+00
 0.00000e+00
 0.00000e+00
 0.00000e+00
 0.00000e+00
 0.00000e+00
 0.00000e+00
 0.00000e+00
 0.00000e+00
 0.00000e+00
 0.00000e+00
 0.00000e+00
 0.00000e+00
 0.00000e+00
 0.00000e+00
 0.00000e+00
 0.00000e+00
 0.00000e+00
 0.00000e+00
 0.00000e+00
 0.00000e+00
 0.00000e+00
 0.00000e+00
 0.00000e+00
 0.00000e+00
 0.00000e+00
 0.00000e+00
 0.00000e+00
 0.00000e+00
 0.00000e+00
 0.00000e+00
 0.00000e+00
 0.00000e+00
 0.00000e+00
 0.00000e+00
 0.00000e+00
 0.00000e+00
 0.00000e+00
 0.00000e+00
 0.00000e+00
 0.00000e+00
 0.00000e+00
 0.00000e+00
 0.00000e+00
 0.00000e+00
 0.00000e+00
 0.00000e+00
 0.00000e+00
 0.00000e+00
 0.00000e+00
 0.00000e+00
 0.00000e+00
 0.00000e+00
 0.00000e+00
 0.00000e+00
 0.00000e+00
 0.00000e+00
 0.00000e+00
 0.00000e+00
 0.00000e+00
 0.00000e+00
 0.00000e+00
 0.00000e+00
 0.00000e+00
 0.00000e+00
 0.00000e+00
 0.00000e+00
 0.00000e+00
 0.00000e+00
 0.00000e+00
 0.00000e+00
 0.00000e+00
 0.00000e+00
 0.00000e+00
 0.00000e+00
 0.00000e+00
 0.00000e+00
 0.00000e+00
 0.00000e+00
 0.00000e+00
 0.00000e+00
 0.00000e+00
 0.00000e+00
 0.00000e+00
 0.00000e+00
 0.00000e+00
 0.00000e+00
 0.00000e+00
 0.00000e+00
 0.00000e+00
 0.00000e+00
 0.00000e+00
 0.00000e+00
 0.00000e+00
 0.00000e+00
 0.00000e+00
 0.00000e+00
 0.00000e+00
 0.00000e+00
 0.00000e+00
 0.00000e+00
 0.00000e+00
 0.00000e+00
 0.00000e+00
 0.00000e+00
 0.00000e+00
 0.00000e+00
 0.00000e+00
 0.00000e+00
 0.00000e+00
 0.00000e+00
 0.00000e+00
 0.00000e+00
 0.00000e+00
 0.00000e+00
 0.00000e+00
 0.00000e+00
 0.00000e+00
 0.00000e+00
 0.00000e+00
 0.00000e+00
 0.00000e+00
 0.00000e+00
 0.00000e+00
 0.00000e+00
 0.00000e+00
 0.00000e+00
 0.00000e+00
 0.00000e+00
 0.00000e+00
 0.00000e+00
 0.00000e+00
 0.00000e+00
 0.00000e+00
 0.00000e+00
 0.00000e+00
 0.00000e+00
 0.00000e+00
 0.00000e+00
 0.00000e+00
 0.00000e+00
 0.00000e+00
 0.00000e+00
 0.00000e+00
 0.00000e+00
 0.00000e+00
 0.00000e+00
 0.00000e+00
 0.00000e+00
 0.00000e+00
 0.00000e+00
 0.00000e+00
 0.00000e+00
 0.00000e+00
 0.00000e+00
 0.00000e+00
 0.00000e+00
 0.00000e+00
 0.00000e+00
 0.00000e+00
 0.00000e+00
 0.00000e+00
 0.00000e+00
 0.00000e+00
 0.00000e+00
 0.00000e+00
 0.00000e+00
 0.00000e+00
 0.00000e+00
 0.00000e+00
 0.00000e+00
 0.00000e+00
 0.00000e+00
 0.00000e+00
 0.00000e+00
 0.00000e+00
 0.00000e+00
 0.00000e+00
 0.00000e+00
 0.00000e+00
 0.00000e+00
 0.00000e+00
 0.00000e+00
 0.00000e+00
 0.00000e+00
 0.00000e+00
 0.00000e+00
 0.00000e+00
 0.00000e+00
 0.00000e+00
 0.00000e+00
 0.00000e+00
 0.00000e+00
 0.00000e+00
 0.00000e+00
 0.00000e+00
 0.00000e+00
 0.00000e+00
 0.00000e+00
 0.00000e+00
 0.00000e+00
 0.00000e+00
 0.00000e+00
 0.00000e+00
 0.00000e+00
 0.00000e+00
 0.00000e+00
 0.00000e+00
 0.00000e+00
 0.00000e+00
 0.00000e+00
 0.00000e+00
 0.00000e+00
 0.00000e+00
 0.00000e+00
 0.00000e+00
 0.00000e+00
 0.00000e+00
 0.00000e+00
 0.00000e+00
 0.00000e+00
 0.00000e+00
 0.00000e+00
 0.00000e+00
 0.00000e+00
 0.00000e+00
 0.00000e+00
 0.00000e+00
 0.00000e+00
 0.00000e+00
 0.00000e+00
 0.00000e+00
 0.00000e+00
 0.00000e+00
 0.00000e+00
 0.00000e+00
 0.00000e+00
 0.00000e+00
 0.00000e+00
 0.00000e+00
 0.00000e+00
 0.00000e+00
 0.00000e+00
 0.00000e+00
 0.00000e+00
 0.00000e+00
 0.00000e+00
 0.00000e+00
 0.00000e+00
 0.00000e+00
 0.00000e+00
 0.00000e+00
 0.00000e+00
 0.00000e+00
 0.00000e+00
 0.00000e+00
 0.00000e+00
 0.00000e+00
 0.00000e+00
 0.00000e+00
 0.00000e+00
 0.00000e+00
 0.00000e+00
 0.00000e+00
 0.00000e+00
 0.00000e+00
 0.00000e+00
 0.00000e+00
 0.00000e+00
 0.00000e+00
 0.00000e+00
 0.00000e+00
 0.00000e+00
 0.00000e+00
 0.00000e+00
 0.00000e+00
 0.00000e+00
 0.00000e+00
 0.00000e+00
 0.00000e+00
 0.00000e+00
 0.00000e+00
 0.00000e+00
 0.00000e+00
 0.00000e+00
 0.00000e+00
 0.00000e+00
 0.00000e+00
 0.00000e+00
 0.00000e+00
 0.00000e+00
 0.00000e+00
 0.00000e+00
 0.00000e+00
 0.00000e+00
 0.00000e+00
 0.00000e+00
 0.00000e+00
 0.00000e+00
 0.00000e+00
 0.00000e+00
 0.00000e+00
 0.00000e+00
 0.00000e+00
 0.00000e+00
 0.00000e+00
 0.00000e+00
 0.00000e+00
 0.00000e+00
 0.00000e+00
 0.00000e+00
 0.00000e+00
 0.00000e+00
 0.00000e+00
 0.00000e+00
 0.00000e+00
 0.00000e+00
 0.00000e+00
 0.00000e+00
 0.00000e+00
 0.00000e+00
 0.00000e+00
 0.00000e+00
 0.00000e+00
 0.00000e+00
 0.00000e+00
 0.00000e+00
 0.00000e+00
 0.00000e+00
 0.00000e+00
 0.00000e+00
 0.00000e+00
 0.00000e+00
 0.00000e+00
 0.00000e+00
 0.00000e+00
 0.00000e+00
 0.00000e+00
 0.00000e+00
 0.00000e+00
 0.00000e+00
 0.00000e+00
 0.00000e+00
 0.00000e+00
 0.00000e+00
 0.00000e+00
 0.00000e+00
 0.00000e+00
 0.00000e+00
 0.00000e+00
 0.00000e+00
 0.00000e+00
 0.00000e+00
 0.00000e+00
 0.00000e+00
 0.00000e+00
 0.00000e+00
 0.00000e+00
 0.00000e+00
 0.00000e+00
 0.00000e+00
 0.00000e+00
 0.00000e+00
 0.00000e+00
 0.00000e+00
 0.00000e+00
 0.00000e+00
 0.00000e+00
 0.00000e+00
 0.00000e+00
 0.00000e+00
 0.00000e+00
 0.00000e+00
 0.00000e+00
