PseudoViscosity
part
         1
quad4
 2.63349e-06
 3.17590e-06
 2.93637e-06
 3.45576e-06
 3.26001e-06
 4.11652e-06
 4.34501e-06
 5.62700e-06
 5.85953e-06
 5.96545e-06
 4.51338e-06
 8.31311e-06
 6.88115e-06
 7.55770e-06
 8.01856e-06
 1.04061e-05
 8.63168e-06
 1.34258e-05
 1.12459e-05
 1.51616e-05
 1.48877e-05
 1.91728e-05
 1.94054e-05
 2.61611e-05
 2.71039e-05
 4.09852e-05
 4.63242e-05
 6.05255e-05
 1.80622e-04
 4.15726e-04
 5.86464e-04
 4.53501e-04
 1.11104e-05
 0.00000e+00
 0.00000e+00
 0.00000e+00
 0.00000e+00
 0.00000e+00
 0.00000e+00
 4.22771e-04
 2.12571e-04
 2.25808e-06
 7.57265e-09
 3.52855e-12
 3.91747e-26
 0.00000e+00
 0.00000e+00
 0.00000e+00
 0.00000e+00
 0.00000e+00
 0.00000e+00
 0.00000e+00
 0.00000e+00
 0.00000e+00
 0.00000e+00
 0.00000e+00
 0.00000e+00
 0.00000e+00
 0.00000e+00
 0.00000e+00
 3.17590e-06
 3.44857e-06
 3.47793e-06
 2.87016e-06
 4.04567e-06
 3.48210e-06
 5.15032e-06
 4.60706e-06
 6.09481e-06
 4.76068e-06
 6.62800e-06
 6.67019e-06
 7.19968e-06
 6.84213e-06
 1.04327e-05
 8.19869e-06
 1.00400e-05
 1.10490e-05
 1.14133e-05
 1.44994e-05
 1.54895e-05
 1.82590e-05
 2.08361e-05
 2.66101e-05
 2.61958e-05
 4.18082e-05
 4.79168e-05
 6.12398e-05
 1.83279e-04
 4.24676e-04
 5.98762e-04
 4.56916e-04
 1.13775e-05
 0.00000e+00
 0.00000e+00
 0.00000e+00
 0.00000e+00
 0.00000e+00
 0.00000e+00
 4.41964e-04
 2.00694e-04
 1.97351e-06
 6.76185e-09
 2.93274e-12
 1.14748e-16
 0.00000e+00
 0.00000e+00
 0.00000e+00
 0.00000e+00
 0.00000e+00
 0.00000e+00
 0.00000e+00
 0.00000e+00
 0.00000e+00
 0.00000e+00
 0.00000e+00
 0.00000e+00
 0.00000e+00
 0.00000e+00
 0.00000e+00
 2.93637e-06
 3.47793e-06
 3.08349e-06
 3.42663e-06
 3.03751e-06
 4.32100e-06
 3.79119e-06
 5.17438e-06
 4.96571e-06
 5.70996e-06
 5.45806e-06
 7.48561e-06
 7.47898e-06
 7.65966e-06
 9.73699e-06
 7.38630e-06
 1.15902e-05
 1.05060e-05
 1.40175e-05
 1.33012e-05
 1.69240e-05
 1.79233e-05
 2.14526e-05
 2.55407e-05
 2.73085e-05
 4.40887e-05
 4.61287e-05
 6.11807e-05
 1.95399e-04
 4.45260e-04
 6.09678e-04
 4.42872e-04
 1.13302e-05
 0.00000e+00
 0.00000e+00
 0.00000e+00
 0.00000e+00
 0.00000e+00
 0.00000e+00
 4.76660e-04
 1.77307e-04
 1.50048e-06
 5.35338e-09
 2.01148e-12
 1.11660e-26
 0.00000e+00
 0.00000e+00
 0.00000e+00
 0.00000e+00
 0.00000e+00
 0.00000e+00
 0.00000e+00
 0.00000e+00
 0.00000e+00
 0.00000e+00
 0.00000e+00
 0.00000e+00
 0.00000e+00
 0.00000e+00
 0.00000e+00
 3.45576e-06
 2.87016e-06
 3.42663e-06
 3.24516e-06
 4.33136e-06
 4.20790e-06
 4.86194e-06
 5.05415e-06
 5.02064e-06
 5.62059e-06
 7.23407e-06
 8.15907e-06
 5.79951e-06
 9.40009e-06
 8.04563e-06
 9.89795e-06
 1.14480e-05
 1.10739e-05
 1.44563e-05
 1.32095e-05
 1.83829e-05
 1.73727e-05
 2.31547e-05
 2.56680e-05
 2.88626e-05
 4.52965e-05
 4.43965e-05
 6.56194e-05
 2.14719e-04
 4.70637e-04
 6.21197e-04
 4.23999e-04
 1.11090e-05
 0.00000e+00
 0.00000e+00
 0.00000e+00
 0.00000e+00
 0.00000e+00
 0.00000e+00
 5.19104e-04
 1.44470e-04
 9.92352e-07
 3.69943e-09
 1.12451e-12
 0.00000e+00
 0.00000e+00
 0.00000e+00
 0.00000e+00
 0.00000e+00
 0.00000e+00
 0.00000e+00
 0.00000e+00
 0.00000e+00
 0.00000e+00
 0.00000e+00
 0.00000e+00
 0.00000e+00
 0.00000e+00
 0.00000e+00
 0.00000e+00
 3.26001e-06
 4.04567e-06
 3.03751e-06
 4.33136e-06
 4.50625e-06
 4.87917e-06
 5.23263e-06
 4.70994e-06
 6.39258e-06
 6.75925e-06
 7.65895e-06
 4.99354e-06
 8.44867e-06
 9.17727e-06
 8.02325e-06
 1.16060e-05
 9.88874e-06
 1.29003e-05
 1.30969e-05
 1.42044e-05
 1.82593e-05
 1.70645e-05
 2.48690e-05
 2.45707e-05
 3.07606e-05
 4.67934e-05
 4.25372e-05
 7.25990e-05
 2.40943e-04
 5.04260e-04
 6.35209e-04
 3.95239e-04
 1.07293e-05
 0.00000e+00
 0.00000e+00
 0.00000e+00
 0.00000e+00
 0.00000e+00
 0.00000e+00
 5.52675e-04
 1.06531e-04
 5.76077e-07
 2.19161e-09
 5.05002e-13
 0.00000e+00
 0.00000e+00
 0.00000e+00
 0.00000e+00
 0.00000e+00
 0.00000e+00
 0.00000e+00
 0.00000e+00
 0.00000e+00
 0.00000e+00
 0.00000e+00
 0.00000e+00
 0.00000e+00
 0.00000e+00
 0.00000e+00
 0.00000e+00
 4.11652e-06
 3.48210e-06
 4.32100e-06
 4.20790e-06
 4.87917e-06
 5.46950e-06
 4.70254e-06
 6.97645e-06
 5.65264e-06
 7.19114e-06
 5.91173e-06
 7.47890e-06
 1.04569e-05
 7.39838e-06
 1.01997e-05
 1.02583e-05
 1.03849e-05
 1.39566e-05
 1.21635e-05
 1.69842e-05
 1.73280e-05
 1.87984e-05
 2.62265e-05
 2.36953e-05
 3.42384e-05
 4.81266e-05
 4.02170e-05
 8.36423e-05
 2.76617e-04
 5.45763e-04
 6.47915e-04
 3.51011e-04
 1.00539e-05
 0.00000e+00
 0.00000e+00
 0.00000e+00
 0.00000e+00
 0.00000e+00
 0.00000e+00
 5.55633e-04
 6.93396e-05
 3.01369e-07
 1.09863e-09
 1.79587e-13
 0.00000e+00
 0.00000e+00
 0.00000e+00
 0.00000e+00
 0.00000e+00
 0.00000e+00
 0.00000e+00
 0.00000e+00
 0.00000e+00
 0.00000e+00
 0.00000e+00
 0.00000e+00
 0.00000e+00
 0.00000e+00
 0.00000e+00
 0.00000e+00
 4.34501e-06
 5.15032e-06
 3.79119e-06
 4.86194e-06
 5.23263e-06
 4.70254e-06
 7.16553e-06
 4.01075e-06
 6.35656e-06
 8.10163e-06
 6.60624e-06
 1.00959e-05
 7.37863e-06
 8.86450e-06
 1.10295e-05
 9.41156e-06
 1.34885e-05
 1.25353e-05
 1.36642e-05
 1.82411e-05
 1.59925e-05
 2.18180e-05
 2.61121e-05
 2.32442e-05
 3.91110e-05
 4.80156e-05
 3.76222e-05
 1.01992e-04
 3.24000e-04
 5.94347e-04
 6.55699e-04
 2.85180e-04
 8.91648e-06
 0.00000e+00
 0.00000e+00
 0.00000e+00
 0.00000e+00
 0.00000e+00
 0.00000e+00
 5.14422e-04
 3.86090e-05
 1.44427e-07
 4.60141e-10
 5.02477e-14
 0.00000e+00
 0.00000e+00
 0.00000e+00
 0.00000e+00
 0.00000e+00
 0.00000e+00
 0.00000e+00
 0.00000e+00
 0.00000e+00
 0.00000e+00
 0.00000e+00
 0.00000e+00
 0.00000e+00
 0.00000e+00
 0.00000e+00
 0.00000e+00
 5.62700e-06
 4.60706e-06
 5.17438e-06
 5.05415e-06
 4.70994e-06
 6.97645e-06
 4.01075e-06
 5.79555e-06
 1.00260e-05
 6.08017e-06
 8.36019e-06
 8.16679e-06
 7.87956e-06
 1.13865e-05
 9.47155e-06
 1.18091e-05
 1.40438e-05
 1.16344e-05
 1.69953e-05
 1.71142e-05
 1.62688e-05
 2.52755e-05
 2.39642e-05
 2.50704e-05
 4.49980e-05
 4.54551e-05
 3.63424e-05
 1.30350e-04
 3.84862e-04
 6.47630e-04
 6.52893e-04
 1.88675e-04
 7.06117e-06
 0.00000e+00
 0.00000e+00
 0.00000e+00
 0.00000e+00
 0.00000e+00
 9.47029e-05
 4.26168e-04
 1.76997e-05
 6.35014e-08
 1.57370e-10
 1.10038e-14
 0.00000e+00
 0.00000e+00
 0.00000e+00
 0.00000e+00
 0.00000e+00
 0.00000e+00
 0.00000e+00
 0.00000e+00
 0.00000e+00
 0.00000e+00
 0.00000e+00
 0.00000e+00
 0.00000e+00
 0.00000e+00
 0.00000e+00
 0.00000e+00
 5.85953e-06
 6.09481e-06
 4.96571e-06
 5.02064e-06
 6.39258e-06
 5.65264e-06
 6.35656e-06
 1.00260e-05
 6.26388e-06
 6.88937e-06
 8.98148e-06
 7.90789e-06
 1.11965e-05
 9.70949e-06
 1.02580e-05
 1.39185e-05
 1.14343e-05
 1.38892e-05
 1.85252e-05
 1.47970e-05
 2.02276e-05
 2.70985e-05
 2.13401e-05
 3.03359e-05
 5.02549e-05
 3.93105e-05
 3.87639e-05
 1.73553e-04
 4.60346e-04
 7.03345e-04
 6.30173e-04
 5.20322e-05
 1.68570e-06
 0.00000e+00
 0.00000e+00
 0.00000e+00
 0.00000e+00
 0.00000e+00
 3.37833e-04
 3.03553e-04
 6.46675e-06
 2.54700e-08
 4.27219e-11
 2.00508e-15
 0.00000e+00
 0.00000e+00
 0.00000e+00
 0.00000e+00
 0.00000e+00
 0.00000e+00
 0.00000e+00
 0.00000e+00
 0.00000e+00
 0.00000e+00
 0.00000e+00
 0.00000e+00
 0.00000e+00
 0.00000e+00
 0.00000e+00
 0.00000e+00
 5.96545e-06
 4.76068e-06
 5.70996e-06
 5.62059e-06
 6.75925e-06
 7.19114e-06
 8.10163e-06
 6.08017e-06
 6.88937e-06
 9.54712e-06
 8.28502e-06
 1.04112e-05
 1.00820e-05
 9.36868e-06
 1.37958e-05
 1.23549e-05
 1.15312e-05
 1.83319e-05
 1.60780e-05
 1.55100e-05
 2.52992e-05
 2.48499e-05
 1.99442e-05
 3.92593e-05
 5.21903e-05
 2.96199e-05
 5.05534e-05
 2.36493e-04
 5.50534e-04
 7.54849e-04
 5.77480e-04
 1.41777e-05
 0.00000e+00
 0.00000e+00
 0.00000e+00
 0.00000e+00
 0.00000e+00
 0.00000e+00
 5.24542e-04
 1.78028e-04
 1.89451e-06
 9.03547e-09
 8.87560e-12
 4.71072e-16
 0.00000e+00
 0.00000e+00
 0.00000e+00
 0.00000e+00
 0.00000e+00
 0.00000e+00
 0.00000e+00
 0.00000e+00
 0.00000e+00
 0.00000e+00
 0.00000e+00
 0.00000e+00
 0.00000e+00
 0.00000e+00
 0.00000e+00
 0.00000e+00
 4.51338e-06
 6.62800e-06
 5.45806e-06
 7.23407e-06
 7.65895e-06
 5.91173e-06
 6.60624e-06
 8.36019e-06
 8.98148e-06
 8.28502e-06
 9.97684e-06
 1.03915e-05
 9.00984e-06
 1.31788e-05
 1.31971e-05
 1.06662e-05
 1.68836e-05
 1.85251e-05
 1.33325e-05
 2.11320e-05
 2.78179e-05
 1.98257e-05
 2.46620e-05
 5.01264e-05
 4.74253e-05
 1.89542e-05
 7.90030e-05
 3.24296e-04
 6.51844e-04
 7.92245e-04
 4.81769e-04
 1.27975e-05
 0.00000e+00
 0.00000e+00
 0.00000e+00
 0.00000e+00
 0.00000e+00
 0.00000e+00
 5.80781e-04
 8.16224e-05
 4.95217e-07
 2.65321e-09
 1.34758e-12
 1.14748e-16
 0.00000e+00
 0.00000e+00
 0.00000e+00
 0.00000e+00
 0.00000e+00
 0.00000e+00
 0.00000e+00
 0.00000e+00
 0.00000e+00
 0.00000e+00
 0.00000e+00
 0.00000e+00
 0.00000e+00
 0.00000e+00
 0.00000e+00
 0.00000e+00
 8.31311e-06
 6.67019e-06
 7.48561e-06
 8.15907e-06
 4.99354e-06
 7.47890e-06
 1.00959e-05
 8.16679e-06
 7.90789e-06
 1.04112e-05
 1.03915e-05
 9.07458e-06
 1.26042e-05
 1.38324e-05
 1.02713e-05
 1.51227e-05
 1.94287e-05
 1.38519e-05
 1.61078e-05
 2.77636e-05
 2.39177e-05
 1.69291e-05
 3.65260e-05
 5.74673e-05
 3.32645e-05
 1.37186e-05
 1.34527e-04
 4.39730e-04
 7.57356e-04
 8.01440e-04
 3.17971e-04
 1.00583e-05
 0.00000e+00
 0.00000e+00
 0.00000e+00
 0.00000e+00
 0.00000e+00
 3.23589e-05
 4.76978e-04
 2.74210e-05
 1.30909e-07
 5.82467e-10
 1.43556e-13
 1.59245e-31
 0.00000e+00
 0.00000e+00
 0.00000e+00
 0.00000e+00
 0.00000e+00
 0.00000e+00
 0.00000e+00
 0.00000e+00
 0.00000e+00
 0.00000e+00
 0.00000e+00
 0.00000e+00
 0.00000e+00
 0.00000e+00
 0.00000e+00
 0.00000e+00
 6.88115e-06
 7.19968e-06
 7.47898e-06
 5.79951e-06
 8.44867e-06
 1.04569e-05
 7.37863e-06
 7.87956e-06
 1.11965e-05
 1.00820e-05
 9.00984e-06
 1.26042e-05
 1.40196e-05
 1.05727e-05
 1.39710e-05
 1.96566e-05
 1.50172e-05
 1.30840e-05
 2.52352e-05
 2.81231e-05
 1.63239e-05
 2.27677e-05
 5.26964e-05
 5.43063e-05
 1.17361e-05
 2.63615e-05
 2.26553e-04
 5.81788e-04
 8.56356e-04
 7.59054e-04
 5.49623e-05
 1.61986e-06
 0.00000e+00
 0.00000e+00
 0.00000e+00
 0.00000e+00
 0.00000e+00
 4.31785e-04
 2.85554e-04
 6.44608e-06
 3.31748e-08
 9.25451e-11
 1.07622e-14
 0.00000e+00
 0.00000e+00
 0.00000e+00
 0.00000e+00
 0.00000e+00
 0.00000e+00
 0.00000e+00
 0.00000e+00
 0.00000e+00
 0.00000e+00
 0.00000e+00
 0.00000e+00
 0.00000e+00
 0.00000e+00
 0.00000e+00
 0.00000e+00
 0.00000e+00
 7.55770e-06
 6.84213e-06
 7.65966e-06
 9.40009e-06
 9.17727e-06
 7.39838e-06
 8.86450e-06
 1.13865e-05
 9.70949e-06
 9.36868e-06
 1.31788e-05
 1.38324e-05
 1.05727e-05
 1.33325e-05
 1.93734e-05
 1.62018e-05
 1.20286e-05
 2.23358e-05
 3.07010e-05
 1.94052e-05
 1.45421e-05
 4.06152e-05
 6.39024e-05
 3.42215e-05
 4.80323e-07
 7.47303e-05
 3.64394e-04
 7.41559e-04
 9.28045e-04
 6.32513e-04
 1.60589e-05
 0.00000e+00
 0.00000e+00
 0.00000e+00
 0.00000e+00
 0.00000e+00
 0.00000e+00
 6.05179e-04
 1.19751e-04
 1.13260e-06
 7.45437e-09
 1.01203e-11
 7.97199e-16
 0.00000e+00
 0.00000e+00
 0.00000e+00
 0.00000e+00
 0.00000e+00
 0.00000e+00
 0.00000e+00
 0.00000e+00
 0.00000e+00
 0.00000e+00
 0.00000e+00
 0.00000e+00
 0.00000e+00
 0.00000e+00
 0.00000e+00
 0.00000e+00
 0.00000e+00
 8.01856e-06
 1.04327e-05
 9.73699e-06
 8.04563e-06
 8.02325e-06
 1.01997e-05
 1.10295e-05
 9.47155e-06
 1.02580e-05
 1.37958e-05
 1.31971e-05
 1.02713e-05
 1.39710e-05
 1.93734e-05
 1.67822e-05
 1.18563e-05
 2.00787e-05
 3.09422e-05
 2.31264e-05
 1.09080e-05
 2.85614e-05
 6.21708e-05
 5.64749e-05
 6.51322e-07
 0.00000e+00
 1.78234e-04
 5.47881e-04
 9.00500e-04
 9.40335e-04
 3.75476e-04
 1.14893e-05
 0.00000e+00
 0.00000e+00
 0.00000e+00
 0.00000e+00
 0.00000e+00
 5.70890e-05
 4.95184e-04
 3.25924e-05
 2.00839e-07
 1.28574e-09
 7.13549e-13
 6.03938e-17
 0.00000e+00
 0.00000e+00
 0.00000e+00
 0.00000e+00
 0.00000e+00
 0.00000e+00
 0.00000e+00
 0.00000e+00
 0.00000e+00
 0.00000e+00
 0.00000e+00
 0.00000e+00
 0.00000e+00
 0.00000e+00
 0.00000e+00
 0.00000e+00
 0.00000e+00
 1.04061e-05
 8.19869e-06
 7.38630e-06
 9.89795e-06
 1.16060e-05
 1.02583e-05
 9.41156e-06
 1.18091e-05
 1.39185e-05
 1.23549e-05
 1.06662e-05
 1.51227e-05
 1.96566e-05
 1.62018e-05
 1.18563e-05
 1.91832e-05
 3.05632e-05
 2.56961e-05
 1.07687e-05
 1.95714e-05
 5.56349e-05
 6.92589e-05
 2.23458e-05
 2.91810e-07
 5.12249e-05
 3.50194e-04
 7.63692e-04
 1.02867e-03
 8.40505e-04
 2.12901e-05
 0.00000e+00
 0.00000e+00
 0.00000e+00
 0.00000e+00
 0.00000e+00
 0.00000e+00
 5.41166e-04
 2.47713e-04
 5.46581e-06
 3.62812e-08
 1.41107e-10
 3.19061e-14
 0.00000e+00
 0.00000e+00
 0.00000e+00
 0.00000e+00
 0.00000e+00
 0.00000e+00
 0.00000e+00
 0.00000e+00
 0.00000e+00
 0.00000e+00
 0.00000e+00
 0.00000e+00
 0.00000e+00
 0.00000e+00
 0.00000e+00
 0.00000e+00
 0.00000e+00
 0.00000e+00
 8.63168e-06
 1.00400e-05
 1.15902e-05
 1.14480e-05
 9.88874e-06
 1.03849e-05
 1.34885e-05
 1.40438e-05
 1.14343e-05
 1.15312e-05
 1.68836e-05
 1.94287e-05
 1.50172e-05
 1.20286e-05
 2.00787e-05
 3.05632e-05
 2.65852e-05
 1.14365e-05
 1.46878e-05
 4.86724e-05
 7.43349e-05
 4.31828e-05
 5.79169e-07
 0.00000e+00
 1.89995e-04
 5.88291e-04
 9.80649e-04
 1.07476e-03
 5.54390e-04
 1.47190e-05
 0.00000e+00
 0.00000e+00
 0.00000e+00
 0.00000e+00
 0.00000e+00
 0.00000e+00
 5.97121e-04
 7.41453e-05
 6.84571e-07
 5.75727e-09
 9.51770e-12
 1.35282e-15
 0.00000e+00
 0.00000e+00
 0.00000e+00
 0.00000e+00
 0.00000e+00
 0.00000e+00
 0.00000e+00
 0.00000e+00
 0.00000e+00
 0.00000e+00
 0.00000e+00
 0.00000e+00
 0.00000e+00
 0.00000e+00
 0.00000e+00
 0.00000e+00
 0.00000e+00
 0.00000e+00
 1.34258e-05
 1.10490e-05
 1.05060e-05
 1.10739e-05
 1.29003e-05
 1.39566e-05
 1.25353e-05
 1.16344e-05
 1.38892e-05
 1.83319e-05
 1.85251e-05
 1.38519e-05
 1.30840e-05
 2.23358e-05
 3.09422e-05
 2.56961e-05
 1.14365e-05
 1.33251e-05
 4.46565e-05
 7.54249e-05
 5.71146e-05
 7.54430e-07
 0.00000e+00
 8.02275e-05
 4.24806e-04
 8.65178e-04
 1.14562e-03
 9.57705e-04
 2.49223e-05
 0.00000e+00
 0.00000e+00
 0.00000e+00
 0.00000e+00
 0.00000e+00
 0.00000e+00
 4.66995e-04
 3.33087e-04
 1.22474e-05
 9.30644e-08
 6.26105e-10
 3.66283e-13
 2.05339e-16
 0.00000e+00
 0.00000e+00
 0.00000e+00
 0.00000e+00
 0.00000e+00
 0.00000e+00
 0.00000e+00
 0.00000e+00
 0.00000e+00
 0.00000e+00
 0.00000e+00
 0.00000e+00
 0.00000e+00
 0.00000e+00
 0.00000e+00
 0.00000e+00
 0.00000e+00
 0.00000e+00
 1.12459e-05
 1.14133e-05
 1.40175e-05
 1.44563e-05
 1.30969e-05
 1.21635e-05
 1.36642e-05
 1.69953e-05
 1.85252e-05
 1.60780e-05
 1.33325e-05
 1.61078e-05
 2.52352e-05
 3.07010e-05
 2.31264e-05
 1.07687e-05
 1.46878e-05
 4.46565e-05
 7.49709e-05
 6.34826e-05
 8.02610e-07
 0.00000e+00
 1.33747e-05
 2.98137e-04
 7.36661e-04
 1.12386e-03
 1.17569e-03
 5.51350e-04
 1.46206e-05
 0.00000e+00
 0.00000e+00
 0.00000e+00
 0.00000e+00
 0.00000e+00
 0.00000e+00
 6.26760e-04
 9.72615e-05
 1.24019e-06
 1.20778e-08
 3.76167e-11
 8.72691e-15
 0.00000e+00
 0.00000e+00
 0.00000e+00
 0.00000e+00
 0.00000e+00
 0.00000e+00
 0.00000e+00
 0.00000e+00
 0.00000e+00
 0.00000e+00
 0.00000e+00
 0.00000e+00
 0.00000e+00
 0.00000e+00
 0.00000e+00
 0.00000e+00
 0.00000e+00
 0.00000e+00
 0.00000e+00
 1.51616e-05
 1.44994e-05
 1.33012e-05
 1.32095e-05
 1.42044e-05
 1.69842e-05
 1.82411e-05
 1.71142e-05
 1.47970e-05
 1.55100e-05
 2.11320e-05
 2.77636e-05
 2.81231e-05
 1.94052e-05
 1.09080e-05
 1.95714e-05
 4.86724e-05
 7.54249e-05
 6.34826e-05
 8.05516e-07
 0.00000e+00
 0.00000e+00
 2.15296e-04
 6.27265e-04
 1.06391e-03
 1.26860e-03
 9.28705e-04
 2.75408e-05
 0.00000e+00
 0.00000e+00
 0.00000e+00
 0.00000e+00
 0.00000e+00
 0.00000e+00
 5.18967e-04
 3.34043e-04
 1.40402e-05
 1.29581e-07
 1.15345e-09
 1.17143e-12
 3.56324e-16
 0.00000e+00
 0.00000e+00
 0.00000e+00
 0.00000e+00
 0.00000e+00
 0.00000e+00
 0.00000e+00
 0.00000e+00
 0.00000e+00
 0.00000e+00
 0.00000e+00
 0.00000e+00
 0.00000e+00
 0.00000e+00
 0.00000e+00
 0.00000e+00
 0.00000e+00
 0.00000e+00
 0.00000e+00
 1.48877e-05
 1.54895e-05
 1.69240e-05
 1.83829e-05
 1.82593e-05
 1.73280e-05
 1.59925e-05
 1.62688e-05
 2.02276e-05
 2.52992e-05
 2.78179e-05
 2.39177e-05
 1.63239e-05
 1.45421e-05
 2.85614e-05
 5.56349e-05
 7.43349e-05
 5.71146e-05
 8.02610e-07
 0.00000e+00
 0.00000e+00
 1.75332e-04
 5.56400e-04
 1.00372e-03
 1.29623e-03
 1.15525e-03
 2.32132e-04
 7.42546e-06
 0.00000e+00
 0.00000e+00
 0.00000e+00
 0.00000e+00
 0.00000e+00
 0.00000e+00
 6.05368e-04
 8.07888e-05
 1.15301e-06
 1.33558e-08
 5.50807e-11
 1.95193e-14
 0.00000e+00
 0.00000e+00
 0.00000e+00
 0.00000e+00
 0.00000e+00
 0.00000e+00
 0.00000e+00
 0.00000e+00
 0.00000e+00
 0.00000e+00
 0.00000e+00
 0.00000e+00
 0.00000e+00
 0.00000e+00
 0.00000e+00
 0.00000e+00
 0.00000e+00
 0.00000e+00
 0.00000e+00
 0.00000e+00
 1.91728e-05
 1.82590e-05
 1.79233e-05
 1.73727e-05
 1.70645e-05
 1.87984e-05
 2.18180e-05
 2.52755e-05
 2.70985e-05
 2.48499e-05
 1.98257e-05
 1.69291e-05
 2.27677e-05
 4.06152e-05
 6.21708e-05
 6.92589e-05
 4.31828e-05
 7.54430e-07
 0.00000e+00
 0.00000e+00
 1.75332e-04
 5.32704e-04
 9.68409e-04
 1.29763e-03
 1.27632e-03
 5.55181e-04
 1.91169e-05
 0.00000e+00
 0.00000e+00
 0.00000e+00
 0.00000e+00
 0.00000e+00
 0.00000e+00
 6.60158e-04
 2.46020e-04
 8.59844e-06
 9.72903e-08
 9.81958e-10
 1.21977e-12
 2.35536e-16
 0.00000e+00
 0.00000e+00
 0.00000e+00
 0.00000e+00
 0.00000e+00
 0.00000e+00
 0.00000e+00
 0.00000e+00
 0.00000e+00
 0.00000e+00
 0.00000e+00
 0.00000e+00
 0.00000e+00
 0.00000e+00
 0.00000e+00
 0.00000e+00
 0.00000e+00
 0.00000e+00
 0.00000e+00
 0.00000e+00
 1.94054e-05
 2.08361e-05
 2.14526e-05
 2.31547e-05
 2.48690e-05
 2.62265e-05
 2.61121e-05
 2.39642e-05
 2.13401e-05
 1.99442e-05
 2.46620e-05
 3.65260e-05
 5.26964e-05
 6.39024e-05
 5.64749e-05
 2.23458e-05
 5.79169e-07
 0.00000e+00
 1.33747e-05
 2.15296e-04
 5.56400e-04
 9.68409e-04
 1.29581e-03
 1.32682e-03
 7.42788e-04
 2.64234e-05
 0.00000e+00
 0.00000e+00
 0.00000e+00
 0.00000e+00
 0.00000e+00
 0.00000e+00
 3.63333e-04
 4.74426e-04
 4.00024e-05
 5.69344e-07
 7.91744e-09
 3.18168e-11
 1.35645e-14
 0.00000e+00
 0.00000e+00
 0.00000e+00
 0.00000e+00
 0.00000e+00
 0.00000e+00
 0.00000e+00
 0.00000e+00
 0.00000e+00
 0.00000e+00
 0.00000e+00
 0.00000e+00
 0.00000e+00
 0.00000e+00
 0.00000e+00
 0.00000e+00
 0.00000e+00
 0.00000e+00
 0.00000e+00
 0.00000e+00
 0.00000e+00
 2.61611e-05
 2.66101e-05
 2.55407e-05
 2.56680e-05
 2.45707e-05
 2.36953e-05
 2.32442e-05
 2.50704e-05
 3.03359e-05
 3.92593e-05
 5.01264e-05
 5.74673e-05
 5.43063e-05
 3.42215e-05
 6.51322e-07
 2.91810e-07
 0.00000e+00
 8.02275e-05
 2.98137e-04
 6.27265e-04
 1.00372e-03
 1.29763e-03
 1.32682e-03
 8.01861e-04
 2.95597e-05
 0.00000e+00
 0.00000e+00
 0.00000e+00
 0.00000e+00
 0.00000e+00
 0.00000e+00
 0.00000e+00
 6.43544e-04
 1.14821e-04
 2.73619e-06
 4.00030e-08
 3.78159e-10
 4.25348e-13
 1.20788e-16
 0.00000e+00
 0.00000e+00
 0.00000e+00
 0.00000e+00
 0.00000e+00
 0.00000e+00
 0.00000e+00
 0.00000e+00
 0.00000e+00
 0.00000e+00
 0.00000e+00
 0.00000e+00
 0.00000e+00
 0.00000e+00
 0.00000e+00
 0.00000e+00
 0.00000e+00
 0.00000e+00
 0.00000e+00
 0.00000e+00
 0.00000e+00
 2.71039e-05
 2.61958e-05
 2.73085e-05
 2.88626e-05
 3.07606e-05
 3.42384e-05
 3.91110e-05
 4.49980e-05
 5.02549e-05
 5.21903e-05
 4.74253e-05
 3.32645e-05
 1.17361e-05
 4.80323e-07
 0.00000e+00
 5.12249e-05
 1.89995e-04
 4.24806e-04
 7.36661e-04
 1.06391e-03
 1.29623e-03
 1.27632e-03
 7.42788e-04
 2.95597e-05
 0.00000e+00
 0.00000e+00
 0.00000e+00
 0.00000e+00
 0.00000e+00
 0.00000e+00
 0.00000e+00
 6.97007e-04
 2.28799e-04
 1.00046e-05
 1.55465e-07
 2.39982e-09
 6.74870e-12
 3.21899e-15
 0.00000e+00
 0.00000e+00
 0.00000e+00
 0.00000e+00
 0.00000e+00
 0.00000e+00
 0.00000e+00
 0.00000e+00
 0.00000e+00
 0.00000e+00
 0.00000e+00
 0.00000e+00
 0.00000e+00
 0.00000e+00
 0.00000e+00
 0.00000e+00
 0.00000e+00
 0.00000e+00
 0.00000e+00
 0.00000e+00
 0.00000e+00
 0.00000e+00
 4.09852e-05
 4.18082e-05
 4.40887e-05
 4.52965e-05
 4.67934e-05
 4.81266e-05
 4.80156e-05
 4.54551e-05
 3.93105e-05
 2.96199e-05
 1.89542e-05
 1.37186e-05
 2.63615e-05
 7.47303e-05
 1.78234e-04
 3.50194e-04
 5.88291e-04
 8.65178e-04
 1.12386e-03
 1.26860e-03
 1.15525e-03
 5.55181e-04
 2.64234e-05
 0.00000e+00
 0.00000e+00
 0.00000e+00
 0.00000e+00
 0.00000e+00
 0.00000e+00
 0.00000e+00
 6.41470e-04
 3.53198e-04
 2.58808e-05
 4.82351e-07
 8.92443e-09
 5.63107e-11
 4.70347e-14
 2.78964e-28
 0.00000e+00
 0.00000e+00
 0.00000e+00
 0.00000e+00
 0.00000e+00
 0.00000e+00
 0.00000e+00
 0.00000e+00
 0.00000e+00
 0.00000e+00
 0.00000e+00
 0.00000e+00
 0.00000e+00
 0.00000e+00
 0.00000e+00
 0.00000e+00
 0.00000e+00
 0.00000e+00
 0.00000e+00
 0.00000e+00
 0.00000e+00
 0.00000e+00
 4.63242e-05
 4.79168e-05
 4.61287e-05
 4.43965e-05
 4.25372e-05
 4.02170e-05
 3.76222e-05
 3.63424e-05
 3.87639e-05
 5.05534e-05
 7.90030e-05
 1.34527e-04
 2.26553e-04
 3.64394e-04
 5.47881e-04
 7.63692e-04
 9.80649e-04
 1.14562e-03
 1.17569e-03
 9.28705e-04
 2.32132e-04
 1.91169e-05
 0.00000e+00
 0.00000e+00
 0.00000e+00
 0.00000e+00
 0.00000e+00
 0.00000e+00
 0.00000e+00
 5.45694e-04
 4.55973e-04
 4.90023e-05
 1.18526e-06
 2.40744e-08
 2.71885e-10
 4.42808e-13
 3.50284e-16
 0.00000e+00
 0.00000e+00
 0.00000e+00
 0.00000e+00
 0.00000e+00
 0.00000e+00
 0.00000e+00
 0.00000e+00
 0.00000e+00
 0.00000e+00
 0.00000e+00
 0.00000e+00
 0.00000e+00
 0.00000e+00
 0.00000e+00
 0.00000e+00
 0.00000e+00
 0.00000e+00
 0.00000e+00
 0.00000e+00
 0.00000e+00
 0.00000e+00
 0.00000e+00
 6.05255e-05
 6.12398e-05
 6.11807e-05
 6.56194e-05
 7.25990e-05
 8.36423e-05
 1.01992e-04
 1.30350e-04
 1.73553e-04
 2.36493e-04
 3.24296e-04
 4.39730e-04
 5.81788e-04
 7.41559e-04
 9.00500e-04
 1.02867e-03
 1.07476e-03
 9.57705e-04
 5.51350e-04
 2.75408e-05
 7.42546e-06
 0.00000e+00
 0.00000e+00
 0.00000e+00
 0.00000e+00
 0.00000e+00
 0.00000e+00
 0.00000e+00
 4.76937e-04
 5.19400e-04
 7.22337e-05
 2.25399e-06
 4.99877e-08
 8.39685e-10
 2.45205e-12
 2.00508e-15
 0.00000e+00
 0.00000e+00
 0.00000e+00
 0.00000e+00
 0.00000e+00
 0.00000e+00
 0.00000e+00
 0.00000e+00
 0.00000e+00
 0.00000e+00
 0.00000e+00
 0.00000e+00
 0.00000e+00
 0.00000e+00
 0.00000e+00
 0.00000e+00
 0.00000e+00
 0.00000e+00
 0.00000e+00
 0.00000e+00
 0.00000e+00
 0.00000e+00
 0.00000e+00
 0.00000e+00
 1.80622e-04
 1.83279e-04
 1.95399e-04
 2.14719e-04
 2.40943e-04
 2.76617e-04
 3.24000e-04
 3.84862e-04
 4.60346e-04
 5.50534e-04
 6.51844e-04
 7.57356e-04
 8.56356e-04
 9.28045e-04
 9.40335e-04
 8.40505e-04
 5.54390e-04
 2.49223e-05
 1.46206e-05
 0.00000e+00
 0.00000e+00
 0.00000e+00
 0.00000e+00
 0.00000e+00
 0.00000e+00
 0.00000e+00
 0.00000e+00
 4.76937e-04
 5.39893e-04
 8.67171e-05
 3.30888e-06
 8.14986e-08
 1.79028e-09
 8.32366e-12
 8.49137e-15
 0.00000e+00
 0.00000e+00
 0.00000e+00
 0.00000e+00
 0.00000e+00
 0.00000e+00
 0.00000e+00
 0.00000e+00
 0.00000e+00
 0.00000e+00
 0.00000e+00
 0.00000e+00
 0.00000e+00
 0.00000e+00
 0.00000e+00
 0.00000e+00
 0.00000e+00
 0.00000e+00
 0.00000e+00
 0.00000e+00
 0.00000e+00
 0.00000e+00
 0.00000e+00
 0.00000e+00
 0.00000e+00
 4.15726e-04
 4.24676e-04
 4.45260e-04
 4.70637e-04
 5.04260e-04
 5.45763e-04
 5.94347e-04
 6.47630e-04
 7.03345e-04
 7.54849e-04
 7.92245e-04
 8.01440e-04
 7.59054e-04
 6.32513e-04
 3.75476e-04
 2.12901e-05
 1.47190e-05
 0.00000e+00
 0.00000e+00
 0.00000e+00
 0.00000e+00
 0.00000e+00
 0.00000e+00
 0.00000e+00
 0.00000e+00
 0.00000e+00
 5.45694e-04
 5.19400e-04
 8.67171e-05
 3.75811e-06
 1.04205e-07
 2.74409e-09
 1.82143e-11
 2.55647e-14
 1.89049e-28
 0.00000e+00
 0.00000e+00
 0.00000e+00
 0.00000e+00
 0.00000e+00
 0.00000e+00
 0.00000e+00
 0.00000e+00
 0.00000e+00
 0.00000e+00
 0.00000e+00
 0.00000e+00
 0.00000e+00
 0.00000e+00
 0.00000e+00
 0.00000e+00
 0.00000e+00
 0.00000e+00
 0.00000e+00
 0.00000e+00
 0.00000e+00
 0.00000e+00
 0.00000e+00
 0.00000e+00
 0.00000e+00
 5.86464e-04
 5.98762e-04
 6.09678e-04
 6.21197e-04
 6.35209e-04
 6.47915e-04
 6.55699e-04
 6.52893e-04
 6.30173e-04
 5.77480e-04
 4.81769e-04
 3.17971e-04
 5.49623e-05
 1.60589e-05
 1.14893e-05
 0.00000e+00
 0.00000e+00
 0.00000e+00
 0.00000e+00
 0.00000e+00
 0.00000e+00
 0.00000e+00
 0.00000e+00
 0.00000e+00
 0.00000e+00
 6.41470e-04
 4.55973e-04
 7.22337e-05
 3.30888e-06
 1.04205e-07
 3.13808e-09
 2.66824e-11
 4.96860e-14
 1.44945e-16
 0.00000e+00
 0.00000e+00
 0.00000e+00
 0.00000e+00
 0.00000e+00
 0.00000e+00
 0.00000e+00
 0.00000e+00
 0.00000e+00
 0.00000e+00
 0.00000e+00
 0.00000e+00
 0.00000e+00
 0.00000e+00
 0.00000e+00
 0.00000e+00
 0.00000e+00
 0.00000e+00
 0.00000e+00
 0.00000e+00
 0.00000e+00
 0.00000e+00
 0.00000e+00
 0.00000e+00
 0.00000e+00
 0.00000e+00
 4.53501e-04
 4.56916e-04
 4.42872e-04
 4.23999e-04
 3.95239e-04
 3.51011e-04
 2.85180e-04
 1.88675e-04
 5.20322e-05
 1.41777e-05
 1.27975e-05
 1.00583e-05
 1.61986e-06
 0.00000e+00
 0.00000e+00
 0.00000e+00
 0.00000e+00
 0.00000e+00
 0.00000e+00
 0.00000e+00
 0.00000e+00
 0.00000e+00
 0.00000e+00
 0.00000e+00
 6.97007e-04
 3.53198e-04
 4.90023e-05
 2.25399e-06
 8.14986e-08
 2.74409e-09
 2.66824e-11
 6.21030e-14
 1.50985e-16
 0.00000e+00
 0.00000e+00
 0.00000e+00
 0.00000e+00
 0.00000e+00
 0.00000e+00
 0.00000e+00
 0.00000e+00
 0.00000e+00
 0.00000e+00
 0.00000e+00
 0.00000e+00
 0.00000e+00
 0.00000e+00
 0.00000e+00
 0.00000e+00
 0.00000e+00
 0.00000e+00
 0.00000e+00
 0.00000e+00
 0.00000e+00
 0.00000e+00
 0.00000e+00
 0.00000e+00
 0.00000e+00
 0.00000e+00
 0.00000e+00
 1.11104e-05
 1.13775e-05
 1.13302e-05
 1.11090e-05
 1.07293e-05
 1.00539e-05
 8.91648e-06
 7.06117e-06
 1.68570e-06
 0.00000e+00
 0.00000e+00
 0.00000e+00
 0.00000e+00
 0.00000e+00
 0.00000e+00
 0.00000e+00
 0.00000e+00
 0.00000e+00
 0.00000e+00
 0.00000e+00
 0.00000e+00
 0.00000e+00
 3.63333e-04
 6.43544e-04
 2.28799e-04
 2.58808e-05
 1.18526e-06
 4.99877e-08
 1.79028e-09
 1.82144e-11
 4.97525e-14
 1.75142e-16
 0.00000e+00
 0.00000e+00
 0.00000e+00
 0.00000e+00
 0.00000e+00
 0.00000e+00
 0.00000e+00
 0.00000e+00
 0.00000e+00
 0.00000e+00
 0.00000e+00
 0.00000e+00
 0.00000e+00
 0.00000e+00
 0.00000e+00
 0.00000e+00
 0.00000e+00
 0.00000e+00
 0.00000e+00
 0.00000e+00
 0.00000e+00
 0.00000e+00
 0.00000e+00
 0.00000e+00
 0.00000e+00
 0.00000e+00
 0.00000e+00
 0.00000e+00
 0.00000e+00
 0.00000e+00
 0.00000e+00
 0.00000e+00
 0.00000e+00
 0.00000e+00
 0.00000e+00
 0.00000e+00
 0.00000e+00
 0.00000e+00
 0.00000e+00
 0.00000e+00
 0.00000e+00
 0.00000e+00
 0.00000e+00
 0.00000e+00
 0.00000e+00
 0.00000e+00
 0.00000e+00
 0.00000e+00
 0.00000e+00
 6.60158e-04
 4.74426e-04
 1.14821e-04
 1.00046e-05
 4.82351e-07
 2.40744e-08
 8.39685e-10
 8.32372e-12
 2.55647e-14
 1.75142e-16
 0.00000e+00
 0.00000e+00
 0.00000e+00
 0.00000e+00
 0.00000e+00
 0.00000e+00
 0.00000e+00
 0.00000e+00
 0.00000e+00
 0.00000e+00
 0.00000e+00
 0.00000e+00
 0.00000e+00
 0.00000e+00
 0.00000e+00
 0.00000e+00
 0.00000e+00
 0.00000e+00
 0.00000e+00
 0.00000e+00
 0.00000e+00
 0.00000e+00
 0.00000e+00
 0.00000e+00
 0.00000e+00
 0.00000e+00
 0.00000e+00
 0.00000e+00
 0.00000e+00
 0.00000e+00
 0.00000e+00
 0.00000e+00
 0.00000e+00
 0.00000e+00
 0.00000e+00
 0.00000e+00
 0.00000e+00
 0.00000e+00
 0.00000e+00
 0.00000e+00
 0.00000e+00
 0.00000e+00
 0.00000e+00
 0.00000e+00
 0.00000e+00
 0.00000e+00
 0.00000e+00
 0.00000e+00
 5.18967e-04
 6.05368e-04
 2.46020e-04
 4.00024e-05
 2.73619e-06
 1.55465e-07
 8.92443e-09
 2.71885e-10
 2.45213e-12
 8.49137e-15
 1.89049e-28
 0.00000e+00
 0.00000e+00
 0.00000e+00
 0.00000e+00
 0.00000e+00
 0.00000e+00
 0.00000e+00
 0.00000e+00
 0.00000e+00
 0.00000e+00
 0.00000e+00
 0.00000e+00
 0.00000e+00
 0.00000e+00
 0.00000e+00
 0.00000e+00
 0.00000e+00
 0.00000e+00
 0.00000e+00
 0.00000e+00
 0.00000e+00
 0.00000e+00
 0.00000e+00
 0.00000e+00
 0.00000e+00
 0.00000e+00
 0.00000e+00
 0.00000e+00
 0.00000e+00
 0.00000e+00
 0.00000e+00
 0.00000e+00
 0.00000e+00
 0.00000e+00
 0.00000e+00
 0.00000e+00
 0.00000e+00
 0.00000e+00
 0.00000e+00
 0.00000e+00
 0.00000e+00
 0.00000e+00
 0.00000e+00
 0.00000e+00
 0.00000e+00
 0.00000e+00
 0.00000e+00
 4.66995e-04
 6.26760e-04
 3.34043e-04
 8.07888e-05
 8.59844e-06
 5.69344e-07
 4.00030e-08
 2.39982e-09
 5.63107e-11
 4.42839e-13
 2.06547e-15
 0.00000e+00
 0.00000e+00
 0.00000e+00
 0.00000e+00
 0.00000e+00
 0.00000e+00
 0.00000e+00
 0.00000e+00
 0.00000e+00
 0.00000e+00
 0.00000e+00
 0.00000e+00
 0.00000e+00
 0.00000e+00
 0.00000e+00
 0.00000e+00
 0.00000e+00
 0.00000e+00
 0.00000e+00
 0.00000e+00
 0.00000e+00
 0.00000e+00
 0.00000e+00
 0.00000e+00
 0.00000e+00
 0.00000e+00
 0.00000e+00
 0.00000e+00
 0.00000e+00
 0.00000e+00
 0.00000e+00
 0.00000e+00
 0.00000e+00
 0.00000e+00
 0.00000e+00
 0.00000e+00
 0.00000e+00
 0.00000e+00
 0.00000e+00
 0.00000e+00
 0.00000e+00
 0.00000e+00
 0.00000e+00
 0.00000e+00
 0.00000e+00
 0.00000e+00
 5.70890e-05
 5.41166e-04
 5.97121e-04
 3.33087e-04
 9.72615e-05
 1.40402e-05
 1.15301e-06
 9.72903e-08
 7.91744e-09
 3.78159e-10
 6.74867e-12
 4.70649e-14
 3.56324e-16
 0.00000e+00
 0.00000e+00
 0.00000e+00
 0.00000e+00
 0.00000e+00
 0.00000e+00
 0.00000e+00
 0.00000e+00
 0.00000e+00
 0.00000e+00
 0.00000e+00
 0.00000e+00
 0.00000e+00
 0.00000e+00
 0.00000e+00
 0.00000e+00
 0.00000e+00
 0.00000e+00
 0.00000e+00
 0.00000e+00
 0.00000e+00
 0.00000e+00
 0.00000e+00
 0.00000e+00
 0.00000e+00
 0.00000e+00
 0.00000e+00
 0.00000e+00
 0.00000e+00
 0.00000e+00
 0.00000e+00
 0.00000e+00
 0.00000e+00
 0.00000e+00
 0.00000e+00
 0.00000e+00
 0.00000e+00
 0.00000e+00
 0.00000e+00
 0.00000e+00
 0.00000e+00
 0.00000e+00
 0.00000e+00
 0.00000e+00
 3.23589e-05
 4.31785e-04
 6.05179e-04
 4.95184e-04
 2.47713e-04
 7.41453e-05
 1.22474e-05
 1.24019e-06
 1.29581e-07
 1.33558e-08
 9.81958e-10
 3.18168e-11
 4.25439e-13
 3.24315e-15
 2.79266e-28
 0.00000e+00
 0.00000e+00
 0.00000e+00
 0.00000e+00
 0.00000e+00
 0.00000e+00
 0.00000e+00
 0.00000e+00
 0.00000e+00
 0.00000e+00
 0.00000e+00
 0.00000e+00
 0.00000e+00
 0.00000e+00
 0.00000e+00
 0.00000e+00
 0.00000e+00
 0.00000e+00
 0.00000e+00
 0.00000e+00
 0.00000e+00
 0.00000e+00
 0.00000e+00
 0.00000e+00
 0.00000e+00
 0.00000e+00
 0.00000e+00
 0.00000e+00
 0.00000e+00
 0.00000e+00
 0.00000e+00
 0.00000e+00
 0.00000e+00
 0.00000e+00
 0.00000e+00
 0.00000e+00
 0.00000e+00
 0.00000e+00
 0.00000e+00
 0.00000e+00
 0.00000e+00
 9.47029e-05
 3.37833e-04
 5.24542e-04
 5.80781e-04
 4.76978e-04
 2.85554e-04
 1.19751e-04
 3.25924e-05
 5.46581e-06
 6.84571e-07
 9.30644e-08
 1.20778e-08
 1.15345e-09
 5.50807e-11
 1.21974e-12
 1.35947e-14
 1.44945e-16
 0.00000e+00
 0.00000e+00
 0.00000e+00
 0.00000e+00
 0.00000e+00
 0.00000e+00
 0.00000e+00
 0.00000e+00
 0.00000e+00
 0.00000e+00
 0.00000e+00
 0.00000e+00
 0.00000e+00
 0.00000e+00
 0.00000e+00
 0.00000e+00
 0.00000e+00
 0.00000e+00
 0.00000e+00
 0.00000e+00
 0.00000e+00
 0.00000e+00
 0.00000e+00
 0.00000e+00
 0.00000e+00
 0.00000e+00
 0.00000e+00
 0.00000e+00
 0.00000e+00
 0.00000e+00
 0.00000e+00
 0.00000e+00
 0.00000e+00
 0.00000e+00
 0.00000e+00
 0.00000e+00
 4.22771e-04
 4.41964e-04
 4.76660e-04
 5.19104e-04
 5.52675e-04
 5.55633e-04
 5.14422e-04
 4.26168e-04
 3.03553e-04
 1.78028e-04
 8.16224e-05
 2.74210e-05
 6.44608e-06
 1.13260e-06
 2.00839e-07
 3.62812e-08
 5.75727e-09
 6.26105e-10
 3.76167e-11
 1.17140e-12
 1.94891e-14
 2.65733e-16
 0.00000e+00
 0.00000e+00
 0.00000e+00
 0.00000e+00
 0.00000e+00
 0.00000e+00
 0.00000e+00
 0.00000e+00
 0.00000e+00
 0.00000e+00
 0.00000e+00
 0.00000e+00
 0.00000e+00
 0.00000e+00
 0.00000e+00
 0.00000e+00
 0.00000e+00
 0.00000e+00
 0.00000e+00
 0.00000e+00
 0.00000e+00
 0.00000e+00
 0.00000e+00
 0.00000e+00
 0.00000e+00
 0.00000e+00
 0.00000e+00
 0.00000e+00
 0.00000e+00
 0.00000e+00
 0.00000e+00
 0.00000e+00
 0.00000e+00
 0.00000e+00
 0.00000e+00
 0.00000e+00
 0.00000e+00
 0.00000e+00
 2.12571e-04
 2.00694e-04
 1.77307e-04
 1.44470e-04
 1.06531e-04
 6.93396e-05
 3.86090e-05
 1.76997e-05
 6.46675e-06
 1.89451e-06
 4.95217e-07
 1.30909e-07
 3.31748e-08
 7.45437e-09
 1.28574e-09
 1.41107e-10
 9.51775e-12
 3.66199e-13
 8.67256e-15
 3.50284e-16
 0.00000e+00
 0.00000e+00
 0.00000e+00
 0.00000e+00
 0.00000e+00
 0.00000e+00
 0.00000e+00
 0.00000e+00
 0.00000e+00
 0.00000e+00
 0.00000e+00
 0.00000e+00
 0.00000e+00
 0.00000e+00
 0.00000e+00
 0.00000e+00
 0.00000e+00
 0.00000e+00
 0.00000e+00
 0.00000e+00
 0.00000e+00
 0.00000e+00
 0.00000e+00
 0.00000e+00
 0.00000e+00
 0.00000e+00
 0.00000e+00
 0.00000e+00
 0.00000e+00
 0.00000e+00
 0.00000e+00
 0.00000e+00
 0.00000e+00
 0.00000e+00
 0.00000e+00
 0.00000e+00
 0.00000e+00
 0.00000e+00
 0.00000e+00
 0.00000e+00
 2.25808e-06
 1.97351e-06
 1.50048e-06
 9.92352e-07
 5.76077e-07
 3.01369e-07
 1.44427e-07
 6.35014e-08
 2.54700e-08
 9.03547e-09
 2.65321e-09
 5.82466e-10
 9.25451e-11
 1.01203e-11
 7.13555e-13
 3.18517e-14
 1.32866e-15
 2.05339e-16
 0.00000e+00
 0.00000e+00
 0.00000e+00
 0.00000e+00
 0.00000e+00
 0.00000e+00
 0.00000e+00
 0.00000e+00
 0.00000e+00
 0.00000e+00
 0.00000e+00
 0.00000e+00
 0.00000e+00
 0.00000e+00
 0.00000e+00
 0.00000e+00
 0.00000e+00
 0.00000e+00
 0.00000e+00
 0.00000e+00
 0.00000e+00
 0.00000e+00
 0.00000e+00
 0.00000e+00
 0.00000e+00
 0.00000e+00
 0.00000e+00
 0.00000e+00
 0.00000e+00
 0.00000e+00
 0.00000e+00
 0.00000e+00
 0.00000e+00
 0.00000e+00
 0.00000e+00
 0.00000e+00
 0.00000e+00
 0.00000e+00
 0.00000e+00
 0.00000e+00
 0.00000e+00
 0.00000e+00
 7.57265e-09
 6.76185e-09
 5.35338e-09
 3.69943e-09
 2.19161e-09
 1.09863e-09
 4.60141e-10
 1.57370e-10
 4.27218e-11
 8.87557e-12
 1.34758e-12
 1.43496e-13
 1.08830e-14
 7.36805e-16
 5.43545e-17
 0.00000e+00
 0.00000e+00
 0.00000e+00
 0.00000e+00
 0.00000e+00
 0.00000e+00
 0.00000e+00
 0.00000e+00
 0.00000e+00
 0.00000e+00
 0.00000e+00
 0.00000e+00
 0.00000e+00
 0.00000e+00
 0.00000e+00
 0.00000e+00
 0.00000e+00
 0.00000e+00
 0.00000e+00
 0.00000e+00
 0.00000e+00
 0.00000e+00
 0.00000e+00
 0.00000e+00
 0.00000e+00
 0.00000e+00
 0.00000e+00
 0.00000e+00
 0.00000e+00
 0.00000e+00
 0.00000e+00
 0.00000e+00
 0.00000e+00
 0.00000e+00
 0.00000e+00
 0.00000e+00
 0.00000e+00
 0.00000e+00
 0.00000e+00
 0.00000e+00
 0.00000e+00
 0.00000e+00
 0.00000e+00
 0.00000e+00
 0.00000e+00
 3.52855e-12
 2.93274e-12
 2.01142e-12
 1.12454e-12
 5.04972e-13
 1.79497e-13
 5.01873e-14
 1.09373e-14
 2.00508e-15
 4.71072e-16
 1.75142e-16
 2.03247e-31
 0.00000e+00
 0.00000e+00
 0.00000e+00
 0.00000e+00
 0.00000e+00
 0.00000e+00
 0.00000e+00
 0.00000e+00
 0.00000e+00
 0.00000e+00
 0.00000e+00
 0.00000e+00
 0.00000e+00
 0.00000e+00
 0.00000e+00
 0.00000e+00
 0.00000e+00
 0.00000e+00
 0.00000e+00
 0.00000e+00
 0.00000e+00
 0.00000e+00
 0.00000e+00
 0.00000e+00
 0.00000e+00
 0.00000e+00
 0.00000e+00
 0.00000e+00
 0.00000e+00
 0.00000e+00
 0.00000e+00
 0.00000e+00
 0.00000e+00
 0.00000e+00
 0.00000e+00
 0.00000e+00
 0.00000e+00
 0.00000e+00
 0.00000e+00
 0.00000e+00
 0.00000e+00
 0.00000e+00
 0.00000e+00
 0.00000e+00
 0.00000e+00
 0.00000e+00
 0.00000e+00
 0.00000e+00
 3.91747e-26
 3.25599e-26
 1.11656e-26
 0.00000e+00
 0.00000e+00
 0.00000e+00
 0.00000e+00
 0.00000e+00
 0.00000e+00
 0.00000e+00
 0.00000e+00
 0.00000e+00
 0.00000e+00
 0.00000e+00
 0.00000e+00
 0.00000e+00
 0.00000e+00
 0.00000e+00
 0.00000e+00
 0.00000e+00
 0.00000e+00
 0.00000e+00
 0.00000e+00
 0.00000e+00
 0.00000e+00
 0.00000e+00
 0.00000e+00
 0.00000e+00
 0.00000e+00
 0.00000e+00
 0.00000e+00
 0.00000e+00
 0.00000e+00
 0.00000e+00
 0.00000e+00
 0.00000e+00
 0.00000e+00
 0.00000e+00
 0.00000e+00
 0.00000e+00
 0.00000e+00
 0.00000e+00
 0.00000e+00
 0.00000e+00
 0.00000e+00
 0.00000e+00
 0.00000e+00
 0.00000e+00
 0.00000e+00
 0.00000e+00
 0.00000e+00
 0.00000e+00
 0.00000e+00
 0.00000e+00
 0.00000e+00
 0.00000e+00
 0.00000e+00
 0.00000e+00
 0.00000e+00
 0.00000e+00
 0.00000e+00
 0.00000e+00
 0.00000e+00
 0.00000e+00
 0.00000e+00
 0.00000e+00
 0.00000e+00
 0.00000e+00
 0.00000e+00
 0.00000e+00
 0.00000e+00
 0.00000e+00
 0.00000e+00
 0.00000e+00
 0.00000e+00
 0.00000e+00
 0.00000e+00
 0.00000e+00
 0.00000e+00
 0.00000e+00
 0.00000e+00
 0.00000e+00
 0.00000e+00
 0.00000e+00
 0.00000e+00
 0.00000e+00
 0.00000e+00
 0.00000e+00
 0.00000e+00
 0.00000e+00
 0.00000e+00
 0.00000e+00
 0.00000e+00
 0.00000e+00
 0.00000e+00
 0.00000e+00
 0.00000e+00
 0.00000e+00
 0.00000e+00
 0.00000e+00
 0.00000e+00
 0.00000e+00
 0.00000e+00
 0.00000e+00
 0.00000e+00
 0.00000e+00
 0.00000e+00
 0.00000e+00
 0.00000e+00
 0.00000e+00
 0.00000e+00
 0.00000e+00
 0.00000e+00
 0.00000e+00
 0.00000e+00
 0.00000e+00
 0.00000e+00
 0.00000e+00
 0.00000e+00
 0.00000e+00
 0.00000e+00
 0.00000e+00
 0.00000e+00
 0.00000e+00
 0.00000e+00
 0.00000e+00
 0.00000e+00
 0.00000e+00
 0.00000e+00
 0.00000e+00
 0.00000e+00
 0.00000e+00
 0.00000e+00
 0.00000e+00
 0.00000e+00
 0.00000e+00
 0.00000e+00
 0.00000e+00
 0.00000e+00
 0.00000e+00
 0.00000e+00
 0.00000e+00
 0.00000e+00
 0.00000e+00
 0.00000e+00
 0.00000e+00
 0.00000e+00
 0.00000e+00
 0.00000e+00
 0.00000e+00
 0.00000e+00
 0.00000e+00
 0.00000e+00
 0.00000e+00
 0.00000e+00
 0.00000e+00
 0.00000e+00
 0.00000e+00
 0.00000e+00
 0.00000e+00
 0.00000e+00
 0.00000e+00
 0.00000e+00
 0.00000e+00
 0.00000e+00
 0.00000e+00
 0.00000e+00
 0.00000e+00
 0.00000e+00
 0.00000e+00
 0.00000e+00
 0.00000e+00
 0.00000e+00
 0.00000e+00
 0.00000e+00
 0.00000e+00
 0.00000e+00
 0.00000e+00
 0.00000e+00
 0.00000e+00
 0.00000e+00
 0.00000e+00
 0.00000e+00
 0.00000e+00
 0.00000e+00
 0.00000e+00
 0.00000e+00
 0.00000e+00
 0.00000e+00
 0.00000e+00
 0.00000e+00
 0.00000e+00
 0.00000e+00
 0.00000e+00
 0.00000e+00
 0.00000e+00
 0.00000e+00
 0.00000e+00
 0.00000e+00
 0.00000e+00
 0.00000e+00
 0.00000e+00
 0.00000e+00
 0.00000e+00
 0.00000e+00
 0.00000e+00
 0.00000e+00
 0.00000e+00
 0.00000e+00
 0.00000e+00
 0.00000e+00
 0.00000e+00
 0.00000e+00
 0.00000e+00
 0.00000e+00
 0.00000e+00
 0.00000e+00
 0.00000e+00
 0.00000e+00
 0.00000e+00
 0.00000e+00
 0.00000e+00
 0.00000e+00
 0.00000e+00
 0.00000e+00
 0.00000e+00
 0.00000e+00
 0.00000e+00
 0.00000e+00
 0.00000e+00
 0.00000e+00
 0.00000e+00
 0.00000e+00
 0.00000e+00
 0.00000e+00
 0.00000e+00
 0.00000e+00
 0.00000e+00
 0.00000e+00
 0.00000e+00
 0.00000e+00
 0.00000e+00
 0.00000e+00
 0.00000e+00
 0.00000e+00
 0.00000e+00
 0.00000e+00
 0.00000e+00
 0.00000e+00
 0.00000e+00
 0.00000e+00
 0.00000e+00
 0.00000e+00
 0.00000e+00
 0.00000e+00
 0.00000e+00
 0.00000e+00
 0.00000e+00
 0.00000e+00
 0.00000e+00
 0.00000e+00
 0.00000e+00
 0.00000e+00
 0.00000e+00
 0.00000e+00
 0.00000e+00
 0.00000e+00
 0.00000e+00
 0.00000e+00
 0.00000e+00
 0.00000e+00
 0.00000e+00
 0.00000e+00
 0.00000e+00
 0.00000e+00
 0.00000e+00
 0.00000e+00
 0.00000e+00
 0.00000e+00
 0.00000e+00
 0.00000e+00
 0.00000e+00
 0.00000e+00
 0.00000e+00
 0.00000e+00
 0.00000e+00
 0.00000e+00
 0.00000e+00
 0.00000e+00
 0.00000e+00
 0.00000e+00
 0.00000e+00
 0.00000e+00
 0.00000e+00
 0.00000e+00
 0.00000e+00
 0.00000e+00
 0.00000e+00
 0.00000e+00
 0.00000e+00
 0.00000e+00
 0.00000e+00
 0.00000e+00
 0.00000e+00
 0.00000e+00
 0.00000e+00
 0.00000e+00
 0.00000e+00
 0.00000e+00
 0.00000e+00
 0.00000e+00
 0.00000e+00
 0.00000e+00
 0.00000e+00
 0.00000e+00
 0.00000e+00
 0.00000e+00
 0.00000e+00
 0.00000e+00
 0.00000e+00
 0.00000e+00
 0.00000e+00
 0.00000e+00
 0.00000e+00
 0.00000e+00
 0.00000e+00
 0.00000e+00
 0.00000e+00
 0.00000e+00
 0.00000e+00
 0.00000e+00
 0.00000e+00
 0.00000e+00
 0.00000e+00
 0.00000e+00
 0.00000e+00
 0.00000e+00
 0.00000e+00
 0.00000e+00
 0.00000e+00
 0.00000e+00
 0.00000e+00
 0.00000e+00
 0.00000e+00
 0.00000e+00
 0.00000e+00
 0.00000e+00
 0.00000e+00
 0.00000e+00
 0.00000e+00
 0.00000e+00
 0.00000e+00
 0.00000e+00
 0.00000e+00
 0.00000e+00
 0.00000e+00
 0.00000e+00
 0.00000e+00
 0.00000e+00
 0.00000e+00
 0.00000e+00
 0.00000e+00
 0.00000e+00
 0.00000e+00
 0.00000e+00
 0.00000e+00
 0.00000e+00
 0.00000e+00
 0.00000e+00
 0.00000e+00
 0.00000e+00
 0.00000e+00
 0.00000e+00
 0.00000e+00
 0.00000e+00
 0.00000e+00
 0.00000e+00
 0.00000e+00
 0.00000e+00
 0.00000e+00
 0.00000e+00
 0.00000e+00
 0.00000e+00
 0.00000e+00
 0.00000e+00
 0.00000e+00
 0.00000e+00
 0.00000e+00
 0.00000e+00
 0.00000e+00
 0.00000e+00
 0.00000e+00
 0.00000e+00
 0.00000e+00
 0.00000e+00
 0.00000e+00
 0.00000e+00
 0.00000e+00
 0.00000e+00
 0.00000e+00
 0.00000e+00
 0.00000e+00
 0.00000e+00
 0.00000e+00
 0.00000e+00
 0.00000e+00
 0.00000e+00
 0.00000e+00
 0.00000e+00
 0.00000e+00
 0.00000e+00
 0.00000e+00
 0.00000e+00
 0.00000e+00
 0.00000e+00
 0.00000e+00
 0.00000e+00
 0.00000e+00
 0.00000e+00
 0.00000e+00
 0.00000e+00
 0.00000e+00
 0.00000e+00
 0.00000e+00
 0.00000e+00
 0.00000e+00
 0.00000e+00
 0.00000e+00
 0.00000e+00
 0.00000e+00
 0.00000e+00
 0.00000e+00
 0.00000e+00
 0.00000e+00
 0.00000e+00
 0.00000e+00
 0.00000e+00
 0.00000e+00
 0.00000e+00
 0.00000e+00
 0.00000e+00
 0.00000e+00
 0.00000e+00
 0.00000e+00
 0.00000e+00
 0.00000e+00
 0.00000e+00
 0.00000e+00
 0.00000e+00
 0.00000e+00
 0.00000e+00
 0.00000e+00
 0.00000e+00
 0.00000e+00
 0.00000e+00
 0.00000e+00
 0.00000e+00
 0.00000e+00
 0.00000e+00
 0.00000e+00
 0.00000e+00
 0.00000e+00
 0.00000e+00
 0.00000e+00
 0.00000e+00
 0.00000e+00
 0.00000e+00
 0.00000e+00
 0.00000e+00
 0.00000e+00
 0.00000e+00
 0.00000e+00
 0.00000e+00
 0.00000e+00
 0.00000e+00
 0.00000e+00
 0.00000e+00
 0.00000e+00
 0.00000e+00
 0.00000e+00
 0.00000e+00
 0.00000e+00
 0.00000e+00
 0.00000e+00
 0.00000e+00
 0.00000e+00
 0.00000e+00
 0.00000e+00
 0.00000e+00
 0.00000e+00
 0.00000e+00
 0.00000e+00
 0.00000e+00
 0.00000e+00
 0.00000e+00
 0.00000e+00
 0.00000e+00
 0.00000e+00
 0.00000e+00
 0.00000e+00
 0.00000e+00
 0.00000e+00
 0.00000e+00
 0.00000e+00
 0.00000e+00
 0.00000e+00
 0.00000e+00
 0.00000e+00
 0.00000e+00
 0.00000e+00
 0.00000e+00
 0.00000e+00
 0.00000e+00
 0.00000e+00
 0.00000e+00
 0.00000e+00
 0.00000e+00
 0.00000e+00
 0.00000e+00
 0.00000e+00
 0.00000e+00
 0.00000e+00
 0.00000e+00
 0.00000e+00
 0.00000e+00
 0.00000e+00
 0.00000e+00
 0.00000e+00
 0.00000e+00
 0.00000e+00
 0.00000e+00
 0.00000e+00
 0.00000e+00
 0.00000e+00
 0.00000e+00
 0.00000e+00
 0.00000e+00
 0.00000e+00
 0.00000e+00
 0.00000e+00
 0.00000e+00
 0.00000e+00
 0.00000e+00
 0.00000e+00
 0.00000e+00
 0.00000e+00
 0.00000e+00
 0.00000e+00
 0.00000e+00
 0.00000e+00
 0.00000e+00
 0.00000e+00
 0.00000e+00
 0.00000e+00
 0.00000e+00
 0.00000e+00
 0.00000e+00
 0.00000e+00
 0.00000e+00
 0.00000e+00
 0.00000e+00
 0.00000e+00
 0.00000e+00
 0.00000e+00
 0.00000e+00
 0.00000e+00
 0.00000e+00
 0.00000e+00
 0.00000e+00
 0.00000e+00
 0.00000e+00
 0.00000e+00
 0.00000e+00
 0.00000e+00
 0.00000e+00
 0.00000e+00
 0.00000e+00
 0.00000e+00
 0.00000e+00
 0.00000e+00
 0.00000e+00
 0.00000e+00
 0.00000e+00
 0.00000e+00
 0.00000e+00
 0.00000e+00
 0.00000e+00
 0.00000e+00
 0.00000e+00
 0.00000e+00
 0.00000e+00
 0.00000e+00
 0.00000e+00
 0.00000e+00
 0.00000e+00
 0.00000e+00
 0.00000e+00
 0.00000e+00
 0.00000e+00
 0.00000e+00
 0.00000e+00
 0.00000e+00
 0.00000e+00
 0.00000e+00
 0.00000e+00
 0.00000e+00
 0.00000e+00
 0.00000e+00
 0.00000e+00
 0.00000e+00
 0.00000e+00
 0.00000e+00
 0.00000e+00
 0.00000e+00
 0.00000e+00
 0.00000e+00
 0.00000e+00
 0.00000e+00
 0.00000e+00
 0.00000e+00
 0.00000e+00
 0.00000e+00
 0.00000e+00
 0.00000e+00
 0.00000e+00
 0.00000e+00
 0.00000e+00
 0.00000e+00
 0.00000e+00
 0.00000e+00
 0.00000e+00
 0.00000e+00
 0.00000e+00
 0.00000e+00
 0.00000e+00
 0.00000e+00
 0.00000e+00
 0.00000e+00
 0.00000e+00
 0.00000e+00
 0.00000e+00
 0.00000e+00
 0.00000e+00
 0.00000e+00
 0.00000e+00
 0.00000e+00
 0.00000e+00
 0.00000e+00
 0.00000e+00
 0.00000e+00
 0.00000e+00
 0.00000e+00
 0.00000e+00
 0.00000e+00
 0.00000e+00
 0.00000e+00
 0.00000e+00
 0.00000e+00
 0.00000e+00
 0.00000e+00
 0.00000e+00
 0.00000e+00
 0.00000e+00
 0.00000e+00
 0.00000e+00
 0.00000e+00
 0.00000e+00
 0.00000e+00
 0.00000e+00
 0.00000e+00
 0.00000e+00
 0.00000e+00
 0.00000e+00
 0.00000e+00
 0.00000e+00
 0.00000e+00
 0.00000e+00
 0.00000e+00
 0.00000e+00
 0.00000e+00
 0.00000e+00
 0.00000e+00
 0.00000e+00
 0.00000e+00
 0.00000e+00
 0.00000e+00
 0.00000e+00
 0.00000e+00
 0.00000e+00
 0.00000e+00
 0.00000e+00
 0.00000e+00
 0.00000e+00
 0.00000e+00
 0.00000e+00
 0.00000e+00
 0.00000e+00
 0.00000e+00
 0.00000e+00
 0.00000e+00
 0.00000e+00
 0.00000e+00
 0.00000e+00
 0.00000e+00
 0.00000e+00
 0.00000e+00
 0.00000e+00
 0.00000e+00
 0.00000e+00
 0.00000e+00
 0.00000e+00
 0.00000e+00
 0.00000e+00
 0.00000e+00
 0.00000e+00
 0.00000e+00
 0.00000e+00
 0.00000e+00
 0.00000e+00
 0.00000e+00
 0.00000e+00
 0.00000e+00
 0.00000e+00
 0.00000e+00
 0.00000e+00
 0.00000e+00
 0.00000e+00
 0.00000e+00
 0.00000e+00
 0.00000e+00
 0.00000e+00
 0.00000e+00
 0.00000e+00
 0.00000e+00
 0.00000e+00
 0.00000e+00
 0.00000e+00
 0.00000e+00
 0.00000e+00
 0.00000e+00
 0.00000e+00
 0.00000e+00
 0.00000e+00
 0.00000e+00
 0.00000e+00
 0.00000e+00
 0.00000e+00
 0.00000e+00
 0.00000e+00
 0.00000e+00
 0.00000e+00
 0.00000e+00
 0.00000e+00
 0.00000e+00
 0.00000e+00
 0.00000e+00
 0.00000e+00
 0.00000e+00
 0.00000e+00
 0.00000e+00
 0.00000e+00
 0.00000e+00
 0.00000e+00
 0.00000e+00
 0.00000e+00
 0.00000e+00
 0.00000e+00
 0.00000e+00
 0.00000e+00
 0.00000e+00
 0.00000e+00
 0.00000e+00
 0.00000e+00
 0.00000e+00
 0.00000e+00
 0.00000e+00
 0.00000e+00
 0.00000e+00
 0.00000e+00
 0.00000e+00
 0.00000e+00
 0.00000e+00
 0.00000e+00
 0.00000e+00
 0.00000e+00
 0.00000e+00
 0.00000e+00
 0.00000e+00
 0.00000e+00
 0.00000e+00
 0.00000e+00
 0.00000e+00
 0.00000e+00
 0.00000e+00
 0.00000e+00
 0.00000e+00
 0.00000e+00
 0.00000e+00
 0.00000e+00
 0.00000e+00
 0.00000e+00
 0.00000e+00
 0.00000e+00
 0.00000e+00
 0.00000e+00
 0.00000e+00
 0.00000e+00
 0.00000e+00
 0.00000e+00
 0.00000e+00
 0.00000e+00
 0.00000e+00
 0.00000e+00
 0.00000e+00
 0.00000e+00
 0.00000e+00
 0.00000e+00
 0.00000e+00
 0.00000e+00
 0.00000e+00
 0.00000e+00
 0.00000e+00
 0.00000e+00
 0.00000e+00
 0.00000e+00
 0.00000e+00
 0.00000e+00
 0.00000e+00
 0.00000e+00
 0.00000e+00
 0.00000e+00
 0.00000e+00
 0.00000e+00
 0.00000e+00
 0.00000e+00
 0.00000e+00
 0.00000e+00
 0.00000e+00
 0.00000e+00
 0.00000e+00
 0.00000e+00
 0.00000e+00
 0.00000e+00
 0.00000e+00
 0.00000e+00
 0.00000e+00
 0.00000e+00
 0.00000e+00
 0.00000e+00
 0.00000e+00
 0.00000e+00
 0.00000e+00
 0.00000e+00
 0.00000e+00
 0.00000e+00
 0.00000e+00
 0.00000e+00
 0.00000e+00
 0.00000e+00
 0.00000e+00
 0.00000e+00
 0.00000e+00
 0.00000e+00
 0.00000e+00
 0.00000e+00
 0.00000e+00
 0.00000e+00
 0.00000e+00
 0.00000e+00
 0.00000e+00
 0.00000e+00
 0.00000e+00
 0.00000e+00
 0.00000e+00
 0.00000e+00
 0.00000e+00
 0.00000e+00
 0.00000e+00
 0.00000e+00
 0.00000e+00
 0.00000e+00
 0.00000e+00
 0.00000e+00
 0.00000e+00
 0.00000e+00
 0.00000e+00
 0.00000e+00
 0.00000e+00
 0.00000e+00
 0.00000e+00
 0.00000e+00
 0.00000e+00
 0.00000e+00
 0.00000e+00
 0.00000e+00
 0.00000e+00
 0.00000e+00
 0.00000e+00
 0.00000e+00
 0.00000e+00
 0.00000e+00
 0.00000e+00
 0.00000e+00
 0.00000e+00
 0.00000e+00
 0.00000e+00
 0.00000e+00
 0.00000e+00
 0.00000e+00
 0.00000e+00
 0.00000e+00
 0.00000e+00
 0.00000e+00
 0.00000e+00
 0.00000e+00
 0.00000e+00
 0.00000e+00
 0.00000e+00
 0.00000e+00
 0.00000e+00
 0.00000e+00
 0.00000e+00
 0.00000e+00
 0.00000e+00
 0.00000e+00
 0.00000e+00
 0.00000e+00
 0.00000e+00
 0.00000e+00
 0.00000e+00
 0.00000e+00
 0.00000e+00
 0.00000e+00
 0.00000e+00
 0.00000e+00
 0.00000e+00
 0.00000e+00
 0.00000e+00
 0.00000e+00
 0.00000e+00
 0.00000e+00
 0.00000e+00
 0.00000e+00
 0.00000e+00
 0.00000e+00
 0.00000e+00
 0.00000e+00
 0.00000e+00
 0.00000e+00
 0.00000e+00
 0.00000e+00
 0.00000e+00
 0.00000e+00
 0.00000e+00
 0.00000e+00
 0.00000e+00
 0.00000e+00
 0.00000e+00
 0.00000e+00
 0.00000e+00
