PseudoViscosity
part
         1
quad4
 3.52266e-07
 5.31964e-07
 5.27210e-07
 5.81947e-07
 7.12638e-07
 7.43296e-07
 7.32364e-07
 8.21462e-07
 8.64808e-07
 9.14866e-07
 9.73578e-07
 1.01898e-06
 1.08181e-06
 1.13774e-06
 1.18705e-06
 1.22990e-06
 1.30183e-06
 1.36514e-06
 1.44842e-06
 1.51510e-06
 1.61416e-06
 1.68442e-06
 1.78486e-06
 1.86370e-06
 1.99444e-06
 2.09204e-06
 2.23706e-06
 2.36055e-06
 2.52156e-06
 2.66873e-06
 2.86410e-06
 3.05728e-06
 3.27287e-06
 3.53581e-06
 3.81520e-06
 4.11747e-06
 4.49149e-06
 4.92501e-06
 5.42084e-06
 5.96384e-06
 6.67337e-06
 7.52449e-06
 8.46856e-06
 9.78130e-06
 1.15924e-05
 1.37109e-05
 1.73512e-05
 2.78423e-05
 5.46835e-05
 1.06210e-04
 1.80939e-04
 2.61841e-04
 3.12748e-04
 2.68617e-04
 3.19965e-05
 1.00527e-06
 0.00000e+00
 0.00000e+00
 1.24375e-03
 2.16407e-05
 5.31964e-07
 5.34854e-07
 5.43275e-07
 5.84414e-07
 6.74491e-07
 6.32284e-07
 6.36913e-07
 7.32996e-07
 7.70469e-07
 8.35506e-07
 8.98485e-07
 9.55766e-07
 1.02540e-06
 1.08944e-06
 1.13992e-06
 1.21167e-06
 1.26370e-06
 1.36602e-06
 1.41535e-06
 1.52540e-06
 1.58502e-06
 1.69718e-06
 1.76564e-06
 1.89296e-06
 1.97577e-06
 2.11512e-06
 2.23375e-06
 2.36976e-06
 2.52839e-06
 2.70079e-06
 2.85778e-06
 3.06872e-06
 3.30078e-06
 3.53585e-06
 3.80957e-06
 4.16690e-06
 4.53312e-06
 4.91360e-06
 5.42457e-06
 6.02458e-06
 6.71222e-06
 7.48668e-06
 8.45647e-06
 9.88546e-06
 1.17093e-05
 1.36936e-05
 1.73332e-05
 2.81624e-05
 5.54648e-05
 1.07190e-04
 1.81908e-04
 2.63010e-04
 3.14209e-04
 2.69156e-04
 2.92327e-05
 9.03116e-07
 0.00000e+00
 0.00000e+00
 1.23533e-03
 2.15065e-05
 5.27210e-07
 5.43275e-07
 5.59550e-07
 5.30591e-07
 6.05542e-07
 6.09189e-07
 6.08451e-07
 7.39298e-07
 7.57842e-07
 8.38158e-07
 8.89325e-07
 9.60866e-07
 1.02238e-06
 1.09329e-06
 1.16362e-06
 1.21149e-06
 1.29497e-06
 1.35104e-06
 1.44006e-06
 1.52064e-06
 1.60673e-06
 1.69662e-06
 1.78316e-06
 1.89793e-06
 1.99803e-06
 2.13001e-06
 2.24297e-06
 2.40416e-06
 2.52887e-06
 2.69952e-06
 2.88410e-06
 3.09328e-06
 3.30147e-06
 3.56829e-06
 3.85427e-06
 4.16252e-06
 4.51241e-06
 4.96568e-06
 5.49683e-06
 6.02036e-06
 6.69185e-06
 7.56831e-06
 8.57828e-06
 9.89414e-06
 1.16145e-05
 1.37086e-05
 1.75797e-05
 2.85974e-05
 5.62070e-05
 1.08727e-04
 1.84578e-04
 2.66247e-04
 3.16211e-04
 2.67004e-04
 2.07992e-05
 5.89990e-07
 0.00000e+00
 0.00000e+00
 1.21862e-03
 2.12362e-05
 5.81947e-07
 5.84414e-07
 5.30591e-07
 5.67974e-07
 6.05324e-07
 6.23640e-07
 6.96152e-07
 7.53730e-07
 8.10152e-07
 8.77083e-07
 9.41250e-07
 1.00631e-06
 1.07359e-06
 1.13298e-06
 1.18856e-06
 1.25045e-06
 1.31525e-06
 1.38553e-06
 1.47465e-06
 1.53535e-06
 1.64891e-06
 1.71321e-06
 1.83942e-06
 1.91306e-06
 2.03493e-06
 2.15373e-06
 2.27805e-06
 2.41851e-06
 2.56816e-06
 2.74185e-06
 2.91069e-06
 3.11932e-06
 3.33643e-06
 3.60606e-06
 3.87154e-06
 4.21003e-06
 4.58553e-06
 5.01073e-06
 5.49097e-06
 6.04932e-06
 6.79946e-06
 7.64284e-06
 8.56916e-06
 9.92035e-06
 1.17892e-05
 1.39208e-05
 1.77450e-05
 2.90649e-05
 5.77376e-05
 1.11819e-04
 1.88805e-04
 2.70294e-04
 3.18160e-04
 2.63708e-04
 9.02800e-06
 1.50027e-07
 0.00000e+00
 0.00000e+00
 1.19233e-03
 2.08034e-05
 7.12638e-07
 6.74491e-07
 6.05542e-07
 6.05324e-07
 6.27334e-07
 6.58552e-07
 7.19824e-07
 7.72728e-07
 8.39064e-07
 8.94284e-07
 9.69027e-07
 1.02658e-06
 1.08584e-06
 1.14656e-06
 1.21042e-06
 1.27792e-06
 1.33882e-06
 1.42819e-06
 1.49307e-06
 1.60557e-06
 1.67600e-06
 1.76973e-06
 1.85235e-06
 1.94849e-06
 2.07502e-06
 2.16747e-06
 2.32233e-06
 2.44243e-06
 2.61511e-06
 2.76586e-06
 2.95772e-06
 3.15839e-06
 3.38403e-06
 3.64085e-06
 3.91739e-06
 4.25750e-06
 4.61469e-06
 5.04782e-06
 5.55546e-06
 6.13274e-06
 6.85412e-06
 7.66346e-06
 8.62265e-06
 1.00661e-05
 1.19223e-05
 1.39374e-05
 1.78372e-05
 2.98599e-05
 5.99881e-05
 1.15821e-04
 1.94016e-04
 2.75372e-04
 3.20742e-04
 2.59203e-04
 5.08728e-06
 0.00000e+00
 0.00000e+00
 0.00000e+00
 1.15791e-03
 2.02297e-05
 7.43296e-07
 6.32284e-07
 6.09189e-07
 6.23640e-07
 6.58552e-07
 7.06835e-07
 7.60494e-07
 8.23639e-07
 8.73794e-07
 9.51034e-07
 9.98870e-07
 1.06692e-06
 1.12185e-06
 1.18900e-06
 1.25952e-06
 1.32340e-06
 1.40331e-06
 1.47381e-06
 1.56241e-06
 1.63988e-06
 1.69305e-06
 1.81016e-06
 1.87580e-06
 2.00089e-06
 2.09564e-06
 2.23682e-06
 2.36012e-06
 2.50036e-06
 2.65410e-06
 2.80986e-06
 3.00663e-06
 3.20214e-06
 3.43718e-06
 3.69394e-06
 3.97675e-06
 4.31753e-06
 4.67365e-06
 5.12389e-06
 5.62639e-06
 6.19739e-06
 6.92805e-06
 7.73862e-06
 8.73937e-06
 1.02141e-05
 1.20443e-05
 1.40058e-05
 1.81403e-05
 3.10938e-05
 6.29880e-05
 1.20925e-04
 2.00600e-04
 2.81782e-04
 3.23830e-04
 2.52906e-04
 5.16585e-06
 0.00000e+00
 0.00000e+00
 0.00000e+00
 1.11702e-03
 1.95392e-05
 7.32364e-07
 6.36913e-07
 6.08451e-07
 6.96152e-07
 7.19824e-07
 7.60494e-07
 8.16823e-07
 8.60601e-07
 9.36873e-07
 9.79544e-07
 1.05662e-06
 1.10166e-06
 1.17603e-06
 1.24967e-06
 1.32246e-06
 1.38443e-06
 1.44836e-06
 1.51146e-06
 1.59641e-06
 1.64961e-06
 1.77331e-06
 1.83807e-06
 1.94972e-06
 2.05098e-06
 2.16748e-06
 2.29377e-06
 2.40392e-06
 2.56041e-06
 2.70437e-06
 2.87195e-06
 3.06420e-06
 3.24928e-06
 3.50175e-06
 3.74360e-06
 4.04801e-06
 4.38096e-06
 4.74331e-06
 5.20134e-06
 5.69168e-06
 6.27592e-06
 7.01926e-06
 7.83834e-06
 8.85535e-06
 1.03707e-05
 1.21648e-05
 1.41000e-05
 1.85602e-05
 3.26957e-05
 6.67644e-05
 1.27240e-04
 2.08631e-04
 2.89432e-04
 3.27124e-04
 2.44126e-04
 5.23944e-06
 0.00000e+00
 0.00000e+00
 0.00000e+00
 1.07267e-03
 1.87803e-05
 8.21462e-07
 7.32996e-07
 7.39298e-07
 7.53730e-07
 7.72728e-07
 8.23639e-07
 8.60601e-07
 9.36110e-07
 9.69316e-07
 1.05387e-06
 1.08896e-06
 1.17383e-06
 1.24291e-06
 1.31088e-06
 1.36608e-06
 1.42129e-06
 1.47235e-06
 1.56453e-06
 1.63670e-06
 1.74248e-06
 1.81653e-06
 1.90877e-06
 2.01718e-06
 2.10500e-06
 2.22744e-06
 2.34017e-06
 2.46784e-06
 2.62174e-06
 2.74800e-06
 2.94359e-06
 3.11209e-06
 3.33039e-06
 3.56843e-06
 3.81264e-06
 4.12116e-06
 4.44474e-06
 4.81933e-06
 5.28521e-06
 5.76996e-06
 6.36913e-06
 7.12956e-06
 7.93254e-06
 8.99085e-06
 1.05542e-05
 1.23251e-05
 1.42358e-05
 1.91268e-05
 3.47283e-05
 7.13846e-05
 1.34746e-04
 2.17966e-04
 2.98072e-04
 3.30161e-04
 2.32248e-04
 5.11331e-06
 0.00000e+00
 0.00000e+00
 0.00000e+00
 1.02915e-03
 1.80234e-05
 8.64808e-07
 7.70469e-07
 7.57842e-07
 8.10152e-07
 8.39064e-07
 8.73794e-07
 9.36873e-07
 9.69316e-07
 1.05182e-06
 1.08448e-06
 1.17524e-06
 1.23481e-06
 1.28522e-06
 1.35467e-06
 1.40549e-06
 1.45693e-06
 1.55262e-06
 1.63931e-06
 1.71853e-06
 1.79563e-06
 1.87830e-06
 1.98495e-06
 2.05561e-06
 2.16820e-06
 2.29029e-06
 2.38449e-06
 2.55085e-06
 2.66261e-06
 2.83232e-06
 3.00568e-06
 3.17644e-06
 3.40503e-06
 3.63558e-06
 3.89244e-06
 4.21771e-06
 4.52879e-06
 4.92546e-06
 5.38777e-06
 5.86416e-06
 6.49927e-06
 7.25761e-06
 8.05978e-06
 9.15521e-06
 1.07801e-05
 1.24953e-05
 1.44019e-05
 1.98915e-05
 3.73343e-05
 7.70851e-05
 1.43767e-04
 2.28912e-04
 3.07820e-04
 3.32710e-04
 2.16283e-04
 4.92156e-06
 0.00000e+00
 0.00000e+00
 0.00000e+00
 9.84616e-04
 1.72320e-05
 9.14866e-07
 8.35506e-07
 8.38158e-07
 8.77083e-07
 8.94284e-07
 9.51034e-07
 9.79544e-07
 1.05387e-06
 1.08448e-06
 1.17606e-06
 1.22732e-06
 1.26139e-06
 1.35764e-06
 1.40118e-06
 1.45767e-06
 1.55657e-06
 1.62820e-06
 1.70062e-06
 1.77795e-06
 1.85910e-06
 1.95676e-06
 2.02235e-06
 2.12209e-06
 2.25297e-06
 2.32358e-06
 2.48348e-06
 2.60793e-06
 2.73794e-06
 2.91666e-06
 3.07037e-06
 3.25915e-06
 3.50144e-06
 3.70615e-06
 3.99486e-06
 4.29794e-06
 4.61446e-06
 5.03780e-06
 5.48893e-06
 5.97728e-06
 6.64030e-06
 7.40447e-06
 8.19241e-06
 9.36993e-06
 1.10357e-05
 1.26659e-05
 1.45857e-05
 2.09072e-05
 4.06432e-05
 8.40048e-05
 1.54296e-04
 2.41298e-04
 3.18314e-04
 3.34206e-04
 1.95088e-04
 4.63842e-06
 0.00000e+00
 0.00000e+00
 0.00000e+00
 9.03388e-04
 1.57767e-05
 9.73578e-07
 8.98485e-07
 8.89325e-07
 9.41250e-07
 9.69027e-07
 9.98870e-07
 1.05662e-06
 1.08896e-06
 1.17524e-06
 1.22732e-06
 1.25203e-06
 1.36575e-06
 1.40007e-06
 1.46350e-06
 1.56975e-06
 1.60653e-06
 1.69617e-06
 1.76094e-06
 1.83823e-06
 1.94168e-06
 2.01175e-06
 2.07370e-06
 2.22252e-06
 2.28953e-06
 2.42773e-06
 2.56929e-06
 2.67104e-06
 2.82962e-06
 2.99869e-06
 3.13869e-06
 3.37472e-06
 3.57139e-06
 3.79827e-06
 4.10073e-06
 4.39163e-06
 4.72707e-06
 5.16973e-06
 5.60197e-06
 6.10230e-06
 6.80483e-06
 7.53353e-06
 8.33582e-06
 9.59574e-06
 1.13164e-05
 1.28316e-05
 1.48433e-05
 2.22814e-05
 4.48166e-05
 9.22941e-05
 1.66482e-04
 2.55214e-04
 3.29442e-04
 3.33916e-04
 1.67330e-04
 4.23198e-06
 0.00000e+00
 0.00000e+00
 0.00000e+00
 7.39536e-04
 1.28587e-05
 1.01898e-06
 9.55766e-07
 9.60866e-07
 1.00631e-06
 1.02658e-06
 1.06692e-06
 1.10166e-06
 1.17383e-06
 1.23481e-06
 1.26139e-06
 1.36575e-06
 1.40008e-06
 1.46824e-06
 1.58371e-06
 1.58684e-06
 1.67610e-06
 1.76125e-06
 1.83009e-06
 1.92743e-06
 1.98946e-06
 2.04601e-06
 2.20516e-06
 2.26764e-06
 2.37854e-06
 2.53469e-06
 2.62992e-06
 2.74784e-06
 2.93521e-06
 3.04921e-06
 3.24718e-06
 3.46662e-06
 3.65421e-06
 3.91604e-06
 4.22048e-06
 4.48308e-06
 4.85663e-06
 5.29361e-06
 5.70022e-06
 6.25516e-06
 6.98057e-06
 7.69210e-06
 8.51654e-06
 9.90828e-06
 1.16211e-05
 1.29818e-05
 1.51784e-05
 2.41115e-05
 5.00321e-05
 1.02187e-04
 1.80491e-04
 2.70692e-04
 3.41099e-04
 3.30580e-04
 1.31381e-04
 3.65795e-06
 0.00000e+00
 0.00000e+00
 0.00000e+00
 5.12329e-04
 8.84205e-06
 1.08181e-06
 1.02540e-06
 1.02238e-06
 1.07359e-06
 1.08584e-06
 1.12185e-06
 1.17603e-06
 1.24291e-06
 1.28522e-06
 1.35764e-06
 1.40007e-06
 1.46824e-06
 1.58894e-06
 1.57043e-06
 1.65759e-06
 1.77851e-06
 1.80825e-06
 1.90785e-06
 1.99681e-06
 2.02725e-06
 2.17231e-06
 2.26910e-06
 2.34735e-06
 2.49595e-06
 2.59909e-06
 2.67761e-06
 2.87228e-06
 2.99463e-06
 3.14300e-06
 3.36960e-06
 3.55727e-06
 3.74545e-06
 4.05356e-06
 4.31021e-06
 4.59715e-06
 5.01790e-06
 5.43161e-06
 5.84191e-06
 6.44486e-06
 7.17506e-06
 7.82665e-06
 8.73484e-06
 1.02542e-05
 1.19365e-05
 1.31032e-05
 1.56621e-05
 2.65777e-05
 5.65770e-05
 1.13904e-04
 1.96399e-04
 2.87686e-04
 3.52781e-04
 3.22975e-04
 8.51430e-05
 2.86133e-06
 0.00000e+00
 0.00000e+00
 0.00000e+00
 2.70781e-04
 4.61884e-06
 1.13774e-06
 1.08944e-06
 1.09329e-06
 1.13298e-06
 1.14656e-06
 1.18900e-06
 1.24967e-06
 1.31088e-06
 1.35467e-06
 1.40118e-06
 1.46350e-06
 1.58371e-06
 1.57043e-06
 1.65115e-06
 1.78718e-06
 1.80222e-06
 1.89770e-06
 1.99424e-06
 2.02246e-06
 2.16765e-06
 2.27316e-06
 2.31380e-06
 2.45206e-06
 2.59086e-06
 2.63378e-06
 2.81315e-06
 2.96437e-06
 3.07217e-06
 3.27280e-06
 3.48908e-06
 3.62617e-06
 3.89505e-06
 4.18306e-06
 4.41045e-06
 4.74276e-06
 5.18105e-06
 5.54770e-06
 5.98467e-06
 6.67053e-06
 7.35902e-06
 7.99085e-06
 9.00870e-06
 1.06774e-05
 1.22245e-05
 1.31907e-05
 1.63697e-05
 2.98733e-05
 6.46853e-05
 1.27666e-04
 2.14396e-04
 3.06189e-04
 3.63922e-04
 3.09597e-04
 2.68918e-05
 7.80955e-07
 0.00000e+00
 0.00000e+00
 0.00000e+00
 3.10479e-05
 5.03890e-07
 1.18705e-06
 1.13992e-06
 1.16362e-06
 1.18856e-06
 1.21042e-06
 1.25952e-06
 1.32246e-06
 1.36608e-06
 1.40549e-06
 1.45767e-06
 1.56975e-06
 1.58684e-06
 1.65759e-06
 1.78718e-06
 1.80325e-06
 1.87675e-06
 2.01265e-06
 2.03060e-06
 2.14512e-06
 2.25954e-06
 2.30903e-06
 2.42149e-06
 2.57852e-06
 2.59956e-06
 2.76108e-06
 2.94651e-06
 3.03447e-06
 3.18118e-06
 3.42264e-06
 3.54795e-06
 3.74587e-06
 4.05221e-06
 4.28923e-06
 4.52278e-06
 4.93861e-06
 5.34723e-06
 5.67379e-06
 6.19382e-06
 6.91215e-06
 7.54132e-06
 8.16304e-06
 9.38525e-06
 1.11495e-05
 1.24658e-05
 1.32419e-05
 1.74399e-05
 3.42789e-05
 7.46703e-05
 1.43776e-04
 2.34656e-04
 3.26027e-04
 3.73569e-04
 2.87898e-04
 6.04703e-06
 0.00000e+00
 0.00000e+00
 0.00000e+00
 0.00000e+00
 2.23562e-07
 0.00000e+00
 1.22990e-06
 1.21167e-06
 1.21149e-06
 1.25045e-06
 1.27792e-06
 1.32340e-06
 1.38443e-06
 1.42129e-06
 1.45693e-06
 1.55657e-06
 1.60653e-06
 1.67610e-06
 1.77851e-06
 1.80222e-06
 1.87675e-06
 2.02166e-06
 2.02684e-06
 2.13116e-06
 2.25989e-06
 2.30407e-06
 2.38427e-06
 2.56183e-06
 2.59735e-06
 2.72444e-06
 2.92682e-06
 3.00894e-06
 3.10172e-06
 3.35563e-06
 3.50830e-06
 3.64340e-06
 3.92188e-06
 4.20987e-06
 4.37549e-06
 4.69549e-06
 5.14076e-06
 5.46737e-06
 5.81626e-06
 6.44289e-06
 7.17208e-06
 7.68869e-06
 8.39676e-06
 9.84314e-06
 1.16401e-05
 1.25888e-05
 1.32972e-05
 1.90685e-05
 4.01219e-05
 8.69187e-05
 1.62457e-04
 2.57204e-04
 3.46942e-04
 3.80435e-04
 2.55388e-04
 5.67596e-06
 0.00000e+00
 0.00000e+00
 0.00000e+00
 0.00000e+00
 0.00000e+00
 0.00000e+00
 1.30183e-06
 1.26370e-06
 1.29497e-06
 1.31525e-06
 1.33882e-06
 1.40331e-06
 1.44836e-06
 1.47235e-06
 1.55262e-06
 1.62820e-06
 1.69617e-06
 1.76125e-06
 1.80825e-06
 1.89770e-06
 2.01265e-06
 2.02684e-06
 2.12434e-06
 2.26113e-06
 2.29871e-06
 2.37403e-06
 2.55682e-06
 2.59717e-06
 2.68347e-06
 2.90078e-06
 3.00639e-06
 3.04272e-06
 3.28607e-06
 3.48693e-06
 3.58131e-06
 3.79630e-06
 4.12396e-06
 4.29279e-06
 4.49948e-06
 4.92892e-06
 5.33369e-06
 5.58697e-06
 6.02397e-06
 6.76119e-06
 7.38042e-06
 7.82924e-06
 8.70778e-06
 1.04351e-05
 1.20955e-05
 1.25697e-05
 1.34326e-05
 2.15332e-05
 4.78697e-05
 1.01882e-04
 1.83986e-04
 2.82168e-04
 3.68343e-04
 3.82699e-04
 2.08076e-04
 5.04750e-06
 0.00000e+00
 0.00000e+00
 0.00000e+00
 0.00000e+00
 0.00000e+00
 0.00000e+00
 1.36514e-06
 1.36602e-06
 1.35104e-06
 1.38553e-06
 1.42819e-06
 1.47381e-06
 1.51146e-06
 1.56453e-06
 1.63931e-06
 1.70062e-06
 1.76094e-06
 1.83009e-06
 1.90785e-06
 1.99424e-06
 2.03060e-06
 2.13116e-06
 2.26113e-06
 2.29834e-06
 2.36006e-06
 2.54942e-06
 2.60202e-06
 2.67754e-06
 2.88087e-06
 3.00397e-06
 2.99907e-06
 3.22310e-06
 3.47160e-06
 3.55487e-06
 3.68511e-06
 4.02642e-06
 4.24641e-06
 4.37454e-06
 4.71123e-06
 5.18578e-06
 5.45653e-06
 5.71009e-06
 6.32958e-06
 7.08330e-06
 7.55882e-06
 7.98272e-06
 9.18745e-06
 1.11066e-05
 1.24300e-05
 1.23556e-05
 1.38228e-05
 2.52409e-05
 5.80099e-05
 1.19887e-04
 2.08587e-04
 3.09511e-04
 3.89541e-04
 3.76982e-04
 1.41076e-04
 4.00150e-06
 0.00000e+00
 0.00000e+00
 0.00000e+00
 0.00000e+00
 0.00000e+00
 0.00000e+00
 1.44842e-06
 1.41535e-06
 1.44006e-06
 1.47465e-06
 1.49307e-06
 1.56241e-06
 1.59641e-06
 1.63670e-06
 1.71853e-06
 1.77795e-06
 1.83823e-06
 1.92743e-06
 1.99681e-06
 2.02246e-06
 2.14512e-06
 2.25989e-06
 2.29871e-06
 2.36006e-06
 2.55588e-06
 2.60651e-06
 2.66324e-06
 2.85212e-06
 2.99856e-06
 2.98765e-06
 3.17836e-06
 3.46450e-06
 3.54409e-06
 3.59792e-06
 3.92374e-06
 4.20955e-06
 4.30903e-06
 4.52241e-06
 5.01239e-06
 5.38461e-06
 5.53962e-06
 5.94475e-06
 6.72026e-06
 7.37495e-06
 7.64566e-06
 8.24957e-06
 9.84624e-06
 1.18273e-05
 1.25386e-05
 1.19758e-05
 1.47341e-05
 3.06946e-05
 7.10553e-05
 1.41442e-04
 2.36655e-04
 3.39173e-04
 4.09392e-04
 3.59298e-04
 4.96453e-05
 1.57547e-06
 0.00000e+00
 0.00000e+00
 0.00000e+00
 0.00000e+00
 0.00000e+00
 0.00000e+00
 1.51510e-06
 1.52540e-06
 1.52064e-06
 1.53535e-06
 1.60557e-06
 1.63988e-06
 1.64961e-06
 1.74248e-06
 1.79563e-06
 1.85910e-06
 1.94168e-06
 1.98946e-06
 2.02725e-06
 2.16765e-06
 2.25954e-06
 2.30407e-06
 2.37403e-06
 2.54942e-06
 2.60651e-06
 2.66053e-06
 2.84851e-06
 3.00237e-06
 2.98423e-06
 3.13531e-06
 3.44204e-06
 3.55569e-06
 3.53827e-06
 3.83685e-06
 4.18598e-06
 4.29607e-06
 4.39169e-06
 4.82958e-06
 5.30284e-06
 5.47502e-06
 5.66099e-06
 6.31596e-06
 7.14517e-06
 7.52639e-06
 7.72979e-06
 8.68624e-06
 1.07086e-05
 1.24297e-05
 1.22929e-05
 1.15101e-05
 1.66125e-05
 3.85780e-05
 8.76756e-05
 1.66875e-04
 2.68206e-04
 3.70709e-04
 4.25340e-04
 3.23756e-04
 7.04021e-06
 0.00000e+00
 0.00000e+00
 0.00000e+00
 0.00000e+00
 0.00000e+00
 0.00000e+00
 0.00000e+00
 1.61416e-06
 1.58502e-06
 1.60673e-06
 1.64891e-06
 1.67600e-06
 1.69305e-06
 1.77331e-06
 1.81653e-06
 1.87830e-06
 1.95676e-06
 2.01175e-06
 2.04601e-06
 2.17231e-06
 2.27316e-06
 2.30903e-06
 2.38427e-06
 2.55682e-06
 2.60202e-06
 2.66324e-06
 2.84851e-06
 2.99429e-06
 2.98073e-06
 3.12224e-06
 3.42793e-06
 3.56583e-06
 3.50546e-06
 3.74812e-06
 4.15453e-06
 4.30011e-06
 4.30733e-06
 4.65300e-06
 5.19939e-06
 5.46444e-06
 5.50960e-06
 5.93477e-06
 6.82584e-06
 7.45512e-06
 7.56065e-06
 7.90489e-06
 9.45505e-06
 1.17047e-05
 1.27734e-05
 1.16304e-05
 1.12427e-05
 2.00861e-05
 4.96685e-05
 1.08563e-04
 1.96690e-04
 3.03514e-04
 4.03403e-04
 4.33806e-04
 2.64502e-04
 6.06311e-06
 0.00000e+00
 0.00000e+00
 0.00000e+00
 0.00000e+00
 0.00000e+00
 0.00000e+00
 0.00000e+00
 1.68442e-06
 1.69718e-06
 1.69662e-06
 1.71321e-06
 1.76973e-06
 1.81016e-06
 1.83807e-06
 1.90877e-06
 1.98495e-06
 2.02235e-06
 2.07370e-06
 2.20516e-06
 2.26910e-06
 2.31380e-06
 2.42149e-06
 2.56183e-06
 2.59717e-06
 2.67754e-06
 2.85212e-06
 3.00237e-06
 2.98073e-06
 3.11412e-06
 3.41238e-06
 3.56378e-06
 3.49176e-06
 3.69212e-06
 4.12855e-06
 4.31888e-06
 4.25669e-06
 4.51098e-06
 5.07899e-06
 5.46584e-06
 5.46606e-06
 5.65909e-06
 6.45688e-06
 7.33217e-06
 7.57624e-06
 7.51336e-06
 8.37144e-06
 1.05273e-05
 1.26284e-05
 1.25809e-05
 1.05610e-05
 1.16341e-05
 2.59472e-05
 6.47820e-05
 1.34277e-04
 2.31224e-04
 3.42521e-04
 4.35310e-04
 4.29004e-04
 1.70730e-04
 4.67573e-06
 0.00000e+00
 0.00000e+00
 0.00000e+00
 0.00000e+00
 0.00000e+00
 0.00000e+00
 0.00000e+00
 1.78486e-06
 1.76564e-06
 1.78316e-06
 1.83942e-06
 1.85235e-06
 1.87580e-06
 1.94972e-06
 2.01718e-06
 2.05561e-06
 2.12209e-06
 2.22252e-06
 2.26764e-06
 2.34735e-06
 2.45206e-06
 2.57852e-06
 2.59735e-06
 2.68347e-06
 2.88087e-06
 2.99856e-06
 2.98423e-06
 3.12224e-06
 3.41238e-06
 3.56971e-06
 3.48827e-06
 3.64858e-06
 4.09582e-06
 4.34560e-06
 4.24433e-06
 4.40439e-06
 4.96573e-06
 5.44960e-06
 5.48185e-06
 5.48371e-06
 6.10013e-06
 7.10092e-06
 7.64125e-06
 7.45329e-06
 7.64928e-06
 9.28527e-06
 1.18531e-05
 1.31803e-05
 1.16663e-05
 9.31819e-06
 1.34698e-05
 3.53695e-05
 8.49089e-05
 1.65342e-04
 2.70859e-04
 3.85029e-04
 4.64096e-04
 4.01836e-04
 3.26251e-05
 9.03887e-07
 0.00000e+00
 0.00000e+00
 0.00000e+00
 0.00000e+00
 0.00000e+00
 0.00000e+00
 0.00000e+00
 1.86370e-06
 1.89296e-06
 1.89793e-06
 1.91306e-06
 1.94849e-06
 2.00089e-06
 2.05098e-06
 2.10500e-06
 2.16820e-06
 2.25297e-06
 2.28953e-06
 2.37854e-06
 2.49595e-06
 2.59086e-06
 2.59956e-06
 2.72444e-06
 2.90078e-06
 3.00397e-06
 2.98765e-06
 3.13531e-06
 3.42793e-06
 3.56378e-06
 3.48827e-06
 3.64540e-06
 4.08266e-06
 4.36164e-06
 4.23678e-06
 4.30938e-06
 4.85573e-06
 5.42209e-06
 5.51670e-06
 5.40461e-06
 5.80357e-06
 6.82493e-06
 7.63292e-06
 7.56982e-06
 7.29458e-06
 8.21142e-06
 1.07109e-05
 1.30949e-05
 1.29892e-05
 1.00011e-05
 8.49955e-06
 1.78403e-05
 4.94828e-05
 1.10932e-04
 2.02379e-04
 3.15950e-04
 4.30010e-04
 4.83959e-04
 3.40508e-04
 7.55930e-06
 0.00000e+00
 0.00000e+00
 0.00000e+00
 0.00000e+00
 0.00000e+00
 0.00000e+00
 0.00000e+00
 1.72967e-04
 1.99444e-06
 1.97577e-06
 1.99803e-06
 2.03493e-06
 2.07502e-06
 2.09564e-06
 2.16748e-06
 2.22744e-06
 2.29029e-06
 2.32358e-06
 2.42773e-06
 2.53469e-06
 2.59909e-06
 2.63378e-06
 2.76108e-06
 2.92682e-06
 3.00639e-06
 2.99907e-06
 3.17836e-06
 3.44204e-06
 3.56583e-06
 3.49176e-06
 3.64858e-06
 4.08266e-06
 4.35280e-06
 4.23599e-06
 4.25914e-06
 4.79350e-06
 5.41853e-06
 5.55684e-06
 5.38232e-06
 5.58642e-06
 6.53211e-06
 7.56775e-06
 7.72942e-06
 7.25443e-06
 7.46430e-06
 9.50221e-06
 1.24361e-05
 1.37875e-05
 1.16820e-05
 7.85587e-06
 9.06632e-06
 2.61879e-05
 6.93806e-05
 1.43580e-04
 2.46174e-04
 3.66656e-04
 4.74853e-04
 4.86014e-04
 2.30167e-04
 5.79485e-06
 0.00000e+00
 0.00000e+00
 0.00000e+00
 0.00000e+00
 0.00000e+00
 0.00000e+00
 8.08609e-05
 2.04812e-04
 2.09204e-06
 2.11512e-06
 2.13001e-06
 2.15373e-06
 2.16747e-06
 2.23682e-06
 2.29377e-06
 2.34017e-06
 2.38449e-06
 2.48348e-06
 2.56929e-06
 2.62992e-06
 2.67761e-06
 2.81315e-06
 2.94651e-06
 3.00894e-06
 3.04272e-06
 3.22310e-06
 3.46450e-06
 3.55569e-06
 3.50546e-06
 3.69212e-06
 4.09582e-06
 4.36164e-06
 4.23599e-06
 4.25697e-06
 4.75980e-06
 5.40860e-06
 5.58382e-06
 5.37175e-06
 5.43889e-06
 6.28160e-06
 7.44778e-06
 7.88000e-06
 7.36042e-06
 7.04507e-06
 8.41709e-06
 1.14229e-05
 1.39300e-05
 1.32956e-05
 9.21262e-06
 5.96173e-06
 1.25095e-05
 4.00516e-05
 9.64544e-05
 1.83637e-04
 2.97117e-04
 4.22650e-04
 5.15016e-04
 4.54945e-04
 5.04844e-05
 1.49954e-06
 0.00000e+00
 0.00000e+00
 0.00000e+00
 0.00000e+00
 0.00000e+00
 0.00000e+00
 3.58097e-04
 1.24060e-04
 2.23706e-06
 2.23375e-06
 2.24297e-06
 2.27805e-06
 2.32233e-06
 2.36012e-06
 2.40392e-06
 2.46784e-06
 2.55085e-06
 2.60793e-06
 2.67104e-06
 2.74784e-06
 2.87228e-06
 2.96437e-06
 3.03447e-06
 3.10172e-06
 3.28607e-06
 3.47160e-06
 3.54409e-06
 3.53827e-06
 3.74812e-06
 4.12855e-06
 4.34560e-06
 4.23678e-06
 4.25914e-06
 4.75980e-06
 5.39971e-06
 5.58469e-06
 5.36619e-06
 5.36049e-06
 6.10711e-06
 7.31744e-06
 7.97058e-06
 7.53982e-06
 6.85870e-06
 7.60200e-06
 1.03318e-05
 1.35679e-05
 1.44150e-05
 1.12141e-05
 6.04260e-06
 5.74906e-06
 2.08581e-05
 6.10421e-05
 1.31730e-04
 2.32059e-04
 3.55819e-04
 4.82028e-04
 5.40408e-04
 3.69697e-04
 8.46157e-06
 0.00000e+00
 0.00000e+00
 0.00000e+00
 0.00000e+00
 0.00000e+00
 0.00000e+00
 0.00000e+00
 3.92650e-04
 4.43396e-05
 2.36055e-06
 2.36976e-06
 2.40416e-06
 2.41851e-06
 2.44243e-06
 2.50036e-06
 2.56041e-06
 2.62174e-06
 2.66261e-06
 2.73794e-06
 2.82962e-06
 2.93521e-06
 2.99463e-06
 3.07217e-06
 3.18118e-06
 3.35563e-06
 3.48693e-06
 3.55487e-06
 3.59792e-06
 3.83685e-06
 4.15453e-06
 4.31888e-06
 4.24433e-06
 4.30938e-06
 4.79350e-06
 5.40860e-06
 5.58469e-06
 5.36675e-06
 5.33848e-06
 6.01219e-06
 7.19105e-06
 7.99989e-06
 7.73475e-06
 6.87771e-06
 7.06693e-06
 9.35087e-06
 1.28846e-05
 1.49579e-05
 1.30899e-05
 7.58991e-06
 3.32379e-06
 9.27433e-06
 3.60171e-05
 9.07442e-05
 1.76011e-04
 2.89585e-04
 4.22573e-04
 5.39402e-04
 5.34254e-04
 2.03069e-04
 5.53729e-06
 0.00000e+00
 0.00000e+00
 0.00000e+00
 0.00000e+00
 0.00000e+00
 0.00000e+00
 2.25979e-04
 2.46674e-04
 9.26468e-06
 2.52156e-06
 2.52839e-06
 2.52887e-06
 2.56816e-06
 2.61511e-06
 2.65410e-06
 2.70437e-06
 2.74800e-06
 2.83232e-06
 2.91666e-06
 2.99869e-06
 3.04921e-06
 3.14300e-06
 3.27280e-06
 3.42264e-06
 3.50830e-06
 3.58131e-06
 3.68511e-06
 3.92374e-06
 4.18598e-06
 4.30011e-06
 4.25669e-06
 4.40439e-06
 4.85573e-06
 5.41853e-06
 5.58382e-06
 5.36619e-06
 5.33848e-06
 5.96463e-06
 7.13572e-06
 8.01592e-06
 7.86768e-06
 6.94193e-06
 6.71020e-06
 8.51421e-06
 1.20741e-05
 1.50576e-05
 1.45728e-05
 9.60951e-06
 3.35242e-06
 3.10728e-06
 1.91441e-05
 5.99770e-05
 1.30385e-04
 2.30633e-04
 3.57403e-04
 4.95850e-04
 5.84371e-04
 4.66551e-04
 1.08266e-05
 0.00000e+00
 0.00000e+00
 0.00000e+00
 0.00000e+00
 0.00000e+00
 0.00000e+00
 0.00000e+00
 4.23417e-04
 9.33903e-05
 1.26335e-06
 2.66873e-06
 2.70079e-06
 2.69952e-06
 2.74185e-06
 2.76586e-06
 2.80986e-06
 2.87195e-06
 2.94359e-06
 3.00568e-06
 3.07037e-06
 3.13869e-06
 3.24718e-06
 3.36960e-06
 3.48908e-06
 3.54795e-06
 3.64340e-06
 3.79630e-06
 4.02642e-06
 4.20955e-06
 4.29607e-06
 4.30733e-06
 4.51098e-06
 4.96573e-06
 5.42209e-06
 5.55684e-06
 5.37175e-06
 5.36049e-06
 6.01219e-06
 7.13572e-06
 8.02269e-06
 7.94894e-06
 6.99994e-06
 6.54124e-06
 7.98031e-06
 1.14166e-05
 1.48886e-05
 1.55459e-05
 1.15256e-05
 4.53014e-06
 4.76300e-07
 8.50818e-06
 3.78690e-05
 9.45776e-05
 1.81083e-04
 2.96760e-04
 4.36277e-04
 5.69719e-04
 5.94485e-04
 2.99749e-04
 7.13720e-06
 0.00000e+00
 0.00000e+00
 0.00000e+00
 0.00000e+00
 0.00000e+00
 0.00000e+00
 1.03843e-04
 3.18186e-04
 2.03693e-05
 1.74712e-07
 2.86410e-06
 2.85778e-06
 2.88410e-06
 2.91069e-06
 2.95772e-06
 3.00663e-06
 3.06420e-06
 3.11209e-06
 3.17644e-06
 3.25915e-06
 3.37472e-06
 3.46662e-06
 3.55727e-06
 3.62617e-06
 3.74587e-06
 3.92188e-06
 4.12396e-06
 4.24641e-06
 4.30903e-06
 4.39169e-06
 4.65300e-06
 5.07899e-06
 5.44960e-06
 5.51670e-06
 5.38232e-06
 5.43889e-06
 6.10711e-06
 7.19105e-06
 8.01592e-06
 7.94894e-06
 6.99934e-06
 6.42306e-06
 7.64304e-06
 1.09309e-05
 1.46783e-05
 1.61112e-05
 1.30483e-05
 6.08162e-06
 5.71439e-08
 2.19903e-06
 2.24995e-05
 6.75351e-05
 1.41221e-04
 2.44330e-04
 3.76037e-04
 5.24488e-04
 6.29634e-04
 5.30894e-04
 1.23037e-05
 0.00000e+00
 0.00000e+00
 0.00000e+00
 0.00000e+00
 0.00000e+00
 0.00000e+00
 0.00000e+00
 4.23708e-04
 1.29520e-04
 2.57016e-06
 2.50217e-08
 3.05728e-06
 3.06872e-06
 3.09328e-06
 3.11932e-06
 3.15839e-06
 3.20214e-06
 3.24928e-06
 3.33039e-06
 3.40503e-06
 3.50144e-06
 3.57139e-06
 3.65421e-06
 3.74545e-06
 3.89505e-06
 4.05221e-06
 4.20987e-06
 4.29279e-06
 4.37454e-06
 4.52241e-06
 4.82958e-06
 5.19939e-06
 5.46584e-06
 5.48185e-06
 5.40461e-06
 5.58642e-06
 6.28160e-06
 7.31744e-06
 7.99989e-06
 7.86768e-06
 6.99994e-06
 6.42306e-06
 7.56482e-06
 1.06853e-05
 1.44209e-05
 1.63321e-05
 1.40720e-05
 7.58190e-06
 1.36942e-07
 5.73139e-10
 1.22037e-05
 4.78023e-05
 1.10293e-04
 2.01500e-04
 3.22141e-04
 4.69767e-04
 6.13747e-04
 6.44879e-04
 3.36926e-04
 7.75220e-06
 0.00000e+00
 0.00000e+00
 0.00000e+00
 0.00000e+00
 0.00000e+00
 0.00000e+00
 5.66654e-05
 3.51185e-04
 2.82529e-05
 2.86928e-07
 3.03052e-09
 3.27287e-06
 3.30078e-06
 3.30147e-06
 3.33643e-06
 3.38403e-06
 3.43718e-06
 3.50175e-06
 3.56843e-06
 3.63558e-06
 3.70615e-06
 3.79827e-06
 3.91604e-06
 4.05356e-06
 4.18306e-06
 4.28923e-06
 4.37549e-06
 4.49948e-06
 4.71123e-06
 5.01239e-06
 5.30284e-06
 5.46444e-06
 5.46606e-06
 5.48371e-06
 5.80357e-06
 6.53211e-06
 7.44778e-06
 7.97058e-06
 7.73475e-06
 6.94193e-06
 6.54124e-06
 7.64304e-06
 1.06853e-05
 1.43413e-05
 1.64173e-05
 1.47125e-05
 8.66379e-06
 8.37510e-07
 6.33221e-09
 5.61677e-06
 3.38935e-05
 8.70781e-05
 1.67676e-04
 2.77051e-04
 4.16774e-04
 5.74580e-04
 6.81154e-04
 5.58958e-04
 1.36600e-05
 0.00000e+00
 0.00000e+00
 0.00000e+00
 0.00000e+00
 0.00000e+00
 0.00000e+00
 0.00000e+00
 4.35884e-04
 1.39148e-04
 3.26127e-06
 3.49776e-08
 1.98632e-10
 3.53581e-06
 3.53585e-06
 3.56829e-06
 3.60606e-06
 3.64085e-06
 3.69394e-06
 3.74360e-06
 3.81264e-06
 3.89244e-06
 3.99486e-06
 4.10073e-06
 4.22048e-06
 4.31021e-06
 4.41045e-06
 4.52278e-06
 4.69549e-06
 4.92892e-06
 5.18578e-06
 5.38461e-06
 5.47502e-06
 5.50960e-06
 5.65909e-06
 6.10013e-06
 6.82493e-06
 7.56775e-06
 7.88000e-06
 7.53982e-06
 6.87771e-06
 6.71020e-06
 7.98031e-06
 1.09309e-05
 1.44209e-05
 1.64173e-05
 1.49303e-05
 9.29207e-06
 1.33421e-06
 1.39910e-08
 1.57428e-06
 2.45820e-05
 7.05086e-05
 1.42167e-04
 2.41273e-04
 3.71102e-04
 5.28946e-04
 6.75027e-04
 6.79943e-04
 2.89586e-04
 7.08993e-06
 0.00000e+00
 0.00000e+00
 0.00000e+00
 0.00000e+00
 0.00000e+00
 0.00000e+00
 1.25944e-04
 3.43314e-04
 2.71410e-05
 3.11887e-07
 3.73344e-09
 7.73531e-18
 3.81520e-06
 3.80957e-06
 3.85427e-06
 3.87154e-06
 3.91739e-06
 3.97675e-06
 4.04801e-06
 4.12116e-06
 4.21771e-06
 4.29794e-06
 4.39163e-06
 4.48308e-06
 4.59715e-06
 4.74276e-06
 4.93861e-06
 5.14076e-06
 5.33369e-06
 5.45653e-06
 5.53962e-06
 5.66099e-06
 5.93477e-06
 6.45688e-06
 7.10092e-06
 7.63292e-06
 7.72942e-06
 7.36042e-06
 6.85870e-06
 7.06693e-06
 8.51421e-06
 1.14166e-05
 1.46783e-05
 1.63321e-05
 1.47125e-05
 9.29207e-06
 1.54808e-06
 1.84144e-08
 0.00000e+00
 1.89572e-05
 5.94503e-05
 1.24011e-04
 2.14491e-04
 3.34455e-04
 4.86455e-04
 6.49641e-04
 7.31495e-04
 5.20700e-04
 1.41084e-05
 0.00000e+00
 0.00000e+00
 0.00000e+00
 0.00000e+00
 0.00000e+00
 0.00000e+00
 0.00000e+00
 4.61727e-04
 1.16745e-04
 2.64509e-06
 3.25783e-08
 2.33470e-10
 8.10261e-21
 4.11747e-06
 4.16690e-06
 4.16252e-06
 4.21003e-06
 4.25750e-06
 4.31753e-06
 4.38096e-06
 4.44474e-06
 4.52879e-06
 4.61446e-06
 4.72707e-06
 4.85663e-06
 5.01790e-06
 5.18105e-06
 5.34723e-06
 5.46737e-06
 5.58697e-06
 5.71009e-06
 5.94475e-06
 6.31596e-06
 6.82584e-06
 7.33217e-06
 7.64125e-06
 7.56982e-06
 7.25443e-06
 7.04507e-06
 7.60200e-06
 9.35087e-06
 1.20741e-05
 1.48886e-05
 1.61112e-05
 1.40720e-05
 8.66379e-06
 1.33421e-06
 1.84144e-08
 0.00000e+00
 1.62569e-05
 5.31191e-05
 1.12416e-04
 1.95929e-04
 3.07437e-04
 4.51521e-04
 6.18975e-04
 7.45755e-04
 6.63140e-04
 9.15073e-05
 2.50837e-06
 0.00000e+00
 0.00000e+00
 0.00000e+00
 0.00000e+00
 0.00000e+00
 0.00000e+00
 2.91236e-04
 2.87011e-04
 1.78224e-05
 2.24145e-07
 2.92392e-09
 6.81080e-12
 1.43668e-23
 4.49149e-06
 4.53312e-06
 4.51241e-06
 4.58553e-06
 4.61469e-06
 4.67365e-06
 4.74331e-06
 4.81933e-06
 4.92546e-06
 5.03780e-06
 5.16973e-06
 5.29361e-06
 5.43161e-06
 5.54770e-06
 5.67379e-06
 5.81626e-06
 6.02397e-06
 6.32958e-06
 6.72026e-06
 7.14517e-06
 7.45512e-06
 7.57624e-06
 7.45329e-06
 7.29458e-06
 7.46430e-06
 8.41709e-06
 1.03318e-05
 1.28846e-05
 1.50576e-05
 1.55459e-05
 1.30483e-05
 7.58190e-06
 8.37510e-07
 1.39910e-08
 0.00000e+00
 1.62569e-05
 5.10663e-05
 1.06751e-04
 1.85113e-04
 2.89688e-04
 4.26099e-04
 5.91329e-04
 7.41751e-04
 7.43478e-04
 3.36160e-04
 9.34979e-06
 0.00000e+00
 0.00000e+00
 0.00000e+00
 0.00000e+00
 0.00000e+00
 0.00000e+00
 0.00000e+00
 4.47888e-04
 7.21239e-05
 1.38607e-06
 2.01042e-08
 1.36057e-10
 9.36392e-14
 1.60099e-25
 4.92501e-06
 4.91360e-06
 4.96568e-06
 5.01073e-06
 5.04782e-06
 5.12389e-06
 5.20134e-06
 5.28521e-06
 5.38777e-06
 5.48893e-06
 5.60197e-06
 5.70022e-06
 5.84191e-06
 5.98467e-06
 6.19382e-06
 6.44289e-06
 6.76119e-06
 7.08330e-06
 7.37495e-06
 7.52639e-06
 7.56065e-06
 7.51336e-06
 7.64928e-06
 8.21142e-06
 9.50221e-06
 1.14229e-05
 1.35679e-05
 1.49579e-05
 1.45728e-05
 1.15256e-05
 6.08162e-06
 1.36942e-07
 6.33221e-09
 1.57428e-06
 1.89572e-05
 5.31191e-05
 1.06751e-04
 1.81542e-04
 2.80937e-04
 4.10695e-04
 5.71379e-04
 7.31962e-04
 7.83407e-04
 4.98563e-04
 1.49437e-05
 0.00000e+00
 0.00000e+00
 0.00000e+00
 0.00000e+00
 0.00000e+00
 0.00000e+00
 0.00000e+00
 4.54030e-04
 1.84338e-04
 7.50742e-06
 1.06733e-07
 1.39959e-09
 2.70298e-12
 8.79411e-16
 1.50356e-27
 5.42084e-06
 5.42457e-06
 5.49683e-06
 5.49097e-06
 5.55546e-06
 5.62639e-06
 5.69168e-06
 5.76996e-06
 5.86416e-06
 5.97728e-06
 6.10230e-06
 6.25516e-06
 6.44486e-06
 6.67053e-06
 6.91215e-06
 7.17208e-06
 7.38042e-06
 7.55882e-06
 7.64566e-06
 7.72979e-06
 7.90489e-06
 8.37144e-06
 9.28527e-06
 1.07109e-05
 1.24361e-05
 1.39300e-05
 1.44150e-05
 1.30899e-05
 9.60951e-06
 4.53014e-06
 5.71439e-08
 5.73139e-10
 5.61677e-06
 2.45820e-05
 5.94503e-05
 1.12416e-04
 1.85113e-04
 2.80937e-04
 4.05593e-04
 5.60967e-04
 7.23463e-04
 8.01853e-04
 5.97919e-04
 1.77524e-05
 0.00000e+00
 0.00000e+00
 0.00000e+00
 0.00000e+00
 0.00000e+00
 0.00000e+00
 0.00000e+00
 2.66917e-04
 3.32218e-04
 2.89307e-05
 4.85662e-07
 8.03036e-09
 4.14348e-11
 2.47620e-14
 0.00000e+00
 0.00000e+00
 5.96384e-06
 6.02458e-06
 6.02036e-06
 6.04932e-06
 6.13274e-06
 6.19739e-06
 6.27592e-06
 6.36913e-06
 6.49927e-06
 6.64030e-06
 6.80483e-06
 6.98057e-06
 7.17506e-06
 7.35902e-06
 7.54132e-06
 7.68869e-06
 7.82924e-06
 7.98272e-06
 8.24957e-06
 8.68624e-06
 9.45505e-06
 1.05273e-05
 1.18531e-05
 1.30949e-05
 1.37875e-05
 1.32956e-05
 1.12141e-05
 7.58991e-06
 3.35242e-06
 4.76300e-07
 2.19903e-06
 1.22037e-05
 3.38935e-05
 7.05086e-05
 1.24011e-04
 1.95929e-04
 2.89688e-04
 4.10695e-04
 5.60967e-04
 7.20163e-04
 8.08796e-04
 6.51417e-04
 1.85359e-05
 0.00000e+00
 0.00000e+00
 0.00000e+00
 0.00000e+00
 0.00000e+00
 0.00000e+00
 0.00000e+00
 0.00000e+00
 4.53218e-04
 7.72533e-05
 1.93198e-06
 3.35433e-08
 3.58090e-10
 4.87459e-13
 4.15612e-16
 0.00000e+00
 0.00000e+00
 6.67337e-06
 6.71222e-06
 6.69185e-06
 6.79946e-06
 6.85412e-06
 6.92805e-06
 7.01926e-06
 7.12956e-06
 7.25761e-06
 7.40447e-06
 7.53353e-06
 7.69210e-06
 7.82665e-06
 7.99085e-06
 8.16304e-06
 8.39676e-06
 8.70778e-06
 9.18745e-06
 9.84624e-06
 1.07086e-05
 1.17047e-05
 1.26284e-05
 1.31803e-05
 1.29892e-05
 1.16820e-05
 9.21262e-06
 6.04260e-06
 3.32379e-06
 3.10728e-06
 8.50818e-06
 2.24995e-05
 4.78023e-05
 8.70781e-05
 1.42167e-04
 2.14491e-04
 3.07437e-04
 4.26099e-04
 5.71379e-04
 7.23463e-04
 8.08796e-04
 6.68353e-04
 6.05951e-05
 1.24257e-06
 0.00000e+00
 0.00000e+00
 0.00000e+00
 0.00000e+00
 0.00000e+00
 0.00000e+00
 0.00000e+00
 4.93780e-04
 1.53272e-04
 6.46470e-06
 1.15102e-07
 1.92520e-09
 5.78008e-12
 3.34899e-15
 0.00000e+00
 0.00000e+00
 0.00000e+00
 7.52449e-06
 7.48668e-06
 7.56831e-06
 7.64284e-06
 7.66346e-06
 7.73862e-06
 7.83834e-06
 7.93254e-06
 8.05978e-06
 8.19241e-06
 8.33582e-06
 8.51654e-06
 8.73484e-06
 9.00870e-06
 9.38525e-06
 9.84314e-06
 1.04351e-05
 1.11066e-05
 1.18273e-05
 1.24297e-05
 1.27734e-05
 1.25809e-05
 1.16663e-05
 1.00011e-05
 7.85587e-06
 5.96173e-06
 5.74906e-06
 9.27433e-06
 1.91441e-05
 3.78690e-05
 6.75351e-05
 1.10293e-04
 1.67676e-04
 2.41273e-04
 3.34455e-04
 4.51521e-04
 5.91329e-04
 7.31962e-04
 8.01853e-04
 6.51417e-04
 6.05951e-05
 2.39581e-06
 0.00000e+00
 0.00000e+00
 0.00000e+00
 0.00000e+00
 0.00000e+00
 0.00000e+00
 0.00000e+00
 4.47596e-04
 2.43767e-04
 1.69238e-05
 3.35477e-07
 6.72422e-09
 4.20436e-11
 3.68810e-14
 1.85906e-29
 0.00000e+00
 0.00000e+00
 0.00000e+00
 8.46856e-06
 8.45647e-06
 8.57828e-06
 8.56916e-06
 8.62265e-06
 8.73937e-06
 8.85535e-06
 8.99085e-06
 9.15521e-06
 9.36993e-06
 9.59574e-06
 9.90828e-06
 1.02542e-05
 1.06774e-05
 1.11495e-05
 1.16401e-05
 1.20955e-05
 1.24300e-05
 1.25386e-05
 1.22929e-05
 1.16304e-05
 1.05610e-05
 9.31819e-06
 8.49955e-06
 9.06633e-06
 1.25095e-05
 2.08581e-05
 3.60171e-05
 5.99770e-05
 9.45776e-05
 1.41221e-04
 2.01500e-04
 2.77051e-04
 3.71102e-04
 4.86455e-04
 6.18975e-04
 7.41751e-04
 7.83407e-04
 5.97919e-04
 1.85359e-05
 1.24257e-06
 0.00000e+00
 0.00000e+00
 0.00000e+00
 0.00000e+00
 0.00000e+00
 0.00000e+00
 0.00000e+00
 3.51366e-04
 3.28945e-04
 3.43562e-05
 8.34438e-07
 1.82054e-08
 1.99074e-10
 3.13402e-13
 4.09589e-16
 0.00000e+00
 0.00000e+00
 0.00000e+00
 0.00000e+00
 9.78130e-06
 9.88546e-06
 9.89414e-06
 9.92035e-06
 1.00661e-05
 1.02141e-05
 1.03707e-05
 1.05542e-05
 1.07801e-05
 1.10357e-05
 1.13164e-05
 1.16211e-05
 1.19365e-05
 1.22245e-05
 1.24658e-05
 1.25888e-05
 1.25697e-05
 1.23556e-05
 1.19758e-05
 1.15101e-05
 1.12427e-05
 1.16341e-05
 1.34698e-05
 1.78403e-05
 2.61879e-05
 4.00516e-05
 6.10421e-05
 9.07442e-05
 1.30385e-04
 1.81083e-04
 2.44330e-04
 3.22141e-04
 4.16774e-04
 5.28946e-04
 6.49641e-04
 7.45755e-04
 7.43478e-04
 4.98563e-04
 1.77524e-05
 0.00000e+00
 0.00000e+00
 0.00000e+00
 0.00000e+00
 0.00000e+00
 0.00000e+00
 0.00000e+00
 0.00000e+00
 2.46905e-04
 3.93331e-04
 5.65364e-05
 1.73829e-06
 4.02814e-08
 6.56325e-10
 1.79355e-12
 1.40947e-15
 0.00000e+00
 0.00000e+00
 0.00000e+00
 0.00000e+00
 0.00000e+00
 1.15924e-05
 1.17093e-05
 1.16145e-05
 1.17892e-05
 1.19223e-05
 1.20443e-05
 1.21648e-05
 1.23251e-05
 1.24953e-05
 1.26659e-05
 1.28316e-05
 1.29818e-05
 1.31032e-05
 1.31907e-05
 1.32419e-05
 1.32972e-05
 1.34326e-05
 1.38228e-05
 1.47341e-05
 1.66125e-05
 2.00861e-05
 2.59472e-05
 3.53695e-05
 4.94828e-05
 6.93806e-05
 9.64544e-05
 1.31730e-04
 1.76011e-04
 2.30633e-04
 2.96760e-04
 3.76037e-04
 4.69767e-04
 5.74580e-04
 6.75027e-04
 7.31495e-04
 6.63140e-04
 3.36160e-04
 1.49437e-05
 0.00000e+00
 0.00000e+00
 0.00000e+00
 0.00000e+00
 0.00000e+00
 0.00000e+00
 0.00000e+00
 0.00000e+00
 1.70064e-04
 4.32516e-04
 7.83193e-05
 3.01491e-06
 7.46297e-08
 1.60036e-09
 6.97115e-12
 6.64377e-15
 0.00000e+00
 0.00000e+00
 0.00000e+00
 0.00000e+00
 0.00000e+00
 0.00000e+00
 1.37109e-05
 1.36936e-05
 1.37086e-05
 1.39208e-05
 1.39374e-05
 1.40058e-05
 1.41000e-05
 1.42358e-05
 1.44019e-05
 1.45857e-05
 1.48433e-05
 1.51784e-05
 1.56621e-05
 1.63697e-05
 1.74399e-05
 1.90685e-05
 2.15332e-05
 2.52409e-05
 3.06946e-05
 3.85780e-05
 4.96685e-05
 6.47820e-05
 8.49089e-05
 1.10932e-04
 1.43580e-04
 1.83637e-04
 2.32059e-04
 2.89585e-04
 3.57403e-04
 4.36277e-04
 5.24488e-04
 6.13747e-04
 6.81154e-04
 6.79943e-04
 5.20700e-04
 9.15073e-05
 9.34979e-06
 0.00000e+00
 0.00000e+00
 0.00000e+00
 0.00000e+00
 0.00000e+00
 0.00000e+00
 0.00000e+00
 0.00000e+00
 1.41611e-04
 4.50182e-04
 9.42372e-05
 4.34427e-06
 1.16258e-07
 2.94598e-09
 1.91155e-11
 2.42922e-14
 1.20467e-16
 0.00000e+00
 0.00000e+00
 0.00000e+00
 0.00000e+00
 0.00000e+00
 0.00000e+00
 1.73512e-05
 1.73332e-05
 1.75797e-05
 1.77450e-05
 1.78372e-05
 1.81403e-05
 1.85602e-05
 1.91268e-05
 1.98915e-05
 2.09072e-05
 2.22814e-05
 2.41115e-05
 2.65777e-05
 2.98733e-05
 3.42789e-05
 4.01219e-05
 4.78697e-05
 5.80099e-05
 7.10553e-05
 8.76756e-05
 1.08563e-04
 1.34277e-04
 1.65342e-04
 2.02379e-04
 2.46174e-04
 2.97117e-04
 3.55819e-04
 4.22573e-04
 4.95850e-04
 5.69719e-04
 6.29634e-04
 6.44879e-04
 5.58958e-04
 2.89586e-04
 1.41084e-05
 2.50837e-06
 0.00000e+00
 0.00000e+00
 0.00000e+00
 0.00000e+00
 0.00000e+00
 0.00000e+00
 0.00000e+00
 0.00000e+00
 1.70064e-04
 4.50182e-04
 1.00040e-04
 5.21008e-06
 1.51497e-07
 4.33174e-09
 3.82588e-11
 6.57631e-14
 2.34911e-16
 0.00000e+00
 0.00000e+00
 0.00000e+00
 0.00000e+00
 0.00000e+00
 0.00000e+00
 0.00000e+00
 2.78423e-05
 2.81624e-05
 2.85974e-05
 2.90649e-05
 2.98599e-05
 3.10938e-05
 3.26957e-05
 3.47283e-05
 3.73343e-05
 4.06432e-05
 4.48166e-05
 5.00321e-05
 5.65770e-05
 6.46853e-05
 7.46703e-05
 8.69187e-05
 1.01882e-04
 1.19887e-04
 1.41442e-04
 1.66875e-04
 1.96690e-04
 2.31224e-04
 2.70859e-04
 3.15950e-04
 3.66656e-04
 4.22650e-04
 4.82028e-04
 5.39402e-04
 5.84371e-04
 5.94485e-04
 5.30894e-04
 3.36926e-04
 1.36600e-05
 7.08993e-06
 0.00000e+00
 0.00000e+00
 0.00000e+00
 0.00000e+00
 0.00000e+00
 0.00000e+00
 0.00000e+00
 0.00000e+00
 0.00000e+00
 2.46905e-04
 4.32516e-04
 9.42372e-05
 5.21008e-06
 1.65554e-07
 5.23546e-09
 5.73682e-11
 1.26467e-13
 2.95145e-16
 0.00000e+00
 0.00000e+00
 0.00000e+00
 0.00000e+00
 0.00000e+00
 0.00000e+00
 0.00000e+00
 0.00000e+00
 5.46835e-05
 5.54648e-05
 5.62070e-05
 5.77376e-05
 5.99881e-05
 6.29880e-05
 6.67644e-05
 7.13846e-05
 7.70851e-05
 8.40048e-05
 9.22941e-05
 1.02187e-04
 1.13904e-04
 1.27666e-04
 1.43776e-04
 1.62457e-04
 1.83986e-04
 2.08587e-04
 2.36655e-04
 2.68206e-04
 3.03514e-04
 3.42521e-04
 3.85029e-04
 4.30010e-04
 4.74853e-04
 5.15016e-04
 5.40408e-04
 5.34254e-04
 4.66551e-04
 2.99749e-04
 1.23037e-05
 7.75220e-06
 0.00000e+00
 0.00000e+00
 0.00000e+00
 0.00000e+00
 0.00000e+00
 0.00000e+00
 0.00000e+00
 0.00000e+00
 0.00000e+00
 0.00000e+00
 3.51366e-04
 3.93331e-04
 7.83193e-05
 4.34427e-06
 1.51497e-07
 5.23546e-09
 6.55328e-11
 1.75702e-13
 4.09589e-16
 0.00000e+00
 0.00000e+00
 0.00000e+00
 0.00000e+00
 0.00000e+00
 0.00000e+00
 0.00000e+00
 0.00000e+00
 0.00000e+00
 1.06210e-04
 1.07190e-04
 1.08727e-04
 1.11819e-04
 1.15821e-04
 1.20925e-04
 1.27240e-04
 1.34746e-04
 1.43767e-04
 1.54296e-04
 1.66482e-04
 1.80491e-04
 1.96399e-04
 2.14396e-04
 2.34656e-04
 2.57204e-04
 2.82168e-04
 3.09511e-04
 3.39173e-04
 3.70709e-04
 4.03403e-04
 4.35310e-04
 4.64096e-04
 4.83959e-04
 4.86014e-04
 4.54945e-04
 3.69697e-04
 2.03069e-04
 1.08266e-05
 7.13720e-06
 0.00000e+00
 0.00000e+00
 0.00000e+00
 0.00000e+00
 0.00000e+00
 0.00000e+00
 0.00000e+00
 0.00000e+00
 0.00000e+00
 0.00000e+00
 0.00000e+00
 4.47596e-04
 3.28945e-04
 5.65364e-05
 3.01491e-06
 1.16258e-07
 4.33174e-09
 5.73681e-11
 1.75702e-13
 3.49355e-16
 0.00000e+00
 0.00000e+00
 0.00000e+00
 0.00000e+00
 0.00000e+00
 0.00000e+00
 0.00000e+00
 0.00000e+00
 0.00000e+00
 0.00000e+00
 1.80939e-04
 1.81908e-04
 1.84578e-04
 1.88805e-04
 1.94016e-04
 2.00600e-04
 2.08631e-04
 2.17966e-04
 2.28912e-04
 2.41298e-04
 2.55214e-04
 2.70692e-04
 2.87686e-04
 3.06189e-04
 3.26027e-04
 3.46942e-04
 3.68343e-04
 3.89541e-04
 4.09392e-04
 4.25340e-04
 4.33806e-04
 4.29004e-04
 4.01836e-04
 3.40508e-04
 2.30167e-04
 5.04844e-05
 8.46157e-06
 5.53729e-06
 0.00000e+00
 0.00000e+00
 0.00000e+00
 0.00000e+00
 0.00000e+00
 0.00000e+00
 0.00000e+00
 0.00000e+00
 0.00000e+00
 0.00000e+00
 0.00000e+00
 0.00000e+00
 4.93780e-04
 2.43767e-04
 3.43562e-05
 1.73829e-06
 7.46297e-08
 2.94598e-09
 3.82588e-11
 1.26701e-13
 3.55378e-16
 0.00000e+00
 0.00000e+00
 0.00000e+00
 0.00000e+00
 0.00000e+00
 0.00000e+00
 0.00000e+00
 0.00000e+00
 0.00000e+00
 0.00000e+00
 0.00000e+00
 2.61841e-04
 2.63010e-04
 2.66247e-04
 2.70294e-04
 2.75372e-04
 2.81782e-04
 2.89432e-04
 2.98072e-04
 3.07820e-04
 3.18314e-04
 3.29442e-04
 3.41099e-04
 3.52781e-04
 3.63922e-04
 3.73569e-04
 3.80435e-04
 3.82699e-04
 3.76982e-04
 3.59298e-04
 3.23756e-04
 2.64502e-04
 1.70730e-04
 3.26251e-05
 7.55930e-06
 5.79485e-06
 1.49954e-06
 0.00000e+00
 0.00000e+00
 0.00000e+00
 0.00000e+00
 0.00000e+00
 0.00000e+00
 0.00000e+00
 0.00000e+00
 0.00000e+00
 0.00000e+00
 0.00000e+00
 0.00000e+00
 2.66917e-04
 4.53218e-04
 1.53272e-04
 1.69238e-05
 8.34438e-07
 4.02814e-08
 1.60036e-09
 1.91156e-11
 6.57028e-14
 2.89121e-16
 0.00000e+00
 0.00000e+00
 0.00000e+00
 0.00000e+00
 0.00000e+00
 0.00000e+00
 0.00000e+00
 0.00000e+00
 0.00000e+00
 0.00000e+00
 0.00000e+00
 0.00000e+00
 3.12748e-04
 3.14209e-04
 3.16211e-04
 3.18160e-04
 3.20742e-04
 3.23830e-04
 3.27124e-04
 3.30161e-04
 3.32710e-04
 3.34206e-04
 3.33916e-04
 3.30580e-04
 3.22975e-04
 3.09597e-04
 2.87898e-04
 2.55388e-04
 2.08076e-04
 1.41076e-04
 4.96453e-05
 7.04021e-06
 6.06311e-06
 4.67573e-06
 9.03887e-07
 0.00000e+00
 0.00000e+00
 0.00000e+00
 0.00000e+00
 0.00000e+00
 0.00000e+00
 0.00000e+00
 0.00000e+00
 0.00000e+00
 0.00000e+00
 0.00000e+00
 0.00000e+00
 0.00000e+00
 0.00000e+00
 4.54030e-04
 3.32218e-04
 7.72533e-05
 6.46470e-06
 3.35477e-07
 1.82054e-08
 6.56325e-10
 6.97109e-12
 2.42320e-14
 6.02336e-17
 0.00000e+00
 0.00000e+00
 0.00000e+00
 0.00000e+00
 0.00000e+00
 0.00000e+00
 0.00000e+00
 0.00000e+00
 0.00000e+00
 0.00000e+00
 0.00000e+00
 0.00000e+00
 0.00000e+00
 2.68617e-04
 2.69156e-04
 2.67004e-04
 2.63708e-04
 2.59203e-04
 2.52906e-04
 2.44126e-04
 2.32248e-04
 2.16283e-04
 1.95088e-04
 1.67330e-04
 1.31381e-04
 8.51430e-05
 2.68918e-05
 6.04703e-06
 5.67596e-06
 5.04750e-06
 4.00150e-06
 1.57547e-06
 0.00000e+00
 0.00000e+00
 0.00000e+00
 0.00000e+00
 0.00000e+00
 0.00000e+00
 0.00000e+00
 0.00000e+00
 0.00000e+00
 0.00000e+00
 0.00000e+00
 0.00000e+00
 0.00000e+00
 0.00000e+00
 0.00000e+00
 0.00000e+00
 2.91236e-04
 4.47888e-04
 1.84338e-04
 2.89307e-05
 1.93198e-06
 1.15102e-07
 6.72422e-09
 1.99074e-10
 1.79367e-12
 6.76423e-15
 1.80701e-16
 0.00000e+00
 0.00000e+00
 0.00000e+00
 0.00000e+00
 0.00000e+00
 0.00000e+00
 0.00000e+00
 0.00000e+00
 0.00000e+00
 0.00000e+00
 0.00000e+00
 0.00000e+00
 0.00000e+00
 0.00000e+00
 3.19965e-05
 2.92327e-05
 2.07992e-05
 9.02800e-06
 5.08728e-06
 5.16585e-06
 5.23944e-06
 5.11331e-06
 4.92156e-06
 4.63842e-06
 4.23198e-06
 3.65795e-06
 2.86133e-06
 7.80955e-07
 0.00000e+00
 0.00000e+00
 0.00000e+00
 0.00000e+00
 0.00000e+00
 0.00000e+00
 0.00000e+00
 0.00000e+00
 0.00000e+00
 0.00000e+00
 0.00000e+00
 0.00000e+00
 0.00000e+00
 0.00000e+00
 0.00000e+00
 0.00000e+00
 0.00000e+00
 0.00000e+00
 0.00000e+00
 1.25944e-04
 4.61727e-04
 2.87011e-04
 7.21239e-05
 7.50742e-06
 4.85662e-07
 3.35433e-08
 1.92520e-09
 4.20436e-11
 3.13522e-13
 1.23479e-15
 0.00000e+00
 0.00000e+00
 0.00000e+00
 0.00000e+00
 0.00000e+00
 0.00000e+00
 0.00000e+00
 0.00000e+00
 0.00000e+00
 0.00000e+00
 0.00000e+00
 0.00000e+00
 0.00000e+00
 0.00000e+00
 0.00000e+00
 0.00000e+00
 1.00527e-06
 9.03116e-07
 5.89990e-07
 1.50027e-07
 0.00000e+00
 0.00000e+00
 0.00000e+00
 0.00000e+00
 0.00000e+00
 0.00000e+00
 0.00000e+00
 0.00000e+00
 0.00000e+00
 0.00000e+00
 0.00000e+00
 0.00000e+00
 0.00000e+00
 0.00000e+00
 0.00000e+00
 0.00000e+00
 0.00000e+00
 0.00000e+00
 0.00000e+00
 0.00000e+00
 0.00000e+00
 0.00000e+00
 0.00000e+00
 0.00000e+00
 0.00000e+00
 0.00000e+00
 0.00000e+00
 5.66654e-05
 4.35884e-04
 3.43314e-04
 1.16745e-04
 1.78224e-05
 1.38607e-06
 1.06733e-07
 8.03036e-09
 3.58090e-10
 5.78002e-12
 3.68810e-14
 2.95145e-16
 0.00000e+00
 0.00000e+00
 0.00000e+00
 0.00000e+00
 0.00000e+00
 0.00000e+00
 0.00000e+00
 0.00000e+00
 0.00000e+00
 0.00000e+00
 0.00000e+00
 0.00000e+00
 0.00000e+00
 0.00000e+00
 0.00000e+00
 0.00000e+00
 0.00000e+00
 0.00000e+00
 0.00000e+00
 0.00000e+00
 0.00000e+00
 0.00000e+00
 0.00000e+00
 0.00000e+00
 0.00000e+00
 0.00000e+00
 0.00000e+00
 0.00000e+00
 0.00000e+00
 0.00000e+00
 0.00000e+00
 0.00000e+00
 0.00000e+00
 0.00000e+00
 0.00000e+00
 0.00000e+00
 0.00000e+00
 0.00000e+00
 0.00000e+00
 0.00000e+00
 0.00000e+00
 0.00000e+00
 0.00000e+00
 0.00000e+00
 0.00000e+00
 0.00000e+00
 1.03843e-04
 4.23708e-04
 3.51185e-04
 1.39148e-04
 2.71410e-05
 2.64509e-06
 2.24145e-07
 2.01042e-08
 1.39959e-09
 4.14347e-11
 4.87339e-13
 3.34899e-15
 1.85906e-29
 0.00000e+00
 0.00000e+00
 0.00000e+00
 0.00000e+00
 0.00000e+00
 0.00000e+00
 0.00000e+00
 0.00000e+00
 0.00000e+00
 0.00000e+00
 0.00000e+00
 0.00000e+00
 0.00000e+00
 0.00000e+00
 0.00000e+00
 0.00000e+00
 0.00000e+00
 0.00000e+00
 0.00000e+00
 0.00000e+00
 0.00000e+00
 0.00000e+00
 0.00000e+00
 0.00000e+00
 0.00000e+00
 0.00000e+00
 0.00000e+00
 0.00000e+00
 0.00000e+00
 0.00000e+00
 0.00000e+00
 0.00000e+00
 0.00000e+00
 0.00000e+00
 0.00000e+00
 0.00000e+00
 0.00000e+00
 0.00000e+00
 0.00000e+00
 0.00000e+00
 0.00000e+00
 0.00000e+00
 0.00000e+00
 0.00000e+00
 0.00000e+00
 2.25979e-04
 4.23417e-04
 3.18186e-04
 1.29520e-04
 2.82529e-05
 3.26127e-06
 3.11887e-07
 3.25783e-08
 2.92392e-09
 1.36057e-10
 2.70301e-12
 2.46476e-14
 4.69822e-16
 0.00000e+00
 0.00000e+00
 0.00000e+00
 0.00000e+00
 0.00000e+00
 0.00000e+00
 0.00000e+00
 0.00000e+00
 0.00000e+00
 0.00000e+00
 0.00000e+00
 0.00000e+00
 0.00000e+00
 0.00000e+00
 0.00000e+00
 0.00000e+00
 0.00000e+00
 0.00000e+00
 0.00000e+00
 0.00000e+00
 1.24375e-03
 1.23533e-03
 1.21862e-03
 1.19233e-03
 1.15791e-03
 1.11702e-03
 1.07267e-03
 1.02915e-03
 9.84616e-04
 9.03388e-04
 7.39536e-04
 5.12329e-04
 2.70781e-04
 3.10479e-05
 2.23562e-07
 0.00000e+00
 0.00000e+00
 0.00000e+00
 0.00000e+00
 0.00000e+00
 0.00000e+00
 0.00000e+00
 0.00000e+00
 0.00000e+00
 8.08609e-05
 3.58097e-04
 3.92650e-04
 2.46674e-04
 9.33903e-05
 2.03693e-05
 2.57016e-06
 2.86928e-07
 3.49776e-08
 3.73344e-09
 2.33470e-10
 6.81097e-12
 9.37657e-14
 9.39644e-16
 0.00000e+00
 0.00000e+00
 0.00000e+00
 0.00000e+00
 0.00000e+00
 0.00000e+00
 0.00000e+00
 0.00000e+00
 0.00000e+00
 0.00000e+00
 0.00000e+00
 0.00000e+00
 0.00000e+00
 0.00000e+00
 0.00000e+00
 0.00000e+00
 0.00000e+00
 0.00000e+00
 0.00000e+00
 0.00000e+00
 0.00000e+00
 0.00000e+00
 2.16407e-05
 2.15065e-05
 2.12362e-05
 2.08034e-05
 2.02297e-05
 1.95392e-05
 1.87803e-05
 1.80234e-05
 1.72320e-05
 1.57767e-05
 1.28587e-05
 8.84205e-06
 4.61884e-06
 5.03890e-07
 0.00000e+00
 0.00000e+00
 0.00000e+00
 0.00000e+00
 0.00000e+00
 0.00000e+00
 0.00000e+00
 0.00000e+00
 0.00000e+00
 1.72967e-04
 2.04812e-04
 1.24060e-04
 4.43396e-05
 9.26468e-06
 1.26335e-06
 1.74712e-07
 2.50217e-08
 3.03052e-09
 1.98632e-10
 7.73531e-18
 8.10261e-21
 1.43672e-23
 1.60315e-25
 1.60655e-27
 0.00000e+00
 0.00000e+00
 0.00000e+00
 0.00000e+00
 0.00000e+00
 0.00000e+00
 0.00000e+00
 0.00000e+00
 0.00000e+00
 0.00000e+00
 0.00000e+00
 0.00000e+00
 0.00000e+00
 0.00000e+00
 0.00000e+00
 0.00000e+00
 0.00000e+00
 0.00000e+00
 0.00000e+00
 0.00000e+00
 0.00000e+00
 0.00000e+00
