NodeMass
part
         1
coordinates
 1.08879e-06
 3.48527e-06
 4.96784e-06
 6.12385e-06
 7.20592e-06
 8.03056e-06
 1.01544e-05
 1.22924e-05
 1.44053e-05
 1.70619e-05
 1.99563e-05
 2.33400e-05
 2.71710e-05
 3.15869e-05
 3.66292e-05
 4.24010e-05
 4.89860e-05
 5.65138e-05
 6.51341e-05
 7.50962e-05
 8.67222e-05
 1.00668e-04
 1.19476e-04
 1.48244e-04
 1.93373e-04
 2.61336e-04
 3.50910e-04
 4.40683e-04
 4.96654e-04
 4.69350e-04
 3.59407e-04
 2.52439e-04
 2.06606e-04
 2.00197e-04
 2.00001e-04
 2.00000e-04
 2.00000e-04
 2.00000e-04
 2.00000e-04
 2.00000e-04
 2.00000e-04
 2.00000e-04
 2.00000e-04
 2.00000e-04
 2.00000e-04
 2.00000e-04
 2.00000e-04
 2.00000e-04
 2.00000e-04
 2.00000e-04
 2.00000e-04
 2.00000e-04
 2.00000e-04
 2.00000e-04
 2.00000e-04
 2.00000e-04
 2.00000e-04
 2.00000e-04
 2.00000e-04
 2.00000e-04
 1.00000e-04
 3.48527e-06
 8.28794e-06
 9.86860e-06
 1.19968e-05
 1.49332e-05
 1.72903e-05
 2.10647e-05
 2.52465e-05
 2.96159e-05
 3.49208e-05
 4.07962e-05
 4.76309e-05
 5.53838e-05
 6.42938e-05
 7.44524e-05
 8.60579e-05
 9.92849e-05
 1.14391e-04
 1.31658e-04
 1.51619e-04
 1.74910e-04
 2.02832e-04
 2.40600e-04
 2.98616e-04
 3.89821e-04
 5.27117e-04
 7.07357e-04
 8.86647e-04
 9.96398e-04
 9.38123e-04
 7.15783e-04
 5.02689e-04
 4.12717e-04
 4.00372e-04
 4.00002e-04
 4.00000e-04
 4.00000e-04
 4.00000e-04
 4.00000e-04
 4.00000e-04
 4.00000e-04
 4.00000e-04
 4.00000e-04
 4.00000e-04
 4.00000e-04
 4.00000e-04
 4.00000e-04
 4.00000e-04
 4.00000e-04
 4.00000e-04
 4.00000e-04
 4.00000e-04
 4.00000e-04
 4.00000e-04
 4.00000e-04
 4.00000e-04
 4.00000e-04
 4.00000e-04
 4.00000e-04
 4.00000e-04
 2.00000e-04
 4.96784e-06
 9.86860e-06
 9.97325e-06
 1.12901e-05
 1.42278e-05
 1.77305e-05
 2.14253e-05
 2.57429e-05
 3.06370e-05
 3.60982e-05
 4.22886e-05
 4.92931e-05
 5.72561e-05
 6.63210e-05
 7.66285e-05
 8.83589e-05
 1.01694e-04
 1.16893e-04
 1.34231e-04
 1.54286e-04
 1.77641e-04
 2.05669e-04
 2.43985e-04
 3.03405e-04
 3.97047e-04
 5.37631e-04
 7.20217e-04
 8.98372e-04
 1.00187e-03
 9.33728e-04
 7.05614e-04
 4.95994e-04
 4.11293e-04
 4.00312e-04
 4.00001e-04
 4.00000e-04
 4.00000e-04
 4.00000e-04
 4.00000e-04
 4.00000e-04
 4.00000e-04
 4.00000e-04
 4.00000e-04
 4.00000e-04
 4.00000e-04
 4.00000e-04
 4.00000e-04
 4.00000e-04
 4.00000e-04
 4.00000e-04
 4.00000e-04
 4.00000e-04
 4.00000e-04
 4.00000e-04
 4.00000e-04
 4.00000e-04
 4.00000e-04
 4.00000e-04
 4.00000e-04
 4.00000e-04
 2.00000e-04
 6.12385e-06
 1.19968e-05
 1.12901e-05
 1.23565e-05
 1.54565e-05
 1.91356e-05
 2.31976e-05
 2.76864e-05
 3.27968e-05
 3.84252e-05
 4.48132e-05
 5.19706e-05
 6.01002e-05
 6.92853e-05
 7.97086e-05
 9.15245e-05
 1.04935e-04
 1.20198e-04
 1.37598e-04
 1.57748e-04
 1.81150e-04
 2.09407e-04
 2.48763e-04
 3.10517e-04
 4.07923e-04
 5.53373e-04
 7.39087e-04
 9.15067e-04
 1.00745e-03
 9.23224e-04
 6.87633e-04
 4.85046e-04
 4.09165e-04
 4.00231e-04
 4.00001e-04
 4.00000e-04
 4.00000e-04
 4.00000e-04
 4.00000e-04
 4.00000e-04
 4.00000e-04
 4.00000e-04
 4.00000e-04
 4.00000e-04
 4.00000e-04
 4.00000e-04
 4.00000e-04
 4.00000e-04
 4.00000e-04
 4.00000e-04
 4.00000e-04
 4.00000e-04
 4.00000e-04
 4.00000e-04
 4.00000e-04
 4.00000e-04
 4.00000e-04
 4.00000e-04
 4.00000e-04
 4.00000e-04
 2.00000e-04
 7.20592e-06
 1.49332e-05
 1.42278e-05
 1.54565e-05
 1.94382e-05
 2.28766e-05
 2.69509e-05
 3.14751e-05
 3.65397e-05
 4.22851e-05
 4.87507e-05
 5.60637e-05
 6.43193e-05
 7.36268e-05
 8.41612e-05
 9.60558e-05
 1.09559e-04
 1.24888e-04
 1.42370e-04
 1.62648e-04
 1.86133e-04
 2.14830e-04
 2.55840e-04
 3.21072e-04
 4.24027e-04
 5.76424e-04
 7.66122e-04
 9.38834e-04
 1.01299e-03
 9.05217e-04
 6.62291e-04
 4.70814e-04
 4.06722e-04
 4.00149e-04
 4.00000e-04
 4.00000e-04
 4.00000e-04
 4.00000e-04
 4.00000e-04
 4.00000e-04
 4.00000e-04
 4.00000e-04
 4.00000e-04
 4.00000e-04
 4.00000e-04
 4.00000e-04
 4.00000e-04
 4.00000e-04
 4.00000e-04
 4.00000e-04
 4.00000e-04
 4.00000e-04
 4.00000e-04
 4.00000e-04
 4.00000e-04
 4.00000e-04
 4.00000e-04
 4.00000e-04
 4.00000e-04
 4.00000e-04
 2.00000e-04
 8.03056e-06
 1.72903e-05
 1.77305e-05
 1.91356e-05
 2.28766e-05
 2.63649e-05
 3.05428e-05
 3.52662e-05
 4.05754e-05
 4.65510e-05
 5.32467e-05
 6.07686e-05
 6.91926e-05
 7.86729e-05
 8.93432e-05
 1.01362e-04
 1.15003e-04
 1.30420e-04
 1.48064e-04
 1.68536e-04
 1.92163e-04
 2.21625e-04
 2.65141e-04
 3.35326e-04
 4.45967e-04
 6.07342e-04
 8.01010e-04
 9.67894e-04
 1.01577e-03
 8.77209e-04
 6.29547e-04
 4.54747e-04
 4.04392e-04
 4.00083e-04
 4.00000e-04
 4.00000e-04
 4.00000e-04
 4.00000e-04
 4.00000e-04
 4.00000e-04
 4.00000e-04
 4.00000e-04
 4.00000e-04
 4.00000e-04
 4.00000e-04
 4.00000e-04
 4.00000e-04
 4.00000e-04
 4.00000e-04
 4.00000e-04
 4.00000e-04
 4.00000e-04
 4.00000e-04
 4.00000e-04
 4.00000e-04
 4.00000e-04
 4.00000e-04
 4.00000e-04
 4.00000e-04
 4.00000e-04
 2.00000e-04
 1.01544e-05
 2.10647e-05
 2.14253e-05
 2.31976e-05
 2.69509e-05
 3.05428e-05
 3.48804e-05
 3.98252e-05
 4.53730e-05
 5.15855e-05
 5.85302e-05
 6.62686e-05
 7.49014e-05
 8.45748e-05
 9.53843e-05
 1.07573e-04
 1.21348e-04
 1.36875e-04
 1.54770e-04
 1.75448e-04
 1.99275e-04
 2.30000e-04
 2.77182e-04
 3.54144e-04
 4.74942e-04
 6.47068e-04
 8.43450e-04
 9.99285e-04
 1.01286e-03
 8.37798e-04
 5.90054e-04
 4.38712e-04
 4.02522e-04
 4.00039e-04
 4.00000e-04
 4.00000e-04
 4.00000e-04
 4.00000e-04
 4.00000e-04
 4.00000e-04
 4.00000e-04
 4.00000e-04
 4.00000e-04
 4.00000e-04
 4.00000e-04
 4.00000e-04
 4.00000e-04
 4.00000e-04
 4.00000e-04
 4.00000e-04
 4.00000e-04
 4.00000e-04
 4.00000e-04
 4.00000e-04
 4.00000e-04
 4.00000e-04
 4.00000e-04
 4.00000e-04
 4.00000e-04
 4.00000e-04
 2.00000e-04
 1.22924e-05
 2.52465e-05
 2.57429e-05
 2.76864e-05
 3.14751e-05
 3.52662e-05
 3.98252e-05
 4.50080e-05
 5.08038e-05
 5.72843e-05
 6.44847e-05
 7.24647e-05
 8.13486e-05
 9.12092e-05
 1.02205e-04
 1.14608e-04
 1.28501e-04
 1.44221e-04
 1.62455e-04
 1.83291e-04
 2.07471e-04
 2.40277e-04
 2.92721e-04
 3.78761e-04
 5.12526e-04
 6.96550e-04
 8.92571e-04
 1.02893e-03
 9.99344e-04
 7.86287e-04
 5.46668e-04
 4.24586e-04
 4.01259e-04
 4.00015e-04
 4.00000e-04
 4.00000e-04
 4.00000e-04
 4.00000e-04
 4.00000e-04
 4.00000e-04
 4.00000e-04
 4.00000e-04
 4.00000e-04
 4.00000e-04
 4.00000e-04
 4.00000e-04
 4.00000e-04
 4.00000e-04
 4.00000e-04
 4.00000e-04
 4.00000e-04
 4.00000e-04
 4.00000e-04
 4.00000e-04
 4.00000e-04
 4.00000e-04
 4.00000e-04
 4.00000e-04
 4.00000e-04
 4.00000e-04
 2.00000e-04
 1.44053e-05
 2.96159e-05
 3.06370e-05
 3.27968e-05
 3.65397e-05
 4.05754e-05
 4.53730e-05
 5.08038e-05
 5.68854e-05
 6.36460e-05
 7.11098e-05
 7.93733e-05
 8.84999e-05
 9.85633e-05
 1.09823e-04
 1.22418e-04
 1.36437e-04
 1.52497e-04
 1.71085e-04
 1.91990e-04
 2.16915e-04
 2.53103e-04
 3.12975e-04
 4.11010e-04
 5.60704e-04
 7.56469e-04
 9.47194e-04
 1.05082e-03
 9.68567e-04
 7.23990e-04
 5.03711e-04
 4.13723e-04
 4.00539e-04
 4.00005e-04
 4.00000e-04
 4.00000e-04
 4.00000e-04
 4.00000e-04
 4.00000e-04
 4.00000e-04
 4.00000e-04
 4.00000e-04
 4.00000e-04
 4.00000e-04
 4.00000e-04
 4.00000e-04
 4.00000e-04
 4.00000e-04
 4.00000e-04
 4.00000e-04
 4.00000e-04
 4.00000e-04
 4.00000e-04
 4.00000e-04
 4.00000e-04
 4.00000e-04
 4.00000e-04
 4.00000e-04
 4.00000e-04
 4.00000e-04
 2.00000e-04
 1.70619e-05
 3.49208e-05
 3.60982e-05
 3.84252e-05
 4.22851e-05
 4.65510e-05
 5.15855e-05
 5.72843e-05
 6.36460e-05
 7.06763e-05
 7.84394e-05
 8.69819e-05
 9.63319e-05
 1.06677e-04
 1.18215e-04
 1.30940e-04
 1.45214e-04
 1.61776e-04
 1.80583e-04
 2.01524e-04
 2.28055e-04
 2.69603e-04
 3.39775e-04
 4.53444e-04
 6.21662e-04
 8.26585e-04
 1.00505e-03
 1.05828e-03
 9.14325e-04
 6.53858e-04
 4.65569e-04
 4.06561e-04
 4.00193e-04
 4.00001e-04
 4.00000e-04
 4.00000e-04
 4.00000e-04
 4.00000e-04
 4.00000e-04
 4.00000e-04
 4.00000e-04
 4.00000e-04
 4.00000e-04
 4.00000e-04
 4.00000e-04
 4.00000e-04
 4.00000e-04
 4.00000e-04
 4.00000e-04
 4.00000e-04
 4.00000e-04
 4.00000e-04
 4.00000e-04
 4.00000e-04
 4.00000e-04
 4.00000e-04
 4.00000e-04
 4.00000e-04
 4.00000e-04
 4.00000e-04
 2.00000e-04
 1.99563e-05
 4.07962e-05
 4.22886e-05
 4.48132e-05
 4.87507e-05
 5.32467e-05
 5.85302e-05
 6.44847e-05
 7.11098e-05
 7.84394e-05
 8.64949e-05
 9.52746e-05
 1.04909e-04
 1.15588e-04
 1.27311e-04
 1.40217e-04
 1.55011e-04
 1.72060e-04
 1.90789e-04
 2.12084e-04
 2.41864e-04
 2.91611e-04
 3.75803e-04
 5.09348e-04
 6.97268e-04
 9.04887e-04
 1.05771e-03
 1.04439e-03
 8.36448e-04
 5.80439e-04
 4.35996e-04
 4.02620e-04
 4.00056e-04
 4.00000e-04
 4.00000e-04
 4.00000e-04
 4.00000e-04
 4.00000e-04
 4.00000e-04
 4.00000e-04
 4.00000e-04
 4.00000e-04
 4.00000e-04
 4.00000e-04
 4.00000e-04
 4.00000e-04
 4.00000e-04
 4.00000e-04
 4.00000e-04
 4.00000e-04
 4.00000e-04
 4.00000e-04
 4.00000e-04
 4.00000e-04
 4.00000e-04
 4.00000e-04
 4.00000e-04
 4.00000e-04
 4.00000e-04
 4.00000e-04
 2.00000e-04
 2.33400e-05
 4.76309e-05
 4.92931e-05
 5.19706e-05
 5.60637e-05
 6.07686e-05
 6.62686e-05
 7.24647e-05
 7.93733e-05
 8.69819e-05
 9.52746e-05
 1.04341e-04
 1.14332e-04
 1.25251e-04
 1.37124e-04
 1.50490e-04
 1.65963e-04
 1.83149e-04
 2.01631e-04
 2.24406e-04
 2.60141e-04
 3.21937e-04
 4.24872e-04
 5.82474e-04
 7.88038e-04
 9.87773e-04
 1.09046e-03
 9.97706e-04
 7.41942e-04
 5.12562e-04
 4.16637e-04
 4.00860e-04
 4.00013e-04
 4.00000e-04
 4.00000e-04
 4.00000e-04
 4.00000e-04
 4.00000e-04
 4.00000e-04
 4.00000e-04
 4.00000e-04
 4.00000e-04
 4.00000e-04
 4.00000e-04
 4.00000e-04
 4.00000e-04
 4.00000e-04
 4.00000e-04
 4.00000e-04
 4.00000e-04
 4.00000e-04
 4.00000e-04
 4.00000e-04
 4.00000e-04
 4.00000e-04
 4.00000e-04
 4.00000e-04
 4.00000e-04
 4.00000e-04
 4.00000e-04
 2.00000e-04
 2.71710e-05
 5.53838e-05
 5.72561e-05
 6.01002e-05
 6.43193e-05
 6.91926e-05
 7.49014e-05
 8.13486e-05
 8.84999e-05
 9.63319e-05
 1.04909e-04
 1.14332e-04
 1.24583e-04
 1.35645e-04
 1.47915e-04
 1.62039e-04
 1.77932e-04
 1.94751e-04
 2.13516e-04
 2.40192e-04
 2.85852e-04
 3.64692e-04
 4.91963e-04
 6.76017e-04
 8.91256e-04
 1.06646e-03
 1.09102e-03
 9.10805e-04
 6.39842e-04
 4.59687e-04
 4.06263e-04
 4.00226e-04
 4.00002e-04
 4.00000e-04
 4.00000e-04
 4.00000e-04
 4.00000e-04
 4.00000e-04
 4.00000e-04
 4.00000e-04
 4.00000e-04
 4.00000e-04
 4.00000e-04
 4.00000e-04
 4.00000e-04
 4.00000e-04
 4.00000e-04
 4.00000e-04
 4.00000e-04
 4.00000e-04
 4.00000e-04
 4.00000e-04
 4.00000e-04
 4.00000e-04
 4.00000e-04
 4.00000e-04
 4.00000e-04
 4.00000e-04
 4.00000e-04
 4.00000e-04
 2.00000e-04
 3.15869e-05
 6.42938e-05
 6.63210e-05
 6.92853e-05
 7.36268e-05
 7.86729e-05
 8.45748e-05
 9.12092e-05
 9.85633e-05
 1.06677e-04
 1.15588e-04
 1.25251e-04
 1.35645e-04
 1.47080e-04
 1.60123e-04
 1.74868e-04
 1.90492e-04
 2.06924e-04
 2.27989e-04
 2.62607e-04
 3.23509e-04
 4.25609e-04
 5.82625e-04
 7.90469e-04
 9.99488e-04
 1.11927e-03
 1.04485e-03
 7.92697e-04
 5.43980e-04
 4.25866e-04
 4.01862e-04
 4.00045e-04
 4.00000e-04
 4.00000e-04
 4.00000e-04
 4.00000e-04
 4.00000e-04
 4.00000e-04
 4.00000e-04
 4.00000e-04
 4.00000e-04
 4.00000e-04
 4.00000e-04
 4.00000e-04
 4.00000e-04
 4.00000e-04
 4.00000e-04
 4.00000e-04
 4.00000e-04
 4.00000e-04
 4.00000e-04
 4.00000e-04
 4.00000e-04
 4.00000e-04
 4.00000e-04
 4.00000e-04
 4.00000e-04
 4.00000e-04
 4.00000e-04
 4.00000e-04
 2.00000e-04
 3.66292e-05
 7.44524e-05
 7.66285e-05
 7.97086e-05
 8.41612e-05
 8.93432e-05
 9.53843e-05
 1.02205e-04
 1.09823e-04
 1.18215e-04
 1.27311e-04
 1.37124e-04
 1.47915e-04
 1.60123e-04
 1.73855e-04
 1.88428e-04
 2.03369e-04
 2.21053e-04
 2.48475e-04
 2.96693e-04
 3.79529e-04
 5.11856e-04
 7.00779e-04
 9.20155e-04
 1.09809e-03
 1.12331e-03
 9.40684e-04
 6.62381e-04
 4.70805e-04
 4.08816e-04
 4.00428e-04
 4.00006e-04
 4.00000e-04
 4.00000e-04
 4.00000e-04
 4.00000e-04
 4.00000e-04
 4.00000e-04
 4.00000e-04
 4.00000e-04
 4.00000e-04
 4.00000e-04
 4.00000e-04
 4.00000e-04
 4.00000e-04
 4.00000e-04
 4.00000e-04
 4.00000e-04
 4.00000e-04
 4.00000e-04
 4.00000e-04
 4.00000e-04
 4.00000e-04
 4.00000e-04
 4.00000e-04
 4.00000e-04
 4.00000e-04
 4.00000e-04
 4.00000e-04
 4.00000e-04
 2.00000e-04
 4.24010e-05
 8.60579e-05
 8.83589e-05
 9.15245e-05
 9.60558e-05
 1.01362e-04
 1.07573e-04
 1.14608e-04
 1.22418e-04
 1.30940e-04
 1.40217e-04
 1.50490e-04
 1.62039e-04
 1.74868e-04
 1.88428e-04
 2.02238e-04
 2.17920e-04
 2.40947e-04
 2.80726e-04
 3.49706e-04
 4.62319e-04
 6.30230e-04
 8.44265e-04
 1.05076e-03
 1.15368e-03
 1.05712e-03
 7.93732e-04
 5.44381e-04
 4.27305e-04
 4.02278e-04
 4.00072e-04
 4.00001e-04
 4.00000e-04
 4.00000e-04
 4.00000e-04
 4.00000e-04
 4.00000e-04
 4.00000e-04
 4.00000e-04
 4.00000e-04
 4.00000e-04
 4.00000e-04
 4.00000e-04
 4.00000e-04
 4.00000e-04
 4.00000e-04
 4.00000e-04
 4.00000e-04
 4.00000e-04
 4.00000e-04
 4.00000e-04
 4.00000e-04
 4.00000e-04
 4.00000e-04
 4.00000e-04
 4.00000e-04
 4.00000e-04
 4.00000e-04
 4.00000e-04
 4.00000e-04
 2.00000e-04
 4.89860e-05
 9.92849e-05
 1.01694e-04
 1.04935e-04
 1.09559e-04
 1.15003e-04
 1.21348e-04
 1.28501e-04
 1.36437e-04
 1.45214e-04
 1.55011e-04
 1.65963e-04
 1.77932e-04
 1.90492e-04
 2.03369e-04
 2.17920e-04
 2.38595e-04
 2.73307e-04
 3.33059e-04
 4.31225e-04
 5.80794e-04
 7.82057e-04
 9.98375e-04
 1.15207e-03
 1.13343e-03
 9.16015e-04
 6.37842e-04
 4.61932e-04
 4.07914e-04
 4.00434e-04
 4.00008e-04
 4.00000e-04
 4.00000e-04
 4.00000e-04
 4.00000e-04
 4.00000e-04
 4.00000e-04
 4.00000e-04
 4.00000e-04
 4.00000e-04
 4.00000e-04
 4.00000e-04
 4.00000e-04
 4.00000e-04
 4.00000e-04
 4.00000e-04
 4.00000e-04
 4.00000e-04
 4.00000e-04
 4.00000e-04
 4.00000e-04
 4.00000e-04
 4.00000e-04
 4.00000e-04
 4.00000e-04
 4.00000e-04
 4.00000e-04
 4.00000e-04
 4.00000e-04
 4.00000e-04
 2.00000e-04
 5.65138e-05
 1.14391e-04
 1.16893e-04
 1.20198e-04
 1.24888e-04
 1.30420e-04
 1.36875e-04
 1.44221e-04
 1.52497e-04
 1.61776e-04
 1.72060e-04
 1.83149e-04
 1.94751e-04
 2.06924e-04
 2.21053e-04
 2.40947e-04
 2.73307e-04
 3.27716e-04
 4.16296e-04
 5.51839e-04
 7.39080e-04
 9.54576e-04
 1.13425e-03
 1.17661e-03
 1.01576e-03
 7.34806e-04
 5.11503e-04
 4.19753e-04
 4.01655e-04
 4.00057e-04
 4.00001e-04
 4.00000e-04
 4.00000e-04
 4.00000e-04
 4.00000e-04
 4.00000e-04
 4.00000e-04
 4.00000e-04
 4.00000e-04
 4.00000e-04
 4.00000e-04
 4.00000e-04
 4.00000e-04
 4.00000e-04
 4.00000e-04
 4.00000e-04
 4.00000e-04
 4.00000e-04
 4.00000e-04
 4.00000e-04
 4.00000e-04
 4.00000e-04
 4.00000e-04
 4.00000e-04
 4.00000e-04
 4.00000e-04
 4.00000e-04
 4.00000e-04
 4.00000e-04
 4.00000e-04
 2.00000e-04
 6.51341e-05
 1.31658e-04
 1.34231e-04
 1.37598e-04
 1.42370e-04
 1.48064e-04
 1.54770e-04
 1.62455e-04
 1.71085e-04
 1.80583e-04
 1.90789e-04
 2.01631e-04
 2.13516e-04
 2.27989e-04
 2.48475e-04
 2.80726e-04
 3.33059e-04
 4.16296e-04
 5.42337e-04
 7.17366e-04
 9.25684e-04
 1.11553e-03
 1.19548e-03
 1.08453e-03
 8.21974e-04
 5.68589e-04
 4.38355e-04
 4.04481e-04
 4.00240e-04
 4.00005e-04
 4.00000e-04
 4.00000e-04
 4.00000e-04
 4.00000e-04
 4.00000e-04
 4.00000e-04
 4.00000e-04
 4.00000e-04
 4.00000e-04
 4.00000e-04
 4.00000e-04
 4.00000e-04
 4.00000e-04
 4.00000e-04
 4.00000e-04
 4.00000e-04
 4.00000e-04
 4.00000e-04
 4.00000e-04
 4.00000e-04
 4.00000e-04
 4.00000e-04
 4.00000e-04
 4.00000e-04
 4.00000e-04
 4.00000e-04
 4.00000e-04
 4.00000e-04
 4.00000e-04
 4.00000e-04
 2.00000e-04
 7.50962e-05
 1.51619e-04
 1.54286e-04
 1.57748e-04
 1.62648e-04
 1.68536e-04
 1.75448e-04
 1.83291e-04
 1.91990e-04
 2.01524e-04
 2.12084e-04
 2.24406e-04
 2.40192e-04
 2.62607e-04
 2.96693e-04
 3.49706e-04
 4.31225e-04
 5.51839e-04
 7.17366e-04
 9.15667e-04
 1.10389e-03
 1.20161e-03
 1.12655e-03
 8.89090e-04
 6.22853e-04
 4.61225e-04
 4.09221e-04
 4.00691e-04
 4.00022e-04
 4.00000e-04
 4.00000e-04
 4.00000e-04
 4.00000e-04
 4.00000e-04
 4.00000e-04
 4.00000e-04
 4.00000e-04
 4.00000e-04
 4.00000e-04
 4.00000e-04
 4.00000e-04
 4.00000e-04
 4.00000e-04
 4.00000e-04
 4.00000e-04
 4.00000e-04
 4.00000e-04
 4.00000e-04
 4.00000e-04
 4.00000e-04
 4.00000e-04
 4.00000e-04
 4.00000e-04
 4.00000e-04
 4.00000e-04
 4.00000e-04
 4.00000e-04
 4.00000e-04
 4.00000e-04
 4.00000e-04
 2.00000e-04
 8.67222e-05
 1.74910e-04
 1.77641e-04
 1.81150e-04
 1.86133e-04
 1.92163e-04
 1.99275e-04
 2.07471e-04
 2.16915e-04
 2.28055e-04
 2.41864e-04
 2.60141e-04
 2.85852e-04
 3.23509e-04
 3.79529e-04
 4.62319e-04
 5.80794e-04
 7.39080e-04
 9.25684e-04
 1.10389e-03
 1.20285e-03
 1.14633e-03
 9.30776e-04
 6.64680e-04
 4.83453e-04
 4.15204e-04
 4.01474e-04
 4.00067e-04
 4.00001e-04
 4.00000e-04
 4.00000e-04
 4.00000e-04
 4.00000e-04
 4.00000e-04
 4.00000e-04
 4.00000e-04
 4.00000e-04
 4.00000e-04
 4.00000e-04
 4.00000e-04
 4.00000e-04
 4.00000e-04
 4.00000e-04
 4.00000e-04
 4.00000e-04
 4.00000e-04
 4.00000e-04
 4.00000e-04
 4.00000e-04
 4.00000e-04
 4.00000e-04
 4.00000e-04
 4.00000e-04
 4.00000e-04
 4.00000e-04
 4.00000e-04
 4.00000e-04
 4.00000e-04
 4.00000e-04
 4.00000e-04
 2.00000e-04
 1.00668e-04
 2.02832e-04
 2.05669e-04
 2.09407e-04
 2.14830e-04
 2.21625e-04
 2.30000e-04
 2.40277e-04
 2.53103e-04
 2.69603e-04
 2.91611e-04
 3.21937e-04
 3.64692e-04
 4.25609e-04
 5.11856e-04
 6.30230e-04
 7.82057e-04
 9.54576e-04
 1.11553e-03
 1.20161e-03
 1.14633e-03
 9.44881e-04
 6.87281e-04
 4.99560e-04
 4.20843e-04
 4.02454e-04
 4.00147e-04
 4.00004e-04
 4.00000e-04
 4.00000e-04
 4.00000e-04
 4.00000e-04
 4.00000e-04
 4.00000e-04
 4.00000e-04
 4.00000e-04
 4.00000e-04
 4.00000e-04
 4.00000e-04
 4.00000e-04
 4.00000e-04
 4.00000e-04
 4.00000e-04
 4.00000e-04
 4.00000e-04
 4.00000e-04
 4.00000e-04
 4.00000e-04
 4.00000e-04
 4.00000e-04
 4.00000e-04
 4.00000e-04
 4.00000e-04
 4.00000e-04
 4.00000e-04
 4.00000e-04
 4.00000e-04
 4.00000e-04
 4.00000e-04
 4.00000e-04
 2.00000e-04
 1.19476e-04
 2.40600e-04
 2.43985e-04
 2.48763e-04
 2.55840e-04
 2.65141e-04
 2.77182e-04
 2.92721e-04
 3.12975e-04
 3.39775e-04
 3.75803e-04
 4.24872e-04
 4.91963e-04
 5.82625e-04
 7.00779e-04
 8.44265e-04
 9.98375e-04
 1.13425e-03
 1.19548e-03
 1.12655e-03
 9.30776e-04
 6.87281e-04
 5.05431e-04
 4.24280e-04
 4.03292e-04
 4.00241e-04
 4.00008e-04
 4.00000e-04
 4.00000e-04
 4.00000e-04
 4.00000e-04
 4.00000e-04
 4.00000e-04
 4.00000e-04
 4.00000e-04
 4.00000e-04
 4.00000e-04
 4.00000e-04
 4.00000e-04
 4.00000e-04
 4.00000e-04
 4.00000e-04
 4.00000e-04
 4.00000e-04
 4.00000e-04
 4.00000e-04
 4.00000e-04
 4.00000e-04
 4.00000e-04
 4.00000e-04
 4.00000e-04
 4.00000e-04
 4.00000e-04
 4.00000e-04
 4.00000e-04
 4.00000e-04
 4.00000e-04
 4.00000e-04
 4.00000e-04
 4.00000e-04
 2.00000e-04
 1.48244e-04
 2.98616e-04
 3.03405e-04
 3.10517e-04
 3.21072e-04
 3.35326e-04
 3.54144e-04
 3.78761e-04
 4.11010e-04
 4.53444e-04
 5.09348e-04
 5.82474e-04
 6.76017e-04
 7.90469e-04
 9.20155e-04
 1.05076e-03
 1.15207e-03
 1.17661e-03
 1.08453e-03
 8.89090e-04
 6.64680e-04
 4.99560e-04
 4.24280e-04
 4.03624e-04
 4.00306e-04
 4.00012e-04
 4.00000e-04
 4.00000e-04
 4.00000e-04
 4.00000e-04
 4.00000e-04
 4.00000e-04
 4.00000e-04
 4.00000e-04
 4.00000e-04
 4.00000e-04
 4.00000e-04
 4.00000e-04
 4.00000e-04
 4.00000e-04
 4.00000e-04
 4.00000e-04
 4.00000e-04
 4.00000e-04
 4.00000e-04
 4.00000e-04
 4.00000e-04
 4.00000e-04
 4.00000e-04
 4.00000e-04
 4.00000e-04
 4.00000e-04
 4.00000e-04
 4.00000e-04
 4.00000e-04
 4.00000e-04
 4.00000e-04
 4.00000e-04
 4.00000e-04
 4.00000e-04
 2.00000e-04
 1.93373e-04
 3.89821e-04
 3.97047e-04
 4.07923e-04
 4.24027e-04
 4.45967e-04
 4.74942e-04
 5.12526e-04
 5.60704e-04
 6.21662e-04
 6.97268e-04
 7.88038e-04
 8.91256e-04
 9.99488e-04
 1.09809e-03
 1.15368e-03
 1.13343e-03
 1.01576e-03
 8.21974e-04
 6.22853e-04
 4.83453e-04
 4.20843e-04
 4.03292e-04
 4.00306e-04
 4.00014e-04
 4.00000e-04
 4.00000e-04
 4.00000e-04
 4.00000e-04
 4.00000e-04
 4.00000e-04
 4.00000e-04
 4.00000e-04
 4.00000e-04
 4.00000e-04
 4.00000e-04
 4.00000e-04
 4.00000e-04
 4.00000e-04
 4.00000e-04
 4.00000e-04
 4.00000e-04
 4.00000e-04
 4.00000e-04
 4.00000e-04
 4.00000e-04
 4.00000e-04
 4.00000e-04
 4.00000e-04
 4.00000e-04
 4.00000e-04
 4.00000e-04
 4.00000e-04
 4.00000e-04
 4.00000e-04
 4.00000e-04
 4.00000e-04
 4.00000e-04
 4.00000e-04
 4.00000e-04
 2.00000e-04
 2.61336e-04
 5.27117e-04
 5.37631e-04
 5.53373e-04
 5.76424e-04
 6.07342e-04
 6.47068e-04
 6.96550e-04
 7.56469e-04
 8.26585e-04
 9.04887e-04
 9.87773e-04
 1.06646e-03
 1.11927e-03
 1.12331e-03
 1.05712e-03
 9.16015e-04
 7.34806e-04
 5.68589e-04
 4.61225e-04
 4.15204e-04
 4.02454e-04
 4.00241e-04
 4.00012e-04
 4.00000e-04
 4.00000e-04
 4.00000e-04
 4.00000e-04
 4.00000e-04
 4.00000e-04
 4.00000e-04
 4.00000e-04
 4.00000e-04
 4.00000e-04
 4.00000e-04
 4.00000e-04
 4.00000e-04
 4.00000e-04
 4.00000e-04
 4.00000e-04
 4.00000e-04
 4.00000e-04
 4.00000e-04
 4.00000e-04
 4.00000e-04
 4.00000e-04
 4.00000e-04
 4.00000e-04
 4.00000e-04
 4.00000e-04
 4.00000e-04
 4.00000e-04
 4.00000e-04
 4.00000e-04
 4.00000e-04
 4.00000e-04
 4.00000e-04
 4.00000e-04
 4.00000e-04
 4.00000e-04
 2.00000e-04
 3.50910e-04
 7.07357e-04
 7.20217e-04
 7.39087e-04
 7.66122e-04
 8.01010e-04
 8.43450e-04
 8.92571e-04
 9.47194e-04
 1.00505e-03
 1.05771e-03
 1.09046e-03
 1.09102e-03
 1.04485e-03
 9.40684e-04
 7.93732e-04
 6.37842e-04
 5.11503e-04
 4.38355e-04
 4.09221e-04
 4.01474e-04
 4.00147e-04
 4.00008e-04
 4.00000e-04
 4.00000e-04
 4.00000e-04
 4.00000e-04
 4.00000e-04
 4.00000e-04
 4.00000e-04
 4.00000e-04
 4.00000e-04
 4.00000e-04
 4.00000e-04
 4.00000e-04
 4.00000e-04
 4.00000e-04
 4.00000e-04
 4.00000e-04
 4.00000e-04
 4.00000e-04
 4.00000e-04
 4.00000e-04
 4.00000e-04
 4.00000e-04
 4.00000e-04
 4.00000e-04
 4.00000e-04
 4.00000e-04
 4.00000e-04
 4.00000e-04
 4.00000e-04
 4.00000e-04
 4.00000e-04
 4.00000e-04
 4.00000e-04
 4.00000e-04
 4.00000e-04
 4.00000e-04
 4.00000e-04
 2.00000e-04
 4.40683e-04
 8.86647e-04
 8.98372e-04
 9.15067e-04
 9.38834e-04
 9.67894e-04
 9.99285e-04
 1.02893e-03
 1.05082e-03
 1.05828e-03
 1.04439e-03
 9.97706e-04
 9.10805e-04
 7.92697e-04
 6.62381e-04
 5.44381e-04
 4.61932e-04
 4.19753e-04
 4.04481e-04
 4.00691e-04
 4.00067e-04
 4.00004e-04
 4.00000e-04
 4.00000e-04
 4.00000e-04
 4.00000e-04
 4.00000e-04
 4.00000e-04
 4.00000e-04
 4.00000e-04
 4.00000e-04
 4.00000e-04
 4.00000e-04
 4.00000e-04
 4.00000e-04
 4.00000e-04
 4.00000e-04
 4.00000e-04
 4.00000e-04
 4.00000e-04
 4.00000e-04
 4.00000e-04
 4.00000e-04
 4.00000e-04
 4.00000e-04
 4.00000e-04
 4.00000e-04
 4.00000e-04
 4.00000e-04
 4.00000e-04
 4.00000e-04
 4.00000e-04
 4.00000e-04
 4.00000e-04
 4.00000e-04
 4.00000e-04
 4.00000e-04
 4.00000e-04
 4.00000e-04
 4.00000e-04
 2.00000e-04
 4.96654e-04
 9.96398e-04
 1.00187e-03
 1.00745e-03
 1.01299e-03
 1.01577e-03
 1.01286e-03
 9.99344e-04
 9.68567e-04
 9.14325e-04
 8.36448e-04
 7.41942e-04
 6.39842e-04
 5.43980e-04
 4.70805e-04
 4.27305e-04
 4.07914e-04
 4.01655e-04
 4.00240e-04
 4.00022e-04
 4.00001e-04
 4.00000e-04
 4.00000e-04
 4.00000e-04
 4.00000e-04
 4.00000e-04
 4.00000e-04
 4.00000e-04
 4.00000e-04
 4.00000e-04
 4.00000e-04
 4.00000e-04
 4.00000e-04
 4.00000e-04
 4.00000e-04
 4.00000e-04
 4.00000e-04
 4.00000e-04
 4.00000e-04
 4.00000e-04
 4.00000e-04
 4.00000e-04
 4.00000e-04
 4.00000e-04
 4.00000e-04
 4.00000e-04
 4.00000e-04
 4.00000e-04
 4.00000e-04
 4.00000e-04
 4.00000e-04
 4.00000e-04
 4.00000e-04
 4.00000e-04
 4.00000e-04
 4.00000e-04
 4.00000e-04
 4.00000e-04
 4.00000e-04
 4.00000e-04
 2.00000e-04
 4.69350e-04
 9.38123e-04
 9.33728e-04
 9.23224e-04
 9.05217e-04
 8.77209e-04
 8.37798e-04
 7.86287e-04
 7.23990e-04
 6.53858e-04
 5.80439e-04
 5.12562e-04
 4.59687e-04
 4.25866e-04
 4.08816e-04
 4.02278e-04
 4.00434e-04
 4.00057e-04
 4.00005e-04
 4.00000e-04
 4.00000e-04
 4.00000e-04
 4.00000e-04
 4.00000e-04
 4.00000e-04
 4.00000e-04
 4.00000e-04
 4.00000e-04
 4.00000e-04
 4.00000e-04
 4.00000e-04
 4.00000e-04
 4.00000e-04
 4.00000e-04
 4.00000e-04
 4.00000e-04
 4.00000e-04
 4.00000e-04
 4.00000e-04
 4.00000e-04
 4.00000e-04
 4.00000e-04
 4.00000e-04
 4.00000e-04
 4.00000e-04
 4.00000e-04
 4.00000e-04
 4.00000e-04
 4.00000e-04
 4.00000e-04
 4.00000e-04
 4.00000e-04
 4.00000e-04
 4.00000e-04
 4.00000e-04
 4.00000e-04
 4.00000e-04
 4.00000e-04
 4.00000e-04
 4.00000e-04
 2.00000e-04
 3.59407e-04
 7.15783e-04
 7.05614e-04
 6.87633e-04
 6.62291e-04
 6.29547e-04
 5.90054e-04
 5.46668e-04
 5.03711e-04
 4.65569e-04
 4.35996e-04
 4.16637e-04
 4.06263e-04
 4.01862e-04
 4.00428e-04
 4.00072e-04
 4.00008e-04
 4.00001e-04
 4.00000e-04
 4.00000e-04
 4.00000e-04
 4.00000e-04
 4.00000e-04
 4.00000e-04
 4.00000e-04
 4.00000e-04
 4.00000e-04
 4.00000e-04
 4.00000e-04
 4.00000e-04
 4.00000e-04
 4.00000e-04
 4.00000e-04
 4.00000e-04
 4.00000e-04
 4.00000e-04
 4.00000e-04
 4.00000e-04
 4.00000e-04
 4.00000e-04
 4.00000e-04
 4.00000e-04
 4.00000e-04
 4.00000e-04
 4.00000e-04
 4.00000e-04
 4.00000e-04
 4.00000e-04
 4.00000e-04
 4.00000e-04
 4.00000e-04
 4.00000e-04
 4.00000e-04
 4.00000e-04
 4.00000e-04
 4.00000e-04
 4.00000e-04
 4.00000e-04
 4.00000e-04
 4.00000e-04
 2.00000e-04
 2.52439e-04
 5.02689e-04
 4.95994e-04
 4.85046e-04
 4.70814e-04
 4.54747e-04
 4.38712e-04
 4.24586e-04
 4.13723e-04
 4.06561e-04
 4.02620e-04
 4.00860e-04
 4.00226e-04
 4.00045e-04
 4.00006e-04
 4.00001e-04
 4.00000e-04
 4.00000e-04
 4.00000e-04
 4.00000e-04
 4.00000e-04
 4.00000e-04
 4.00000e-04
 4.00000e-04
 4.00000e-04
 4.00000e-04
 4.00000e-04
 4.00000e-04
 4.00000e-04
 4.00000e-04
 4.00000e-04
 4.00000e-04
 4.00000e-04
 4.00000e-04
 4.00000e-04
 4.00000e-04
 4.00000e-04
 4.00000e-04
 4.00000e-04
 4.00000e-04
 4.00000e-04
 4.00000e-04
 4.00000e-04
 4.00000e-04
 4.00000e-04
 4.00000e-04
 4.00000e-04
 4.00000e-04
 4.00000e-04
 4.00000e-04
 4.00000e-04
 4.00000e-04
 4.00000e-04
 4.00000e-04
 4.00000e-04
 4.00000e-04
 4.00000e-04
 4.00000e-04
 4.00000e-04
 4.00000e-04
 2.00000e-04
 2.06606e-04
 4.12717e-04
 4.11293e-04
 4.09165e-04
 4.06722e-04
 4.04392e-04
 4.02522e-04
 4.01259e-04
 4.00539e-04
 4.00193e-04
 4.00056e-04
 4.00013e-04
 4.00002e-04
 4.00000e-04
 4.00000e-04
 4.00000e-04
 4.00000e-04
 4.00000e-04
 4.00000e-04
 4.00000e-04
 4.00000e-04
 4.00000e-04
 4.00000e-04
 4.00000e-04
 4.00000e-04
 4.00000e-04
 4.00000e-04
 4.00000e-04
 4.00000e-04
 4.00000e-04
 4.00000e-04
 4.00000e-04
 4.00000e-04
 4.00000e-04
 4.00000e-04
 4.00000e-04
 4.00000e-04
 4.00000e-04
 4.00000e-04
 4.00000e-04
 4.00000e-04
 4.00000e-04
 4.00000e-04
 4.00000e-04
 4.00000e-04
 4.00000e-04
 4.00000e-04
 4.00000e-04
 4.00000e-04
 4.00000e-04
 4.00000e-04
 4.00000e-04
 4.00000e-04
 4.00000e-04
 4.00000e-04
 4.00000e-04
 4.00000e-04
 4.00000e-04
 4.00000e-04
 4.00000e-04
 2.00000e-04
 2.00197e-04
 4.00372e-04
 4.00312e-04
 4.00231e-04
 4.00149e-04
 4.00083e-04
 4.00039e-04
 4.00015e-04
 4.00005e-04
 4.00001e-04
 4.00000e-04
 4.00000e-04
 4.00000e-04
 4.00000e-04
 4.00000e-04
 4.00000e-04
 4.00000e-04
 4.00000e-04
 4.00000e-04
 4.00000e-04
 4.00000e-04
 4.00000e-04
 4.00000e-04
 4.00000e-04
 4.00000e-04
 4.00000e-04
 4.00000e-04
 4.00000e-04
 4.00000e-04
 4.00000e-04
 4.00000e-04
 4.00000e-04
 4.00000e-04
 4.00000e-04
 4.00000e-04
 4.00000e-04
 4.00000e-04
 4.00000e-04
 4.00000e-04
 4.00000e-04
 4.00000e-04
 4.00000e-04
 4.00000e-04
 4.00000e-04
 4.00000e-04
 4.00000e-04
 4.00000e-04
 4.00000e-04
 4.00000e-04
 4.00000e-04
 4.00000e-04
 4.00000e-04
 4.00000e-04
 4.00000e-04
 4.00000e-04
 4.00000e-04
 4.00000e-04
 4.00000e-04
 4.00000e-04
 4.00000e-04
 2.00000e-04
 2.00001e-04
 4.00002e-04
 4.00001e-04
 4.00001e-04
 4.00000e-04
 4.00000e-04
 4.00000e-04
 4.00000e-04
 4.00000e-04
 4.00000e-04
 4.00000e-04
 4.00000e-04
 4.00000e-04
 4.00000e-04
 4.00000e-04
 4.00000e-04
 4.00000e-04
 4.00000e-04
 4.00000e-04
 4.00000e-04
 4.00000e-04
 4.00000e-04
 4.00000e-04
 4.00000e-04
 4.00000e-04
 4.00000e-04
 4.00000e-04
 4.00000e-04
 4.00000e-04
 4.00000e-04
 4.00000e-04
 4.00000e-04
 4.00000e-04
 4.00000e-04
 4.00000e-04
 4.00000e-04
 4.00000e-04
 4.00000e-04
 4.00000e-04
 4.00000e-04
 4.00000e-04
 4.00000e-04
 4.00000e-04
 4.00000e-04
 4.00000e-04
 4.00000e-04
 4.00000e-04
 4.00000e-04
 4.00000e-04
 4.00000e-04
 4.00000e-04
 4.00000e-04
 4.00000e-04
 4.00000e-04
 4.00000e-04
 4.00000e-04
 4.00000e-04
 4.00000e-04
 4.00000e-04
 4.00000e-04
 2.00000e-04
 2.00000e-04
 4.00000e-04
 4.00000e-04
 4.00000e-04
 4.00000e-04
 4.00000e-04
 4.00000e-04
 4.00000e-04
 4.00000e-04
 4.00000e-04
 4.00000e-04
 4.00000e-04
 4.00000e-04
 4.00000e-04
 4.00000e-04
 4.00000e-04
 4.00000e-04
 4.00000e-04
 4.00000e-04
 4.00000e-04
 4.00000e-04
 4.00000e-04
 4.00000e-04
 4.00000e-04
 4.00000e-04
 4.00000e-04
 4.00000e-04
 4.00000e-04
 4.00000e-04
 4.00000e-04
 4.00000e-04
 4.00000e-04
 4.00000e-04
 4.00000e-04
 4.00000e-04
 4.00000e-04
 4.00000e-04
 4.00000e-04
 4.00000e-04
 4.00000e-04
 4.00000e-04
 4.00000e-04
 4.00000e-04
 4.00000e-04
 4.00000e-04
 4.00000e-04
 4.00000e-04
 4.00000e-04
 4.00000e-04
 4.00000e-04
 4.00000e-04
 4.00000e-04
 4.00000e-04
 4.00000e-04
 4.00000e-04
 4.00000e-04
 4.00000e-04
 4.00000e-04
 4.00000e-04
 4.00000e-04
 2.00000e-04
 2.00000e-04
 4.00000e-04
 4.00000e-04
 4.00000e-04
 4.00000e-04
 4.00000e-04
 4.00000e-04
 4.00000e-04
 4.00000e-04
 4.00000e-04
 4.00000e-04
 4.00000e-04
 4.00000e-04
 4.00000e-04
 4.00000e-04
 4.00000e-04
 4.00000e-04
 4.00000e-04
 4.00000e-04
 4.00000e-04
 4.00000e-04
 4.00000e-04
 4.00000e-04
 4.00000e-04
 4.00000e-04
 4.00000e-04
 4.00000e-04
 4.00000e-04
 4.00000e-04
 4.00000e-04
 4.00000e-04
 4.00000e-04
 4.00000e-04
 4.00000e-04
 4.00000e-04
 4.00000e-04
 4.00000e-04
 4.00000e-04
 4.00000e-04
 4.00000e-04
 4.00000e-04
 4.00000e-04
 4.00000e-04
 4.00000e-04
 4.00000e-04
 4.00000e-04
 4.00000e-04
 4.00000e-04
 4.00000e-04
 4.00000e-04
 4.00000e-04
 4.00000e-04
 4.00000e-04
 4.00000e-04
 4.00000e-04
 4.00000e-04
 4.00000e-04
 4.00000e-04
 4.00000e-04
 4.00000e-04
 2.00000e-04
 2.00000e-04
 4.00000e-04
 4.00000e-04
 4.00000e-04
 4.00000e-04
 4.00000e-04
 4.00000e-04
 4.00000e-04
 4.00000e-04
 4.00000e-04
 4.00000e-04
 4.00000e-04
 4.00000e-04
 4.00000e-04
 4.00000e-04
 4.00000e-04
 4.00000e-04
 4.00000e-04
 4.00000e-04
 4.00000e-04
 4.00000e-04
 4.00000e-04
 4.00000e-04
 4.00000e-04
 4.00000e-04
 4.00000e-04
 4.00000e-04
 4.00000e-04
 4.00000e-04
 4.00000e-04
 4.00000e-04
 4.00000e-04
 4.00000e-04
 4.00000e-04
 4.00000e-04
 4.00000e-04
 4.00000e-04
 4.00000e-04
 4.00000e-04
 4.00000e-04
 4.00000e-04
 4.00000e-04
 4.00000e-04
 4.00000e-04
 4.00000e-04
 4.00000e-04
 4.00000e-04
 4.00000e-04
 4.00000e-04
 4.00000e-04
 4.00000e-04
 4.00000e-04
 4.00000e-04
 4.00000e-04
 4.00000e-04
 4.00000e-04
 4.00000e-04
 4.00000e-04
 4.00000e-04
 4.00000e-04
 2.00000e-04
 2.00000e-04
 4.00000e-04
 4.00000e-04
 4.00000e-04
 4.00000e-04
 4.00000e-04
 4.00000e-04
 4.00000e-04
 4.00000e-04
 4.00000e-04
 4.00000e-04
 4.00000e-04
 4.00000e-04
 4.00000e-04
 4.00000e-04
 4.00000e-04
 4.00000e-04
 4.00000e-04
 4.00000e-04
 4.00000e-04
 4.00000e-04
 4.00000e-04
 4.00000e-04
 4.00000e-04
 4.00000e-04
 4.00000e-04
 4.00000e-04
 4.00000e-04
 4.00000e-04
 4.00000e-04
 4.00000e-04
 4.00000e-04
 4.00000e-04
 4.00000e-04
 4.00000e-04
 4.00000e-04
 4.00000e-04
 4.00000e-04
 4.00000e-04
 4.00000e-04
 4.00000e-04
 4.00000e-04
 4.00000e-04
 4.00000e-04
 4.00000e-04
 4.00000e-04
 4.00000e-04
 4.00000e-04
 4.00000e-04
 4.00000e-04
 4.00000e-04
 4.00000e-04
 4.00000e-04
 4.00000e-04
 4.00000e-04
 4.00000e-04
 4.00000e-04
 4.00000e-04
 4.00000e-04
 4.00000e-04
 2.00000e-04
 2.00000e-04
 4.00000e-04
 4.00000e-04
 4.00000e-04
 4.00000e-04
 4.00000e-04
 4.00000e-04
 4.00000e-04
 4.00000e-04
 4.00000e-04
 4.00000e-04
 4.00000e-04
 4.00000e-04
 4.00000e-04
 4.00000e-04
 4.00000e-04
 4.00000e-04
 4.00000e-04
 4.00000e-04
 4.00000e-04
 4.00000e-04
 4.00000e-04
 4.00000e-04
 4.00000e-04
 4.00000e-04
 4.00000e-04
 4.00000e-04
 4.00000e-04
 4.00000e-04
 4.00000e-04
 4.00000e-04
 4.00000e-04
 4.00000e-04
 4.00000e-04
 4.00000e-04
 4.00000e-04
 4.00000e-04
 4.00000e-04
 4.00000e-04
 4.00000e-04
 4.00000e-04
 4.00000e-04
 4.00000e-04
 4.00000e-04
 4.00000e-04
 4.00000e-04
 4.00000e-04
 4.00000e-04
 4.00000e-04
 4.00000e-04
 4.00000e-04
 4.00000e-04
 4.00000e-04
 4.00000e-04
 4.00000e-04
 4.00000e-04
 4.00000e-04
 4.00000e-04
 4.00000e-04
 4.00000e-04
 2.00000e-04
 2.00000e-04
 4.00000e-04
 4.00000e-04
 4.00000e-04
 4.00000e-04
 4.00000e-04
 4.00000e-04
 4.00000e-04
 4.00000e-04
 4.00000e-04
 4.00000e-04
 4.00000e-04
 4.00000e-04
 4.00000e-04
 4.00000e-04
 4.00000e-04
 4.00000e-04
 4.00000e-04
 4.00000e-04
 4.00000e-04
 4.00000e-04
 4.00000e-04
 4.00000e-04
 4.00000e-04
 4.00000e-04
 4.00000e-04
 4.00000e-04
 4.00000e-04
 4.00000e-04
 4.00000e-04
 4.00000e-04
 4.00000e-04
 4.00000e-04
 4.00000e-04
 4.00000e-04
 4.00000e-04
 4.00000e-04
 4.00000e-04
 4.00000e-04
 4.00000e-04
 4.00000e-04
 4.00000e-04
 4.00000e-04
 4.00000e-04
 4.00000e-04
 4.00000e-04
 4.00000e-04
 4.00000e-04
 4.00000e-04
 4.00000e-04
 4.00000e-04
 4.00000e-04
 4.00000e-04
 4.00000e-04
 4.00000e-04
 4.00000e-04
 4.00000e-04
 4.00000e-04
 4.00000e-04
 4.00000e-04
 2.00000e-04
 2.00000e-04
 4.00000e-04
 4.00000e-04
 4.00000e-04
 4.00000e-04
 4.00000e-04
 4.00000e-04
 4.00000e-04
 4.00000e-04
 4.00000e-04
 4.00000e-04
 4.00000e-04
 4.00000e-04
 4.00000e-04
 4.00000e-04
 4.00000e-04
 4.00000e-04
 4.00000e-04
 4.00000e-04
 4.00000e-04
 4.00000e-04
 4.00000e-04
 4.00000e-04
 4.00000e-04
 4.00000e-04
 4.00000e-04
 4.00000e-04
 4.00000e-04
 4.00000e-04
 4.00000e-04
 4.00000e-04
 4.00000e-04
 4.00000e-04
 4.00000e-04
 4.00000e-04
 4.00000e-04
 4.00000e-04
 4.00000e-04
 4.00000e-04
 4.00000e-04
 4.00000e-04
 4.00000e-04
 4.00000e-04
 4.00000e-04
 4.00000e-04
 4.00000e-04
 4.00000e-04
 4.00000e-04
 4.00000e-04
 4.00000e-04
 4.00000e-04
 4.00000e-04
 4.00000e-04
 4.00000e-04
 4.00000e-04
 4.00000e-04
 4.00000e-04
 4.00000e-04
 4.00000e-04
 4.00000e-04
 2.00000e-04
 2.00000e-04
 4.00000e-04
 4.00000e-04
 4.00000e-04
 4.00000e-04
 4.00000e-04
 4.00000e-04
 4.00000e-04
 4.00000e-04
 4.00000e-04
 4.00000e-04
 4.00000e-04
 4.00000e-04
 4.00000e-04
 4.00000e-04
 4.00000e-04
 4.00000e-04
 4.00000e-04
 4.00000e-04
 4.00000e-04
 4.00000e-04
 4.00000e-04
 4.00000e-04
 4.00000e-04
 4.00000e-04
 4.00000e-04
 4.00000e-04
 4.00000e-04
 4.00000e-04
 4.00000e-04
 4.00000e-04
 4.00000e-04
 4.00000e-04
 4.00000e-04
 4.00000e-04
 4.00000e-04
 4.00000e-04
 4.00000e-04
 4.00000e-04
 4.00000e-04
 4.00000e-04
 4.00000e-04
 4.00000e-04
 4.00000e-04
 4.00000e-04
 4.00000e-04
 4.00000e-04
 4.00000e-04
 4.00000e-04
 4.00000e-04
 4.00000e-04
 4.00000e-04
 4.00000e-04
 4.00000e-04
 4.00000e-04
 4.00000e-04
 4.00000e-04
 4.00000e-04
 4.00000e-04
 4.00000e-04
 2.00000e-04
 2.00000e-04
 4.00000e-04
 4.00000e-04
 4.00000e-04
 4.00000e-04
 4.00000e-04
 4.00000e-04
 4.00000e-04
 4.00000e-04
 4.00000e-04
 4.00000e-04
 4.00000e-04
 4.00000e-04
 4.00000e-04
 4.00000e-04
 4.00000e-04
 4.00000e-04
 4.00000e-04
 4.00000e-04
 4.00000e-04
 4.00000e-04
 4.00000e-04
 4.00000e-04
 4.00000e-04
 4.00000e-04
 4.00000e-04
 4.00000e-04
 4.00000e-04
 4.00000e-04
 4.00000e-04
 4.00000e-04
 4.00000e-04
 4.00000e-04
 4.00000e-04
 4.00000e-04
 4.00000e-04
 4.00000e-04
 4.00000e-04
 4.00000e-04
 4.00000e-04
 4.00000e-04
 4.00000e-04
 4.00000e-04
 4.00000e-04
 4.00000e-04
 4.00000e-04
 4.00000e-04
 4.00000e-04
 4.00000e-04
 4.00000e-04
 4.00000e-04
 4.00000e-04
 4.00000e-04
 4.00000e-04
 4.00000e-04
 4.00000e-04
 4.00000e-04
 4.00000e-04
 4.00000e-04
 4.00000e-04
 2.00000e-04
 2.00000e-04
 4.00000e-04
 4.00000e-04
 4.00000e-04
 4.00000e-04
 4.00000e-04
 4.00000e-04
 4.00000e-04
 4.00000e-04
 4.00000e-04
 4.00000e-04
 4.00000e-04
 4.00000e-04
 4.00000e-04
 4.00000e-04
 4.00000e-04
 4.00000e-04
 4.00000e-04
 4.00000e-04
 4.00000e-04
 4.00000e-04
 4.00000e-04
 4.00000e-04
 4.00000e-04
 4.00000e-04
 4.00000e-04
 4.00000e-04
 4.00000e-04
 4.00000e-04
 4.00000e-04
 4.00000e-04
 4.00000e-04
 4.00000e-04
 4.00000e-04
 4.00000e-04
 4.00000e-04
 4.00000e-04
 4.00000e-04
 4.00000e-04
 4.00000e-04
 4.00000e-04
 4.00000e-04
 4.00000e-04
 4.00000e-04
 4.00000e-04
 4.00000e-04
 4.00000e-04
 4.00000e-04
 4.00000e-04
 4.00000e-04
 4.00000e-04
 4.00000e-04
 4.00000e-04
 4.00000e-04
 4.00000e-04
 4.00000e-04
 4.00000e-04
 4.00000e-04
 4.00000e-04
 4.00000e-04
 2.00000e-04
 2.00000e-04
 4.00000e-04
 4.00000e-04
 4.00000e-04
 4.00000e-04
 4.00000e-04
 4.00000e-04
 4.00000e-04
 4.00000e-04
 4.00000e-04
 4.00000e-04
 4.00000e-04
 4.00000e-04
 4.00000e-04
 4.00000e-04
 4.00000e-04
 4.00000e-04
 4.00000e-04
 4.00000e-04
 4.00000e-04
 4.00000e-04
 4.00000e-04
 4.00000e-04
 4.00000e-04
 4.00000e-04
 4.00000e-04
 4.00000e-04
 4.00000e-04
 4.00000e-04
 4.00000e-04
 4.00000e-04
 4.00000e-04
 4.00000e-04
 4.00000e-04
 4.00000e-04
 4.00000e-04
 4.00000e-04
 4.00000e-04
 4.00000e-04
 4.00000e-04
 4.00000e-04
 4.00000e-04
 4.00000e-04
 4.00000e-04
 4.00000e-04
 4.00000e-04
 4.00000e-04
 4.00000e-04
 4.00000e-04
 4.00000e-04
 4.00000e-04
 4.00000e-04
 4.00000e-04
 4.00000e-04
 4.00000e-04
 4.00000e-04
 4.00000e-04
 4.00000e-04
 4.00000e-04
 4.00000e-04
 2.00000e-04
 2.00000e-04
 4.00000e-04
 4.00000e-04
 4.00000e-04
 4.00000e-04
 4.00000e-04
 4.00000e-04
 4.00000e-04
 4.00000e-04
 4.00000e-04
 4.00000e-04
 4.00000e-04
 4.00000e-04
 4.00000e-04
 4.00000e-04
 4.00000e-04
 4.00000e-04
 4.00000e-04
 4.00000e-04
 4.00000e-04
 4.00000e-04
 4.00000e-04
 4.00000e-04
 4.00000e-04
 4.00000e-04
 4.00000e-04
 4.00000e-04
 4.00000e-04
 4.00000e-04
 4.00000e-04
 4.00000e-04
 4.00000e-04
 4.00000e-04
 4.00000e-04
 4.00000e-04
 4.00000e-04
 4.00000e-04
 4.00000e-04
 4.00000e-04
 4.00000e-04
 4.00000e-04
 4.00000e-04
 4.00000e-04
 4.00000e-04
 4.00000e-04
 4.00000e-04
 4.00000e-04
 4.00000e-04
 4.00000e-04
 4.00000e-04
 4.00000e-04
 4.00000e-04
 4.00000e-04
 4.00000e-04
 4.00000e-04
 4.00000e-04
 4.00000e-04
 4.00000e-04
 4.00000e-04
 4.00000e-04
 2.00000e-04
 2.00000e-04
 4.00000e-04
 4.00000e-04
 4.00000e-04
 4.00000e-04
 4.00000e-04
 4.00000e-04
 4.00000e-04
 4.00000e-04
 4.00000e-04
 4.00000e-04
 4.00000e-04
 4.00000e-04
 4.00000e-04
 4.00000e-04
 4.00000e-04
 4.00000e-04
 4.00000e-04
 4.00000e-04
 4.00000e-04
 4.00000e-04
 4.00000e-04
 4.00000e-04
 4.00000e-04
 4.00000e-04
 4.00000e-04
 4.00000e-04
 4.00000e-04
 4.00000e-04
 4.00000e-04
 4.00000e-04
 4.00000e-04
 4.00000e-04
 4.00000e-04
 4.00000e-04
 4.00000e-04
 4.00000e-04
 4.00000e-04
 4.00000e-04
 4.00000e-04
 4.00000e-04
 4.00000e-04
 4.00000e-04
 4.00000e-04
 4.00000e-04
 4.00000e-04
 4.00000e-04
 4.00000e-04
 4.00000e-04
 4.00000e-04
 4.00000e-04
 4.00000e-04
 4.00000e-04
 4.00000e-04
 4.00000e-04
 4.00000e-04
 4.00000e-04
 4.00000e-04
 4.00000e-04
 4.00000e-04
 2.00000e-04
 2.00000e-04
 4.00000e-04
 4.00000e-04
 4.00000e-04
 4.00000e-04
 4.00000e-04
 4.00000e-04
 4.00000e-04
 4.00000e-04
 4.00000e-04
 4.00000e-04
 4.00000e-04
 4.00000e-04
 4.00000e-04
 4.00000e-04
 4.00000e-04
 4.00000e-04
 4.00000e-04
 4.00000e-04
 4.00000e-04
 4.00000e-04
 4.00000e-04
 4.00000e-04
 4.00000e-04
 4.00000e-04
 4.00000e-04
 4.00000e-04
 4.00000e-04
 4.00000e-04
 4.00000e-04
 4.00000e-04
 4.00000e-04
 4.00000e-04
 4.00000e-04
 4.00000e-04
 4.00000e-04
 4.00000e-04
 4.00000e-04
 4.00000e-04
 4.00000e-04
 4.00000e-04
 4.00000e-04
 4.00000e-04
 4.00000e-04
 4.00000e-04
 4.00000e-04
 4.00000e-04
 4.00000e-04
 4.00000e-04
 4.00000e-04
 4.00000e-04
 4.00000e-04
 4.00000e-04
 4.00000e-04
 4.00000e-04
 4.00000e-04
 4.00000e-04
 4.00000e-04
 4.00000e-04
 4.00000e-04
 2.00000e-04
 2.00000e-04
 4.00000e-04
 4.00000e-04
 4.00000e-04
 4.00000e-04
 4.00000e-04
 4.00000e-04
 4.00000e-04
 4.00000e-04
 4.00000e-04
 4.00000e-04
 4.00000e-04
 4.00000e-04
 4.00000e-04
 4.00000e-04
 4.00000e-04
 4.00000e-04
 4.00000e-04
 4.00000e-04
 4.00000e-04
 4.00000e-04
 4.00000e-04
 4.00000e-04
 4.00000e-04
 4.00000e-04
 4.00000e-04
 4.00000e-04
 4.00000e-04
 4.00000e-04
 4.00000e-04
 4.00000e-04
 4.00000e-04
 4.00000e-04
 4.00000e-04
 4.00000e-04
 4.00000e-04
 4.00000e-04
 4.00000e-04
 4.00000e-04
 4.00000e-04
 4.00000e-04
 4.00000e-04
 4.00000e-04
 4.00000e-04
 4.00000e-04
 4.00000e-04
 4.00000e-04
 4.00000e-04
 4.00000e-04
 4.00000e-04
 4.00000e-04
 4.00000e-04
 4.00000e-04
 4.00000e-04
 4.00000e-04
 4.00000e-04
 4.00000e-04
 4.00000e-04
 4.00000e-04
 4.00000e-04
 2.00000e-04
 2.00000e-04
 4.00000e-04
 4.00000e-04
 4.00000e-04
 4.00000e-04
 4.00000e-04
 4.00000e-04
 4.00000e-04
 4.00000e-04
 4.00000e-04
 4.00000e-04
 4.00000e-04
 4.00000e-04
 4.00000e-04
 4.00000e-04
 4.00000e-04
 4.00000e-04
 4.00000e-04
 4.00000e-04
 4.00000e-04
 4.00000e-04
 4.00000e-04
 4.00000e-04
 4.00000e-04
 4.00000e-04
 4.00000e-04
 4.00000e-04
 4.00000e-04
 4.00000e-04
 4.00000e-04
 4.00000e-04
 4.00000e-04
 4.00000e-04
 4.00000e-04
 4.00000e-04
 4.00000e-04
 4.00000e-04
 4.00000e-04
 4.00000e-04
 4.00000e-04
 4.00000e-04
 4.00000e-04
 4.00000e-04
 4.00000e-04
 4.00000e-04
 4.00000e-04
 4.00000e-04
 4.00000e-04
 4.00000e-04
 4.00000e-04
 4.00000e-04
 4.00000e-04
 4.00000e-04
 4.00000e-04
 4.00000e-04
 4.00000e-04
 4.00000e-04
 4.00000e-04
 4.00000e-04
 4.00000e-04
 2.00000e-04
 2.00000e-04
 4.00000e-04
 4.00000e-04
 4.00000e-04
 4.00000e-04
 4.00000e-04
 4.00000e-04
 4.00000e-04
 4.00000e-04
 4.00000e-04
 4.00000e-04
 4.00000e-04
 4.00000e-04
 4.00000e-04
 4.00000e-04
 4.00000e-04
 4.00000e-04
 4.00000e-04
 4.00000e-04
 4.00000e-04
 4.00000e-04
 4.00000e-04
 4.00000e-04
 4.00000e-04
 4.00000e-04
 4.00000e-04
 4.00000e-04
 4.00000e-04
 4.00000e-04
 4.00000e-04
 4.00000e-04
 4.00000e-04
 4.00000e-04
 4.00000e-04
 4.00000e-04
 4.00000e-04
 4.00000e-04
 4.00000e-04
 4.00000e-04
 4.00000e-04
 4.00000e-04
 4.00000e-04
 4.00000e-04
 4.00000e-04
 4.00000e-04
 4.00000e-04
 4.00000e-04
 4.00000e-04
 4.00000e-04
 4.00000e-04
 4.00000e-04
 4.00000e-04
 4.00000e-04
 4.00000e-04
 4.00000e-04
 4.00000e-04
 4.00000e-04
 4.00000e-04
 4.00000e-04
 4.00000e-04
 2.00000e-04
 2.00000e-04
 4.00000e-04
 4.00000e-04
 4.00000e-04
 4.00000e-04
 4.00000e-04
 4.00000e-04
 4.00000e-04
 4.00000e-04
 4.00000e-04
 4.00000e-04
 4.00000e-04
 4.00000e-04
 4.00000e-04
 4.00000e-04
 4.00000e-04
 4.00000e-04
 4.00000e-04
 4.00000e-04
 4.00000e-04
 4.00000e-04
 4.00000e-04
 4.00000e-04
 4.00000e-04
 4.00000e-04
 4.00000e-04
 4.00000e-04
 4.00000e-04
 4.00000e-04
 4.00000e-04
 4.00000e-04
 4.00000e-04
 4.00000e-04
 4.00000e-04
 4.00000e-04
 4.00000e-04
 4.00000e-04
 4.00000e-04
 4.00000e-04
 4.00000e-04
 4.00000e-04
 4.00000e-04
 4.00000e-04
 4.00000e-04
 4.00000e-04
 4.00000e-04
 4.00000e-04
 4.00000e-04
 4.00000e-04
 4.00000e-04
 4.00000e-04
 4.00000e-04
 4.00000e-04
 4.00000e-04
 4.00000e-04
 4.00000e-04
 4.00000e-04
 4.00000e-04
 4.00000e-04
 4.00000e-04
 2.00000e-04
 2.00000e-04
 4.00000e-04
 4.00000e-04
 4.00000e-04
 4.00000e-04
 4.00000e-04
 4.00000e-04
 4.00000e-04
 4.00000e-04
 4.00000e-04
 4.00000e-04
 4.00000e-04
 4.00000e-04
 4.00000e-04
 4.00000e-04
 4.00000e-04
 4.00000e-04
 4.00000e-04
 4.00000e-04
 4.00000e-04
 4.00000e-04
 4.00000e-04
 4.00000e-04
 4.00000e-04
 4.00000e-04
 4.00000e-04
 4.00000e-04
 4.00000e-04
 4.00000e-04
 4.00000e-04
 4.00000e-04
 4.00000e-04
 4.00000e-04
 4.00000e-04
 4.00000e-04
 4.00000e-04
 4.00000e-04
 4.00000e-04
 4.00000e-04
 4.00000e-04
 4.00000e-04
 4.00000e-04
 4.00000e-04
 4.00000e-04
 4.00000e-04
 4.00000e-04
 4.00000e-04
 4.00000e-04
 4.00000e-04
 4.00000e-04
 4.00000e-04
 4.00000e-04
 4.00000e-04
 4.00000e-04
 4.00000e-04
 4.00000e-04
 4.00000e-04
 4.00000e-04
 4.00000e-04
 4.00000e-04
 2.00000e-04
 2.00000e-04
 4.00000e-04
 4.00000e-04
 4.00000e-04
 4.00000e-04
 4.00000e-04
 4.00000e-04
 4.00000e-04
 4.00000e-04
 4.00000e-04
 4.00000e-04
 4.00000e-04
 4.00000e-04
 4.00000e-04
 4.00000e-04
 4.00000e-04
 4.00000e-04
 4.00000e-04
 4.00000e-04
 4.00000e-04
 4.00000e-04
 4.00000e-04
 4.00000e-04
 4.00000e-04
 4.00000e-04
 4.00000e-04
 4.00000e-04
 4.00000e-04
 4.00000e-04
 4.00000e-04
 4.00000e-04
 4.00000e-04
 4.00000e-04
 4.00000e-04
 4.00000e-04
 4.00000e-04
 4.00000e-04
 4.00000e-04
 4.00000e-04
 4.00000e-04
 4.00000e-04
 4.00000e-04
 4.00000e-04
 4.00000e-04
 4.00000e-04
 4.00000e-04
 4.00000e-04
 4.00000e-04
 4.00000e-04
 4.00000e-04
 4.00000e-04
 4.00000e-04
 4.00000e-04
 4.00000e-04
 4.00000e-04
 4.00000e-04
 4.00000e-04
 4.00000e-04
 4.00000e-04
 4.00000e-04
 2.00000e-04
 2.00000e-04
 4.00000e-04
 4.00000e-04
 4.00000e-04
 4.00000e-04
 4.00000e-04
 4.00000e-04
 4.00000e-04
 4.00000e-04
 4.00000e-04
 4.00000e-04
 4.00000e-04
 4.00000e-04
 4.00000e-04
 4.00000e-04
 4.00000e-04
 4.00000e-04
 4.00000e-04
 4.00000e-04
 4.00000e-04
 4.00000e-04
 4.00000e-04
 4.00000e-04
 4.00000e-04
 4.00000e-04
 4.00000e-04
 4.00000e-04
 4.00000e-04
 4.00000e-04
 4.00000e-04
 4.00000e-04
 4.00000e-04
 4.00000e-04
 4.00000e-04
 4.00000e-04
 4.00000e-04
 4.00000e-04
 4.00000e-04
 4.00000e-04
 4.00000e-04
 4.00000e-04
 4.00000e-04
 4.00000e-04
 4.00000e-04
 4.00000e-04
 4.00000e-04
 4.00000e-04
 4.00000e-04
 4.00000e-04
 4.00000e-04
 4.00000e-04
 4.00000e-04
 4.00000e-04
 4.00000e-04
 4.00000e-04
 4.00000e-04
 4.00000e-04
 4.00000e-04
 4.00000e-04
 4.00000e-04
 2.00000e-04
 2.00000e-04
 4.00000e-04
 4.00000e-04
 4.00000e-04
 4.00000e-04
 4.00000e-04
 4.00000e-04
 4.00000e-04
 4.00000e-04
 4.00000e-04
 4.00000e-04
 4.00000e-04
 4.00000e-04
 4.00000e-04
 4.00000e-04
 4.00000e-04
 4.00000e-04
 4.00000e-04
 4.00000e-04
 4.00000e-04
 4.00000e-04
 4.00000e-04
 4.00000e-04
 4.00000e-04
 4.00000e-04
 4.00000e-04
 4.00000e-04
 4.00000e-04
 4.00000e-04
 4.00000e-04
 4.00000e-04
 4.00000e-04
 4.00000e-04
 4.00000e-04
 4.00000e-04
 4.00000e-04
 4.00000e-04
 4.00000e-04
 4.00000e-04
 4.00000e-04
 4.00000e-04
 4.00000e-04
 4.00000e-04
 4.00000e-04
 4.00000e-04
 4.00000e-04
 4.00000e-04
 4.00000e-04
 4.00000e-04
 4.00000e-04
 4.00000e-04
 4.00000e-04
 4.00000e-04
 4.00000e-04
 4.00000e-04
 4.00000e-04
 4.00000e-04
 4.00000e-04
 4.00000e-04
 4.00000e-04
 2.00000e-04
 2.00000e-04
 4.00000e-04
 4.00000e-04
 4.00000e-04
 4.00000e-04
 4.00000e-04
 4.00000e-04
 4.00000e-04
 4.00000e-04
 4.00000e-04
 4.00000e-04
 4.00000e-04
 4.00000e-04
 4.00000e-04
 4.00000e-04
 4.00000e-04
 4.00000e-04
 4.00000e-04
 4.00000e-04
 4.00000e-04
 4.00000e-04
 4.00000e-04
 4.00000e-04
 4.00000e-04
 4.00000e-04
 4.00000e-04
 4.00000e-04
 4.00000e-04
 4.00000e-04
 4.00000e-04
 4.00000e-04
 4.00000e-04
 4.00000e-04
 4.00000e-04
 4.00000e-04
 4.00000e-04
 4.00000e-04
 4.00000e-04
 4.00000e-04
 4.00000e-04
 4.00000e-04
 4.00000e-04
 4.00000e-04
 4.00000e-04
 4.00000e-04
 4.00000e-04
 4.00000e-04
 4.00000e-04
 4.00000e-04
 4.00000e-04
 4.00000e-04
 4.00000e-04
 4.00000e-04
 4.00000e-04
 4.00000e-04
 4.00000e-04
 4.00000e-04
 4.00000e-04
 4.00000e-04
 4.00000e-04
 2.00000e-04
 2.00000e-04
 4.00000e-04
 4.00000e-04
 4.00000e-04
 4.00000e-04
 4.00000e-04
 4.00000e-04
 4.00000e-04
 4.00000e-04
 4.00000e-04
 4.00000e-04
 4.00000e-04
 4.00000e-04
 4.00000e-04
 4.00000e-04
 4.00000e-04
 4.00000e-04
 4.00000e-04
 4.00000e-04
 4.00000e-04
 4.00000e-04
 4.00000e-04
 4.00000e-04
 4.00000e-04
 4.00000e-04
 4.00000e-04
 4.00000e-04
 4.00000e-04
 4.00000e-04
 4.00000e-04
 4.00000e-04
 4.00000e-04
 4.00000e-04
 4.00000e-04
 4.00000e-04
 4.00000e-04
 4.00000e-04
 4.00000e-04
 4.00000e-04
 4.00000e-04
 4.00000e-04
 4.00000e-04
 4.00000e-04
 4.00000e-04
 4.00000e-04
 4.00000e-04
 4.00000e-04
 4.00000e-04
 4.00000e-04
 4.00000e-04
 4.00000e-04
 4.00000e-04
 4.00000e-04
 4.00000e-04
 4.00000e-04
 4.00000e-04
 4.00000e-04
 4.00000e-04
 4.00000e-04
 4.00000e-04
 2.00000e-04
 2.00000e-04
 4.00000e-04
 4.00000e-04
 4.00000e-04
 4.00000e-04
 4.00000e-04
 4.00000e-04
 4.00000e-04
 4.00000e-04
 4.00000e-04
 4.00000e-04
 4.00000e-04
 4.00000e-04
 4.00000e-04
 4.00000e-04
 4.00000e-04
 4.00000e-04
 4.00000e-04
 4.00000e-04
 4.00000e-04
 4.00000e-04
 4.00000e-04
 4.00000e-04
 4.00000e-04
 4.00000e-04
 4.00000e-04
 4.00000e-04
 4.00000e-04
 4.00000e-04
 4.00000e-04
 4.00000e-04
 4.00000e-04
 4.00000e-04
 4.00000e-04
 4.00000e-04
 4.00000e-04
 4.00000e-04
 4.00000e-04
 4.00000e-04
 4.00000e-04
 4.00000e-04
 4.00000e-04
 4.00000e-04
 4.00000e-04
 4.00000e-04
 4.00000e-04
 4.00000e-04
 4.00000e-04
 4.00000e-04
 4.00000e-04
 4.00000e-04
 4.00000e-04
 4.00000e-04
 4.00000e-04
 4.00000e-04
 4.00000e-04
 4.00000e-04
 4.00000e-04
 4.00000e-04
 4.00000e-04
 2.00000e-04
 1.00000e-04
 2.00000e-04
 2.00000e-04
 2.00000e-04
 2.00000e-04
 2.00000e-04
 2.00000e-04
 2.00000e-04
 2.00000e-04
 2.00000e-04
 2.00000e-04
 2.00000e-04
 2.00000e-04
 2.00000e-04
 2.00000e-04
 2.00000e-04
 2.00000e-04
 2.00000e-04
 2.00000e-04
 2.00000e-04
 2.00000e-04
 2.00000e-04
 2.00000e-04
 2.00000e-04
 2.00000e-04
 2.00000e-04
 2.00000e-04
 2.00000e-04
 2.00000e-04
 2.00000e-04
 2.00000e-04
 2.00000e-04
 2.00000e-04
 2.00000e-04
 2.00000e-04
 2.00000e-04
 2.00000e-04
 2.00000e-04
 2.00000e-04
 2.00000e-04
 2.00000e-04
 2.00000e-04
 2.00000e-04
 2.00000e-04
 2.00000e-04
 2.00000e-04
 2.00000e-04
 2.00000e-04
 2.00000e-04
 2.00000e-04
 2.00000e-04
 2.00000e-04
 2.00000e-04
 2.00000e-04
 2.00000e-04
 2.00000e-04
 2.00000e-04
 2.00000e-04
 2.00000e-04
 2.00000e-04
 1.00000e-04
