NodeMass
part
         1
coordinates
 5.90636e-07
 2.20654e-06
 3.34249e-06
 3.87930e-06
 4.72613e-06
 5.19265e-06
 5.34264e-06
 6.53736e-06
 7.90782e-06
 8.73194e-06
 9.77651e-06
 1.07684e-05
 1.18108e-05
 1.29029e-05
 1.40383e-05
 1.52639e-05
 1.65806e-05
 1.80011e-05
 1.95267e-05
 2.11649e-05
 2.29194e-05
 2.47951e-05
 2.67962e-05
 2.89262e-05
 3.11882e-05
 3.35843e-05
 3.61163e-05
 3.87846e-05
 4.15891e-05
 4.45287e-05
 4.76013e-05
 5.08039e-05
 5.41329e-05
 5.75835e-05
 6.11506e-05
 6.48284e-05
 6.86104e-05
 7.24901e-05
 7.64607e-05
 8.05154e-05
 8.46476e-05
 8.88513e-05
 9.31209e-05
 9.74517e-05
 1.01840e-04
 1.06285e-04
 1.10785e-04
 1.15342e-04
 1.19961e-04
 1.24649e-04
 1.29425e-04
 1.34340e-04
 1.39580e-04
 1.45739e-04
 1.54709e-04
 1.71782e-04
 2.10366e-04
 2.79412e-04
 8.87361e-04
 1.61725e-03
 8.90589e-04
 2.20654e-06
 5.43038e-06
 6.66029e-06
 7.44631e-06
 9.08268e-06
 9.74607e-06
 9.47350e-06
 1.16359e-05
 1.41229e-05
 1.56713e-05
 1.77440e-05
 1.97105e-05
 2.18432e-05
 2.41139e-05
 2.65099e-05
 2.91069e-05
 3.18839e-05
 3.48723e-05
 3.80668e-05
 4.14833e-05
 4.51258e-05
 4.90042e-05
 5.31250e-05
 5.74952e-05
 6.21205e-05
 6.70050e-05
 7.21519e-05
 7.75624e-05
 8.32363e-05
 8.91715e-05
 9.53642e-05
 1.01809e-04
 1.08499e-04
 1.15425e-04
 1.22578e-04
 1.29947e-04
 1.37519e-04
 1.45281e-04
 1.53221e-04
 1.61326e-04
 1.69584e-04
 1.77981e-04
 1.86509e-04
 1.95157e-04
 2.03921e-04
 2.12795e-04
 2.21779e-04
 2.30879e-04
 2.40102e-04
 2.49464e-04
 2.58999e-04
 2.68814e-04
 2.79280e-04
 2.91579e-04
 3.09485e-04
 3.43570e-04
 4.20657e-04
 5.58943e-04
 1.77353e-03
 3.23536e-03
 1.78341e-03
 3.34249e-06
 6.66029e-06
 6.69390e-06
 6.85958e-06
 8.09607e-06
 8.69141e-06
 8.20304e-06
 1.01338e-05
 1.22509e-05
 1.37576e-05
 1.58199e-05
 1.77368e-05
 1.99951e-05
 2.23765e-05
 2.49694e-05
 2.77441e-05
 3.07097e-05
 3.38720e-05
 3.72380e-05
 4.08161e-05
 4.46140e-05
 4.86391e-05
 5.28983e-05
 5.73972e-05
 6.21414e-05
 6.71345e-05
 7.23794e-05
 7.78772e-05
 8.36274e-05
 8.96280e-05
 9.58753e-05
 1.02364e-04
 1.09088e-04
 1.16039e-04
 1.23207e-04
 1.30582e-04
 1.38153e-04
 1.45908e-04
 1.53835e-04
 1.61922e-04
 1.70157e-04
 1.78528e-04
 1.87027e-04
 1.95645e-04
 2.04376e-04
 2.13217e-04
 2.22169e-04
 2.31235e-04
 2.40426e-04
 2.49756e-04
 2.59260e-04
 2.69045e-04
 2.79477e-04
 2.91727e-04
 3.09544e-04
 3.43450e-04
 4.20278e-04
 5.59067e-04
 1.76919e-03
 3.23629e-03
 1.78905e-03
 3.87930e-06
 7.44631e-06
 6.85958e-06
 6.62956e-06
 7.47108e-06
 8.22159e-06
 8.67214e-06
 1.05666e-05
 1.24473e-05
 1.42323e-05
 1.63628e-05
 1.84328e-05
 2.08211e-05
 2.32877e-05
 2.59620e-05
 2.87815e-05
 3.17902e-05
 3.49802e-05
 3.83712e-05
 4.19687e-05
 4.57840e-05
 4.98240e-05
 5.40958e-05
 5.86052e-05
 6.33569e-05
 6.83545e-05
 7.36003e-05
 7.90950e-05
 8.48381e-05
 9.08273e-05
 9.70589e-05
 1.03528e-04
 1.10227e-04
 1.17149e-04
 1.24285e-04
 1.31623e-04
 1.39155e-04
 1.46867e-04
 1.54749e-04
 1.62788e-04
 1.70974e-04
 1.79296e-04
 1.87744e-04
 1.96312e-04
 2.04993e-04
 2.13784e-04
 2.22688e-04
 2.31707e-04
 2.40852e-04
 2.50139e-04
 2.59603e-04
 2.69346e-04
 2.79728e-04
 2.91906e-04
 3.09585e-04
 3.43200e-04
 4.19581e-04
 5.59162e-04
 1.76135e-03
 3.23620e-03
 1.79738e-03
 4.72613e-06
 9.08268e-06
 8.09607e-06
 7.47108e-06
 7.84747e-06
 8.42782e-06
 9.46273e-06
 1.12263e-05
 1.30710e-05
 1.51163e-05
 1.73205e-05
 1.96384e-05
 2.21216e-05
 2.47153e-05
 2.74683e-05
 3.03682e-05
 3.34421e-05
 3.66931e-05
 4.01364e-05
 4.37793e-05
 4.76317e-05
 5.17013e-05
 5.59947e-05
 6.05181e-05
 6.52760e-05
 7.02720e-05
 7.55084e-05
 8.09861e-05
 8.67048e-05
 9.26628e-05
 9.88567e-05
 1.05282e-04
 1.11932e-04
 1.18800e-04
 1.25878e-04
 1.33155e-04
 1.40621e-04
 1.48267e-04
 1.56079e-04
 1.64048e-04
 1.72162e-04
 1.80412e-04
 1.88789e-04
 1.97285e-04
 2.05897e-04
 2.14621e-04
 2.23458e-04
 2.32414e-04
 2.41499e-04
 2.50729e-04
 2.60136e-04
 2.69824e-04
 2.80142e-04
 2.92224e-04
 3.09715e-04
 3.42930e-04
 4.18692e-04
 5.59407e-04
 1.75025e-03
 3.23592e-03
 1.80906e-03
 5.19265e-06
 9.74607e-06
 8.69141e-06
 8.22159e-06
 8.42782e-06
 9.09145e-06
 1.02838e-05
 1.20192e-05
 1.40069e-05
 1.61635e-05
 1.84499e-05
 2.08849e-05
 2.34550e-05
 2.61611e-05
 2.90191e-05
 3.20259e-05
 3.52000e-05
 3.85438e-05
 4.20704e-05
 4.57864e-05
 4.97014e-05
 5.38225e-05
 5.81569e-05
 6.27104e-05
 6.74879e-05
 7.24932e-05
 7.77287e-05
 8.31957e-05
 8.88944e-05
 9.48234e-05
 1.00980e-04
 1.07360e-04
 1.13957e-04
 1.20766e-04
 1.27779e-04
 1.34986e-04
 1.42379e-04
 1.49946e-04
 1.57679e-04
 1.65566e-04
 1.73597e-04
 1.81764e-04
 1.90058e-04
 1.98472e-04
 2.07003e-04
 2.15648e-04
 2.24409e-04
 2.33292e-04
 2.42307e-04
 2.51469e-04
 2.60813e-04
 2.70436e-04
 2.80679e-04
 2.92645e-04
 3.09904e-04
 3.42617e-04
 4.17586e-04
 5.59778e-04
 1.73571e-03
 3.23580e-03
 1.82463e-03
 5.34264e-06
 9.47350e-06
 8.20304e-06
 8.67214e-06
 9.46273e-06
 1.02838e-05
 1.17082e-05
 1.35265e-05
 1.55705e-05
 1.78171e-05
 2.02035e-05
 2.27352e-05
 2.54029e-05
 2.82097e-05
 3.11610e-05
 3.42616e-05
 3.75197e-05
 4.09424e-05
 4.45377e-05
 4.83136e-05
 5.22777e-05
 5.64374e-05
 6.07994e-05
 6.53697e-05
 7.01532e-05
 7.51540e-05
 8.03749e-05
 8.58176e-05
 9.14824e-05
 9.73684e-05
 1.03473e-04
 1.09794e-04
 1.16325e-04
 1.23062e-04
 1.29995e-04
 1.37119e-04
 1.44424e-04
 1.51900e-04
 1.59539e-04
 1.67331e-04
 1.75267e-04
 1.83337e-04
 1.91536e-04
 1.99856e-04
 2.08294e-04
 2.16850e-04
 2.25524e-04
 2.34323e-04
 2.43258e-04
 2.52345e-04
 2.61617e-04
 2.71168e-04
 2.81324e-04
 2.93156e-04
 3.10141e-04
 3.42262e-04
 4.16259e-04
 5.60240e-04
 1.71744e-03
 3.23584e-03
 1.84435e-03
 6.53736e-06
 1.16359e-05
 1.01338e-05
 1.05666e-05
 1.12263e-05
 1.20192e-05
 1.35265e-05
 1.53809e-05
 1.74624e-05
 1.97609e-05
 2.22223e-05
 2.48430e-05
 2.76151e-05
 3.05303e-05
 3.35925e-05
 3.68005e-05
 4.01595e-05
 4.36740e-05
 4.73506e-05
 5.11956e-05
 5.52165e-05
 5.94198e-05
 6.38122e-05
 6.83996e-05
 7.31874e-05
 7.81800e-05
 8.33808e-05
 8.87919e-05
 9.44143e-05
 1.00248e-04
 1.06291e-04
 1.12541e-04
 1.18994e-04
 1.25646e-04
 1.32489e-04
 1.39516e-04
 1.46721e-04
 1.54094e-04
 1.61628e-04
 1.69312e-04
 1.77140e-04
 1.85103e-04
 1.93195e-04
 2.01410e-04
 2.09746e-04
 2.18202e-04
 2.26780e-04
 2.35487e-04
 2.44334e-04
 2.53337e-04
 2.62530e-04
 2.72002e-04
 2.82062e-04
 2.93743e-04
 3.10421e-04
 3.41867e-04
 4.14716e-04
 5.60752e-04
 1.69519e-03
 3.23589e-03
 1.86828e-03
 7.90782e-06
 1.41229e-05
 1.22509e-05
 1.24473e-05
 1.30710e-05
 1.40069e-05
 1.55705e-05
 1.74624e-05
 1.96117e-05
 2.19805e-05
 2.45347e-05
 2.72576e-05
 3.01402e-05
 3.31710e-05
 3.63470e-05
 3.96654e-05
 4.31273e-05
 4.67352e-05
 5.04937e-05
 5.44084e-05
 5.84853e-05
 6.27310e-05
 6.71517e-05
 7.17535e-05
 7.65418e-05
 8.15215e-05
 8.66963e-05
 9.20692e-05
 9.76418e-05
 1.03415e-04
 1.09387e-04
 1.15558e-04
 1.21923e-04
 1.28479e-04
 1.35220e-04
 1.42141e-04
 1.49235e-04
 1.56495e-04
 1.63912e-04
 1.71479e-04
 1.79188e-04
 1.87034e-04
 1.95010e-04
 2.03111e-04
 2.11335e-04
 2.19682e-04
 2.28156e-04
 2.36764e-04
 2.45515e-04
 2.54429e-04
 2.63537e-04
 2.72923e-04
 2.82881e-04
 2.94399e-04
 3.10741e-04
 3.41442e-04
 4.12967e-04
 5.61268e-04
 1.66873e-03
 3.23593e-03
 1.89657e-03
 8.73194e-06
 1.56713e-05
 1.37576e-05
 1.42323e-05
 1.51163e-05
 1.61635e-05
 1.78171e-05
 1.97609e-05
 2.19805e-05
 2.44315e-05
 2.70857e-05
 2.99219e-05
 3.29250e-05
 3.60805e-05
 3.93792e-05
 4.28144e-05
 4.63845e-05
 5.00893e-05
 5.39319e-05
 5.79167e-05
 6.20491e-05
 6.63352e-05
 7.07813e-05
 7.53934e-05
 8.01775e-05
 8.51386e-05
 9.02814e-05
 9.56092e-05
 1.01125e-04
 1.06829e-04
 1.12722e-04
 1.18804e-04
 1.25072e-04
 1.31524e-04
 1.38155e-04
 1.44960e-04
 1.51934e-04
 1.59070e-04
 1.66361e-04
 1.73802e-04
 1.81385e-04
 1.89104e-04
 1.96955e-04
 2.04934e-04
 2.13040e-04
 2.21272e-04
 2.29635e-04
 2.38136e-04
 2.46787e-04
 2.55606e-04
 2.64625e-04
 2.73922e-04
 2.83770e-04
 2.95115e-04
 3.11102e-04
 3.41003e-04
 4.11038e-04
 5.61723e-04
 1.63791e-03
 3.23596e-03
 1.92931e-03
 9.77651e-06
 1.77440e-05
 1.58199e-05
 1.63628e-05
 1.73205e-05
 1.84499e-05
 2.02035e-05
 2.22223e-05
 2.45347e-05
 2.70857e-05
 2.98528e-05
 3.28109e-05
 3.59407e-05
 3.92247e-05
 4.26496e-05
 4.62046e-05
 4.98848e-05
 5.36881e-05
 5.76154e-05
 6.16702e-05
 6.58571e-05
 7.01819e-05
 7.46509e-05
 7.92702e-05
 8.40459e-05
 8.89839e-05
 9.40893e-05
 9.93662e-05
 1.04818e-04
 1.10447e-04
 1.16254e-04
 1.22240e-04
 1.28404e-04
 1.34744e-04
 1.41256e-04
 1.47938e-04
 1.54784e-04
 1.61789e-04
 1.68948e-04
 1.76254e-04
 1.83703e-04
 1.91290e-04
 1.99010e-04
 2.06861e-04
 2.14841e-04
 2.22952e-04
 2.31199e-04
 2.39590e-04
 2.48136e-04
 2.56856e-04
 2.65782e-04
 2.74987e-04
 2.84722e-04
 2.95889e-04
 3.11508e-04
 3.40571e-04
 4.08963e-04
 5.62039e-04
 1.60261e-03
 3.23600e-03
 1.96653e-03
 1.07684e-05
 1.97105e-05
 1.77368e-05
 1.84328e-05
 1.96384e-05
 2.08849e-05
 2.27352e-05
 2.48430e-05
 2.72576e-05
 2.99219e-05
 3.28109e-05
 3.58988e-05
 3.91607e-05
 4.25762e-05
 4.61285e-05
 4.98040e-05
 5.35941e-05
 5.74950e-05
 6.15056e-05
 6.56283e-05
 6.98673e-05
 7.42278e-05
 7.87162e-05
 8.33388e-05
 8.81022e-05
 9.30124e-05
 9.80756e-05
 1.03296e-04
 1.08679e-04
 1.14227e-04
 1.19943e-04
 1.25827e-04
 1.31881e-04
 1.38102e-04
 1.44491e-04
 1.51042e-04
 1.57754e-04
 1.64623e-04
 1.71642e-04
 1.78810e-04
 1.86119e-04
 1.93568e-04
 2.01152e-04
 2.08869e-04
 2.16721e-04
 2.24707e-04
 2.32834e-04
 2.41111e-04
 2.49549e-04
 2.58168e-04
 2.67000e-04
 2.76110e-04
 2.85731e-04
 2.96719e-04
 3.11966e-04
 3.40173e-04
 4.06787e-04
 5.62120e-04
 1.56286e-03
 3.23615e-03
 2.00818e-03
 1.18108e-05
 2.18432e-05
 1.99951e-05
 2.08211e-05
 2.21216e-05
 2.34550e-05
 2.54029e-05
 2.76151e-05
 3.01402e-05
 3.29250e-05
 3.59407e-05
 3.91607e-05
 4.25562e-05
 4.61032e-05
 4.97819e-05
 5.35762e-05
 5.74744e-05
 6.14704e-05
 6.55618e-05
 6.97496e-05
 7.40373e-05
 7.84302e-05
 8.29343e-05
 8.75564e-05
 9.23033e-05
 9.71818e-05
 1.02198e-04
 1.07359e-04
 1.12668e-04
 1.18131e-04
 1.23750e-04
 1.29528e-04
 1.35467e-04
 1.41566e-04
 1.47825e-04
 1.54242e-04
 1.60816e-04
 1.67543e-04
 1.74420e-04
 1.81444e-04
 1.88611e-04
 1.95917e-04
 2.03362e-04
 2.10944e-04
 2.18662e-04
 2.26521e-04
 2.34527e-04
 2.42687e-04
 2.51015e-04
 2.59532e-04
 2.68269e-04
 2.77287e-04
 2.86794e-04
 2.97604e-04
 3.12484e-04
 3.39837e-04
 4.04568e-04
 5.61850e-04
 1.51886e-03
 3.23650e-03
 2.05403e-03
 1.29029e-05
 2.41139e-05
 2.23765e-05
 2.32877e-05
 2.47153e-05
 2.61611e-05
 2.82097e-05
 3.05303e-05
 3.31710e-05
 3.60805e-05
 3.92247e-05
 4.25762e-05
 4.61032e-05
 4.97793e-05
 5.35810e-05
 5.74899e-05
 6.14924e-05
 6.55793e-05
 6.97472e-05
 7.39960e-05
 7.83284e-05
 8.27494e-05
 8.72652e-05
 9.18827e-05
 9.66092e-05
 1.01452e-04
 1.06418e-04
 1.11514e-04
 1.16747e-04
 1.22120e-04
 1.27640e-04
 1.33308e-04
 1.39128e-04
 1.45102e-04
 1.51229e-04
 1.57510e-04
 1.63943e-04
 1.70526e-04
 1.77258e-04
 1.84135e-04
 1.91157e-04
 1.98320e-04
 2.05623e-04
 2.13067e-04
 2.20652e-04
 2.28382e-04
 2.36264e-04
 2.44308e-04
 2.52526e-04
 2.60942e-04
 2.69585e-04
 2.78510e-04
 2.87907e-04
 2.98545e-04
 3.13073e-04
 3.39597e-04
 4.02372e-04
 5.61098e-04
 1.47107e-03
 3.23718e-03
 2.10353e-03
 1.40383e-05
 2.65099e-05
 2.49694e-05
 2.59620e-05
 2.74683e-05
 2.90191e-05
 3.11610e-05
 3.35925e-05
 3.63470e-05
 3.93792e-05
 4.26496e-05
 4.61285e-05
 4.97819e-05
 5.35810e-05
 5.74999e-05
 6.15175e-05
 6.56182e-05
 6.97907e-05
 7.40295e-05
 7.83340e-05
 8.27059e-05
 8.71502e-05
 9.16732e-05
 9.62819e-05
 1.00984e-04
 1.05787e-04
 1.10700e-04
 1.15729e-04
 1.20881e-04
 1.26163e-04
 1.31580e-04
 1.37137e-04
 1.42837e-04
 1.48683e-04
 1.54677e-04
 1.60819e-04
 1.67109e-04
 1.73548e-04
 1.80133e-04
 1.86864e-04
 1.93740e-04
 2.00758e-04
 2.07920e-04
 2.15225e-04
 2.22677e-04
 2.30278e-04
 2.38038e-04
 2.45965e-04
 2.54074e-04
 2.62389e-04
 2.70940e-04
 2.79775e-04
 2.89067e-04
 2.99545e-04
 3.13748e-04
 3.39491e-04
 4.00282e-04
 5.59733e-04
 1.42033e-03
 3.23831e-03
 2.15579e-03
 1.52639e-05
 2.91069e-05
 2.77441e-05
 2.87815e-05
 3.03682e-05
 3.20259e-05
 3.42616e-05
 3.68005e-05
 3.96654e-05
 4.28144e-05
 4.62046e-05
 4.98040e-05
 5.35762e-05
 5.74899e-05
 6.15175e-05
 6.56357e-05
 6.98266e-05
 7.40775e-05
 7.83807e-05
 8.27342e-05
 8.71400e-05
 9.16022e-05
 9.61273e-05
 1.00723e-04
 1.05396e-04
 1.10157e-04
 1.15012e-04
 1.19971e-04
 1.25042e-04
 1.30230e-04
 1.35544e-04
 1.40987e-04
 1.46566e-04
 1.52284e-04
 1.58144e-04
 1.64147e-04
 1.70296e-04
 1.76590e-04
 1.83029e-04
 1.89614e-04
 1.96343e-04
 2.03218e-04
 2.10239e-04
 2.17407e-04
 2.24726e-04
 2.32200e-04
 2.39838e-04
 2.47650e-04
 2.55652e-04
 2.63870e-04
 2.72332e-04
 2.81081e-04
 2.90275e-04
 3.00609e-04
 3.14526e-04
 3.39559e-04
 3.98394e-04
 5.57648e-04
 1.36794e-03
 3.24001e-03
 2.20945e-03
 1.65806e-05
 3.18839e-05
 3.07097e-05
 3.17902e-05
 3.34421e-05
 3.52000e-05
 3.75197e-05
 4.01595e-05
 4.31273e-05
 4.63845e-05
 4.98848e-05
 5.35941e-05
 5.74744e-05
 6.14924e-05
 6.56182e-05
 6.98266e-05
 7.40980e-05
 7.84182e-05
 8.27779e-05
 8.71736e-05
 9.16063e-05
 9.60803e-05
 1.00602e-04
 1.05179e-04
 1.09820e-04
 1.14534e-04
 1.19330e-04
 1.24217e-04
 1.29203e-04
 1.34297e-04
 1.39506e-04
 1.44836e-04
 1.50294e-04
 1.55885e-04
 1.61611e-04
 1.67477e-04
 1.73484e-04
 1.79634e-04
 1.85929e-04
 1.92369e-04
 1.98955e-04
 2.05688e-04
 2.12570e-04
 2.19602e-04
 2.26790e-04
 2.34140e-04
 2.41659e-04
 2.49359e-04
 2.57257e-04
 2.65380e-04
 2.73757e-04
 2.82423e-04
 2.91529e-04
 3.01744e-04
 3.15426e-04
 3.39845e-04
 3.96815e-04
 5.54790e-04
 1.31578e-03
 3.24234e-03
 2.26258e-03
 1.80011e-05
 3.48723e-05
 3.38720e-05
 3.49802e-05
 3.66931e-05
 3.85438e-05
 4.09424e-05
 4.36740e-05
 4.67352e-05
 5.00893e-05
 5.36881e-05
 5.74950e-05
 6.14704e-05
 6.55793e-05
 6.97907e-05
 7.40775e-05
 7.84182e-05
 8.27969e-05
 8.72037e-05
 9.16333e-05
 9.60857e-05
 1.00565e-04
 1.05077e-04
 1.09631e-04
 1.14235e-04
 1.18899e-04
 1.23632e-04
 1.28445e-04
 1.33346e-04
 1.38344e-04
 1.43448e-04
 1.48666e-04
 1.54003e-04
 1.59467e-04
 1.65061e-04
 1.70791e-04
 1.76659e-04
 1.82668e-04
 1.88821e-04
 1.95119e-04
 2.01563e-04
 2.08157e-04
 2.14903e-04
 2.21803e-04
 2.28863e-04
 2.36091e-04
 2.43495e-04
 2.51085e-04
 2.58883e-04
 2.66918e-04
 2.75214e-04
 2.83802e-04
 2.92831e-04
 3.02959e-04
 3.16473e-04
 3.40399e-04
 3.95671e-04
 5.51221e-04
 1.26641e-03
 3.24529e-03
 2.31258e-03
 1.95267e-05
 3.80668e-05
 3.72380e-05
 3.83712e-05
 4.01364e-05
 4.20704e-05
 4.45377e-05
 4.73506e-05
 5.04937e-05
 5.39319e-05
 5.76154e-05
 6.15056e-05
 6.55618e-05
 6.97472e-05
 7.40295e-05
 7.83807e-05
 8.27779e-05
 8.72037e-05
 9.16466e-05
 9.61006e-05
 1.00565e-04
 1.05042e-04
 1.09539e-04
 1.14064e-04
 1.18626e-04
 1.23236e-04
 1.27904e-04
 1.32640e-04
 1.37454e-04
 1.42356e-04
 1.47356e-04
 1.52461e-04
 1.57679e-04
 1.63018e-04
 1.68483e-04
 1.74079e-04
 1.79810e-04
 1.85681e-04
 1.91695e-04
 1.97853e-04
 2.04161e-04
 2.10619e-04
 2.17232e-04
 2.24003e-04
 2.30940e-04
 2.38051e-04
 2.45342e-04
 2.52827e-04
 2.60531e-04
 2.68481e-04
 2.76700e-04
 2.85216e-04
 2.94185e-04
 3.04269e-04
 3.17697e-04
 3.41278e-04
 3.95096e-04
 5.47182e-04
 1.22302e-03
 3.24867e-03
 2.35618e-03
 2.11649e-05
 4.14833e-05
 4.08161e-05
 4.19687e-05
 4.37793e-05
 4.57864e-05
 4.83136e-05
 5.11956e-05
 5.44084e-05
 5.79167e-05
 6.16702e-05
 6.56283e-05
 6.97496e-05
 7.39960e-05
 7.83340e-05
 8.27342e-05
 8.71736e-05
 9.16333e-05
 9.61006e-05
 1.00569e-04
 1.05035e-04
 1.09502e-04
 1.13977e-04
 1.18468e-04
 1.22984e-04
 1.27536e-04
 1.32136e-04
 1.36793e-04
 1.41519e-04
 1.46325e-04
 1.51220e-04
 1.56213e-04
 1.61314e-04
 1.66530e-04
 1.71867e-04
 1.77332e-04
 1.82930e-04
 1.88667e-04
 1.94544e-04
 2.00568e-04
 2.06741e-04
 2.13068e-04
 2.19552e-04
 2.26200e-04
 2.33018e-04
 2.40014e-04
 2.47197e-04
 2.54583e-04
 2.62199e-04
 2.70071e-04
 2.78217e-04
 2.86665e-04
 2.95593e-04
 3.05688e-04
 3.19137e-04
 3.42549e-04
 3.95234e-04
 5.43175e-04
 1.18937e-03
 3.25193e-03
 2.38949e-03
 2.29194e-05
 4.51258e-05
 4.46140e-05
 4.57840e-05
 4.76317e-05
 4.97014e-05
 5.22777e-05
 5.52165e-05
 5.84853e-05
 6.20491e-05
 6.58571e-05
 6.98673e-05
 7.40373e-05
 7.83284e-05
 8.27059e-05
 8.71400e-05
 9.16063e-05
 9.60857e-05
 1.00565e-04
 1.05035e-04
 1.09494e-04
 1.13943e-04
 1.18389e-04
 1.22839e-04
 1.27303e-04
 1.31794e-04
 1.36321e-04
 1.40898e-04
 1.45535e-04
 1.50243e-04
 1.55034e-04
 1.59916e-04
 1.64901e-04
 1.69996e-04
 1.75208e-04
 1.80545e-04
 1.86014e-04
 1.91619e-04
 1.97365e-04
 2.03258e-04
 2.09302e-04
 2.15502e-04
 2.21862e-04
 2.28390e-04
 2.35095e-04
 2.41982e-04
 2.49062e-04
 2.56354e-04
 2.63889e-04
 2.71689e-04
 2.79764e-04
 2.88153e-04
 2.97066e-04
 3.07241e-04
 3.20841e-04
 3.44291e-04
 3.96244e-04
 5.39950e-04
 1.16863e-03
 3.25432e-03
 2.40924e-03
 2.47951e-05
 4.90042e-05
 4.86391e-05
 4.98240e-05
 5.17013e-05
 5.38225e-05
 5.64374e-05
 5.94198e-05
 6.27310e-05
 6.63352e-05
 7.01819e-05
 7.42278e-05
 7.84302e-05
 8.27494e-05
 8.71502e-05
 9.16022e-05
 9.60803e-05
 1.00565e-04
 1.05042e-04
 1.09502e-04
 1.13943e-04
 1.18365e-04
 1.22773e-04
 1.27176e-04
 1.31584e-04
 1.36008e-04
 1.40461e-04
 1.44954e-04
 1.49500e-04
 1.54111e-04
 1.58797e-04
 1.63570e-04
 1.68441e-04
 1.73416e-04
 1.78506e-04
 1.83719e-04
 1.89061e-04
 1.94538e-04
 2.00156e-04
 2.05923e-04
 2.11843e-04
 2.17920e-04
 2.24161e-04
 2.30575e-04
 2.37171e-04
 2.43954e-04
 2.50936e-04
 2.58143e-04
 2.65604e-04
 2.73335e-04
 2.81343e-04
 2.89681e-04
 2.98614e-04
 3.08954e-04
 3.22869e-04
 3.46595e-04
 3.98291e-04
 5.38278e-04
 1.15699e-03
 3.25504e-03
 2.41908e-03
 2.67962e-05
 5.31250e-05
 5.28983e-05
 5.40958e-05
 5.59947e-05
 5.81569e-05
 6.07994e-05
 6.38122e-05
 6.71517e-05
 7.07813e-05
 7.46509e-05
 7.87162e-05
 8.29343e-05
 8.72652e-05
 9.16732e-05
 9.61273e-05
 1.00602e-04
 1.05077e-04
 1.09539e-04
 1.13977e-04
 1.18389e-04
 1.22773e-04
 1.27136e-04
 1.31485e-04
 1.35830e-04
 1.40184e-04
 1.44558e-04
 1.48966e-04
 1.53419e-04
 1.57930e-04
 1.62513e-04
 1.67177e-04
 1.71933e-04
 1.76791e-04
 1.81762e-04
 1.86853e-04
 1.92072e-04
 1.97425e-04
 2.02920e-04
 2.08566e-04
 2.14364e-04
 2.20323e-04
 2.26451e-04
 2.32758e-04
 2.39250e-04
 2.45933e-04
 2.52824e-04
 2.59953e-04
 2.67347e-04
 2.75014e-04
 2.82955e-04
 2.91256e-04
 3.00257e-04
 3.10869e-04
 3.25295e-04
 3.49582e-04
 4.01553e-04
 5.38740e-04
 1.14854e-03
 3.25348e-03
 2.42478e-03
 2.89262e-05
 5.74952e-05
 5.73972e-05
 5.86052e-05
 6.05181e-05
 6.27104e-05
 6.53697e-05
 6.83996e-05
 7.17535e-05
 7.53934e-05
 7.92702e-05
 8.33388e-05
 8.75564e-05
 9.18827e-05
 9.62819e-05
 1.00723e-04
 1.05179e-04
 1.09631e-04
 1.14064e-04
 1.18468e-04
 1.22839e-04
 1.27176e-04
 1.31485e-04
 1.35773e-04
 1.40049e-04
 1.44327e-04
 1.48620e-04
 1.52939e-04
 1.57297e-04
 1.61709e-04
 1.66187e-04
 1.70742e-04
 1.75385e-04
 1.80128e-04
 1.84982e-04
 1.89954e-04
 1.95051e-04
 2.00284e-04
 2.05662e-04
 2.11189e-04
 2.16871e-04
 2.22717e-04
 2.28738e-04
 2.34942e-04
 2.41334e-04
 2.47922e-04
 2.54731e-04
 2.61792e-04
 2.69125e-04
 2.76726e-04
 2.84604e-04
 2.92888e-04
 3.02019e-04
 3.13039e-04
 3.28209e-04
 3.53400e-04
 4.06235e-04
 5.41799e-04
 1.14247e-03
 3.24931e-03
 2.42720e-03
 3.11882e-05
 6.21205e-05
 6.21414e-05
 6.33569e-05
 6.52760e-05
 6.74879e-05
 7.01532e-05
 7.31874e-05
 7.65418e-05
 8.01775e-05
 8.40459e-05
 8.81022e-05
 9.23033e-05
 9.66092e-05
 1.00984e-04
 1.05396e-04
 1.09820e-04
 1.14235e-04
 1.18626e-04
 1.22984e-04
 1.27303e-04
 1.31584e-04
 1.35830e-04
 1.40049e-04
 1.44251e-04
 1.48449e-04
 1.52655e-04
 1.56882e-04
 1.61144e-04
 1.65455e-04
 1.69827e-04
 1.74273e-04
 1.78805e-04
 1.83435e-04
 1.88173e-04
 1.93026e-04
 1.98007e-04
 2.03125e-04
 2.08387e-04
 2.13799e-04
 2.19368e-04
 2.25108e-04
 2.31028e-04
 2.37133e-04
 2.43428e-04
 2.49928e-04
 2.56664e-04
 2.63665e-04
 2.70940e-04
 2.78476e-04
 2.86294e-04
 2.94593e-04
 3.03941e-04
 3.15532e-04
 3.31722e-04
 3.58238e-04
 4.12573e-04
 5.47879e-04
 1.13898e-03
 3.24215e-03
 2.42603e-03
 3.35843e-05
 6.70050e-05
 6.71345e-05
 6.83545e-05
 7.02720e-05
 7.24932e-05
 7.51540e-05
 7.81800e-05
 8.15215e-05
 8.51386e-05
 8.89839e-05
 9.30124e-05
 9.71818e-05
 1.01452e-04
 1.05787e-04
 1.10157e-04
 1.14534e-04
 1.18899e-04
 1.23236e-04
 1.27536e-04
 1.31794e-04
 1.36008e-04
 1.40184e-04
 1.44327e-04
 1.48449e-04
 1.52561e-04
 1.56675e-04
 1.60808e-04
 1.64972e-04
 1.69180e-04
 1.73445e-04
 1.77782e-04
 1.82203e-04
 1.86721e-04
 1.91343e-04
 1.96081e-04
 2.00949e-04
 2.05954e-04
 2.11103e-04
 2.16403e-04
 2.21866e-04
 2.27505e-04
 2.33328e-04
 2.39337e-04
 2.45540e-04
 2.51961e-04
 2.58634e-04
 2.65583e-04
 2.72799e-04
 2.80264e-04
 2.88033e-04
 2.96396e-04
 3.06075e-04
 3.18442e-04
 3.35979e-04
 3.64321e-04
 4.20866e-04
 5.57474e-04
 1.13827e-03
 3.23142e-03
 2.42086e-03
 3.61163e-05
 7.21519e-05
 7.23794e-05
 7.36003e-05
 7.55084e-05
 7.77287e-05
 8.03749e-05
 8.33808e-05
 8.66963e-05
 9.02814e-05
 9.40893e-05
 9.80756e-05
 1.02198e-04
 1.06418e-04
 1.10700e-04
 1.15012e-04
 1.19330e-04
 1.23632e-04
 1.27904e-04
 1.32136e-04
 1.36321e-04
 1.40461e-04
 1.44558e-04
 1.48620e-04
 1.52655e-04
 1.56675e-04
 1.60696e-04
 1.64730e-04
 1.68792e-04
 1.72895e-04
 1.77054e-04
 1.81282e-04
 1.85593e-04
 1.89997e-04
 1.94505e-04
 1.99132e-04
 2.03889e-04
 2.08783e-04
 2.13820e-04
 2.19013e-04
 2.24376e-04
 2.29919e-04
 2.35647e-04
 2.41561e-04
 2.47679e-04
 2.54032e-04
 2.60654e-04
 2.67552e-04
 2.74703e-04
 2.82094e-04
 2.89835e-04
 2.98336e-04
 3.08497e-04
 3.21888e-04
 3.41161e-04
 3.71928e-04
 4.31510e-04
 5.71188e-04
 1.14069e-03
 3.21634e-03
 2.41092e-03
 3.87846e-05
 7.75624e-05
 7.78772e-05
 7.90950e-05
 8.09861e-05
 8.31957e-05
 8.58176e-05
 8.87919e-05
 9.20692e-05
 9.56092e-05
 9.93662e-05
 1.03296e-04
 1.07359e-04
 1.11514e-04
 1.15729e-04
 1.19971e-04
 1.24217e-04
 1.28445e-04
 1.32640e-04
 1.36793e-04
 1.40898e-04
 1.44954e-04
 1.48966e-04
 1.52939e-04
 1.56882e-04
 1.60808e-04
 1.64730e-04
 1.68663e-04
 1.72621e-04
 1.76617e-04
 1.80667e-04
 1.84787e-04
 1.88986e-04
 1.93276e-04
 1.97673e-04
 2.02191e-04
 2.06838e-04
 2.11621e-04
 2.16551e-04
 2.21642e-04
 2.26910e-04
 2.32360e-04
 2.37992e-04
 2.43817e-04
 2.49859e-04
 2.56156e-04
 2.62734e-04
 2.69579e-04
 2.76655e-04
 2.83972e-04
 2.91724e-04
 3.00471e-04
 3.11308e-04
 3.26027e-04
 3.47500e-04
 3.81420e-04
 4.45020e-04
 5.89686e-04
 1.14716e-03
 3.19612e-03
 2.39487e-03
 4.15891e-05
 8.32363e-05
 8.36274e-05
 8.48381e-05
 8.67048e-05
 8.88944e-05
 9.14824e-05
 9.44143e-05
 9.76418e-05
 1.01125e-04
 1.04818e-04
 1.08679e-04
 1.12668e-04
 1.16747e-04
 1.20881e-04
 1.25042e-04
 1.29203e-04
 1.33346e-04
 1.37454e-04
 1.41519e-04
 1.45535e-04
 1.49500e-04
 1.53419e-04
 1.57297e-04
 1.61144e-04
 1.64972e-04
 1.68792e-04
 1.72621e-04
 1.76471e-04
 1.80360e-04
 1.84302e-04
 1.88310e-04
 1.92396e-04
 1.96575e-04
 2.00864e-04
 2.05273e-04
 2.09810e-04
 2.14483e-04
 2.19310e-04
 2.24306e-04
 2.29481e-04
 2.34837e-04
 2.40376e-04
 2.46117e-04
 2.52096e-04
 2.58350e-04
 2.64885e-04
 2.71665e-04
 2.78655e-04
 2.85911e-04
 2.93743e-04
 3.02884e-04
 3.14643e-04
 3.31061e-04
 3.55296e-04
 3.93258e-04
 4.62072e-04
 6.13717e-04
 1.15877e-03
 3.16974e-03
 2.37094e-03
 4.45287e-05
 8.91715e-05
 8.96280e-05
 9.08273e-05
 9.26628e-05
 9.48234e-05
 9.73684e-05
 1.00248e-04
 1.03415e-04
 1.06829e-04
 1.10447e-04
 1.14227e-04
 1.18131e-04
 1.22120e-04
 1.26163e-04
 1.30230e-04
 1.34297e-04
 1.38344e-04
 1.42356e-04
 1.46325e-04
 1.50243e-04
 1.54111e-04
 1.57930e-04
 1.61709e-04
 1.65455e-04
 1.69180e-04
 1.72895e-04
 1.76617e-04
 1.80360e-04
 1.84141e-04
 1.87972e-04
 1.91866e-04
 1.95840e-04
 1.99912e-04
 2.04093e-04
 2.08391e-04
 2.12817e-04
 2.17385e-04
 2.22115e-04
 2.27020e-04
 2.32102e-04
 2.37361e-04
 2.42810e-04
 2.48480e-04
 2.54413e-04
 2.60630e-04
 2.67113e-04
 2.73811e-04
 2.80706e-04
 2.87935e-04
 2.95953e-04
 3.05689e-04
 3.18680e-04
 3.37252e-04
 3.64940e-04
 4.08044e-04
 4.83541e-04
 6.44115e-04
 1.17646e-03
 3.13574e-03
 2.33709e-03
 4.76013e-05
 9.53642e-05
 9.58753e-05
 9.70589e-05
 9.88567e-05
 1.00980e-04
 1.03473e-04
 1.06291e-04
 1.09387e-04
 1.12722e-04
 1.16254e-04
 1.19943e-04
 1.23750e-04
 1.27640e-04
 1.31580e-04
 1.35544e-04
 1.39506e-04
 1.43448e-04
 1.47356e-04
 1.51220e-04
 1.55034e-04
 1.58797e-04
 1.62513e-04
 1.66187e-04
 1.69827e-04
 1.73445e-04
 1.77054e-04
 1.80667e-04
 1.84302e-04
 1.87972e-04
 1.91690e-04
 1.95472e-04
 1.99338e-04
 2.03302e-04
 2.07371e-04
 2.11558e-04
 2.15876e-04
 2.20346e-04
 2.24985e-04
 2.29797e-04
 2.34781e-04
 2.39945e-04
 2.45314e-04
 2.50930e-04
 2.56827e-04
 2.63006e-04
 2.69419e-04
 2.76014e-04
 2.82820e-04
 2.90089e-04
 2.98451e-04
 3.09045e-04
 3.23655e-04
 3.44943e-04
 3.76950e-04
 4.26566e-04
 5.10565e-04
 6.81814e-04
 1.20105e-03
 3.09218e-03
 2.29082e-03
 5.08039e-05
 1.01809e-04
 1.02364e-04
 1.03528e-04
 1.05282e-04
 1.07360e-04
 1.09794e-04
 1.12541e-04
 1.15558e-04
 1.18804e-04
 1.22240e-04
 1.25827e-04
 1.29528e-04
 1.33308e-04
 1.37137e-04
 1.40987e-04
 1.44836e-04
 1.48666e-04
 1.52461e-04
 1.56213e-04
 1.59916e-04
 1.63570e-04
 1.67177e-04
 1.70742e-04
 1.74273e-04
 1.77782e-04
 1.81282e-04
 1.84787e-04
 1.88310e-04
 1.91866e-04
 1.95472e-04
 1.99146e-04
 2.02905e-04
 2.06757e-04
 2.10714e-04
 2.14791e-04
 2.19009e-04
 2.23387e-04
 2.27933e-04
 2.32647e-04
 2.37531e-04
 2.42606e-04
 2.47912e-04
 2.53491e-04
 2.59358e-04
 2.65481e-04
 2.71797e-04
 2.78273e-04
 2.85024e-04
 2.92451e-04
 3.01375e-04
 3.13160e-04
 3.29871e-04
 3.54586e-04
 3.92013e-04
 4.49859e-04
 5.44628e-04
 7.27814e-04
 1.23322e-03
 3.03655e-03
 2.22907e-03
 5.41329e-05
 1.08499e-04
 1.09088e-04
 1.10227e-04
 1.11932e-04
 1.13957e-04
 1.16325e-04
 1.18994e-04
 1.21923e-04
 1.25072e-04
 1.28404e-04
 1.31881e-04
 1.35467e-04
 1.39128e-04
 1.42837e-04
 1.46566e-04
 1.50294e-04
 1.54003e-04
 1.57679e-04
 1.61314e-04
 1.64901e-04
 1.68441e-04
 1.71933e-04
 1.75385e-04
 1.78805e-04
 1.82203e-04
 1.85593e-04
 1.88986e-04
 1.92396e-04
 1.95840e-04
 1.99338e-04
 2.02905e-04
 2.06552e-04
 2.10290e-04
 2.14136e-04
 2.18112e-04
 2.22237e-04
 2.26522e-04
 2.30969e-04
 2.35580e-04
 2.40369e-04
 2.45372e-04
 2.50636e-04
 2.56188e-04
 2.62012e-04
 2.68050e-04
 2.74238e-04
 2.80602e-04
 2.87377e-04
 2.95137e-04
 3.04914e-04
 3.18313e-04
 3.37731e-04
 3.66790e-04
 4.11058e-04
 4.79289e-04
 5.87652e-04
 7.83882e-04
 1.27331e-03
 2.96503e-03
 2.14831e-03
 5.75835e-05
 1.15425e-04
 1.16039e-04
 1.17149e-04
 1.18800e-04
 1.20766e-04
 1.23062e-04
 1.25646e-04
 1.28479e-04
 1.31524e-04
 1.34744e-04
 1.38102e-04
 1.41566e-04
 1.45102e-04
 1.48683e-04
 1.52284e-04
 1.55885e-04
 1.59467e-04
 1.63018e-04
 1.66530e-04
 1.69996e-04
 1.73416e-04
 1.76791e-04
 1.80128e-04
 1.83435e-04
 1.86721e-04
 1.89997e-04
 1.93276e-04
 1.96575e-04
 1.99912e-04
 2.03302e-04
 2.06757e-04
 2.10290e-04
 2.13917e-04
 2.17662e-04
 2.21543e-04
 2.25575e-04
 2.29761e-04
 2.34103e-04
 2.38612e-04
 2.43321e-04
 2.48275e-04
 2.53512e-04
 2.59031e-04
 2.64784e-04
 2.70698e-04
 2.76743e-04
 2.83038e-04
 2.89974e-04
 2.98319e-04
 3.09324e-04
 3.24869e-04
 3.47776e-04
 3.82376e-04
 4.35332e-04
 5.16630e-04
 6.41987e-04
 8.52763e-04
 1.32100e-03
 2.87178e-03
 2.04449e-03
 6.11506e-05
 1.22578e-04
 1.23207e-04
 1.24285e-04
 1.25878e-04
 1.27779e-04
 1.29995e-04
 1.32489e-04
 1.35220e-04
 1.38155e-04
 1.41256e-04
 1.44491e-04
 1.47825e-04
 1.51229e-04
 1.54677e-04
 1.58144e-04
 1.61611e-04
 1.65061e-04
 1.68483e-04
 1.71867e-04
 1.75208e-04
 1.78506e-04
 1.81762e-04
 1.84982e-04
 1.88173e-04
 1.91343e-04
 1.94505e-04
 1.97673e-04
 2.00864e-04
 2.04093e-04
 2.07371e-04
 2.10714e-04
 2.14136e-04
 2.17662e-04
 2.21311e-04
 2.25099e-04
 2.29032e-04
 2.33112e-04
 2.37348e-04
 2.41770e-04
 2.46422e-04
 2.51348e-04
 2.56559e-04
 2.62019e-04
 2.67657e-04
 2.73413e-04
 2.79330e-04
 2.85661e-04
 2.92972e-04
 3.02237e-04
 3.14945e-04
 3.33318e-04
 3.60740e-04
 4.02474e-04
 4.66513e-04
 5.64141e-04
 7.10310e-04
 9.36596e-04
 1.37495e-03
 2.75037e-03
 1.91320e-03
 6.48284e-05
 1.29947e-04
 1.30582e-04
 1.31623e-04
 1.33155e-04
 1.34986e-04
 1.37119e-04
 1.39516e-04
 1.42141e-04
 1.44960e-04
 1.47938e-04
 1.51042e-04
 1.54242e-04
 1.57510e-04
 1.60819e-04
 1.64147e-04
 1.67477e-04
 1.70791e-04
 1.74079e-04
 1.77332e-04
 1.80545e-04
 1.83719e-04
 1.86853e-04
 1.89954e-04
 1.93026e-04
 1.96081e-04
 1.99132e-04
 2.02191e-04
 2.05273e-04
 2.08391e-04
 2.11558e-04
 2.14791e-04
 2.18112e-04
 2.21543e-04
 2.25099e-04
 2.28789e-04
 2.32614e-04
 2.36585e-04
 2.40729e-04
 2.45089e-04
 2.49710e-04
 2.54613e-04
 2.59775e-04
 2.65131e-04
 2.70607e-04
 2.76199e-04
 2.82061e-04
 2.88607e-04
 2.96594e-04
 3.07213e-04
 3.22234e-04
 3.44328e-04
 3.77644e-04
 4.28638e-04
 5.06830e-04
 6.24594e-04
 7.95287e-04
 1.03573e-03
 1.43194e-03
 2.59462e-03
 1.75065e-03
 6.86104e-05
 1.37519e-04
 1.38153e-04
 1.39155e-04
 1.40621e-04
 1.42379e-04
 1.44424e-04
 1.46721e-04
 1.49235e-04
 1.51934e-04
 1.54784e-04
 1.57754e-04
 1.60816e-04
 1.63943e-04
 1.67109e-04
 1.70296e-04
 1.73484e-04
 1.76659e-04
 1.79810e-04
 1.82930e-04
 1.86014e-04
 1.89061e-04
 1.92072e-04
 1.95051e-04
 1.98007e-04
 2.00949e-04
 2.03889e-04
 2.06838e-04
 2.09810e-04
 2.12817e-04
 2.15876e-04
 2.19009e-04
 2.22237e-04
 2.25575e-04
 2.29032e-04
 2.32614e-04
 2.36330e-04
 2.40207e-04
 2.44286e-04
 2.48612e-04
 2.53212e-04
 2.58073e-04
 2.63139e-04
 2.68336e-04
 2.73627e-04
 2.79101e-04
 2.85057e-04
 2.92090e-04
 3.01155e-04
 3.13685e-04
 3.31813e-04
 3.58832e-04
 3.99917e-04
 4.62997e-04
 5.59156e-04
 7.01233e-04
 8.98692e-04
 1.14773e-03
 1.48553e-03
 2.39913e-03
 1.55532e-03
 7.24901e-05
 1.45281e-04
 1.45908e-04
 1.46867e-04
 1.48267e-04
 1.49946e-04
 1.51900e-04
 1.54094e-04
 1.56495e-04
 1.59070e-04
 1.61789e-04
 1.64623e-04
 1.67543e-04
 1.70526e-04
 1.73548e-04
 1.76590e-04
 1.79634e-04
 1.82668e-04
 1.85681e-04
 1.88667e-04
 1.91619e-04
 1.94538e-04
 1.97425e-04
 2.00284e-04
 2.03125e-04
 2.05954e-04
 2.08783e-04
 2.11621e-04
 2.14483e-04
 2.17385e-04
 2.20346e-04
 2.23387e-04
 2.26522e-04
 2.29761e-04
 2.33112e-04
 2.36585e-04
 2.40207e-04
 2.44017e-04
 2.48060e-04
 2.52365e-04
 2.56927e-04
 2.61701e-04
 2.66612e-04
 2.71612e-04
 2.76743e-04
 2.82225e-04
 2.88523e-04
 2.96417e-04
 3.07080e-04
 3.22243e-04
 3.44549e-04
 3.78153e-04
 4.29569e-04
 5.08410e-04
 6.27039e-04
 7.97340e-04
 1.01987e-03
 1.26592e-03
 1.52685e-03
 2.16179e-03
 1.32933e-03
 7.64607e-05
 1.53221e-04
 1.53835e-04
 1.54749e-04
 1.56079e-04
 1.57679e-04
 1.59539e-04
 1.61628e-04
 1.63912e-04
 1.66361e-04
 1.68948e-04
 1.71642e-04
 1.74420e-04
 1.77258e-04
 1.80133e-04
 1.83029e-04
 1.85929e-04
 1.88821e-04
 1.91695e-04
 1.94544e-04
 1.97365e-04
 2.00156e-04
 2.02920e-04
 2.05662e-04
 2.08387e-04
 2.11103e-04
 2.13820e-04
 2.16551e-04
 2.19310e-04
 2.22115e-04
 2.24985e-04
 2.27933e-04
 2.30969e-04
 2.34103e-04
 2.37348e-04
 2.40729e-04
 2.44286e-04
 2.48060e-04
 2.52082e-04
 2.56352e-04
 2.60831e-04
 2.65453e-04
 2.70163e-04
 2.74975e-04
 2.80052e-04
 2.85767e-04
 2.92762e-04
 3.02012e-04
 3.14947e-04
 3.33715e-04
 3.61684e-04
 4.04189e-04
 4.69388e-04
 5.68579e-04
 7.14558e-04
 9.14991e-04
 1.15415e-03
 1.37858e-03
 1.54405e-03
 1.88500e-03
 1.07995e-03
 8.05154e-05
 1.61326e-04
 1.61922e-04
 1.62788e-04
 1.64048e-04
 1.65566e-04
 1.67331e-04
 1.69312e-04
 1.71479e-04
 1.73802e-04
 1.76254e-04
 1.78810e-04
 1.81444e-04
 1.84135e-04
 1.86864e-04
 1.89614e-04
 1.92369e-04
 1.95119e-04
 1.97853e-04
 2.00568e-04
 2.03258e-04
 2.05923e-04
 2.08566e-04
 2.11189e-04
 2.13799e-04
 2.16403e-04
 2.19013e-04
 2.21642e-04
 2.24306e-04
 2.27020e-04
 2.29797e-04
 2.32647e-04
 2.35580e-04
 2.38612e-04
 2.41770e-04
 2.45089e-04
 2.48612e-04
 2.52365e-04
 2.56352e-04
 2.60540e-04
 2.64870e-04
 2.69288e-04
 2.73794e-04
 2.78512e-04
 2.83746e-04
 2.90037e-04
 2.98207e-04
 3.09454e-04
 3.25562e-04
 3.49290e-04
 3.85031e-04
 4.39651e-04
 5.23146e-04
 6.48038e-04
 8.25495e-04
 1.05260e-03
 1.29114e-03
 1.47120e-03
 1.52015e-03
 1.57566e-03
 8.23937e-04
 8.46476e-05
 1.69584e-04
 1.70157e-04
 1.70974e-04
 1.72162e-04
 1.73597e-04
 1.75267e-04
 1.77140e-04
 1.79188e-04
 1.81385e-04
 1.83703e-04
 1.86119e-04
 1.88611e-04
 1.91157e-04
 1.93740e-04
 1.96343e-04
 1.98955e-04
 2.01563e-04
 2.04161e-04
 2.06741e-04
 2.09302e-04
 2.11843e-04
 2.14364e-04
 2.16871e-04
 2.19368e-04
 2.21866e-04
 2.24376e-04
 2.26910e-04
 2.29481e-04
 2.32102e-04
 2.34781e-04
 2.37531e-04
 2.40369e-04
 2.43321e-04
 2.46422e-04
 2.49710e-04
 2.53212e-04
 2.56927e-04
 2.60831e-04
 2.64870e-04
 2.68996e-04
 2.73202e-04
 2.77591e-04
 2.82418e-04
 2.88146e-04
 2.95481e-04
 3.05448e-04
 3.19550e-04
 3.40091e-04
 3.70724e-04
 4.17236e-04
 4.88328e-04
 5.95672e-04
 7.51686e-04
 9.61264e-04
 1.20259e-03
 1.41585e-03
 1.51682e-03
 1.43167e-03
 1.25642e-03
 5.88726e-04
 8.88513e-05
 1.77981e-04
 1.78528e-04
 1.79296e-04
 1.80412e-04
 1.81764e-04
 1.83337e-04
 1.85103e-04
 1.87034e-04
 1.89104e-04
 1.91290e-04
 1.93568e-04
 1.95917e-04
 1.98320e-04
 2.00758e-04
 2.03218e-04
 2.05688e-04
 2.08157e-04
 2.10619e-04
 2.13068e-04
 2.15502e-04
 2.17920e-04
 2.20323e-04
 2.22717e-04
 2.25108e-04
 2.27505e-04
 2.29919e-04
 2.32360e-04
 2.34837e-04
 2.37361e-04
 2.39945e-04
 2.42606e-04
 2.45372e-04
 2.48275e-04
 2.51348e-04
 2.54613e-04
 2.58073e-04
 2.61701e-04
 2.65453e-04
 2.69288e-04
 2.73202e-04
 2.77284e-04
 2.81759e-04
 2.87031e-04
 2.93719e-04
 3.02715e-04
 3.15313e-04
 3.33468e-04
 3.60269e-04
 4.00631e-04
 4.62101e-04
 5.55280e-04
 6.92647e-04
 8.83204e-04
 1.11750e-03
 1.34916e-03
 1.50554e-03
 1.49121e-03
 1.26821e-03
 9.57518e-04
 4.02860e-04
 9.31209e-05
 1.86509e-04
 1.87027e-04
 1.87744e-04
 1.88789e-04
 1.90058e-04
 1.91536e-04
 1.93195e-04
 1.95010e-04
 1.96955e-04
 1.99010e-04
 2.01152e-04
 2.03362e-04
 2.05623e-04
 2.07920e-04
 2.10239e-04
 2.12570e-04
 2.14903e-04
 2.17232e-04
 2.19552e-04
 2.21862e-04
 2.24161e-04
 2.26451e-04
 2.28738e-04
 2.31028e-04
 2.33328e-04
 2.35647e-04
 2.37992e-04
 2.40376e-04
 2.42810e-04
 2.45314e-04
 2.47912e-04
 2.50636e-04
 2.53512e-04
 2.56559e-04
 2.59775e-04
 2.63139e-04
 2.66612e-04
 2.70163e-04
 2.73794e-04
 2.77591e-04
 2.81759e-04
 2.86662e-04
 2.92853e-04
 3.01124e-04
 3.12607e-04
 3.29001e-04
 3.52963e-04
 3.88723e-04
 4.42857e-04
 5.24881e-04
 6.46750e-04
 8.19351e-04
 1.04142e-03
 1.28076e-03
 1.47217e-03
 1.52711e-03
 1.37560e-03
 1.04727e-03
 7.09311e-04
 2.83629e-04
 9.74517e-05
 1.95157e-04
 1.95645e-04
 1.96312e-04
 1.97285e-04
 1.98472e-04
 1.99856e-04
 2.01410e-04
 2.03111e-04
 2.04934e-04
 2.06861e-04
 2.08869e-04
 2.10944e-04
 2.13067e-04
 2.15225e-04
 2.17407e-04
 2.19602e-04
 2.21803e-04
 2.24003e-04
 2.26200e-04
 2.28390e-04
 2.30575e-04
 2.32758e-04
 2.34942e-04
 2.37133e-04
 2.39337e-04
 2.41561e-04
 2.43817e-04
 2.46117e-04
 2.48480e-04
 2.50930e-04
 2.53491e-04
 2.56188e-04
 2.59031e-04
 2.62019e-04
 2.65131e-04
 2.68336e-04
 2.71612e-04
 2.74975e-04
 2.78512e-04
 2.82418e-04
 2.87031e-04
 2.92853e-04
 3.00601e-04
 3.11288e-04
 3.26420e-04
 3.48332e-04
 3.80727e-04
 4.29391e-04
 5.02853e-04
 6.12292e-04
 7.69218e-04
 9.77352e-04
 1.21579e-03
 1.42880e-03
 1.53552e-03
 1.45317e-03
 1.17241e-03
 8.07727e-04
 5.38792e-04
 2.25904e-04
 1.01840e-04
 2.03921e-04
 2.04376e-04
 2.04993e-04
 2.05897e-04
 2.07003e-04
 2.08294e-04
 2.09746e-04
 2.11335e-04
 2.13040e-04
 2.14841e-04
 2.16721e-04
 2.18662e-04
 2.20652e-04
 2.22677e-04
 2.24726e-04
 2.26790e-04
 2.28863e-04
 2.30940e-04
 2.33018e-04
 2.35095e-04
 2.37171e-04
 2.39250e-04
 2.41334e-04
 2.43428e-04
 2.45540e-04
 2.47679e-04
 2.49859e-04
 2.52096e-04
 2.54413e-04
 2.56827e-04
 2.59358e-04
 2.62012e-04
 2.64784e-04
 2.67657e-04
 2.70607e-04
 2.73627e-04
 2.76743e-04
 2.80052e-04
 2.83746e-04
 2.88146e-04
 2.93719e-04
 3.01124e-04
 3.11288e-04
 3.25577e-04
 3.46085e-04
 3.76123e-04
 4.20856e-04
 4.87965e-04
 5.87794e-04
 7.31786e-04
 9.26414e-04
 1.15895e-03
 1.38301e-03
 1.52801e-03
 1.50489e-03
 1.27676e-03
 9.20594e-04
 6.04937e-04
 4.47705e-04
 2.05842e-04
 1.06285e-04
 2.12795e-04
 2.13217e-04
 2.13784e-04
 2.14621e-04
 2.15648e-04
 2.16850e-04
 2.18202e-04
 2.19682e-04
 2.21272e-04
 2.22952e-04
 2.24707e-04
 2.26521e-04
 2.28382e-04
 2.30278e-04
 2.32200e-04
 2.34140e-04
 2.36091e-04
 2.38051e-04
 2.40014e-04
 2.41982e-04
 2.43954e-04
 2.45933e-04
 2.47922e-04
 2.49928e-04
 2.51961e-04
 2.54032e-04
 2.56156e-04
 2.58350e-04
 2.60630e-04
 2.63006e-04
 2.65481e-04
 2.68050e-04
 2.70698e-04
 2.73413e-04
 2.76199e-04
 2.79101e-04
 2.82225e-04
 2.85767e-04
 2.90037e-04
 2.95481e-04
 3.02715e-04
 3.12607e-04
 3.26420e-04
 3.46085e-04
 3.74620e-04
 4.16716e-04
 4.79367e-04
 5.72110e-04
 7.05964e-04
 8.88724e-04
 1.11310e-03
 1.34182e-03
 1.51123e-03
 1.53624e-03
 1.35930e-03
 1.02367e-03
 6.81484e-04
 4.78001e-04
 4.11989e-04
 2.00937e-04
 1.10785e-04
 2.21779e-04
 2.22169e-04
 2.22688e-04
 2.23458e-04
 2.24409e-04
 2.25524e-04
 2.26780e-04
 2.28156e-04
 2.29635e-04
 2.31199e-04
 2.32834e-04
 2.34527e-04
 2.36264e-04
 2.38038e-04
 2.39838e-04
 2.41659e-04
 2.43495e-04
 2.45342e-04
 2.47197e-04
 2.49062e-04
 2.50936e-04
 2.52824e-04
 2.54731e-04
 2.56664e-04
 2.58634e-04
 2.60654e-04
 2.62734e-04
 2.64885e-04
 2.67113e-04
 2.69419e-04
 2.71797e-04
 2.74238e-04
 2.76743e-04
 2.79330e-04
 2.82061e-04
 2.85057e-04
 2.88523e-04
 2.92762e-04
 2.98207e-04
 3.05448e-04
 3.15313e-04
 3.29001e-04
 3.48332e-04
 3.76123e-04
 4.16716e-04
 4.76554e-04
 5.64463e-04
 6.90855e-04
 8.63946e-04
 1.07976e-03
 1.30818e-03
 1.49225e-03
 1.55153e-03
 1.41886e-03
 1.11203e-03
 7.58196e-04
 5.15289e-04
 4.21410e-04
 4.02119e-04
 2.00101e-04
 1.15342e-04
 2.30879e-04
 2.31235e-04
 2.31707e-04
 2.32414e-04
 2.33292e-04
 2.34323e-04
 2.35487e-04
 2.36764e-04
 2.38136e-04
 2.39590e-04
 2.41111e-04
 2.42687e-04
 2.44308e-04
 2.45965e-04
 2.47650e-04
 2.49359e-04
 2.51085e-04
 2.52827e-04
 2.54583e-04
 2.56354e-04
 2.58143e-04
 2.59953e-04
 2.61792e-04
 2.63665e-04
 2.65583e-04
 2.67552e-04
 2.69579e-04
 2.71665e-04
 2.73811e-04
 2.76014e-04
 2.78273e-04
 2.80602e-04
 2.83038e-04
 2.85661e-04
 2.88607e-04
 2.92090e-04
 2.96417e-04
 3.02012e-04
 3.09454e-04
 3.19550e-04
 3.33468e-04
 3.52963e-04
 3.80727e-04
 4.20856e-04
 4.79367e-04
 5.64463e-04
 6.85884e-04
 8.51678e-04
 1.05960e-03
 1.28450e-03
 1.47538e-03
 1.55705e-03
 1.45963e-03
 1.18283e-03
 8.28475e-04
 5.55536e-04
 4.33867e-04
 4.04087e-04
 4.00252e-04
 2.00006e-04
 1.19961e-04
 2.40102e-04
 2.40426e-04
 2.40852e-04
 2.41499e-04
 2.42307e-04
 2.43258e-04
 2.44334e-04
 2.45515e-04
 2.46787e-04
 2.48136e-04
 2.49549e-04
 2.51015e-04
 2.52526e-04
 2.54074e-04
 2.55652e-04
 2.57257e-04
 2.58883e-04
 2.60531e-04
 2.62199e-04
 2.63889e-04
 2.65604e-04
 2.67347e-04
 2.69125e-04
 2.70940e-04
 2.72799e-04
 2.74703e-04
 2.76655e-04
 2.78655e-04
 2.80706e-04
 2.82820e-04
 2.85024e-04
 2.87377e-04
 2.89974e-04
 2.92972e-04
 2.96594e-04
 3.01155e-04
 3.07080e-04
 3.14947e-04
 3.25562e-04
 3.40091e-04
 3.60269e-04
 3.88723e-04
 4.29391e-04
 4.87965e-04
 5.72110e-04
 6.90855e-04
 8.51678e-04
 1.05287e-03
 1.27232e-03
 1.46390e-03
 1.55803e-03
 1.48588e-03
 1.23534e-03
 8.87271e-04
 5.94390e-04
 4.48150e-04
 4.06853e-04
 4.00522e-04
 4.00018e-04
 2.00000e-04
 1.24649e-04
 2.49464e-04
 2.49756e-04
 2.50139e-04
 2.50729e-04
 2.51469e-04
 2.52345e-04
 2.53337e-04
 2.54429e-04
 2.55606e-04
 2.56856e-04
 2.58168e-04
 2.59532e-04
 2.60942e-04
 2.62389e-04
 2.63870e-04
 2.65380e-04
 2.66918e-04
 2.68481e-04
 2.70071e-04
 2.71689e-04
 2.73335e-04
 2.75014e-04
 2.76726e-04
 2.78476e-04
 2.80264e-04
 2.82094e-04
 2.83972e-04
 2.85911e-04
 2.87935e-04
 2.90089e-04
 2.92451e-04
 2.95137e-04
 2.98319e-04
 3.02237e-04
 3.07213e-04
 3.13685e-04
 3.22243e-04
 3.33715e-04
 3.49290e-04
 3.70724e-04
 4.00631e-04
 4.42857e-04
 5.02853e-04
 5.87794e-04
 7.05964e-04
 8.63946e-04
 1.05960e-03
 1.27232e-03
 1.45985e-03
 1.55776e-03
 1.50049e-03
 1.26975e-03
 9.31110e-04
 6.27647e-04
 4.62415e-04
 4.10141e-04
 4.00916e-04
 4.00041e-04
 4.00001e-04
 2.00000e-04
 1.29425e-04
 2.58999e-04
 2.59260e-04
 2.59603e-04
 2.60136e-04
 2.60813e-04
 2.61617e-04
 2.62530e-04
 2.63537e-04
 2.64625e-04
 2.65782e-04
 2.67000e-04
 2.68269e-04
 2.69585e-04
 2.70940e-04
 2.72332e-04
 2.73757e-04
 2.75214e-04
 2.76700e-04
 2.78217e-04
 2.79764e-04
 2.81343e-04
 2.82955e-04
 2.84604e-04
 2.86294e-04
 2.88033e-04
 2.89835e-04
 2.91724e-04
 2.93743e-04
 2.95953e-04
 2.98451e-04
 3.01375e-04
 3.04914e-04
 3.09324e-04
 3.14945e-04
 3.22234e-04
 3.31813e-04
 3.44549e-04
 3.61684e-04
 3.85031e-04
 4.17236e-04
 4.62101e-04
 5.24881e-04
 6.12292e-04
 7.31786e-04
 8.88724e-04
 1.07976e-03
 1.28450e-03
 1.46390e-03
 1.55776e-03
 1.50518e-03
 1.28676e-03
 9.58048e-04
 6.51829e-04
 4.74569e-04
 4.13445e-04
 4.01394e-04
 4.00075e-04
 4.00002e-04
 4.00000e-04
 2.00000e-04
 1.34340e-04
 2.68814e-04
 2.69045e-04
 2.69346e-04
 2.69824e-04
 2.70436e-04
 2.71168e-04
 2.72002e-04
 2.72923e-04
 2.73922e-04
 2.74987e-04
 2.76110e-04
 2.77287e-04
 2.78510e-04
 2.79775e-04
 2.81081e-04
 2.82423e-04
 2.83802e-04
 2.85216e-04
 2.86665e-04
 2.88153e-04
 2.89681e-04
 2.91256e-04
 2.92888e-04
 2.94593e-04
 2.96396e-04
 2.98336e-04
 3.00471e-04
 3.02884e-04
 3.05689e-04
 3.09045e-04
 3.13160e-04
 3.18313e-04
 3.24869e-04
 3.33318e-04
 3.44328e-04
 3.58832e-04
 3.78153e-04
 4.04189e-04
 4.39651e-04
 4.88328e-04
 5.55280e-04
 6.46750e-04
 7.69218e-04
 9.26414e-04
 1.11310e-03
 1.30818e-03
 1.47538e-03
 1.55803e-03
 1.50049e-03
 1.28676e-03
 9.67111e-04
 6.64527e-04
 4.82725e-04
 4.16138e-04
 4.01863e-04
 4.00117e-04
 4.00003e-04
 4.00000e-04
 4.00000e-04
 2.00000e-04
 1.39580e-04
 2.79280e-04
 2.79477e-04
 2.79728e-04
 2.80142e-04
 2.80679e-04
 2.81324e-04
 2.82062e-04
 2.82881e-04
 2.83770e-04
 2.84722e-04
 2.85731e-04
 2.86794e-04
 2.87907e-04
 2.89067e-04
 2.90275e-04
 2.91529e-04
 2.92831e-04
 2.94185e-04
 2.95593e-04
 2.97066e-04
 2.98614e-04
 3.00257e-04
 3.02019e-04
 3.03941e-04
 3.06075e-04
 3.08497e-04
 3.11308e-04
 3.14643e-04
 3.18680e-04
 3.23655e-04
 3.29871e-04
 3.37731e-04
 3.47776e-04
 3.60740e-04
 3.77644e-04
 3.99917e-04
 4.29569e-04
 4.69388e-04
 5.23146e-04
 5.95672e-04
 6.92647e-04
 8.19351e-04
 9.77352e-04
 1.15895e-03
 1.34182e-03
 1.49225e-03
 1.55705e-03
 1.48588e-03
 1.26975e-03
 9.58048e-04
 6.64527e-04
 4.85596e-04
 4.17654e-04
 4.02209e-04
 4.00155e-04
 4.00005e-04
 4.00000e-04
 4.00000e-04
 4.00000e-04
 2.00000e-04
 1.45739e-04
 2.91579e-04
 2.91727e-04
 2.91906e-04
 2.92224e-04
 2.92645e-04
 2.93156e-04
 2.93743e-04
 2.94399e-04
 2.95115e-04
 2.95889e-04
 2.96719e-04
 2.97604e-04
 2.98545e-04
 2.99545e-04
 3.00609e-04
 3.01744e-04
 3.02959e-04
 3.04269e-04
 3.05688e-04
 3.07241e-04
 3.08954e-04
 3.10869e-04
 3.13039e-04
 3.15532e-04
 3.18442e-04
 3.21888e-04
 3.26027e-04
 3.31061e-04
 3.37252e-04
 3.44943e-04
 3.54586e-04
 3.66790e-04
 3.82376e-04
 4.02474e-04
 4.28638e-04
 4.62997e-04
 5.08410e-04
 5.68579e-04
 6.48038e-04
 7.51686e-04
 8.83204e-04
 1.04142e-03
 1.21579e-03
 1.38301e-03
 1.51123e-03
 1.55153e-03
 1.45963e-03
 1.23534e-03
 9.31110e-04
 6.51829e-04
 4.82725e-04
 4.17654e-04
 4.02337e-04
 4.00179e-04
 4.00007e-04
 4.00000e-04
 4.00000e-04
 4.00000e-04
 4.00000e-04
 2.00000e-04
 1.54709e-04
 3.09485e-04
 3.09544e-04
 3.09585e-04
 3.09715e-04
 3.09904e-04
 3.10141e-04
 3.10421e-04
 3.10741e-04
 3.11102e-04
 3.11508e-04
 3.11966e-04
 3.12484e-04
 3.13073e-04
 3.13748e-04
 3.14526e-04
 3.15426e-04
 3.16473e-04
 3.17697e-04
 3.19137e-04
 3.20841e-04
 3.22869e-04
 3.25295e-04
 3.28209e-04
 3.31722e-04
 3.35979e-04
 3.41161e-04
 3.47500e-04
 3.55296e-04
 3.64940e-04
 3.76950e-04
 3.92013e-04
 4.11058e-04
 4.35332e-04
 4.66513e-04
 5.06830e-04
 5.59156e-04
 6.27039e-04
 7.14558e-04
 8.25495e-04
 9.61264e-04
 1.11750e-03
 1.28076e-03
 1.42880e-03
 1.52801e-03
 1.53624e-03
 1.41886e-03
 1.18283e-03
 8.87271e-04
 6.27647e-04
 4.74569e-04
 4.16138e-04
 4.02209e-04
 4.00179e-04
 4.00007e-04
 4.00000e-04
 4.00000e-04
 4.00000e-04
 4.00000e-04
 4.00000e-04
 2.00000e-04
 1.71782e-04
 3.43570e-04
 3.43450e-04
 3.43200e-04
 3.42930e-04
 3.42617e-04
 3.42262e-04
 3.41867e-04
 3.41442e-04
 3.41003e-04
 3.40571e-04
 3.40173e-04
 3.39837e-04
 3.39597e-04
 3.39491e-04
 3.39559e-04
 3.39845e-04
 3.40399e-04
 3.41278e-04
 3.42549e-04
 3.44291e-04
 3.46595e-04
 3.49582e-04
 3.53400e-04
 3.58238e-04
 3.64321e-04
 3.71928e-04
 3.81420e-04
 3.93258e-04
 4.08044e-04
 4.26566e-04
 4.49859e-04
 4.79289e-04
 5.16630e-04
 5.64141e-04
 6.24594e-04
 7.01233e-04
 7.97340e-04
 9.14991e-04
 1.05260e-03
 1.20259e-03
 1.34916e-03
 1.47217e-03
 1.53552e-03
 1.50489e-03
 1.35930e-03
 1.11203e-03
 8.28475e-04
 5.94390e-04
 4.62415e-04
 4.13445e-04
 4.01863e-04
 4.00155e-04
 4.00007e-04
 4.00000e-04
 4.00000e-04
 4.00000e-04
 4.00000e-04
 4.00000e-04
 4.00000e-04
 2.00000e-04
 2.10366e-04
 4.20657e-04
 4.20278e-04
 4.19581e-04
 4.18692e-04
 4.17586e-04
 4.16259e-04
 4.14716e-04
 4.12967e-04
 4.11038e-04
 4.08963e-04
 4.06787e-04
 4.04568e-04
 4.02372e-04
 4.00282e-04
 3.98394e-04
 3.96815e-04
 3.95671e-04
 3.95096e-04
 3.95234e-04
 3.96244e-04
 3.98291e-04
 4.01553e-04
 4.06235e-04
 4.12573e-04
 4.20866e-04
 4.31510e-04
 4.45020e-04
 4.62072e-04
 4.83541e-04
 5.10565e-04
 5.44628e-04
 5.87652e-04
 6.41987e-04
 7.10310e-04
 7.95287e-04
 8.98692e-04
 1.01987e-03
 1.15415e-03
 1.29114e-03
 1.41585e-03
 1.50554e-03
 1.52711e-03
 1.45317e-03
 1.27676e-03
 1.02367e-03
 7.58196e-04
 5.55536e-04
 4.48150e-04
 4.10141e-04
 4.01394e-04
 4.00117e-04
 4.00005e-04
 4.00000e-04
 4.00000e-04
 4.00000e-04
 4.00000e-04
 4.00000e-04
 4.00000e-04
 4.00000e-04
 2.00000e-04
 2.79412e-04
 5.58943e-04
 5.59067e-04
 5.59162e-04
 5.59407e-04
 5.59778e-04
 5.60240e-04
 5.60752e-04
 5.61268e-04
 5.61723e-04
 5.62039e-04
 5.62120e-04
 5.61850e-04
 5.61098e-04
 5.59733e-04
 5.57648e-04
 5.54790e-04
 5.51221e-04
 5.47182e-04
 5.43175e-04
 5.39950e-04
 5.38278e-04
 5.38740e-04
 5.41799e-04
 5.47879e-04
 5.57474e-04
 5.71188e-04
 5.89686e-04
 6.13717e-04
 6.44115e-04
 6.81814e-04
 7.27814e-04
 7.83882e-04
 8.52763e-04
 9.36596e-04
 1.03573e-03
 1.14773e-03
 1.26592e-03
 1.37858e-03
 1.47120e-03
 1.51682e-03
 1.49121e-03
 1.37560e-03
 1.17241e-03
 9.20594e-04
 6.81484e-04
 5.15289e-04
 4.33867e-04
 4.06853e-04
 4.00916e-04
 4.00075e-04
 4.00003e-04
 4.00000e-04
 4.00000e-04
 4.00000e-04
 4.00000e-04
 4.00000e-04
 4.00000e-04
 4.00000e-04
 4.00000e-04
 2.00000e-04
 8.87361e-04
 1.77353e-03
 1.76919e-03
 1.76135e-03
 1.75025e-03
 1.73571e-03
 1.71744e-03
 1.69519e-03
 1.66873e-03
 1.63791e-03
 1.60261e-03
 1.56286e-03
 1.51886e-03
 1.47107e-03
 1.42033e-03
 1.36794e-03
 1.31578e-03
 1.26641e-03
 1.22302e-03
 1.18937e-03
 1.16863e-03
 1.15699e-03
 1.14854e-03
 1.14247e-03
 1.13898e-03
 1.13827e-03
 1.14069e-03
 1.14716e-03
 1.15877e-03
 1.17646e-03
 1.20105e-03
 1.23322e-03
 1.27331e-03
 1.32100e-03
 1.37495e-03
 1.43194e-03
 1.48553e-03
 1.52685e-03
 1.54405e-03
 1.52015e-03
 1.43167e-03
 1.26821e-03
 1.04727e-03
 8.07727e-04
 6.04937e-04
 4.78001e-04
 4.21410e-04
 4.04087e-04
 4.00522e-04
 4.00041e-04
 4.00002e-04
 4.00000e-04
 4.00000e-04
 4.00000e-04
 4.00000e-04
 4.00000e-04
 4.00000e-04
 4.00000e-04
 4.00000e-04
 4.00000e-04
 2.00000e-04
 1.61725e-03
 3.23536e-03
 3.23629e-03
 3.23620e-03
 3.23592e-03
 3.23580e-03
 3.23584e-03
 3.23589e-03
 3.23593e-03
 3.23596e-03
 3.23600e-03
 3.23615e-03
 3.23650e-03
 3.23718e-03
 3.23831e-03
 3.24001e-03
 3.24234e-03
 3.24529e-03
 3.24867e-03
 3.25193e-03
 3.25432e-03
 3.25504e-03
 3.25348e-03
 3.24931e-03
 3.24215e-03
 3.23142e-03
 3.21634e-03
 3.19612e-03
 3.16974e-03
 3.13574e-03
 3.09218e-03
 3.03655e-03
 2.96503e-03
 2.87178e-03
 2.75037e-03
 2.59462e-03
 2.39913e-03
 2.16179e-03
 1.88500e-03
 1.57566e-03
 1.25642e-03
 9.57518e-04
 7.09311e-04
 5.38792e-04
 4.47705e-04
 4.11989e-04
 4.02119e-04
 4.00252e-04
 4.00018e-04
 4.00001e-04
 4.00000e-04
 4.00000e-04
 4.00000e-04
 4.00000e-04
 4.00000e-04
 4.00000e-04
 4.00000e-04
 4.00000e-04
 4.00000e-04
 4.00000e-04
 2.00000e-04
 8.90589e-04
 1.78341e-03
 1.78905e-03
 1.79738e-03
 1.80906e-03
 1.82463e-03
 1.84435e-03
 1.86828e-03
 1.89657e-03
 1.92931e-03
 1.96653e-03
 2.00818e-03
 2.05403e-03
 2.10353e-03
 2.15579e-03
 2.20945e-03
 2.26258e-03
 2.31258e-03
 2.35618e-03
 2.38949e-03
 2.40924e-03
 2.41908e-03
 2.42478e-03
 2.42720e-03
 2.42603e-03
 2.42086e-03
 2.41092e-03
 2.39487e-03
 2.37094e-03
 2.33709e-03
 2.29082e-03
 2.22907e-03
 2.14831e-03
 2.04449e-03
 1.91320e-03
 1.75065e-03
 1.55532e-03
 1.32933e-03
 1.07995e-03
 8.23937e-04
 5.88726e-04
 4.02860e-04
 2.83629e-04
 2.25904e-04
 2.05842e-04
 2.00937e-04
 2.00101e-04
 2.00006e-04
 2.00000e-04
 2.00000e-04
 2.00000e-04
 2.00000e-04
 2.00000e-04
 2.00000e-04
 2.00000e-04
 2.00000e-04
 2.00000e-04
 2.00000e-04
 2.00000e-04
 2.00000e-04
 1.00000e-04
