NodeMass
part
         1
coordinates
 5.70576e-07
 2.19977e-06
 3.38249e-06
 3.88316e-06
 4.48988e-06
 4.64927e-06
 4.93497e-06
 6.37253e-06
 7.64838e-06
 8.48054e-06
 9.52683e-06
 1.04453e-05
 1.14342e-05
 1.24464e-05
 1.35253e-05
 1.46513e-05
 1.58584e-05
 1.71552e-05
 1.85440e-05
 2.00310e-05
 2.16192e-05
 2.33129e-05
 2.51157e-05
 2.70307e-05
 2.90608e-05
 3.12080e-05
 3.34740e-05
 3.58595e-05
 3.83647e-05
 4.09890e-05
 4.37309e-05
 4.65882e-05
 4.95579e-05
 5.26361e-05
 5.58181e-05
 5.90986e-05
 6.24718e-05
 6.59311e-05
 6.94697e-05
 7.30805e-05
 7.67561e-05
 8.04890e-05
 8.42721e-05
 8.80990e-05
 9.19658e-05
 9.58767e-05
 9.98600e-05
 1.04002e-04
 1.08555e-04
 1.14188e-04
 1.22314e-04
 1.36402e-04
 1.68609e-04
 2.37425e-04
 3.47684e-04
 4.54650e-04
 4.88772e-04
 3.29541e-04
 7.41496e-04
 1.15550e-03
 5.03335e-04
 2.19977e-06
 5.45063e-06
 6.74139e-06
 7.49447e-06
 8.76045e-06
 9.02742e-06
 8.92199e-06
 1.13745e-05
 1.36821e-05
 1.51371e-05
 1.71625e-05
 1.89420e-05
 2.09454e-05
 2.30500e-05
 2.53018e-05
 2.77040e-05
 3.02629e-05
 3.30088e-05
 3.59332e-05
 3.90518e-05
 4.23661e-05
 4.58854e-05
 4.96148e-05
 5.35607e-05
 5.77280e-05
 6.21210e-05
 6.67428e-05
 7.15952e-05
 7.66784e-05
 8.19914e-05
 8.75315e-05
 9.32945e-05
 9.92746e-05
 1.05465e-04
 1.11856e-04
 1.18438e-04
 1.25200e-04
 1.32129e-04
 1.39212e-04
 1.46435e-04
 1.53784e-04
 1.61245e-04
 1.68804e-04
 1.76449e-04
 1.84171e-04
 1.91981e-04
 1.99934e-04
 2.08202e-04
 2.17292e-04
 2.28535e-04
 2.44757e-04
 2.72865e-04
 3.37052e-04
 4.74324e-04
 6.94742e-04
 9.09280e-04
 9.78558e-04
 6.59451e-04
 1.47987e-03
 2.28882e-03
 9.87227e-04
 3.38249e-06
 6.74139e-06
 6.78333e-06
 6.93607e-06
 7.96285e-06
 8.43335e-06
 8.04565e-06
 9.99132e-06
 1.19115e-05
 1.32558e-05
 1.51821e-05
 1.68759e-05
 1.89678e-05
 2.11639e-05
 2.35697e-05
 2.61430e-05
 2.88870e-05
 3.18068e-05
 3.49040e-05
 3.81862e-05
 4.16589e-05
 4.53284e-05
 4.92005e-05
 5.32802e-05
 5.75724e-05
 6.20808e-05
 6.68083e-05
 7.17563e-05
 7.69253e-05
 8.23139e-05
 8.79196e-05
 9.37383e-05
 9.97645e-05
 1.05991e-04
 1.12410e-04
 1.19011e-04
 1.25784e-04
 1.32716e-04
 1.39796e-04
 1.47011e-04
 1.54346e-04
 1.61789e-04
 1.69326e-04
 1.76945e-04
 1.84640e-04
 1.92420e-04
 2.00341e-04
 2.08574e-04
 2.17622e-04
 2.28807e-04
 2.44942e-04
 2.72851e-04
 3.36348e-04
 4.72500e-04
 6.92589e-04
 9.09112e-04
 9.81401e-04
 6.62853e-04
 1.47924e-03
 2.28440e-03
 9.84782e-04
 3.88316e-06
 7.49447e-06
 6.93607e-06
 6.61689e-06
 7.32667e-06
 8.01557e-06
 8.45228e-06
 1.02499e-05
 1.19453e-05
 1.36111e-05
 1.55989e-05
 1.74946e-05
 1.97342e-05
 2.20258e-05
 2.45183e-05
 2.71334e-05
 2.99202e-05
 3.28639e-05
 3.59841e-05
 3.92835e-05
 4.27723e-05
 4.64559e-05
 5.03405e-05
 5.44313e-05
 5.87324e-05
 6.32472e-05
 6.79782e-05
 7.29265e-05
 7.80921e-05
 8.34738e-05
 8.90689e-05
 9.48731e-05
 1.00881e-04
 1.07085e-04
 1.13478e-04
 1.20049e-04
 1.26789e-04
 1.33685e-04
 1.40725e-04
 1.47898e-04
 1.55189e-04
 1.62586e-04
 1.70076e-04
 1.77648e-04
 1.85294e-04
 1.93025e-04
 2.00895e-04
 2.09075e-04
 2.18058e-04
 2.29154e-04
 2.45150e-04
 2.72736e-04
 3.35099e-04
 4.69353e-04
 6.88825e-04
 9.08831e-04
 9.86209e-04
 6.70794e-04
 1.47689e-03
 2.29722e-03
 1.00449e-03
 4.48988e-06
 8.76045e-06
 7.96285e-06
 7.32667e-06
 7.63391e-06
 8.10864e-06
 8.93373e-06
 1.05284e-05
 1.22576e-05
 1.41996e-05
 1.62926e-05
 1.84891e-05
 2.08507e-05
 2.32956e-05
 2.58848e-05
 2.85922e-05
 3.14518e-05
 3.44618e-05
 3.76400e-05
 4.09906e-05
 4.45228e-05
 4.82422e-05
 5.21551e-05
 5.62666e-05
 6.05808e-05
 6.51013e-05
 6.98306e-05
 7.47700e-05
 7.99196e-05
 8.52785e-05
 9.08442e-05
 9.66129e-05
 1.02580e-04
 1.08738e-04
 1.15080e-04
 1.21596e-04
 1.28277e-04
 1.35111e-04
 1.42088e-04
 1.49194e-04
 1.56418e-04
 1.63746e-04
 1.71167e-04
 1.78670e-04
 1.86247e-04
 1.93909e-04
 2.01709e-04
 2.09815e-04
 2.18710e-04
 2.29684e-04
 2.45490e-04
 2.72643e-04
 3.33465e-04
 4.65060e-04
 6.83479e-04
 9.08270e-04
 9.93039e-04
 6.81244e-04
 1.46980e-03
 2.28720e-03
 1.00710e-03
 4.64927e-06
 9.02742e-06
 8.43335e-06
 8.01557e-06
 8.10864e-06
 8.59515e-06
 9.55552e-06
 1.11115e-05
 1.30019e-05
 1.50668e-05
 1.72515e-05
 1.95742e-05
 2.20169e-05
 2.45775e-05
 2.72707e-05
 3.00893e-05
 3.30525e-05
 3.61599e-05
 3.94264e-05
 4.28562e-05
 4.64582e-05
 5.02375e-05
 5.42002e-05
 5.83511e-05
 6.26947e-05
 6.72346e-05
 7.19735e-05
 7.69129e-05
 8.20532e-05
 8.73938e-05
 9.29327e-05
 9.86665e-05
 1.04591e-04
 1.10700e-04
 1.16986e-04
 1.23440e-04
 1.30055e-04
 1.36819e-04
 1.43722e-04
 1.50752e-04
 1.57897e-04
 1.65146e-04
 1.72486e-04
 1.79907e-04
 1.87404e-04
 1.94985e-04
 2.02703e-04
 2.10722e-04
 2.19512e-04
 2.30338e-04
 2.45908e-04
 2.72528e-04
 3.31439e-04
 4.59593e-04
 6.76316e-04
 9.07077e-04
 1.00158e-03
 6.94108e-04
 1.46439e-03
 2.27998e-03
 1.01189e-03
 4.93497e-06
 8.92199e-06
 8.04565e-06
 8.45228e-06
 8.93373e-06
 9.55552e-06
 1.08148e-05
 1.24962e-05
 1.44353e-05
 1.65877e-05
 1.88764e-05
 2.12943e-05
 2.38331e-05
 2.64934e-05
 2.92787e-05
 3.21928e-05
 3.52426e-05
 3.84330e-05
 4.17707e-05
 4.52641e-05
 4.89198e-05
 5.27439e-05
 5.67413e-05
 6.09171e-05
 6.52756e-05
 6.98205e-05
 7.45545e-05
 7.94794e-05
 8.45961e-05
 8.99040e-05
 9.54018e-05
 1.01087e-04
 1.06954e-04
 1.13000e-04
 1.19216e-04
 1.25595e-04
 1.32130e-04
 1.38809e-04
 1.45625e-04
 1.52564e-04
 1.59618e-04
 1.66773e-04
 1.74020e-04
 1.81348e-04
 1.88752e-04
 1.96239e-04
 2.03863e-04
 2.11781e-04
 2.20449e-04
 2.31101e-04
 2.46394e-04
 2.72389e-04
 3.29072e-04
 4.53016e-04
 6.67206e-04
 9.05160e-04
 1.01191e-03
 7.10964e-04
 1.45675e-03
 2.27330e-03
 1.02207e-03
 6.37253e-06
 1.13745e-05
 9.99132e-06
 1.02499e-05
 1.05284e-05
 1.11115e-05
 1.24962e-05
 1.42300e-05
 1.62099e-05
 1.84086e-05
 2.07625e-05
 2.32632e-05
 2.59016e-05
 2.86671e-05
 3.15630e-05
 3.45861e-05
 3.77404e-05
 4.10284e-05
 4.44543e-05
 4.80230e-05
 5.17422e-05
 5.56174e-05
 5.96540e-05
 6.38565e-05
 6.82295e-05
 7.27766e-05
 7.75011e-05
 8.24054e-05
 8.74906e-05
 9.27569e-05
 9.82036e-05
 1.03828e-04
 1.09628e-04
 1.15598e-04
 1.21731e-04
 1.28023e-04
 1.34465e-04
 1.41048e-04
 1.47763e-04
 1.54600e-04
 1.61549e-04
 1.68600e-04
 1.75741e-04
 1.82964e-04
 1.90263e-04
 1.97648e-04
 2.05165e-04
 2.12971e-04
 2.21502e-04
 2.31957e-04
 2.46933e-04
 2.72226e-04
 3.26433e-04
 4.45434e-04
 6.56094e-04
 9.02223e-04
 1.02390e-03
 7.32132e-04
 1.44713e-03
 2.26406e-03
 1.03453e-03
 7.64838e-06
 1.36821e-05
 1.19115e-05
 1.19453e-05
 1.22576e-05
 1.30019e-05
 1.44353e-05
 1.62099e-05
 1.82517e-05
 2.05100e-05
 2.29470e-05
 2.55423e-05
 2.82855e-05
 3.11633e-05
 3.41718e-05
 3.73065e-05
 4.05666e-05
 4.39529e-05
 4.74678e-05
 5.11139e-05
 5.48965e-05
 5.88223e-05
 6.28961e-05
 6.71229e-05
 7.15068e-05
 7.60520e-05
 8.07619e-05
 8.56394e-05
 9.06863e-05
 9.59033e-05
 1.01290e-04
 1.06846e-04
 1.12568e-04
 1.18452e-04
 1.24493e-04
 1.30687e-04
 1.37025e-04
 1.43500e-04
 1.50104e-04
 1.56828e-04
 1.63662e-04
 1.70597e-04
 1.77622e-04
 1.84731e-04
 1.91916e-04
 1.99187e-04
 2.06589e-04
 2.14273e-04
 2.22654e-04
 2.32890e-04
 2.47513e-04
 2.72041e-04
 3.23599e-04
 4.36996e-04
 6.42980e-04
 8.97759e-04
 1.03707e-03
 7.57735e-04
 1.43584e-03
 2.25292e-03
 1.04979e-03
 8.48054e-06
 1.51371e-05
 1.32558e-05
 1.36111e-05
 1.41996e-05
 1.50668e-05
 1.65877e-05
 1.84086e-05
 2.05100e-05
 2.28392e-05
 2.53660e-05
 2.80670e-05
 3.09260e-05
 3.39264e-05
 3.70577e-05
 4.03113e-05
 4.36835e-05
 4.71721e-05
 5.07778e-05
 5.45030e-05
 5.83502e-05
 6.23249e-05
 6.64335e-05
 7.06807e-05
 7.50711e-05
 7.96089e-05
 8.42982e-05
 8.91422e-05
 9.41434e-05
 9.93033e-05
 1.04623e-04
 1.10101e-04
 1.15735e-04
 1.21525e-04
 1.27464e-04
 1.33550e-04
 1.39775e-04
 1.46133e-04
 1.52617e-04
 1.59218e-04
 1.65927e-04
 1.72737e-04
 1.79639e-04
 1.86623e-04
 1.93686e-04
 2.00835e-04
 2.08114e-04
 2.15667e-04
 2.23887e-04
 2.33888e-04
 2.48125e-04
 2.71839e-04
 3.20653e-04
 4.27877e-04
 6.27891e-04
 8.91267e-04
 1.05089e-03
 7.88289e-04
 1.42265e-03
 2.23908e-03
 1.06791e-03
 9.52683e-06
 1.71625e-05
 1.51821e-05
 1.55989e-05
 1.62926e-05
 1.72515e-05
 1.88764e-05
 2.07625e-05
 2.29470e-05
 2.53660e-05
 2.79973e-05
 3.08140e-05
 3.37956e-05
 3.69230e-05
 4.01811e-05
 4.35571e-05
 4.70437e-05
 5.06366e-05
 5.43341e-05
 5.81377e-05
 6.20494e-05
 6.60729e-05
 7.02140e-05
 7.44787e-05
 7.88718e-05
 8.33979e-05
 8.80614e-05
 9.28663e-05
 9.78156e-05
 1.02912e-04
 1.08156e-04
 1.13549e-04
 1.19090e-04
 1.24777e-04
 1.30607e-04
 1.36576e-04
 1.42680e-04
 1.48913e-04
 1.55269e-04
 1.61739e-04
 1.68317e-04
 1.74995e-04
 1.81764e-04
 1.88618e-04
 1.95553e-04
 2.02574e-04
 2.09723e-04
 2.17136e-04
 2.25188e-04
 2.34937e-04
 2.48761e-04
 2.71625e-04
 3.17670e-04
 4.18280e-04
 6.10941e-04
 8.82237e-04
 1.06472e-03
 8.24375e-04
 1.40768e-03
 2.22321e-03
 1.09017e-03
 1.04453e-05
 1.89420e-05
 1.68759e-05
 1.74946e-05
 1.84891e-05
 1.95742e-05
 2.12943e-05
 2.32632e-05
 2.55423e-05
 2.80670e-05
 3.08140e-05
 3.37563e-05
 3.68676e-05
 4.01262e-05
 4.35132e-05
 4.70129e-05
 5.06141e-05
 5.43106e-05
 5.80988e-05
 6.19785e-05
 6.59520e-05
 7.00219e-05
 7.41928e-05
 7.84712e-05
 8.28629e-05
 8.73726e-05
 9.20056e-05
 9.67661e-05
 1.01658e-04
 1.06685e-04
 1.11849e-04
 1.17151e-04
 1.22591e-04
 1.28169e-04
 1.33883e-04
 1.39731e-04
 1.45708e-04
 1.51809e-04
 1.58030e-04
 1.64364e-04
 1.70805e-04
 1.77344e-04
 1.83977e-04
 1.90695e-04
 1.97495e-04
 2.04382e-04
 2.11397e-04
 2.18666e-04
 2.26543e-04
 2.36029e-04
 2.49416e-04
 2.71404e-04
 3.14715e-04
 4.08426e-04
 5.92355e-04
 8.70107e-04
 1.07774e-03
 8.66499e-04
 1.39092e-03
 2.20433e-03
 1.11630e-03
 1.14342e-05
 2.09454e-05
 1.89678e-05
 1.97342e-05
 2.08507e-05
 2.20169e-05
 2.38331e-05
 2.59016e-05
 2.82855e-05
 3.09260e-05
 3.37956e-05
 3.68676e-05
 4.01118e-05
 4.35028e-05
 4.70186e-05
 5.06410e-05
 5.43556e-05
 5.81535e-05
 6.20300e-05
 6.59833e-05
 7.00148e-05
 7.41275e-05
 7.83253e-05
 8.26139e-05
 8.69998e-05
 9.14891e-05
 9.60869e-05
 1.00799e-04
 1.05629e-04
 1.10582e-04
 1.15660e-04
 1.20866e-04
 1.26201e-04
 1.31666e-04
 1.37260e-04
 1.42980e-04
 1.48826e-04
 1.54791e-04
 1.60873e-04
 1.67066e-04
 1.73364e-04
 1.79762e-04
 1.86253e-04
 1.92831e-04
 1.99493e-04
 2.06245e-04
 2.13120e-04
 2.20242e-04
 2.27939e-04
 2.37154e-04
 2.50083e-04
 2.71180e-04
 3.11840e-04
 3.98548e-04
 5.72286e-04
 8.54301e-04
 1.08909e-03
 9.15018e-04
 1.37271e-03
 2.18266e-03
 1.14685e-03
 1.24464e-05
 2.30500e-05
 2.11639e-05
 2.20258e-05
 2.32956e-05
 2.45775e-05
 2.64934e-05
 2.86671e-05
 3.11633e-05
 3.39264e-05
 3.69230e-05
 4.01262e-05
 4.35028e-05
 4.70250e-05
 5.06672e-05
 5.44088e-05
 5.82334e-05
 6.21289e-05
 6.60895e-05
 7.01124e-05
 7.41977e-05
 7.83486e-05
 8.25691e-05
 8.68642e-05
 9.12406e-05
 9.57051e-05
 1.00264e-04
 1.04923e-04
 1.09687e-04
 1.14562e-04
 1.19552e-04
 1.24658e-04
 1.29885e-04
 1.35233e-04
 1.40703e-04
 1.46294e-04
 1.52004e-04
 1.57831e-04
 1.63771e-04
 1.69820e-04
 1.75973e-04
 1.82226e-04
 1.88573e-04
 1.95009e-04
 2.01531e-04
 2.08144e-04
 2.14880e-04
 2.21851e-04
 2.29366e-04
 2.38304e-04
 2.50761e-04
 2.70956e-04
 3.09082e-04
 3.88880e-04
 5.50887e-04
 8.34234e-04
 1.09779e-03
 9.70022e-04
 1.35366e-03
 2.15870e-03
 1.18226e-03
 1.35253e-05
 2.53018e-05
 2.35697e-05
 2.45183e-05
 2.58848e-05
 2.72707e-05
 2.92787e-05
 3.15630e-05
 3.41718e-05
 3.70577e-05
 4.01811e-05
 4.35132e-05
 4.70186e-05
 5.06672e-05
 5.44311e-05
 5.82866e-05
 6.22156e-05
 6.62039e-05
 7.02432e-05
 7.43303e-05
 7.84645e-05
 8.26484e-05
 8.68864e-05
 9.11839e-05
 9.55470e-05
 9.99829e-05
 1.04499e-04
 1.09102e-04
 1.13797e-04
 1.18591e-04
 1.23489e-04
 1.28494e-04
 1.33610e-04
 1.38839e-04
 1.44183e-04
 1.49642e-04
 1.55216e-04
 1.60902e-04
 1.66699e-04
 1.72603e-04
 1.78610e-04
 1.84717e-04
 1.90920e-04
 1.97212e-04
 2.03593e-04
 2.10067e-04
 2.16662e-04
 2.23482e-04
 2.30814e-04
 2.39472e-04
 2.51446e-04
 2.70734e-04
 3.06460e-04
 3.79639e-04
 5.28575e-04
 8.09380e-04
 1.10250e-03
 1.03100e-03
 1.33461e-03
 2.13271e-03
 1.22202e-03
 1.46513e-05
 2.77040e-05
 2.61430e-05
 2.71334e-05
 2.85922e-05
 3.00893e-05
 3.21928e-05
 3.45861e-05
 3.73065e-05
 4.03113e-05
 4.35571e-05
 4.70129e-05
 5.06410e-05
 5.44088e-05
 5.82866e-05
 6.22486e-05
 6.62746e-05
 7.03487e-05
 7.44604e-05
 7.86053e-05
 8.27825e-05
 8.69940e-05
 9.12443e-05
 9.55391e-05
 9.98849e-05
 1.04289e-04
 1.08759e-04
 1.13302e-04
 1.17926e-04
 1.22637e-04
 1.27441e-04
 1.32343e-04
 1.37347e-04
 1.42456e-04
 1.47674e-04
 1.53000e-04
 1.58437e-04
 1.63983e-04
 1.69636e-04
 1.75395e-04
 1.81257e-04
 1.87218e-04
 1.93275e-04
 1.99425e-04
 2.05666e-04
 2.12000e-04
 2.18455e-04
 2.25126e-04
 2.32276e-04
 2.40655e-04
 2.52138e-04
 2.70518e-04
 3.03985e-04
 3.71000e-04
 5.05940e-04
 7.79352e-04
 1.10162e-03
 1.09654e-03
 1.31698e-03
 2.10693e-03
 1.26632e-03
 1.58584e-05
 3.02629e-05
 2.88870e-05
 2.99202e-05
 3.14518e-05
 3.30525e-05
 3.52426e-05
 3.77404e-05
 4.05666e-05
 4.36835e-05
 4.70437e-05
 5.06141e-05
 5.43556e-05
 5.82334e-05
 6.22156e-05
 6.62746e-05
 7.03882e-05
 7.45393e-05
 7.87161e-05
 8.29117e-05
 8.71250e-05
 9.13580e-05
 9.56148e-05
 9.99016e-05
 1.04226e-04
 1.08594e-04
 1.13015e-04
 1.17496e-04
 1.22047e-04
 1.26673e-04
 1.31382e-04
 1.36180e-04
 1.41071e-04
 1.46061e-04
 1.51152e-04
 1.56347e-04
 1.61647e-04
 1.67053e-04
 1.72564e-04
 1.78179e-04
 1.83896e-04
 1.89713e-04
 1.95627e-04
 2.01636e-04
 2.07737e-04
 2.13934e-04
 2.20250e-04
 2.26772e-04
 2.33744e-04
 2.41847e-04
 2.52838e-04
 2.70310e-04
 3.01661e-04
 3.63068e-04
 4.83689e-04
 7.44006e-04
 1.09338e-03
 1.16390e-03
 1.30273e-03
 2.08391e-03
 1.31406e-03
 1.71552e-05
 3.30088e-05
 3.18068e-05
 3.28639e-05
 3.44618e-05
 3.61599e-05
 3.84330e-05
 4.10284e-05
 4.39529e-05
 4.71721e-05
 5.06366e-05
 5.43106e-05
 5.81535e-05
 6.21289e-05
 6.62039e-05
 7.03487e-05
 7.45393e-05
 7.87572e-05
 8.29894e-05
 8.72279e-05
 9.14702e-05
 9.57179e-05
 9.99753e-05
 1.04249e-04
 1.08546e-04
 1.12875e-04
 1.17244e-04
 1.21661e-04
 1.26136e-04
 1.30676e-04
 1.35290e-04
 1.39983e-04
 1.44763e-04
 1.49634e-04
 1.54600e-04
 1.59664e-04
 1.64830e-04
 1.70097e-04
 1.75468e-04
 1.80941e-04
 1.86516e-04
 1.92190e-04
 1.97963e-04
 2.03832e-04
 2.09796e-04
 2.15859e-04
 2.22040e-04
 2.28416e-04
 2.35212e-04
 2.43045e-04
 2.53546e-04
 2.70114e-04
 2.99486e-04
 3.55868e-04
 4.62600e-04
 7.03569e-04
 1.07605e-03
 1.22879e-03
 1.29472e-03
 2.06782e-03
 1.36341e-03
 1.85440e-05
 3.59332e-05
 3.49040e-05
 3.59841e-05
 3.76400e-05
 3.94264e-05
 4.17707e-05
 4.44543e-05
 4.74678e-05
 5.07778e-05
 5.43341e-05
 5.80988e-05
 6.20300e-05
 6.60895e-05
 7.02432e-05
 7.44604e-05
 7.87161e-05
 8.29894e-05
 8.72664e-05
 9.15385e-05
 9.58016e-05
 1.00057e-04
 1.04309e-04
 1.08563e-04
 1.12829e-04
 1.17114e-04
 1.21427e-04
 1.25778e-04
 1.30176e-04
 1.34630e-04
 1.39148e-04
 1.43737e-04
 1.48406e-04
 1.53158e-04
 1.58001e-04
 1.62937e-04
 1.67970e-04
 1.73102e-04
 1.78335e-04
 1.83669e-04
 1.89104e-04
 1.94639e-04
 2.00274e-04
 2.06007e-04
 2.11837e-04
 2.17768e-04
 2.23817e-04
 2.30052e-04
 2.36677e-04
 2.44248e-04
 2.54266e-04
 2.69935e-04
 2.97451e-04
 3.49347e-04
 4.43444e-04
 6.58982e-04
 1.04816e-03
 1.28557e-03
 1.29632e-03
 2.06276e-03
 1.41114e-03
 2.00310e-05
 3.90518e-05
 3.81862e-05
 3.92835e-05
 4.09906e-05
 4.28562e-05
 4.52641e-05
 4.80230e-05
 5.11139e-05
 5.45030e-05
 5.81377e-05
 6.19785e-05
 6.59833e-05
 7.01124e-05
 7.43303e-05
 7.86053e-05
 8.29117e-05
 8.72279e-05
 9.15385e-05
 9.58336e-05
 1.00109e-04
 1.04364e-04
 1.08603e-04
 1.12833e-04
 1.17062e-04
 1.21299e-04
 1.25554e-04
 1.29836e-04
 1.34156e-04
 1.38522e-04
 1.42944e-04
 1.47430e-04
 1.51988e-04
 1.56624e-04
 1.61345e-04
 1.66155e-04
 1.71058e-04
 1.76058e-04
 1.81156e-04
 1.86354e-04
 1.91652e-04
 1.97052e-04
 2.02552e-04
 2.08152e-04
 2.13852e-04
 2.19655e-04
 2.25577e-04
 2.31675e-04
 2.38135e-04
 2.45454e-04
 2.55001e-04
 2.69781e-04
 2.95532e-04
 3.43410e-04
 4.26769e-04
 6.13596e-04
 1.00889e-03
 1.32776e-03
 1.31081e-03
 2.07226e-03
 1.45452e-03
 2.16192e-05
 4.23661e-05
 4.16589e-05
 4.27723e-05
 4.45228e-05
 4.64582e-05
 4.89198e-05
 5.17422e-05
 5.48965e-05
 5.83502e-05
 6.20494e-05
 6.59520e-05
 7.00148e-05
 7.41977e-05
 7.84645e-05
 8.27825e-05
 8.71250e-05
 9.14702e-05
 9.58016e-05
 1.00109e-04
 1.04386e-04
 1.08633e-04
 1.12852e-04
 1.17051e-04
 1.21239e-04
 1.25424e-04
 1.29616e-04
 1.33827e-04
 1.38066e-04
 1.42343e-04
 1.46670e-04
 1.51053e-04
 1.55501e-04
 1.60023e-04
 1.64624e-04
 1.69311e-04
 1.74087e-04
 1.78957e-04
 1.83924e-04
 1.88990e-04
 1.94156e-04
 1.99424e-04
 2.04794e-04
 2.10265e-04
 2.15839e-04
 2.21518e-04
 2.27316e-04
 2.33283e-04
 2.39584e-04
 2.46663e-04
 2.55755e-04
 2.69659e-04
 2.93714e-04
 3.37960e-04
 4.12689e-04
 5.71010e-04
 9.58306e-04
 1.35142e-03
 1.34132e-03
 2.09732e-03
 1.49082e-03
 2.33129e-05
 4.58854e-05
 4.53284e-05
 4.64559e-05
 4.82422e-05
 5.02375e-05
 5.27439e-05
 5.56174e-05
 5.88223e-05
 6.23249e-05
 6.60729e-05
 7.00219e-05
 7.41275e-05
 7.83486e-05
 8.26484e-05
 8.69940e-05
 9.13580e-05
 9.57179e-05
 1.00057e-04
 1.04364e-04
 1.08633e-04
 1.12861e-04
 1.17054e-04
 1.21215e-04
 1.25356e-04
 1.29484e-04
 1.33611e-04
 1.37747e-04
 1.41904e-04
 1.46093e-04
 1.50322e-04
 1.54603e-04
 1.58943e-04
 1.63352e-04
 1.67836e-04
 1.72401e-04
 1.77054e-04
 1.81798e-04
 1.86637e-04
 1.91575e-04
 1.96613e-04
 2.01753e-04
 2.06996e-04
 2.12342e-04
 2.17795e-04
 2.23355e-04
 2.29034e-04
 2.34875e-04
 2.41025e-04
 2.47877e-04
 2.56532e-04
 2.69581e-04
 2.92002e-04
 3.32911e-04
 4.00930e-04
 5.32234e-04
 8.97136e-04
 1.35649e-03
 1.39049e-03
 2.13641e-03
 1.51631e-03
 2.51157e-05
 4.96148e-05
 4.92005e-05
 5.03405e-05
 5.21551e-05
 5.42002e-05
 5.67413e-05
 5.96540e-05
 6.28961e-05
 6.64335e-05
 7.02140e-05
 7.41928e-05
 7.83253e-05
 8.25691e-05
 8.68864e-05
 9.12443e-05
 9.56148e-05
 9.99753e-05
 1.04309e-04
 1.08603e-04
 1.12852e-04
 1.17054e-04
 1.21210e-04
 1.25327e-04
 1.29415e-04
 1.33482e-04
 1.37539e-04
 1.41599e-04
 1.45672e-04
 1.49769e-04
 1.53902e-04
 1.58080e-04
 1.62314e-04
 1.66611e-04
 1.70979e-04
 1.75426e-04
 1.79958e-04
 1.84579e-04
 1.89294e-04
 1.94107e-04
 1.99020e-04
 2.04037e-04
 2.09157e-04
 2.14384e-04
 2.19719e-04
 2.25165e-04
 2.30730e-04
 2.36453e-04
 2.42458e-04
 2.49097e-04
 2.57339e-04
 2.69558e-04
 2.90401e-04
 3.28203e-04
 3.90894e-04
 4.98167e-04
 8.26998e-04
 1.34295e-03
 1.45938e-03
 2.18907e-03
 1.52925e-03
 2.70307e-05
 5.35607e-05
 5.32802e-05
 5.44313e-05
 5.62666e-05
 5.83511e-05
 6.09171e-05
 6.38565e-05
 6.71229e-05
 7.06807e-05
 7.44787e-05
 7.84712e-05
 8.26139e-05
 8.68642e-05
 9.11839e-05
 9.55391e-05
 9.99016e-05
 1.04249e-04
 1.08563e-04
 1.12833e-04
 1.17051e-04
 1.21215e-04
 1.25327e-04
 1.29393e-04
 1.33421e-04
 1.37422e-04
 1.41406e-04
 1.45386e-04
 1.49373e-04
 1.53378e-04
 1.57413e-04
 1.61489e-04
 1.65616e-04
 1.69802e-04
 1.74057e-04
 1.78388e-04
 1.82801e-04
 1.87302e-04
 1.91896e-04
 1.96589e-04
 2.01382e-04
 2.06278e-04
 2.11280e-04
 2.16392e-04
 2.21614e-04
 2.26949e-04
 2.32406e-04
 2.38016e-04
 2.43887e-04
 2.50325e-04
 2.58178e-04
 2.69601e-04
 2.88922e-04
 3.23803e-04
 3.82065e-04
 4.70310e-04
 7.50297e-04
 1.30941e-03
 1.54470e-03
 2.25509e-03
 1.53092e-03
 2.90608e-05
 5.77280e-05
 5.75724e-05
 5.87324e-05
 6.05808e-05
 6.26947e-05
 6.52756e-05
 6.82295e-05
 7.15068e-05
 7.50711e-05
 7.88718e-05
 8.28629e-05
 8.69998e-05
 9.12406e-05
 9.55470e-05
 9.98849e-05
 1.04226e-04
 1.08546e-04
 1.12829e-04
 1.17062e-04
 1.21239e-04
 1.25356e-04
 1.29415e-04
 1.33421e-04
 1.37384e-04
 1.41312e-04
 1.45219e-04
 1.49116e-04
 1.53014e-04
 1.56925e-04
 1.60862e-04
 1.64835e-04
 1.68856e-04
 1.72932e-04
 1.77075e-04
 1.81292e-04
 1.85588e-04
 1.89972e-04
 1.94449e-04
 1.99024e-04
 2.03700e-04
 2.08480e-04
 2.13368e-04
 2.18369e-04
 2.23482e-04
 2.28711e-04
 2.34064e-04
 2.39569e-04
 2.45313e-04
 2.51565e-04
 2.59056e-04
 2.69723e-04
 2.87578e-04
 3.19705e-04
 3.74163e-04
 4.49466e-04
 6.70444e-04
 1.25386e-03
 1.64087e-03
 2.33541e-03
 1.52349e-03
 3.12080e-05
 6.21210e-05
 6.20808e-05
 6.32472e-05
 6.51013e-05
 6.72346e-05
 6.98205e-05
 7.27766e-05
 7.60520e-05
 7.96089e-05
 8.33979e-05
 8.73726e-05
 9.14891e-05
 9.57051e-05
 9.99829e-05
 1.04289e-04
 1.08594e-04
 1.12875e-04
 1.17114e-04
 1.21299e-04
 1.25424e-04
 1.29484e-04
 1.33482e-04
 1.37422e-04
 1.41312e-04
 1.45164e-04
 1.48989e-04
 1.52798e-04
 1.56605e-04
 1.60421e-04
 1.64258e-04
 1.68128e-04
 1.72041e-04
 1.76009e-04
 1.80041e-04
 1.84145e-04
 1.88327e-04
 1.92596e-04
 1.96959e-04
 2.01419e-04
 2.05980e-04
 2.10648e-04
 2.15427e-04
 2.20320e-04
 2.25329e-04
 2.30456e-04
 2.35711e-04
 2.41116e-04
 2.46742e-04
 2.52819e-04
 2.59979e-04
 2.69937e-04
 2.86383e-04
 3.15910e-04
 3.66903e-04
 4.34627e-04
 5.96238e-04
 1.17964e-03
 1.73791e-03
 2.42749e-03
 1.50820e-03
 3.34740e-05
 6.67428e-05
 6.68083e-05
 6.79782e-05
 6.98306e-05
 7.19735e-05
 7.45545e-05
 7.75011e-05
 8.07619e-05
 8.42982e-05
 8.80614e-05
 9.20056e-05
 9.60869e-05
 1.00264e-04
 1.04499e-04
 1.08759e-04
 1.13015e-04
 1.17244e-04
 1.21427e-04
 1.25554e-04
 1.29616e-04
 1.33611e-04
 1.37539e-04
 1.41406e-04
 1.45219e-04
 1.48989e-04
 1.52727e-04
 1.56445e-04
 1.60157e-04
 1.63876e-04
 1.67612e-04
 1.71377e-04
 1.75184e-04
 1.79044e-04
 1.82965e-04
 1.86956e-04
 1.91026e-04
 1.95183e-04
 1.99433e-04
 2.03780e-04
 2.08231e-04
 2.12790e-04
 2.17464e-04
 2.22252e-04
 2.27158e-04
 2.32189e-04
 2.37351e-04
 2.42662e-04
 2.48179e-04
 2.54094e-04
 2.60953e-04
 2.70254e-04
 2.85355e-04
 3.12399e-04
 3.60004e-04
 4.23372e-04
 5.37115e-04
 1.09086e-03
 1.82535e-03
 2.52990e-03
 1.48660e-03
 3.58595e-05
 7.15952e-05
 7.17563e-05
 7.29265e-05
 7.47700e-05
 7.69129e-05
 7.94794e-05
 8.24054e-05
 8.56394e-05
 8.91422e-05
 9.28663e-05
 9.67661e-05
 1.00799e-04
 1.04923e-04
 1.09102e-04
 1.13302e-04
 1.17496e-04
 1.21661e-04
 1.25778e-04
 1.29836e-04
 1.33827e-04
 1.37747e-04
 1.41599e-04
 1.45386e-04
 1.49116e-04
 1.52798e-04
 1.56445e-04
 1.60070e-04
 1.63685e-04
 1.67302e-04
 1.70935e-04
 1.74595e-04
 1.78296e-04
 1.82046e-04
 1.85857e-04
 1.89737e-04
 1.93696e-04
 1.97743e-04
 2.01881e-04
 2.06118e-04
 2.10461e-04
 2.14916e-04
 2.19485e-04
 2.24172e-04
 2.28980e-04
 2.33918e-04
 2.38992e-04
 2.44214e-04
 2.49627e-04
 2.55394e-04
 2.61985e-04
 2.70686e-04
 2.84511e-04
 3.09156e-04
 3.53267e-04
 4.14077e-04
 4.95217e-04
 9.83930e-04
 1.89967e-03
 2.64798e-03
 1.46038e-03
 3.83647e-05
 7.66784e-05
 7.69253e-05
 7.80921e-05
 7.99196e-05
 8.20532e-05
 8.45961e-05
 8.74906e-05
 9.06863e-05
 9.41434e-05
 9.78156e-05
 1.01658e-04
 1.05629e-04
 1.09687e-04
 1.13797e-04
 1.17926e-04
 1.22047e-04
 1.26136e-04
 1.30176e-04
 1.34156e-04
 1.38066e-04
 1.41904e-04
 1.45672e-04
 1.49373e-04
 1.53014e-04
 1.56605e-04
 1.60157e-04
 1.63685e-04
 1.67199e-04
 1.70714e-04
 1.74242e-04
 1.77797e-04
 1.81389e-04
 1.85029e-04
 1.88730e-04
 1.92500e-04
 1.96350e-04
 2.00286e-04
 2.04314e-04
 2.08444e-04
 2.12682e-04
 2.17033e-04
 2.21501e-04
 2.26088e-04
 2.30803e-04
 2.35653e-04
 2.40643e-04
 2.45778e-04
 2.51095e-04
 2.56730e-04
 2.63084e-04
 2.71244e-04
 2.83870e-04
 3.06198e-04
 3.46683e-04
 4.05952e-04
 4.70015e-04
 8.57202e-04
 1.95749e-03
 2.78468e-03
 1.43396e-03
 4.09890e-05
 8.19914e-05
 8.23139e-05
 8.34738e-05
 8.52785e-05
 8.73938e-05
 8.99040e-05
 9.27569e-05
 9.59033e-05
 9.93033e-05
 1.02912e-04
 1.06685e-04
 1.10582e-04
 1.14562e-04
 1.18591e-04
 1.22637e-04
 1.26673e-04
 1.30676e-04
 1.34630e-04
 1.38522e-04
 1.42343e-04
 1.46093e-04
 1.49769e-04
 1.53378e-04
 1.56925e-04
 1.60421e-04
 1.63876e-04
 1.67302e-04
 1.70714e-04
 1.74124e-04
 1.77547e-04
 1.80993e-04
 1.84476e-04
 1.88007e-04
 1.91597e-04
 1.95259e-04
 1.98998e-04
 2.02824e-04
 2.06744e-04
 2.10769e-04
 2.14904e-04
 2.19153e-04
 2.23520e-04
 2.28012e-04
 2.32638e-04
 2.37404e-04
 2.42310e-04
 2.47362e-04
 2.52589e-04
 2.58109e-04
 2.64258e-04
 2.71935e-04
 2.83446e-04
 3.03554e-04
 3.40360e-04
 3.98237e-04
 4.57855e-04
 7.25123e-04
 1.99443e-03
 2.92716e-03
 1.41615e-03
 4.37309e-05
 8.75315e-05
 8.79196e-05
 8.90689e-05
 9.08442e-05
 9.29327e-05
 9.54018e-05
 9.82036e-05
 1.01290e-04
 1.04623e-04
 1.08156e-04
 1.11849e-04
 1.15660e-04
 1.19552e-04
 1.23489e-04
 1.27441e-04
 1.31382e-04
 1.35290e-04
 1.39148e-04
 1.42944e-04
 1.46670e-04
 1.50322e-04
 1.53902e-04
 1.57413e-04
 1.60862e-04
 1.64258e-04
 1.67612e-04
 1.70935e-04
 1.74242e-04
 1.77547e-04
 1.80861e-04
 1.84199e-04
 1.87571e-04
 1.90992e-04
 1.94474e-04
 1.98025e-04
 2.01654e-04
 2.05371e-04
 2.09186e-04
 2.13107e-04
 2.17140e-04
 2.21287e-04
 2.25555e-04
 2.29956e-04
 2.34497e-04
 2.39180e-04
 2.44003e-04
 2.48973e-04
 2.54121e-04
 2.59544e-04
 2.65516e-04
 2.72765e-04
 2.83252e-04
 3.01252e-04
 3.34440e-04
 3.90407e-04
 4.51828e-04
 6.11677e-04
 2.00967e-03
 3.05320e-03
 1.41577e-03
 4.65882e-05
 9.32945e-05
 9.37383e-05
 9.48731e-05
 9.66129e-05
 9.86665e-05
 1.01087e-04
 1.03828e-04
 1.06846e-04
 1.10101e-04
 1.13549e-04
 1.17151e-04
 1.20866e-04
 1.24658e-04
 1.28494e-04
 1.32343e-04
 1.36180e-04
 1.39983e-04
 1.43737e-04
 1.47430e-04
 1.51053e-04
 1.54603e-04
 1.58080e-04
 1.61489e-04
 1.64835e-04
 1.68128e-04
 1.71377e-04
 1.74595e-04
 1.77797e-04
 1.80993e-04
 1.84199e-04
 1.87426e-04
 1.90689e-04
 1.94001e-04
 1.97372e-04
 2.00812e-04
 2.04331e-04
 2.07941e-04
 2.11652e-04
 2.15470e-04
 2.19399e-04
 2.23445e-04
 2.27620e-04
 2.31934e-04
 2.36391e-04
 2.40990e-04
 2.45731e-04
 2.50624e-04
 2.55703e-04
 2.61047e-04
 2.66866e-04
 2.73738e-04
 2.83291e-04
 2.99315e-04
 3.29034e-04
 3.82180e-04
 4.47858e-04
 5.36063e-04
 2.00502e-03
 3.14468e-03
 1.43581e-03
 4.95579e-05
 9.92746e-05
 9.97645e-05
 1.00881e-04
 1.02580e-04
 1.04591e-04
 1.06954e-04
 1.09628e-04
 1.12568e-04
 1.15735e-04
 1.19090e-04
 1.22591e-04
 1.26201e-04
 1.29885e-04
 1.33610e-04
 1.37347e-04
 1.41071e-04
 1.44763e-04
 1.48406e-04
 1.51988e-04
 1.55501e-04
 1.58943e-04
 1.62314e-04
 1.65616e-04
 1.68856e-04
 1.72041e-04
 1.75184e-04
 1.78296e-04
 1.81389e-04
 1.84476e-04
 1.87571e-04
 1.90689e-04
 1.93843e-04
 1.97045e-04
 2.00304e-04
 2.03632e-04
 2.07043e-04
 2.10549e-04
 2.14156e-04
 2.17869e-04
 2.21694e-04
 2.25644e-04
 2.29729e-04
 2.33958e-04
 2.38331e-04
 2.42844e-04
 2.47504e-04
 2.52328e-04
 2.57350e-04
 2.62630e-04
 2.68316e-04
 2.74851e-04
 2.83563e-04
 2.97765e-04
 3.24195e-04
 3.73592e-04
 4.44234e-04
 5.06520e-04
 1.97885e-03
 3.19166e-03
 1.47791e-03
 5.26361e-05
 1.05465e-04
 1.05991e-04
 1.07085e-04
 1.08738e-04
 1.10700e-04
 1.13000e-04
 1.15598e-04
 1.18452e-04
 1.21525e-04
 1.24777e-04
 1.28169e-04
 1.31666e-04
 1.35233e-04
 1.38839e-04
 1.42456e-04
 1.46061e-04
 1.49634e-04
 1.53158e-04
 1.56624e-04
 1.60023e-04
 1.63352e-04
 1.66611e-04
 1.69802e-04
 1.72932e-04
 1.76009e-04
 1.79044e-04
 1.82046e-04
 1.85029e-04
 1.88007e-04
 1.90992e-04
 1.94001e-04
 1.97045e-04
 2.00134e-04
 2.03281e-04
 2.06502e-04
 2.09808e-04
 2.13208e-04
 2.16708e-04
 2.20316e-04
 2.24041e-04
 2.27899e-04
 2.31898e-04
 2.36041e-04
 2.40326e-04
 2.44753e-04
 2.49336e-04
 2.54101e-04
 2.59080e-04
 2.64305e-04
 2.69867e-04
 2.76096e-04
 2.84062e-04
 2.96629e-04
 3.19996e-04
 3.65132e-04
 4.39485e-04
 5.07679e-04
 1.92965e-03
 3.20968e-03
 1.54565e-03
 5.58181e-05
 1.11856e-04
 1.12410e-04
 1.13478e-04
 1.15080e-04
 1.16986e-04
 1.19216e-04
 1.21731e-04
 1.24493e-04
 1.27464e-04
 1.30607e-04
 1.33883e-04
 1.37260e-04
 1.40703e-04
 1.44183e-04
 1.47674e-04
 1.51152e-04
 1.54600e-04
 1.58001e-04
 1.61345e-04
 1.64624e-04
 1.67836e-04
 1.70979e-04
 1.74057e-04
 1.77075e-04
 1.80041e-04
 1.82965e-04
 1.85857e-04
 1.88730e-04
 1.91597e-04
 1.94474e-04
 1.97372e-04
 2.00304e-04
 2.03281e-04
 2.06320e-04
 2.09435e-04
 2.12636e-04
 2.15928e-04
 2.19321e-04
 2.22825e-04
 2.26456e-04
 2.30225e-04
 2.34138e-04
 2.38191e-04
 2.42384e-04
 2.46728e-04
 2.51245e-04
 2.55965e-04
 2.60906e-04
 2.66077e-04
 2.71515e-04
 2.77464e-04
 2.84787e-04
 2.95938e-04
 3.16551e-04
 3.57446e-04
 4.32907e-04
 5.18101e-04
 1.85560e-03
 3.22009e-03
 1.64204e-03
 5.90986e-05
 1.18438e-04
 1.19011e-04
 1.20049e-04
 1.21596e-04
 1.23440e-04
 1.25595e-04
 1.28023e-04
 1.30687e-04
 1.33550e-04
 1.36576e-04
 1.39731e-04
 1.42980e-04
 1.46294e-04
 1.49642e-04
 1.53000e-04
 1.56347e-04
 1.59664e-04
 1.62937e-04
 1.66155e-04
 1.69311e-04
 1.72401e-04
 1.75426e-04
 1.78388e-04
 1.81292e-04
 1.84145e-04
 1.86956e-04
 1.89737e-04
 1.92500e-04
 1.95259e-04
 1.98025e-04
 2.00812e-04
 2.03632e-04
 2.06502e-04
 2.09435e-04
 2.12444e-04
 2.15536e-04
 2.18720e-04
 2.22008e-04
 2.25415e-04
 2.28956e-04
 2.32637e-04
 2.36457e-04
 2.40416e-04
 2.44520e-04
 2.48789e-04
 2.53254e-04
 2.57938e-04
 2.62842e-04
 2.67946e-04
 2.73254e-04
 2.78946e-04
 2.85740e-04
 2.95732e-04
 3.13972e-04
 3.50953e-04
 4.24907e-04
 5.30557e-04
 1.75366e-03
 3.22872e-03
 1.76864e-03
 6.24718e-05
 1.25200e-04
 1.25784e-04
 1.26789e-04
 1.28277e-04
 1.30055e-04
 1.32130e-04
 1.34465e-04
 1.37025e-04
 1.39775e-04
 1.42680e-04
 1.45708e-04
 1.48826e-04
 1.52004e-04
 1.55216e-04
 1.58437e-04
 1.61647e-04
 1.64830e-04
 1.67970e-04
 1.71058e-04
 1.74087e-04
 1.77054e-04
 1.79958e-04
 1.82801e-04
 1.85588e-04
 1.88327e-04
 1.91026e-04
 1.93696e-04
 1.96350e-04
 1.98998e-04
 2.01654e-04
 2.04331e-04
 2.07043e-04
 2.09808e-04
 2.12636e-04
 2.15536e-04
 2.18519e-04
 2.21597e-04
 2.24786e-04
 2.28101e-04
 2.31553e-04
 2.35141e-04
 2.38864e-04
 2.42728e-04
 2.46749e-04
 2.50959e-04
 2.55384e-04
 2.60035e-04
 2.64889e-04
 2.69905e-04
 2.75072e-04
 2.80542e-04
 2.86941e-04
 2.96069e-04
 3.12386e-04
 3.45865e-04
 4.16626e-04
 5.42353e-04
 1.62548e-03
 3.23899e-03
 1.92353e-03
 6.59311e-05
 1.32129e-04
 1.32716e-04
 1.33685e-04
 1.35111e-04
 1.36819e-04
 1.38809e-04
 1.41048e-04
 1.43500e-04
 1.46133e-04
 1.48913e-04
 1.51809e-04
 1.54791e-04
 1.57831e-04
 1.60902e-04
 1.63983e-04
 1.67053e-04
 1.70097e-04
 1.73102e-04
 1.76058e-04
 1.78957e-04
 1.81798e-04
 1.84579e-04
 1.87302e-04
 1.89972e-04
 1.92596e-04
 1.95183e-04
 1.97743e-04
 2.00286e-04
 2.02824e-04
 2.05371e-04
 2.07941e-04
 2.10549e-04
 2.13208e-04
 2.15928e-04
 2.18720e-04
 2.21597e-04
 2.24575e-04
 2.27672e-04
 2.30898e-04
 2.34255e-04
 2.37744e-04
 2.41368e-04
 2.45143e-04
 2.49097e-04
 2.53263e-04
 2.57656e-04
 2.62263e-04
 2.67042e-04
 2.71943e-04
 2.76963e-04
 2.82267e-04
 2.88434e-04
 2.97026e-04
 3.11935e-04
 3.42444e-04
 4.09416e-04
 5.50769e-04
 1.47834e-03
 3.25386e-03
 2.09849e-03
 6.94697e-05
 1.39212e-04
 1.39796e-04
 1.40725e-04
 1.42088e-04
 1.43722e-04
 1.45625e-04
 1.47763e-04
 1.50104e-04
 1.52617e-04
 1.55269e-04
 1.58030e-04
 1.60873e-04
 1.63771e-04
 1.66699e-04
 1.69636e-04
 1.72564e-04
 1.75468e-04
 1.78335e-04
 1.81156e-04
 1.83924e-04
 1.86637e-04
 1.89294e-04
 1.91896e-04
 1.94449e-04
 1.96959e-04
 1.99433e-04
 2.01881e-04
 2.04314e-04
 2.06744e-04
 2.09186e-04
 2.11652e-04
 2.14156e-04
 2.16708e-04
 2.19321e-04
 2.22008e-04
 2.24786e-04
 2.27672e-04
 2.30679e-04
 2.33810e-04
 2.37067e-04
 2.40453e-04
 2.43983e-04
 2.47686e-04
 2.51592e-04
 2.55723e-04
 2.60077e-04
 2.64616e-04
 2.69287e-04
 2.74050e-04
 2.78940e-04
 2.84165e-04
 2.90294e-04
 2.98713e-04
 3.12798e-04
 3.41028e-04
 4.04315e-04
 5.54090e-04
 1.32973e-03
 3.27569e-03
 2.27584e-03
 7.30805e-05
 1.46435e-04
 1.47011e-04
 1.47898e-04
 1.49194e-04
 1.50752e-04
 1.52564e-04
 1.54600e-04
 1.56828e-04
 1.59218e-04
 1.61739e-04
 1.64364e-04
 1.67066e-04
 1.69820e-04
 1.72603e-04
 1.75395e-04
 1.78179e-04
 1.80941e-04
 1.83669e-04
 1.86354e-04
 1.88990e-04
 1.91575e-04
 1.94107e-04
 1.96589e-04
 1.99024e-04
 2.01419e-04
 2.03780e-04
 2.06118e-04
 2.08444e-04
 2.10769e-04
 2.13107e-04
 2.15470e-04
 2.17869e-04
 2.20316e-04
 2.22825e-04
 2.25415e-04
 2.28101e-04
 2.30898e-04
 2.33810e-04
 2.36840e-04
 2.39993e-04
 2.43283e-04
 2.46737e-04
 2.50386e-04
 2.54257e-04
 2.58351e-04
 2.62642e-04
 2.67077e-04
 2.71607e-04
 2.76228e-04
 2.81037e-04
 2.86311e-04
 2.92640e-04
 3.01281e-04
 3.15175e-04
 3.41987e-04
 4.02159e-04
 5.53023e-04
 1.20840e-03
 3.30496e-03
 2.42743e-03
 7.67561e-05
 1.53784e-04
 1.54346e-04
 1.55189e-04
 1.56418e-04
 1.57897e-04
 1.59618e-04
 1.61549e-04
 1.63662e-04
 1.65927e-04
 1.68317e-04
 1.70805e-04
 1.73364e-04
 1.75973e-04
 1.78610e-04
 1.81257e-04
 1.83896e-04
 1.86516e-04
 1.89104e-04
 1.91652e-04
 1.94156e-04
 1.96613e-04
 1.99020e-04
 2.01382e-04
 2.03700e-04
 2.05980e-04
 2.08231e-04
 2.10461e-04
 2.12682e-04
 2.14904e-04
 2.17140e-04
 2.19399e-04
 2.21694e-04
 2.24041e-04
 2.26456e-04
 2.28956e-04
 2.31553e-04
 2.34255e-04
 2.37067e-04
 2.39993e-04
 2.43049e-04
 2.46260e-04
 2.49658e-04
 2.53270e-04
 2.57105e-04
 2.61140e-04
 2.65331e-04
 2.69625e-04
 2.73999e-04
 2.78507e-04
 2.83331e-04
 2.88830e-04
 2.95639e-04
 3.04936e-04
 3.19327e-04
 3.45739e-04
 4.03987e-04
 5.51968e-04
 1.14375e-03
 3.33805e-03
 2.52389e-03
 8.04890e-05
 1.61245e-04
 1.61789e-04
 1.62586e-04
 1.63746e-04
 1.65146e-04
 1.66773e-04
 1.68600e-04
 1.70597e-04
 1.72737e-04
 1.74995e-04
 1.77344e-04
 1.79762e-04
 1.82226e-04
 1.84717e-04
 1.87218e-04
 1.89713e-04
 1.92190e-04
 1.94639e-04
 1.97052e-04
 1.99424e-04
 2.01753e-04
 2.04037e-04
 2.06278e-04
 2.08480e-04
 2.10648e-04
 2.12790e-04
 2.14916e-04
 2.17033e-04
 2.19153e-04
 2.21287e-04
 2.23445e-04
 2.25644e-04
 2.27899e-04
 2.30225e-04
 2.32637e-04
 2.35141e-04
 2.37744e-04
 2.40453e-04
 2.43283e-04
 2.46260e-04
 2.49414e-04
 2.52774e-04
 2.56351e-04
 2.60129e-04
 2.64068e-04
 2.68117e-04
 2.72245e-04
 2.76480e-04
 2.80956e-04
 2.85945e-04
 2.91899e-04
 2.99512e-04
 3.09953e-04
 3.25625e-04
 3.52859e-04
 4.10924e-04
 5.56920e-04
 1.12790e-03
 3.36984e-03
 2.57320e-03
 8.42721e-05
 1.68804e-04
 1.69326e-04
 1.70076e-04
 1.71167e-04
 1.72486e-04
 1.74020e-04
 1.75741e-04
 1.77622e-04
 1.79639e-04
 1.81764e-04
 1.83977e-04
 1.86253e-04
 1.88573e-04
 1.90920e-04
 1.93275e-04
 1.95627e-04
 1.97963e-04
 2.00274e-04
 2.02552e-04
 2.04794e-04
 2.06996e-04
 2.09157e-04
 2.11280e-04
 2.13368e-04
 2.15427e-04
 2.17464e-04
 2.19485e-04
 2.21501e-04
 2.23520e-04
 2.25555e-04
 2.27620e-04
 2.29729e-04
 2.31898e-04
 2.34138e-04
 2.36457e-04
 2.38864e-04
 2.41368e-04
 2.43983e-04
 2.46737e-04
 2.49658e-04
 2.52774e-04
 2.56098e-04
 2.59620e-04
 2.63304e-04
 2.67102e-04
 2.70980e-04
 2.74951e-04
 2.79116e-04
 2.83698e-04
 2.89064e-04
 2.95757e-04
 3.04558e-04
 3.16706e-04
 3.34586e-04
 3.64190e-04
 4.24374e-04
 5.72149e-04
 1.13390e-03
 3.39560e-03
 2.60099e-03
 8.80990e-05
 1.76449e-04
 1.76945e-04
 1.77648e-04
 1.78670e-04
 1.79907e-04
 1.81348e-04
 1.82964e-04
 1.84731e-04
 1.86623e-04
 1.88618e-04
 1.90695e-04
 1.92831e-04
 1.95009e-04
 1.97212e-04
 1.99425e-04
 2.01636e-04
 2.03832e-04
 2.06007e-04
 2.08152e-04
 2.10265e-04
 2.12342e-04
 2.14384e-04
 2.16392e-04
 2.18369e-04
 2.20320e-04
 2.22252e-04
 2.24172e-04
 2.26088e-04
 2.28012e-04
 2.29956e-04
 2.31934e-04
 2.33958e-04
 2.36041e-04
 2.38191e-04
 2.40416e-04
 2.42728e-04
 2.45143e-04
 2.47686e-04
 2.50386e-04
 2.53270e-04
 2.56351e-04
 2.59620e-04
 2.63048e-04
 2.66592e-04
 2.70216e-04
 2.73926e-04
 2.77801e-04
 2.82029e-04
 2.86921e-04
 2.92937e-04
 3.00717e-04
 3.11173e-04
 3.25729e-04
 3.46979e-04
 3.80940e-04
 4.46240e-04
 6.00725e-04
 1.15463e-03
 3.41038e-03
 2.61132e-03
 9.19658e-05
 1.84171e-04
 1.84640e-04
 1.85294e-04
 1.86247e-04
 1.87404e-04
 1.88752e-04
 1.90263e-04
 1.91916e-04
 1.93686e-04
 1.95553e-04
 1.97495e-04
 1.99493e-04
 2.01531e-04
 2.03593e-04
 2.05666e-04
 2.07737e-04
 2.09796e-04
 2.11837e-04
 2.13852e-04
 2.15839e-04
 2.17795e-04
 2.19719e-04
 2.21614e-04
 2.23482e-04
 2.25329e-04
 2.27158e-04
 2.28980e-04
 2.30803e-04
 2.32638e-04
 2.34497e-04
 2.36391e-04
 2.38331e-04
 2.40326e-04
 2.42384e-04
 2.44520e-04
 2.46749e-04
 2.49097e-04
 2.51592e-04
 2.54257e-04
 2.57105e-04
 2.60129e-04
 2.63304e-04
 2.66592e-04
 2.69960e-04
 2.73411e-04
 2.77012e-04
 2.80921e-04
 2.85412e-04
 2.90884e-04
 2.97889e-04
 3.07192e-04
 3.19909e-04
 3.37807e-04
 3.63980e-04
 4.04915e-04
 4.79114e-04
 6.45635e-04
 1.19072e-03
 3.40833e-03
 2.59923e-03
 9.58767e-05
 1.91981e-04
 1.92420e-04
 1.93025e-04
 1.93909e-04
 1.94985e-04
 1.96239e-04
 1.97648e-04
 1.99187e-04
 2.00835e-04
 2.02574e-04
 2.04382e-04
 2.06245e-04
 2.08144e-04
 2.10067e-04
 2.12000e-04
 2.13934e-04
 2.15859e-04
 2.17768e-04
 2.19655e-04
 2.21518e-04
 2.23355e-04
 2.25165e-04
 2.26949e-04
 2.28711e-04
 2.30456e-04
 2.32189e-04
 2.33918e-04
 2.35653e-04
 2.37404e-04
 2.39180e-04
 2.40990e-04
 2.42844e-04
 2.44753e-04
 2.46728e-04
 2.48789e-04
 2.50959e-04
 2.53263e-04
 2.55723e-04
 2.58351e-04
 2.61140e-04
 2.64068e-04
 2.67102e-04
 2.70216e-04
 2.73411e-04
 2.76748e-04
 2.80368e-04
 2.84514e-04
 2.89539e-04
 2.95930e-04
 3.04350e-04
 3.15746e-04
 3.31564e-04
 3.54133e-04
 3.87400e-04
 4.38813e-04
 5.26721e-04
 7.09930e-04
 1.24403e-03
 3.38248e-03
 2.55680e-03
 9.98600e-05
 1.99934e-04
 2.00341e-04
 2.00895e-04
 2.01709e-04
 2.02703e-04
 2.03863e-04
 2.05165e-04
 2.06589e-04
 2.08114e-04
 2.09723e-04
 2.11397e-04
 2.13120e-04
 2.14880e-04
 2.16662e-04
 2.18455e-04
 2.20250e-04
 2.22040e-04
 2.23817e-04
 2.25577e-04
 2.27316e-04
 2.29034e-04
 2.30730e-04
 2.32406e-04
 2.34064e-04
 2.35711e-04
 2.37351e-04
 2.38992e-04
 2.40643e-04
 2.42310e-04
 2.44003e-04
 2.45731e-04
 2.47504e-04
 2.49336e-04
 2.51245e-04
 2.53254e-04
 2.55384e-04
 2.57656e-04
 2.60077e-04
 2.62642e-04
 2.65331e-04
 2.68117e-04
 2.70980e-04
 2.73926e-04
 2.77012e-04
 2.80368e-04
 2.84216e-04
 2.88873e-04
 2.94776e-04
 3.02511e-04
 3.12904e-04
 3.27196e-04
 3.47344e-04
 3.76535e-04
 4.19988e-04
 4.86560e-04
 5.94231e-04
 7.97473e-04
 1.31521e-03
 3.32182e-03
 2.47336e-03
 1.04002e-04
 2.08202e-04
 2.08574e-04
 2.09075e-04
 2.09815e-04
 2.10722e-04
 2.11781e-04
 2.12971e-04
 2.14273e-04
 2.15667e-04
 2.17136e-04
 2.18666e-04
 2.20242e-04
 2.21851e-04
 2.23482e-04
 2.25126e-04
 2.26772e-04
 2.28416e-04
 2.30052e-04
 2.31675e-04
 2.33283e-04
 2.34875e-04
 2.36453e-04
 2.38016e-04
 2.39569e-04
 2.41116e-04
 2.42662e-04
 2.44214e-04
 2.45778e-04
 2.47362e-04
 2.48973e-04
 2.50624e-04
 2.52328e-04
 2.54101e-04
 2.55965e-04
 2.57938e-04
 2.60035e-04
 2.62263e-04
 2.64616e-04
 2.67077e-04
 2.69625e-04
 2.72245e-04
 2.74951e-04
 2.77801e-04
 2.80921e-04
 2.84514e-04
 2.88873e-04
 2.94395e-04
 3.01607e-04
 3.11245e-04
 3.24399e-04
 3.42770e-04
 3.69102e-04
 4.07814e-04
 4.65809e-04
 5.53575e-04
 6.88103e-04
 9.13674e-04
 1.40210e-03
 3.20699e-03
 2.33370e-03
 1.08555e-04
 2.17292e-04
 2.17622e-04
 2.18058e-04
 2.18710e-04
 2.19512e-04
 2.20449e-04
 2.21502e-04
 2.22654e-04
 2.23887e-04
 2.25188e-04
 2.26543e-04
 2.27939e-04
 2.29366e-04
 2.30814e-04
 2.32276e-04
 2.33744e-04
 2.35212e-04
 2.36677e-04
 2.38135e-04
 2.39584e-04
 2.41025e-04
 2.42458e-04
 2.43887e-04
 2.45313e-04
 2.46742e-04
 2.48179e-04
 2.49627e-04
 2.51095e-04
 2.52589e-04
 2.54121e-04
 2.55703e-04
 2.57350e-04
 2.59080e-04
 2.60906e-04
 2.62842e-04
 2.64889e-04
 2.67042e-04
 2.69287e-04
 2.71607e-04
 2.73999e-04
 2.76480e-04
 2.79116e-04
 2.82029e-04
 2.85412e-04
 2.89539e-04
 2.94776e-04
 3.01607e-04
 3.10700e-04
 3.23034e-04
 3.40122e-04
 3.64386e-04
 3.99715e-04
 4.52162e-04
 5.30578e-04
 6.46690e-04
 8.14746e-04
 1.06107e-03
 1.49733e-03
 3.01609e-03
 2.12299e-03
 1.14188e-04
 2.28535e-04
 2.28807e-04
 2.29154e-04
 2.29684e-04
 2.30338e-04
 2.31101e-04
 2.31957e-04
 2.32890e-04
 2.33888e-04
 2.34937e-04
 2.36029e-04
 2.37154e-04
 2.38304e-04
 2.39472e-04
 2.40655e-04
 2.41847e-04
 2.43045e-04
 2.44248e-04
 2.45454e-04
 2.46663e-04
 2.47877e-04
 2.49097e-04
 2.50325e-04
 2.51565e-04
 2.52819e-04
 2.54094e-04
 2.55394e-04
 2.56730e-04
 2.58109e-04
 2.59544e-04
 2.61047e-04
 2.62630e-04
 2.64305e-04
 2.66077e-04
 2.67946e-04
 2.69905e-04
 2.71943e-04
 2.74050e-04
 2.76228e-04
 2.78507e-04
 2.80956e-04
 2.83698e-04
 2.86921e-04
 2.90884e-04
 2.95930e-04
 3.02511e-04
 3.11245e-04
 3.23034e-04
 3.39254e-04
 3.62093e-04
 3.95044e-04
 4.43544e-04
 5.15581e-04
 6.21681e-04
 7.73178e-04
 9.76933e-04
 1.23202e-03
 1.58332e-03
 2.73129e-03
 1.83388e-03
 1.22314e-04
 2.44757e-04
 2.44942e-04
 2.45150e-04
 2.45490e-04
 2.45908e-04
 2.46394e-04
 2.46933e-04
 2.47513e-04
 2.48125e-04
 2.48761e-04
 2.49416e-04
 2.50083e-04
 2.50761e-04
 2.51446e-04
 2.52138e-04
 2.52838e-04
 2.53546e-04
 2.54266e-04
 2.55001e-04
 2.55755e-04
 2.56532e-04
 2.57339e-04
 2.58178e-04
 2.59056e-04
 2.59979e-04
 2.60953e-04
 2.61985e-04
 2.63084e-04
 2.64258e-04
 2.65516e-04
 2.66866e-04
 2.68316e-04
 2.69867e-04
 2.71515e-04
 2.73254e-04
 2.75072e-04
 2.76963e-04
 2.78940e-04
 2.81037e-04
 2.83331e-04
 2.85945e-04
 2.89064e-04
 2.92937e-04
 2.97889e-04
 3.04350e-04
 3.12904e-04
 3.24399e-04
 3.40122e-04
 3.62093e-04
 3.93517e-04
 4.39358e-04
 5.06926e-04
 6.05971e-04
 7.47295e-04
 9.37464e-04
 1.16719e-03
 1.40374e-03
 1.63405e-03
 2.34890e-03
 1.47392e-03
 1.36402e-04
 2.72865e-04
 2.72851e-04
 2.72736e-04
 2.72643e-04
 2.72528e-04
 2.72389e-04
 2.72226e-04
 2.72041e-04
 2.71839e-04
 2.71625e-04
 2.71404e-04
 2.71180e-04
 2.70956e-04
 2.70734e-04
 2.70518e-04
 2.70310e-04
 2.70114e-04
 2.69935e-04
 2.69781e-04
 2.69659e-04
 2.69581e-04
 2.69558e-04
 2.69601e-04
 2.69723e-04
 2.69937e-04
 2.70254e-04
 2.70686e-04
 2.71244e-04
 2.71935e-04
 2.72765e-04
 2.73738e-04
 2.74851e-04
 2.76096e-04
 2.77464e-04
 2.78946e-04
 2.80542e-04
 2.82267e-04
 2.84165e-04
 2.86311e-04
 2.88830e-04
 2.91899e-04
 2.95757e-04
 3.00717e-04
 3.07192e-04
 3.15746e-04
 3.27196e-04
 3.42770e-04
 3.64386e-04
 3.95044e-04
 4.39358e-04
 5.04093e-04
 5.98310e-04
 7.32286e-04
 9.13097e-04
 1.13397e-03
 1.36144e-03
 1.54007e-03
 1.61764e-03
 1.88676e-03
 1.07387e-03
 1.68609e-04
 3.37052e-04
 3.36348e-04
 3.35099e-04
 3.33465e-04
 3.31439e-04
 3.29072e-04
 3.26433e-04
 3.23599e-04
 3.20653e-04
 3.17670e-04
 3.14715e-04
 3.11840e-04
 3.09082e-04
 3.06460e-04
 3.03985e-04
 3.01661e-04
 2.99486e-04
 2.97451e-04
 2.95532e-04
 2.93714e-04
 2.92002e-04
 2.90401e-04
 2.88922e-04
 2.87578e-04
 2.86383e-04
 2.85355e-04
 2.84511e-04
 2.83870e-04
 2.83446e-04
 2.83252e-04
 2.83291e-04
 2.83563e-04
 2.84062e-04
 2.84787e-04
 2.85740e-04
 2.86941e-04
 2.88434e-04
 2.90294e-04
 2.92640e-04
 2.95639e-04
 2.99512e-04
 3.04558e-04
 3.11173e-04
 3.19909e-04
 3.31564e-04
 3.47344e-04
 3.69102e-04
 3.99715e-04
 4.43544e-04
 5.06926e-04
 5.98310e-04
 7.27345e-04
 9.01071e-04
 1.11460e-03
 1.33905e-03
 1.52162e-03
 1.58730e-03
 1.48596e-03
 1.39524e-03
 6.99227e-04
 2.37425e-04
 4.74324e-04
 4.72500e-04
 4.69353e-04
 4.65060e-04
 4.59593e-04
 4.53016e-04
 4.45434e-04
 4.36996e-04
 4.27877e-04
 4.18280e-04
 4.08426e-04
 3.98548e-04
 3.88880e-04
 3.79639e-04
 3.71000e-04
 3.63068e-04
 3.55868e-04
 3.49347e-04
 3.43410e-04
 3.37960e-04
 3.32911e-04
 3.28203e-04
 3.23803e-04
 3.19705e-04
 3.15910e-04
 3.12399e-04
 3.09156e-04
 3.06198e-04
 3.03554e-04
 3.01252e-04
 2.99315e-04
 2.97765e-04
 2.96629e-04
 2.95938e-04
 2.95732e-04
 2.96069e-04
 2.97026e-04
 2.98713e-04
 3.01281e-04
 3.04936e-04
 3.09953e-04
 3.16706e-04
 3.25729e-04
 3.37807e-04
 3.54133e-04
 3.76535e-04
 4.07814e-04
 4.52162e-04
 5.15581e-04
 6.05971e-04
 7.32286e-04
 9.01071e-04
 1.10813e-03
 1.32773e-03
 1.51177e-03
 1.58954e-03
 1.49584e-03
 1.23203e-03
 9.52328e-04
 4.20479e-04
 3.47684e-04
 6.94742e-04
 6.92589e-04
 6.88825e-04
 6.83479e-04
 6.76316e-04
 6.67206e-04
 6.56094e-04
 6.42980e-04
 6.27891e-04
 6.10941e-04
 5.92355e-04
 5.72286e-04
 5.50887e-04
 5.28575e-04
 5.05940e-04
 4.83689e-04
 4.62600e-04
 4.43444e-04
 4.26769e-04
 4.12689e-04
 4.00930e-04
 3.90894e-04
 3.82065e-04
 3.74163e-04
 3.66903e-04
 3.60004e-04
 3.53267e-04
 3.46683e-04
 3.40360e-04
 3.34440e-04
 3.29034e-04
 3.24195e-04
 3.19996e-04
 3.16551e-04
 3.13972e-04
 3.12386e-04
 3.11935e-04
 3.12798e-04
 3.15175e-04
 3.19327e-04
 3.25625e-04
 3.34586e-04
 3.46979e-04
 3.63980e-04
 3.87400e-04
 4.19988e-04
 4.65809e-04
 5.30578e-04
 6.21681e-04
 7.47295e-04
 9.13097e-04
 1.11460e-03
 1.32773e-03
 1.50831e-03
 1.59028e-03
 1.51081e-03
 1.26127e-03
 9.16164e-04
 6.35237e-04
 2.67854e-04
 4.54650e-04
 9.09280e-04
 9.09112e-04
 9.08831e-04
 9.08270e-04
 9.07077e-04
 9.05160e-04
 9.02223e-04
 8.97759e-04
 8.91267e-04
 8.82237e-04
 8.70107e-04
 8.54301e-04
 8.34234e-04
 8.09380e-04
 7.79352e-04
 7.44006e-04
 7.03569e-04
 6.58982e-04
 6.13596e-04
 5.71010e-04
 5.32234e-04
 4.98167e-04
 4.70310e-04
 4.49466e-04
 4.34627e-04
 4.23372e-04
 4.14077e-04
 4.05952e-04
 3.98237e-04
 3.90407e-04
 3.82180e-04
 3.73592e-04
 3.65132e-04
 3.57446e-04
 3.50953e-04
 3.45865e-04
 3.42444e-04
 3.41028e-04
 3.41987e-04
 3.45739e-04
 3.52859e-04
 3.64190e-04
 3.80940e-04
 4.04915e-04
 4.38813e-04
 4.86560e-04
 5.53575e-04
 6.46690e-04
 7.73178e-04
 9.37464e-04
 1.13397e-03
 1.33905e-03
 1.51177e-03
 1.59028e-03
 1.51569e-03
 1.27790e-03
 9.40583e-04
 6.38012e-04
 4.71311e-04
 2.13448e-04
 4.88772e-04
 9.78558e-04
 9.81401e-04
 9.86209e-04
 9.93039e-04
 1.00158e-03
 1.01191e-03
 1.02390e-03
 1.03707e-03
 1.05089e-03
 1.06472e-03
 1.07774e-03
 1.08909e-03
 1.09779e-03
 1.10250e-03
 1.10162e-03
 1.09338e-03
 1.07605e-03
 1.04816e-03
 1.00889e-03
 9.58306e-04
 8.97136e-04
 8.26998e-04
 7.50297e-04
 6.70444e-04
 5.96238e-04
 5.37115e-04
 4.95217e-04
 4.70015e-04
 4.57855e-04
 4.51828e-04
 4.47858e-04
 4.44234e-04
 4.39485e-04
 4.32907e-04
 4.24907e-04
 4.16626e-04
 4.09416e-04
 4.04315e-04
 4.02159e-04
 4.03987e-04
 4.10924e-04
 4.24374e-04
 4.46240e-04
 4.79114e-04
 5.26721e-04
 5.94231e-04
 6.88103e-04
 8.14746e-04
 9.76933e-04
 1.16719e-03
 1.36144e-03
 1.52162e-03
 1.58954e-03
 1.51081e-03
 1.27790e-03
 9.49180e-04
 6.49376e-04
 4.75748e-04
 4.14536e-04
 2.01683e-04
 3.29541e-04
 6.59451e-04
 6.62853e-04
 6.70794e-04
 6.81244e-04
 6.94108e-04
 7.10964e-04
 7.32132e-04
 7.57735e-04
 7.88289e-04
 8.24375e-04
 8.66499e-04
 9.15018e-04
 9.70022e-04
 1.03100e-03
 1.09654e-03
 1.16390e-03
 1.22879e-03
 1.28557e-03
 1.32776e-03
 1.35142e-03
 1.35649e-03
 1.34295e-03
 1.30941e-03
 1.25386e-03
 1.17964e-03
 1.09086e-03
 9.83930e-04
 8.57202e-04
 7.25123e-04
 6.11677e-04
 5.36063e-04
 5.06520e-04
 5.07679e-04
 5.18101e-04
 5.30557e-04
 5.42353e-04
 5.50769e-04
 5.54090e-04
 5.53023e-04
 5.51968e-04
 5.56920e-04
 5.72149e-04
 6.00725e-04
 6.45635e-04
 7.09930e-04
 7.97473e-04
 9.13674e-04
 1.06107e-03
 1.23202e-03
 1.40374e-03
 1.54007e-03
 1.58730e-03
 1.49584e-03
 1.26127e-03
 9.40583e-04
 6.49376e-04
 4.78251e-04
 4.15630e-04
 4.01900e-04
 2.00130e-04
 7.41496e-04
 1.47987e-03
 1.47924e-03
 1.47689e-03
 1.46980e-03
 1.46439e-03
 1.45675e-03
 1.44713e-03
 1.43584e-03
 1.42265e-03
 1.40768e-03
 1.39092e-03
 1.37271e-03
 1.35366e-03
 1.33461e-03
 1.31698e-03
 1.30273e-03
 1.29472e-03
 1.29632e-03
 1.31081e-03
 1.34132e-03
 1.39049e-03
 1.45938e-03
 1.54470e-03
 1.64087e-03
 1.73791e-03
 1.82535e-03
 1.89967e-03
 1.95749e-03
 1.99443e-03
 2.00967e-03
 2.00502e-03
 1.97885e-03
 1.92965e-03
 1.85560e-03
 1.75366e-03
 1.62548e-03
 1.47834e-03
 1.32973e-03
 1.20840e-03
 1.14375e-03
 1.12790e-03
 1.13390e-03
 1.15463e-03
 1.19072e-03
 1.24403e-03
 1.31521e-03
 1.40210e-03
 1.49733e-03
 1.58332e-03
 1.63405e-03
 1.61764e-03
 1.48596e-03
 1.23203e-03
 9.16164e-04
 6.38012e-04
 4.75748e-04
 4.15630e-04
 4.01998e-04
 4.00147e-04
 2.00005e-04
 1.15550e-03
 2.28882e-03
 2.28440e-03
 2.29722e-03
 2.28720e-03
 2.27998e-03
 2.27330e-03
 2.26406e-03
 2.25292e-03
 2.23908e-03
 2.22321e-03
 2.20433e-03
 2.18266e-03
 2.15870e-03
 2.13271e-03
 2.10693e-03
 2.08391e-03
 2.06782e-03
 2.06276e-03
 2.07226e-03
 2.09732e-03
 2.13641e-03
 2.18907e-03
 2.25509e-03
 2.33541e-03
 2.42749e-03
 2.52990e-03
 2.64798e-03
 2.78468e-03
 2.92716e-03
 3.05320e-03
 3.14468e-03
 3.19166e-03
 3.20968e-03
 3.22009e-03
 3.22872e-03
 3.23899e-03
 3.25386e-03
 3.27569e-03
 3.30496e-03
 3.33805e-03
 3.36984e-03
 3.39560e-03
 3.41038e-03
 3.40833e-03
 3.38248e-03
 3.32182e-03
 3.20699e-03
 3.01609e-03
 2.73129e-03
 2.34890e-03
 1.88676e-03
 1.39524e-03
 9.52328e-04
 6.35237e-04
 4.71311e-04
 4.14536e-04
 4.01900e-04
 4.00147e-04
 4.00006e-04
 2.00000e-04
 5.03335e-04
 9.87227e-04
 9.84782e-04
 1.00449e-03
 1.00710e-03
 1.01189e-03
 1.02207e-03
 1.03453e-03
 1.04979e-03
 1.06791e-03
 1.09017e-03
 1.11630e-03
 1.14685e-03
 1.18226e-03
 1.22202e-03
 1.26632e-03
 1.31406e-03
 1.36341e-03
 1.41114e-03
 1.45452e-03
 1.49082e-03
 1.51631e-03
 1.52925e-03
 1.53092e-03
 1.52349e-03
 1.50820e-03
 1.48660e-03
 1.46038e-03
 1.43396e-03
 1.41615e-03
 1.41577e-03
 1.43581e-03
 1.47791e-03
 1.54565e-03
 1.64204e-03
 1.76864e-03
 1.92353e-03
 2.09849e-03
 2.27584e-03
 2.42743e-03
 2.52389e-03
 2.57320e-03
 2.60099e-03
 2.61132e-03
 2.59923e-03
 2.55680e-03
 2.47336e-03
 2.33370e-03
 2.12299e-03
 1.83388e-03
 1.47392e-03
 1.07387e-03
 6.99227e-04
 4.20479e-04
 2.67854e-04
 2.13448e-04
 2.01683e-04
 2.00130e-04
 2.00005e-04
 2.00000e-04
 1.00000e-04
