PseudoViscosity
part
         1
hexa8
 2.02625e-15
 2.72868e-31
 0.00000e+00
 9.62097e-32
 0.00000e+00
 1.13422e-31
 2.02625e-15
 2.35868e-31
 1.01313e-15
 1.81682e-31
 5.23350e-33
 1.01313e-15
 1.01313e-15
 1.10774e-31
 1.01313e-15
 1.62914e-49
 0.00000e+00
 8.37557e-32
 7.20189e-65
 2.60843e-31
 0.00000e+00
 1.01313e-15
 8.47658e-32
 5.21864e-48
 8.63728e-32
 0.00000e+00
 1.01313e-15
 2.02625e-15
 1.10821e-30
 3.18084e-32
 1.03589e-31
 2.69961e-31
 4.38450e-48
 3.03938e-15
 3.98312e-31
 3.03938e-15
 1.01313e-15
 1.51870e-31
 2.45782e-47
 2.02625e-15
 5.40471e-31
 4.82700e-32
 1.01313e-15
 2.95438e-31
 1.01313e-15
 6.72154e-31
 1.01254e-30
 1.57988e-31
 1.01313e-15
 6.43895e-32
 3.03938e-15
 3.03938e-15
 1.72358e-31
 3.85661e-32
 2.02625e-15
 0.00000e+00
 1.02087e-30
 4.05251e-15
 0.00000e+00
 3.20003e-31
 1.26091e-31
 3.71033e-47
 0.00000e+00
 2.99784e-48
 0.00000e+00
 1.01313e-15
 8.40883e-32
 0.00000e+00
 7.21673e-33
 1.92718e-48
 6.22110e-32
 5.06427e-48
 0.00000e+00
 1.97460e-47
 4.93896e-31
 7.09189e-15
 4.05251e-15
 5.96986e-31
 2.56448e-30
 5.37397e-47
 2.43659e-30
 2.02625e-15
 2.02625e-15
 4.05251e-15
 6.07876e-15
 3.03938e-15
 1.01313e-15
 2.02625e-15
 1.76082e-30
 5.62838e-30
 0.00000e+00
 0.00000e+00
 1.96187e-31
 0.00000e+00
 0.00000e+00
 0.00000e+00
 0.00000e+00
 0.00000e+00
 0.00000e+00
 4.05251e-15
 0.00000e+00
 0.00000e+00
 0.00000e+00
 0.00000e+00
 1.04324e-29
 0.00000e+00
 0.00000e+00
 0.00000e+00
 0.00000e+00
 0.00000e+00
 0.00000e+00
 0.00000e+00
 0.00000e+00
 0.00000e+00
 0.00000e+00
 0.00000e+00
 0.00000e+00
 0.00000e+00
 0.00000e+00
 0.00000e+00
 0.00000e+00
 0.00000e+00
 0.00000e+00
 0.00000e+00
 0.00000e+00
 0.00000e+00
 3.81581e-48
 0.00000e+00
 9.98750e-32
 0.00000e+00
 1.01313e-15
 1.00045e-31
 1.01313e-15
 1.01313e-15
 1.35536e-31
 1.01313e-15
 5.42886e-32
 1.01313e-15
 2.46417e-32
 2.21428e-47
 5.63522e-32
 2.90554e-48
 9.91988e-32
 5.01182e-32
 6.44280e-48
 6.95136e-32
 4.68703e-31
 2.02625e-15
 4.04649e-32
 1.01313e-15
 1.01313e-15
 1.01313e-15
 9.83068e-32
 4.29181e-31
 1.01313e-15
 1.33030e-31
 1.14408e-31
 1.34696e-31
 1.01313e-15
 6.28287e-31
 3.26234e-47
 1.97872e-47
 1.01313e-15
 7.45535e-31
 9.46688e-31
 2.16995e-31
 2.32538e-31
 2.02625e-15
 2.02625e-15
 7.09189e-15
 6.09349e-31
 3.86617e-47
 7.75588e-32
 6.16943e-31
 1.80933e-30
 2.02625e-15
 2.32811e-31
 2.02625e-15
 2.02625e-15
 8.03266e-32
 0.00000e+00
 5.54561e-31
 5.75402e-31
 5.39360e-64
 2.61575e-47
 0.00000e+00
 2.02625e-15
 6.95840e-32
 3.89532e-31
 4.72497e-31
 5.05262e-31
 1.86337e-32
 5.00030e-31
 1.01313e-15
 2.48586e-47
 1.01313e-15
 8.09025e-32
 2.02625e-15
 3.65339e-31
 3.03938e-15
 3.36247e-31
 2.02625e-15
 4.98368e-31
 5.87817e-31
 1.27013e-30
 2.39312e-46
 2.02625e-15
 8.73444e-31
 1.01313e-15
 3.19130e-31
 4.29515e-31
 2.58158e-31
 4.05251e-15
 8.56492e-32
 5.44774e-31
 9.27622e-47
 0.00000e+00
 6.48427e-31
 2.02625e-15
 3.08064e-46
 0.00000e+00
 0.00000e+00
 0.00000e+00
 0.00000e+00
 0.00000e+00
 0.00000e+00
 0.00000e+00
 0.00000e+00
 0.00000e+00
 0.00000e+00
 0.00000e+00
 0.00000e+00
 0.00000e+00
 0.00000e+00
 0.00000e+00
 0.00000e+00
 0.00000e+00
 0.00000e+00
 0.00000e+00
 0.00000e+00
 0.00000e+00
 0.00000e+00
 0.00000e+00
 0.00000e+00
 0.00000e+00
 0.00000e+00
 0.00000e+00
 0.00000e+00
 0.00000e+00
 0.00000e+00
 0.00000e+00
 0.00000e+00
 0.00000e+00
 0.00000e+00
 0.00000e+00
 0.00000e+00
 0.00000e+00
 0.00000e+00
 0.00000e+00
 0.00000e+00
 0.00000e+00
 1.11626e-64
 0.00000e+00
 1.23587e-31
 0.00000e+00
 5.25562e-32
 1.50732e-31
 9.18799e-32
 1.01313e-15
 2.17285e-31
 2.92148e-32
 1.01313e-15
 2.02625e-15
 0.00000e+00
 2.78045e-31
 4.30195e-32
 1.14375e-31
 1.42580e-31
 1.29303e-31
 2.65270e-31
 0.00000e+00
 1.01313e-15
 1.01313e-15
 1.01313e-15
 3.03938e-15
 1.45377e-30
 7.23170e-31
 2.02625e-15
 2.02625e-15
 4.05251e-15
 4.05251e-15
 2.02625e-15
 3.03938e-15
 0.00000e+00
 2.02625e-15
 0.00000e+00
 1.40056e-31
 1.45034e-31
 0.00000e+00
 1.90937e-31
 9.10711e-31
 1.01313e-15
 1.24927e-31
 2.55265e-31
 0.00000e+00
 2.02625e-15
 1.01313e-15
 9.56821e-32
 1.01313e-15
 1.01313e-14
 0.00000e+00
 0.00000e+00
 5.21634e-48
 4.74540e-32
 3.03938e-15
 1.27736e-47
 1.01313e-15
 4.05251e-15
 2.15062e-31
 0.00000e+00
 4.33351e-31
 3.03938e-15
 2.12862e-31
 1.19532e-47
 0.00000e+00
 6.07876e-15
 2.02625e-15
 2.02625e-15
 2.03001e-31
 5.06564e-15
 4.83575e-30
 1.41549e-30
 1.01313e-15
 1.81309e-30
 1.26304e-46
 5.06564e-15
 2.97110e-32
 5.99234e-31
 3.03938e-15
 3.03938e-15
 3.14718e-32
 0.00000e+00
 1.69303e-46
 5.22650e-31
 1.11955e-30
 0.00000e+00
 0.00000e+00
 0.00000e+00
 0.00000e+00
 0.00000e+00
 0.00000e+00
 0.00000e+00
 0.00000e+00
 0.00000e+00
 0.00000e+00
 0.00000e+00
 0.00000e+00
 0.00000e+00
 0.00000e+00
 0.00000e+00
 0.00000e+00
 0.00000e+00
 0.00000e+00
 0.00000e+00
 0.00000e+00
 0.00000e+00
 0.00000e+00
 0.00000e+00
 0.00000e+00
 0.00000e+00
 0.00000e+00
 0.00000e+00
 0.00000e+00
 0.00000e+00
 0.00000e+00
 1.01313e-15
 9.12813e-33
 1.01313e-15
 1.01313e-15
 1.61134e-31
 0.00000e+00
 0.00000e+00
 9.04278e-32
 0.00000e+00
 9.36380e-48
 7.19083e-32
 2.90922e-48
 2.21654e-32
 1.70945e-31
 0.00000e+00
 1.01313e-15
 6.85313e-32
 1.01313e-15
 1.01313e-15
 1.62953e-31
 4.68780e-48
 2.97412e-32
 7.21073e-32
 2.02625e-15
 3.03938e-15
 1.15798e-64
 9.25004e-32
 7.07951e-48
 3.40822e-31
 7.83667e-32
 0.00000e+00
 1.01313e-15
 3.45605e-31
 2.02625e-15
 3.03938e-15
 1.57760e-64
 1.12679e-31
 4.36351e-31
 1.00934e-30
 5.07311e-31
 1.30071e-48
 3.91908e-32
 1.01313e-15
 2.02625e-15
 3.27146e-31
 1.30383e-47
 7.27994e-31
 4.12777e-47
 1.00039e-46
 2.35143e-31
 2.55802e-31
 2.02625e-15
 1.54101e-31
 7.04397e-31
 3.36110e-32
 1.01313e-15
 1.57089e-31
 1.96316e-31
 1.01313e-15
 3.89115e-48
 4.05251e-15
 8.90438e-48
 4.75656e-31
 4.52760e-31
 2.02625e-15
 1.47521e-32
 8.50742e-32
 1.82718e-31
 2.02625e-15
 6.00073e-31
 1.46026e-47
 2.43775e-31
 1.19112e-47
 4.20591e-47
 8.90374e-49
 2.02625e-15
 1.01313e-15
 3.22584e-46
 1.84895e-30
 6.07876e-15
 3.79181e-31
 3.03938e-15
 1.54263e-30
 3.03938e-15
 8.57207e-31
 2.12842e-30
 2.02625e-15
 3.49591e-31
 1.93639e-47
 3.14709e-31
 2.02625e-15
 0.00000e+00
 0.00000e+00
 0.00000e+00
 5.35605e-47
 2.82657e-31
 0.00000e+00
 0.00000e+00
 0.00000e+00
 0.00000e+00
 0.00000e+00
 0.00000e+00
 0.00000e+00
 0.00000e+00
 0.00000e+00
 0.00000e+00
 0.00000e+00
 0.00000e+00
 0.00000e+00
 0.00000e+00
 0.00000e+00
 0.00000e+00
 0.00000e+00
 0.00000e+00
 0.00000e+00
 0.00000e+00
 0.00000e+00
 0.00000e+00
 0.00000e+00
 0.00000e+00
 0.00000e+00
 0.00000e+00
 0.00000e+00
 0.00000e+00
 0.00000e+00
 1.06852e-31
 8.23826e-48
 5.81336e-32
 5.03266e-32
 8.59908e-48
 1.01313e-15
 3.31096e-32
 1.01313e-15
 8.41935e-32
 8.53996e-64
 0.00000e+00
 2.57207e-31
 1.01313e-15
 1.23288e-31
 0.00000e+00
 0.00000e+00
 1.01313e-15
 2.02625e-15
 3.96611e-31
 2.18977e-48
 0.00000e+00
 0.00000e+00
 2.02625e-15
 2.87616e-31
 7.12725e-48
 1.01313e-15
 0.00000e+00
 1.03133e-31
 1.88877e-31
 6.72884e-64
 0.00000e+00
 0.00000e+00
 2.02625e-15
 2.02625e-15
 1.48769e-31
 2.68694e-31
 0.00000e+00
 1.01313e-15
 6.18072e-31
 1.63866e-47
 1.01313e-15
 4.30802e-31
 2.02625e-15
 1.01313e-15
 4.05251e-15
 2.47726e-30
 2.02625e-15
 4.58836e-31
 1.97829e-30
 3.03938e-15
 5.06564e-15
 0.00000e+00
 1.01313e-15
 3.03938e-15
 1.01313e-15
 2.02625e-15
 0.00000e+00
 1.31274e-48
 6.82573e-32
 7.87919e-32
 2.17273e-31
 2.79634e-48
 4.05251e-15
 3.75350e-31
 3.65322e-64
 1.01313e-15
 1.40911e-32
 0.00000e+00
 7.52577e-32
 3.03938e-15
 4.71840e-31
 9.79949e-48
 2.07429e-65
 0.00000e+00
 4.35201e-31
 5.95736e-31
 5.61058e-32
 9.72925e-31
 1.36677e-46
 2.02625e-15
 2.02625e-15
 5.31324e-31
 4.05251e-15
 1.48573e-30
 1.33009e-30
 1.01313e-15
 3.76268e-30
 4.05251e-15
 2.49720e-30
 4.05251e-15
 1.39944e-30
 4.05251e-15
 1.08260e-30
 4.05251e-15
 1.35427e-30
 4.33894e-46
 1.47154e-30
 2.04451e-46
 0.00000e+00
 0.00000e+00
 0.00000e+00
 0.00000e+00
 0.00000e+00
 0.00000e+00
 0.00000e+00
 0.00000e+00
 0.00000e+00
 0.00000e+00
 0.00000e+00
 0.00000e+00
 0.00000e+00
 0.00000e+00
 0.00000e+00
 0.00000e+00
 0.00000e+00
 0.00000e+00
 0.00000e+00
 0.00000e+00
 0.00000e+00
 0.00000e+00
 0.00000e+00
 0.00000e+00
 0.00000e+00
 0.00000e+00
 0.00000e+00
part
         2
hexa8
 0.00000e+00
 0.00000e+00
 0.00000e+00
 0.00000e+00
 0.00000e+00
 0.00000e+00
 0.00000e+00
 0.00000e+00
 0.00000e+00
 0.00000e+00
 0.00000e+00
 0.00000e+00
 0.00000e+00
 0.00000e+00
 0.00000e+00
 0.00000e+00
 0.00000e+00
 0.00000e+00
 0.00000e+00
 0.00000e+00
 0.00000e+00
 0.00000e+00
 0.00000e+00
 0.00000e+00
 0.00000e+00
 0.00000e+00
 0.00000e+00
 0.00000e+00
 0.00000e+00
 0.00000e+00
 0.00000e+00
 0.00000e+00
 0.00000e+00
 0.00000e+00
 0.00000e+00
 0.00000e+00
 0.00000e+00
 0.00000e+00
 0.00000e+00
 0.00000e+00
 0.00000e+00
 0.00000e+00
 0.00000e+00
 0.00000e+00
 0.00000e+00
 0.00000e+00
 0.00000e+00
 0.00000e+00
 0.00000e+00
 0.00000e+00
 0.00000e+00
 0.00000e+00
 0.00000e+00
 0.00000e+00
 0.00000e+00
 0.00000e+00
 0.00000e+00
 0.00000e+00
 0.00000e+00
 0.00000e+00
 0.00000e+00
 0.00000e+00
 0.00000e+00
 0.00000e+00
 0.00000e+00
 0.00000e+00
 0.00000e+00
 0.00000e+00
 0.00000e+00
 0.00000e+00
 0.00000e+00
 0.00000e+00
 0.00000e+00
 0.00000e+00
 0.00000e+00
 0.00000e+00
 0.00000e+00
 0.00000e+00
 0.00000e+00
 0.00000e+00
 0.00000e+00
 0.00000e+00
 0.00000e+00
 0.00000e+00
 0.00000e+00
 0.00000e+00
 0.00000e+00
 0.00000e+00
 0.00000e+00
 0.00000e+00
 0.00000e+00
 0.00000e+00
 0.00000e+00
 0.00000e+00
 0.00000e+00
 0.00000e+00
 0.00000e+00
 0.00000e+00
 0.00000e+00
 0.00000e+00
 0.00000e+00
 0.00000e+00
 0.00000e+00
 0.00000e+00
 0.00000e+00
 4.04095e-04
 4.04095e-04
 4.04095e-04
 4.04095e-04
 4.04095e-04
 2.91000e-04
 2.91000e-04
 2.91000e-04
 2.91000e-04
 2.91000e-04
 3.48052e-04
 3.48052e-04
 3.48052e-04
 3.48052e-04
 3.48052e-04
 3.52488e-04
 3.52488e-04
 3.52488e-04
 3.52488e-04
 3.52488e-04
 0.00000e+00
 0.00000e+00
 0.00000e+00
 0.00000e+00
 0.00000e+00
 0.00000e+00
 0.00000e+00
 0.00000e+00
 0.00000e+00
 0.00000e+00
 0.00000e+00
 0.00000e+00
 0.00000e+00
 0.00000e+00
 0.00000e+00
 0.00000e+00
 0.00000e+00
 0.00000e+00
 0.00000e+00
 0.00000e+00
 0.00000e+00
 0.00000e+00
 0.00000e+00
 0.00000e+00
 0.00000e+00
 0.00000e+00
 0.00000e+00
 0.00000e+00
 0.00000e+00
 0.00000e+00
 0.00000e+00
 0.00000e+00
 0.00000e+00
 0.00000e+00
 0.00000e+00
 0.00000e+00
 0.00000e+00
 0.00000e+00
 0.00000e+00
 0.00000e+00
 0.00000e+00
 0.00000e+00
 0.00000e+00
 0.00000e+00
 0.00000e+00
 0.00000e+00
 0.00000e+00
 0.00000e+00
 0.00000e+00
 0.00000e+00
 0.00000e+00
 0.00000e+00
 0.00000e+00
 0.00000e+00
 0.00000e+00
 0.00000e+00
 0.00000e+00
 0.00000e+00
 0.00000e+00
 0.00000e+00
 0.00000e+00
 0.00000e+00
 0.00000e+00
 0.00000e+00
 0.00000e+00
 0.00000e+00
 0.00000e+00
 0.00000e+00
 0.00000e+00
 0.00000e+00
 0.00000e+00
 0.00000e+00
 0.00000e+00
 0.00000e+00
 0.00000e+00
 0.00000e+00
 0.00000e+00
 0.00000e+00
 0.00000e+00
 0.00000e+00
 0.00000e+00
 0.00000e+00
 0.00000e+00
 0.00000e+00
 0.00000e+00
 0.00000e+00
 0.00000e+00
 0.00000e+00
 0.00000e+00
 0.00000e+00
 0.00000e+00
 0.00000e+00
 0.00000e+00
 0.00000e+00
 0.00000e+00
 0.00000e+00
 0.00000e+00
 0.00000e+00
 0.00000e+00
 0.00000e+00
 0.00000e+00
 0.00000e+00
 0.00000e+00
 0.00000e+00
 0.00000e+00
 4.04095e-04
 4.04095e-04
 4.04095e-04
 4.04095e-04
 4.04095e-04
 2.91000e-04
 2.91000e-04
 2.91000e-04
 2.91000e-04
 2.91000e-04
 3.48052e-04
 3.48052e-04
 3.48052e-04
 3.48052e-04
 3.48052e-04
 3.52488e-04
 3.52488e-04
 3.52488e-04
 3.52488e-04
 3.52488e-04
 0.00000e+00
 0.00000e+00
 0.00000e+00
 0.00000e+00
 0.00000e+00
 0.00000e+00
 0.00000e+00
 0.00000e+00
 0.00000e+00
 0.00000e+00
 0.00000e+00
 0.00000e+00
 0.00000e+00
 0.00000e+00
 0.00000e+00
 0.00000e+00
 0.00000e+00
 0.00000e+00
 0.00000e+00
 0.00000e+00
 0.00000e+00
 0.00000e+00
 0.00000e+00
 0.00000e+00
 0.00000e+00
 0.00000e+00
 0.00000e+00
 0.00000e+00
 0.00000e+00
 0.00000e+00
 0.00000e+00
 0.00000e+00
 0.00000e+00
 0.00000e+00
 0.00000e+00
 0.00000e+00
 0.00000e+00
 0.00000e+00
 0.00000e+00
 0.00000e+00
 0.00000e+00
 0.00000e+00
 0.00000e+00
 0.00000e+00
 0.00000e+00
 0.00000e+00
 0.00000e+00
 0.00000e+00
 0.00000e+00
 0.00000e+00
 0.00000e+00
 0.00000e+00
 0.00000e+00
 0.00000e+00
 0.00000e+00
 0.00000e+00
 0.00000e+00
 0.00000e+00
 0.00000e+00
 0.00000e+00
 0.00000e+00
 0.00000e+00
 0.00000e+00
 0.00000e+00
 0.00000e+00
 0.00000e+00
 0.00000e+00
 0.00000e+00
 0.00000e+00
 0.00000e+00
 0.00000e+00
 0.00000e+00
 0.00000e+00
 0.00000e+00
 0.00000e+00
 0.00000e+00
 0.00000e+00
 0.00000e+00
 0.00000e+00
 0.00000e+00
 0.00000e+00
 0.00000e+00
 0.00000e+00
 0.00000e+00
 0.00000e+00
 0.00000e+00
 0.00000e+00
 0.00000e+00
 0.00000e+00
 0.00000e+00
 0.00000e+00
 0.00000e+00
 0.00000e+00
 0.00000e+00
 0.00000e+00
 0.00000e+00
 0.00000e+00
 0.00000e+00
 0.00000e+00
 0.00000e+00
 0.00000e+00
 0.00000e+00
 0.00000e+00
 0.00000e+00
 0.00000e+00
 4.04095e-04
 4.04095e-04
 4.04095e-04
 4.04095e-04
 4.04095e-04
 2.91000e-04
 2.91000e-04
 2.91000e-04
 2.91000e-04
 2.91000e-04
 3.48052e-04
 3.48052e-04
 3.48052e-04
 3.48052e-04
 3.48052e-04
 3.52488e-04
 3.52488e-04
 3.52488e-04
 3.52488e-04
 3.52488e-04
 0.00000e+00
 0.00000e+00
 0.00000e+00
 0.00000e+00
 0.00000e+00
 0.00000e+00
 0.00000e+00
 0.00000e+00
 0.00000e+00
 0.00000e+00
 0.00000e+00
 0.00000e+00
 0.00000e+00
 0.00000e+00
 0.00000e+00
 0.00000e+00
 0.00000e+00
 0.00000e+00
 0.00000e+00
 0.00000e+00
 0.00000e+00
 0.00000e+00
 0.00000e+00
 0.00000e+00
 0.00000e+00
 0.00000e+00
 0.00000e+00
 0.00000e+00
 0.00000e+00
 0.00000e+00
 0.00000e+00
 0.00000e+00
 0.00000e+00
 0.00000e+00
 0.00000e+00
 0.00000e+00
 0.00000e+00
 0.00000e+00
 0.00000e+00
 0.00000e+00
 0.00000e+00
 0.00000e+00
 0.00000e+00
 0.00000e+00
 0.00000e+00
 0.00000e+00
 0.00000e+00
 0.00000e+00
 0.00000e+00
 0.00000e+00
 0.00000e+00
 0.00000e+00
 0.00000e+00
 0.00000e+00
 0.00000e+00
 0.00000e+00
 0.00000e+00
 0.00000e+00
 0.00000e+00
 0.00000e+00
 0.00000e+00
 0.00000e+00
 0.00000e+00
 0.00000e+00
 0.00000e+00
 0.00000e+00
 0.00000e+00
 0.00000e+00
 0.00000e+00
 0.00000e+00
 0.00000e+00
 0.00000e+00
 0.00000e+00
 0.00000e+00
 0.00000e+00
 0.00000e+00
 0.00000e+00
 0.00000e+00
 0.00000e+00
 0.00000e+00
 0.00000e+00
 0.00000e+00
 0.00000e+00
 0.00000e+00
 0.00000e+00
 0.00000e+00
 0.00000e+00
 0.00000e+00
 0.00000e+00
 0.00000e+00
 0.00000e+00
 0.00000e+00
 0.00000e+00
 0.00000e+00
 0.00000e+00
 0.00000e+00
 0.00000e+00
 0.00000e+00
 0.00000e+00
 0.00000e+00
 0.00000e+00
 0.00000e+00
 0.00000e+00
 0.00000e+00
 0.00000e+00
 4.04095e-04
 4.04095e-04
 4.04095e-04
 4.04095e-04
 4.04095e-04
 2.91000e-04
 2.91000e-04
 2.91000e-04
 2.91000e-04
 2.91000e-04
 3.48052e-04
 3.48052e-04
 3.48052e-04
 3.48052e-04
 3.48052e-04
 3.52488e-04
 3.52488e-04
 3.52488e-04
 3.52488e-04
 3.52488e-04
 0.00000e+00
 0.00000e+00
 0.00000e+00
 0.00000e+00
 0.00000e+00
 0.00000e+00
 0.00000e+00
 0.00000e+00
 0.00000e+00
 0.00000e+00
 0.00000e+00
 0.00000e+00
 0.00000e+00
 0.00000e+00
 0.00000e+00
 0.00000e+00
 0.00000e+00
 0.00000e+00
 0.00000e+00
 0.00000e+00
 0.00000e+00
 0.00000e+00
 0.00000e+00
 0.00000e+00
 0.00000e+00
 0.00000e+00
 0.00000e+00
 0.00000e+00
 0.00000e+00
 0.00000e+00
 0.00000e+00
 0.00000e+00
 0.00000e+00
 0.00000e+00
 0.00000e+00
 0.00000e+00
 0.00000e+00
 0.00000e+00
 0.00000e+00
 0.00000e+00
 0.00000e+00
 0.00000e+00
 0.00000e+00
 0.00000e+00
 0.00000e+00
 0.00000e+00
 0.00000e+00
 0.00000e+00
 0.00000e+00
 0.00000e+00
 0.00000e+00
 0.00000e+00
 0.00000e+00
 0.00000e+00
 0.00000e+00
 0.00000e+00
 0.00000e+00
 0.00000e+00
 0.00000e+00
 0.00000e+00
 0.00000e+00
 0.00000e+00
 0.00000e+00
 0.00000e+00
 0.00000e+00
 0.00000e+00
 0.00000e+00
 0.00000e+00
 0.00000e+00
 0.00000e+00
 0.00000e+00
 0.00000e+00
 0.00000e+00
 0.00000e+00
 0.00000e+00
 0.00000e+00
 0.00000e+00
 0.00000e+00
 0.00000e+00
 0.00000e+00
 0.00000e+00
 0.00000e+00
 0.00000e+00
 0.00000e+00
 0.00000e+00
 0.00000e+00
 0.00000e+00
 0.00000e+00
 0.00000e+00
 0.00000e+00
 0.00000e+00
 0.00000e+00
 0.00000e+00
 0.00000e+00
 0.00000e+00
 0.00000e+00
 0.00000e+00
 0.00000e+00
 0.00000e+00
 0.00000e+00
 0.00000e+00
 0.00000e+00
 0.00000e+00
 0.00000e+00
 0.00000e+00
 4.04095e-04
 4.04095e-04
 4.04095e-04
 4.04095e-04
 4.04095e-04
 2.91000e-04
 2.91000e-04
 2.91000e-04
 2.91000e-04
 2.91000e-04
 3.48052e-04
 3.48052e-04
 3.48052e-04
 3.48052e-04
 3.48052e-04
 3.52488e-04
 3.52488e-04
 3.52488e-04
 3.52488e-04
 3.52488e-04
part
         3
hexa8
 3.37673e-04
 3.37673e-04
 3.37673e-04
 3.37673e-04
 3.37673e-04
 3.69616e-04
 3.69616e-04
 3.69616e-04
 3.69616e-04
 3.69616e-04
 3.92987e-04
 3.92987e-04
 3.92987e-04
 3.92987e-04
 3.92987e-04
 3.68953e-04
 3.68953e-04
 3.68953e-04
 3.68953e-04
 3.68953e-04
 3.48548e-04
 3.48548e-04
 3.48548e-04
 3.48548e-04
 3.48548e-04
 3.56260e-04
 3.56260e-04
 3.56260e-04
 3.56260e-04
 3.56260e-04
 4.54806e-04
 4.54806e-04
 4.54806e-04
 4.54806e-04
 4.54806e-04
 4.13362e-04
 4.13362e-04
 4.13362e-04
 4.13362e-04
 4.13362e-04
 3.05836e-04
 3.05836e-04
 3.05836e-04
 3.05836e-04
 3.05836e-04
 1.70425e-04
 1.70425e-04
 1.70425e-04
 1.70425e-04
 1.70425e-04
 1.23547e-04
 1.23547e-04
 1.23547e-04
 1.23547e-04
 1.23547e-04
 3.70473e-05
 3.70473e-05
 3.70473e-05
 3.70473e-05
 3.70473e-05
 1.88668e-06
 1.88668e-06
 1.88668e-06
 1.88668e-06
 1.88668e-06
 0.00000e+00
 0.00000e+00
 0.00000e+00
 0.00000e+00
 0.00000e+00
 5.84476e-04
 5.84476e-04
 5.84476e-04
 5.84476e-04
 5.84476e-04
 3.66032e-03
 3.66032e-03
 3.66032e-03
 3.66032e-03
 3.66032e-03
 5.21023e-03
 5.21023e-03
 5.21023e-03
 5.21023e-03
 5.21023e-03
 1.00641e-02
 1.00641e-02
 1.00641e-02
 1.00641e-02
 1.00641e-02
 2.06898e-02
 2.06898e-02
 2.06898e-02
 2.06898e-02
 2.06898e-02
 3.65478e-02
 3.65478e-02
 3.65478e-02
 3.65478e-02
 3.65478e-02
 4.70338e-02
 4.70338e-02
 4.70338e-02
 4.70338e-02
 4.70338e-02
 4.54593e-02
 4.54593e-02
 4.54593e-02
 4.54593e-02
 4.54593e-02
 3.77154e-02
 3.77154e-02
 3.77154e-02
 3.77154e-02
 3.77154e-02
 2.59721e-02
 2.59721e-02
 2.59721e-02
 2.59721e-02
 2.59721e-02
 1.33636e-02
 1.33636e-02
 1.33636e-02
 1.33636e-02
 1.33636e-02
 3.37673e-04
 3.37673e-04
 3.37673e-04
 3.37673e-04
 3.37673e-04
 3.69616e-04
 3.69616e-04
 3.69616e-04
 3.69616e-04
 3.69616e-04
 3.92987e-04
 3.92987e-04
 3.92987e-04
 3.92987e-04
 3.92987e-04
 3.68953e-04
 3.68953e-04
 3.68953e-04
 3.68953e-04
 3.68953e-04
 3.48548e-04
 3.48548e-04
 3.48548e-04
 3.48548e-04
 3.48548e-04
 3.56260e-04
 3.56260e-04
 3.56260e-04
 3.56260e-04
 3.56260e-04
 4.54806e-04
 4.54806e-04
 4.54806e-04
 4.54806e-04
 4.54806e-04
 4.13362e-04
 4.13362e-04
 4.13362e-04
 4.13362e-04
 4.13362e-04
 3.05836e-04
 3.05836e-04
 3.05836e-04
 3.05836e-04
 3.05836e-04
 1.70425e-04
 1.70425e-04
 1.70425e-04
 1.70425e-04
 1.70425e-04
 1.23547e-04
 1.23547e-04
 1.23547e-04
 1.23547e-04
 1.23547e-04
 3.70473e-05
 3.70473e-05
 3.70473e-05
 3.70473e-05
 3.70473e-05
 1.88668e-06
 1.88668e-06
 1.88668e-06
 1.88668e-06
 1.88668e-06
 0.00000e+00
 0.00000e+00
 0.00000e+00
 0.00000e+00
 0.00000e+00
 5.84476e-04
 5.84476e-04
 5.84476e-04
 5.84476e-04
 5.84476e-04
 3.66032e-03
 3.66032e-03
 3.66032e-03
 3.66032e-03
 3.66032e-03
 5.21023e-03
 5.21023e-03
 5.21023e-03
 5.21023e-03
 5.21023e-03
 1.00641e-02
 1.00641e-02
 1.00641e-02
 1.00641e-02
 1.00641e-02
 2.06898e-02
 2.06898e-02
 2.06898e-02
 2.06898e-02
 2.06898e-02
 3.65478e-02
 3.65478e-02
 3.65478e-02
 3.65478e-02
 3.65478e-02
 4.70338e-02
 4.70338e-02
 4.70338e-02
 4.70338e-02
 4.70338e-02
 4.54593e-02
 4.54593e-02
 4.54593e-02
 4.54593e-02
 4.54593e-02
 3.77154e-02
 3.77154e-02
 3.77154e-02
 3.77154e-02
 3.77154e-02
 2.59721e-02
 2.59721e-02
 2.59721e-02
 2.59721e-02
 2.59721e-02
 1.33636e-02
 1.33636e-02
 1.33636e-02
 1.33636e-02
 1.33636e-02
 3.37673e-04
 3.37673e-04
 3.37673e-04
 3.37673e-04
 3.37673e-04
 3.69616e-04
 3.69616e-04
 3.69616e-04
 3.69616e-04
 3.69616e-04
 3.92987e-04
 3.92987e-04
 3.92987e-04
 3.92987e-04
 3.92987e-04
 3.68953e-04
 3.68953e-04
 3.68953e-04
 3.68953e-04
 3.68953e-04
 3.48548e-04
 3.48548e-04
 3.48548e-04
 3.48548e-04
 3.48548e-04
 3.56260e-04
 3.56260e-04
 3.56260e-04
 3.56260e-04
 3.56260e-04
 4.54806e-04
 4.54806e-04
 4.54806e-04
 4.54806e-04
 4.54806e-04
 4.13362e-04
 4.13362e-04
 4.13362e-04
 4.13362e-04
 4.13362e-04
 3.05836e-04
 3.05836e-04
 3.05836e-04
 3.05836e-04
 3.05836e-04
 1.70425e-04
 1.70425e-04
 1.70425e-04
 1.70425e-04
 1.70425e-04
 1.23547e-04
 1.23547e-04
 1.23547e-04
 1.23547e-04
 1.23547e-04
 3.70473e-05
 3.70473e-05
 3.70473e-05
 3.70473e-05
 3.70473e-05
 1.88668e-06
 1.88668e-06
 1.88668e-06
 1.88668e-06
 1.88668e-06
 0.00000e+00
 0.00000e+00
 0.00000e+00
 0.00000e+00
 0.00000e+00
 5.84476e-04
 5.84476e-04
 5.84476e-04
 5.84476e-04
 5.84476e-04
 3.66032e-03
 3.66032e-03
 3.66032e-03
 3.66032e-03
 3.66032e-03
 5.21023e-03
 5.21023e-03
 5.21023e-03
 5.21023e-03
 5.21023e-03
 1.00641e-02
 1.00641e-02
 1.00641e-02
 1.00641e-02
 1.00641e-02
 2.06898e-02
 2.06898e-02
 2.06898e-02
 2.06898e-02
 2.06898e-02
 3.65478e-02
 3.65478e-02
 3.65478e-02
 3.65478e-02
 3.65478e-02
 4.70338e-02
 4.70338e-02
 4.70338e-02
 4.70338e-02
 4.70338e-02
 4.54593e-02
 4.54593e-02
 4.54593e-02
 4.54593e-02
 4.54593e-02
 3.77154e-02
 3.77154e-02
 3.77154e-02
 3.77154e-02
 3.77154e-02
 2.59721e-02
 2.59721e-02
 2.59721e-02
 2.59721e-02
 2.59721e-02
 1.33636e-02
 1.33636e-02
 1.33636e-02
 1.33636e-02
 1.33636e-02
 3.37673e-04
 3.37673e-04
 3.37673e-04
 3.37673e-04
 3.37673e-04
 3.69616e-04
 3.69616e-04
 3.69616e-04
 3.69616e-04
 3.69616e-04
 3.92987e-04
 3.92987e-04
 3.92987e-04
 3.92987e-04
 3.92987e-04
 3.68953e-04
 3.68953e-04
 3.68953e-04
 3.68953e-04
 3.68953e-04
 3.48548e-04
 3.48548e-04
 3.48548e-04
 3.48548e-04
 3.48548e-04
 3.56260e-04
 3.56260e-04
 3.56260e-04
 3.56260e-04
 3.56260e-04
 4.54806e-04
 4.54806e-04
 4.54806e-04
 4.54806e-04
 4.54806e-04
 4.13362e-04
 4.13362e-04
 4.13362e-04
 4.13362e-04
 4.13362e-04
 3.05836e-04
 3.05836e-04
 3.05836e-04
 3.05836e-04
 3.05836e-04
 1.70425e-04
 1.70425e-04
 1.70425e-04
 1.70425e-04
 1.70425e-04
 1.23547e-04
 1.23547e-04
 1.23547e-04
 1.23547e-04
 1.23547e-04
 3.70473e-05
 3.70473e-05
 3.70473e-05
 3.70473e-05
 3.70473e-05
 1.88668e-06
 1.88668e-06
 1.88668e-06
 1.88668e-06
 1.88668e-06
 0.00000e+00
 0.00000e+00
 0.00000e+00
 0.00000e+00
 0.00000e+00
 5.84476e-04
 5.84476e-04
 5.84476e-04
 5.84476e-04
 5.84476e-04
 3.66032e-03
 3.66032e-03
 3.66032e-03
 3.66032e-03
 3.66032e-03
 5.21023e-03
 5.21023e-03
 5.21023e-03
 5.21023e-03
 5.21023e-03
 1.00641e-02
 1.00641e-02
 1.00641e-02
 1.00641e-02
 1.00641e-02
 2.06898e-02
 2.06898e-02
 2.06898e-02
 2.06898e-02
 2.06898e-02
 3.65478e-02
 3.65478e-02
 3.65478e-02
 3.65478e-02
 3.65478e-02
 4.70338e-02
 4.70338e-02
 4.70338e-02
 4.70338e-02
 4.70338e-02
 4.54593e-02
 4.54593e-02
 4.54593e-02
 4.54593e-02
 4.54593e-02
 3.77154e-02
 3.77154e-02
 3.77154e-02
 3.77154e-02
 3.77154e-02
 2.59721e-02
 2.59721e-02
 2.59721e-02
 2.59721e-02
 2.59721e-02
 1.33636e-02
 1.33636e-02
 1.33636e-02
 1.33636e-02
 1.33636e-02
 3.37673e-04
 3.37673e-04
 3.37673e-04
 3.37673e-04
 3.37673e-04
 3.69616e-04
 3.69616e-04
 3.69616e-04
 3.69616e-04
 3.69616e-04
 3.92987e-04
 3.92987e-04
 3.92987e-04
 3.92987e-04
 3.92987e-04
 3.68953e-04
 3.68953e-04
 3.68953e-04
 3.68953e-04
 3.68953e-04
 3.48548e-04
 3.48548e-04
 3.48548e-04
 3.48548e-04
 3.48548e-04
 3.56260e-04
 3.56260e-04
 3.56260e-04
 3.56260e-04
 3.56260e-04
 4.54806e-04
 4.54806e-04
 4.54806e-04
 4.54806e-04
 4.54806e-04
 4.13362e-04
 4.13362e-04
 4.13362e-04
 4.13362e-04
 4.13362e-04
 3.05836e-04
 3.05836e-04
 3.05836e-04
 3.05836e-04
 3.05836e-04
 1.70425e-04
 1.70425e-04
 1.70425e-04
 1.70425e-04
 1.70425e-04
 1.23547e-04
 1.23547e-04
 1.23547e-04
 1.23547e-04
 1.23547e-04
 3.70473e-05
 3.70473e-05
 3.70473e-05
 3.70473e-05
 3.70473e-05
 1.88668e-06
 1.88668e-06
 1.88668e-06
 1.88668e-06
 1.88668e-06
 0.00000e+00
 0.00000e+00
 0.00000e+00
 0.00000e+00
 0.00000e+00
 5.84476e-04
 5.84476e-04
 5.84476e-04
 5.84476e-04
 5.84476e-04
 3.66032e-03
 3.66032e-03
 3.66032e-03
 3.66032e-03
 3.66032e-03
 5.21023e-03
 5.21023e-03
 5.21023e-03
 5.21023e-03
 5.21023e-03
 1.00641e-02
 1.00641e-02
 1.00641e-02
 1.00641e-02
 1.00641e-02
 2.06898e-02
 2.06898e-02
 2.06898e-02
 2.06898e-02
 2.06898e-02
 3.65478e-02
 3.65478e-02
 3.65478e-02
 3.65478e-02
 3.65478e-02
 4.70338e-02
 4.70338e-02
 4.70338e-02
 4.70338e-02
 4.70338e-02
 4.54593e-02
 4.54593e-02
 4.54593e-02
 4.54593e-02
 4.54593e-02
 3.77154e-02
 3.77154e-02
 3.77154e-02
 3.77154e-02
 3.77154e-02
 2.59721e-02
 2.59721e-02
 2.59721e-02
 2.59721e-02
 2.59721e-02
 1.33636e-02
 1.33636e-02
 1.33636e-02
 1.33636e-02
 1.33636e-02
part
         4
hexa8
 5.10961e-03
 5.10961e-03
 5.10961e-03
 5.10961e-03
 5.10961e-03
 1.58093e-03
 1.58093e-03
 1.58093e-03
 1.58093e-03
 1.58093e-03
 4.37760e-04
 4.37760e-04
 4.37760e-04
 4.37760e-04
 4.37760e-04
 1.14282e-04
 1.14282e-04
 1.14282e-04
 1.14282e-04
 1.14282e-04
 2.85072e-05
 2.85072e-05
 2.85072e-05
 2.85072e-05
 2.85072e-05
 6.81246e-06
 6.81246e-06
 6.81246e-06
 6.81246e-06
 6.81246e-06
 1.56015e-06
 1.56015e-06
 1.56015e-06
 1.56015e-06
 1.56015e-06
 3.42412e-07
 3.42412e-07
 3.42412e-07
 3.42412e-07
 3.42412e-07
 7.20325e-08
 7.20325e-08
 7.20325e-08
 7.20325e-08
 7.20325e-08
 1.45305e-08
 1.45305e-08
 1.45305e-08
 1.45305e-08
 1.45305e-08
 2.81211e-09
 2.81211e-09
 2.81211e-09
 2.81211e-09
 2.81211e-09
 5.22354e-10
 5.22357e-10
 5.22355e-10
 5.22359e-10
 5.22360e-10
 9.31470e-11
 9.31510e-11
 9.31470e-11
 9.31476e-11
 9.31430e-11
 1.59437e-11
 1.59409e-11
 1.59443e-11
 1.59409e-11
 1.59443e-11
 2.61452e-12
 2.61849e-12
 2.62132e-12
 2.61792e-12
 2.61724e-12
 4.12533e-13
 4.09588e-13
 4.10155e-13
 4.10155e-13
 4.12533e-13
 6.56972e-14
 6.15062e-14
 6.16195e-14
 5.93541e-14
 6.04868e-14
 4.64411e-15
 9.28823e-15
 9.85458e-15
 1.09873e-14
 1.14404e-14
 1.69907e-15
 2.83178e-15
 3.51140e-15
 1.82329e-29
 2.05753e-29
 2.26542e-15
 4.53084e-15
 5.66355e-16
 0.00000e+00
 2.94505e-15
 9.44678e-31
 5.66355e-16
 1.13271e-15
 2.21626e-30
 1.13271e-15
 5.66355e-16
 5.66355e-16
 1.69907e-15
 5.68271e-46
 1.88427e-30
 1.24598e-15
 1.62398e-29
 1.99150e-30
 2.88253e-30
 4.47876e-30
 0.00000e+00
 3.96449e-15
 1.56553e-29
 2.37869e-15
 1.81234e-15
 1.54031e-30
 1.11228e-29
 4.86906e-44
 5.66355e-16
 4.25024e-30
 5.10961e-03
 5.10961e-03
 5.10961e-03
 5.10961e-03
 5.10961e-03
 1.58093e-03
 1.58093e-03
 1.58093e-03
 1.58093e-03
 1.58093e-03
 4.37760e-04
 4.37760e-04
 4.37760e-04
 4.37760e-04
 4.37760e-04
 1.14282e-04
 1.14282e-04
 1.14282e-04
 1.14282e-04
 1.14282e-04
 2.85072e-05
 2.85072e-05
 2.85072e-05
 2.85072e-05
 2.85072e-05
 6.81246e-06
 6.81246e-06
 6.81246e-06
 6.81246e-06
 6.81246e-06
 1.56015e-06
 1.56015e-06
 1.56015e-06
 1.56015e-06
 1.56015e-06
 3.42412e-07
 3.42412e-07
 3.42412e-07
 3.42412e-07
 3.42412e-07
 7.20325e-08
 7.20325e-08
 7.20325e-08
 7.20325e-08
 7.20325e-08
 1.45305e-08
 1.45305e-08
 1.45305e-08
 1.45305e-08
 1.45305e-08
 2.81211e-09
 2.81212e-09
 2.81211e-09
 2.81211e-09
 2.81211e-09
 5.22357e-10
 5.22358e-10
 5.22357e-10
 5.22360e-10
 5.22363e-10
 9.31511e-11
 9.31493e-11
 9.31498e-11
 9.31446e-11
 9.31441e-11
 1.59426e-11
 1.59454e-11
 1.59409e-11
 1.59409e-11
 1.59431e-11
 2.61498e-12
 2.62302e-12
 2.62245e-12
 2.61577e-12
 2.62075e-12
 4.13100e-13
 4.12420e-13
 4.07323e-13
 4.11967e-13
 4.16611e-13
 6.33185e-14
 6.51309e-14
 6.04868e-14
 5.93541e-14
 6.17327e-14
 1.21200e-14
 1.04209e-14
 1.03077e-14
 6.90954e-15
 1.38191e-14
 3.52914e-29
 4.16033e-29
 2.97140e-29
 3.96449e-15
 1.13271e-15
 3.51140e-15
 3.96449e-15
 1.13271e-15
 1.47732e-30
 2.26542e-15
 1.26938e-29
 1.18447e-29
 1.69907e-15
 3.75081e-30
 1.13271e-15
 2.37869e-15
 4.53084e-16
 1.69907e-15
 4.27371e-31
 4.53084e-16
 1.69907e-15
 2.65038e-30
 8.64554e-30
 5.17031e-30
 1.76870e-30
 8.37598e-30
 1.69907e-15
 3.51140e-15
 2.71851e-15
 5.66355e-16
 3.96449e-15
 2.37869e-15
 1.36068e-29
 1.01944e-15
 8.72668e-31
 5.10961e-03
 5.10961e-03
 5.10961e-03
 5.10961e-03
 5.10961e-03
 1.58093e-03
 1.58093e-03
 1.58093e-03
 1.58093e-03
 1.58093e-03
 4.37760e-04
 4.37760e-04
 4.37760e-04
 4.37760e-04
 4.37760e-04
 1.14282e-04
 1.14282e-04
 1.14282e-04
 1.14282e-04
 1.14282e-04
 2.85072e-05
 2.85072e-05
 2.85072e-05
 2.85072e-05
 2.85072e-05
 6.81246e-06
 6.81246e-06
 6.81246e-06
 6.81246e-06
 6.81246e-06
 1.56015e-06
 1.56015e-06
 1.56015e-06
 1.56015e-06
 1.56015e-06
 3.42412e-07
 3.42412e-07
 3.42412e-07
 3.42412e-07
 3.42412e-07
 7.20325e-08
 7.20325e-08
 7.20325e-08
 7.20325e-08
 7.20325e-08
 1.45305e-08
 1.45305e-08
 1.45305e-08
 1.45305e-08
 1.45305e-08
 2.81211e-09
 2.81212e-09
 2.81211e-09
 2.81211e-09
 2.81211e-09
 5.22358e-10
 5.22357e-10
 5.22351e-10
 5.22357e-10
 5.22361e-10
 9.31424e-11
 9.31487e-11
 9.31452e-11
 9.31493e-11
 9.31447e-11
 1.59420e-11
 1.59409e-11
 1.59431e-11
 1.59444e-11
 1.59432e-11
 2.61622e-12
 2.61973e-12
 2.61441e-12
 2.61951e-12
 2.61849e-12
 4.09702e-13
 4.13553e-13
 4.11854e-13
 4.13666e-13
 4.13100e-13
 6.28655e-14
 6.39982e-14
 6.21858e-14
 6.00337e-14
 5.99204e-14
 6.90954e-15
 1.04209e-14
 6.45645e-15
 9.17496e-15
 1.42722e-14
 2.37869e-15
 2.30621e-29
 2.26542e-15
 1.53675e-29
 3.16242e-29
 1.17123e-30
 1.00450e-30
 2.66195e-30
 2.94505e-15
 2.94505e-15
 1.13271e-15
 4.53084e-15
 9.80546e-30
 3.33401e-30
 5.66355e-16
 4.93622e-30
 6.35981e-30
 3.39813e-15
 2.76002e-30
 1.69907e-15
 9.27046e-30
 3.39813e-15
 4.07007e-30
 1.69907e-15
 2.03717e-30
 5.66355e-16
 1.13271e-15
 8.95806e-30
 3.39813e-15
 2.26542e-15
 0.00000e+00
 2.37869e-15
 1.08531e-30
 1.10105e-29
 1.69907e-15
 5.10961e-03
 5.10961e-03
 5.10961e-03
 5.10961e-03
 5.10961e-03
 1.58093e-03
 1.58093e-03
 1.58093e-03
 1.58093e-03
 1.58093e-03
 4.37760e-04
 4.37760e-04
 4.37760e-04
 4.37760e-04
 4.37760e-04
 1.14282e-04
 1.14282e-04
 1.14282e-04
 1.14282e-04
 1.14282e-04
 2.85072e-05
 2.85072e-05
 2.85072e-05
 2.85072e-05
 2.85072e-05
 6.81246e-06
 6.81246e-06
 6.81246e-06
 6.81246e-06
 6.81246e-06
 1.56015e-06
 1.56015e-06
 1.56015e-06
 1.56015e-06
 1.56015e-06
 3.42412e-07
 3.42412e-07
 3.42412e-07
 3.42412e-07
 3.42412e-07
 7.20325e-08
 7.20325e-08
 7.20325e-08
 7.20325e-08
 7.20325e-08
 1.45305e-08
 1.45305e-08
 1.45305e-08
 1.45305e-08
 1.45305e-08
 2.81211e-09
 2.81212e-09
 2.81211e-09
 2.81211e-09
 2.81211e-09
 5.22363e-10
 5.22360e-10
 5.22354e-10
 5.22358e-10
 5.22361e-10
 9.31425e-11
 9.31424e-11
 9.31481e-11
 9.31470e-11
 9.31451e-11
 1.59408e-11
 1.59402e-11
 1.59432e-11
 1.59444e-11
 1.59384e-11
 2.61452e-12
 2.61679e-12
 2.61849e-12
 2.61214e-12
 2.61736e-12
 4.13666e-13
 4.12533e-13
 4.14346e-13
 4.14232e-13
 4.13666e-13
 6.22991e-14
 5.93541e-14
 6.62636e-14
 6.21858e-14
 6.34318e-14
 3.39813e-15
 1.04209e-14
 9.17496e-15
 5.66355e-15
 6.45645e-15
 1.69907e-15
 1.69907e-15
 1.13271e-15
 3.96449e-15
 1.24598e-15
 1.81234e-15
 2.93468e-30
 1.69907e-15
 1.69907e-15
 3.71265e-30
 1.69907e-15
 5.55637e-30
 2.92794e-45
 1.81234e-15
 1.01944e-15
 7.02866e-30
 2.04486e-30
 6.87501e-30
 1.11675e-29
 2.26542e-15
 4.53084e-15
 2.83178e-15
 6.79627e-16
 2.26542e-15
 1.24598e-15
 1.32221e-29
 5.51891e-30
 2.37869e-15
 1.00569e-29
 4.42040e-30
 0.00000e+00
 4.07776e-15
 1.07113e-30
 1.24598e-15
 6.79627e-16
 5.10961e-03
 5.10961e-03
 5.10961e-03
 5.10961e-03
 5.10961e-03
 1.58093e-03
 1.58093e-03
 1.58093e-03
 1.58093e-03
 1.58093e-03
 4.37760e-04
 4.37760e-04
 4.37760e-04
 4.37760e-04
 4.37760e-04
 1.14282e-04
 1.14282e-04
 1.14282e-04
 1.14282e-04
 1.14282e-04
 2.85072e-05
 2.85072e-05
 2.85072e-05
 2.85072e-05
 2.85072e-05
 6.81246e-06
 6.81246e-06
 6.81246e-06
 6.81246e-06
 6.81246e-06
 1.56015e-06
 1.56015e-06
 1.56015e-06
 1.56015e-06
 1.56015e-06
 3.42412e-07
 3.42412e-07
 3.42412e-07
 3.42412e-07
 3.42412e-07
 7.20325e-08
 7.20325e-08
 7.20325e-08
 7.20325e-08
 7.20325e-08
 1.45305e-08
 1.45305e-08
 1.45305e-08
 1.45305e-08
 1.45305e-08
 2.81211e-09
 2.81211e-09
 2.81211e-09
 2.81211e-09
 2.81211e-09
 5.22365e-10
 5.22359e-10
 5.22358e-10
 5.22358e-10
 5.22361e-10
 9.31447e-11
 9.31469e-11
 9.31481e-11
 9.31476e-11
 9.31453e-11
 1.59403e-11
 1.59414e-11
 1.59403e-11
 1.59403e-11
 1.59431e-11
 2.61849e-12
 2.61860e-12
 2.61951e-12
 2.61736e-12
 2.61452e-12
 4.10834e-13
 4.14799e-13
 4.16045e-13
 4.15478e-13
 4.12533e-13
 6.16195e-14
 6.51309e-14
 6.22991e-14
 6.04868e-14
 6.51309e-14
 7.58916e-15
 1.38191e-14
 1.33660e-14
 1.04209e-14
 7.58916e-15
 1.24598e-15
 3.19906e-29
 5.66355e-16
 1.13271e-15
 2.26542e-15
 2.14301e-30
 4.07776e-15
 2.31486e-30
 2.49176e-30
 1.69907e-15
 6.79627e-16
 1.24598e-15
 2.74978e-30
 1.71661e-45
 0.00000e+00
 0.00000e+00
 4.79222e-45
 7.22458e-30
 3.60138e-30
 1.13271e-15
 5.66355e-16
 6.82522e-30
 2.37869e-15
 6.79627e-16
 3.32390e-30
 1.13271e-15
 1.69907e-15
 1.69907e-15
 4.91472e-30
 2.83178e-15
 5.66355e-16
 3.60978e-30
 5.86693e-31
 6.01492e-31
 2.26542e-15
