PseudoViscosity
part
         1
hexa8
 0.00000e+00
 1.08416e-15
 1.08416e-15
 0.00000e+00
 2.16832e-15
 1.08416e-15
 0.00000e+00
 2.16832e-15
 0.00000e+00
 1.08416e-15
 0.00000e+00
 0.00000e+00
 0.00000e+00
 0.00000e+00
 4.33663e-15
 1.08416e-15
 0.00000e+00
 8.67326e-15
 0.00000e+00
 0.00000e+00
 3.25247e-15
 2.16832e-15
 0.00000e+00
 0.00000e+00
 0.00000e+00
 1.08416e-15
 0.00000e+00
 1.08416e-15
 0.00000e+00
 0.00000e+00
 2.16832e-15
 0.00000e+00
 0.00000e+00
 0.00000e+00
 0.00000e+00
 3.25247e-15
 0.00000e+00
 4.33663e-15
 0.00000e+00
 0.00000e+00
 0.00000e+00
 0.00000e+00
 1.08416e-15
 0.00000e+00
 0.00000e+00
 5.42079e-15
 6.50495e-15
 0.00000e+00
 0.00000e+00
 0.00000e+00
 1.08416e-15
 1.08416e-15
 0.00000e+00
 1.08416e-15
 0.00000e+00
 2.16832e-15
 0.00000e+00
 2.16832e-15
 0.00000e+00
 3.25247e-15
 0.00000e+00
 1.08416e-15
 2.16832e-15
 0.00000e+00
 0.00000e+00
 8.67326e-15
 0.00000e+00
 0.00000e+00
 1.08416e-15
 0.00000e+00
 0.00000e+00
 0.00000e+00
 0.00000e+00
 0.00000e+00
 0.00000e+00
 0.00000e+00
 0.00000e+00
 0.00000e+00
 1.08416e-15
 1.08416e-15
 1.08416e-15
 1.08416e-15
 2.16832e-15
 1.08416e-15
 0.00000e+00
 0.00000e+00
 2.16832e-15
 0.00000e+00
 0.00000e+00
 0.00000e+00
 1.08416e-15
 0.00000e+00
 0.00000e+00
 3.25247e-15
 0.00000e+00
 6.50495e-15
 0.00000e+00
 0.00000e+00
 0.00000e+00
 0.00000e+00
 2.16832e-15
 1.08416e-15
 2.16832e-15
 1.08416e-15
 0.00000e+00
 0.00000e+00
 0.00000e+00
 1.08416e-15
 0.00000e+00
 0.00000e+00
 0.00000e+00
 5.42079e-15
 0.00000e+00
 3.25247e-15
 1.08416e-15
 0.00000e+00
 4.33663e-15
 0.00000e+00
 3.25247e-15
 3.25247e-15
 0.00000e+00
 3.25247e-15
 0.00000e+00
 0.00000e+00
 0.00000e+00
 0.00000e+00
 0.00000e+00
 0.00000e+00
 0.00000e+00
 3.25247e-15
 0.00000e+00
 1.08416e-15
 0.00000e+00
 0.00000e+00
 0.00000e+00
 0.00000e+00
 0.00000e+00
 1.08416e-15
 2.16832e-15
 0.00000e+00
 2.16832e-15
 0.00000e+00
 1.08416e-15
 0.00000e+00
 5.42079e-15
 0.00000e+00
 4.33663e-15
 0.00000e+00
 0.00000e+00
 0.00000e+00
 0.00000e+00
 1.08416e-15
 0.00000e+00
 0.00000e+00
 1.08416e-15
 0.00000e+00
 0.00000e+00
 4.33663e-15
 0.00000e+00
 0.00000e+00
 0.00000e+00
 0.00000e+00
 3.25247e-15
 0.00000e+00
 4.33663e-15
 1.08416e-15
 0.00000e+00
 1.08416e-15
 0.00000e+00
 4.33663e-15
 0.00000e+00
 1.08416e-15
 0.00000e+00
 0.00000e+00
 0.00000e+00
 0.00000e+00
 1.08416e-15
 0.00000e+00
 0.00000e+00
 0.00000e+00
 2.16832e-15
 0.00000e+00
 1.08416e-15
 0.00000e+00
 0.00000e+00
 1.08416e-15
 0.00000e+00
 0.00000e+00
 0.00000e+00
 3.25247e-15
 2.16832e-15
 0.00000e+00
 2.16832e-15
 0.00000e+00
 1.08416e-15
 0.00000e+00
 3.25247e-15
 0.00000e+00
 0.00000e+00
 0.00000e+00
 0.00000e+00
 0.00000e+00
 0.00000e+00
 1.08416e-15
 2.16832e-15
 1.08416e-15
 2.16832e-15
 0.00000e+00
 0.00000e+00
 0.00000e+00
 0.00000e+00
 1.08416e-15
 0.00000e+00
 5.42079e-15
 3.25247e-15
 0.00000e+00
 0.00000e+00
 0.00000e+00
 0.00000e+00
 3.25247e-15
 0.00000e+00
 0.00000e+00
 0.00000e+00
 0.00000e+00
 0.00000e+00
 1.08416e-15
 2.16832e-15
 0.00000e+00
 0.00000e+00
 0.00000e+00
 0.00000e+00
 1.08416e-15
 0.00000e+00
 0.00000e+00
 0.00000e+00
 0.00000e+00
 2.16832e-15
 2.16832e-15
 0.00000e+00
 0.00000e+00
 1.08416e-15
 0.00000e+00
 0.00000e+00
 0.00000e+00
 0.00000e+00
 2.16832e-15
 3.25247e-15
 0.00000e+00
 0.00000e+00
 0.00000e+00
 1.08416e-15
 1.08416e-15
 0.00000e+00
 0.00000e+00
 2.16832e-15
 0.00000e+00
 2.16832e-15
 4.33663e-15
 0.00000e+00
 0.00000e+00
 0.00000e+00
 0.00000e+00
 2.16832e-15
 0.00000e+00
 5.42079e-15
 5.42079e-15
 0.00000e+00
 0.00000e+00
 0.00000e+00
 0.00000e+00
 0.00000e+00
 3.25247e-15
 0.00000e+00
 0.00000e+00
 0.00000e+00
 0.00000e+00
 1.08416e-15
 0.00000e+00
 0.00000e+00
 0.00000e+00
 0.00000e+00
 0.00000e+00
 4.33663e-15
 0.00000e+00
 0.00000e+00
 1.08416e-15
 0.00000e+00
 0.00000e+00
 0.00000e+00
 4.33663e-15
 0.00000e+00
 1.08416e-15
 1.08416e-15
 0.00000e+00
 0.00000e+00
 0.00000e+00
 3.25247e-15
 0.00000e+00
 0.00000e+00
 0.00000e+00
 1.08416e-15
 0.00000e+00
 0.00000e+00
 1.08416e-15
 0.00000e+00
 1.08416e-15
 0.00000e+00
 0.00000e+00
 2.16832e-15
 1.08416e-15
 0.00000e+00
 0.00000e+00
 0.00000e+00
 0.00000e+00
 0.00000e+00
 1.08416e-15
 3.25247e-15
 0.00000e+00
 0.00000e+00
 3.25247e-15
 0.00000e+00
 0.00000e+00
 0.00000e+00
 0.00000e+00
 0.00000e+00
 0.00000e+00
 0.00000e+00
 3.25247e-15
 0.00000e+00
 0.00000e+00
 2.16832e-15
 0.00000e+00
 0.00000e+00
 0.00000e+00
 0.00000e+00
 0.00000e+00
 4.33663e-15
 3.25247e-15
 1.08416e-15
 0.00000e+00
 0.00000e+00
 3.25247e-15
 0.00000e+00
 0.00000e+00
 0.00000e+00
 0.00000e+00
 2.16832e-15
 0.00000e+00
 0.00000e+00
 0.00000e+00
 0.00000e+00
 0.00000e+00
 0.00000e+00
 1.08416e-15
 2.16832e-15
 0.00000e+00
 1.08416e-15
 0.00000e+00
 3.25247e-15
 0.00000e+00
 2.16832e-15
 0.00000e+00
 0.00000e+00
 0.00000e+00
 5.42079e-15
 0.00000e+00
 3.25247e-15
 0.00000e+00
 0.00000e+00
 2.16832e-15
 1.08416e-15
 0.00000e+00
 0.00000e+00
 0.00000e+00
 0.00000e+00
 1.08416e-15
 0.00000e+00
 0.00000e+00
 0.00000e+00
 0.00000e+00
 1.08416e-15
 1.08416e-15
 0.00000e+00
 0.00000e+00
 2.16832e-15
 0.00000e+00
 4.33663e-15
 3.25247e-15
 0.00000e+00
 1.08416e-15
 3.25247e-15
 0.00000e+00
 4.33663e-15
 0.00000e+00
 0.00000e+00
 2.16832e-15
 1.08416e-15
 0.00000e+00
 0.00000e+00
 0.00000e+00
 1.08416e-15
 0.00000e+00
 1.08416e-15
 0.00000e+00
 0.00000e+00
 0.00000e+00
 0.00000e+00
 0.00000e+00
 0.00000e+00
 0.00000e+00
 0.00000e+00
 2.16832e-15
 3.25247e-15
 0.00000e+00
 4.33663e-15
 7.58911e-15
 0.00000e+00
 0.00000e+00
 0.00000e+00
 4.33663e-15
 0.00000e+00
 0.00000e+00
 0.00000e+00
 0.00000e+00
 0.00000e+00
 1.08416e-15
 0.00000e+00
 2.16832e-15
 0.00000e+00
 0.00000e+00
 0.00000e+00
 1.08416e-15
 1.08416e-15
 4.33663e-15
 0.00000e+00
 0.00000e+00
 0.00000e+00
 1.08416e-15
 0.00000e+00
 5.42079e-15
 0.00000e+00
 0.00000e+00
 0.00000e+00
 2.16832e-15
 0.00000e+00
 3.25247e-15
 0.00000e+00
 0.00000e+00
 0.00000e+00
 0.00000e+00
 1.08416e-15
 0.00000e+00
 0.00000e+00
 0.00000e+00
 0.00000e+00
 0.00000e+00
 0.00000e+00
 0.00000e+00
 0.00000e+00
 0.00000e+00
 0.00000e+00
 3.25247e-15
 0.00000e+00
 1.08416e-15
 0.00000e+00
 4.33663e-15
 0.00000e+00
 0.00000e+00
 4.33663e-15
 1.08416e-15
 1.08416e-15
 0.00000e+00
 0.00000e+00
 0.00000e+00
 0.00000e+00
 0.00000e+00
 0.00000e+00
 0.00000e+00
 0.00000e+00
 0.00000e+00
 3.25247e-15
 0.00000e+00
 4.33663e-15
 0.00000e+00
 0.00000e+00
 2.16832e-15
 0.00000e+00
 0.00000e+00
 0.00000e+00
 1.08416e-15
 0.00000e+00
 0.00000e+00
 0.00000e+00
 0.00000e+00
 9.75742e-15
 2.16832e-15
 0.00000e+00
 0.00000e+00
 0.00000e+00
 0.00000e+00
 0.00000e+00
 0.00000e+00
 0.00000e+00
 0.00000e+00
 0.00000e+00
 0.00000e+00
 2.16832e-15
 0.00000e+00
 1.08416e-15
 1.08416e-15
 0.00000e+00
 1.08416e-15
 0.00000e+00
 0.00000e+00
 0.00000e+00
 3.25247e-15
 0.00000e+00
 4.33663e-15
 0.00000e+00
 0.00000e+00
 0.00000e+00
 5.42079e-15
 0.00000e+00
 0.00000e+00
 0.00000e+00
 1.08416e-15
 1.08416e-15
 1.08416e-15
 0.00000e+00
 0.00000e+00
 0.00000e+00
 0.00000e+00
 0.00000e+00
 0.00000e+00
 0.00000e+00
 0.00000e+00
 3.25247e-15
 2.16832e-15
 0.00000e+00
 0.00000e+00
 6.50495e-15
 0.00000e+00
 6.50495e-15
 1.08416e-15
 0.00000e+00
 0.00000e+00
 9.75742e-15
 0.00000e+00
 0.00000e+00
 0.00000e+00
 0.00000e+00
 1.08416e-15
 0.00000e+00
 1.08416e-15
 0.00000e+00
 1.08416e-15
 0.00000e+00
 0.00000e+00
 0.00000e+00
 1.08416e-15
 0.00000e+00
 2.16832e-15
 0.00000e+00
 4.33663e-15
 0.00000e+00
 0.00000e+00
 0.00000e+00
 5.42079e-15
 0.00000e+00
 5.42079e-15
 3.25247e-15
 0.00000e+00
 0.00000e+00
 0.00000e+00
 0.00000e+00
 0.00000e+00
 0.00000e+00
 1.08416e-15
 0.00000e+00
 0.00000e+00
 0.00000e+00
 0.00000e+00
 0.00000e+00
 0.00000e+00
 0.00000e+00
 0.00000e+00
 0.00000e+00
 3.25247e-15
 0.00000e+00
 3.25247e-15
 0.00000e+00
 0.00000e+00
 0.00000e+00
 0.00000e+00
 1.08416e-15
 0.00000e+00
 0.00000e+00
 0.00000e+00
 0.00000e+00
 0.00000e+00
 2.16832e-15
 0.00000e+00
 0.00000e+00
 0.00000e+00
 0.00000e+00
 2.16832e-15
 0.00000e+00
 1.08416e-15
 1.08416e-15
 0.00000e+00
 0.00000e+00
 0.00000e+00
 0.00000e+00
 0.00000e+00
 3.25247e-15
 6.50495e-15
 0.00000e+00
 2.16832e-15
 0.00000e+00
 0.00000e+00
 6.50495e-15
 0.00000e+00
 0.00000e+00
 0.00000e+00
 0.00000e+00
part
         2
hexa8
 0.00000e+00
 0.00000e+00
 0.00000e+00
 0.00000e+00
 0.00000e+00
 0.00000e+00
 0.00000e+00
 0.00000e+00
 0.00000e+00
 0.00000e+00
 0.00000e+00
 0.00000e+00
 0.00000e+00
 0.00000e+00
 0.00000e+00
 0.00000e+00
 0.00000e+00
 0.00000e+00
 0.00000e+00
 0.00000e+00
 0.00000e+00
 7.22242e-05
 4.02170e-04
 3.90543e-04
 4.43790e-04
 0.00000e+00
 0.00000e+00
 0.00000e+00
 0.00000e+00
 0.00000e+00
 0.00000e+00
 0.00000e+00
 0.00000e+00
 0.00000e+00
 0.00000e+00
 0.00000e+00
 0.00000e+00
 0.00000e+00
 0.00000e+00
 0.00000e+00
 0.00000e+00
 0.00000e+00
 0.00000e+00
 0.00000e+00
 0.00000e+00
 0.00000e+00
 7.22242e-05
 4.02170e-04
 3.90543e-04
 4.43790e-04
 0.00000e+00
 0.00000e+00
 0.00000e+00
 0.00000e+00
 0.00000e+00
 0.00000e+00
 0.00000e+00
 0.00000e+00
 0.00000e+00
 0.00000e+00
 0.00000e+00
 0.00000e+00
 0.00000e+00
 0.00000e+00
 0.00000e+00
 0.00000e+00
 0.00000e+00
 0.00000e+00
 0.00000e+00
 0.00000e+00
 0.00000e+00
 7.22242e-05
 4.02170e-04
 3.90543e-04
 4.43790e-04
 0.00000e+00
 0.00000e+00
 0.00000e+00
 0.00000e+00
 0.00000e+00
 0.00000e+00
 0.00000e+00
 0.00000e+00
 0.00000e+00
 0.00000e+00
 0.00000e+00
 0.00000e+00
 0.00000e+00
 0.00000e+00
 0.00000e+00
 0.00000e+00
 0.00000e+00
 0.00000e+00
 0.00000e+00
 0.00000e+00
 0.00000e+00
 7.22242e-05
 4.02170e-04
 3.90543e-04
 4.43790e-04
 0.00000e+00
 0.00000e+00
 0.00000e+00
 0.00000e+00
 0.00000e+00
 0.00000e+00
 0.00000e+00
 0.00000e+00
 0.00000e+00
 0.00000e+00
 0.00000e+00
 0.00000e+00
 0.00000e+00
 0.00000e+00
 0.00000e+00
 0.00000e+00
 0.00000e+00
 0.00000e+00
 0.00000e+00
 0.00000e+00
 0.00000e+00
 7.22242e-05
 4.02170e-04
 3.90543e-04
 4.43790e-04
 0.00000e+00
 0.00000e+00
 0.00000e+00
 0.00000e+00
 0.00000e+00
 0.00000e+00
 0.00000e+00
 0.00000e+00
 0.00000e+00
 0.00000e+00
 0.00000e+00
 0.00000e+00
 0.00000e+00
 0.00000e+00
 0.00000e+00
 0.00000e+00
 0.00000e+00
 0.00000e+00
 0.00000e+00
 0.00000e+00
 0.00000e+00
 7.22242e-05
 4.02170e-04
 3.90543e-04
 4.43790e-04
 0.00000e+00
 0.00000e+00
 0.00000e+00
 0.00000e+00
 0.00000e+00
 0.00000e+00
 0.00000e+00
 0.00000e+00
 0.00000e+00
 0.00000e+00
 0.00000e+00
 0.00000e+00
 0.00000e+00
 0.00000e+00
 0.00000e+00
 0.00000e+00
 0.00000e+00
 0.00000e+00
 0.00000e+00
 0.00000e+00
 0.00000e+00
 7.22242e-05
 4.02170e-04
 3.90543e-04
 4.43790e-04
 0.00000e+00
 0.00000e+00
 0.00000e+00
 0.00000e+00
 0.00000e+00
 0.00000e+00
 0.00000e+00
 0.00000e+00
 0.00000e+00
 0.00000e+00
 0.00000e+00
 0.00000e+00
 0.00000e+00
 0.00000e+00
 0.00000e+00
 0.00000e+00
 0.00000e+00
 0.00000e+00
 0.00000e+00
 0.00000e+00
 0.00000e+00
 7.22242e-05
 4.02170e-04
 3.90543e-04
 4.43790e-04
 0.00000e+00
 0.00000e+00
 0.00000e+00
 0.00000e+00
 0.00000e+00
 0.00000e+00
 0.00000e+00
 0.00000e+00
 0.00000e+00
 0.00000e+00
 0.00000e+00
 0.00000e+00
 0.00000e+00
 0.00000e+00
 0.00000e+00
 0.00000e+00
 0.00000e+00
 0.00000e+00
 0.00000e+00
 0.00000e+00
 0.00000e+00
 7.22242e-05
 4.02170e-04
 3.90543e-04
 4.43790e-04
 0.00000e+00
 0.00000e+00
 0.00000e+00
 0.00000e+00
 0.00000e+00
 0.00000e+00
 0.00000e+00
 0.00000e+00
 0.00000e+00
 0.00000e+00
 0.00000e+00
 0.00000e+00
 0.00000e+00
 0.00000e+00
 0.00000e+00
 0.00000e+00
 0.00000e+00
 0.00000e+00
 0.00000e+00
 0.00000e+00
 0.00000e+00
 7.22242e-05
 4.02170e-04
 3.90543e-04
 4.43790e-04
 0.00000e+00
 0.00000e+00
 0.00000e+00
 0.00000e+00
 0.00000e+00
 0.00000e+00
 0.00000e+00
 0.00000e+00
 0.00000e+00
 0.00000e+00
 0.00000e+00
 0.00000e+00
 0.00000e+00
 0.00000e+00
 0.00000e+00
 0.00000e+00
 0.00000e+00
 0.00000e+00
 0.00000e+00
 0.00000e+00
 0.00000e+00
 7.22242e-05
 4.02170e-04
 3.90543e-04
 4.43790e-04
 0.00000e+00
 0.00000e+00
 0.00000e+00
 0.00000e+00
 0.00000e+00
 0.00000e+00
 0.00000e+00
 0.00000e+00
 0.00000e+00
 0.00000e+00
 0.00000e+00
 0.00000e+00
 0.00000e+00
 0.00000e+00
 0.00000e+00
 0.00000e+00
 0.00000e+00
 0.00000e+00
 0.00000e+00
 0.00000e+00
 0.00000e+00
 7.22242e-05
 4.02170e-04
 3.90543e-04
 4.43790e-04
 0.00000e+00
 0.00000e+00
 0.00000e+00
 0.00000e+00
 0.00000e+00
 0.00000e+00
 0.00000e+00
 0.00000e+00
 0.00000e+00
 0.00000e+00
 0.00000e+00
 0.00000e+00
 0.00000e+00
 0.00000e+00
 0.00000e+00
 0.00000e+00
 0.00000e+00
 0.00000e+00
 0.00000e+00
 0.00000e+00
 0.00000e+00
 7.22242e-05
 4.02170e-04
 3.90543e-04
 4.43790e-04
 0.00000e+00
 0.00000e+00
 0.00000e+00
 0.00000e+00
 0.00000e+00
 0.00000e+00
 0.00000e+00
 0.00000e+00
 0.00000e+00
 0.00000e+00
 0.00000e+00
 0.00000e+00
 0.00000e+00
 0.00000e+00
 0.00000e+00
 0.00000e+00
 0.00000e+00
 0.00000e+00
 0.00000e+00
 0.00000e+00
 0.00000e+00
 7.22242e-05
 4.02170e-04
 3.90543e-04
 4.43790e-04
 0.00000e+00
 0.00000e+00
 0.00000e+00
 0.00000e+00
 0.00000e+00
 0.00000e+00
 0.00000e+00
 0.00000e+00
 0.00000e+00
 0.00000e+00
 0.00000e+00
 0.00000e+00
 0.00000e+00
 0.00000e+00
 0.00000e+00
 0.00000e+00
 0.00000e+00
 0.00000e+00
 0.00000e+00
 0.00000e+00
 0.00000e+00
 7.22242e-05
 4.02170e-04
 3.90543e-04
 4.43790e-04
 0.00000e+00
 0.00000e+00
 0.00000e+00
 0.00000e+00
 0.00000e+00
 0.00000e+00
 0.00000e+00
 0.00000e+00
 0.00000e+00
 0.00000e+00
 0.00000e+00
 0.00000e+00
 0.00000e+00
 0.00000e+00
 0.00000e+00
 0.00000e+00
 0.00000e+00
 0.00000e+00
 0.00000e+00
 0.00000e+00
 0.00000e+00
 7.22242e-05
 4.02170e-04
 3.90543e-04
 4.43790e-04
 0.00000e+00
 0.00000e+00
 0.00000e+00
 0.00000e+00
 0.00000e+00
 0.00000e+00
 0.00000e+00
 0.00000e+00
 0.00000e+00
 0.00000e+00
 0.00000e+00
 0.00000e+00
 0.00000e+00
 0.00000e+00
 0.00000e+00
 0.00000e+00
 0.00000e+00
 0.00000e+00
 0.00000e+00
 0.00000e+00
 0.00000e+00
 7.22242e-05
 4.02170e-04
 3.90543e-04
 4.43790e-04
 0.00000e+00
 0.00000e+00
 0.00000e+00
 0.00000e+00
 0.00000e+00
 0.00000e+00
 0.00000e+00
 0.00000e+00
 0.00000e+00
 0.00000e+00
 0.00000e+00
 0.00000e+00
 0.00000e+00
 0.00000e+00
 0.00000e+00
 0.00000e+00
 0.00000e+00
 0.00000e+00
 0.00000e+00
 0.00000e+00
 0.00000e+00
 7.22242e-05
 4.02170e-04
 3.90543e-04
 4.43790e-04
 0.00000e+00
 0.00000e+00
 0.00000e+00
 0.00000e+00
 0.00000e+00
 0.00000e+00
 0.00000e+00
 0.00000e+00
 0.00000e+00
 0.00000e+00
 0.00000e+00
 0.00000e+00
 0.00000e+00
 0.00000e+00
 0.00000e+00
 0.00000e+00
 0.00000e+00
 0.00000e+00
 0.00000e+00
 0.00000e+00
 0.00000e+00
 7.22242e-05
 4.02170e-04
 3.90543e-04
 4.43790e-04
 0.00000e+00
 0.00000e+00
 0.00000e+00
 0.00000e+00
 0.00000e+00
 0.00000e+00
 0.00000e+00
 0.00000e+00
 0.00000e+00
 0.00000e+00
 0.00000e+00
 0.00000e+00
 0.00000e+00
 0.00000e+00
 0.00000e+00
 0.00000e+00
 0.00000e+00
 0.00000e+00
 0.00000e+00
 0.00000e+00
 0.00000e+00
 7.22242e-05
 4.02170e-04
 3.90543e-04
 4.43790e-04
 0.00000e+00
 0.00000e+00
 0.00000e+00
 0.00000e+00
 0.00000e+00
 0.00000e+00
 0.00000e+00
 0.00000e+00
 0.00000e+00
 0.00000e+00
 0.00000e+00
 0.00000e+00
 0.00000e+00
 0.00000e+00
 0.00000e+00
 0.00000e+00
 0.00000e+00
 0.00000e+00
 0.00000e+00
 0.00000e+00
 0.00000e+00
 7.22242e-05
 4.02170e-04
 3.90543e-04
 4.43790e-04
 0.00000e+00
 0.00000e+00
 0.00000e+00
 0.00000e+00
 0.00000e+00
 0.00000e+00
 0.00000e+00
 0.00000e+00
 0.00000e+00
 0.00000e+00
 0.00000e+00
 0.00000e+00
 0.00000e+00
 0.00000e+00
 0.00000e+00
 0.00000e+00
 0.00000e+00
 0.00000e+00
 0.00000e+00
 0.00000e+00
 0.00000e+00
 7.22242e-05
 4.02170e-04
 3.90543e-04
 4.43790e-04
 0.00000e+00
 0.00000e+00
 0.00000e+00
 0.00000e+00
 0.00000e+00
 0.00000e+00
 0.00000e+00
 0.00000e+00
 0.00000e+00
 0.00000e+00
 0.00000e+00
 0.00000e+00
 0.00000e+00
 0.00000e+00
 0.00000e+00
 0.00000e+00
 0.00000e+00
 0.00000e+00
 0.00000e+00
 0.00000e+00
 0.00000e+00
 7.22242e-05
 4.02170e-04
 3.90543e-04
 4.43790e-04
 0.00000e+00
 0.00000e+00
 0.00000e+00
 0.00000e+00
 0.00000e+00
 0.00000e+00
 0.00000e+00
 0.00000e+00
 0.00000e+00
 0.00000e+00
 0.00000e+00
 0.00000e+00
 0.00000e+00
 0.00000e+00
 0.00000e+00
 0.00000e+00
 0.00000e+00
 0.00000e+00
 0.00000e+00
 0.00000e+00
 0.00000e+00
 7.22242e-05
 4.02170e-04
 3.90543e-04
 4.43790e-04
 0.00000e+00
 0.00000e+00
 0.00000e+00
 0.00000e+00
 0.00000e+00
 0.00000e+00
 0.00000e+00
 0.00000e+00
 0.00000e+00
 0.00000e+00
 0.00000e+00
 0.00000e+00
 0.00000e+00
 0.00000e+00
 0.00000e+00
 0.00000e+00
 0.00000e+00
 0.00000e+00
 0.00000e+00
 0.00000e+00
 0.00000e+00
 7.22242e-05
 4.02170e-04
 3.90543e-04
 4.43790e-04
part
         3
hexa8
 5.32462e-04
 5.98297e-04
 6.03800e-04
 5.80110e-04
 5.16025e-04
 4.30255e-04
 3.63174e-04
 3.83783e-04
 6.81662e-04
 1.49193e-03
 3.05002e-04
 0.00000e+00
 8.02403e-04
 1.87129e-04
 9.96044e-04
 3.76624e-03
 6.94547e-03
 1.35749e-02
 2.55106e-02
 3.99177e-02
 4.80580e-02
 4.61762e-02
 4.78641e-02
 2.66016e-02
 1.37907e-02
 5.32462e-04
 5.98297e-04
 6.03800e-04
 5.80110e-04
 5.16025e-04
 4.30255e-04
 3.63174e-04
 3.83783e-04
 6.81662e-04
 1.49193e-03
 3.05002e-04
 0.00000e+00
 8.02403e-04
 1.87129e-04
 9.96044e-04
 3.76624e-03
 6.94547e-03
 1.35749e-02
 2.55106e-02
 3.99177e-02
 4.80580e-02
 4.61762e-02
 4.78641e-02
 2.66016e-02
 1.37907e-02
 5.32462e-04
 5.98297e-04
 6.03800e-04
 5.80110e-04
 5.16025e-04
 4.30255e-04
 3.63174e-04
 3.83783e-04
 6.81662e-04
 1.49193e-03
 3.05002e-04
 0.00000e+00
 8.02403e-04
 1.87129e-04
 9.96044e-04
 3.76624e-03
 6.94547e-03
 1.35749e-02
 2.55106e-02
 3.99177e-02
 4.80580e-02
 4.61762e-02
 4.78641e-02
 2.66016e-02
 1.37907e-02
 5.32462e-04
 5.98297e-04
 6.03800e-04
 5.80110e-04
 5.16025e-04
 4.30255e-04
 3.63174e-04
 3.83783e-04
 6.81662e-04
 1.49193e-03
 3.05002e-04
 0.00000e+00
 8.02403e-04
 1.87129e-04
 9.96044e-04
 3.76624e-03
 6.94547e-03
 1.35749e-02
 2.55106e-02
 3.99177e-02
 4.80580e-02
 4.61762e-02
 4.78641e-02
 2.66016e-02
 1.37907e-02
 5.32462e-04
 5.98297e-04
 6.03800e-04
 5.80110e-04
 5.16025e-04
 4.30255e-04
 3.63174e-04
 3.83783e-04
 6.81662e-04
 1.49193e-03
 3.05002e-04
 0.00000e+00
 8.02403e-04
 1.87129e-04
 9.96044e-04
 3.76624e-03
 6.94547e-03
 1.35749e-02
 2.55106e-02
 3.99177e-02
 4.80580e-02
 4.61762e-02
 4.78641e-02
 2.66016e-02
 1.37907e-02
 5.32462e-04
 5.98297e-04
 6.03800e-04
 5.80110e-04
 5.16025e-04
 4.30255e-04
 3.63174e-04
 3.83783e-04
 6.81662e-04
 1.49193e-03
 3.05002e-04
 0.00000e+00
 8.02403e-04
 1.87129e-04
 9.96044e-04
 3.76624e-03
 6.94547e-03
 1.35749e-02
 2.55106e-02
 3.99177e-02
 4.80580e-02
 4.61762e-02
 4.78641e-02
 2.66016e-02
 1.37907e-02
 5.32462e-04
 5.98297e-04
 6.03800e-04
 5.80110e-04
 5.16025e-04
 4.30255e-04
 3.63174e-04
 3.83783e-04
 6.81662e-04
 1.49193e-03
 3.05002e-04
 0.00000e+00
 8.02403e-04
 1.87129e-04
 9.96044e-04
 3.76624e-03
 6.94547e-03
 1.35749e-02
 2.55106e-02
 3.99177e-02
 4.80580e-02
 4.61762e-02
 4.78641e-02
 2.66016e-02
 1.37907e-02
 5.32462e-04
 5.98297e-04
 6.03800e-04
 5.80110e-04
 5.16025e-04
 4.30255e-04
 3.63174e-04
 3.83783e-04
 6.81662e-04
 1.49193e-03
 3.05002e-04
 0.00000e+00
 8.02403e-04
 1.87129e-04
 9.96044e-04
 3.76624e-03
 6.94547e-03
 1.35749e-02
 2.55106e-02
 3.99177e-02
 4.80580e-02
 4.61762e-02
 4.78641e-02
 2.66016e-02
 1.37907e-02
 5.32462e-04
 5.98297e-04
 6.03800e-04
 5.80110e-04
 5.16025e-04
 4.30255e-04
 3.63174e-04
 3.83783e-04
 6.81662e-04
 1.49193e-03
 3.05002e-04
 0.00000e+00
 8.02403e-04
 1.87129e-04
 9.96044e-04
 3.76624e-03
 6.94547e-03
 1.35749e-02
 2.55106e-02
 3.99177e-02
 4.80580e-02
 4.61762e-02
 4.78641e-02
 2.66016e-02
 1.37907e-02
 5.32462e-04
 5.98297e-04
 6.03800e-04
 5.80110e-04
 5.16025e-04
 4.30255e-04
 3.63174e-04
 3.83783e-04
 6.81662e-04
 1.49193e-03
 3.05002e-04
 0.00000e+00
 8.02403e-04
 1.87129e-04
 9.96044e-04
 3.76624e-03
 6.94547e-03
 1.35749e-02
 2.55106e-02
 3.99177e-02
 4.80580e-02
 4.61762e-02
 4.78641e-02
 2.66016e-02
 1.37907e-02
 5.32462e-04
 5.98297e-04
 6.03800e-04
 5.80110e-04
 5.16025e-04
 4.30255e-04
 3.63174e-04
 3.83783e-04
 6.81662e-04
 1.49193e-03
 3.05002e-04
 0.00000e+00
 8.02403e-04
 1.87129e-04
 9.96044e-04
 3.76624e-03
 6.94547e-03
 1.35749e-02
 2.55106e-02
 3.99177e-02
 4.80580e-02
 4.61762e-02
 4.78641e-02
 2.66016e-02
 1.37907e-02
 5.32462e-04
 5.98297e-04
 6.03800e-04
 5.80110e-04
 5.16025e-04
 4.30255e-04
 3.63174e-04
 3.83783e-04
 6.81662e-04
 1.49193e-03
 3.05002e-04
 0.00000e+00
 8.02403e-04
 1.87129e-04
 9.96044e-04
 3.76624e-03
 6.94547e-03
 1.35749e-02
 2.55106e-02
 3.99177e-02
 4.80580e-02
 4.61762e-02
 4.78641e-02
 2.66016e-02
 1.37907e-02
 5.32462e-04
 5.98297e-04
 6.03800e-04
 5.80110e-04
 5.16025e-04
 4.30255e-04
 3.63174e-04
 3.83783e-04
 6.81662e-04
 1.49193e-03
 3.05002e-04
 0.00000e+00
 8.02403e-04
 1.87129e-04
 9.96044e-04
 3.76624e-03
 6.94547e-03
 1.35749e-02
 2.55106e-02
 3.99177e-02
 4.80580e-02
 4.61762e-02
 4.78641e-02
 2.66016e-02
 1.37907e-02
 5.32462e-04
 5.98297e-04
 6.03800e-04
 5.80110e-04
 5.16025e-04
 4.30255e-04
 3.63174e-04
 3.83783e-04
 6.81662e-04
 1.49193e-03
 3.05002e-04
 0.00000e+00
 8.02403e-04
 1.87129e-04
 9.96044e-04
 3.76624e-03
 6.94547e-03
 1.35749e-02
 2.55106e-02
 3.99177e-02
 4.80580e-02
 4.61762e-02
 4.78641e-02
 2.66016e-02
 1.37907e-02
 5.32462e-04
 5.98297e-04
 6.03800e-04
 5.80110e-04
 5.16025e-04
 4.30255e-04
 3.63174e-04
 3.83783e-04
 6.81662e-04
 1.49193e-03
 3.05002e-04
 0.00000e+00
 8.02403e-04
 1.87129e-04
 9.96044e-04
 3.76624e-03
 6.94547e-03
 1.35749e-02
 2.55106e-02
 3.99177e-02
 4.80580e-02
 4.61762e-02
 4.78641e-02
 2.66016e-02
 1.37907e-02
 5.32462e-04
 5.98297e-04
 6.03800e-04
 5.80110e-04
 5.16025e-04
 4.30255e-04
 3.63174e-04
 3.83783e-04
 6.81662e-04
 1.49193e-03
 3.05002e-04
 0.00000e+00
 8.02403e-04
 1.87129e-04
 9.96044e-04
 3.76624e-03
 6.94547e-03
 1.35749e-02
 2.55106e-02
 3.99177e-02
 4.80580e-02
 4.61762e-02
 4.78641e-02
 2.66016e-02
 1.37907e-02
 5.32462e-04
 5.98297e-04
 6.03800e-04
 5.80110e-04
 5.16025e-04
 4.30255e-04
 3.63174e-04
 3.83783e-04
 6.81662e-04
 1.49193e-03
 3.05002e-04
 0.00000e+00
 8.02403e-04
 1.87129e-04
 9.96044e-04
 3.76624e-03
 6.94547e-03
 1.35749e-02
 2.55106e-02
 3.99177e-02
 4.80580e-02
 4.61762e-02
 4.78641e-02
 2.66016e-02
 1.37907e-02
 5.32462e-04
 5.98297e-04
 6.03800e-04
 5.80110e-04
 5.16025e-04
 4.30255e-04
 3.63174e-04
 3.83783e-04
 6.81662e-04
 1.49193e-03
 3.05002e-04
 0.00000e+00
 8.02403e-04
 1.87129e-04
 9.96044e-04
 3.76624e-03
 6.94547e-03
 1.35749e-02
 2.55106e-02
 3.99177e-02
 4.80580e-02
 4.61762e-02
 4.78641e-02
 2.66016e-02
 1.37907e-02
 5.32462e-04
 5.98297e-04
 6.03800e-04
 5.80110e-04
 5.16025e-04
 4.30255e-04
 3.63174e-04
 3.83783e-04
 6.81662e-04
 1.49193e-03
 3.05002e-04
 0.00000e+00
 8.02403e-04
 1.87129e-04
 9.96044e-04
 3.76624e-03
 6.94547e-03
 1.35749e-02
 2.55106e-02
 3.99177e-02
 4.80580e-02
 4.61762e-02
 4.78641e-02
 2.66016e-02
 1.37907e-02
 5.32462e-04
 5.98297e-04
 6.03800e-04
 5.80110e-04
 5.16025e-04
 4.30255e-04
 3.63174e-04
 3.83783e-04
 6.81662e-04
 1.49193e-03
 3.05002e-04
 0.00000e+00
 8.02403e-04
 1.87129e-04
 9.96044e-04
 3.76624e-03
 6.94547e-03
 1.35749e-02
 2.55106e-02
 3.99177e-02
 4.80580e-02
 4.61762e-02
 4.78641e-02
 2.66016e-02
 1.37907e-02
 5.32462e-04
 5.98297e-04
 6.03800e-04
 5.80110e-04
 5.16025e-04
 4.30255e-04
 3.63174e-04
 3.83783e-04
 6.81662e-04
 1.49193e-03
 3.05002e-04
 0.00000e+00
 8.02403e-04
 1.87129e-04
 9.96044e-04
 3.76624e-03
 6.94547e-03
 1.35749e-02
 2.55106e-02
 3.99177e-02
 4.80580e-02
 4.61762e-02
 4.78641e-02
 2.66016e-02
 1.37907e-02
 5.32462e-04
 5.98297e-04
 6.03800e-04
 5.80110e-04
 5.16025e-04
 4.30255e-04
 3.63174e-04
 3.83783e-04
 6.81662e-04
 1.49193e-03
 3.05002e-04
 0.00000e+00
 8.02403e-04
 1.87129e-04
 9.96044e-04
 3.76624e-03
 6.94547e-03
 1.35749e-02
 2.55106e-02
 3.99177e-02
 4.80580e-02
 4.61762e-02
 4.78641e-02
 2.66016e-02
 1.37907e-02
 5.32462e-04
 5.98297e-04
 6.03800e-04
 5.80110e-04
 5.16025e-04
 4.30255e-04
 3.63174e-04
 3.83783e-04
 6.81662e-04
 1.49193e-03
 3.05002e-04
 0.00000e+00
 8.02403e-04
 1.87129e-04
 9.96044e-04
 3.76624e-03
 6.94547e-03
 1.35749e-02
 2.55106e-02
 3.99177e-02
 4.80580e-02
 4.61762e-02
 4.78641e-02
 2.66016e-02
 1.37907e-02
 5.32462e-04
 5.98297e-04
 6.03800e-04
 5.80110e-04
 5.16025e-04
 4.30255e-04
 3.63174e-04
 3.83783e-04
 6.81662e-04
 1.49193e-03
 3.05002e-04
 0.00000e+00
 8.02403e-04
 1.87129e-04
 9.96044e-04
 3.76624e-03
 6.94547e-03
 1.35749e-02
 2.55106e-02
 3.99177e-02
 4.80580e-02
 4.61762e-02
 4.78641e-02
 2.66016e-02
 1.37907e-02
 5.32462e-04
 5.98297e-04
 6.03800e-04
 5.80110e-04
 5.16025e-04
 4.30255e-04
 3.63174e-04
 3.83783e-04
 6.81662e-04
 1.49193e-03
 3.05002e-04
 0.00000e+00
 8.02403e-04
 1.87129e-04
 9.96044e-04
 3.76624e-03
 6.94547e-03
 1.35749e-02
 2.55106e-02
 3.99177e-02
 4.80580e-02
 4.61762e-02
 4.78641e-02
 2.66016e-02
 1.37907e-02
part
         4
hexa8
 5.30742e-03
 1.61807e-03
 4.41541e-04
 1.13071e-04
 2.76143e-05
 6.46112e-06
 1.44829e-06
 3.11053e-07
 6.35256e-08
 1.31037e-08
 2.18837e-09
 2.36940e-10
 2.54788e-11
 2.61213e-12
 2.61334e-13
 2.77577e-14
 1.81819e-15
 0.00000e+00
 0.00000e+00
 0.00000e+00
 6.06063e-16
 0.00000e+00
 0.00000e+00
 1.33334e-15
 0.00000e+00
 5.30742e-03
 1.61807e-03
 4.41541e-04
 1.13071e-04
 2.76143e-05
 6.46112e-06
 1.44829e-06
 3.11053e-07
 6.35256e-08
 1.31037e-08
 2.18837e-09
 2.36937e-10
 2.54808e-11
 2.60849e-12
 2.62668e-13
 2.83637e-14
 0.00000e+00
 6.06063e-16
 1.21213e-15
 0.00000e+00
 0.00000e+00
 2.54546e-15
 0.00000e+00
 1.33334e-15
 0.00000e+00
 5.30742e-03
 1.61807e-03
 4.41541e-04
 1.13071e-04
 2.76143e-05
 6.46112e-06
 1.44829e-06
 3.11053e-07
 6.35256e-08
 1.31037e-08
 2.18838e-09
 2.36939e-10
 2.54783e-11
 2.60789e-12
 2.62062e-13
 2.59395e-14
 3.15153e-15
 3.15153e-15
 0.00000e+00
 0.00000e+00
 0.00000e+00
 0.00000e+00
 1.21213e-15
 2.54546e-15
 0.00000e+00
 5.30742e-03
 1.61807e-03
 4.41541e-04
 1.13071e-04
 2.76143e-05
 6.46112e-06
 1.44829e-06
 3.11053e-07
 6.35256e-08
 1.31037e-08
 2.18838e-09
 2.36937e-10
 2.54869e-11
 2.60231e-12
 2.62546e-13
 2.21819e-14
 6.06063e-15
 2.42425e-15
 0.00000e+00
 0.00000e+00
 1.81819e-15
 0.00000e+00
 1.93940e-15
 0.00000e+00
 3.03031e-15
 5.30742e-03
 1.61807e-03
 4.41541e-04
 1.13071e-04
 2.76143e-05
 6.46112e-06
 1.44829e-06
 3.11053e-07
 6.35256e-08
 1.31037e-08
 2.18838e-09
 2.36934e-10
 2.54900e-11
 2.60607e-12
 2.67637e-13
 2.35152e-14
 1.21213e-15
 0.00000e+00
 0.00000e+00
 0.00000e+00
 1.09091e-15
 1.21213e-15
 0.00000e+00
 0.00000e+00
 7.27275e-16
 5.30742e-03
 1.61807e-03
 4.41541e-04
 1.13071e-04
 2.76143e-05
 6.46112e-06
 1.44829e-06
 3.11053e-07
 6.35256e-08
 1.31037e-08
 2.18838e-09
 2.36936e-10
 2.54808e-11
 2.60655e-12
 2.61334e-13
 2.64243e-14
 0.00000e+00
 3.63638e-15
 1.21213e-15
 3.15153e-15
 0.00000e+00
 6.06063e-16
 2.54546e-15
 0.00000e+00
 0.00000e+00
 5.30742e-03
 1.61807e-03
 4.41541e-04
 1.13071e-04
 2.76143e-05
 6.46112e-06
 1.44829e-06
 3.11053e-07
 6.35256e-08
 1.31037e-08
 2.18838e-09
 2.36938e-10
 2.54801e-11
 2.60486e-12
 2.68849e-13
 2.65455e-14
 2.42425e-15
 2.54546e-15
 1.81819e-15
 0.00000e+00
 1.81819e-15
 0.00000e+00
 3.63638e-15
 0.00000e+00
 1.81819e-15
 5.30742e-03
 1.61807e-03
 4.41541e-04
 1.13071e-04
 2.76143e-05
 6.46112e-06
 1.44829e-06
 3.11053e-07
 6.35256e-08
 1.31037e-08
 2.18838e-09
 2.36934e-10
 2.54861e-11
 2.60365e-12
 2.67516e-13
 2.40001e-14
 4.96971e-15
 0.00000e+00
 0.00000e+00
 0.00000e+00
 0.00000e+00
 0.00000e+00
 7.27275e-16
 1.81819e-15
 0.00000e+00
 5.30742e-03
 1.61807e-03
 4.41541e-04
 1.13071e-04
 2.76143e-05
 6.46112e-06
 1.44829e-06
 3.11053e-07
 6.35256e-08
 1.31037e-08
 2.18838e-09
 2.36936e-10
 2.54875e-11
 2.60971e-12
 2.64486e-13
 2.59395e-14
 5.57578e-15
 0.00000e+00
 2.42425e-15
 0.00000e+00
 1.93940e-15
 0.00000e+00
 1.21213e-15
 0.00000e+00
 0.00000e+00
 5.30742e-03
 1.61807e-03
 4.41541e-04
 1.13071e-04
 2.76143e-05
 6.46112e-06
 1.44829e-06
 3.11053e-07
 6.35256e-08
 1.31037e-08
 2.18838e-09
 2.36939e-10
 2.54882e-11
 2.60413e-12
 2.65092e-13
 2.09698e-14
 2.42425e-15
 0.00000e+00
 5.57578e-15
 2.42425e-15
 1.33334e-15
 1.21213e-15
 6.06063e-16
 0.00000e+00
 1.93940e-15
 5.30742e-03
 1.61807e-03
 4.41541e-04
 1.13071e-04
 2.76143e-05
 6.46112e-06
 1.44829e-06
 3.11053e-07
 6.35256e-08
 1.31037e-08
 2.18838e-09
 2.36941e-10
 2.54807e-11
 2.60789e-12
 2.65213e-13
 2.64243e-14
 4.36365e-15
 1.81819e-15
 1.81819e-15
 0.00000e+00
 1.21213e-15
 6.06063e-16
 1.81819e-15
 0.00000e+00
 0.00000e+00
 5.30742e-03
 1.61807e-03
 4.41541e-04
 1.13071e-04
 2.76143e-05
 6.46112e-06
 1.44829e-06
 3.11053e-07
 6.35256e-08
 1.31037e-08
 2.18838e-09
 2.36937e-10
 2.54857e-11
 2.60546e-12
 2.64486e-13
 2.14546e-14
 2.54546e-15
 0.00000e+00
 1.21213e-15
 0.00000e+00
 6.06063e-16
 1.33334e-15
 0.00000e+00
 0.00000e+00
 6.06063e-16
 5.30742e-03
 1.61807e-03
 4.41541e-04
 1.13071e-04
 2.76143e-05
 6.46112e-06
 1.44829e-06
 3.11053e-07
 6.35256e-08
 1.31037e-08
 2.18838e-09
 2.36935e-10
 2.54882e-11
 2.60231e-12
 2.65092e-13
 2.46061e-14
 5.57578e-15
 0.00000e+00
 3.03031e-15
 0.00000e+00
 1.33334e-15
 0.00000e+00
 0.00000e+00
 0.00000e+00
 1.09091e-15
 5.30742e-03
 1.61807e-03
 4.41541e-04
 1.13071e-04
 2.76143e-05
 6.46112e-06
 1.44829e-06
 3.11053e-07
 6.35256e-08
 1.31037e-08
 2.18837e-09
 2.36943e-10
 2.54840e-11
 2.60716e-12
 2.69334e-13
 2.95759e-14
 0.00000e+00
 0.00000e+00
 1.81819e-15
 6.06063e-16
 4.36365e-15
 1.81819e-15
 1.81819e-15
 0.00000e+00
 3.63638e-15
 5.30742e-03
 1.61807e-03
 4.41541e-04
 1.13071e-04
 2.76143e-05
 6.46112e-06
 1.44829e-06
 3.11053e-07
 6.35256e-08
 1.31037e-08
 2.18838e-09
 2.36939e-10
 2.54813e-11
 2.60971e-12
 2.66910e-13
 1.92728e-14
 3.75759e-15
 0.00000e+00
 2.42425e-15
 6.06063e-16
 0.00000e+00
 0.00000e+00
 0.00000e+00
 0.00000e+00
 0.00000e+00
 5.30742e-03
 1.61807e-03
 4.41541e-04
 1.13071e-04
 2.76143e-05
 6.46112e-06
 1.44829e-06
 3.11053e-07
 6.35256e-08
 1.31037e-08
 2.18838e-09
 2.36937e-10
 2.54881e-11
 2.60413e-12
 2.66304e-13
 1.90304e-14
 7.39397e-15
 6.06063e-16
 0.00000e+00
 0.00000e+00
 1.81819e-15
 3.15153e-15
 1.81819e-15
 0.00000e+00
 0.00000e+00
 5.30742e-03
 1.61807e-03
 4.41541e-04
 1.13071e-04
 2.76143e-05
 6.46112e-06
 1.44829e-06
 3.11053e-07
 6.35256e-08
 1.31037e-08
 2.18838e-09
 2.36937e-10
 2.54851e-11
 2.60789e-12
 2.63880e-13
 1.97576e-14
 4.96971e-15
 0.00000e+00
 4.84850e-16
 2.42425e-15
 2.42425e-15
 0.00000e+00
 2.54546e-15
 3.75759e-15
 0.00000e+00
 5.30742e-03
 1.61807e-03
 4.41541e-04
 1.13071e-04
 2.76143e-05
 6.46112e-06
 1.44829e-06
 3.11053e-07
 6.35256e-08
 1.31037e-08
 2.18837e-09
 2.36941e-10
 2.54858e-11
 2.60413e-12
 2.59516e-13
 2.58183e-14
 2.66668e-15
 0.00000e+00
 1.81819e-15
 0.00000e+00
 0.00000e+00
 0.00000e+00
 0.00000e+00
 2.54546e-15
 0.00000e+00
 5.30742e-03
 1.61807e-03
 4.41541e-04
 1.13071e-04
 2.76143e-05
 6.46112e-06
 1.44829e-06
 3.11053e-07
 6.35256e-08
 1.31037e-08
 2.18838e-09
 2.36940e-10
 2.54807e-11
 2.60534e-12
 2.65092e-13
 2.58183e-14
 3.15153e-15
 1.81819e-15
 4.84850e-16
 0.00000e+00
 1.81819e-15
 0.00000e+00
 1.33334e-15
 1.81819e-15
 0.00000e+00
 5.30742e-03
 1.61807e-03
 4.41541e-04
 1.13071e-04
 2.76143e-05
 6.46112e-06
 1.44829e-06
 3.11053e-07
 6.35256e-08
 1.31037e-08
 2.18838e-09
 2.36939e-10
 2.54832e-11
 2.60728e-12
 2.65698e-13
 2.40001e-14
 0.00000e+00
 0.00000e+00
 1.21213e-15
 0.00000e+00
 1.21213e-15
 0.00000e+00
 0.00000e+00
 0.00000e+00
 2.42425e-15
 5.30742e-03
 1.61807e-03
 4.41541e-04
 1.13071e-04
 2.76143e-05
 6.46112e-06
 1.44829e-06
 3.11053e-07
 6.35256e-08
 1.31037e-08
 2.18837e-09
 2.36939e-10
 2.54851e-11
 2.60546e-12
 2.63880e-13
 2.33940e-14
 7.39397e-15
 7.27275e-16
 0.00000e+00
 1.81819e-15
 6.06063e-16
 6.06063e-16
 0.00000e+00
 6.06063e-16
 0.00000e+00
 5.30742e-03
 1.61807e-03
 4.41541e-04
 1.13071e-04
 2.76143e-05
 6.46112e-06
 1.44829e-06
 3.11053e-07
 6.35256e-08
 1.31037e-08
 2.18838e-09
 2.36939e-10
 2.54882e-11
 2.60413e-12
 2.63274e-13
 2.09698e-14
 2.42425e-15
 1.33334e-15
 0.00000e+00
 3.75759e-15
 0.00000e+00
 3.15153e-15
 1.09091e-15
 0.00000e+00
 0.00000e+00
 5.30742e-03
 1.61807e-03
 4.41541e-04
 1.13071e-04
 2.76143e-05
 6.46112e-06
 1.44829e-06
 3.11053e-07
 6.35256e-08
 1.31037e-08
 2.18838e-09
 2.36937e-10
 2.54837e-11
 2.61104e-12
 2.63274e-13
 2.83637e-14
 1.93940e-15
 0.00000e+00
 1.21213e-15
 1.21213e-15
 2.42425e-15
 0.00000e+00
 0.00000e+00
 0.00000e+00
 1.93940e-15
 5.30742e-03
 1.61807e-03
 4.41541e-04
 1.13071e-04
 2.76143e-05
 6.46112e-06
 1.44829e-06
 3.11053e-07
 6.35256e-08
 1.31037e-08
 2.18838e-09
 2.36937e-10
 2.54887e-11
 2.60849e-12
 2.62668e-13
 3.03031e-14
 0.00000e+00
 1.81819e-15
 0.00000e+00
 0.00000e+00
 0.00000e+00
 0.00000e+00
 7.27275e-16
 0.00000e+00
 0.00000e+00
 5.30742e-03
 1.61807e-03
 4.41541e-04
 1.13071e-04
 2.76143e-05
 6.46112e-06
 1.44829e-06
 3.11053e-07
 6.35256e-08
 1.31037e-08
 2.18838e-09
 2.36939e-10
 2.54845e-11
 2.60849e-12
 2.60243e-13
 2.77577e-14
 1.33334e-15
 0.00000e+00
 0.00000e+00
 1.81819e-15
 0.00000e+00
 0.00000e+00
 1.81819e-15
 0.00000e+00
 0.00000e+00
