Velocity
part
         1
coordinates
 0.00000e+00
 0.00000e+00
 0.00000e+00
 0.00000e+00
 0.00000e+00
 0.00000e+00
 0.00000e+00
 0.00000e+00
 0.00000e+00
 0.00000e+00
 0.00000e+00
 0.00000e+00
 0.00000e+00
 0.00000e+00
 0.00000e+00
 0.00000e+00
 0.00000e+00
 0.00000e+00
 0.00000e+00
 0.00000e+00
 0.00000e+00
 0.00000e+00
 0.00000e+00
 0.00000e+00
 0.00000e+00
 0.00000e+00
 0.00000e+00
 1.30104e-16
 3.13385e-13
 9.85277e-12
 2.80155e-10
 7.29945e-09
 1.05064e-07
 1.08312e-06
 9.52770e-06
 7.14581e-05
 4.48853e-04
 2.30594e-03
 9.42321e-03
 2.98978e-02
 7.33527e-02
 1.43357e-01
 2.35906e-01
 3.46084e-01
 4.72153e-01
 6.14593e-01
 7.72429e-01
 9.29141e-01
 9.91472e-01
 9.35596e-01
 9.32841e-01
 9.31908e-01
 9.30338e-01
 9.27969e-01
 9.24743e-01
 9.20779e-01
 9.16359e-01
 9.11679e-01
 9.06712e-01
 9.02080e-01
 8.99997e-01
 8.99094e-01
 8.84208e-01
 8.40287e-01
 7.52898e-01
 6.14978e-01
 4.36266e-01
 2.51637e-01
 1.10722e-01
 3.72817e-02
 1.05229e-02
 2.72435e-03
 6.74484e-04
 1.61768e-04
 3.77075e-05
 8.54723e-06
 1.88381e-06
 4.03427e-07
 8.36714e-08
 1.64827e-08
 2.91500e-09
 5.00148e-10
 8.38740e-11
 1.37360e-11
 2.17361e-12
 4.37931e-13
 0.00000e+00
 0.00000e+00
 0.00000e+00
 0.00000e+00
 0.00000e+00
 0.00000e+00
 0.00000e+00
 0.00000e+00
 0.00000e+00
 0.00000e+00
 0.00000e+00
 0.00000e+00
 0.00000e+00
 0.00000e+00
 0.00000e+00
 0.00000e+00
 0.00000e+00
 0.00000e+00
 0.00000e+00
 0.00000e+00
 0.00000e+00
 0.00000e+00
 0.00000e+00
 0.00000e+00
 0.00000e+00
 0.00000e+00
 0.00000e+00
 0.00000e+00
 0.00000e+00
 0.00000e+00
 0.00000e+00
 0.00000e+00
 0.00000e+00
 0.00000e+00
 0.00000e+00
 0.00000e+00
 0.00000e+00
 0.00000e+00
 0.00000e+00
 0.00000e+00
 0.00000e+00
 0.00000e+00
 1.52656e-16
 3.12778e-13
 9.87336e-12
 2.81140e-10
 7.35525e-09
 1.05097e-07
 1.08314e-06
 9.52768e-06
 7.14581e-05
 4.48853e-04
 2.30594e-03
 9.42321e-03
 2.98978e-02
 7.33527e-02
 1.43357e-01
 2.35906e-01
 3.46084e-01
 4.72153e-01
 6.14593e-01
 7.72429e-01
 9.29141e-01
 9.91472e-01
 9.35596e-01
 9.32841e-01
 9.31908e-01
 9.30338e-01
 9.27969e-01
 9.24743e-01
 9.20779e-01
 9.16359e-01
 9.11679e-01
 9.06712e-01
 9.02080e-01
 8.99997e-01
 8.99094e-01
 8.84208e-01
 8.40287e-01
 7.52898e-01
 6.14978e-01
 4.36266e-01
 2.51637e-01
 1.10722e-01
 3.72817e-02
 1.05229e-02
 2.72435e-03
 6.74484e-04
 1.61768e-04
 3.77075e-05
 8.54723e-06
 1.88381e-06
 4.03427e-07
 8.36714e-08
 1.64827e-08
 2.91500e-09
 5.00150e-10
 8.38724e-11
 1.37343e-11
 2.17188e-12
 4.45733e-13
 0.00000e+00
 0.00000e+00
 0.00000e+00
 0.00000e+00
 0.00000e+00
 0.00000e+00
 0.00000e+00
 0.00000e+00
 0.00000e+00
 0.00000e+00
 0.00000e+00
 0.00000e+00
 0.00000e+00
 0.00000e+00
 0.00000e+00
 0.00000e+00
 0.00000e+00
 0.00000e+00
 0.00000e+00
 0.00000e+00
 0.00000e+00
 0.00000e+00
 0.00000e+00
 0.00000e+00
 0.00000e+00
 0.00000e+00
 0.00000e+00
 0.00000e+00
 0.00000e+00
 0.00000e+00
 0.00000e+00
 0.00000e+00
 0.00000e+00
 0.00000e+00
 0.00000e+00
 0.00000e+00
 0.00000e+00
 0.00000e+00
 0.00000e+00
 0.00000e+00
 0.00000e+00
 0.00000e+00
 1.75207e-16
 3.12773e-13
 9.91205e-12
 2.83052e-10
 7.41791e-09
 1.05144e-07
 1.08317e-06
 9.52767e-06
 7.14580e-05
 4.48853e-04
 2.30594e-03
 9.42321e-03
 2.98978e-02
 7.33527e-02
 1.43357e-01
 2.35906e-01
 3.46084e-01
 4.72153e-01
 6.14593e-01
 7.72429e-01
 9.29141e-01
 9.91472e-01
 9.35596e-01
 9.32841e-01
 9.31908e-01
 9.30338e-01
 9.27969e-01
 9.24743e-01
 9.20779e-01
 9.16359e-01
 9.11679e-01
 9.06712e-01
 9.02080e-01
 8.99997e-01
 8.99094e-01
 8.84208e-01
 8.40287e-01
 7.52898e-01
 6.14978e-01
 4.36266e-01
 2.51637e-01
 1.10722e-01
 3.72817e-02
 1.05229e-02
 2.72435e-03
 6.74484e-04
 1.61768e-04
 3.77075e-05
 8.54723e-06
 1.88381e-06
 4.03427e-07
 8.36714e-08
 1.64827e-08
 2.91500e-09
 5.00142e-10
 8.38817e-11
 1.37274e-11
 2.17334e-12
 4.45086e-13
 0.00000e+00
 0.00000e+00
 0.00000e+00
 0.00000e+00
 0.00000e+00
 0.00000e+00
 0.00000e+00
 0.00000e+00
 0.00000e+00
 0.00000e+00
 0.00000e+00
 0.00000e+00
 0.00000e+00
 0.00000e+00
 0.00000e+00
 0.00000e+00
 0.00000e+00
 0.00000e+00
 0.00000e+00
 0.00000e+00
 0.00000e+00
 0.00000e+00
 0.00000e+00
 0.00000e+00
 0.00000e+00
 0.00000e+00
 0.00000e+00
 0.00000e+00
 0.00000e+00
 0.00000e+00
 0.00000e+00
 0.00000e+00
 0.00000e+00
 0.00000e+00
 0.00000e+00
 0.00000e+00
 0.00000e+00
 0.00000e+00
 0.00000e+00
 0.00000e+00
 0.00000e+00
 0.00000e+00
 1.91687e-16
 3.13164e-13
 9.94394e-12
 2.84201e-10
 7.42619e-09
 1.05161e-07
 1.08318e-06
 9.52769e-06
 7.14581e-05
 4.48853e-04
 2.30594e-03
 9.42321e-03
 2.98978e-02
 7.33527e-02
 1.43357e-01
 2.35906e-01
 3.46084e-01
 4.72153e-01
 6.14593e-01
 7.72429e-01
 9.29141e-01
 9.91472e-01
 9.35596e-01
 9.32841e-01
 9.31908e-01
 9.30338e-01
 9.27969e-01
 9.24743e-01
 9.20779e-01
 9.16359e-01
 9.11679e-01
 9.06712e-01
 9.02080e-01
 8.99997e-01
 8.99094e-01
 8.84208e-01
 8.40287e-01
 7.52898e-01
 6.14978e-01
 4.36266e-01
 2.51637e-01
 1.10722e-01
 3.72817e-02
 1.05229e-02
 2.72435e-03
 6.74484e-04
 1.61768e-04
 3.77075e-05
 8.54723e-06
 1.88381e-06
 4.03427e-07
 8.36714e-08
 1.64827e-08
 2.91501e-09
 5.00147e-10
 8.38807e-11
 1.37333e-11
 2.16906e-12
 4.44452e-13
 0.00000e+00
 0.00000e+00
 0.00000e+00
 0.00000e+00
 0.00000e+00
 0.00000e+00
 0.00000e+00
 0.00000e+00
 0.00000e+00
 0.00000e+00
 0.00000e+00
 0.00000e+00
 0.00000e+00
 0.00000e+00
 0.00000e+00
 0.00000e+00
 0.00000e+00
 0.00000e+00
 0.00000e+00
 0.00000e+00
 0.00000e+00
 0.00000e+00
 0.00000e+00
 0.00000e+00
 0.00000e+00
 0.00000e+00
 0.00000e+00
 0.00000e+00
 0.00000e+00
 0.00000e+00
 0.00000e+00
 0.00000e+00
 0.00000e+00
 0.00000e+00
 0.00000e+00
 0.00000e+00
 0.00000e+00
 0.00000e+00
 0.00000e+00
 0.00000e+00
 0.00000e+00
 0.00000e+00
 1.69136e-16
 3.12980e-13
 9.96172e-12
 2.84473e-10
 7.42787e-09
 1.05165e-07
 1.08319e-06
 9.52770e-06
 7.14581e-05
 4.48853e-04
 2.30594e-03
 9.42321e-03
 2.98978e-02
 7.33527e-02
 1.43357e-01
 2.35906e-01
 3.46084e-01
 4.72153e-01
 6.14593e-01
 7.72429e-01
 9.29141e-01
 9.91472e-01
 9.35596e-01
 9.32841e-01
 9.31908e-01
 9.30338e-01
 9.27969e-01
 9.24743e-01
 9.20779e-01
 9.16359e-01
 9.11679e-01
 9.06712e-01
 9.02080e-01
 8.99997e-01
 8.99094e-01
 8.84208e-01
 8.40287e-01
 7.52898e-01
 6.14978e-01
 4.36266e-01
 2.51637e-01
 1.10722e-01
 3.72817e-02
 1.05229e-02
 2.72435e-03
 6.74484e-04
 1.61768e-04
 3.77075e-05
 8.54723e-06
 1.88381e-06
 4.03427e-07
 8.36714e-08
 1.64827e-08
 2.91500e-09
 5.00156e-10
 8.38718e-11
 1.37446e-11
 2.16503e-12
 4.44915e-13
 0.00000e+00
 0.00000e+00
 0.00000e+00
 0.00000e+00
 0.00000e+00
 0.00000e+00
 0.00000e+00
 0.00000e+00
 0.00000e+00
 0.00000e+00
 0.00000e+00
 0.00000e+00
 0.00000e+00
 0.00000e+00
 0.00000e+00
 0.00000e+00
 0.00000e+00
 0.00000e+00
 0.00000e+00
 0.00000e+00
 0.00000e+00
 0.00000e+00
 0.00000e+00
 0.00000e+00
 0.00000e+00
 0.00000e+00
 0.00000e+00
 0.00000e+00
 0.00000e+00
 0.00000e+00
 0.00000e+00
 0.00000e+00
 0.00000e+00
 0.00000e+00
 0.00000e+00
 0.00000e+00
 0.00000e+00
 0.00000e+00
 0.00000e+00
 0.00000e+00
 0.00000e+00
 0.00000e+00
 1.30104e-16
 3.13007e-13
 9.96572e-12
 2.84521e-10
 7.42813e-09
 1.05165e-07
 1.08319e-06
 9.52770e-06
 7.14581e-05
 4.48853e-04
 2.30594e-03
 9.42321e-03
 2.98978e-02
 7.33527e-02
 1.43357e-01
 2.35906e-01
 3.46084e-01
 4.72153e-01
 6.14593e-01
 7.72429e-01
 9.29141e-01
 9.91472e-01
 9.35596e-01
 9.32841e-01
 9.31908e-01
 9.30338e-01
 9.27969e-01
 9.24743e-01
 9.20779e-01
 9.16359e-01
 9.11679e-01
 9.06712e-01
 9.02080e-01
 8.99997e-01
 8.99094e-01
 8.84208e-01
 8.40287e-01
 7.52898e-01
 6.14978e-01
 4.36266e-01
 2.51637e-01
 1.10722e-01
 3.72817e-02
 1.05229e-02
 2.72435e-03
 6.74484e-04
 1.61768e-04
 3.77075e-05
 8.54723e-06
 1.88381e-06
 4.03427e-07
 8.36714e-08
 1.64827e-08
 2.91500e-09
 5.00151e-10
 8.38747e-11
 1.37448e-11
 2.16845e-12
 4.37563e-13
 0.00000e+00
 0.00000e+00
 0.00000e+00
 0.00000e+00
 0.00000e+00
 0.00000e+00
 0.00000e+00
 0.00000e+00
 0.00000e+00
 0.00000e+00
 0.00000e+00
 0.00000e+00
 0.00000e+00
 0.00000e+00
 0.00000e+00
 0.00000e+00
 0.00000e+00
 0.00000e+00
 0.00000e+00
 0.00000e+00
 0.00000e+00
 0.00000e+00
 0.00000e+00
 0.00000e+00
 0.00000e+00
 0.00000e+00
 0.00000e+00
 0.00000e+00
 0.00000e+00
 0.00000e+00
 0.00000e+00
 0.00000e+00
 0.00000e+00
 0.00000e+00
 0.00000e+00
 0.00000e+00
 0.00000e+00
 0.00000e+00
 0.00000e+00
 0.00000e+00
 0.00000e+00
 0.00000e+00
 0.00000e+00
 0.00000e+00
 0.00000e+00
 0.00000e+00
 0.00000e+00
 0.00000e+00
 0.00000e+00
 0.00000e+00
 0.00000e+00
 0.00000e+00
 0.00000e+00
 0.00000e+00
 0.00000e+00
 0.00000e+00
 0.00000e+00
 0.00000e+00
 0.00000e+00
 0.00000e+00
 0.00000e+00
 0.00000e+00
 0.00000e+00
 0.00000e+00
 0.00000e+00
 0.00000e+00
 0.00000e+00
 0.00000e+00
 0.00000e+00
 0.00000e+00
 0.00000e+00
 0.00000e+00
 0.00000e+00
 0.00000e+00
 0.00000e+00
 0.00000e+00
 0.00000e+00
 0.00000e+00
 0.00000e+00
 0.00000e+00
 0.00000e+00
 0.00000e+00
 0.00000e+00
 0.00000e+00
 0.00000e+00
 0.00000e+00
 0.00000e+00
 0.00000e+00
 0.00000e+00
 0.00000e+00
 0.00000e+00
 0.00000e+00
 0.00000e+00
 0.00000e+00
 0.00000e+00
 0.00000e+00
 0.00000e+00
 0.00000e+00
 0.00000e+00
 0.00000e+00
 0.00000e+00
 0.00000e+00
 0.00000e+00
 0.00000e+00
 0.00000e+00
 0.00000e+00
 0.00000e+00
 0.00000e+00
 0.00000e+00
 0.00000e+00
 0.00000e+00
 0.00000e+00
 0.00000e+00
 0.00000e+00
 0.00000e+00
 0.00000e+00
 0.00000e+00
 0.00000e+00
-3.77434e-16
 0.00000e+00
 0.00000e+00
 0.00000e+00
 0.00000e+00
 0.00000e+00
 0.00000e+00
 0.00000e+00
 0.00000e+00
 0.00000e+00
 0.00000e+00
 0.00000e+00
 0.00000e+00
 0.00000e+00
 0.00000e+00
 0.00000e+00
 0.00000e+00
 0.00000e+00
 0.00000e+00
 0.00000e+00
 0.00000e+00
 0.00000e+00
 0.00000e+00
 0.00000e+00
 0.00000e+00
 1.17094e-17
-2.80158e-16
 9.71445e-15
 5.12430e-13
 2.89049e-11
 7.34721e-11
 9.77082e-11
 9.50701e-11
 6.42687e-11
 2.58233e-11
-4.56583e-12
-2.37910e-11
-3.11460e-11
-2.76483e-11
-1.33220e-11
-3.92024e-12
 4.21700e-12
 1.20164e-11
 1.33313e-11
 1.25898e-11
-1.89760e-12
-8.05699e-13
 1.96861e-12
 2.13615e-12
 1.82022e-12
 1.55910e-12
 1.30796e-12
 1.06339e-12
 8.56566e-13
 6.53564e-13
 5.08461e-13
 3.74248e-13
 2.42239e-13
 1.42963e-13
 7.30067e-14
 4.26013e-14
 3.44308e-14
 2.50871e-14
 1.60731e-14
 9.99287e-15
 6.19947e-15
 4.56523e-15
 1.06109e-15
 7.52436e-16
 1.59204e-15
 1.51571e-15
 7.88866e-16
-7.97539e-16
-1.36349e-15
-1.54824e-15
-3.60649e-15
-4.99123e-15
-2.27379e-15
-2.40042e-15
-3.91453e-15
-3.81652e-15
-5.21501e-15
-6.94713e-15
-3.89966e-15
 0.00000e+00
 0.00000e+00
 0.00000e+00
 0.00000e+00
 0.00000e+00
 0.00000e+00
 0.00000e+00
-3.77434e-16
-3.77434e-16
 0.00000e+00
 0.00000e+00
 0.00000e+00
 0.00000e+00
 0.00000e+00
 0.00000e+00
 0.00000e+00
 0.00000e+00
-3.77434e-16
 0.00000e+00
 0.00000e+00
 0.00000e+00
 0.00000e+00
 0.00000e+00
 0.00000e+00
 0.00000e+00
 0.00000e+00
 0.00000e+00
 0.00000e+00
 0.00000e+00
 0.00000e+00
 0.00000e+00
 0.00000e+00
 0.00000e+00
 0.00000e+00
 0.00000e+00
 0.00000e+00
 0.00000e+00
 0.00000e+00
 0.00000e+00
 0.00000e+00
 0.00000e+00
 0.00000e+00
-4.33681e-19
 2.96204e-16
 9.64983e-15
 4.82120e-13
 4.37795e-12
 1.46957e-11
 2.78419e-11
 3.90632e-11
 4.92885e-11
 5.49889e-11
 4.80188e-11
 3.81255e-11
 2.34932e-11
 1.95437e-12
-7.20336e-12
-9.77068e-12
-1.25070e-11
-1.23872e-11
-7.83130e-12
 1.32842e-12
 4.26024e-12
 3.58775e-12
 3.31959e-12
 2.89983e-12
 3.01380e-12
 2.47478e-12
 2.05537e-12
 1.67732e-12
 1.32477e-12
 1.04954e-12
 8.00561e-13
 5.68373e-13
 3.66859e-13
 2.12865e-13
 1.22507e-13
 7.69545e-14
 4.90996e-14
 3.78560e-14
 3.51147e-14
 2.32631e-14
 1.92684e-15
 2.65139e-15
 8.57287e-15
 9.22916e-15
 7.87868e-15
 6.80619e-15
 8.60683e-15
 1.23681e-14
 1.34948e-14
 7.58942e-15
 6.72552e-15
 8.89046e-15
 4.72278e-15
 5.08404e-15
 4.09078e-15
 4.54311e-15
 7.76722e-15
 6.82527e-15
 4.21364e-15
 0.00000e+00
 0.00000e+00
 0.00000e+00
 0.00000e+00
 0.00000e+00
 0.00000e+00
 0.00000e+00
-3.77434e-16
-3.77434e-16
 0.00000e+00
 0.00000e+00
 0.00000e+00
 0.00000e+00
 0.00000e+00
 0.00000e+00
 0.00000e+00
 0.00000e+00
-3.77434e-16
 0.00000e+00
 0.00000e+00
 0.00000e+00
 0.00000e+00
 0.00000e+00
 0.00000e+00
 0.00000e+00
 0.00000e+00
 0.00000e+00
 0.00000e+00
 0.00000e+00
 0.00000e+00
 0.00000e+00
 0.00000e+00
 0.00000e+00
 0.00000e+00
 0.00000e+00
 0.00000e+00
 0.00000e+00
 0.00000e+00
 0.00000e+00
 0.00000e+00
 0.00000e+00
 0.00000e+00
 8.67362e-18
-1.01048e-16
 6.69083e-15
 1.24957e-13
 9.42800e-13
 3.21275e-12
 6.79705e-12
 1.17305e-11
 1.81543e-11
 2.52162e-11
 3.05576e-11
 3.10492e-11
 3.52510e-11
 3.08602e-11
 2.50266e-11
 2.49145e-11
 1.53140e-11
 1.09793e-11
 1.10078e-11
 1.10738e-11
 9.52839e-12
 6.24495e-12
 3.53873e-12
 3.18130e-12
 2.73289e-12
 2.38489e-12
 1.98268e-12
 1.63944e-12
 1.32689e-12
 1.02771e-12
 7.72014e-13
 5.58214e-13
 3.81455e-13
 2.38861e-13
 1.39289e-13
 9.06848e-14
 6.10957e-14
 3.05155e-14
 1.52734e-14
 1.76942e-15
-1.42464e-15
-4.51692e-15
-8.09001e-15
-7.33181e-15
-1.40959e-14
-1.90117e-14
-1.56741e-14
-1.05597e-14
-7.60026e-15
-5.29654e-15
-5.14996e-15
-8.36484e-15
-1.05840e-14
-1.21214e-14
-7.13158e-15
-5.70303e-15
-5.84211e-15
-4.06619e-15
-3.89966e-15
 0.00000e+00
 0.00000e+00
 0.00000e+00
 0.00000e+00
 0.00000e+00
 0.00000e+00
 0.00000e+00
-3.77434e-16
-3.77434e-16
 0.00000e+00
 0.00000e+00
 0.00000e+00
 0.00000e+00
 0.00000e+00
 0.00000e+00
 0.00000e+00
 0.00000e+00
-3.77434e-16
 0.00000e+00
 0.00000e+00
 0.00000e+00
 0.00000e+00
 0.00000e+00
 0.00000e+00
 0.00000e+00
 0.00000e+00
 0.00000e+00
 0.00000e+00
 0.00000e+00
 0.00000e+00
 0.00000e+00
 0.00000e+00
 0.00000e+00
 0.00000e+00
 0.00000e+00
 0.00000e+00
 0.00000e+00
 0.00000e+00
 0.00000e+00
 0.00000e+00
 0.00000e+00
 0.00000e+00
-1.95156e-17
-3.46945e-17
 1.98843e-15
 2.83718e-14
 1.83973e-13
 6.24101e-13
 1.43011e-12
 2.98662e-12
 5.57493e-12
 6.53281e-12
 1.07934e-11
 1.50720e-11
 1.16155e-11
 1.96015e-11
 1.99808e-11
 1.56351e-11
 1.78919e-11
 1.65397e-11
 1.74949e-11
 1.16185e-11
 9.49617e-12
 7.51987e-12
 2.33364e-12
 1.59654e-12
 1.74718e-12
 1.43365e-12
 1.20447e-12
 9.77721e-13
 7.96567e-13
 6.34168e-13
 4.82238e-13
 3.62265e-13
 2.56617e-13
 1.50474e-13
 9.01072e-14
 7.57077e-14
 4.10184e-14
 1.21409e-14
 1.15420e-14
 1.50539e-14
 6.90637e-15
-3.12914e-15
-1.34975e-15
-9.89660e-16
 4.75705e-15
 7.66835e-15
 1.12930e-15
-5.98653e-15
-5.15126e-15
-2.95423e-15
-9.23740e-17
 6.65917e-15
 9.11207e-15
 6.81269e-15
 3.22472e-15
 1.91023e-15
 3.81552e-15
 5.64392e-15
 3.67458e-15
 0.00000e+00
 0.00000e+00
 0.00000e+00
 0.00000e+00
 0.00000e+00
 0.00000e+00
 0.00000e+00
-3.77434e-16
-3.77434e-16
 0.00000e+00
 0.00000e+00
 0.00000e+00
 0.00000e+00
 0.00000e+00
 0.00000e+00
 0.00000e+00
 0.00000e+00
 0.00000e+00
 0.00000e+00
 0.00000e+00
 0.00000e+00
 0.00000e+00
 0.00000e+00
 0.00000e+00
 0.00000e+00
 0.00000e+00
 0.00000e+00
 0.00000e+00
 0.00000e+00
 0.00000e+00
 0.00000e+00
 0.00000e+00
 0.00000e+00
 0.00000e+00
 0.00000e+00
 0.00000e+00
 0.00000e+00
 0.00000e+00
 0.00000e+00
 0.00000e+00
 0.00000e+00
 0.00000e+00
 0.00000e+00
 0.00000e+00
 0.00000e+00
 0.00000e+00
 0.00000e+00
 0.00000e+00
 0.00000e+00
 0.00000e+00
 0.00000e+00
 0.00000e+00
 0.00000e+00
 0.00000e+00
 0.00000e+00
 0.00000e+00
 0.00000e+00
 0.00000e+00
 0.00000e+00
 0.00000e+00
 0.00000e+00
 0.00000e+00
 0.00000e+00
 0.00000e+00
 0.00000e+00
 0.00000e+00
 0.00000e+00
 0.00000e+00
 0.00000e+00
 0.00000e+00
 0.00000e+00
 0.00000e+00
 0.00000e+00
 0.00000e+00
 0.00000e+00
 0.00000e+00
 0.00000e+00
 0.00000e+00
 0.00000e+00
 0.00000e+00
 0.00000e+00
 0.00000e+00
 0.00000e+00
 0.00000e+00
 0.00000e+00
 0.00000e+00
 0.00000e+00
 0.00000e+00
 0.00000e+00
 0.00000e+00
 0.00000e+00
 0.00000e+00
 0.00000e+00
 0.00000e+00
 0.00000e+00
 0.00000e+00
 0.00000e+00
 0.00000e+00
 0.00000e+00
 0.00000e+00
 0.00000e+00
 0.00000e+00
 0.00000e+00
 0.00000e+00
 0.00000e+00
 0.00000e+00
 0.00000e+00
 0.00000e+00
 0.00000e+00
 0.00000e+00
 0.00000e+00
 0.00000e+00
 0.00000e+00
 0.00000e+00
 0.00000e+00
 0.00000e+00
 0.00000e+00
 0.00000e+00
 0.00000e+00
 0.00000e+00
 0.00000e+00
 0.00000e+00
 0.00000e+00
 0.00000e+00
 0.00000e+00
 0.00000e+00
 0.00000e+00
 0.00000e+00
 0.00000e+00
 0.00000e+00
 0.00000e+00
 0.00000e+00
 0.00000e+00
 0.00000e+00
 0.00000e+00
 0.00000e+00
 0.00000e+00
 0.00000e+00
 0.00000e+00
 0.00000e+00
 0.00000e+00
 0.00000e+00
 0.00000e+00
 0.00000e+00
 0.00000e+00
 0.00000e+00
 0.00000e+00
 0.00000e+00
 0.00000e+00
 0.00000e+00
 0.00000e+00
 0.00000e+00
 0.00000e+00
 0.00000e+00
 0.00000e+00
 0.00000e+00
 0.00000e+00
 0.00000e+00
 0.00000e+00
 0.00000e+00
 0.00000e+00
 0.00000e+00
 0.00000e+00
 0.00000e+00
 0.00000e+00
 0.00000e+00
 0.00000e+00
 0.00000e+00
 0.00000e+00
 0.00000e+00
 0.00000e+00
 0.00000e+00
 0.00000e+00
 0.00000e+00
 0.00000e+00
 0.00000e+00
 0.00000e+00
 0.00000e+00
 0.00000e+00
 0.00000e+00
 0.00000e+00
 0.00000e+00
 0.00000e+00
 0.00000e+00
 0.00000e+00
 0.00000e+00
 0.00000e+00
 0.00000e+00
 0.00000e+00
 0.00000e+00
 0.00000e+00
 0.00000e+00
 0.00000e+00
 0.00000e+00
 0.00000e+00
 0.00000e+00
 0.00000e+00
 0.00000e+00
 0.00000e+00
 0.00000e+00
 0.00000e+00
 0.00000e+00
 0.00000e+00
 0.00000e+00
 0.00000e+00
 0.00000e+00
 0.00000e+00
 0.00000e+00
 0.00000e+00
 0.00000e+00
 0.00000e+00
 0.00000e+00
 0.00000e+00
 0.00000e+00
 0.00000e+00
 0.00000e+00
 0.00000e+00
 0.00000e+00
 0.00000e+00
 0.00000e+00
 0.00000e+00
 0.00000e+00
 0.00000e+00
 0.00000e+00
 0.00000e+00
 0.00000e+00
 0.00000e+00
 0.00000e+00
 0.00000e+00
 0.00000e+00
 0.00000e+00
 0.00000e+00
 0.00000e+00
 0.00000e+00
 0.00000e+00
 0.00000e+00
 0.00000e+00
 0.00000e+00
 0.00000e+00
 0.00000e+00
 0.00000e+00
 0.00000e+00
 0.00000e+00
 0.00000e+00
 0.00000e+00
 0.00000e+00
 0.00000e+00
 0.00000e+00
 0.00000e+00
 0.00000e+00
 0.00000e+00
 0.00000e+00
 0.00000e+00
 0.00000e+00
 0.00000e+00
 0.00000e+00
 0.00000e+00
 0.00000e+00
 0.00000e+00
 0.00000e+00
 0.00000e+00
 0.00000e+00
 0.00000e+00
 0.00000e+00
 0.00000e+00
 0.00000e+00
 0.00000e+00
 0.00000e+00
 0.00000e+00
 0.00000e+00
 0.00000e+00
 0.00000e+00
 0.00000e+00
 0.00000e+00
 0.00000e+00
 0.00000e+00
 0.00000e+00
 0.00000e+00
 0.00000e+00
 0.00000e+00
 0.00000e+00
 0.00000e+00
 0.00000e+00
 0.00000e+00
 0.00000e+00
 0.00000e+00
 0.00000e+00
 0.00000e+00
 0.00000e+00
 0.00000e+00
 0.00000e+00
 0.00000e+00
 0.00000e+00
 0.00000e+00
 0.00000e+00
 0.00000e+00
 0.00000e+00
 0.00000e+00
 0.00000e+00
 0.00000e+00
 0.00000e+00
 0.00000e+00
 0.00000e+00
 0.00000e+00
 0.00000e+00
 0.00000e+00
 0.00000e+00
 0.00000e+00
 0.00000e+00
 0.00000e+00
 0.00000e+00
 0.00000e+00
 0.00000e+00
 0.00000e+00
 0.00000e+00
 0.00000e+00
 0.00000e+00
 0.00000e+00
 0.00000e+00
 0.00000e+00
 0.00000e+00
 0.00000e+00
 0.00000e+00
 0.00000e+00
 0.00000e+00
 0.00000e+00
 0.00000e+00
 0.00000e+00
 0.00000e+00
 0.00000e+00
 0.00000e+00
 0.00000e+00
 0.00000e+00
 0.00000e+00
 0.00000e+00
 0.00000e+00
 0.00000e+00
 0.00000e+00
 0.00000e+00
 0.00000e+00
 0.00000e+00
 0.00000e+00
 0.00000e+00
 0.00000e+00
 0.00000e+00
 0.00000e+00
 0.00000e+00
 0.00000e+00
 0.00000e+00
 0.00000e+00
 0.00000e+00
 0.00000e+00
 0.00000e+00
 0.00000e+00
 0.00000e+00
 0.00000e+00
 0.00000e+00
 0.00000e+00
 0.00000e+00
 0.00000e+00
 0.00000e+00
 0.00000e+00
 0.00000e+00
 0.00000e+00
 0.00000e+00
 0.00000e+00
 0.00000e+00
 0.00000e+00
 0.00000e+00
 0.00000e+00
 0.00000e+00
 0.00000e+00
 0.00000e+00
 0.00000e+00
 0.00000e+00
 0.00000e+00
 0.00000e+00
 0.00000e+00
 0.00000e+00
 0.00000e+00
 0.00000e+00
 0.00000e+00
 0.00000e+00
 0.00000e+00
 0.00000e+00
 0.00000e+00
 0.00000e+00
 0.00000e+00
 0.00000e+00
 0.00000e+00
 0.00000e+00
 0.00000e+00
 0.00000e+00
 0.00000e+00
 0.00000e+00
 0.00000e+00
 0.00000e+00
 0.00000e+00
 0.00000e+00
 0.00000e+00
 0.00000e+00
 0.00000e+00
 0.00000e+00
 0.00000e+00
 0.00000e+00
 0.00000e+00
 0.00000e+00
 0.00000e+00
 0.00000e+00
 0.00000e+00
 0.00000e+00
 0.00000e+00
 0.00000e+00
 0.00000e+00
 0.00000e+00
 0.00000e+00
 0.00000e+00
 0.00000e+00
 0.00000e+00
 0.00000e+00
 0.00000e+00
 0.00000e+00
 0.00000e+00
 0.00000e+00
 0.00000e+00
 0.00000e+00
 0.00000e+00
 0.00000e+00
 0.00000e+00
 0.00000e+00
 0.00000e+00
 0.00000e+00
 0.00000e+00
 0.00000e+00
 0.00000e+00
 0.00000e+00
 0.00000e+00
 0.00000e+00
 0.00000e+00
 0.00000e+00
 0.00000e+00
 0.00000e+00
 0.00000e+00
 0.00000e+00
 0.00000e+00
 0.00000e+00
 0.00000e+00
 0.00000e+00
 0.00000e+00
 0.00000e+00
 0.00000e+00
 0.00000e+00
 0.00000e+00
 0.00000e+00
 0.00000e+00
 0.00000e+00
 0.00000e+00
 0.00000e+00
 0.00000e+00
 0.00000e+00
 0.00000e+00
 0.00000e+00
 0.00000e+00
 0.00000e+00
 0.00000e+00
 0.00000e+00
 0.00000e+00
 0.00000e+00
 0.00000e+00
 0.00000e+00
 0.00000e+00
 0.00000e+00
 0.00000e+00
 0.00000e+00
 0.00000e+00
 0.00000e+00
 0.00000e+00
 0.00000e+00
 0.00000e+00
 0.00000e+00
 0.00000e+00
 0.00000e+00
 0.00000e+00
 0.00000e+00
 0.00000e+00
 0.00000e+00
 0.00000e+00
 0.00000e+00
 0.00000e+00
 0.00000e+00
 0.00000e+00
 0.00000e+00
 0.00000e+00
 0.00000e+00
 0.00000e+00
 0.00000e+00
 0.00000e+00
 0.00000e+00
 0.00000e+00
 0.00000e+00
 0.00000e+00
 0.00000e+00
 0.00000e+00
 0.00000e+00
 0.00000e+00
 0.00000e+00
 0.00000e+00
 0.00000e+00
 0.00000e+00
 0.00000e+00
 0.00000e+00
 0.00000e+00
 0.00000e+00
 0.00000e+00
 0.00000e+00
 0.00000e+00
 0.00000e+00
 0.00000e+00
 0.00000e+00
 0.00000e+00
 0.00000e+00
 0.00000e+00
 0.00000e+00
 0.00000e+00
 0.00000e+00
 0.00000e+00
 0.00000e+00
 0.00000e+00
 0.00000e+00
 0.00000e+00
 0.00000e+00
 0.00000e+00
 0.00000e+00
 0.00000e+00
 0.00000e+00
 0.00000e+00
 0.00000e+00
 0.00000e+00
 0.00000e+00
 0.00000e+00
 0.00000e+00
 0.00000e+00
 0.00000e+00
 0.00000e+00
 0.00000e+00
 0.00000e+00
 0.00000e+00
 0.00000e+00
 0.00000e+00
 0.00000e+00
 0.00000e+00
 0.00000e+00
 0.00000e+00
 0.00000e+00
 0.00000e+00
 0.00000e+00
 0.00000e+00
 0.00000e+00
 0.00000e+00
 0.00000e+00
 0.00000e+00
 0.00000e+00
 0.00000e+00
 0.00000e+00
 0.00000e+00
 0.00000e+00
 0.00000e+00
 0.00000e+00
 0.00000e+00
 0.00000e+00
 0.00000e+00
 0.00000e+00
 0.00000e+00
 0.00000e+00
 0.00000e+00
 0.00000e+00
 0.00000e+00
 0.00000e+00
 0.00000e+00
 0.00000e+00
 0.00000e+00
 0.00000e+00
 0.00000e+00
 0.00000e+00
 0.00000e+00
 0.00000e+00
 0.00000e+00
 0.00000e+00
 0.00000e+00
 0.00000e+00
 0.00000e+00
 0.00000e+00
 0.00000e+00
 0.00000e+00
 0.00000e+00
 0.00000e+00
 0.00000e+00
 0.00000e+00
 0.00000e+00
 0.00000e+00
 0.00000e+00
 0.00000e+00
 0.00000e+00
 0.00000e+00
 0.00000e+00
 0.00000e+00
 0.00000e+00
 0.00000e+00
 0.00000e+00
 0.00000e+00
 0.00000e+00
 0.00000e+00
 0.00000e+00
 0.00000e+00
 0.00000e+00
 0.00000e+00
 0.00000e+00
 0.00000e+00
 0.00000e+00
 0.00000e+00
 0.00000e+00
 0.00000e+00
 0.00000e+00
 0.00000e+00
 0.00000e+00
 0.00000e+00
 0.00000e+00
 0.00000e+00
 0.00000e+00
 0.00000e+00
 0.00000e+00
 0.00000e+00
 0.00000e+00
 0.00000e+00
 0.00000e+00
 0.00000e+00
 0.00000e+00
 0.00000e+00
 0.00000e+00
 0.00000e+00
 0.00000e+00
 0.00000e+00
 0.00000e+00
 0.00000e+00
 0.00000e+00
 0.00000e+00
 0.00000e+00
 0.00000e+00
 0.00000e+00
 0.00000e+00
 0.00000e+00
 0.00000e+00
 0.00000e+00
 0.00000e+00
 0.00000e+00
 0.00000e+00
 0.00000e+00
 0.00000e+00
 0.00000e+00
 0.00000e+00
 0.00000e+00
 0.00000e+00
 0.00000e+00
 0.00000e+00
 0.00000e+00
 0.00000e+00
 0.00000e+00
 0.00000e+00
 0.00000e+00
 0.00000e+00
 0.00000e+00
 0.00000e+00
 0.00000e+00
 0.00000e+00
 0.00000e+00
 0.00000e+00
 0.00000e+00
 0.00000e+00
 0.00000e+00
 0.00000e+00
 0.00000e+00
 0.00000e+00
 0.00000e+00
 0.00000e+00
 0.00000e+00
 0.00000e+00
 0.00000e+00
 0.00000e+00
 0.00000e+00
 0.00000e+00
 0.00000e+00
 0.00000e+00
 0.00000e+00
 0.00000e+00
 0.00000e+00
 0.00000e+00
 0.00000e+00
 0.00000e+00
 0.00000e+00
 0.00000e+00
 0.00000e+00
 0.00000e+00
 0.00000e+00
 0.00000e+00
 0.00000e+00
 0.00000e+00
 0.00000e+00
 0.00000e+00
 0.00000e+00
 0.00000e+00
 0.00000e+00
 0.00000e+00
 0.00000e+00
 0.00000e+00
 0.00000e+00
 0.00000e+00
 0.00000e+00
 0.00000e+00
 0.00000e+00
 0.00000e+00
 0.00000e+00
 0.00000e+00
