Velocity
part
         1
coordinates
 0.00000e+00
 0.00000e+00
 0.00000e+00
 0.00000e+00
 0.00000e+00
 0.00000e+00
 0.00000e+00
 0.00000e+00
 0.00000e+00
 0.00000e+00
 0.00000e+00
 0.00000e+00
 0.00000e+00
 8.05640e-14
 1.79563e-12
 3.23080e-11
 5.62821e-10
 9.27862e-09
 8.54701e-08
 5.49791e-07
 3.11240e-06
 1.59129e-05
 7.31871e-05
 3.00070e-04
 1.08440e-03
 3.40981e-03
 9.21303e-03
 2.12229e-02
 4.17821e-02
 7.14072e-02
 1.08706e-01
 1.51673e-01
 1.98814e-01
 2.49373e-01
 3.03098e-01
 3.60007e-01
 4.20261e-01
 4.84105e-01
 5.51831e-01
 6.23719e-01
 6.99905e-01
 7.79991e-01
 8.61804e-01
 9.37090e-01
 9.77182e-01
 9.57099e-01
 9.38481e-01
 9.31006e-01
 9.29180e-01
 9.27930e-01
 9.27298e-01
 9.27205e-01
 9.27117e-01
 9.27031e-01
 9.26946e-01
 9.26862e-01
 9.26776e-01
 9.26689e-01
 9.26600e-01
 9.26510e-01
 9.26419e-01
 9.26329e-01
 9.26241e-01
 9.26157e-01
 9.26078e-01
 9.26006e-01
 9.25939e-01
 9.25873e-01
 9.25801e-01
 9.25710e-01
 9.25580e-01
 9.25383e-01
 9.25077e-01
 9.24598e-01
 9.23829e-01
 9.22525e-01
 9.20131e-01
 9.15364e-01
 9.05386e-01
 8.84551e-01
 8.43590e-01
 7.71026e-01
 6.57846e-01
 5.04984e-01
 3.31764e-01
 1.76350e-01
 7.38084e-02
 2.54834e-02
 7.92541e-03
 2.36017e-03
 6.90133e-04
 1.99649e-04
 5.72231e-05
 1.62435e-05
 4.56254e-06
 1.26667e-06
 3.46925e-07
 9.32472e-08
 2.40819e-08
 5.36440e-09
 0.00000e+00
 0.00000e+00
 0.00000e+00
 0.00000e+00
 0.00000e+00
 0.00000e+00
 0.00000e+00
 0.00000e+00
 0.00000e+00
 0.00000e+00
 0.00000e+00
 0.00000e+00
 0.00000e+00
 0.00000e+00
 8.06404e-14
 1.79774e-12
 3.23698e-11
 5.64979e-10
 9.35199e-09
 8.55521e-08
 5.49810e-07
 3.11234e-06
 1.59128e-05
 7.31871e-05
 3.00070e-04
 1.08440e-03
 3.40981e-03
 9.21303e-03
 2.12229e-02
 4.17821e-02
 7.14072e-02
 1.08706e-01
 1.51673e-01
 1.98814e-01
 2.49373e-01
 3.03098e-01
 3.60007e-01
 4.20261e-01
 4.84105e-01
 5.51831e-01
 6.23719e-01
 6.99905e-01
 7.79991e-01
 8.61804e-01
 9.37090e-01
 9.77182e-01
 9.57099e-01
 9.38481e-01
 9.31006e-01
 9.29180e-01
 9.27930e-01
 9.27298e-01
 9.27205e-01
 9.27117e-01
 9.27031e-01
 9.26946e-01
 9.26862e-01
 9.26776e-01
 9.26689e-01
 9.26600e-01
 9.26510e-01
 9.26419e-01
 9.26329e-01
 9.26241e-01
 9.26157e-01
 9.26078e-01
 9.26006e-01
 9.25939e-01
 9.25873e-01
 9.25801e-01
 9.25710e-01
 9.25580e-01
 9.25383e-01
 9.25077e-01
 9.24598e-01
 9.23829e-01
 9.22525e-01
 9.20131e-01
 9.15364e-01
 9.05386e-01
 8.84551e-01
 8.43590e-01
 7.71026e-01
 6.57846e-01
 5.04984e-01
 3.31764e-01
 1.76350e-01
 7.38084e-02
 2.54834e-02
 7.92541e-03
 2.36017e-03
 6.90133e-04
 1.99649e-04
 5.72231e-05
 1.62435e-05
 4.56254e-06
 1.26667e-06
 3.46925e-07
 9.32472e-08
 2.40819e-08
 5.36441e-09
 0.00000e+00
 0.00000e+00
 0.00000e+00
 0.00000e+00
 0.00000e+00
 0.00000e+00
 0.00000e+00
 0.00000e+00
 0.00000e+00
 0.00000e+00
 0.00000e+00
 0.00000e+00
 0.00000e+00
 0.00000e+00
 8.06508e-14
 1.80405e-12
 3.25119e-11
 5.69353e-10
 9.44349e-09
 8.56691e-08
 5.49863e-07
 3.11230e-06
 1.59127e-05
 7.31870e-05
 3.00069e-04
 1.08440e-03
 3.40981e-03
 9.21303e-03
 2.12229e-02
 4.17821e-02
 7.14072e-02
 1.08706e-01
 1.51673e-01
 1.98814e-01
 2.49373e-01
 3.03098e-01
 3.60007e-01
 4.20261e-01
 4.84105e-01
 5.51831e-01
 6.23719e-01
 6.99905e-01
 7.79991e-01
 8.61804e-01
 9.37090e-01
 9.77182e-01
 9.57099e-01
 9.38481e-01
 9.31006e-01
 9.29180e-01
 9.27930e-01
 9.27298e-01
 9.27205e-01
 9.27117e-01
 9.27031e-01
 9.26946e-01
 9.26862e-01
 9.26776e-01
 9.26689e-01
 9.26600e-01
 9.26510e-01
 9.26419e-01
 9.26329e-01
 9.26241e-01
 9.26157e-01
 9.26078e-01
 9.26006e-01
 9.25939e-01
 9.25873e-01
 9.25801e-01
 9.25710e-01
 9.25580e-01
 9.25383e-01
 9.25077e-01
 9.24598e-01
 9.23829e-01
 9.22525e-01
 9.20131e-01
 9.15364e-01
 9.05386e-01
 8.84551e-01
 8.43590e-01
 7.71026e-01
 6.57846e-01
 5.04984e-01
 3.31764e-01
 1.76350e-01
 7.38084e-02
 2.54834e-02
 7.92541e-03
 2.36017e-03
 6.90133e-04
 1.99649e-04
 5.72231e-05
 1.62435e-05
 4.56254e-06
 1.26667e-06
 3.46925e-07
 9.32472e-08
 2.40819e-08
 5.36441e-09
 0.00000e+00
 0.00000e+00
 0.00000e+00
 0.00000e+00
 0.00000e+00
 0.00000e+00
 0.00000e+00
 0.00000e+00
 0.00000e+00
 0.00000e+00
 0.00000e+00
 0.00000e+00
 0.00000e+00
 0.00000e+00
 8.08208e-14
 1.81127e-12
 3.26559e-11
 5.72459e-10
 9.46710e-09
 8.57185e-08
 5.49917e-07
 3.11233e-06
 1.59127e-05
 7.31869e-05
 3.00069e-04
 1.08440e-03
 3.40981e-03
 9.21303e-03
 2.12229e-02
 4.17821e-02
 7.14072e-02
 1.08706e-01
 1.51673e-01
 1.98814e-01
 2.49373e-01
 3.03098e-01
 3.60007e-01
 4.20261e-01
 4.84105e-01
 5.51831e-01
 6.23719e-01
 6.99905e-01
 7.79991e-01
 8.61804e-01
 9.37090e-01
 9.77182e-01
 9.57099e-01
 9.38481e-01
 9.31006e-01
 9.29180e-01
 9.27930e-01
 9.27298e-01
 9.27205e-01
 9.27117e-01
 9.27031e-01
 9.26946e-01
 9.26862e-01
 9.26776e-01
 9.26689e-01
 9.26600e-01
 9.26510e-01
 9.26419e-01
 9.26329e-01
 9.26241e-01
 9.26157e-01
 9.26078e-01
 9.26006e-01
 9.25939e-01
 9.25873e-01
 9.25801e-01
 9.25710e-01
 9.25580e-01
 9.25383e-01
 9.25077e-01
 9.24598e-01
 9.23829e-01
 9.22525e-01
 9.20131e-01
 9.15364e-01
 9.05386e-01
 8.84551e-01
 8.43590e-01
 7.71026e-01
 6.57846e-01
 5.04984e-01
 3.31764e-01
 1.76350e-01
 7.38084e-02
 2.54834e-02
 7.92541e-03
 2.36017e-03
 6.90133e-04
 1.99649e-04
 5.72231e-05
 1.62435e-05
 4.56254e-06
 1.26667e-06
 3.46925e-07
 9.32472e-08
 2.40819e-08
 5.36440e-09
 0.00000e+00
 0.00000e+00
 0.00000e+00
 0.00000e+00
 0.00000e+00
 0.00000e+00
 0.00000e+00
 0.00000e+00
 0.00000e+00
 0.00000e+00
 0.00000e+00
 0.00000e+00
 0.00000e+00
 0.00000e+00
 8.10151e-14
 1.81699e-12
 3.27523e-11
 5.73628e-10
 9.47430e-09
 8.57382e-08
 5.49943e-07
 3.11236e-06
 1.59128e-05
 7.31869e-05
 3.00069e-04
 1.08440e-03
 3.40981e-03
 9.21303e-03
 2.12229e-02
 4.17821e-02
 7.14072e-02
 1.08706e-01
 1.51673e-01
 1.98814e-01
 2.49373e-01
 3.03098e-01
 3.60007e-01
 4.20261e-01
 4.84105e-01
 5.51831e-01
 6.23719e-01
 6.99905e-01
 7.79991e-01
 8.61804e-01
 9.37090e-01
 9.77182e-01
 9.57099e-01
 9.38481e-01
 9.31006e-01
 9.29180e-01
 9.27930e-01
 9.27298e-01
 9.27205e-01
 9.27117e-01
 9.27031e-01
 9.26946e-01
 9.26862e-01
 9.26776e-01
 9.26689e-01
 9.26600e-01
 9.26510e-01
 9.26419e-01
 9.26329e-01
 9.26241e-01
 9.26157e-01
 9.26078e-01
 9.26006e-01
 9.25939e-01
 9.25873e-01
 9.25801e-01
 9.25710e-01
 9.25580e-01
 9.25383e-01
 9.25077e-01
 9.24598e-01
 9.23829e-01
 9.22525e-01
 9.20131e-01
 9.15364e-01
 9.05386e-01
 8.84551e-01
 8.43590e-01
 7.71026e-01
 6.57846e-01
 5.04984e-01
 3.31764e-01
 1.76350e-01
 7.38084e-02
 2.54834e-02
 7.92541e-03
 2.36017e-03
 6.90133e-04
 1.99649e-04
 5.72231e-05
 1.62435e-05
 4.56254e-06
 1.26667e-06
 3.46925e-07
 9.32472e-08
 2.40819e-08
 5.36441e-09
 0.00000e+00
 0.00000e+00
 0.00000e+00
 0.00000e+00
 0.00000e+00
 0.00000e+00
 0.00000e+00
 0.00000e+00
 0.00000e+00
 0.00000e+00
 0.00000e+00
 0.00000e+00
 0.00000e+00
 0.00000e+00
 8.09734e-14
 1.81969e-12
 3.27851e-11
 5.73908e-10
 9.47601e-09
 8.57434e-08
 5.49951e-07
 3.11236e-06
 1.59128e-05
 7.31869e-05
 3.00069e-04
 1.08440e-03
 3.40981e-03
 9.21303e-03
 2.12229e-02
 4.17821e-02
 7.14072e-02
 1.08706e-01
 1.51673e-01
 1.98814e-01
 2.49373e-01
 3.03098e-01
 3.60007e-01
 4.20261e-01
 4.84105e-01
 5.51831e-01
 6.23719e-01
 6.99905e-01
 7.79991e-01
 8.61804e-01
 9.37090e-01
 9.77182e-01
 9.57099e-01
 9.38481e-01
 9.31006e-01
 9.29180e-01
 9.27930e-01
 9.27298e-01
 9.27205e-01
 9.27117e-01
 9.27031e-01
 9.26946e-01
 9.26862e-01
 9.26776e-01
 9.26689e-01
 9.26600e-01
 9.26510e-01
 9.26419e-01
 9.26329e-01
 9.26241e-01
 9.26157e-01
 9.26078e-01
 9.26006e-01
 9.25939e-01
 9.25873e-01
 9.25801e-01
 9.25710e-01
 9.25580e-01
 9.25383e-01
 9.25077e-01
 9.24598e-01
 9.23829e-01
 9.22525e-01
 9.20131e-01
 9.15364e-01
 9.05386e-01
 8.84551e-01
 8.43590e-01
 7.71026e-01
 6.57846e-01
 5.04984e-01
 3.31764e-01
 1.76350e-01
 7.38084e-02
 2.54834e-02
 7.92541e-03
 2.36017e-03
 6.90133e-04
 1.99649e-04
 5.72231e-05
 1.62435e-05
 4.56254e-06
 1.26667e-06
 3.46925e-07
 9.32472e-08
 2.40819e-08
 5.36441e-09
 0.00000e+00
 0.00000e+00
 0.00000e+00
 0.00000e+00
 0.00000e+00
 0.00000e+00
 0.00000e+00
 0.00000e+00
 0.00000e+00
 0.00000e+00
 0.00000e+00
 0.00000e+00
 0.00000e+00
 0.00000e+00
 0.00000e+00
 0.00000e+00
 0.00000e+00
 0.00000e+00
 0.00000e+00
 0.00000e+00
 0.00000e+00
 0.00000e+00
 0.00000e+00
 0.00000e+00
 0.00000e+00
 0.00000e+00
 0.00000e+00
 0.00000e+00
 0.00000e+00
 0.00000e+00
 0.00000e+00
 0.00000e+00
 0.00000e+00
 0.00000e+00
 0.00000e+00
 0.00000e+00
 0.00000e+00
 0.00000e+00
 0.00000e+00
 0.00000e+00
 0.00000e+00
 0.00000e+00
 0.00000e+00
 0.00000e+00
 0.00000e+00
 0.00000e+00
 0.00000e+00
 0.00000e+00
 0.00000e+00
 0.00000e+00
 0.00000e+00
 0.00000e+00
 0.00000e+00
 0.00000e+00
 0.00000e+00
 0.00000e+00
 0.00000e+00
 0.00000e+00
 0.00000e+00
 0.00000e+00
 0.00000e+00
 0.00000e+00
 0.00000e+00
 0.00000e+00
 0.00000e+00
 0.00000e+00
 0.00000e+00
 0.00000e+00
 0.00000e+00
 0.00000e+00
 0.00000e+00
 0.00000e+00
 0.00000e+00
 0.00000e+00
 0.00000e+00
 0.00000e+00
 0.00000e+00
 0.00000e+00
 0.00000e+00
 0.00000e+00
 0.00000e+00
 0.00000e+00
 0.00000e+00
 0.00000e+00
 0.00000e+00
 0.00000e+00
 0.00000e+00
 0.00000e+00
 0.00000e+00
 0.00000e+00
 0.00000e+00
 0.00000e+00
 0.00000e+00
 0.00000e+00
 0.00000e+00
 0.00000e+00
 0.00000e+00
 0.00000e+00
 0.00000e+00
 0.00000e+00
 0.00000e+00
 0.00000e+00
 0.00000e+00
 0.00000e+00
-8.11114e-16
 0.00000e+00
 0.00000e+00
 0.00000e+00
 0.00000e+00
 0.00000e+00
 0.00000e+00
 0.00000e+00
 0.00000e+00
 0.00000e+00
 0.00000e+00
 2.77556e-17
 1.13104e-15
 3.30816e-14
 1.14290e-12
 3.89096e-11
 1.16620e-10
 1.66908e-10
 1.49205e-10
 7.74932e-11
-5.83506e-12
-5.87588e-11
-7.06244e-11
-5.72071e-11
-1.78153e-11
 2.46653e-11
 4.56229e-11
 3.99924e-11
 7.08340e-12
-2.24850e-11
-3.39942e-11
-3.75119e-11
-2.42371e-11
-1.01767e-11
-4.80353e-12
 1.29663e-12
-1.04050e-11
 1.62057e-12
-1.11137e-11
-1.40844e-12
-1.04193e-11
-1.35399e-11
-1.18403e-11
-5.53048e-12
 5.50908e-12
-1.59887e-12
-9.84829e-13
-1.07452e-12
-6.31612e-13
-1.20931e-12
-1.15391e-12
-1.12467e-12
-1.08991e-12
-1.06491e-12
-1.06006e-12
-1.03731e-12
-9.85082e-13
-9.56906e-13
-9.31547e-13
-8.78741e-13
-8.41592e-13
-7.81747e-13
-6.98106e-13
-6.45427e-13
-5.88933e-13
-5.27526e-13
-4.54025e-13
-3.61450e-13
-2.84102e-13
-2.12984e-13
-1.43865e-13
-5.39698e-14
 1.31848e-14
 4.97679e-14
 8.60523e-14
 1.27798e-13
 1.58541e-13
 1.69713e-13
 1.75325e-13
 1.57554e-13
 1.38589e-13
 1.10087e-13
 6.34978e-14
 3.05064e-14
 5.50428e-15
-6.69343e-15
-8.95117e-15
-1.04096e-14
-1.26418e-14
-1.48436e-14
-1.38964e-14
-1.47349e-14
-9.78657e-15
-9.15891e-15
-1.36193e-14
-1.41341e-14
-1.87415e-14
-1.81920e-14
-1.38197e-14
 0.00000e+00
 0.00000e+00
-8.11114e-16
 0.00000e+00
 0.00000e+00
 0.00000e+00
 0.00000e+00
 0.00000e+00
 0.00000e+00
 0.00000e+00
 0.00000e+00
 0.00000e+00
 0.00000e+00
-3.81639e-17
 2.03743e-15
 4.42806e-14
 1.19256e-12
 1.13637e-11
 3.78635e-11
 7.26333e-11
 9.43404e-11
 9.97000e-11
 8.41439e-11
 4.26301e-11
 4.97873e-13
-2.49826e-11
-4.87897e-11
-5.70447e-11
-4.75554e-11
-2.93185e-11
 4.19983e-12
 1.89224e-11
 1.85296e-11
 6.94375e-12
-1.85663e-11
-3.13774e-11
-3.56833e-11
-4.05492e-11
-3.38243e-11
-2.35577e-11
-1.55116e-11
-6.98299e-12
-5.27619e-12
-1.14891e-12
-1.05892e-12
-2.87609e-12
 1.33263e-12
-6.55629e-13
-1.61484e-12
-1.68430e-12
-1.30760e-12
-1.93459e-12
-1.88484e-12
-1.83553e-12
-1.79868e-12
-1.77509e-12
-1.72385e-12
-1.67230e-12
-1.62551e-12
-1.57774e-12
-1.52077e-12
-1.47386e-12
-1.37754e-12
-1.27454e-12
-1.21680e-12
-1.08914e-12
-9.51366e-13
-8.30736e-13
-6.99682e-13
-5.66354e-13
-4.39374e-13
-3.18791e-13
-2.02084e-13
-1.18299e-13
-1.16500e-14
 9.77530e-14
 1.60320e-13
 2.07055e-13
 2.57668e-13
 2.86154e-13
 2.70837e-13
 2.44543e-13
 1.86910e-13
 1.35782e-13
 9.31520e-14
 5.33115e-14
 3.68902e-14
 2.66215e-14
 1.97893e-14
 1.72284e-14
 1.97247e-14
 2.22144e-14
 2.16203e-14
 2.45761e-14
 2.12849e-14
 1.90950e-14
 2.04134e-14
 2.06562e-14
 1.82437e-14
 1.26435e-14
 8.81153e-15
 0.00000e+00
 0.00000e+00
-8.11114e-16
 0.00000e+00
 0.00000e+00
 0.00000e+00
 0.00000e+00
 0.00000e+00
 0.00000e+00
 0.00000e+00
 0.00000e+00
 0.00000e+00
 0.00000e+00
 1.16226e-16
 1.75120e-15
 3.50939e-14
 5.11491e-13
 3.69810e-12
 1.37187e-11
 3.04854e-11
 5.08437e-11
 6.42019e-11
 6.98395e-11
 7.86665e-11
 6.66252e-11
 2.72404e-11
-2.69114e-12
-3.31840e-11
-5.81689e-11
-6.24054e-11
-6.52950e-11
-5.27564e-11
-3.11188e-11
-1.32790e-11
 6.41749e-13
 2.28838e-12
 3.33507e-12
 1.39632e-12
-5.25238e-12
-1.30225e-11
-1.32831e-11
-1.05017e-11
-1.19666e-11
-9.45456e-12
-2.91604e-12
 5.90282e-13
 4.44625e-13
 4.50410e-14
-1.16987e-12
-1.72164e-12
-1.18172e-12
-2.04430e-12
-1.95329e-12
-1.88430e-12
-1.84686e-12
-1.80007e-12
-1.75492e-12
-1.70932e-12
-1.68203e-12
-1.62682e-12
-1.54366e-12
-1.47132e-12
-1.41236e-12
-1.32714e-12
-1.19724e-12
-1.08679e-12
-9.84782e-13
-8.37140e-13
-6.77488e-13
-5.57701e-13
-4.50058e-13
-3.17150e-13
-1.79180e-13
-7.96889e-14
-5.92928e-15
 9.49488e-14
 1.74542e-13
 2.18672e-13
 2.50406e-13
 2.59906e-13
 2.62320e-13
 2.57522e-13
 2.19574e-13
 1.72717e-13
 9.14225e-14
 2.33489e-14
-7.11237e-16
-2.39799e-14
-2.95436e-14
-3.06413e-14
-3.50874e-14
-3.04713e-14
-2.44557e-14
-2.44328e-14
-2.85567e-14
-2.75197e-14
-2.04441e-14
-1.71117e-14
-1.73242e-14
-1.53124e-14
-1.30286e-14
 0.00000e+00
 0.00000e+00
-8.11114e-16
 0.00000e+00
 0.00000e+00
 0.00000e+00
 0.00000e+00
 0.00000e+00
 0.00000e+00
 0.00000e+00
 0.00000e+00
 0.00000e+00
 0.00000e+00
-3.03577e-17
 1.30408e-15
 1.90399e-14
 1.75607e-13
 1.17058e-12
 4.61204e-12
 1.09803e-11
 1.68794e-11
 2.84479e-11
 3.91430e-11
 4.00808e-11
 4.53737e-11
 4.21509e-11
 2.08107e-11
 4.89794e-12
-1.14738e-11
-3.42506e-11
-4.69928e-11
-5.05631e-11
-5.23801e-11
-4.11420e-11
-2.47690e-11
-1.35151e-11
 2.05013e-12
 1.63310e-11
 2.49642e-11
 3.31969e-11
 2.77473e-11
 2.58007e-11
 2.17372e-11
 1.64189e-11
 1.16904e-11
 3.43550e-12
 1.57354e-12
-3.51016e-13
-5.56416e-13
-9.30241e-13
-1.00238e-12
-1.33403e-12
-1.25507e-12
-1.18630e-12
-1.14847e-12
-1.13160e-12
-1.09113e-12
-1.06289e-12
-1.04820e-12
-1.01853e-12
-9.86222e-13
-9.29608e-13
-8.66127e-13
-7.96263e-13
-7.10542e-13
-6.46905e-13
-5.69866e-13
-5.13800e-13
-4.69642e-13
-3.73325e-13
-2.64504e-13
-1.86039e-13
-1.26225e-13
-3.96818e-14
 2.16463e-14
 5.39048e-14
 1.05429e-13
 1.40381e-13
 1.68208e-13
 1.80948e-13
 1.73888e-13
 1.53696e-13
 1.23584e-13
 9.56696e-14
 7.74840e-14
 5.57466e-14
 3.83109e-14
 3.04531e-14
 2.58517e-14
 2.83072e-14
 2.93402e-14
 2.21056e-14
 1.91357e-14
 1.83806e-14
 1.81360e-14
 2.01189e-14
 1.63545e-14
 1.62878e-14
 2.07898e-14
 2.27071e-14
 2.32444e-14
 0.00000e+00
 0.00000e+00
 0.00000e+00
 0.00000e+00
 0.00000e+00
 0.00000e+00
 0.00000e+00
 0.00000e+00
 0.00000e+00
 0.00000e+00
 0.00000e+00
 0.00000e+00
 0.00000e+00
 0.00000e+00
 0.00000e+00
 0.00000e+00
 0.00000e+00
 0.00000e+00
 0.00000e+00
 0.00000e+00
 0.00000e+00
 0.00000e+00
 0.00000e+00
 0.00000e+00
 0.00000e+00
 0.00000e+00
 0.00000e+00
 0.00000e+00
 0.00000e+00
 0.00000e+00
 0.00000e+00
 0.00000e+00
 0.00000e+00
 0.00000e+00
 0.00000e+00
 0.00000e+00
 0.00000e+00
 0.00000e+00
 0.00000e+00
 0.00000e+00
 0.00000e+00
 0.00000e+00
 0.00000e+00
 0.00000e+00
 0.00000e+00
 0.00000e+00
 0.00000e+00
 0.00000e+00
 0.00000e+00
 0.00000e+00
 0.00000e+00
 0.00000e+00
 0.00000e+00
 0.00000e+00
 0.00000e+00
 0.00000e+00
 0.00000e+00
 0.00000e+00
 0.00000e+00
 0.00000e+00
 0.00000e+00
 0.00000e+00
 0.00000e+00
 0.00000e+00
 0.00000e+00
 0.00000e+00
 0.00000e+00
 0.00000e+00
 0.00000e+00
 0.00000e+00
 0.00000e+00
 0.00000e+00
 0.00000e+00
 0.00000e+00
 0.00000e+00
 0.00000e+00
 0.00000e+00
 0.00000e+00
 0.00000e+00
 0.00000e+00
 0.00000e+00
 0.00000e+00
 0.00000e+00
 0.00000e+00
 0.00000e+00
 0.00000e+00
 0.00000e+00
 0.00000e+00
 0.00000e+00
 0.00000e+00
 0.00000e+00
 0.00000e+00
 0.00000e+00
 0.00000e+00
 0.00000e+00
 0.00000e+00
 0.00000e+00
 0.00000e+00
 0.00000e+00
 0.00000e+00
 0.00000e+00
 0.00000e+00
 0.00000e+00
 0.00000e+00
 0.00000e+00
 0.00000e+00
 0.00000e+00
 0.00000e+00
 0.00000e+00
 0.00000e+00
 0.00000e+00
 0.00000e+00
 0.00000e+00
 0.00000e+00
 0.00000e+00
 0.00000e+00
 0.00000e+00
 0.00000e+00
 0.00000e+00
 0.00000e+00
 0.00000e+00
 0.00000e+00
 0.00000e+00
 0.00000e+00
 0.00000e+00
 0.00000e+00
 0.00000e+00
 0.00000e+00
 0.00000e+00
 0.00000e+00
 0.00000e+00
 0.00000e+00
 0.00000e+00
 0.00000e+00
 0.00000e+00
 0.00000e+00
 0.00000e+00
 0.00000e+00
 0.00000e+00
 0.00000e+00
 0.00000e+00
 0.00000e+00
 0.00000e+00
 0.00000e+00
 0.00000e+00
 0.00000e+00
 0.00000e+00
 0.00000e+00
 0.00000e+00
 0.00000e+00
 0.00000e+00
 0.00000e+00
 0.00000e+00
 0.00000e+00
 0.00000e+00
 0.00000e+00
 0.00000e+00
 0.00000e+00
 0.00000e+00
 0.00000e+00
 0.00000e+00
 0.00000e+00
 0.00000e+00
 0.00000e+00
 0.00000e+00
 0.00000e+00
 0.00000e+00
 0.00000e+00
 0.00000e+00
 0.00000e+00
 0.00000e+00
 0.00000e+00
 0.00000e+00
 0.00000e+00
 0.00000e+00
 0.00000e+00
 0.00000e+00
 0.00000e+00
 0.00000e+00
 0.00000e+00
 0.00000e+00
 0.00000e+00
 0.00000e+00
 0.00000e+00
 0.00000e+00
 0.00000e+00
 0.00000e+00
 0.00000e+00
 0.00000e+00
 0.00000e+00
 0.00000e+00
 0.00000e+00
 0.00000e+00
 0.00000e+00
 0.00000e+00
 0.00000e+00
 0.00000e+00
 0.00000e+00
 0.00000e+00
 0.00000e+00
 0.00000e+00
 0.00000e+00
 0.00000e+00
 0.00000e+00
 0.00000e+00
 0.00000e+00
 0.00000e+00
 0.00000e+00
 0.00000e+00
 0.00000e+00
 0.00000e+00
 0.00000e+00
 0.00000e+00
 0.00000e+00
 0.00000e+00
 0.00000e+00
 0.00000e+00
 0.00000e+00
 0.00000e+00
 0.00000e+00
 0.00000e+00
 0.00000e+00
 0.00000e+00
 0.00000e+00
 0.00000e+00
 0.00000e+00
 0.00000e+00
 0.00000e+00
 0.00000e+00
 0.00000e+00
 0.00000e+00
 0.00000e+00
 0.00000e+00
 0.00000e+00
 0.00000e+00
 0.00000e+00
 0.00000e+00
 0.00000e+00
 0.00000e+00
 0.00000e+00
 0.00000e+00
 0.00000e+00
 0.00000e+00
 0.00000e+00
 0.00000e+00
 0.00000e+00
 0.00000e+00
 0.00000e+00
 0.00000e+00
 0.00000e+00
 0.00000e+00
 0.00000e+00
 0.00000e+00
 0.00000e+00
 0.00000e+00
 0.00000e+00
 0.00000e+00
 0.00000e+00
 0.00000e+00
 0.00000e+00
 0.00000e+00
 0.00000e+00
 0.00000e+00
 0.00000e+00
 0.00000e+00
 0.00000e+00
 0.00000e+00
 0.00000e+00
 0.00000e+00
 0.00000e+00
 0.00000e+00
 0.00000e+00
 0.00000e+00
 0.00000e+00
 0.00000e+00
 0.00000e+00
 0.00000e+00
 0.00000e+00
 0.00000e+00
 0.00000e+00
 0.00000e+00
 0.00000e+00
 0.00000e+00
 0.00000e+00
 0.00000e+00
 0.00000e+00
 0.00000e+00
 0.00000e+00
 0.00000e+00
 0.00000e+00
 0.00000e+00
 0.00000e+00
 0.00000e+00
 0.00000e+00
 0.00000e+00
 0.00000e+00
 0.00000e+00
 0.00000e+00
 0.00000e+00
 0.00000e+00
 0.00000e+00
 0.00000e+00
 0.00000e+00
 0.00000e+00
 0.00000e+00
 0.00000e+00
 0.00000e+00
 0.00000e+00
 0.00000e+00
 0.00000e+00
 0.00000e+00
 0.00000e+00
 0.00000e+00
 0.00000e+00
 0.00000e+00
 0.00000e+00
 0.00000e+00
 0.00000e+00
 0.00000e+00
 0.00000e+00
 0.00000e+00
 0.00000e+00
 0.00000e+00
 0.00000e+00
 0.00000e+00
 0.00000e+00
 0.00000e+00
 0.00000e+00
 0.00000e+00
 0.00000e+00
 0.00000e+00
 0.00000e+00
 0.00000e+00
 0.00000e+00
 0.00000e+00
 0.00000e+00
 0.00000e+00
 0.00000e+00
 0.00000e+00
 0.00000e+00
 0.00000e+00
 0.00000e+00
 0.00000e+00
 0.00000e+00
 0.00000e+00
 0.00000e+00
 0.00000e+00
 0.00000e+00
 0.00000e+00
 0.00000e+00
 0.00000e+00
 0.00000e+00
 0.00000e+00
 0.00000e+00
 0.00000e+00
 0.00000e+00
 0.00000e+00
 0.00000e+00
 0.00000e+00
 0.00000e+00
 0.00000e+00
 0.00000e+00
 0.00000e+00
 0.00000e+00
 0.00000e+00
 0.00000e+00
 0.00000e+00
 0.00000e+00
 0.00000e+00
 0.00000e+00
 0.00000e+00
 0.00000e+00
 0.00000e+00
 0.00000e+00
 0.00000e+00
 0.00000e+00
 0.00000e+00
 0.00000e+00
 0.00000e+00
 0.00000e+00
 0.00000e+00
 0.00000e+00
 0.00000e+00
 0.00000e+00
 0.00000e+00
 0.00000e+00
 0.00000e+00
 0.00000e+00
 0.00000e+00
 0.00000e+00
 0.00000e+00
 0.00000e+00
 0.00000e+00
 0.00000e+00
 0.00000e+00
 0.00000e+00
 0.00000e+00
 0.00000e+00
 0.00000e+00
 0.00000e+00
 0.00000e+00
 0.00000e+00
 0.00000e+00
 0.00000e+00
 0.00000e+00
 0.00000e+00
 0.00000e+00
 0.00000e+00
 0.00000e+00
 0.00000e+00
 0.00000e+00
 0.00000e+00
 0.00000e+00
 0.00000e+00
 0.00000e+00
 0.00000e+00
 0.00000e+00
 0.00000e+00
 0.00000e+00
 0.00000e+00
 0.00000e+00
 0.00000e+00
 0.00000e+00
 0.00000e+00
 0.00000e+00
 0.00000e+00
 0.00000e+00
 0.00000e+00
 0.00000e+00
 0.00000e+00
 0.00000e+00
 0.00000e+00
 0.00000e+00
 0.00000e+00
 0.00000e+00
 0.00000e+00
 0.00000e+00
 0.00000e+00
 0.00000e+00
 0.00000e+00
 0.00000e+00
 0.00000e+00
 0.00000e+00
 0.00000e+00
 0.00000e+00
 0.00000e+00
 0.00000e+00
 0.00000e+00
 0.00000e+00
 0.00000e+00
 0.00000e+00
 0.00000e+00
 0.00000e+00
 0.00000e+00
 0.00000e+00
 0.00000e+00
 0.00000e+00
 0.00000e+00
 0.00000e+00
 0.00000e+00
 0.00000e+00
 0.00000e+00
 0.00000e+00
 0.00000e+00
 0.00000e+00
 0.00000e+00
 0.00000e+00
 0.00000e+00
 0.00000e+00
 0.00000e+00
 0.00000e+00
 0.00000e+00
 0.00000e+00
 0.00000e+00
 0.00000e+00
 0.00000e+00
 0.00000e+00
 0.00000e+00
 0.00000e+00
 0.00000e+00
 0.00000e+00
 0.00000e+00
 0.00000e+00
 0.00000e+00
 0.00000e+00
 0.00000e+00
 0.00000e+00
 0.00000e+00
 0.00000e+00
 0.00000e+00
 0.00000e+00
 0.00000e+00
 0.00000e+00
 0.00000e+00
 0.00000e+00
 0.00000e+00
 0.00000e+00
 0.00000e+00
 0.00000e+00
 0.00000e+00
 0.00000e+00
 0.00000e+00
 0.00000e+00
 0.00000e+00
 0.00000e+00
 0.00000e+00
 0.00000e+00
 0.00000e+00
 0.00000e+00
 0.00000e+00
 0.00000e+00
 0.00000e+00
 0.00000e+00
 0.00000e+00
 0.00000e+00
 0.00000e+00
 0.00000e+00
 0.00000e+00
 0.00000e+00
 0.00000e+00
 0.00000e+00
 0.00000e+00
 0.00000e+00
 0.00000e+00
 0.00000e+00
 0.00000e+00
 0.00000e+00
 0.00000e+00
 0.00000e+00
 0.00000e+00
 0.00000e+00
 0.00000e+00
 0.00000e+00
 0.00000e+00
 0.00000e+00
 0.00000e+00
 0.00000e+00
 0.00000e+00
 0.00000e+00
 0.00000e+00
 0.00000e+00
 0.00000e+00
 0.00000e+00
 0.00000e+00
 0.00000e+00
 0.00000e+00
 0.00000e+00
 0.00000e+00
 0.00000e+00
 0.00000e+00
 0.00000e+00
 0.00000e+00
 0.00000e+00
 0.00000e+00
 0.00000e+00
 0.00000e+00
 0.00000e+00
 0.00000e+00
 0.00000e+00
 0.00000e+00
 0.00000e+00
 0.00000e+00
 0.00000e+00
 0.00000e+00
 0.00000e+00
 0.00000e+00
 0.00000e+00
 0.00000e+00
 0.00000e+00
 0.00000e+00
 0.00000e+00
 0.00000e+00
 0.00000e+00
 0.00000e+00
 0.00000e+00
 0.00000e+00
 0.00000e+00
 0.00000e+00
 0.00000e+00
 0.00000e+00
 0.00000e+00
 0.00000e+00
 0.00000e+00
 0.00000e+00
 0.00000e+00
 0.00000e+00
 0.00000e+00
 0.00000e+00
 0.00000e+00
 0.00000e+00
 0.00000e+00
 0.00000e+00
 0.00000e+00
 0.00000e+00
 0.00000e+00
 0.00000e+00
 0.00000e+00
 0.00000e+00
 0.00000e+00
 0.00000e+00
 0.00000e+00
 0.00000e+00
 0.00000e+00
 0.00000e+00
 0.00000e+00
 0.00000e+00
 0.00000e+00
 0.00000e+00
 0.00000e+00
 0.00000e+00
 0.00000e+00
 0.00000e+00
 0.00000e+00
 0.00000e+00
 0.00000e+00
 0.00000e+00
 0.00000e+00
 0.00000e+00
 0.00000e+00
 0.00000e+00
 0.00000e+00
 0.00000e+00
 0.00000e+00
 0.00000e+00
 0.00000e+00
 0.00000e+00
 0.00000e+00
 0.00000e+00
 0.00000e+00
 0.00000e+00
 0.00000e+00
 0.00000e+00
 0.00000e+00
 0.00000e+00
 0.00000e+00
 0.00000e+00
 0.00000e+00
 0.00000e+00
 0.00000e+00
 0.00000e+00
 0.00000e+00
 0.00000e+00
 0.00000e+00
 0.00000e+00
 0.00000e+00
 0.00000e+00
 0.00000e+00
 0.00000e+00
 0.00000e+00
 0.00000e+00
 0.00000e+00
 0.00000e+00
 0.00000e+00
 0.00000e+00
 0.00000e+00
 0.00000e+00
 0.00000e+00
 0.00000e+00
 0.00000e+00
 0.00000e+00
 0.00000e+00
 0.00000e+00
 0.00000e+00
 0.00000e+00
 0.00000e+00
 0.00000e+00
 0.00000e+00
 0.00000e+00
 0.00000e+00
 0.00000e+00
 0.00000e+00
 0.00000e+00
 0.00000e+00
 0.00000e+00
 0.00000e+00
 0.00000e+00
 0.00000e+00
 0.00000e+00
 0.00000e+00
 0.00000e+00
 0.00000e+00
 0.00000e+00
 0.00000e+00
 0.00000e+00
 0.00000e+00
 0.00000e+00
 0.00000e+00
 0.00000e+00
 0.00000e+00
 0.00000e+00
 0.00000e+00
 0.00000e+00
 0.00000e+00
 0.00000e+00
 0.00000e+00
 0.00000e+00
 0.00000e+00
 0.00000e+00
 0.00000e+00
 0.00000e+00
 0.00000e+00
 0.00000e+00
 0.00000e+00
 0.00000e+00
 0.00000e+00
 0.00000e+00
 0.00000e+00
