Velocity
part
         1
coordinates
 0.00000e+00
 0.00000e+00
 0.00000e+00
 0.00000e+00
 0.00000e+00
 0.00000e+00
 0.00000e+00
 0.00000e+00
 0.00000e+00
 0.00000e+00
 0.00000e+00
 0.00000e+00
 0.00000e+00
 0.00000e+00
 0.00000e+00
 0.00000e+00
 0.00000e+00
 0.00000e+00
 0.00000e+00
 0.00000e+00
 0.00000e+00
 0.00000e+00
 0.00000e+00
 0.00000e+00
 0.00000e+00
 0.00000e+00
 4.89452e-14
 2.02107e-12
 5.45766e-11
 1.36270e-09
 2.71964e-08
 2.95106e-07
 2.62346e-06
 2.01605e-05
 1.32620e-04
 7.33372e-04
 3.33219e-03
 1.21313e-02
 3.47389e-02
 7.84925e-02
 1.44641e-01
 2.28973e-01
 3.27399e-01
 4.38502e-01
 5.62706e-01
 7.00449e-01
 8.47398e-01
 9.72888e-01
 9.70837e-01
 9.32475e-01
 9.31680e-01
 9.31511e-01
 9.31136e-01
 9.30382e-01
 9.29073e-01
 9.27069e-01
 9.24310e-01
 9.20829e-01
 9.16744e-01
 9.12252e-01
 9.07761e-01
 9.04059e-01
 9.00096e-01
 8.91081e-01
 8.66545e-01
 8.11917e-01
 7.13938e-01
 5.68278e-01
 3.89080e-01
 2.14568e-01
 9.04428e-02
 2.98472e-02
 8.47956e-03
 2.24194e-03
 5.70345e-04
 1.41040e-04
 3.39890e-05
 7.98567e-06
 1.82888e-06
 4.07980e-07
 8.83468e-08
 1.82327e-08
 3.37851e-09
 6.05931e-10
 1.06475e-10
 1.83364e-11
 3.07264e-12
 5.90437e-13
 3.33050e-14
 0.00000e+00
 0.00000e+00
 0.00000e+00
 0.00000e+00
 0.00000e+00
 0.00000e+00
 0.00000e+00
 0.00000e+00
 0.00000e+00
 0.00000e+00
 0.00000e+00
 0.00000e+00
 0.00000e+00
 0.00000e+00
 0.00000e+00
 0.00000e+00
 0.00000e+00
 0.00000e+00
 0.00000e+00
 0.00000e+00
 0.00000e+00
 0.00000e+00
 0.00000e+00
 0.00000e+00
 0.00000e+00
 0.00000e+00
 0.00000e+00
 0.00000e+00
 0.00000e+00
 0.00000e+00
 0.00000e+00
 0.00000e+00
 0.00000e+00
 0.00000e+00
 0.00000e+00
 0.00000e+00
 0.00000e+00
 0.00000e+00
 4.93286e-14
 2.02389e-12
 5.46836e-11
 1.37547e-09
 2.72573e-08
 2.95165e-07
 2.62344e-06
 2.01605e-05
 1.32620e-04
 7.33372e-04
 3.33219e-03
 1.21313e-02
 3.47389e-02
 7.84925e-02
 1.44641e-01
 2.28973e-01
 3.27399e-01
 4.38502e-01
 5.62706e-01
 7.00449e-01
 8.47398e-01
 9.72888e-01
 9.70837e-01
 9.32475e-01
 9.31680e-01
 9.31511e-01
 9.31136e-01
 9.30382e-01
 9.29073e-01
 9.27069e-01
 9.24310e-01
 9.20829e-01
 9.16744e-01
 9.12252e-01
 9.07761e-01
 9.04059e-01
 9.00096e-01
 8.91081e-01
 8.66545e-01
 8.11917e-01
 7.13938e-01
 5.68278e-01
 3.89080e-01
 2.14568e-01
 9.04428e-02
 2.98472e-02
 8.47956e-03
 2.24194e-03
 5.70345e-04
 1.41040e-04
 3.39890e-05
 7.98567e-06
 1.82888e-06
 4.07980e-07
 8.83468e-08
 1.82327e-08
 3.37851e-09
 6.05934e-10
 1.06471e-10
 1.83477e-11
 3.06513e-12
 5.95311e-13
 3.66495e-14
 0.00000e+00
 0.00000e+00
 0.00000e+00
 0.00000e+00
 0.00000e+00
 0.00000e+00
 0.00000e+00
 0.00000e+00
 0.00000e+00
 0.00000e+00
 0.00000e+00
 0.00000e+00
 0.00000e+00
 0.00000e+00
 0.00000e+00
 0.00000e+00
 0.00000e+00
 0.00000e+00
 0.00000e+00
 0.00000e+00
 0.00000e+00
 0.00000e+00
 0.00000e+00
 0.00000e+00
 0.00000e+00
 0.00000e+00
 0.00000e+00
 0.00000e+00
 0.00000e+00
 0.00000e+00
 0.00000e+00
 0.00000e+00
 0.00000e+00
 0.00000e+00
 0.00000e+00
 0.00000e+00
 0.00000e+00
 0.00000e+00
 4.95003e-14
 2.02957e-12
 5.49156e-11
 1.39159e-09
 2.73344e-08
 2.95229e-07
 2.62344e-06
 2.01605e-05
 1.32620e-04
 7.33372e-04
 3.33219e-03
 1.21313e-02
 3.47389e-02
 7.84925e-02
 1.44641e-01
 2.28973e-01
 3.27399e-01
 4.38502e-01
 5.62706e-01
 7.00449e-01
 8.47398e-01
 9.72888e-01
 9.70837e-01
 9.32475e-01
 9.31680e-01
 9.31511e-01
 9.31136e-01
 9.30382e-01
 9.29073e-01
 9.27069e-01
 9.24310e-01
 9.20829e-01
 9.16744e-01
 9.12252e-01
 9.07761e-01
 9.04059e-01
 9.00096e-01
 8.91081e-01
 8.66545e-01
 8.11917e-01
 7.13938e-01
 5.68278e-01
 3.89080e-01
 2.14568e-01
 9.04428e-02
 2.98472e-02
 8.47956e-03
 2.24194e-03
 5.70345e-04
 1.41040e-04
 3.39890e-05
 7.98567e-06
 1.82888e-06
 4.07980e-07
 8.83468e-08
 1.82327e-08
 3.37852e-09
 6.05937e-10
 1.06472e-10
 1.83426e-11
 3.06518e-12
 5.94553e-13
 3.66478e-14
 0.00000e+00
 0.00000e+00
 0.00000e+00
 0.00000e+00
 0.00000e+00
 0.00000e+00
 0.00000e+00
 0.00000e+00
 0.00000e+00
 0.00000e+00
 0.00000e+00
 0.00000e+00
 0.00000e+00
 0.00000e+00
 0.00000e+00
 0.00000e+00
 0.00000e+00
 0.00000e+00
 0.00000e+00
 0.00000e+00
 0.00000e+00
 0.00000e+00
 0.00000e+00
 0.00000e+00
 0.00000e+00
 0.00000e+00
 0.00000e+00
 0.00000e+00
 0.00000e+00
 0.00000e+00
 0.00000e+00
 0.00000e+00
 0.00000e+00
 0.00000e+00
 0.00000e+00
 0.00000e+00
 0.00000e+00
 0.00000e+00
 4.93546e-14
 2.03528e-12
 5.51103e-11
 1.39577e-09
 2.73527e-08
 2.95241e-07
 2.62347e-06
 2.01605e-05
 1.32620e-04
 7.33372e-04
 3.33219e-03
 1.21313e-02
 3.47389e-02
 7.84925e-02
 1.44641e-01
 2.28973e-01
 3.27399e-01
 4.38502e-01
 5.62706e-01
 7.00449e-01
 8.47398e-01
 9.72888e-01
 9.70837e-01
 9.32475e-01
 9.31680e-01
 9.31511e-01
 9.31136e-01
 9.30382e-01
 9.29073e-01
 9.27069e-01
 9.24310e-01
 9.20829e-01
 9.16744e-01
 9.12252e-01
 9.07761e-01
 9.04059e-01
 9.00096e-01
 8.91081e-01
 8.66545e-01
 8.11917e-01
 7.13938e-01
 5.68278e-01
 3.89080e-01
 2.14568e-01
 9.04428e-02
 2.98472e-02
 8.47956e-03
 2.24194e-03
 5.70345e-04
 1.41040e-04
 3.39890e-05
 7.98567e-06
 1.82888e-06
 4.07980e-07
 8.83468e-08
 1.82327e-08
 3.37852e-09
 6.05939e-10
 1.06477e-10
 1.83403e-11
 3.05413e-12
 6.01457e-13
 3.65602e-14
 0.00000e+00
 0.00000e+00
 0.00000e+00
 0.00000e+00
 0.00000e+00
 0.00000e+00
 0.00000e+00
 0.00000e+00
 0.00000e+00
 0.00000e+00
 0.00000e+00
 0.00000e+00
 0.00000e+00
 0.00000e+00
 0.00000e+00
 0.00000e+00
 0.00000e+00
 0.00000e+00
 0.00000e+00
 0.00000e+00
 0.00000e+00
 0.00000e+00
 0.00000e+00
 0.00000e+00
 0.00000e+00
 0.00000e+00
 0.00000e+00
 0.00000e+00
 0.00000e+00
 0.00000e+00
 0.00000e+00
 0.00000e+00
 0.00000e+00
 0.00000e+00
 0.00000e+00
 0.00000e+00
 0.00000e+00
 0.00000e+00
 4.92193e-14
 2.03796e-12
 5.52047e-11
 1.39673e-09
 2.73554e-08
 2.95248e-07
 2.62347e-06
 2.01605e-05
 1.32620e-04
 7.33372e-04
 3.33219e-03
 1.21313e-02
 3.47389e-02
 7.84925e-02
 1.44641e-01
 2.28973e-01
 3.27399e-01
 4.38502e-01
 5.62706e-01
 7.00449e-01
 8.47398e-01
 9.72888e-01
 9.70837e-01
 9.32475e-01
 9.31680e-01
 9.31511e-01
 9.31136e-01
 9.30382e-01
 9.29073e-01
 9.27069e-01
 9.24310e-01
 9.20829e-01
 9.16744e-01
 9.12252e-01
 9.07761e-01
 9.04059e-01
 9.00096e-01
 8.91081e-01
 8.66545e-01
 8.11917e-01
 7.13938e-01
 5.68278e-01
 3.89080e-01
 2.14568e-01
 9.04428e-02
 2.98472e-02
 8.47956e-03
 2.24194e-03
 5.70345e-04
 1.41040e-04
 3.39890e-05
 7.98567e-06
 1.82888e-06
 4.07980e-07
 8.83468e-08
 1.82327e-08
 3.37851e-09
 6.05943e-10
 1.06478e-10
 1.83447e-11
 3.04535e-12
 6.06410e-13
 3.65437e-14
 0.00000e+00
 0.00000e+00
 0.00000e+00
 0.00000e+00
 0.00000e+00
 0.00000e+00
 0.00000e+00
 0.00000e+00
 0.00000e+00
 0.00000e+00
 0.00000e+00
 0.00000e+00
 0.00000e+00
 0.00000e+00
 0.00000e+00
 0.00000e+00
 0.00000e+00
 0.00000e+00
 0.00000e+00
 0.00000e+00
 0.00000e+00
 0.00000e+00
 0.00000e+00
 0.00000e+00
 0.00000e+00
 0.00000e+00
 0.00000e+00
 0.00000e+00
 0.00000e+00
 0.00000e+00
 0.00000e+00
 0.00000e+00
 0.00000e+00
 0.00000e+00
 0.00000e+00
 0.00000e+00
 0.00000e+00
 0.00000e+00
 4.90181e-14
 2.03779e-12
 5.52294e-11
 1.39686e-09
 2.73561e-08
 2.95249e-07
 2.62347e-06
 2.01605e-05
 1.32620e-04
 7.33372e-04
 3.33219e-03
 1.21313e-02
 3.47389e-02
 7.84925e-02
 1.44641e-01
 2.28973e-01
 3.27399e-01
 4.38502e-01
 5.62706e-01
 7.00449e-01
 8.47398e-01
 9.72888e-01
 9.70837e-01
 9.32475e-01
 9.31680e-01
 9.31511e-01
 9.31136e-01
 9.30382e-01
 9.29073e-01
 9.27069e-01
 9.24310e-01
 9.20829e-01
 9.16744e-01
 9.12252e-01
 9.07761e-01
 9.04059e-01
 9.00096e-01
 8.91081e-01
 8.66545e-01
 8.11917e-01
 7.13938e-01
 5.68278e-01
 3.89080e-01
 2.14568e-01
 9.04428e-02
 2.98472e-02
 8.47956e-03
 2.24194e-03
 5.70345e-04
 1.41040e-04
 3.39890e-05
 7.98567e-06
 1.82888e-06
 4.07980e-07
 8.83468e-08
 1.82327e-08
 3.37851e-09
 6.05946e-10
 1.06479e-10
 1.83350e-11
 3.05519e-12
 5.98827e-13
 3.32685e-14
 0.00000e+00
 0.00000e+00
 0.00000e+00
 0.00000e+00
 0.00000e+00
 0.00000e+00
 0.00000e+00
 0.00000e+00
 0.00000e+00
 0.00000e+00
 0.00000e+00
 0.00000e+00
 0.00000e+00
 0.00000e+00
 0.00000e+00
 0.00000e+00
 0.00000e+00
 0.00000e+00
 0.00000e+00
 0.00000e+00
 0.00000e+00
 0.00000e+00
 0.00000e+00
 0.00000e+00
 0.00000e+00
 0.00000e+00
 0.00000e+00
 0.00000e+00
 0.00000e+00
 0.00000e+00
 0.00000e+00
 0.00000e+00
 0.00000e+00
 0.00000e+00
 0.00000e+00
 0.00000e+00
 0.00000e+00
 0.00000e+00
 0.00000e+00
 0.00000e+00
 0.00000e+00
 0.00000e+00
 0.00000e+00
 0.00000e+00
 0.00000e+00
 0.00000e+00
 0.00000e+00
 0.00000e+00
 0.00000e+00
 0.00000e+00
 0.00000e+00
 0.00000e+00
 0.00000e+00
 0.00000e+00
 0.00000e+00
 0.00000e+00
 0.00000e+00
 0.00000e+00
 0.00000e+00
 0.00000e+00
 0.00000e+00
 0.00000e+00
 0.00000e+00
 0.00000e+00
 0.00000e+00
 0.00000e+00
 0.00000e+00
 0.00000e+00
 0.00000e+00
 0.00000e+00
 0.00000e+00
 0.00000e+00
 0.00000e+00
 0.00000e+00
 0.00000e+00
 0.00000e+00
 0.00000e+00
 0.00000e+00
 0.00000e+00
 0.00000e+00
 0.00000e+00
 0.00000e+00
 0.00000e+00
 0.00000e+00
 0.00000e+00
 0.00000e+00
 0.00000e+00
 0.00000e+00
 0.00000e+00
 0.00000e+00
 0.00000e+00
 0.00000e+00
 0.00000e+00
 0.00000e+00
 0.00000e+00
 0.00000e+00
 0.00000e+00
 0.00000e+00
 0.00000e+00
 0.00000e+00
 0.00000e+00
 0.00000e+00
 0.00000e+00
 0.00000e+00
 0.00000e+00
 0.00000e+00
 0.00000e+00
 0.00000e+00
 0.00000e+00
 0.00000e+00
 0.00000e+00
 0.00000e+00
 0.00000e+00
 0.00000e+00
 0.00000e+00
-4.20802e-16
 0.00000e+00
 0.00000e+00
 0.00000e+00
 0.00000e+00
 0.00000e+00
 0.00000e+00
 0.00000e+00
 0.00000e+00
 0.00000e+00
 0.00000e+00
 0.00000e+00
 0.00000e+00
 0.00000e+00
 0.00000e+00
 0.00000e+00
 0.00000e+00
 0.00000e+00
 0.00000e+00
 0.00000e+00
 0.00000e+00
 0.00000e+00
 0.00000e+00
 0.00000e+00
 1.86916e-16
 1.78893e-15
 5.67250e-14
 6.49178e-12
 4.33237e-11
 1.03278e-10
 1.20913e-10
 8.89337e-11
 4.46842e-11
 1.18315e-12
-2.78877e-11
-3.62156e-11
-2.95956e-11
-1.47368e-11
-3.87763e-12
 7.91181e-12
 1.08644e-11
 9.19720e-12
 9.36066e-12
 1.09063e-11
 1.36886e-11
-1.99681e-12
-2.23697e-12
 1.26510e-12
 1.84913e-12
 1.93488e-12
 1.76510e-12
 1.55343e-12
 1.34936e-12
 1.17019e-12
 1.00384e-12
 8.43477e-13
 6.85453e-13
 5.34572e-13
 4.09359e-13
 3.02030e-13
 2.16394e-13
 1.39367e-13
 8.29163e-14
 5.56109e-14
 3.50588e-14
 1.76638e-14
 7.13609e-15
 4.32280e-15
 3.62124e-15
 3.02059e-15
 2.45116e-15
 3.41741e-16
-6.83785e-15
-3.31592e-15
 2.56522e-15
-2.41517e-15
-3.77953e-15
-2.57823e-15
-4.20150e-15
-8.95521e-15
-1.24147e-14
-9.13982e-15
-9.86928e-15
-6.36730e-15
-4.46908e-15
-5.77836e-15
-1.67227e-15
 0.00000e+00
 0.00000e+00
 0.00000e+00
 0.00000e+00
-4.20802e-16
-4.20802e-16
 0.00000e+00
 0.00000e+00
 0.00000e+00
 0.00000e+00
 0.00000e+00
 0.00000e+00
 0.00000e+00
 0.00000e+00
-4.20802e-16
 0.00000e+00
 0.00000e+00
 0.00000e+00
 0.00000e+00
 0.00000e+00
 0.00000e+00
 0.00000e+00
 0.00000e+00
 0.00000e+00
 0.00000e+00
 0.00000e+00
 0.00000e+00
 0.00000e+00
 0.00000e+00
 0.00000e+00
 0.00000e+00
 0.00000e+00
 0.00000e+00
 0.00000e+00
 0.00000e+00
 0.00000e+00
 0.00000e+00
 0.00000e+00
-1.09721e-16
 1.21344e-15
 6.51211e-14
 1.80687e-12
 1.15891e-11
 2.23503e-11
 3.71374e-11
 5.19366e-11
 5.67093e-11
 5.85784e-11
 5.00051e-11
 2.87271e-11
 8.69409e-12
-7.37982e-12
-1.94673e-11
-2.29718e-11
-1.63255e-11
-1.06025e-11
-8.33261e-12
-6.52440e-13
 6.38610e-12
 4.94828e-12
 1.50639e-12
 1.91548e-12
 2.89400e-12
 3.28425e-12
 2.83434e-12
 2.48229e-12
 2.17068e-12
 1.88783e-12
 1.61120e-12
 1.31865e-12
 1.09087e-12
 8.70610e-13
 6.50095e-13
 4.71250e-13
 3.13456e-13
 2.16051e-13
 1.53479e-13
 9.25991e-14
 4.11260e-14
 2.45875e-14
 2.02567e-14
 1.91365e-14
 1.33652e-14
 7.00048e-15
 8.94467e-15
 9.76606e-15
 1.19726e-14
 1.12532e-14
 1.05692e-14
 1.38409e-14
 1.24562e-14
 7.91771e-15
 7.40467e-15
 7.59362e-15
 9.83662e-15
 1.15758e-14
 1.46792e-14
 9.53924e-15
 5.15386e-15
 6.14049e-15
 1.67184e-15
 0.00000e+00
 0.00000e+00
 0.00000e+00
 0.00000e+00
-4.20802e-16
-4.20802e-16
 0.00000e+00
 0.00000e+00
 0.00000e+00
 0.00000e+00
 0.00000e+00
 0.00000e+00
 0.00000e+00
 0.00000e+00
-4.20802e-16
 0.00000e+00
 0.00000e+00
 0.00000e+00
 0.00000e+00
 0.00000e+00
 0.00000e+00
 0.00000e+00
 0.00000e+00
 0.00000e+00
 0.00000e+00
 0.00000e+00
 0.00000e+00
 0.00000e+00
 0.00000e+00
 0.00000e+00
 0.00000e+00
 0.00000e+00
 0.00000e+00
 0.00000e+00
 0.00000e+00
 0.00000e+00
 0.00000e+00
 0.00000e+00
 2.90566e-17
 1.48102e-15
 3.77853e-14
 4.85331e-13
 1.94205e-12
 5.97652e-12
 1.12383e-11
 1.76162e-11
 2.63817e-11
 3.32512e-11
 3.52722e-11
 4.03483e-11
 3.40241e-11
 2.70984e-11
 2.50217e-11
 1.42745e-11
 7.36037e-12
 9.77694e-13
-6.36954e-13
 2.09323e-12
 3.28081e-12
 4.16744e-12
 4.61425e-12
 3.22991e-12
 2.88165e-12
 3.05280e-12
 2.75750e-12
 2.44328e-12
 2.13770e-12
 1.83948e-12
 1.55195e-12
 1.31245e-12
 1.07050e-12
 8.46544e-13
 6.60953e-13
 4.93345e-13
 3.48437e-13
 2.40451e-13
 1.79934e-13
 1.05938e-13
 4.55985e-14
 2.66558e-14
 9.42419e-15
-1.22485e-15
-4.97258e-15
-1.48570e-14
-2.21147e-14
-1.77055e-14
-1.01330e-14
-1.04361e-14
-8.69010e-15
-8.27940e-15
-1.13494e-14
-1.44047e-14
-1.44797e-14
-1.15317e-14
-1.09597e-14
-1.13325e-14
-1.08173e-14
-4.19673e-15
-6.46575e-15
-9.51669e-15
-1.62804e-15
 0.00000e+00
 0.00000e+00
 0.00000e+00
 0.00000e+00
-4.20802e-16
-4.20802e-16
 0.00000e+00
 0.00000e+00
 0.00000e+00
 0.00000e+00
 0.00000e+00
 0.00000e+00
 0.00000e+00
 0.00000e+00
-4.20802e-16
 0.00000e+00
 0.00000e+00
 0.00000e+00
 0.00000e+00
 0.00000e+00
 0.00000e+00
 0.00000e+00
 0.00000e+00
 0.00000e+00
 0.00000e+00
 0.00000e+00
 0.00000e+00
 0.00000e+00
 0.00000e+00
 0.00000e+00
 0.00000e+00
 0.00000e+00
 0.00000e+00
 0.00000e+00
 0.00000e+00
 0.00000e+00
 0.00000e+00
 0.00000e+00
-1.05384e-16
-2.89265e-16
 1.19345e-14
 8.99623e-14
 4.63123e-13
 1.29516e-12
 2.69573e-12
 5.02462e-12
 8.27829e-12
 1.10997e-11
 1.57510e-11
 1.71096e-11
 2.18389e-11
 2.05473e-11
 2.22571e-11
 2.30292e-11
 1.53580e-11
 1.73662e-11
 1.68720e-11
 1.37395e-11
 9.62861e-12
 9.84516e-12
 6.88919e-12
 1.89000e-12
 1.66723e-12
 1.95077e-12
 1.69137e-12
 1.49146e-12
 1.29962e-12
 1.11747e-12
 9.59771e-13
 8.08049e-13
 6.68825e-13
 5.47384e-13
 4.17580e-13
 2.95171e-13
 2.15420e-13
 1.53495e-13
 9.57394e-14
 7.72199e-14
 5.93549e-14
 2.73696e-14
 7.02246e-15
 2.08934e-15
 2.31152e-15
 5.67602e-15
 1.15060e-14
 6.12401e-15
-2.30718e-15
-2.89309e-15
-6.93629e-15
-2.12547e-15
 7.60893e-15
 1.07189e-14
 8.03394e-15
 5.48550e-15
 6.76529e-15
 8.53961e-15
 1.02167e-14
 5.87551e-15
 5.95531e-15
 7.06856e-15
 1.63715e-15
 0.00000e+00
 0.00000e+00
 0.00000e+00
 0.00000e+00
-4.20802e-16
-4.20802e-16
 0.00000e+00
 0.00000e+00
 0.00000e+00
 0.00000e+00
 0.00000e+00
 0.00000e+00
 0.00000e+00
 0.00000e+00
 0.00000e+00
 0.00000e+00
 0.00000e+00
 0.00000e+00
 0.00000e+00
 0.00000e+00
 0.00000e+00
 0.00000e+00
 0.00000e+00
 0.00000e+00
 0.00000e+00
 0.00000e+00
 0.00000e+00
 0.00000e+00
 0.00000e+00
 0.00000e+00
 0.00000e+00
 0.00000e+00
 0.00000e+00
 0.00000e+00
 0.00000e+00
 0.00000e+00
 0.00000e+00
 0.00000e+00
 0.00000e+00
 0.00000e+00
 0.00000e+00
 0.00000e+00
 0.00000e+00
 0.00000e+00
 0.00000e+00
 0.00000e+00
 0.00000e+00
 0.00000e+00
 0.00000e+00
 0.00000e+00
 0.00000e+00
 0.00000e+00
 0.00000e+00
 0.00000e+00
 0.00000e+00
 0.00000e+00
 0.00000e+00
 0.00000e+00
 0.00000e+00
 0.00000e+00
 0.00000e+00
 0.00000e+00
 0.00000e+00
 0.00000e+00
 0.00000e+00
 0.00000e+00
 0.00000e+00
 0.00000e+00
 0.00000e+00
 0.00000e+00
 0.00000e+00
 0.00000e+00
 0.00000e+00
 0.00000e+00
 0.00000e+00
 0.00000e+00
 0.00000e+00
 0.00000e+00
 0.00000e+00
 0.00000e+00
 0.00000e+00
 0.00000e+00
 0.00000e+00
 0.00000e+00
 0.00000e+00
 0.00000e+00
 0.00000e+00
 0.00000e+00
 0.00000e+00
 0.00000e+00
 0.00000e+00
 0.00000e+00
 0.00000e+00
 0.00000e+00
 0.00000e+00
 0.00000e+00
 0.00000e+00
 0.00000e+00
 0.00000e+00
 0.00000e+00
 0.00000e+00
 0.00000e+00
 0.00000e+00
 0.00000e+00
 0.00000e+00
 0.00000e+00
 0.00000e+00
 0.00000e+00
 0.00000e+00
 0.00000e+00
 0.00000e+00
 0.00000e+00
 0.00000e+00
 0.00000e+00
 0.00000e+00
 0.00000e+00
 0.00000e+00
 0.00000e+00
 0.00000e+00
 0.00000e+00
 0.00000e+00
 0.00000e+00
 0.00000e+00
 0.00000e+00
 0.00000e+00
 0.00000e+00
 0.00000e+00
 0.00000e+00
 0.00000e+00
 0.00000e+00
 0.00000e+00
 0.00000e+00
 0.00000e+00
 0.00000e+00
 0.00000e+00
 0.00000e+00
 0.00000e+00
 0.00000e+00
 0.00000e+00
 0.00000e+00
 0.00000e+00
 0.00000e+00
 0.00000e+00
 0.00000e+00
 0.00000e+00
 0.00000e+00
 0.00000e+00
 0.00000e+00
 0.00000e+00
 0.00000e+00
 0.00000e+00
 0.00000e+00
 0.00000e+00
 0.00000e+00
 0.00000e+00
 0.00000e+00
 0.00000e+00
 0.00000e+00
 0.00000e+00
 0.00000e+00
 0.00000e+00
 0.00000e+00
 0.00000e+00
 0.00000e+00
 0.00000e+00
 0.00000e+00
 0.00000e+00
 0.00000e+00
 0.00000e+00
 0.00000e+00
 0.00000e+00
 0.00000e+00
 0.00000e+00
 0.00000e+00
 0.00000e+00
 0.00000e+00
 0.00000e+00
 0.00000e+00
 0.00000e+00
 0.00000e+00
 0.00000e+00
 0.00000e+00
 0.00000e+00
 0.00000e+00
 0.00000e+00
 0.00000e+00
 0.00000e+00
 0.00000e+00
 0.00000e+00
 0.00000e+00
 0.00000e+00
 0.00000e+00
 0.00000e+00
 0.00000e+00
 0.00000e+00
 0.00000e+00
 0.00000e+00
 0.00000e+00
 0.00000e+00
 0.00000e+00
 0.00000e+00
 0.00000e+00
 0.00000e+00
 0.00000e+00
 0.00000e+00
 0.00000e+00
 0.00000e+00
 0.00000e+00
 0.00000e+00
 0.00000e+00
 0.00000e+00
 0.00000e+00
 0.00000e+00
 0.00000e+00
 0.00000e+00
 0.00000e+00
 0.00000e+00
 0.00000e+00
 0.00000e+00
 0.00000e+00
 0.00000e+00
 0.00000e+00
 0.00000e+00
 0.00000e+00
 0.00000e+00
 0.00000e+00
 0.00000e+00
 0.00000e+00
 0.00000e+00
 0.00000e+00
 0.00000e+00
 0.00000e+00
 0.00000e+00
 0.00000e+00
 0.00000e+00
 0.00000e+00
 0.00000e+00
 0.00000e+00
 0.00000e+00
 0.00000e+00
 0.00000e+00
 0.00000e+00
 0.00000e+00
 0.00000e+00
 0.00000e+00
 0.00000e+00
 0.00000e+00
 0.00000e+00
 0.00000e+00
 0.00000e+00
 0.00000e+00
 0.00000e+00
 0.00000e+00
 0.00000e+00
 0.00000e+00
 0.00000e+00
 0.00000e+00
 0.00000e+00
 0.00000e+00
 0.00000e+00
 0.00000e+00
 0.00000e+00
 0.00000e+00
 0.00000e+00
 0.00000e+00
 0.00000e+00
 0.00000e+00
 0.00000e+00
 0.00000e+00
 0.00000e+00
 0.00000e+00
 0.00000e+00
 0.00000e+00
 0.00000e+00
 0.00000e+00
 0.00000e+00
 0.00000e+00
 0.00000e+00
 0.00000e+00
 0.00000e+00
 0.00000e+00
 0.00000e+00
 0.00000e+00
 0.00000e+00
 0.00000e+00
 0.00000e+00
 0.00000e+00
 0.00000e+00
 0.00000e+00
 0.00000e+00
 0.00000e+00
 0.00000e+00
 0.00000e+00
 0.00000e+00
 0.00000e+00
 0.00000e+00
 0.00000e+00
 0.00000e+00
 0.00000e+00
 0.00000e+00
 0.00000e+00
 0.00000e+00
 0.00000e+00
 0.00000e+00
 0.00000e+00
 0.00000e+00
 0.00000e+00
 0.00000e+00
 0.00000e+00
 0.00000e+00
 0.00000e+00
 0.00000e+00
 0.00000e+00
 0.00000e+00
 0.00000e+00
 0.00000e+00
 0.00000e+00
 0.00000e+00
 0.00000e+00
 0.00000e+00
 0.00000e+00
 0.00000e+00
 0.00000e+00
 0.00000e+00
 0.00000e+00
 0.00000e+00
 0.00000e+00
 0.00000e+00
 0.00000e+00
 0.00000e+00
 0.00000e+00
 0.00000e+00
 0.00000e+00
 0.00000e+00
 0.00000e+00
 0.00000e+00
 0.00000e+00
 0.00000e+00
 0.00000e+00
 0.00000e+00
 0.00000e+00
 0.00000e+00
 0.00000e+00
 0.00000e+00
 0.00000e+00
 0.00000e+00
 0.00000e+00
 0.00000e+00
 0.00000e+00
 0.00000e+00
 0.00000e+00
 0.00000e+00
 0.00000e+00
 0.00000e+00
 0.00000e+00
 0.00000e+00
 0.00000e+00
 0.00000e+00
 0.00000e+00
 0.00000e+00
 0.00000e+00
 0.00000e+00
 0.00000e+00
 0.00000e+00
 0.00000e+00
 0.00000e+00
 0.00000e+00
 0.00000e+00
 0.00000e+00
 0.00000e+00
 0.00000e+00
 0.00000e+00
 0.00000e+00
 0.00000e+00
 0.00000e+00
 0.00000e+00
 0.00000e+00
 0.00000e+00
 0.00000e+00
 0.00000e+00
 0.00000e+00
 0.00000e+00
 0.00000e+00
 0.00000e+00
 0.00000e+00
 0.00000e+00
 0.00000e+00
 0.00000e+00
 0.00000e+00
 0.00000e+00
 0.00000e+00
 0.00000e+00
 0.00000e+00
 0.00000e+00
 0.00000e+00
 0.00000e+00
 0.00000e+00
 0.00000e+00
 0.00000e+00
 0.00000e+00
 0.00000e+00
 0.00000e+00
 0.00000e+00
 0.00000e+00
 0.00000e+00
 0.00000e+00
 0.00000e+00
 0.00000e+00
 0.00000e+00
 0.00000e+00
 0.00000e+00
 0.00000e+00
 0.00000e+00
 0.00000e+00
 0.00000e+00
 0.00000e+00
 0.00000e+00
 0.00000e+00
 0.00000e+00
 0.00000e+00
 0.00000e+00
 0.00000e+00
 0.00000e+00
 0.00000e+00
 0.00000e+00
 0.00000e+00
 0.00000e+00
 0.00000e+00
 0.00000e+00
 0.00000e+00
 0.00000e+00
 0.00000e+00
 0.00000e+00
 0.00000e+00
 0.00000e+00
 0.00000e+00
 0.00000e+00
 0.00000e+00
 0.00000e+00
 0.00000e+00
 0.00000e+00
 0.00000e+00
 0.00000e+00
 0.00000e+00
 0.00000e+00
 0.00000e+00
 0.00000e+00
 0.00000e+00
 0.00000e+00
 0.00000e+00
 0.00000e+00
 0.00000e+00
 0.00000e+00
 0.00000e+00
 0.00000e+00
 0.00000e+00
 0.00000e+00
 0.00000e+00
 0.00000e+00
 0.00000e+00
 0.00000e+00
 0.00000e+00
 0.00000e+00
 0.00000e+00
 0.00000e+00
 0.00000e+00
 0.00000e+00
 0.00000e+00
 0.00000e+00
 0.00000e+00
 0.00000e+00
 0.00000e+00
 0.00000e+00
 0.00000e+00
 0.00000e+00
 0.00000e+00
 0.00000e+00
 0.00000e+00
 0.00000e+00
 0.00000e+00
 0.00000e+00
 0.00000e+00
 0.00000e+00
 0.00000e+00
 0.00000e+00
 0.00000e+00
 0.00000e+00
 0.00000e+00
 0.00000e+00
 0.00000e+00
 0.00000e+00
 0.00000e+00
 0.00000e+00
 0.00000e+00
 0.00000e+00
 0.00000e+00
 0.00000e+00
 0.00000e+00
 0.00000e+00
 0.00000e+00
 0.00000e+00
 0.00000e+00
 0.00000e+00
 0.00000e+00
 0.00000e+00
 0.00000e+00
 0.00000e+00
 0.00000e+00
 0.00000e+00
 0.00000e+00
 0.00000e+00
 0.00000e+00
 0.00000e+00
 0.00000e+00
 0.00000e+00
 0.00000e+00
 0.00000e+00
 0.00000e+00
 0.00000e+00
 0.00000e+00
 0.00000e+00
 0.00000e+00
 0.00000e+00
 0.00000e+00
 0.00000e+00
 0.00000e+00
 0.00000e+00
 0.00000e+00
 0.00000e+00
 0.00000e+00
 0.00000e+00
 0.00000e+00
 0.00000e+00
 0.00000e+00
 0.00000e+00
 0.00000e+00
 0.00000e+00
 0.00000e+00
 0.00000e+00
 0.00000e+00
 0.00000e+00
 0.00000e+00
 0.00000e+00
 0.00000e+00
 0.00000e+00
 0.00000e+00
 0.00000e+00
 0.00000e+00
 0.00000e+00
 0.00000e+00
 0.00000e+00
 0.00000e+00
 0.00000e+00
 0.00000e+00
 0.00000e+00
 0.00000e+00
 0.00000e+00
 0.00000e+00
 0.00000e+00
 0.00000e+00
 0.00000e+00
 0.00000e+00
 0.00000e+00
 0.00000e+00
 0.00000e+00
 0.00000e+00
 0.00000e+00
 0.00000e+00
 0.00000e+00
 0.00000e+00
 0.00000e+00
 0.00000e+00
 0.00000e+00
 0.00000e+00
 0.00000e+00
 0.00000e+00
 0.00000e+00
 0.00000e+00
 0.00000e+00
 0.00000e+00
 0.00000e+00
 0.00000e+00
 0.00000e+00
 0.00000e+00
 0.00000e+00
 0.00000e+00
 0.00000e+00
 0.00000e+00
 0.00000e+00
 0.00000e+00
 0.00000e+00
 0.00000e+00
 0.00000e+00
 0.00000e+00
 0.00000e+00
 0.00000e+00
 0.00000e+00
 0.00000e+00
 0.00000e+00
 0.00000e+00
 0.00000e+00
 0.00000e+00
 0.00000e+00
 0.00000e+00
 0.00000e+00
 0.00000e+00
 0.00000e+00
 0.00000e+00
 0.00000e+00
 0.00000e+00
 0.00000e+00
 0.00000e+00
 0.00000e+00
 0.00000e+00
 0.00000e+00
 0.00000e+00
 0.00000e+00
 0.00000e+00
 0.00000e+00
 0.00000e+00
 0.00000e+00
 0.00000e+00
 0.00000e+00
 0.00000e+00
 0.00000e+00
 0.00000e+00
 0.00000e+00
 0.00000e+00
 0.00000e+00
 0.00000e+00
 0.00000e+00
 0.00000e+00
 0.00000e+00
 0.00000e+00
 0.00000e+00
 0.00000e+00
 0.00000e+00
 0.00000e+00
 0.00000e+00
 0.00000e+00
 0.00000e+00
 0.00000e+00
 0.00000e+00
 0.00000e+00
 0.00000e+00
 0.00000e+00
 0.00000e+00
 0.00000e+00
 0.00000e+00
 0.00000e+00
 0.00000e+00
 0.00000e+00
 0.00000e+00
 0.00000e+00
 0.00000e+00
 0.00000e+00
 0.00000e+00
 0.00000e+00
 0.00000e+00
 0.00000e+00
 0.00000e+00
 0.00000e+00
 0.00000e+00
 0.00000e+00
 0.00000e+00
 0.00000e+00
 0.00000e+00
 0.00000e+00
 0.00000e+00
 0.00000e+00
 0.00000e+00
 0.00000e+00
 0.00000e+00
 0.00000e+00
 0.00000e+00
 0.00000e+00
 0.00000e+00
 0.00000e+00
 0.00000e+00
 0.00000e+00
 0.00000e+00
 0.00000e+00
 0.00000e+00
 0.00000e+00
 0.00000e+00
 0.00000e+00
 0.00000e+00
 0.00000e+00
 0.00000e+00
 0.00000e+00
 0.00000e+00
 0.00000e+00
 0.00000e+00
 0.00000e+00
 0.00000e+00
 0.00000e+00
 0.00000e+00
 0.00000e+00
 0.00000e+00
 0.00000e+00
 0.00000e+00
 0.00000e+00
 0.00000e+00
 0.00000e+00
 0.00000e+00
 0.00000e+00
 0.00000e+00
 0.00000e+00
 0.00000e+00
 0.00000e+00
 0.00000e+00
 0.00000e+00
 0.00000e+00
 0.00000e+00
 0.00000e+00
 0.00000e+00
 0.00000e+00
 0.00000e+00
 0.00000e+00
