Velocity
part
         1
coordinates
 0.00000e+00
 0.00000e+00
 0.00000e+00
 0.00000e+00
 0.00000e+00
 0.00000e+00
 0.00000e+00
 0.00000e+00
 0.00000e+00
 0.00000e+00
 0.00000e+00
 0.00000e+00
 0.00000e+00
 0.00000e+00
 0.00000e+00
 0.00000e+00
 0.00000e+00
 0.00000e+00
 0.00000e+00
 0.00000e+00
 0.00000e+00
 0.00000e+00
 0.00000e+00
 4.33681e-17
 1.54191e-13
 4.53780e-12
 1.09072e-10
 2.50702e-09
 4.02897e-08
 3.80585e-07
 3.01890e-06
 2.09275e-05
 1.25649e-04
 6.43157e-04
 2.75170e-03
 9.62789e-03
 2.70808e-02
 6.11992e-02
 1.13856e-01
 1.82087e-01
 2.62028e-01
 3.51650e-01
 4.50682e-01
 5.59716e-01
 6.79285e-01
 8.07626e-01
 9.31332e-01
 9.87957e-01
 9.45826e-01
 9.31533e-01
 9.30052e-01
 9.29810e-01
 9.29584e-01
 9.29335e-01
 9.29008e-01
 9.28529e-01
 9.27811e-01
 9.26753e-01
 9.25257e-01
 9.23244e-01
 9.20682e-01
 9.17616e-01
 9.14158e-01
 9.10327e-01
 9.05495e-01
 8.97228e-01
 8.79507e-01
 8.41644e-01
 7.70332e-01
 6.55396e-01
 4.98075e-01
 3.20084e-01
 1.63395e-01
 6.43455e-02
 2.06227e-02
 5.90279e-03
 1.60135e-03
 4.21247e-04
 1.08173e-04
 2.71602e-05
 6.66889e-06
 1.60090e-06
 3.75386e-07
 8.56385e-08
 1.86433e-08
 3.64149e-09
 6.89933e-10
 1.28339e-10
 2.34776e-11
 4.19814e-12
 7.51364e-13
 1.41026e-13
 0.00000e+00
 0.00000e+00
 0.00000e+00
 0.00000e+00
 0.00000e+00
 0.00000e+00
 0.00000e+00
 0.00000e+00
 0.00000e+00
 0.00000e+00
 0.00000e+00
 0.00000e+00
 0.00000e+00
 0.00000e+00
 0.00000e+00
 0.00000e+00
 0.00000e+00
 0.00000e+00
 0.00000e+00
 0.00000e+00
 0.00000e+00
 0.00000e+00
 0.00000e+00
 0.00000e+00
 0.00000e+00
 0.00000e+00
 0.00000e+00
 0.00000e+00
 0.00000e+00
 0.00000e+00
 0.00000e+00
 0.00000e+00
 4.85723e-17
 1.55214e-13
 4.54324e-12
 1.09377e-10
 2.53661e-09
 4.03742e-08
 3.80616e-07
 3.01887e-06
 2.09274e-05
 1.25649e-04
 6.43157e-04
 2.75170e-03
 9.62789e-03
 2.70808e-02
 6.11992e-02
 1.13856e-01
 1.82087e-01
 2.62028e-01
 3.51650e-01
 4.50682e-01
 5.59716e-01
 6.79285e-01
 8.07626e-01
 9.31332e-01
 9.87957e-01
 9.45826e-01
 9.31533e-01
 9.30052e-01
 9.29810e-01
 9.29584e-01
 9.29335e-01
 9.29008e-01
 9.28529e-01
 9.27811e-01
 9.26753e-01
 9.25257e-01
 9.23244e-01
 9.20682e-01
 9.17616e-01
 9.14158e-01
 9.10327e-01
 9.05495e-01
 8.97228e-01
 8.79507e-01
 8.41644e-01
 7.70332e-01
 6.55396e-01
 4.98075e-01
 3.20084e-01
 1.63395e-01
 6.43455e-02
 2.06227e-02
 5.90279e-03
 1.60135e-03
 4.21247e-04
 1.08173e-04
 2.71602e-05
 6.66889e-06
 1.60090e-06
 3.75386e-07
 8.56385e-08
 1.86433e-08
 3.64149e-09
 6.89939e-10
 1.28332e-10
 2.34858e-11
 4.19033e-12
 7.59253e-13
 1.44786e-13
 0.00000e+00
 0.00000e+00
 0.00000e+00
 0.00000e+00
 0.00000e+00
 0.00000e+00
 0.00000e+00
 0.00000e+00
 0.00000e+00
 0.00000e+00
 0.00000e+00
 0.00000e+00
 0.00000e+00
 0.00000e+00
 0.00000e+00
 0.00000e+00
 0.00000e+00
 0.00000e+00
 0.00000e+00
 0.00000e+00
 0.00000e+00
 0.00000e+00
 0.00000e+00
 0.00000e+00
 0.00000e+00
 0.00000e+00
 0.00000e+00
 0.00000e+00
 0.00000e+00
 0.00000e+00
 0.00000e+00
 0.00000e+00
 8.67362e-17
 1.55668e-13
 4.55676e-12
 1.10016e-10
 2.57277e-09
 4.04763e-08
 3.80659e-07
 3.01887e-06
 2.09274e-05
 1.25649e-04
 6.43157e-04
 2.75170e-03
 9.62789e-03
 2.70808e-02
 6.11992e-02
 1.13856e-01
 1.82087e-01
 2.62028e-01
 3.51650e-01
 4.50682e-01
 5.59716e-01
 6.79285e-01
 8.07626e-01
 9.31332e-01
 9.87957e-01
 9.45826e-01
 9.31533e-01
 9.30052e-01
 9.29810e-01
 9.29584e-01
 9.29335e-01
 9.29008e-01
 9.28529e-01
 9.27811e-01
 9.26753e-01
 9.25257e-01
 9.23244e-01
 9.20682e-01
 9.17616e-01
 9.14158e-01
 9.10327e-01
 9.05495e-01
 8.97228e-01
 8.79507e-01
 8.41644e-01
 7.70332e-01
 6.55396e-01
 4.98075e-01
 3.20084e-01
 1.63395e-01
 6.43455e-02
 2.06227e-02
 5.90279e-03
 1.60135e-03
 4.21247e-04
 1.08173e-04
 2.71602e-05
 6.66889e-06
 1.60090e-06
 3.75386e-07
 8.56385e-08
 1.86433e-08
 3.64149e-09
 6.89943e-10
 1.28332e-10
 2.34851e-11
 4.18941e-12
 7.58130e-13
 1.45192e-13
 0.00000e+00
 0.00000e+00
 0.00000e+00
 0.00000e+00
 0.00000e+00
 0.00000e+00
 0.00000e+00
 0.00000e+00
 0.00000e+00
 0.00000e+00
 0.00000e+00
 0.00000e+00
 0.00000e+00
 0.00000e+00
 0.00000e+00
 0.00000e+00
 0.00000e+00
 0.00000e+00
 0.00000e+00
 0.00000e+00
 0.00000e+00
 0.00000e+00
 0.00000e+00
 0.00000e+00
 0.00000e+00
 0.00000e+00
 0.00000e+00
 0.00000e+00
 0.00000e+00
 0.00000e+00
 0.00000e+00
 0.00000e+00
 8.41341e-17
 1.55721e-13
 4.57263e-12
 1.10512e-10
 2.58068e-09
 4.04974e-08
 3.80680e-07
 3.01890e-06
 2.09274e-05
 1.25649e-04
 6.43157e-04
 2.75170e-03
 9.62789e-03
 2.70808e-02
 6.11992e-02
 1.13856e-01
 1.82087e-01
 2.62028e-01
 3.51650e-01
 4.50682e-01
 5.59716e-01
 6.79285e-01
 8.07626e-01
 9.31332e-01
 9.87957e-01
 9.45826e-01
 9.31533e-01
 9.30052e-01
 9.29810e-01
 9.29584e-01
 9.29335e-01
 9.29008e-01
 9.28529e-01
 9.27811e-01
 9.26753e-01
 9.25257e-01
 9.23244e-01
 9.20682e-01
 9.17616e-01
 9.14158e-01
 9.10327e-01
 9.05495e-01
 8.97228e-01
 8.79507e-01
 8.41644e-01
 7.70332e-01
 6.55396e-01
 4.98075e-01
 3.20084e-01
 1.63395e-01
 6.43455e-02
 2.06227e-02
 5.90279e-03
 1.60135e-03
 4.21247e-04
 1.08173e-04
 2.71602e-05
 6.66889e-06
 1.60090e-06
 3.75386e-07
 8.56385e-08
 1.86433e-08
 3.64149e-09
 6.89934e-10
 1.28339e-10
 2.34828e-11
 4.19679e-12
 7.49229e-13
 1.45379e-13
 0.00000e+00
 0.00000e+00
 0.00000e+00
 0.00000e+00
 0.00000e+00
 0.00000e+00
 0.00000e+00
 0.00000e+00
 0.00000e+00
 0.00000e+00
 0.00000e+00
 0.00000e+00
 0.00000e+00
 0.00000e+00
 0.00000e+00
 0.00000e+00
 0.00000e+00
 0.00000e+00
 0.00000e+00
 0.00000e+00
 0.00000e+00
 0.00000e+00
 0.00000e+00
 0.00000e+00
 0.00000e+00
 0.00000e+00
 0.00000e+00
 0.00000e+00
 0.00000e+00
 0.00000e+00
 0.00000e+00
 0.00000e+00
 6.24500e-17
 1.55919e-13
 4.58142e-12
 1.10724e-10
 2.58225e-09
 4.05020e-08
 3.80689e-07
 3.01891e-06
 2.09274e-05
 1.25649e-04
 6.43157e-04
 2.75170e-03
 9.62789e-03
 2.70808e-02
 6.11992e-02
 1.13856e-01
 1.82087e-01
 2.62028e-01
 3.51650e-01
 4.50682e-01
 5.59716e-01
 6.79285e-01
 8.07626e-01
 9.31332e-01
 9.87957e-01
 9.45826e-01
 9.31533e-01
 9.30052e-01
 9.29810e-01
 9.29584e-01
 9.29335e-01
 9.29008e-01
 9.28529e-01
 9.27811e-01
 9.26753e-01
 9.25257e-01
 9.23244e-01
 9.20682e-01
 9.17616e-01
 9.14158e-01
 9.10327e-01
 9.05495e-01
 8.97228e-01
 8.79507e-01
 8.41644e-01
 7.70332e-01
 6.55396e-01
 4.98075e-01
 3.20084e-01
 1.63395e-01
 6.43455e-02
 2.06227e-02
 5.90279e-03
 1.60135e-03
 4.21247e-04
 1.08173e-04
 2.71602e-05
 6.66889e-06
 1.60090e-06
 3.75386e-07
 8.56385e-08
 1.86433e-08
 3.64151e-09
 6.89932e-10
 1.28323e-10
 2.34967e-11
 4.18867e-12
 7.58228e-13
 1.41293e-13
 0.00000e+00
 0.00000e+00
 0.00000e+00
 0.00000e+00
 0.00000e+00
 0.00000e+00
 0.00000e+00
 0.00000e+00
 0.00000e+00
 0.00000e+00
 0.00000e+00
 0.00000e+00
 0.00000e+00
 0.00000e+00
 0.00000e+00
 0.00000e+00
 0.00000e+00
 0.00000e+00
 0.00000e+00
 0.00000e+00
 0.00000e+00
 0.00000e+00
 0.00000e+00
 0.00000e+00
 0.00000e+00
 0.00000e+00
 0.00000e+00
 0.00000e+00
 0.00000e+00
 0.00000e+00
 0.00000e+00
 0.00000e+00
 7.63278e-17
 1.55494e-13
 4.58242e-12
 1.10772e-10
 2.58249e-09
 4.05031e-08
 3.80690e-07
 3.01891e-06
 2.09274e-05
 1.25649e-04
 6.43157e-04
 2.75170e-03
 9.62789e-03
 2.70808e-02
 6.11992e-02
 1.13856e-01
 1.82087e-01
 2.62028e-01
 3.51650e-01
 4.50682e-01
 5.59716e-01
 6.79285e-01
 8.07626e-01
 9.31332e-01
 9.87957e-01
 9.45826e-01
 9.31533e-01
 9.30052e-01
 9.29810e-01
 9.29584e-01
 9.29335e-01
 9.29008e-01
 9.28529e-01
 9.27811e-01
 9.26753e-01
 9.25257e-01
 9.23244e-01
 9.20682e-01
 9.17616e-01
 9.14158e-01
 9.10327e-01
 9.05495e-01
 8.97228e-01
 8.79507e-01
 8.41644e-01
 7.70332e-01
 6.55396e-01
 4.98075e-01
 3.20084e-01
 1.63395e-01
 6.43455e-02
 2.06227e-02
 5.90279e-03
 1.60135e-03
 4.21247e-04
 1.08173e-04
 2.71602e-05
 6.66889e-06
 1.60090e-06
 3.75386e-07
 8.56385e-08
 1.86433e-08
 3.64151e-09
 6.89938e-10
 1.28306e-10
 2.35040e-11
 4.18006e-12
 7.67116e-13
 1.33667e-13
 0.00000e+00
 0.00000e+00
 0.00000e+00
 0.00000e+00
 0.00000e+00
 0.00000e+00
 0.00000e+00
 0.00000e+00
 0.00000e+00
 0.00000e+00
 0.00000e+00
 0.00000e+00
 0.00000e+00
 0.00000e+00
 0.00000e+00
 0.00000e+00
 0.00000e+00
 0.00000e+00
 0.00000e+00
 0.00000e+00
 0.00000e+00
 0.00000e+00
 0.00000e+00
 0.00000e+00
 0.00000e+00
 0.00000e+00
 0.00000e+00
 0.00000e+00
 0.00000e+00
 0.00000e+00
 0.00000e+00
 0.00000e+00
 0.00000e+00
 0.00000e+00
 0.00000e+00
 0.00000e+00
 0.00000e+00
 0.00000e+00
 0.00000e+00
 0.00000e+00
 0.00000e+00
 0.00000e+00
 0.00000e+00
 0.00000e+00
 0.00000e+00
 0.00000e+00
 0.00000e+00
 0.00000e+00
 0.00000e+00
 0.00000e+00
 0.00000e+00
 0.00000e+00
 0.00000e+00
 0.00000e+00
 0.00000e+00
 0.00000e+00
 0.00000e+00
 0.00000e+00
 0.00000e+00
 0.00000e+00
 0.00000e+00
 0.00000e+00
 0.00000e+00
 0.00000e+00
 0.00000e+00
 0.00000e+00
 0.00000e+00
 0.00000e+00
 0.00000e+00
 0.00000e+00
 0.00000e+00
 0.00000e+00
 0.00000e+00
 0.00000e+00
 0.00000e+00
 0.00000e+00
 0.00000e+00
 0.00000e+00
 0.00000e+00
 0.00000e+00
 0.00000e+00
 0.00000e+00
 0.00000e+00
 0.00000e+00
 0.00000e+00
 0.00000e+00
 0.00000e+00
 0.00000e+00
 0.00000e+00
 0.00000e+00
 0.00000e+00
 0.00000e+00
 0.00000e+00
 0.00000e+00
 0.00000e+00
 0.00000e+00
 0.00000e+00
 0.00000e+00
 0.00000e+00
 0.00000e+00
 0.00000e+00
 0.00000e+00
 0.00000e+00
 0.00000e+00
 0.00000e+00
 0.00000e+00
 0.00000e+00
 0.00000e+00
 0.00000e+00
 0.00000e+00
 0.00000e+00
 0.00000e+00
-4.85854e-16
 0.00000e+00
 0.00000e+00
 0.00000e+00
 0.00000e+00
 0.00000e+00
 0.00000e+00
 0.00000e+00
 0.00000e+00
 0.00000e+00
 0.00000e+00
 0.00000e+00
 0.00000e+00
 0.00000e+00
 0.00000e+00
 0.00000e+00
 0.00000e+00
 0.00000e+00
 0.00000e+00
 0.00000e+00
 0.00000e+00
 3.03577e-18
 5.14779e-16
 3.74614e-15
 1.58944e-13
 1.51023e-11
 7.21325e-11
 1.29803e-10
 1.30371e-10
 8.75044e-11
 3.69117e-11
-6.48719e-12
-3.73958e-11
-4.47120e-11
-3.38796e-11
-1.38430e-11
 1.77265e-12
 1.64353e-11
 1.79307e-11
 1.87711e-11
 9.11844e-12
 1.05372e-12
-4.25881e-12
-1.74845e-12
 1.14591e-11
 1.89631e-12
 4.28059e-13
 1.96934e-13
 9.64910e-13
 1.59475e-12
 1.50225e-12
 1.44041e-12
 1.35439e-12
 1.25946e-12
 1.19564e-12
 1.09845e-12
 9.81617e-13
 8.62266e-13
 7.51635e-13
 6.44155e-13
 5.26766e-13
 4.41611e-13
 3.59603e-13
 2.86905e-13
 2.13157e-13
 1.48360e-13
 1.06405e-13
 6.17812e-14
 3.15828e-14
 1.69704e-14
 2.30111e-15
 1.44416e-16
 9.93129e-16
-2.45680e-15
-3.47248e-15
 1.00787e-15
-3.41654e-15
-9.48113e-15
-9.37705e-15
-8.23703e-15
-1.09770e-14
-1.32407e-14
-1.33765e-14
-1.38513e-14
-8.63892e-15
-8.85533e-15
-7.93983e-15
-7.74207e-15
-7.70217e-15
-1.87914e-15
 0.00000e+00
-4.85854e-16
-4.85854e-16
 0.00000e+00
 0.00000e+00
 0.00000e+00
 0.00000e+00
 0.00000e+00
 0.00000e+00
 0.00000e+00
 0.00000e+00
-4.85854e-16
 0.00000e+00
 0.00000e+00
 0.00000e+00
 0.00000e+00
 0.00000e+00
 0.00000e+00
 0.00000e+00
 0.00000e+00
 0.00000e+00
 0.00000e+00
 0.00000e+00
 0.00000e+00
 0.00000e+00
 0.00000e+00
 0.00000e+00
 0.00000e+00
 0.00000e+00
 0.00000e+00
 0.00000e+00
 0.00000e+00
 1.69136e-17
-2.53270e-16
 3.49850e-15
 1.74169e-13
 3.63365e-12
 1.57190e-11
 3.05133e-11
 5.05900e-11
 6.30373e-11
 6.47373e-11
 6.34119e-11
 4.76075e-11
 2.15557e-11
-1.35317e-12
-2.01475e-11
-2.80139e-11
-2.69238e-11
-1.73716e-11
-7.60474e-12
-2.28748e-12
 5.56362e-12
 8.66653e-12
 1.31938e-11
 1.36167e-11
 5.15711e-12
-1.42483e-13
 3.40702e-13
 2.24979e-12
 2.55050e-12
 2.46495e-12
 2.32136e-12
 2.20561e-12
 2.08466e-12
 1.92494e-12
 1.75560e-12
 1.57140e-12
 1.39926e-12
 1.22678e-12
 1.04226e-12
 8.79278e-13
 7.19841e-13
 5.82386e-13
 4.42896e-13
 3.21660e-13
 2.21184e-13
 1.48675e-13
 1.13107e-13
 6.54884e-14
 3.50549e-14
 2.65322e-14
 1.66004e-14
 1.19310e-14
 1.15324e-14
 1.35491e-14
 1.49936e-14
 1.60375e-14
 1.48033e-14
 1.38748e-14
 1.54992e-14
 1.68540e-14
 1.29714e-14
 1.49941e-14
 1.57188e-14
 9.34018e-15
 1.13642e-14
 9.84586e-15
 8.86834e-15
 7.83661e-15
 1.67227e-15
 0.00000e+00
-4.85854e-16
-4.85854e-16
 0.00000e+00
 0.00000e+00
 0.00000e+00
 0.00000e+00
 0.00000e+00
 0.00000e+00
 0.00000e+00
 0.00000e+00
-4.85854e-16
 0.00000e+00
 0.00000e+00
 0.00000e+00
 0.00000e+00
 0.00000e+00
 0.00000e+00
 0.00000e+00
 0.00000e+00
 0.00000e+00
 0.00000e+00
 0.00000e+00
 0.00000e+00
 0.00000e+00
 0.00000e+00
 0.00000e+00
 0.00000e+00
 0.00000e+00
 0.00000e+00
 0.00000e+00
 0.00000e+00
-1.73472e-17
 2.71484e-16
 4.48122e-15
 9.01518e-14
 8.32355e-13
 3.25997e-12
 9.46298e-12
 1.40432e-11
 2.55340e-11
 3.51781e-11
 4.00076e-11
 4.64528e-11
 4.38218e-11
 3.44581e-11
 2.64548e-11
 1.48163e-11
 4.57754e-13
-5.66749e-12
-1.16601e-11
-1.78855e-11
-1.56509e-11
-9.94451e-12
-5.97473e-12
-4.05890e-12
-1.05209e-12
 2.47408e-12
 1.65380e-12
 1.60380e-12
 2.68097e-12
 2.48348e-12
 2.34599e-12
 2.19609e-12
 2.05869e-12
 1.90482e-12
 1.73691e-12
 1.57925e-12
 1.38436e-12
 1.18873e-12
 1.02495e-12
 8.71934e-13
 7.19668e-13
 5.69608e-13
 4.42370e-13
 3.41788e-13
 2.58121e-13
 1.73010e-13
 1.13758e-13
 7.53590e-14
 2.75795e-14
-1.31839e-14
-1.70810e-14
-1.51862e-14
-1.26743e-14
-1.08346e-14
-1.46333e-14
-1.75363e-14
-1.60393e-14
-1.76317e-14
-1.91367e-14
-1.78105e-14
-1.39641e-14
-1.54221e-14
-1.24449e-14
-8.44984e-15
-1.12983e-14
-7.37257e-15
-3.86540e-15
-3.58351e-15
-1.76682e-15
 0.00000e+00
-4.85854e-16
-4.85854e-16
 0.00000e+00
 0.00000e+00
 0.00000e+00
 0.00000e+00
 0.00000e+00
 0.00000e+00
 0.00000e+00
 0.00000e+00
-4.85854e-16
 0.00000e+00
 0.00000e+00
 0.00000e+00
 0.00000e+00
 0.00000e+00
 0.00000e+00
 0.00000e+00
 0.00000e+00
 0.00000e+00
 0.00000e+00
 0.00000e+00
 0.00000e+00
 0.00000e+00
 0.00000e+00
 0.00000e+00
 0.00000e+00
 0.00000e+00
 0.00000e+00
 0.00000e+00
 0.00000e+00
 6.93889e-18
-2.01228e-16
 8.67362e-17
 2.45988e-14
 1.71411e-13
 8.33843e-13
 1.75272e-12
 4.93798e-12
 7.22135e-12
 1.16400e-11
 1.75208e-11
 1.97606e-11
 2.34673e-11
 2.77935e-11
 2.30342e-11
 2.09146e-11
 2.46390e-11
 1.10580e-11
 7.21109e-12
 5.32793e-12
 1.10347e-12
 1.52882e-12
-2.86622e-12
-4.11309e-13
 2.37650e-12
 5.13051e-13
 1.02206e-12
 1.40239e-12
 1.58888e-12
 1.52703e-12
 1.46342e-12
 1.37985e-12
 1.27004e-12
 1.17908e-12
 1.08061e-12
 9.50129e-13
 8.52318e-13
 7.55821e-13
 6.40829e-13
 5.20726e-13
 4.19622e-13
 3.35957e-13
 2.61632e-13
 2.09094e-13
 1.64743e-13
 1.28635e-13
 9.58811e-14
 6.47542e-14
 2.99565e-14
 1.84692e-14
 1.01225e-14
 3.16370e-15
 8.86444e-16
-2.00534e-15
-6.92588e-16
 4.93659e-15
 8.42815e-15
 8.28330e-15
 7.02680e-15
 1.02222e-14
 1.26383e-14
 1.02518e-14
 1.12423e-14
 1.42551e-14
 8.51706e-15
 3.68932e-15
 3.04791e-15
 3.18062e-15
 3.81379e-15
 0.00000e+00
-4.85854e-16
-4.85854e-16
 0.00000e+00
 0.00000e+00
 0.00000e+00
 0.00000e+00
 0.00000e+00
 0.00000e+00
 0.00000e+00
 0.00000e+00
 0.00000e+00
 0.00000e+00
 0.00000e+00
 0.00000e+00
 0.00000e+00
 0.00000e+00
 0.00000e+00
 0.00000e+00
 0.00000e+00
 0.00000e+00
 0.00000e+00
 0.00000e+00
 0.00000e+00
 0.00000e+00
 0.00000e+00
 0.00000e+00
 0.00000e+00
 0.00000e+00
 0.00000e+00
 0.00000e+00
 0.00000e+00
 0.00000e+00
 0.00000e+00
 0.00000e+00
 0.00000e+00
 0.00000e+00
 0.00000e+00
 0.00000e+00
 0.00000e+00
 0.00000e+00
 0.00000e+00
 0.00000e+00
 0.00000e+00
 0.00000e+00
 0.00000e+00
 0.00000e+00
 0.00000e+00
 0.00000e+00
 0.00000e+00
 0.00000e+00
 0.00000e+00
 0.00000e+00
 0.00000e+00
 0.00000e+00
 0.00000e+00
 0.00000e+00
 0.00000e+00
 0.00000e+00
 0.00000e+00
 0.00000e+00
 0.00000e+00
 0.00000e+00
 0.00000e+00
 0.00000e+00
 0.00000e+00
 0.00000e+00
 0.00000e+00
 0.00000e+00
 0.00000e+00
 0.00000e+00
 0.00000e+00
 0.00000e+00
 0.00000e+00
 0.00000e+00
 0.00000e+00
 0.00000e+00
 0.00000e+00
 0.00000e+00
 0.00000e+00
 0.00000e+00
 0.00000e+00
 0.00000e+00
 0.00000e+00
 0.00000e+00
 0.00000e+00
 0.00000e+00
 0.00000e+00
 0.00000e+00
 0.00000e+00
 0.00000e+00
 0.00000e+00
 0.00000e+00
 0.00000e+00
 0.00000e+00
 0.00000e+00
 0.00000e+00
 0.00000e+00
 0.00000e+00
 0.00000e+00
 0.00000e+00
 0.00000e+00
 0.00000e+00
 0.00000e+00
 0.00000e+00
 0.00000e+00
 0.00000e+00
 0.00000e+00
 0.00000e+00
 0.00000e+00
 0.00000e+00
 0.00000e+00
 0.00000e+00
 0.00000e+00
 0.00000e+00
 0.00000e+00
 0.00000e+00
 0.00000e+00
 0.00000e+00
 0.00000e+00
 0.00000e+00
 0.00000e+00
 0.00000e+00
 0.00000e+00
 0.00000e+00
 0.00000e+00
 0.00000e+00
 0.00000e+00
 0.00000e+00
 0.00000e+00
 0.00000e+00
 0.00000e+00
 0.00000e+00
 0.00000e+00
 0.00000e+00
 0.00000e+00
 0.00000e+00
 0.00000e+00
 0.00000e+00
 0.00000e+00
 0.00000e+00
 0.00000e+00
 0.00000e+00
 0.00000e+00
 0.00000e+00
 0.00000e+00
 0.00000e+00
 0.00000e+00
 0.00000e+00
 0.00000e+00
 0.00000e+00
 0.00000e+00
 0.00000e+00
 0.00000e+00
 0.00000e+00
 0.00000e+00
 0.00000e+00
 0.00000e+00
 0.00000e+00
 0.00000e+00
 0.00000e+00
 0.00000e+00
 0.00000e+00
 0.00000e+00
 0.00000e+00
 0.00000e+00
 0.00000e+00
 0.00000e+00
 0.00000e+00
 0.00000e+00
 0.00000e+00
 0.00000e+00
 0.00000e+00
 0.00000e+00
 0.00000e+00
 0.00000e+00
 0.00000e+00
 0.00000e+00
 0.00000e+00
 0.00000e+00
 0.00000e+00
 0.00000e+00
 0.00000e+00
 0.00000e+00
 0.00000e+00
 0.00000e+00
 0.00000e+00
 0.00000e+00
 0.00000e+00
 0.00000e+00
 0.00000e+00
 0.00000e+00
 0.00000e+00
 0.00000e+00
 0.00000e+00
 0.00000e+00
 0.00000e+00
 0.00000e+00
 0.00000e+00
 0.00000e+00
 0.00000e+00
 0.00000e+00
 0.00000e+00
 0.00000e+00
 0.00000e+00
 0.00000e+00
 0.00000e+00
 0.00000e+00
 0.00000e+00
 0.00000e+00
 0.00000e+00
 0.00000e+00
 0.00000e+00
 0.00000e+00
 0.00000e+00
 0.00000e+00
 0.00000e+00
 0.00000e+00
 0.00000e+00
 0.00000e+00
 0.00000e+00
 0.00000e+00
 0.00000e+00
 0.00000e+00
 0.00000e+00
 0.00000e+00
 0.00000e+00
 0.00000e+00
 0.00000e+00
 0.00000e+00
 0.00000e+00
 0.00000e+00
 0.00000e+00
 0.00000e+00
 0.00000e+00
 0.00000e+00
 0.00000e+00
 0.00000e+00
 0.00000e+00
 0.00000e+00
 0.00000e+00
 0.00000e+00
 0.00000e+00
 0.00000e+00
 0.00000e+00
 0.00000e+00
 0.00000e+00
 0.00000e+00
 0.00000e+00
 0.00000e+00
 0.00000e+00
 0.00000e+00
 0.00000e+00
 0.00000e+00
 0.00000e+00
 0.00000e+00
 0.00000e+00
 0.00000e+00
 0.00000e+00
 0.00000e+00
 0.00000e+00
 0.00000e+00
 0.00000e+00
 0.00000e+00
 0.00000e+00
 0.00000e+00
 0.00000e+00
 0.00000e+00
 0.00000e+00
 0.00000e+00
 0.00000e+00
 0.00000e+00
 0.00000e+00
 0.00000e+00
 0.00000e+00
 0.00000e+00
 0.00000e+00
 0.00000e+00
 0.00000e+00
 0.00000e+00
 0.00000e+00
 0.00000e+00
 0.00000e+00
 0.00000e+00
 0.00000e+00
 0.00000e+00
 0.00000e+00
 0.00000e+00
 0.00000e+00
 0.00000e+00
 0.00000e+00
 0.00000e+00
 0.00000e+00
 0.00000e+00
 0.00000e+00
 0.00000e+00
 0.00000e+00
 0.00000e+00
 0.00000e+00
 0.00000e+00
 0.00000e+00
 0.00000e+00
 0.00000e+00
 0.00000e+00
 0.00000e+00
 0.00000e+00
 0.00000e+00
 0.00000e+00
 0.00000e+00
 0.00000e+00
 0.00000e+00
 0.00000e+00
 0.00000e+00
 0.00000e+00
 0.00000e+00
 0.00000e+00
 0.00000e+00
 0.00000e+00
 0.00000e+00
 0.00000e+00
 0.00000e+00
 0.00000e+00
 0.00000e+00
 0.00000e+00
 0.00000e+00
 0.00000e+00
 0.00000e+00
 0.00000e+00
 0.00000e+00
 0.00000e+00
 0.00000e+00
 0.00000e+00
 0.00000e+00
 0.00000e+00
 0.00000e+00
 0.00000e+00
 0.00000e+00
 0.00000e+00
 0.00000e+00
 0.00000e+00
 0.00000e+00
 0.00000e+00
 0.00000e+00
 0.00000e+00
 0.00000e+00
 0.00000e+00
 0.00000e+00
 0.00000e+00
 0.00000e+00
 0.00000e+00
 0.00000e+00
 0.00000e+00
 0.00000e+00
 0.00000e+00
 0.00000e+00
 0.00000e+00
 0.00000e+00
 0.00000e+00
 0.00000e+00
 0.00000e+00
 0.00000e+00
 0.00000e+00
 0.00000e+00
 0.00000e+00
 0.00000e+00
 0.00000e+00
 0.00000e+00
 0.00000e+00
 0.00000e+00
 0.00000e+00
 0.00000e+00
 0.00000e+00
 0.00000e+00
 0.00000e+00
 0.00000e+00
 0.00000e+00
 0.00000e+00
 0.00000e+00
 0.00000e+00
 0.00000e+00
 0.00000e+00
 0.00000e+00
 0.00000e+00
 0.00000e+00
 0.00000e+00
 0.00000e+00
 0.00000e+00
 0.00000e+00
 0.00000e+00
 0.00000e+00
 0.00000e+00
 0.00000e+00
 0.00000e+00
 0.00000e+00
 0.00000e+00
 0.00000e+00
 0.00000e+00
 0.00000e+00
 0.00000e+00
 0.00000e+00
 0.00000e+00
 0.00000e+00
 0.00000e+00
 0.00000e+00
 0.00000e+00
 0.00000e+00
 0.00000e+00
 0.00000e+00
 0.00000e+00
 0.00000e+00
 0.00000e+00
 0.00000e+00
 0.00000e+00
 0.00000e+00
 0.00000e+00
 0.00000e+00
 0.00000e+00
 0.00000e+00
 0.00000e+00
 0.00000e+00
 0.00000e+00
 0.00000e+00
 0.00000e+00
 0.00000e+00
 0.00000e+00
 0.00000e+00
 0.00000e+00
 0.00000e+00
 0.00000e+00
 0.00000e+00
 0.00000e+00
 0.00000e+00
 0.00000e+00
 0.00000e+00
 0.00000e+00
 0.00000e+00
 0.00000e+00
 0.00000e+00
 0.00000e+00
 0.00000e+00
 0.00000e+00
 0.00000e+00
 0.00000e+00
 0.00000e+00
 0.00000e+00
 0.00000e+00
 0.00000e+00
 0.00000e+00
 0.00000e+00
 0.00000e+00
 0.00000e+00
 0.00000e+00
 0.00000e+00
 0.00000e+00
 0.00000e+00
 0.00000e+00
 0.00000e+00
 0.00000e+00
 0.00000e+00
 0.00000e+00
 0.00000e+00
 0.00000e+00
 0.00000e+00
 0.00000e+00
 0.00000e+00
 0.00000e+00
 0.00000e+00
 0.00000e+00
 0.00000e+00
 0.00000e+00
 0.00000e+00
 0.00000e+00
 0.00000e+00
 0.00000e+00
 0.00000e+00
 0.00000e+00
 0.00000e+00
 0.00000e+00
 0.00000e+00
 0.00000e+00
 0.00000e+00
 0.00000e+00
 0.00000e+00
 0.00000e+00
 0.00000e+00
 0.00000e+00
 0.00000e+00
 0.00000e+00
 0.00000e+00
 0.00000e+00
 0.00000e+00
 0.00000e+00
 0.00000e+00
 0.00000e+00
 0.00000e+00
 0.00000e+00
 0.00000e+00
 0.00000e+00
 0.00000e+00
 0.00000e+00
 0.00000e+00
 0.00000e+00
 0.00000e+00
 0.00000e+00
 0.00000e+00
 0.00000e+00
 0.00000e+00
 0.00000e+00
 0.00000e+00
 0.00000e+00
 0.00000e+00
 0.00000e+00
 0.00000e+00
 0.00000e+00
 0.00000e+00
 0.00000e+00
 0.00000e+00
 0.00000e+00
 0.00000e+00
 0.00000e+00
 0.00000e+00
 0.00000e+00
 0.00000e+00
 0.00000e+00
 0.00000e+00
 0.00000e+00
 0.00000e+00
 0.00000e+00
 0.00000e+00
 0.00000e+00
 0.00000e+00
 0.00000e+00
 0.00000e+00
 0.00000e+00
 0.00000e+00
 0.00000e+00
 0.00000e+00
 0.00000e+00
 0.00000e+00
 0.00000e+00
 0.00000e+00
 0.00000e+00
 0.00000e+00
 0.00000e+00
 0.00000e+00
 0.00000e+00
 0.00000e+00
 0.00000e+00
 0.00000e+00
 0.00000e+00
 0.00000e+00
 0.00000e+00
 0.00000e+00
 0.00000e+00
 0.00000e+00
 0.00000e+00
 0.00000e+00
 0.00000e+00
 0.00000e+00
 0.00000e+00
 0.00000e+00
 0.00000e+00
 0.00000e+00
 0.00000e+00
 0.00000e+00
 0.00000e+00
 0.00000e+00
 0.00000e+00
 0.00000e+00
 0.00000e+00
 0.00000e+00
 0.00000e+00
 0.00000e+00
 0.00000e+00
 0.00000e+00
 0.00000e+00
 0.00000e+00
 0.00000e+00
 0.00000e+00
 0.00000e+00
 0.00000e+00
 0.00000e+00
 0.00000e+00
 0.00000e+00
 0.00000e+00
 0.00000e+00
 0.00000e+00
 0.00000e+00
 0.00000e+00
 0.00000e+00
 0.00000e+00
 0.00000e+00
 0.00000e+00
 0.00000e+00
 0.00000e+00
 0.00000e+00
 0.00000e+00
 0.00000e+00
 0.00000e+00
 0.00000e+00
 0.00000e+00
 0.00000e+00
 0.00000e+00
 0.00000e+00
 0.00000e+00
 0.00000e+00
 0.00000e+00
 0.00000e+00
 0.00000e+00
 0.00000e+00
 0.00000e+00
 0.00000e+00
 0.00000e+00
 0.00000e+00
 0.00000e+00
 0.00000e+00
 0.00000e+00
 0.00000e+00
 0.00000e+00
 0.00000e+00
 0.00000e+00
 0.00000e+00
 0.00000e+00
 0.00000e+00
 0.00000e+00
 0.00000e+00
 0.00000e+00
 0.00000e+00
 0.00000e+00
 0.00000e+00
 0.00000e+00
 0.00000e+00
 0.00000e+00
 0.00000e+00
 0.00000e+00
 0.00000e+00
 0.00000e+00
 0.00000e+00
 0.00000e+00
 0.00000e+00
 0.00000e+00
 0.00000e+00
 0.00000e+00
 0.00000e+00
 0.00000e+00
 0.00000e+00
 0.00000e+00
 0.00000e+00
 0.00000e+00
 0.00000e+00
 0.00000e+00
 0.00000e+00
 0.00000e+00
 0.00000e+00
 0.00000e+00
 0.00000e+00
 0.00000e+00
 0.00000e+00
 0.00000e+00
 0.00000e+00
 0.00000e+00
 0.00000e+00
 0.00000e+00
 0.00000e+00
 0.00000e+00
 0.00000e+00
 0.00000e+00
 0.00000e+00
 0.00000e+00
 0.00000e+00
 0.00000e+00
 0.00000e+00
 0.00000e+00
 0.00000e+00
 0.00000e+00
 0.00000e+00
 0.00000e+00
 0.00000e+00
 0.00000e+00
 0.00000e+00
 0.00000e+00
 0.00000e+00
 0.00000e+00
 0.00000e+00
 0.00000e+00
 0.00000e+00
 0.00000e+00
 0.00000e+00
 0.00000e+00
 0.00000e+00
 0.00000e+00
 0.00000e+00
 0.00000e+00
 0.00000e+00
 0.00000e+00
 0.00000e+00
 0.00000e+00
 0.00000e+00
 0.00000e+00
 0.00000e+00
 0.00000e+00
 0.00000e+00
 0.00000e+00
 0.00000e+00
 0.00000e+00
 0.00000e+00
 0.00000e+00
 0.00000e+00
 0.00000e+00
 0.00000e+00
 0.00000e+00
 0.00000e+00
 0.00000e+00
 0.00000e+00
 0.00000e+00
 0.00000e+00
