Velocity
part
         1
coordinates
 0.00000e+00
 0.00000e+00
 0.00000e+00
 0.00000e+00
 0.00000e+00
 0.00000e+00
 0.00000e+00
 0.00000e+00
 0.00000e+00
 0.00000e+00
 0.00000e+00
 6.84695e-15
 2.85560e-13
 5.38094e-12
 9.29590e-11
 1.53221e-09
 2.18264e-08
 1.63500e-07
 9.69946e-07
 5.16067e-06
 2.48689e-05
 1.07905e-04
 4.17671e-04
 1.42606e-03
 4.24184e-03
 1.08692e-02
 2.38570e-02
 4.50772e-02
 7.45916e-02
 1.10896e-01
 1.52162e-01
 1.97105e-01
 2.45093e-01
 2.95914e-01
 3.49581e-01
 4.06227e-01
 4.66058e-01
 5.29325e-01
 5.96290e-01
 6.67155e-01
 7.41859e-01
 8.19499e-01
 8.96428e-01
 9.59715e-01
 9.72509e-01
 9.49082e-01
 9.34894e-01
 9.30185e-01
 9.28695e-01
 9.27704e-01
 9.27187e-01
 9.27112e-01
 9.27042e-01
 9.26976e-01
 9.26913e-01
 9.26850e-01
 9.26786e-01
 9.26722e-01
 9.26655e-01
 9.26587e-01
 9.26515e-01
 9.26442e-01
 9.26366e-01
 9.26290e-01
 9.26214e-01
 9.26140e-01
 9.26069e-01
 9.26002e-01
 9.25937e-01
 9.25872e-01
 9.25801e-01
 9.25711e-01
 9.25587e-01
 9.25401e-01
 9.25114e-01
 9.24652e-01
 9.23878e-01
 9.22485e-01
 9.19773e-01
 9.14142e-01
 9.02140e-01
 8.77198e-01
 8.29210e-01
 7.46770e-01
 6.22620e-01
 4.61695e-01
 2.88802e-01
 1.44450e-01
 5.71575e-02
 1.90820e-02
 5.85771e-03
 1.73960e-03
 5.09440e-04
 1.47908e-04
 4.26077e-05
 1.21713e-05
 3.44435e-06
 9.64157e-07
 2.65445e-07
 6.76064e-08
 0.00000e+00
 0.00000e+00
 0.00000e+00
 0.00000e+00
 0.00000e+00
 0.00000e+00
 0.00000e+00
 0.00000e+00
 0.00000e+00
 0.00000e+00
 0.00000e+00
 0.00000e+00
 7.11844e-15
 2.85953e-13
 5.38886e-12
 9.31885e-11
 1.54099e-09
 2.19269e-08
 1.63565e-07
 9.69936e-07
 5.16060e-06
 2.48688e-05
 1.07905e-04
 4.17671e-04
 1.42606e-03
 4.24184e-03
 1.08692e-02
 2.38570e-02
 4.50772e-02
 7.45916e-02
 1.10896e-01
 1.52162e-01
 1.97105e-01
 2.45093e-01
 2.95914e-01
 3.49581e-01
 4.06227e-01
 4.66058e-01
 5.29325e-01
 5.96290e-01
 6.67155e-01
 7.41859e-01
 8.19499e-01
 8.96428e-01
 9.59715e-01
 9.72509e-01
 9.49082e-01
 9.34894e-01
 9.30185e-01
 9.28695e-01
 9.27704e-01
 9.27187e-01
 9.27112e-01
 9.27042e-01
 9.26976e-01
 9.26913e-01
 9.26850e-01
 9.26786e-01
 9.26722e-01
 9.26655e-01
 9.26587e-01
 9.26515e-01
 9.26442e-01
 9.26366e-01
 9.26290e-01
 9.26214e-01
 9.26140e-01
 9.26069e-01
 9.26002e-01
 9.25937e-01
 9.25872e-01
 9.25801e-01
 9.25711e-01
 9.25587e-01
 9.25401e-01
 9.25114e-01
 9.24652e-01
 9.23878e-01
 9.22485e-01
 9.19773e-01
 9.14142e-01
 9.02140e-01
 8.77198e-01
 8.29210e-01
 7.46770e-01
 6.22620e-01
 4.61695e-01
 2.88802e-01
 1.44450e-01
 5.71575e-02
 1.90820e-02
 5.85771e-03
 1.73960e-03
 5.09440e-04
 1.47908e-04
 4.26077e-05
 1.21713e-05
 3.44435e-06
 9.64157e-07
 2.65445e-07
 6.76064e-08
 0.00000e+00
 0.00000e+00
 0.00000e+00
 0.00000e+00
 0.00000e+00
 0.00000e+00
 0.00000e+00
 0.00000e+00
 0.00000e+00
 0.00000e+00
 0.00000e+00
 0.00000e+00
 7.35696e-15
 2.86801e-13
 5.40772e-12
 9.37048e-11
 1.55778e-09
 2.20747e-08
 1.63643e-07
 9.69955e-07
 5.16053e-06
 2.48687e-05
 1.07905e-04
 4.17671e-04
 1.42606e-03
 4.24184e-03
 1.08692e-02
 2.38570e-02
 4.50772e-02
 7.45916e-02
 1.10896e-01
 1.52162e-01
 1.97105e-01
 2.45093e-01
 2.95914e-01
 3.49581e-01
 4.06227e-01
 4.66058e-01
 5.29325e-01
 5.96290e-01
 6.67155e-01
 7.41859e-01
 8.19499e-01
 8.96428e-01
 9.59715e-01
 9.72509e-01
 9.49082e-01
 9.34894e-01
 9.30185e-01
 9.28695e-01
 9.27704e-01
 9.27187e-01
 9.27112e-01
 9.27042e-01
 9.26976e-01
 9.26913e-01
 9.26850e-01
 9.26786e-01
 9.26722e-01
 9.26655e-01
 9.26587e-01
 9.26515e-01
 9.26442e-01
 9.26366e-01
 9.26290e-01
 9.26214e-01
 9.26140e-01
 9.26069e-01
 9.26002e-01
 9.25937e-01
 9.25872e-01
 9.25801e-01
 9.25711e-01
 9.25587e-01
 9.25401e-01
 9.25114e-01
 9.24652e-01
 9.23878e-01
 9.22485e-01
 9.19773e-01
 9.14142e-01
 9.02140e-01
 8.77198e-01
 8.29210e-01
 7.46770e-01
 6.22620e-01
 4.61695e-01
 2.88802e-01
 1.44450e-01
 5.71575e-02
 1.90820e-02
 5.85771e-03
 1.73960e-03
 5.09440e-04
 1.47908e-04
 4.26077e-05
 1.21713e-05
 3.44435e-06
 9.64157e-07
 2.65445e-07
 6.76064e-08
 0.00000e+00
 0.00000e+00
 0.00000e+00
 0.00000e+00
 0.00000e+00
 0.00000e+00
 0.00000e+00
 0.00000e+00
 0.00000e+00
 0.00000e+00
 0.00000e+00
 0.00000e+00
 7.27196e-15
 2.88659e-13
 5.42784e-12
 9.41847e-11
 1.56839e-09
 2.21282e-08
 1.63675e-07
 9.70005e-07
 5.16055e-06
 2.48687e-05
 1.07905e-04
 4.17671e-04
 1.42606e-03
 4.24184e-03
 1.08692e-02
 2.38570e-02
 4.50772e-02
 7.45916e-02
 1.10896e-01
 1.52162e-01
 1.97105e-01
 2.45093e-01
 2.95914e-01
 3.49581e-01
 4.06227e-01
 4.66058e-01
 5.29325e-01
 5.96290e-01
 6.67155e-01
 7.41859e-01
 8.19499e-01
 8.96428e-01
 9.59715e-01
 9.72509e-01
 9.49082e-01
 9.34894e-01
 9.30185e-01
 9.28695e-01
 9.27704e-01
 9.27187e-01
 9.27112e-01
 9.27042e-01
 9.26976e-01
 9.26913e-01
 9.26850e-01
 9.26786e-01
 9.26722e-01
 9.26655e-01
 9.26587e-01
 9.26515e-01
 9.26442e-01
 9.26366e-01
 9.26290e-01
 9.26214e-01
 9.26140e-01
 9.26069e-01
 9.26002e-01
 9.25937e-01
 9.25872e-01
 9.25801e-01
 9.25711e-01
 9.25587e-01
 9.25401e-01
 9.25114e-01
 9.24652e-01
 9.23878e-01
 9.22485e-01
 9.19773e-01
 9.14142e-01
 9.02140e-01
 8.77198e-01
 8.29210e-01
 7.46770e-01
 6.22620e-01
 4.61695e-01
 2.88802e-01
 1.44450e-01
 5.71575e-02
 1.90820e-02
 5.85771e-03
 1.73960e-03
 5.09440e-04
 1.47908e-04
 4.26077e-05
 1.21713e-05
 3.44435e-06
 9.64157e-07
 2.65445e-07
 6.76064e-08
 0.00000e+00
 0.00000e+00
 0.00000e+00
 0.00000e+00
 0.00000e+00
 0.00000e+00
 0.00000e+00
 0.00000e+00
 0.00000e+00
 0.00000e+00
 0.00000e+00
 0.00000e+00
 7.25982e-15
 2.90086e-13
 5.44379e-12
 9.44573e-11
 1.57152e-09
 2.21372e-08
 1.63700e-07
 9.70033e-07
 5.16058e-06
 2.48687e-05
 1.07905e-04
 4.17671e-04
 1.42606e-03
 4.24184e-03
 1.08692e-02
 2.38570e-02
 4.50772e-02
 7.45916e-02
 1.10896e-01
 1.52162e-01
 1.97105e-01
 2.45093e-01
 2.95914e-01
 3.49581e-01
 4.06227e-01
 4.66058e-01
 5.29325e-01
 5.96290e-01
 6.67155e-01
 7.41859e-01
 8.19499e-01
 8.96428e-01
 9.59715e-01
 9.72509e-01
 9.49082e-01
 9.34894e-01
 9.30185e-01
 9.28695e-01
 9.27704e-01
 9.27187e-01
 9.27112e-01
 9.27042e-01
 9.26976e-01
 9.26913e-01
 9.26850e-01
 9.26786e-01
 9.26722e-01
 9.26655e-01
 9.26587e-01
 9.26515e-01
 9.26442e-01
 9.26366e-01
 9.26290e-01
 9.26214e-01
 9.26140e-01
 9.26069e-01
 9.26002e-01
 9.25937e-01
 9.25872e-01
 9.25801e-01
 9.25711e-01
 9.25587e-01
 9.25401e-01
 9.25114e-01
 9.24652e-01
 9.23878e-01
 9.22485e-01
 9.19773e-01
 9.14142e-01
 9.02140e-01
 8.77198e-01
 8.29210e-01
 7.46770e-01
 6.22620e-01
 4.61695e-01
 2.88802e-01
 1.44450e-01
 5.71575e-02
 1.90820e-02
 5.85771e-03
 1.73960e-03
 5.09440e-04
 1.47908e-04
 4.26077e-05
 1.21713e-05
 3.44435e-06
 9.64157e-07
 2.65445e-07
 6.76064e-08
 0.00000e+00
 0.00000e+00
 0.00000e+00
 0.00000e+00
 0.00000e+00
 0.00000e+00
 0.00000e+00
 0.00000e+00
 0.00000e+00
 0.00000e+00
 0.00000e+00
 0.00000e+00
 7.29972e-15
 2.90110e-13
 5.45056e-12
 9.45370e-11
 1.57204e-09
 2.21399e-08
 1.63707e-07
 9.70042e-07
 5.16059e-06
 2.48687e-05
 1.07905e-04
 4.17671e-04
 1.42606e-03
 4.24184e-03
 1.08692e-02
 2.38570e-02
 4.50772e-02
 7.45916e-02
 1.10896e-01
 1.52162e-01
 1.97105e-01
 2.45093e-01
 2.95914e-01
 3.49581e-01
 4.06227e-01
 4.66058e-01
 5.29325e-01
 5.96290e-01
 6.67155e-01
 7.41859e-01
 8.19499e-01
 8.96428e-01
 9.59715e-01
 9.72509e-01
 9.49082e-01
 9.34894e-01
 9.30185e-01
 9.28695e-01
 9.27704e-01
 9.27187e-01
 9.27112e-01
 9.27042e-01
 9.26976e-01
 9.26913e-01
 9.26850e-01
 9.26786e-01
 9.26722e-01
 9.26655e-01
 9.26587e-01
 9.26515e-01
 9.26442e-01
 9.26366e-01
 9.26290e-01
 9.26214e-01
 9.26140e-01
 9.26069e-01
 9.26002e-01
 9.25937e-01
 9.25872e-01
 9.25801e-01
 9.25711e-01
 9.25587e-01
 9.25401e-01
 9.25114e-01
 9.24652e-01
 9.23878e-01
 9.22485e-01
 9.19773e-01
 9.14142e-01
 9.02140e-01
 8.77198e-01
 8.29210e-01
 7.46770e-01
 6.22620e-01
 4.61695e-01
 2.88802e-01
 1.44450e-01
 5.71575e-02
 1.90820e-02
 5.85771e-03
 1.73960e-03
 5.09440e-04
 1.47908e-04
 4.26077e-05
 1.21713e-05
 3.44435e-06
 9.64157e-07
 2.65445e-07
 6.76064e-08
 0.00000e+00
 0.00000e+00
 0.00000e+00
 0.00000e+00
 0.00000e+00
 0.00000e+00
 0.00000e+00
 0.00000e+00
 0.00000e+00
 0.00000e+00
 0.00000e+00
 0.00000e+00
 0.00000e+00
 0.00000e+00
 0.00000e+00
 0.00000e+00
 0.00000e+00
 0.00000e+00
 0.00000e+00
 0.00000e+00
 0.00000e+00
 0.00000e+00
 0.00000e+00
 0.00000e+00
 0.00000e+00
 0.00000e+00
 0.00000e+00
 0.00000e+00
 0.00000e+00
 0.00000e+00
 0.00000e+00
 0.00000e+00
 0.00000e+00
 0.00000e+00
 0.00000e+00
 0.00000e+00
 0.00000e+00
 0.00000e+00
 0.00000e+00
 0.00000e+00
 0.00000e+00
 0.00000e+00
 0.00000e+00
 0.00000e+00
 0.00000e+00
 0.00000e+00
 0.00000e+00
 0.00000e+00
 0.00000e+00
 0.00000e+00
 0.00000e+00
 0.00000e+00
 0.00000e+00
 0.00000e+00
 0.00000e+00
 0.00000e+00
 0.00000e+00
 0.00000e+00
 0.00000e+00
 0.00000e+00
 0.00000e+00
 0.00000e+00
 0.00000e+00
 0.00000e+00
 0.00000e+00
 0.00000e+00
 0.00000e+00
 0.00000e+00
 0.00000e+00
 0.00000e+00
 0.00000e+00
 0.00000e+00
 0.00000e+00
 0.00000e+00
 0.00000e+00
 0.00000e+00
 0.00000e+00
 0.00000e+00
 0.00000e+00
 0.00000e+00
 0.00000e+00
 0.00000e+00
 0.00000e+00
 0.00000e+00
 0.00000e+00
 0.00000e+00
 0.00000e+00
 0.00000e+00
 0.00000e+00
 0.00000e+00
 0.00000e+00
 0.00000e+00
 0.00000e+00
 0.00000e+00
 0.00000e+00
 0.00000e+00
 0.00000e+00
 0.00000e+00
 0.00000e+00
 0.00000e+00
 0.00000e+00
 0.00000e+00
 0.00000e+00
 0.00000e+00
-8.54483e-16
 0.00000e+00
 0.00000e+00
 0.00000e+00
 0.00000e+00
 0.00000e+00
 0.00000e+00
 0.00000e+00
 0.00000e+00
 1.36176e-16
 4.64472e-16
 4.61176e-15
 1.23338e-13
 4.63092e-12
 5.92961e-11
 1.41936e-10
 1.69241e-10
 1.26084e-10
 4.12180e-11
-3.62315e-11
-8.36676e-11
-8.43834e-11
-3.59179e-11
 1.52861e-11
 4.28555e-11
 3.86545e-11
 1.54186e-11
-7.59388e-12
-3.25265e-11
-4.12525e-11
-3.31037e-11
-2.65741e-11
-9.54765e-12
 3.01430e-13
 5.45637e-13
 3.27718e-12
-1.77499e-11
-6.27188e-12
-1.96206e-11
-5.07836e-12
-1.10767e-11
-1.58870e-11
-1.28247e-11
-3.62810e-12
 7.85447e-12
-4.83680e-13
-5.80968e-13
-9.14424e-13
-4.82155e-13
-8.25838e-13
-8.58403e-13
-8.70340e-13
-8.69620e-13
-8.57806e-13
-8.50583e-13
-8.51370e-13
-8.50099e-13
-8.36342e-13
-8.32248e-13
-8.29658e-13
-8.08654e-13
-7.81917e-13
-7.50339e-13
-7.23430e-13
-6.86927e-13
-6.35108e-13
-5.88028e-13
-5.32469e-13
-4.70409e-13
-4.19402e-13
-3.49012e-13
-2.52113e-13
-1.90704e-13
-1.36103e-13
-6.67851e-14
-2.48686e-14
 1.83000e-14
 6.06412e-14
 7.99638e-14
 9.80148e-14
 1.14454e-13
 1.22579e-13
 1.08020e-13
 8.14934e-14
 5.23856e-14
 1.85884e-14
 5.91107e-16
-4.87024e-15
-8.96245e-15
-1.21301e-14
-1.12523e-14
-1.12888e-14
-1.37287e-14
-1.29818e-14
-1.44182e-14
-1.60475e-14
-1.50301e-14
-1.36427e-14
-1.03277e-14
 0.00000e+00
 0.00000e+00
-8.54483e-16
 0.00000e+00
 0.00000e+00
 0.00000e+00
 0.00000e+00
 0.00000e+00
 0.00000e+00
 0.00000e+00
 0.00000e+00
-1.90820e-17
 1.94289e-16
 5.89459e-15
 1.54774e-13
 4.29766e-12
 3.19352e-11
 6.19183e-11
 8.30423e-11
 1.02464e-10
 9.75437e-11
 6.78879e-11
 2.96419e-11
-1.46997e-11
-5.16539e-11
-6.11103e-11
-5.55291e-11
-3.19661e-11
-5.38510e-12
 9.94011e-12
 2.15484e-11
 1.01641e-11
-8.40527e-12
-2.44086e-11
-4.36728e-11
-4.73570e-11
-3.66557e-11
-3.01673e-11
-1.80964e-11
-5.33655e-12
 2.03190e-12
 6.82049e-12
 1.44769e-12
 2.16150e-12
 1.64959e-12
 8.33056e-13
 3.89094e-12
 6.91287e-13
-9.38481e-13
-1.33632e-12
-7.50490e-13
-1.52471e-12
-1.42636e-12
-1.38940e-12
-1.37941e-12
-1.37844e-12
-1.38330e-12
-1.38678e-12
-1.37922e-12
-1.38506e-12
-1.38292e-12
-1.36417e-12
-1.33331e-12
-1.30517e-12
-1.26787e-12
-1.21601e-12
-1.13664e-12
-1.05284e-12
-9.53175e-13
-8.23313e-13
-7.27942e-13
-6.27203e-13
-5.18119e-13
-4.22268e-13
-3.17445e-13
-2.07005e-13
-1.22955e-13
-4.39648e-14
 3.94415e-14
 9.70075e-14
 1.30785e-13
 1.72493e-13
 1.93985e-13
 1.70083e-13
 1.35783e-13
 1.14350e-13
 6.07205e-14
 3.50601e-14
 3.69353e-14
 2.23367e-14
 1.78421e-14
 2.03947e-14
 2.07286e-14
 2.50202e-14
 2.55684e-14
 2.72044e-14
 2.60824e-14
 2.17010e-14
 1.81218e-14
 1.36579e-14
 1.10051e-14
 0.00000e+00
 0.00000e+00
-8.54483e-16
 0.00000e+00
 0.00000e+00
 0.00000e+00
 0.00000e+00
 0.00000e+00
 0.00000e+00
 0.00000e+00
 0.00000e+00
-2.42861e-17
 6.52690e-16
 5.93145e-15
 1.07039e-13
 1.50937e-12
 5.91711e-12
 1.86611e-11
 3.82229e-11
 5.53922e-11
 6.97424e-11
 7.68789e-11
 6.37222e-11
 4.97625e-11
 2.16949e-11
-2.14651e-11
-5.46474e-11
-7.21079e-11
-6.87450e-11
-5.91702e-11
-4.65824e-11
-2.85290e-11
-6.31984e-12
 6.54448e-12
 8.09763e-12
 2.34734e-12
-4.11346e-12
-6.23558e-12
-9.29857e-12
-1.42158e-11
-7.11248e-12
-3.64477e-12
-1.70264e-12
 4.16160e-12
 8.09319e-12
 6.15544e-12
 1.34258e-12
 1.04341e-12
-4.64431e-13
-1.08440e-12
-9.31873e-13
-1.42046e-12
-1.41595e-12
-1.39274e-12
-1.38639e-12
-1.39342e-12
-1.39870e-12
-1.39883e-12
-1.40620e-12
-1.41183e-12
-1.41013e-12
-1.39330e-12
-1.36524e-12
-1.32160e-12
-1.27410e-12
-1.20700e-12
-1.15297e-12
-1.07178e-12
-9.58212e-13
-8.56561e-13
-7.30265e-13
-6.09872e-13
-5.08679e-13
-4.07967e-13
-3.08761e-13
-2.19537e-13
-1.07786e-13
-2.90922e-14
 2.15951e-14
 9.53742e-14
 1.46038e-13
 1.84326e-13
 2.08838e-13
 2.16415e-13
 1.76605e-13
 1.17959e-13
 6.33200e-14
 1.27840e-14
-1.35139e-14
-2.75517e-14
-3.27642e-14
-3.23140e-14
-2.87938e-14
-2.96374e-14
-3.31520e-14
-3.05459e-14
-2.33711e-14
-1.93526e-14
-2.06228e-14
-1.66256e-14
-1.35265e-14
 0.00000e+00
 0.00000e+00
-8.54483e-16
 0.00000e+00
 0.00000e+00
 0.00000e+00
 0.00000e+00
 0.00000e+00
 0.00000e+00
 0.00000e+00
 0.00000e+00
 2.16840e-17
 4.72712e-17
 3.44473e-15
 4.66528e-14
 3.47253e-13
 1.98216e-12
 6.55529e-12
 1.41093e-11
 2.31490e-11
 3.26076e-11
 3.97705e-11
 5.08702e-11
 4.18564e-11
 2.71016e-11
 1.32598e-11
-9.29124e-12
-3.19977e-11
-5.31710e-11
-5.95893e-11
-5.86567e-11
-4.96863e-11
-3.45375e-11
-1.60477e-11
 5.45013e-12
 1.86619e-11
 2.72176e-11
 3.56283e-11
 3.36704e-11
 2.87705e-11
 1.82603e-11
 1.19395e-11
 6.65930e-12
 3.18159e-12
-1.04543e-14
-9.91038e-13
 1.64889e-12
 4.14378e-13
 1.59401e-14
-6.21072e-13
-5.67189e-13
-9.91187e-13
-9.37620e-13
-9.06534e-13
-8.85136e-13
-8.71538e-13
-8.70137e-13
-8.67704e-13
-8.62657e-13
-8.70394e-13
-8.62821e-13
-8.54508e-13
-8.42575e-13
-8.06437e-13
-7.73861e-13
-7.40454e-13
-6.88132e-13
-6.37570e-13
-5.94498e-13
-5.57002e-13
-5.08566e-13
-4.23954e-13
-3.38989e-13
-2.60041e-13
-1.73135e-13
-1.04584e-13
-6.76985e-14
-1.41788e-14
 4.85324e-14
 7.55654e-14
 1.07710e-13
 1.20061e-13
 1.09317e-13
 9.36438e-14
 7.78058e-14
 6.89236e-14
 6.34835e-14
 5.38848e-14
 3.66066e-14
 3.03312e-14
 2.97449e-14
 2.66731e-14
 2.13185e-14
 1.77552e-14
 2.12628e-14
 2.24833e-14
 1.91618e-14
 1.89107e-14
 2.14425e-14
 2.38178e-14
 2.53287e-14
 0.00000e+00
 0.00000e+00
 0.00000e+00
 0.00000e+00
 0.00000e+00
 0.00000e+00
 0.00000e+00
 0.00000e+00
 0.00000e+00
 0.00000e+00
 0.00000e+00
 0.00000e+00
 0.00000e+00
 0.00000e+00
 0.00000e+00
 0.00000e+00
 0.00000e+00
 0.00000e+00
 0.00000e+00
 0.00000e+00
 0.00000e+00
 0.00000e+00
 0.00000e+00
 0.00000e+00
 0.00000e+00
 0.00000e+00
 0.00000e+00
 0.00000e+00
 0.00000e+00
 0.00000e+00
 0.00000e+00
 0.00000e+00
 0.00000e+00
 0.00000e+00
 0.00000e+00
 0.00000e+00
 0.00000e+00
 0.00000e+00
 0.00000e+00
 0.00000e+00
 0.00000e+00
 0.00000e+00
 0.00000e+00
 0.00000e+00
 0.00000e+00
 0.00000e+00
 0.00000e+00
 0.00000e+00
 0.00000e+00
 0.00000e+00
 0.00000e+00
 0.00000e+00
 0.00000e+00
 0.00000e+00
 0.00000e+00
 0.00000e+00
 0.00000e+00
 0.00000e+00
 0.00000e+00
 0.00000e+00
 0.00000e+00
 0.00000e+00
 0.00000e+00
 0.00000e+00
 0.00000e+00
 0.00000e+00
 0.00000e+00
 0.00000e+00
 0.00000e+00
 0.00000e+00
 0.00000e+00
 0.00000e+00
 0.00000e+00
 0.00000e+00
 0.00000e+00
 0.00000e+00
 0.00000e+00
 0.00000e+00
 0.00000e+00
 0.00000e+00
 0.00000e+00
 0.00000e+00
 0.00000e+00
 0.00000e+00
 0.00000e+00
 0.00000e+00
 0.00000e+00
 0.00000e+00
 0.00000e+00
 0.00000e+00
 0.00000e+00
 0.00000e+00
 0.00000e+00
 0.00000e+00
 0.00000e+00
 0.00000e+00
 0.00000e+00
 0.00000e+00
 0.00000e+00
 0.00000e+00
 0.00000e+00
 0.00000e+00
 0.00000e+00
 0.00000e+00
 0.00000e+00
 0.00000e+00
 0.00000e+00
 0.00000e+00
 0.00000e+00
 0.00000e+00
 0.00000e+00
 0.00000e+00
 0.00000e+00
 0.00000e+00
 0.00000e+00
 0.00000e+00
 0.00000e+00
 0.00000e+00
 0.00000e+00
 0.00000e+00
 0.00000e+00
 0.00000e+00
 0.00000e+00
 0.00000e+00
 0.00000e+00
 0.00000e+00
 0.00000e+00
 0.00000e+00
 0.00000e+00
 0.00000e+00
 0.00000e+00
 0.00000e+00
 0.00000e+00
 0.00000e+00
 0.00000e+00
 0.00000e+00
 0.00000e+00
 0.00000e+00
 0.00000e+00
 0.00000e+00
 0.00000e+00
 0.00000e+00
 0.00000e+00
 0.00000e+00
 0.00000e+00
 0.00000e+00
 0.00000e+00
 0.00000e+00
 0.00000e+00
 0.00000e+00
 0.00000e+00
 0.00000e+00
 0.00000e+00
 0.00000e+00
 0.00000e+00
 0.00000e+00
 0.00000e+00
 0.00000e+00
 0.00000e+00
 0.00000e+00
 0.00000e+00
 0.00000e+00
 0.00000e+00
 0.00000e+00
 0.00000e+00
 0.00000e+00
 0.00000e+00
 0.00000e+00
 0.00000e+00
 0.00000e+00
 0.00000e+00
 0.00000e+00
 0.00000e+00
 0.00000e+00
 0.00000e+00
 0.00000e+00
 0.00000e+00
 0.00000e+00
 0.00000e+00
 0.00000e+00
 0.00000e+00
 0.00000e+00
 0.00000e+00
 0.00000e+00
 0.00000e+00
 0.00000e+00
 0.00000e+00
 0.00000e+00
 0.00000e+00
 0.00000e+00
 0.00000e+00
 0.00000e+00
 0.00000e+00
 0.00000e+00
 0.00000e+00
 0.00000e+00
 0.00000e+00
 0.00000e+00
 0.00000e+00
 0.00000e+00
 0.00000e+00
 0.00000e+00
 0.00000e+00
 0.00000e+00
 0.00000e+00
 0.00000e+00
 0.00000e+00
 0.00000e+00
 0.00000e+00
 0.00000e+00
 0.00000e+00
 0.00000e+00
 0.00000e+00
 0.00000e+00
 0.00000e+00
 0.00000e+00
 0.00000e+00
 0.00000e+00
 0.00000e+00
 0.00000e+00
 0.00000e+00
 0.00000e+00
 0.00000e+00
 0.00000e+00
 0.00000e+00
 0.00000e+00
 0.00000e+00
 0.00000e+00
 0.00000e+00
 0.00000e+00
 0.00000e+00
 0.00000e+00
 0.00000e+00
 0.00000e+00
 0.00000e+00
 0.00000e+00
 0.00000e+00
 0.00000e+00
 0.00000e+00
 0.00000e+00
 0.00000e+00
 0.00000e+00
 0.00000e+00
 0.00000e+00
 0.00000e+00
 0.00000e+00
 0.00000e+00
 0.00000e+00
 0.00000e+00
 0.00000e+00
 0.00000e+00
 0.00000e+00
 0.00000e+00
 0.00000e+00
 0.00000e+00
 0.00000e+00
 0.00000e+00
 0.00000e+00
 0.00000e+00
 0.00000e+00
 0.00000e+00
 0.00000e+00
 0.00000e+00
 0.00000e+00
 0.00000e+00
 0.00000e+00
 0.00000e+00
 0.00000e+00
 0.00000e+00
 0.00000e+00
 0.00000e+00
 0.00000e+00
 0.00000e+00
 0.00000e+00
 0.00000e+00
 0.00000e+00
 0.00000e+00
 0.00000e+00
 0.00000e+00
 0.00000e+00
 0.00000e+00
 0.00000e+00
 0.00000e+00
 0.00000e+00
 0.00000e+00
 0.00000e+00
 0.00000e+00
 0.00000e+00
 0.00000e+00
 0.00000e+00
 0.00000e+00
 0.00000e+00
 0.00000e+00
 0.00000e+00
 0.00000e+00
 0.00000e+00
 0.00000e+00
 0.00000e+00
 0.00000e+00
 0.00000e+00
 0.00000e+00
 0.00000e+00
 0.00000e+00
 0.00000e+00
 0.00000e+00
 0.00000e+00
 0.00000e+00
 0.00000e+00
 0.00000e+00
 0.00000e+00
 0.00000e+00
 0.00000e+00
 0.00000e+00
 0.00000e+00
 0.00000e+00
 0.00000e+00
 0.00000e+00
 0.00000e+00
 0.00000e+00
 0.00000e+00
 0.00000e+00
 0.00000e+00
 0.00000e+00
 0.00000e+00
 0.00000e+00
 0.00000e+00
 0.00000e+00
 0.00000e+00
 0.00000e+00
 0.00000e+00
 0.00000e+00
 0.00000e+00
 0.00000e+00
 0.00000e+00
 0.00000e+00
 0.00000e+00
 0.00000e+00
 0.00000e+00
 0.00000e+00
 0.00000e+00
 0.00000e+00
 0.00000e+00
 0.00000e+00
 0.00000e+00
 0.00000e+00
 0.00000e+00
 0.00000e+00
 0.00000e+00
 0.00000e+00
 0.00000e+00
 0.00000e+00
 0.00000e+00
 0.00000e+00
 0.00000e+00
 0.00000e+00
 0.00000e+00
 0.00000e+00
 0.00000e+00
 0.00000e+00
 0.00000e+00
 0.00000e+00
 0.00000e+00
 0.00000e+00
 0.00000e+00
 0.00000e+00
 0.00000e+00
 0.00000e+00
 0.00000e+00
 0.00000e+00
 0.00000e+00
 0.00000e+00
 0.00000e+00
 0.00000e+00
 0.00000e+00
 0.00000e+00
 0.00000e+00
 0.00000e+00
 0.00000e+00
 0.00000e+00
 0.00000e+00
 0.00000e+00
 0.00000e+00
 0.00000e+00
 0.00000e+00
 0.00000e+00
 0.00000e+00
 0.00000e+00
 0.00000e+00
 0.00000e+00
 0.00000e+00
 0.00000e+00
 0.00000e+00
 0.00000e+00
 0.00000e+00
 0.00000e+00
 0.00000e+00
 0.00000e+00
 0.00000e+00
 0.00000e+00
 0.00000e+00
 0.00000e+00
 0.00000e+00
 0.00000e+00
 0.00000e+00
 0.00000e+00
 0.00000e+00
 0.00000e+00
 0.00000e+00
 0.00000e+00
 0.00000e+00
 0.00000e+00
 0.00000e+00
 0.00000e+00
 0.00000e+00
 0.00000e+00
 0.00000e+00
 0.00000e+00
 0.00000e+00
 0.00000e+00
 0.00000e+00
 0.00000e+00
 0.00000e+00
 0.00000e+00
 0.00000e+00
 0.00000e+00
 0.00000e+00
 0.00000e+00
 0.00000e+00
 0.00000e+00
 0.00000e+00
 0.00000e+00
 0.00000e+00
 0.00000e+00
 0.00000e+00
 0.00000e+00
 0.00000e+00
 0.00000e+00
 0.00000e+00
 0.00000e+00
 0.00000e+00
 0.00000e+00
 0.00000e+00
 0.00000e+00
 0.00000e+00
 0.00000e+00
 0.00000e+00
 0.00000e+00
 0.00000e+00
 0.00000e+00
 0.00000e+00
 0.00000e+00
 0.00000e+00
 0.00000e+00
 0.00000e+00
 0.00000e+00
 0.00000e+00
 0.00000e+00
 0.00000e+00
 0.00000e+00
 0.00000e+00
 0.00000e+00
 0.00000e+00
 0.00000e+00
 0.00000e+00
 0.00000e+00
 0.00000e+00
 0.00000e+00
 0.00000e+00
 0.00000e+00
 0.00000e+00
 0.00000e+00
 0.00000e+00
 0.00000e+00
 0.00000e+00
 0.00000e+00
 0.00000e+00
 0.00000e+00
 0.00000e+00
 0.00000e+00
 0.00000e+00
 0.00000e+00
 0.00000e+00
 0.00000e+00
 0.00000e+00
 0.00000e+00
 0.00000e+00
 0.00000e+00
 0.00000e+00
 0.00000e+00
 0.00000e+00
 0.00000e+00
 0.00000e+00
 0.00000e+00
 0.00000e+00
 0.00000e+00
 0.00000e+00
 0.00000e+00
 0.00000e+00
 0.00000e+00
 0.00000e+00
 0.00000e+00
 0.00000e+00
 0.00000e+00
 0.00000e+00
 0.00000e+00
 0.00000e+00
 0.00000e+00
 0.00000e+00
 0.00000e+00
 0.00000e+00
 0.00000e+00
 0.00000e+00
 0.00000e+00
 0.00000e+00
 0.00000e+00
 0.00000e+00
 0.00000e+00
 0.00000e+00
 0.00000e+00
 0.00000e+00
 0.00000e+00
 0.00000e+00
 0.00000e+00
 0.00000e+00
 0.00000e+00
 0.00000e+00
 0.00000e+00
 0.00000e+00
 0.00000e+00
 0.00000e+00
 0.00000e+00
 0.00000e+00
 0.00000e+00
 0.00000e+00
 0.00000e+00
 0.00000e+00
 0.00000e+00
 0.00000e+00
 0.00000e+00
 0.00000e+00
 0.00000e+00
 0.00000e+00
 0.00000e+00
 0.00000e+00
 0.00000e+00
 0.00000e+00
 0.00000e+00
 0.00000e+00
 0.00000e+00
 0.00000e+00
 0.00000e+00
 0.00000e+00
 0.00000e+00
 0.00000e+00
 0.00000e+00
 0.00000e+00
 0.00000e+00
 0.00000e+00
 0.00000e+00
 0.00000e+00
 0.00000e+00
 0.00000e+00
 0.00000e+00
 0.00000e+00
 0.00000e+00
 0.00000e+00
 0.00000e+00
 0.00000e+00
 0.00000e+00
 0.00000e+00
 0.00000e+00
 0.00000e+00
 0.00000e+00
 0.00000e+00
 0.00000e+00
 0.00000e+00
 0.00000e+00
 0.00000e+00
 0.00000e+00
 0.00000e+00
 0.00000e+00
 0.00000e+00
 0.00000e+00
 0.00000e+00
 0.00000e+00
 0.00000e+00
 0.00000e+00
 0.00000e+00
 0.00000e+00
 0.00000e+00
 0.00000e+00
 0.00000e+00
 0.00000e+00
 0.00000e+00
 0.00000e+00
 0.00000e+00
 0.00000e+00
 0.00000e+00
 0.00000e+00
 0.00000e+00
 0.00000e+00
 0.00000e+00
 0.00000e+00
 0.00000e+00
 0.00000e+00
 0.00000e+00
 0.00000e+00
 0.00000e+00
 0.00000e+00
 0.00000e+00
 0.00000e+00
 0.00000e+00
 0.00000e+00
 0.00000e+00
 0.00000e+00
 0.00000e+00
 0.00000e+00
 0.00000e+00
 0.00000e+00
 0.00000e+00
 0.00000e+00
 0.00000e+00
 0.00000e+00
 0.00000e+00
 0.00000e+00
 0.00000e+00
 0.00000e+00
 0.00000e+00
 0.00000e+00
 0.00000e+00
 0.00000e+00
 0.00000e+00
 0.00000e+00
 0.00000e+00
 0.00000e+00
 0.00000e+00
 0.00000e+00
 0.00000e+00
 0.00000e+00
 0.00000e+00
 0.00000e+00
 0.00000e+00
 0.00000e+00
 0.00000e+00
 0.00000e+00
 0.00000e+00
 0.00000e+00
 0.00000e+00
 0.00000e+00
 0.00000e+00
 0.00000e+00
 0.00000e+00
 0.00000e+00
 0.00000e+00
 0.00000e+00
 0.00000e+00
 0.00000e+00
 0.00000e+00
 0.00000e+00
 0.00000e+00
 0.00000e+00
 0.00000e+00
 0.00000e+00
 0.00000e+00
 0.00000e+00
 0.00000e+00
 0.00000e+00
 0.00000e+00
 0.00000e+00
 0.00000e+00
 0.00000e+00
 0.00000e+00
 0.00000e+00
 0.00000e+00
 0.00000e+00
 0.00000e+00
 0.00000e+00
 0.00000e+00
 0.00000e+00
 0.00000e+00
 0.00000e+00
 0.00000e+00
 0.00000e+00
 0.00000e+00
 0.00000e+00
 0.00000e+00
 0.00000e+00
 0.00000e+00
 0.00000e+00
 0.00000e+00
 0.00000e+00
 0.00000e+00
 0.00000e+00
 0.00000e+00
 0.00000e+00
 0.00000e+00
 0.00000e+00
 0.00000e+00
 0.00000e+00
 0.00000e+00
 0.00000e+00
 0.00000e+00
 0.00000e+00
 0.00000e+00
 0.00000e+00
 0.00000e+00
 0.00000e+00
