Velocity
part
         1
coordinates
 0.00000e+00
 0.00000e+00
 0.00000e+00
 0.00000e+00
 0.00000e+00
 0.00000e+00
 0.00000e+00
 0.00000e+00
 0.00000e+00
 0.00000e+00
 0.00000e+00
 0.00000e+00
 2.30493e-14
 7.32272e-13
 1.31872e-11
 2.28002e-10
 3.85408e-09
 4.42707e-08
 3.01044e-07
 1.74057e-06
 9.08061e-06
 4.27828e-05
 1.80638e-04
 6.76480e-04
 2.21991e-03
 6.30276e-03
 1.53286e-02
 3.18672e-02
 5.72080e-02
 9.06437e-02
 1.30313e-01
 1.74498e-01
 2.22177e-01
 2.72923e-01
 3.26647e-01
 3.83441e-01
 4.43493e-01
 5.07056e-01
 5.74408e-01
 6.45795e-01
 7.21262e-01
 8.00181e-01
 8.79713e-01
 9.49480e-01
 9.75943e-01
 9.52775e-01
 9.36508e-01
 9.30559e-01
 9.28928e-01
 9.27809e-01
 9.27239e-01
 9.27155e-01
 9.27077e-01
 9.27003e-01
 9.26929e-01
 9.26856e-01
 9.26783e-01
 9.26707e-01
 9.26630e-01
 9.26551e-01
 9.26469e-01
 9.26387e-01
 9.26304e-01
 9.26223e-01
 9.26144e-01
 9.26069e-01
 9.26000e-01
 9.25934e-01
 9.25869e-01
 9.25798e-01
 9.25707e-01
 9.25581e-01
 9.25390e-01
 9.25094e-01
 9.24626e-01
 9.23858e-01
 9.22517e-01
 9.19977e-01
 9.14805e-01
 9.03865e-01
 8.81057e-01
 8.36675e-01
 7.59239e-01
 6.40551e-01
 4.83474e-01
 3.10078e-01
 1.59913e-01
 6.50444e-02
 2.20666e-02
 6.81543e-03
 2.02661e-03
 5.93064e-04
 1.71893e-04
 4.93980e-05
 1.40685e-05
 3.96702e-06
 1.10621e-06
 3.04356e-07
 8.19230e-08
 2.01541e-08
 0.00000e+00
 0.00000e+00
 0.00000e+00
 0.00000e+00
 0.00000e+00
 0.00000e+00
 0.00000e+00
 0.00000e+00
 0.00000e+00
 0.00000e+00
 0.00000e+00
 0.00000e+00
 0.00000e+00
 2.33173e-14
 7.32762e-13
 1.32087e-11
 2.28724e-10
 3.89505e-09
 4.43665e-08
 3.01084e-07
 1.74053e-06
 9.08053e-06
 4.27827e-05
 1.80638e-04
 6.76480e-04
 2.21991e-03
 6.30276e-03
 1.53286e-02
 3.18672e-02
 5.72080e-02
 9.06437e-02
 1.30313e-01
 1.74498e-01
 2.22177e-01
 2.72923e-01
 3.26647e-01
 3.83441e-01
 4.43493e-01
 5.07056e-01
 5.74408e-01
 6.45795e-01
 7.21262e-01
 8.00181e-01
 8.79713e-01
 9.49480e-01
 9.75943e-01
 9.52775e-01
 9.36508e-01
 9.30559e-01
 9.28928e-01
 9.27809e-01
 9.27239e-01
 9.27155e-01
 9.27077e-01
 9.27003e-01
 9.26929e-01
 9.26856e-01
 9.26783e-01
 9.26707e-01
 9.26630e-01
 9.26551e-01
 9.26469e-01
 9.26387e-01
 9.26304e-01
 9.26223e-01
 9.26144e-01
 9.26069e-01
 9.26000e-01
 9.25934e-01
 9.25869e-01
 9.25798e-01
 9.25707e-01
 9.25581e-01
 9.25390e-01
 9.25094e-01
 9.24626e-01
 9.23858e-01
 9.22517e-01
 9.19977e-01
 9.14805e-01
 9.03865e-01
 8.81057e-01
 8.36675e-01
 7.59239e-01
 6.40551e-01
 4.83474e-01
 3.10078e-01
 1.59913e-01
 6.50444e-02
 2.20666e-02
 6.81543e-03
 2.02661e-03
 5.93064e-04
 1.71893e-04
 4.93980e-05
 1.40685e-05
 3.96702e-06
 1.10621e-06
 3.04356e-07
 8.19230e-08
 2.01542e-08
 0.00000e+00
 0.00000e+00
 0.00000e+00
 0.00000e+00
 0.00000e+00
 0.00000e+00
 0.00000e+00
 0.00000e+00
 0.00000e+00
 0.00000e+00
 0.00000e+00
 0.00000e+00
 0.00000e+00
 2.37466e-14
 7.34315e-13
 1.32589e-11
 2.30262e-10
 3.95704e-09
 4.44835e-08
 3.01161e-07
 1.74053e-06
 9.08044e-06
 4.27826e-05
 1.80638e-04
 6.76480e-04
 2.21991e-03
 6.30276e-03
 1.53286e-02
 3.18672e-02
 5.72080e-02
 9.06437e-02
 1.30313e-01
 1.74498e-01
 2.22177e-01
 2.72923e-01
 3.26647e-01
 3.83441e-01
 4.43493e-01
 5.07056e-01
 5.74408e-01
 6.45795e-01
 7.21262e-01
 8.00181e-01
 8.79713e-01
 9.49480e-01
 9.75943e-01
 9.52775e-01
 9.36508e-01
 9.30559e-01
 9.28928e-01
 9.27809e-01
 9.27239e-01
 9.27155e-01
 9.27077e-01
 9.27003e-01
 9.26929e-01
 9.26856e-01
 9.26783e-01
 9.26707e-01
 9.26630e-01
 9.26551e-01
 9.26469e-01
 9.26387e-01
 9.26304e-01
 9.26223e-01
 9.26144e-01
 9.26069e-01
 9.26000e-01
 9.25934e-01
 9.25869e-01
 9.25798e-01
 9.25707e-01
 9.25581e-01
 9.25390e-01
 9.25094e-01
 9.24626e-01
 9.23858e-01
 9.22517e-01
 9.19977e-01
 9.14805e-01
 9.03865e-01
 8.81057e-01
 8.36675e-01
 7.59239e-01
 6.40551e-01
 4.83474e-01
 3.10078e-01
 1.59913e-01
 6.50444e-02
 2.20666e-02
 6.81543e-03
 2.02661e-03
 5.93064e-04
 1.71893e-04
 4.93980e-05
 1.40685e-05
 3.96702e-06
 1.10621e-06
 3.04356e-07
 8.19230e-08
 2.01542e-08
 0.00000e+00
 0.00000e+00
 0.00000e+00
 0.00000e+00
 0.00000e+00
 0.00000e+00
 0.00000e+00
 0.00000e+00
 0.00000e+00
 0.00000e+00
 0.00000e+00
 0.00000e+00
 0.00000e+00
 2.41578e-14
 7.36723e-13
 1.33102e-11
 2.31538e-10
 3.98124e-09
 4.45162e-08
 3.01216e-07
 1.74057e-06
 9.08045e-06
 4.27826e-05
 1.80638e-04
 6.76480e-04
 2.21991e-03
 6.30276e-03
 1.53286e-02
 3.18672e-02
 5.72080e-02
 9.06437e-02
 1.30313e-01
 1.74498e-01
 2.22177e-01
 2.72923e-01
 3.26647e-01
 3.83441e-01
 4.43493e-01
 5.07056e-01
 5.74408e-01
 6.45795e-01
 7.21262e-01
 8.00181e-01
 8.79713e-01
 9.49480e-01
 9.75943e-01
 9.52775e-01
 9.36508e-01
 9.30559e-01
 9.28928e-01
 9.27809e-01
 9.27239e-01
 9.27155e-01
 9.27077e-01
 9.27003e-01
 9.26929e-01
 9.26856e-01
 9.26783e-01
 9.26707e-01
 9.26630e-01
 9.26551e-01
 9.26469e-01
 9.26387e-01
 9.26304e-01
 9.26223e-01
 9.26144e-01
 9.26069e-01
 9.26000e-01
 9.25934e-01
 9.25869e-01
 9.25798e-01
 9.25707e-01
 9.25581e-01
 9.25390e-01
 9.25094e-01
 9.24626e-01
 9.23858e-01
 9.22517e-01
 9.19977e-01
 9.14805e-01
 9.03865e-01
 8.81057e-01
 8.36675e-01
 7.59239e-01
 6.40551e-01
 4.83474e-01
 3.10078e-01
 1.59913e-01
 6.50444e-02
 2.20666e-02
 6.81543e-03
 2.02661e-03
 5.93064e-04
 1.71893e-04
 4.93980e-05
 1.40685e-05
 3.96702e-06
 1.10621e-06
 3.04356e-07
 8.19230e-08
 2.01542e-08
 0.00000e+00
 0.00000e+00
 0.00000e+00
 0.00000e+00
 0.00000e+00
 0.00000e+00
 0.00000e+00
 0.00000e+00
 0.00000e+00
 0.00000e+00
 0.00000e+00
 0.00000e+00
 0.00000e+00
 2.42991e-14
 7.39036e-13
 1.33474e-11
 2.32151e-10
 3.98539e-09
 4.45316e-08
 3.01242e-07
 1.74060e-06
 9.08048e-06
 4.27826e-05
 1.80638e-04
 6.76480e-04
 2.21991e-03
 6.30276e-03
 1.53286e-02
 3.18672e-02
 5.72080e-02
 9.06437e-02
 1.30313e-01
 1.74498e-01
 2.22177e-01
 2.72923e-01
 3.26647e-01
 3.83441e-01
 4.43493e-01
 5.07056e-01
 5.74408e-01
 6.45795e-01
 7.21262e-01
 8.00181e-01
 8.79713e-01
 9.49480e-01
 9.75943e-01
 9.52775e-01
 9.36508e-01
 9.30559e-01
 9.28928e-01
 9.27809e-01
 9.27239e-01
 9.27155e-01
 9.27077e-01
 9.27003e-01
 9.26929e-01
 9.26856e-01
 9.26783e-01
 9.26707e-01
 9.26630e-01
 9.26551e-01
 9.26469e-01
 9.26387e-01
 9.26304e-01
 9.26223e-01
 9.26144e-01
 9.26069e-01
 9.26000e-01
 9.25934e-01
 9.25869e-01
 9.25798e-01
 9.25707e-01
 9.25581e-01
 9.25390e-01
 9.25094e-01
 9.24626e-01
 9.23858e-01
 9.22517e-01
 9.19977e-01
 9.14805e-01
 9.03865e-01
 8.81057e-01
 8.36675e-01
 7.59239e-01
 6.40551e-01
 4.83474e-01
 3.10078e-01
 1.59913e-01
 6.50444e-02
 2.20666e-02
 6.81543e-03
 2.02661e-03
 5.93064e-04
 1.71893e-04
 4.93980e-05
 1.40685e-05
 3.96702e-06
 1.10621e-06
 3.04356e-07
 8.19230e-08
 2.01542e-08
 0.00000e+00
 0.00000e+00
 0.00000e+00
 0.00000e+00
 0.00000e+00
 0.00000e+00
 0.00000e+00
 0.00000e+00
 0.00000e+00
 0.00000e+00
 0.00000e+00
 0.00000e+00
 0.00000e+00
 2.41907e-14
 7.40005e-13
 1.33620e-11
 2.32304e-10
 3.98636e-09
 4.45355e-08
 3.01250e-07
 1.74060e-06
 9.08048e-06
 4.27826e-05
 1.80638e-04
 6.76480e-04
 2.21991e-03
 6.30276e-03
 1.53286e-02
 3.18672e-02
 5.72080e-02
 9.06437e-02
 1.30313e-01
 1.74498e-01
 2.22177e-01
 2.72923e-01
 3.26647e-01
 3.83441e-01
 4.43493e-01
 5.07056e-01
 5.74408e-01
 6.45795e-01
 7.21262e-01
 8.00181e-01
 8.79713e-01
 9.49480e-01
 9.75943e-01
 9.52775e-01
 9.36508e-01
 9.30559e-01
 9.28928e-01
 9.27809e-01
 9.27239e-01
 9.27155e-01
 9.27077e-01
 9.27003e-01
 9.26929e-01
 9.26856e-01
 9.26783e-01
 9.26707e-01
 9.26630e-01
 9.26551e-01
 9.26469e-01
 9.26387e-01
 9.26304e-01
 9.26223e-01
 9.26144e-01
 9.26069e-01
 9.26000e-01
 9.25934e-01
 9.25869e-01
 9.25798e-01
 9.25707e-01
 9.25581e-01
 9.25390e-01
 9.25094e-01
 9.24626e-01
 9.23858e-01
 9.22517e-01
 9.19977e-01
 9.14805e-01
 9.03865e-01
 8.81057e-01
 8.36675e-01
 7.59239e-01
 6.40551e-01
 4.83474e-01
 3.10078e-01
 1.59913e-01
 6.50444e-02
 2.20666e-02
 6.81543e-03
 2.02661e-03
 5.93064e-04
 1.71893e-04
 4.93980e-05
 1.40685e-05
 3.96702e-06
 1.10621e-06
 3.04356e-07
 8.19230e-08
 2.01542e-08
 0.00000e+00
 0.00000e+00
 0.00000e+00
 0.00000e+00
 0.00000e+00
 0.00000e+00
 0.00000e+00
 0.00000e+00
 0.00000e+00
 0.00000e+00
 0.00000e+00
 0.00000e+00
 0.00000e+00
 0.00000e+00
 0.00000e+00
 0.00000e+00
 0.00000e+00
 0.00000e+00
 0.00000e+00
 0.00000e+00
 0.00000e+00
 0.00000e+00
 0.00000e+00
 0.00000e+00
 0.00000e+00
 0.00000e+00
 0.00000e+00
 0.00000e+00
 0.00000e+00
 0.00000e+00
 0.00000e+00
 0.00000e+00
 0.00000e+00
 0.00000e+00
 0.00000e+00
 0.00000e+00
 0.00000e+00
 0.00000e+00
 0.00000e+00
 0.00000e+00
 0.00000e+00
 0.00000e+00
 0.00000e+00
 0.00000e+00
 0.00000e+00
 0.00000e+00
 0.00000e+00
 0.00000e+00
 0.00000e+00
 0.00000e+00
 0.00000e+00
 0.00000e+00
 0.00000e+00
 0.00000e+00
 0.00000e+00
 0.00000e+00
 0.00000e+00
 0.00000e+00
 0.00000e+00
 0.00000e+00
 0.00000e+00
 0.00000e+00
 0.00000e+00
 0.00000e+00
 0.00000e+00
 0.00000e+00
 0.00000e+00
 0.00000e+00
 0.00000e+00
 0.00000e+00
 0.00000e+00
 0.00000e+00
 0.00000e+00
 0.00000e+00
 0.00000e+00
 0.00000e+00
 0.00000e+00
 0.00000e+00
 0.00000e+00
 0.00000e+00
 0.00000e+00
 0.00000e+00
 0.00000e+00
 0.00000e+00
 0.00000e+00
 0.00000e+00
 0.00000e+00
 0.00000e+00
 0.00000e+00
 0.00000e+00
 0.00000e+00
 0.00000e+00
 0.00000e+00
 0.00000e+00
 0.00000e+00
 0.00000e+00
 0.00000e+00
 0.00000e+00
 0.00000e+00
 0.00000e+00
 0.00000e+00
 0.00000e+00
 0.00000e+00
 0.00000e+00
-8.32798e-16
 0.00000e+00
 0.00000e+00
 0.00000e+00
 0.00000e+00
 0.00000e+00
 0.00000e+00
 0.00000e+00
 0.00000e+00
 0.00000e+00
 1.30104e-16
 5.01769e-16
 1.14696e-14
 3.83254e-13
 2.12290e-11
 8.96355e-11
 1.57853e-10
 1.61612e-10
 1.02463e-10
 1.86140e-11
-5.37664e-11
-8.28258e-11
-5.93232e-11
-2.11666e-11
 1.64935e-11
 3.79176e-11
 3.56911e-11
 1.86627e-11
-1.43040e-11
-3.54266e-11
-3.69951e-11
-3.44473e-11
-1.72226e-11
-3.70981e-12
-5.57952e-13
 3.38348e-12
-1.37768e-11
-2.34391e-12
-1.56662e-11
-3.88687e-12
-1.14470e-11
-1.56291e-11
-1.30452e-11
-4.91247e-12
 6.63529e-12
-1.09984e-12
-8.22192e-13
-1.01446e-12
-5.64821e-13
-1.02985e-12
-1.02677e-12
-1.01371e-12
-9.98928e-13
-9.81841e-13
-9.69148e-13
-9.54537e-13
-9.45223e-13
-9.24947e-13
-8.91714e-13
-8.63806e-13
-8.46454e-13
-8.10406e-13
-7.38058e-13
-6.92455e-13
-6.68599e-13
-5.99591e-13
-5.25905e-13
-4.67186e-13
-3.94313e-13
-3.19892e-13
-2.40605e-13
-1.59914e-13
-8.95998e-14
-4.36404e-14
 1.03858e-14
 6.15155e-14
 8.68962e-14
 1.10167e-13
 1.27426e-13
 1.39077e-13
 1.35767e-13
 1.18505e-13
 8.63224e-14
 5.62900e-14
 2.11224e-14
-5.74757e-15
-6.71338e-15
-8.66191e-15
-1.11690e-14
-1.47317e-14
-1.50132e-14
-1.16891e-14
-1.13942e-14
-1.37004e-14
-1.72358e-14
-1.44260e-14
-1.40296e-14
-1.46137e-14
-1.18993e-14
 0.00000e+00
 0.00000e+00
-8.32798e-16
 0.00000e+00
 0.00000e+00
 0.00000e+00
 0.00000e+00
 0.00000e+00
 0.00000e+00
 0.00000e+00
 0.00000e+00
 0.00000e+00
 8.23994e-17
 6.87384e-16
 1.56411e-14
 4.37583e-13
 1.13574e-11
 3.24599e-11
 6.10277e-11
 9.13498e-11
 1.00671e-10
 8.87508e-11
 6.00557e-11
 1.36950e-11
-2.85696e-11
-4.74957e-11
-5.71276e-11
-4.79690e-11
-2.70908e-11
-7.95880e-12
 1.73651e-11
 1.88823e-11
 7.97813e-12
-7.89697e-12
-3.32043e-11
-4.25207e-11
-3.89758e-11
-3.78811e-11
-2.74265e-11
-1.47546e-11
-6.40683e-12
 4.87929e-13
-1.49093e-12
 9.98039e-13
 6.52554e-13
-1.02227e-12
 2.55498e-12
-3.28311e-14
-1.33270e-12
-1.52641e-12
-1.03586e-12
-1.77045e-12
-1.68482e-12
-1.63735e-12
-1.61315e-12
-1.60656e-12
-1.58940e-12
-1.55107e-12
-1.51888e-12
-1.51342e-12
-1.49084e-12
-1.44294e-12
-1.38447e-12
-1.33433e-12
-1.27673e-12
-1.18699e-12
-1.06762e-12
-9.57169e-13
-8.53126e-13
-7.18975e-13
-5.95011e-13
-4.86325e-13
-3.70023e-13
-2.71900e-13
-1.62158e-13
-5.03200e-14
 1.47022e-14
 9.74845e-14
 1.62294e-13
 1.91541e-13
 2.22011e-13
 2.28166e-13
 2.00569e-13
 1.73384e-13
 1.29642e-13
 8.30538e-14
 4.93880e-14
 3.11374e-14
 3.11921e-14
 2.40394e-14
 1.71343e-14
 2.08410e-14
 2.08436e-14
 2.21887e-14
 2.39959e-14
 2.64567e-14
 2.62164e-14
 1.89523e-14
 1.50899e-14
 1.24623e-14
 8.59729e-15
 0.00000e+00
 0.00000e+00
-8.32798e-16
 0.00000e+00
 0.00000e+00
 0.00000e+00
 0.00000e+00
 0.00000e+00
 0.00000e+00
 0.00000e+00
 0.00000e+00
 0.00000e+00
 1.28370e-16
 9.21572e-16
 1.28508e-14
 2.54588e-13
 2.07372e-12
 9.40786e-12
 2.46739e-11
 4.31315e-11
 6.17247e-11
 7.33121e-11
 6.99250e-11
 6.86813e-11
 4.84157e-11
 3.48514e-12
-3.09490e-11
-5.64288e-11
-6.75824e-11
-6.45691e-11
-5.90074e-11
-4.25208e-11
-1.84525e-11
-1.47175e-12
 6.55728e-12
 3.77124e-12
 5.36795e-13
-2.17639e-12
-8.01905e-12
-1.50126e-11
-1.16335e-11
-8.09614e-12
-7.77968e-12
-3.15715e-12
 3.04779e-12
 3.99843e-12
 1.00631e-12
 5.54338e-13
-8.24880e-13
-1.41120e-12
-1.07491e-12
-1.75755e-12
-1.69482e-12
-1.66486e-12
-1.64376e-12
-1.62175e-12
-1.61322e-12
-1.59289e-12
-1.56868e-12
-1.54169e-12
-1.52313e-12
-1.47240e-12
-1.41731e-12
-1.35544e-12
-1.27513e-12
-1.19113e-12
-1.08646e-12
-9.77588e-13
-8.51038e-13
-7.17226e-13
-5.98076e-13
-4.77221e-13
-3.58301e-13
-2.45714e-13
-1.50980e-13
-5.39065e-14
 3.23647e-14
 9.05547e-14
 1.51715e-13
 1.90162e-13
 2.08377e-13
 2.24317e-13
 2.30136e-13
 2.16310e-13
 1.54662e-13
 8.08433e-14
 2.35766e-14
-1.30607e-14
-2.56592e-14
-3.19939e-14
-3.22693e-14
-2.86594e-14
-2.65109e-14
-2.73090e-14
-3.24043e-14
-3.17836e-14
-2.30905e-14
-1.47564e-14
-1.59755e-14
-1.55561e-14
-1.14683e-14
 0.00000e+00
 0.00000e+00
-8.32798e-16
 0.00000e+00
 0.00000e+00
 0.00000e+00
 0.00000e+00
 0.00000e+00
 0.00000e+00
 0.00000e+00
 0.00000e+00
 0.00000e+00
-5.94143e-17
 3.64292e-16
 8.16881e-15
 9.17734e-14
 6.53746e-13
 3.09882e-12
 8.73010e-12
 1.66376e-11
 2.44320e-11
 3.46155e-11
 4.70240e-11
 4.26984e-11
 3.91413e-11
 3.05461e-11
 6.89502e-12
-1.30778e-11
-3.34100e-11
-4.89679e-11
-5.59194e-11
-5.31391e-11
-4.63165e-11
-3.06454e-11
-1.00226e-11
 2.80277e-12
 1.58411e-11
 2.83405e-11
 3.19095e-11
 3.36090e-11
 2.50423e-11
 2.04390e-11
 1.53371e-11
 1.04838e-11
 5.73913e-12
 6.66104e-13
 1.49073e-12
 4.55492e-14
-2.45936e-13
-7.79590e-13
-7.89658e-13
-1.19257e-12
-1.11133e-12
-1.06357e-12
-1.03463e-12
-1.01201e-12
-9.94931e-13
-9.90872e-13
-9.78765e-13
-9.66792e-13
-9.41713e-13
-9.16611e-13
-8.80856e-13
-8.16160e-13
-7.67070e-13
-7.05477e-13
-6.44065e-13
-5.93709e-13
-5.40424e-13
-4.88838e-13
-4.05406e-13
-3.09675e-13
-2.42086e-13
-1.58715e-13
-7.72932e-14
-2.40467e-14
 2.73414e-14
 6.78273e-14
 1.14235e-13
 1.52810e-13
 1.57541e-13
 1.48546e-13
 1.27061e-13
 1.01951e-13
 8.55622e-14
 7.17538e-14
 5.38233e-14
 3.19944e-14
 2.66133e-14
 2.93988e-14
 2.73566e-14
 2.28754e-14
 2.21732e-14
 1.79916e-14
 1.93004e-14
 2.23346e-14
 1.87675e-14
 1.59308e-14
 1.98166e-14
 2.27518e-14
 2.14186e-14
 0.00000e+00
 0.00000e+00
 0.00000e+00
 0.00000e+00
 0.00000e+00
 0.00000e+00
 0.00000e+00
 0.00000e+00
 0.00000e+00
 0.00000e+00
 0.00000e+00
 0.00000e+00
 0.00000e+00
 0.00000e+00
 0.00000e+00
 0.00000e+00
 0.00000e+00
 0.00000e+00
 0.00000e+00
 0.00000e+00
 0.00000e+00
 0.00000e+00
 0.00000e+00
 0.00000e+00
 0.00000e+00
 0.00000e+00
 0.00000e+00
 0.00000e+00
 0.00000e+00
 0.00000e+00
 0.00000e+00
 0.00000e+00
 0.00000e+00
 0.00000e+00
 0.00000e+00
 0.00000e+00
 0.00000e+00
 0.00000e+00
 0.00000e+00
 0.00000e+00
 0.00000e+00
 0.00000e+00
 0.00000e+00
 0.00000e+00
 0.00000e+00
 0.00000e+00
 0.00000e+00
 0.00000e+00
 0.00000e+00
 0.00000e+00
 0.00000e+00
 0.00000e+00
 0.00000e+00
 0.00000e+00
 0.00000e+00
 0.00000e+00
 0.00000e+00
 0.00000e+00
 0.00000e+00
 0.00000e+00
 0.00000e+00
 0.00000e+00
 0.00000e+00
 0.00000e+00
 0.00000e+00
 0.00000e+00
 0.00000e+00
 0.00000e+00
 0.00000e+00
 0.00000e+00
 0.00000e+00
 0.00000e+00
 0.00000e+00
 0.00000e+00
 0.00000e+00
 0.00000e+00
 0.00000e+00
 0.00000e+00
 0.00000e+00
 0.00000e+00
 0.00000e+00
 0.00000e+00
 0.00000e+00
 0.00000e+00
 0.00000e+00
 0.00000e+00
 0.00000e+00
 0.00000e+00
 0.00000e+00
 0.00000e+00
 0.00000e+00
 0.00000e+00
 0.00000e+00
 0.00000e+00
 0.00000e+00
 0.00000e+00
 0.00000e+00
 0.00000e+00
 0.00000e+00
 0.00000e+00
 0.00000e+00
 0.00000e+00
 0.00000e+00
 0.00000e+00
 0.00000e+00
 0.00000e+00
 0.00000e+00
 0.00000e+00
 0.00000e+00
 0.00000e+00
 0.00000e+00
 0.00000e+00
 0.00000e+00
 0.00000e+00
 0.00000e+00
 0.00000e+00
 0.00000e+00
 0.00000e+00
 0.00000e+00
 0.00000e+00
 0.00000e+00
 0.00000e+00
 0.00000e+00
 0.00000e+00
 0.00000e+00
 0.00000e+00
 0.00000e+00
 0.00000e+00
 0.00000e+00
 0.00000e+00
 0.00000e+00
 0.00000e+00
 0.00000e+00
 0.00000e+00
 0.00000e+00
 0.00000e+00
 0.00000e+00
 0.00000e+00
 0.00000e+00
 0.00000e+00
 0.00000e+00
 0.00000e+00
 0.00000e+00
 0.00000e+00
 0.00000e+00
 0.00000e+00
 0.00000e+00
 0.00000e+00
 0.00000e+00
 0.00000e+00
 0.00000e+00
 0.00000e+00
 0.00000e+00
 0.00000e+00
 0.00000e+00
 0.00000e+00
 0.00000e+00
 0.00000e+00
 0.00000e+00
 0.00000e+00
 0.00000e+00
 0.00000e+00
 0.00000e+00
 0.00000e+00
 0.00000e+00
 0.00000e+00
 0.00000e+00
 0.00000e+00
 0.00000e+00
 0.00000e+00
 0.00000e+00
 0.00000e+00
 0.00000e+00
 0.00000e+00
 0.00000e+00
 0.00000e+00
 0.00000e+00
 0.00000e+00
 0.00000e+00
 0.00000e+00
 0.00000e+00
 0.00000e+00
 0.00000e+00
 0.00000e+00
 0.00000e+00
 0.00000e+00
 0.00000e+00
 0.00000e+00
 0.00000e+00
 0.00000e+00
 0.00000e+00
 0.00000e+00
 0.00000e+00
 0.00000e+00
 0.00000e+00
 0.00000e+00
 0.00000e+00
 0.00000e+00
 0.00000e+00
 0.00000e+00
 0.00000e+00
 0.00000e+00
 0.00000e+00
 0.00000e+00
 0.00000e+00
 0.00000e+00
 0.00000e+00
 0.00000e+00
 0.00000e+00
 0.00000e+00
 0.00000e+00
 0.00000e+00
 0.00000e+00
 0.00000e+00
 0.00000e+00
 0.00000e+00
 0.00000e+00
 0.00000e+00
 0.00000e+00
 0.00000e+00
 0.00000e+00
 0.00000e+00
 0.00000e+00
 0.00000e+00
 0.00000e+00
 0.00000e+00
 0.00000e+00
 0.00000e+00
 0.00000e+00
 0.00000e+00
 0.00000e+00
 0.00000e+00
 0.00000e+00
 0.00000e+00
 0.00000e+00
 0.00000e+00
 0.00000e+00
 0.00000e+00
 0.00000e+00
 0.00000e+00
 0.00000e+00
 0.00000e+00
 0.00000e+00
 0.00000e+00
 0.00000e+00
 0.00000e+00
 0.00000e+00
 0.00000e+00
 0.00000e+00
 0.00000e+00
 0.00000e+00
 0.00000e+00
 0.00000e+00
 0.00000e+00
 0.00000e+00
 0.00000e+00
 0.00000e+00
 0.00000e+00
 0.00000e+00
 0.00000e+00
 0.00000e+00
 0.00000e+00
 0.00000e+00
 0.00000e+00
 0.00000e+00
 0.00000e+00
 0.00000e+00
 0.00000e+00
 0.00000e+00
 0.00000e+00
 0.00000e+00
 0.00000e+00
 0.00000e+00
 0.00000e+00
 0.00000e+00
 0.00000e+00
 0.00000e+00
 0.00000e+00
 0.00000e+00
 0.00000e+00
 0.00000e+00
 0.00000e+00
 0.00000e+00
 0.00000e+00
 0.00000e+00
 0.00000e+00
 0.00000e+00
 0.00000e+00
 0.00000e+00
 0.00000e+00
 0.00000e+00
 0.00000e+00
 0.00000e+00
 0.00000e+00
 0.00000e+00
 0.00000e+00
 0.00000e+00
 0.00000e+00
 0.00000e+00
 0.00000e+00
 0.00000e+00
 0.00000e+00
 0.00000e+00
 0.00000e+00
 0.00000e+00
 0.00000e+00
 0.00000e+00
 0.00000e+00
 0.00000e+00
 0.00000e+00
 0.00000e+00
 0.00000e+00
 0.00000e+00
 0.00000e+00
 0.00000e+00
 0.00000e+00
 0.00000e+00
 0.00000e+00
 0.00000e+00
 0.00000e+00
 0.00000e+00
 0.00000e+00
 0.00000e+00
 0.00000e+00
 0.00000e+00
 0.00000e+00
 0.00000e+00
 0.00000e+00
 0.00000e+00
 0.00000e+00
 0.00000e+00
 0.00000e+00
 0.00000e+00
 0.00000e+00
 0.00000e+00
 0.00000e+00
 0.00000e+00
 0.00000e+00
 0.00000e+00
 0.00000e+00
 0.00000e+00
 0.00000e+00
 0.00000e+00
 0.00000e+00
 0.00000e+00
 0.00000e+00
 0.00000e+00
 0.00000e+00
 0.00000e+00
 0.00000e+00
 0.00000e+00
 0.00000e+00
 0.00000e+00
 0.00000e+00
 0.00000e+00
 0.00000e+00
 0.00000e+00
 0.00000e+00
 0.00000e+00
 0.00000e+00
 0.00000e+00
 0.00000e+00
 0.00000e+00
 0.00000e+00
 0.00000e+00
 0.00000e+00
 0.00000e+00
 0.00000e+00
 0.00000e+00
 0.00000e+00
 0.00000e+00
 0.00000e+00
 0.00000e+00
 0.00000e+00
 0.00000e+00
 0.00000e+00
 0.00000e+00
 0.00000e+00
 0.00000e+00
 0.00000e+00
 0.00000e+00
 0.00000e+00
 0.00000e+00
 0.00000e+00
 0.00000e+00
 0.00000e+00
 0.00000e+00
 0.00000e+00
 0.00000e+00
 0.00000e+00
 0.00000e+00
 0.00000e+00
 0.00000e+00
 0.00000e+00
 0.00000e+00
 0.00000e+00
 0.00000e+00
 0.00000e+00
 0.00000e+00
 0.00000e+00
 0.00000e+00
 0.00000e+00
 0.00000e+00
 0.00000e+00
 0.00000e+00
 0.00000e+00
 0.00000e+00
 0.00000e+00
 0.00000e+00
 0.00000e+00
 0.00000e+00
 0.00000e+00
 0.00000e+00
 0.00000e+00
 0.00000e+00
 0.00000e+00
 0.00000e+00
 0.00000e+00
 0.00000e+00
 0.00000e+00
 0.00000e+00
 0.00000e+00
 0.00000e+00
 0.00000e+00
 0.00000e+00
 0.00000e+00
 0.00000e+00
 0.00000e+00
 0.00000e+00
 0.00000e+00
 0.00000e+00
 0.00000e+00
 0.00000e+00
 0.00000e+00
 0.00000e+00
 0.00000e+00
 0.00000e+00
 0.00000e+00
 0.00000e+00
 0.00000e+00
 0.00000e+00
 0.00000e+00
 0.00000e+00
 0.00000e+00
 0.00000e+00
 0.00000e+00
 0.00000e+00
 0.00000e+00
 0.00000e+00
 0.00000e+00
 0.00000e+00
 0.00000e+00
 0.00000e+00
 0.00000e+00
 0.00000e+00
 0.00000e+00
 0.00000e+00
 0.00000e+00
 0.00000e+00
 0.00000e+00
 0.00000e+00
 0.00000e+00
 0.00000e+00
 0.00000e+00
 0.00000e+00
 0.00000e+00
 0.00000e+00
 0.00000e+00
 0.00000e+00
 0.00000e+00
 0.00000e+00
 0.00000e+00
 0.00000e+00
 0.00000e+00
 0.00000e+00
 0.00000e+00
 0.00000e+00
 0.00000e+00
 0.00000e+00
 0.00000e+00
 0.00000e+00
 0.00000e+00
 0.00000e+00
 0.00000e+00
 0.00000e+00
 0.00000e+00
 0.00000e+00
 0.00000e+00
 0.00000e+00
 0.00000e+00
 0.00000e+00
 0.00000e+00
 0.00000e+00
 0.00000e+00
 0.00000e+00
 0.00000e+00
 0.00000e+00
 0.00000e+00
 0.00000e+00
 0.00000e+00
 0.00000e+00
 0.00000e+00
 0.00000e+00
 0.00000e+00
 0.00000e+00
 0.00000e+00
 0.00000e+00
 0.00000e+00
 0.00000e+00
 0.00000e+00
 0.00000e+00
 0.00000e+00
 0.00000e+00
 0.00000e+00
 0.00000e+00
 0.00000e+00
 0.00000e+00
 0.00000e+00
 0.00000e+00
 0.00000e+00
 0.00000e+00
 0.00000e+00
 0.00000e+00
 0.00000e+00
 0.00000e+00
 0.00000e+00
 0.00000e+00
 0.00000e+00
 0.00000e+00
 0.00000e+00
 0.00000e+00
 0.00000e+00
 0.00000e+00
 0.00000e+00
 0.00000e+00
 0.00000e+00
 0.00000e+00
 0.00000e+00
 0.00000e+00
 0.00000e+00
 0.00000e+00
 0.00000e+00
 0.00000e+00
 0.00000e+00
 0.00000e+00
 0.00000e+00
 0.00000e+00
 0.00000e+00
 0.00000e+00
 0.00000e+00
 0.00000e+00
 0.00000e+00
 0.00000e+00
 0.00000e+00
 0.00000e+00
 0.00000e+00
 0.00000e+00
 0.00000e+00
 0.00000e+00
 0.00000e+00
 0.00000e+00
 0.00000e+00
 0.00000e+00
 0.00000e+00
 0.00000e+00
 0.00000e+00
 0.00000e+00
 0.00000e+00
 0.00000e+00
 0.00000e+00
 0.00000e+00
 0.00000e+00
 0.00000e+00
 0.00000e+00
 0.00000e+00
 0.00000e+00
 0.00000e+00
 0.00000e+00
 0.00000e+00
 0.00000e+00
 0.00000e+00
 0.00000e+00
 0.00000e+00
 0.00000e+00
 0.00000e+00
 0.00000e+00
 0.00000e+00
 0.00000e+00
 0.00000e+00
 0.00000e+00
 0.00000e+00
 0.00000e+00
 0.00000e+00
 0.00000e+00
 0.00000e+00
 0.00000e+00
 0.00000e+00
 0.00000e+00
 0.00000e+00
 0.00000e+00
 0.00000e+00
 0.00000e+00
 0.00000e+00
 0.00000e+00
 0.00000e+00
 0.00000e+00
 0.00000e+00
 0.00000e+00
 0.00000e+00
 0.00000e+00
 0.00000e+00
 0.00000e+00
 0.00000e+00
 0.00000e+00
 0.00000e+00
 0.00000e+00
 0.00000e+00
 0.00000e+00
 0.00000e+00
 0.00000e+00
 0.00000e+00
 0.00000e+00
 0.00000e+00
 0.00000e+00
 0.00000e+00
 0.00000e+00
 0.00000e+00
 0.00000e+00
 0.00000e+00
 0.00000e+00
 0.00000e+00
 0.00000e+00
 0.00000e+00
 0.00000e+00
 0.00000e+00
 0.00000e+00
 0.00000e+00
 0.00000e+00
 0.00000e+00
 0.00000e+00
 0.00000e+00
 0.00000e+00
 0.00000e+00
 0.00000e+00
 0.00000e+00
 0.00000e+00
 0.00000e+00
 0.00000e+00
 0.00000e+00
 0.00000e+00
 0.00000e+00
 0.00000e+00
 0.00000e+00
 0.00000e+00
 0.00000e+00
 0.00000e+00
 0.00000e+00
 0.00000e+00
 0.00000e+00
 0.00000e+00
 0.00000e+00
 0.00000e+00
 0.00000e+00
 0.00000e+00
 0.00000e+00
 0.00000e+00
 0.00000e+00
 0.00000e+00
 0.00000e+00
 0.00000e+00
 0.00000e+00
 0.00000e+00
 0.00000e+00
 0.00000e+00
 0.00000e+00
 0.00000e+00
 0.00000e+00
 0.00000e+00
 0.00000e+00
 0.00000e+00
 0.00000e+00
 0.00000e+00
 0.00000e+00
 0.00000e+00
 0.00000e+00
 0.00000e+00
 0.00000e+00
 0.00000e+00
 0.00000e+00
 0.00000e+00
 0.00000e+00
 0.00000e+00
 0.00000e+00
 0.00000e+00
 0.00000e+00
 0.00000e+00
 0.00000e+00
 0.00000e+00
 0.00000e+00
 0.00000e+00
 0.00000e+00
 0.00000e+00
 0.00000e+00
 0.00000e+00
 0.00000e+00
 0.00000e+00
 0.00000e+00
