Velocity
part
         1
coordinates
 0.00000e+00
 0.00000e+00
 0.00000e+00
 0.00000e+00
 0.00000e+00
 0.00000e+00
 0.00000e+00
 0.00000e+00
 0.00000e+00
 0.00000e+00
 0.00000e+00
 0.00000e+00
 0.00000e+00
 0.00000e+00
 0.00000e+00
 0.00000e+00
 0.00000e+00
 0.00000e+00
 0.00000e+00
 0.00000e+00
 0.00000e+00
 1.42700e-13
 3.55223e-12
 7.76071e-11
 1.58903e-09
 2.64918e-08
 2.38161e-07
 1.74994e-06
 1.13497e-05
 6.48088e-05
 3.21911e-04
 1.36929e-03
 4.89774e-03
 1.44764e-02
 3.50443e-02
 7.00968e-02
 1.19221e-01
 1.79346e-01
 2.47661e-01
 3.22822e-01
 4.04612e-01
 4.93398e-01
 5.89756e-01
 6.94006e-01
 8.04821e-01
 9.13765e-01
 9.83460e-01
 9.57958e-01
 9.34632e-01
 9.30872e-01
 9.28620e-01
 9.28230e-01
 9.27895e-01
 9.27623e-01
 9.27414e-01
 9.27262e-01
 9.27149e-01
 9.27045e-01
 9.26905e-01
 9.26667e-01
 9.26260e-01
 9.25603e-01
 9.24616e-01
 9.23233e-01
 9.21404e-01
 9.19071e-01
 9.16058e-01
 9.11765e-01
 9.04474e-01
 8.90090e-01
 8.60730e-01
 8.04888e-01
 7.10990e-01
 5.74113e-01
 4.04833e-01
 2.35185e-01
 1.07107e-01
 3.86710e-02
 1.20018e-02
 3.46174e-03
 9.63814e-04
 2.62330e-04
 7.00326e-05
 1.83480e-05
 4.71653e-06
 1.18900e-06
 2.93550e-07
 7.06165e-08
 1.61292e-08
 3.30770e-09
 6.63422e-10
 1.30869e-10
 2.54585e-11
 4.86113e-12
 9.02783e-13
 2.20018e-13
 0.00000e+00
 0.00000e+00
 0.00000e+00
 0.00000e+00
 0.00000e+00
 0.00000e+00
 0.00000e+00
 0.00000e+00
 0.00000e+00
 0.00000e+00
 0.00000e+00
 0.00000e+00
 0.00000e+00
 0.00000e+00
 0.00000e+00
 0.00000e+00
 0.00000e+00
 0.00000e+00
 0.00000e+00
 0.00000e+00
 0.00000e+00
 0.00000e+00
 0.00000e+00
 0.00000e+00
 0.00000e+00
 0.00000e+00
 1.43509e-13
 3.55854e-12
 7.77957e-11
 1.60376e-09
 2.65841e-08
 2.38180e-07
 1.74996e-06
 1.13497e-05
 6.48087e-05
 3.21911e-04
 1.36929e-03
 4.89774e-03
 1.44764e-02
 3.50443e-02
 7.00968e-02
 1.19221e-01
 1.79346e-01
 2.47661e-01
 3.22822e-01
 4.04612e-01
 4.93398e-01
 5.89756e-01
 6.94006e-01
 8.04821e-01
 9.13765e-01
 9.83460e-01
 9.57958e-01
 9.34632e-01
 9.30872e-01
 9.28620e-01
 9.28230e-01
 9.27895e-01
 9.27623e-01
 9.27414e-01
 9.27262e-01
 9.27149e-01
 9.27045e-01
 9.26905e-01
 9.26667e-01
 9.26260e-01
 9.25603e-01
 9.24616e-01
 9.23233e-01
 9.21404e-01
 9.19071e-01
 9.16058e-01
 9.11765e-01
 9.04474e-01
 8.90090e-01
 8.60730e-01
 8.04888e-01
 7.10990e-01
 5.74113e-01
 4.04833e-01
 2.35185e-01
 1.07107e-01
 3.86710e-02
 1.20018e-02
 3.46174e-03
 9.63814e-04
 2.62330e-04
 7.00326e-05
 1.83480e-05
 4.71653e-06
 1.18900e-06
 2.93550e-07
 7.06165e-08
 1.61292e-08
 3.30770e-09
 6.63424e-10
 1.30863e-10
 2.54636e-11
 4.87376e-12
 8.95298e-13
 2.24125e-13
 0.00000e+00
 0.00000e+00
 0.00000e+00
 0.00000e+00
 0.00000e+00
 0.00000e+00
 0.00000e+00
 0.00000e+00
 0.00000e+00
 0.00000e+00
 0.00000e+00
 0.00000e+00
 0.00000e+00
 0.00000e+00
 0.00000e+00
 0.00000e+00
 0.00000e+00
 0.00000e+00
 0.00000e+00
 0.00000e+00
 0.00000e+00
 0.00000e+00
 0.00000e+00
 0.00000e+00
 0.00000e+00
 0.00000e+00
 1.44172e-13
 3.56971e-12
 7.82202e-11
 1.62399e-09
 2.66976e-08
 2.38256e-07
 1.74997e-06
 1.13496e-05
 6.48087e-05
 3.21911e-04
 1.36929e-03
 4.89774e-03
 1.44764e-02
 3.50443e-02
 7.00968e-02
 1.19221e-01
 1.79346e-01
 2.47661e-01
 3.22822e-01
 4.04612e-01
 4.93398e-01
 5.89756e-01
 6.94006e-01
 8.04821e-01
 9.13765e-01
 9.83460e-01
 9.57958e-01
 9.34632e-01
 9.30872e-01
 9.28620e-01
 9.28230e-01
 9.27895e-01
 9.27623e-01
 9.27414e-01
 9.27262e-01
 9.27149e-01
 9.27045e-01
 9.26905e-01
 9.26667e-01
 9.26260e-01
 9.25603e-01
 9.24616e-01
 9.23233e-01
 9.21404e-01
 9.19071e-01
 9.16058e-01
 9.11765e-01
 9.04474e-01
 8.90090e-01
 8.60730e-01
 8.04888e-01
 7.10990e-01
 5.74113e-01
 4.04833e-01
 2.35185e-01
 1.07107e-01
 3.86710e-02
 1.20018e-02
 3.46174e-03
 9.63814e-04
 2.62330e-04
 7.00326e-05
 1.83480e-05
 4.71653e-06
 1.18900e-06
 2.93550e-07
 7.06165e-08
 1.61292e-08
 3.30770e-09
 6.63414e-10
 1.30867e-10
 2.54583e-11
 4.88509e-12
 8.83170e-13
 2.30174e-13
 0.00000e+00
 0.00000e+00
 0.00000e+00
 0.00000e+00
 0.00000e+00
 0.00000e+00
 0.00000e+00
 0.00000e+00
 0.00000e+00
 0.00000e+00
 0.00000e+00
 0.00000e+00
 0.00000e+00
 0.00000e+00
 0.00000e+00
 0.00000e+00
 0.00000e+00
 0.00000e+00
 0.00000e+00
 0.00000e+00
 0.00000e+00
 0.00000e+00
 0.00000e+00
 0.00000e+00
 0.00000e+00
 0.00000e+00
 1.44202e-13
 3.58062e-12
 7.86022e-11
 1.63107e-09
 2.67289e-08
 2.38309e-07
 1.74997e-06
 1.13496e-05
 6.48087e-05
 3.21911e-04
 1.36929e-03
 4.89774e-03
 1.44764e-02
 3.50443e-02
 7.00968e-02
 1.19221e-01
 1.79346e-01
 2.47661e-01
 3.22822e-01
 4.04612e-01
 4.93398e-01
 5.89756e-01
 6.94006e-01
 8.04821e-01
 9.13765e-01
 9.83460e-01
 9.57958e-01
 9.34632e-01
 9.30872e-01
 9.28620e-01
 9.28230e-01
 9.27895e-01
 9.27623e-01
 9.27414e-01
 9.27262e-01
 9.27149e-01
 9.27045e-01
 9.26905e-01
 9.26667e-01
 9.26260e-01
 9.25603e-01
 9.24616e-01
 9.23233e-01
 9.21404e-01
 9.19071e-01
 9.16058e-01
 9.11765e-01
 9.04474e-01
 8.90090e-01
 8.60730e-01
 8.04888e-01
 7.10990e-01
 5.74113e-01
 4.04833e-01
 2.35185e-01
 1.07107e-01
 3.86710e-02
 1.20018e-02
 3.46174e-03
 9.63814e-04
 2.62330e-04
 7.00326e-05
 1.83480e-05
 4.71653e-06
 1.18900e-06
 2.93550e-07
 7.06165e-08
 1.61292e-08
 3.30770e-09
 6.63412e-10
 1.30858e-10
 2.54642e-11
 4.88494e-12
 8.76350e-13
 2.34642e-13
 0.00000e+00
 0.00000e+00
 0.00000e+00
 0.00000e+00
 0.00000e+00
 0.00000e+00
 0.00000e+00
 0.00000e+00
 0.00000e+00
 0.00000e+00
 0.00000e+00
 0.00000e+00
 0.00000e+00
 0.00000e+00
 0.00000e+00
 0.00000e+00
 0.00000e+00
 0.00000e+00
 0.00000e+00
 0.00000e+00
 0.00000e+00
 0.00000e+00
 0.00000e+00
 0.00000e+00
 0.00000e+00
 0.00000e+00
 1.43753e-13
 3.59151e-12
 7.87982e-11
 1.63313e-09
 2.67394e-08
 2.38308e-07
 1.75000e-06
 1.13497e-05
 6.48087e-05
 3.21911e-04
 1.36929e-03
 4.89774e-03
 1.44764e-02
 3.50443e-02
 7.00968e-02
 1.19221e-01
 1.79346e-01
 2.47661e-01
 3.22822e-01
 4.04612e-01
 4.93398e-01
 5.89756e-01
 6.94006e-01
 8.04821e-01
 9.13765e-01
 9.83460e-01
 9.57958e-01
 9.34632e-01
 9.30872e-01
 9.28620e-01
 9.28230e-01
 9.27895e-01
 9.27623e-01
 9.27414e-01
 9.27262e-01
 9.27149e-01
 9.27045e-01
 9.26905e-01
 9.26667e-01
 9.26260e-01
 9.25603e-01
 9.24616e-01
 9.23233e-01
 9.21404e-01
 9.19071e-01
 9.16058e-01
 9.11765e-01
 9.04474e-01
 8.90090e-01
 8.60730e-01
 8.04888e-01
 7.10990e-01
 5.74113e-01
 4.04833e-01
 2.35185e-01
 1.07107e-01
 3.86710e-02
 1.20018e-02
 3.46174e-03
 9.63814e-04
 2.62330e-04
 7.00326e-05
 1.83480e-05
 4.71653e-06
 1.18900e-06
 2.93550e-07
 7.06165e-08
 1.61292e-08
 3.30770e-09
 6.63416e-10
 1.30858e-10
 2.54656e-11
 4.88022e-12
 8.79153e-13
 2.32331e-13
 0.00000e+00
 0.00000e+00
 0.00000e+00
 0.00000e+00
 0.00000e+00
 0.00000e+00
 0.00000e+00
 0.00000e+00
 0.00000e+00
 0.00000e+00
 0.00000e+00
 0.00000e+00
 0.00000e+00
 0.00000e+00
 0.00000e+00
 0.00000e+00
 0.00000e+00
 0.00000e+00
 0.00000e+00
 0.00000e+00
 0.00000e+00
 0.00000e+00
 0.00000e+00
 0.00000e+00
 0.00000e+00
 0.00000e+00
 1.43127e-13
 3.59634e-12
 7.88480e-11
 1.63361e-09
 2.67397e-08
 2.38312e-07
 1.75000e-06
 1.13497e-05
 6.48087e-05
 3.21911e-04
 1.36929e-03
 4.89774e-03
 1.44764e-02
 3.50443e-02
 7.00968e-02
 1.19221e-01
 1.79346e-01
 2.47661e-01
 3.22822e-01
 4.04612e-01
 4.93398e-01
 5.89756e-01
 6.94006e-01
 8.04821e-01
 9.13765e-01
 9.83460e-01
 9.57958e-01
 9.34632e-01
 9.30872e-01
 9.28620e-01
 9.28230e-01
 9.27895e-01
 9.27623e-01
 9.27414e-01
 9.27262e-01
 9.27149e-01
 9.27045e-01
 9.26905e-01
 9.26667e-01
 9.26260e-01
 9.25603e-01
 9.24616e-01
 9.23233e-01
 9.21404e-01
 9.19071e-01
 9.16058e-01
 9.11765e-01
 9.04474e-01
 8.90090e-01
 8.60730e-01
 8.04888e-01
 7.10990e-01
 5.74113e-01
 4.04833e-01
 2.35185e-01
 1.07107e-01
 3.86710e-02
 1.20018e-02
 3.46174e-03
 9.63814e-04
 2.62330e-04
 7.00326e-05
 1.83480e-05
 4.71653e-06
 1.18900e-06
 2.93550e-07
 7.06165e-08
 1.61292e-08
 3.30770e-09
 6.63409e-10
 1.30878e-10
 2.54508e-11
 4.87434e-12
 8.84133e-13
 2.27493e-13
 0.00000e+00
 0.00000e+00
 0.00000e+00
 0.00000e+00
 0.00000e+00
 0.00000e+00
 0.00000e+00
 0.00000e+00
 0.00000e+00
 0.00000e+00
 0.00000e+00
 0.00000e+00
 0.00000e+00
 0.00000e+00
 0.00000e+00
 0.00000e+00
 0.00000e+00
 0.00000e+00
 0.00000e+00
 0.00000e+00
 0.00000e+00
 0.00000e+00
 0.00000e+00
 0.00000e+00
 0.00000e+00
 0.00000e+00
 0.00000e+00
 0.00000e+00
 0.00000e+00
 0.00000e+00
 0.00000e+00
 0.00000e+00
 0.00000e+00
 0.00000e+00
 0.00000e+00
 0.00000e+00
 0.00000e+00
 0.00000e+00
 0.00000e+00
 0.00000e+00
 0.00000e+00
 0.00000e+00
 0.00000e+00
 0.00000e+00
 0.00000e+00
 0.00000e+00
 0.00000e+00
 0.00000e+00
 0.00000e+00
 0.00000e+00
 0.00000e+00
 0.00000e+00
 0.00000e+00
 0.00000e+00
 0.00000e+00
 0.00000e+00
 0.00000e+00
 0.00000e+00
 0.00000e+00
 0.00000e+00
 0.00000e+00
 0.00000e+00
 0.00000e+00
 0.00000e+00
 0.00000e+00
 0.00000e+00
 0.00000e+00
 0.00000e+00
 0.00000e+00
 0.00000e+00
 0.00000e+00
 0.00000e+00
 0.00000e+00
 0.00000e+00
 0.00000e+00
 0.00000e+00
 0.00000e+00
 0.00000e+00
 0.00000e+00
 0.00000e+00
 0.00000e+00
 0.00000e+00
 0.00000e+00
 0.00000e+00
 0.00000e+00
 0.00000e+00
 0.00000e+00
 0.00000e+00
 0.00000e+00
 0.00000e+00
 0.00000e+00
 0.00000e+00
 0.00000e+00
 0.00000e+00
 0.00000e+00
 0.00000e+00
 0.00000e+00
 0.00000e+00
 0.00000e+00
 0.00000e+00
 0.00000e+00
 0.00000e+00
 0.00000e+00
 0.00000e+00
 0.00000e+00
 0.00000e+00
 0.00000e+00
 0.00000e+00
-5.72590e-16
 0.00000e+00
 0.00000e+00
 0.00000e+00
 0.00000e+00
 0.00000e+00
 0.00000e+00
 0.00000e+00
 0.00000e+00
 0.00000e+00
 0.00000e+00
 0.00000e+00
 0.00000e+00
 0.00000e+00
 0.00000e+00
 0.00000e+00
 0.00000e+00
 0.00000e+00
 0.00000e+00
 4.03323e-16
 3.96991e-15
 1.01462e-13
 7.56134e-12
 6.10689e-11
 1.16656e-10
 1.35122e-10
 1.12418e-10
 4.58107e-11
-1.36952e-11
-4.89408e-11
-5.67600e-11
-3.95055e-11
-8.90522e-12
 1.68466e-11
 2.50743e-11
 2.17826e-11
 8.89231e-12
 2.54453e-12
-9.94848e-12
-2.96017e-12
-7.41419e-12
-5.79284e-12
-6.48820e-12
-6.24516e-12
 1.00488e-11
 4.31661e-12
 1.62346e-12
-7.68606e-13
 1.07076e-15
 4.11668e-13
 4.00757e-13
 4.51981e-13
 5.28674e-13
 5.81067e-13
 6.16840e-13
 6.54785e-13
 6.78559e-13
 6.93468e-13
 6.95328e-13
 6.85953e-13
 6.61173e-13
 6.30309e-13
 5.91765e-13
 5.37344e-13
 4.83670e-13
 4.27012e-13
 3.64447e-13
 3.15294e-13
 2.73434e-13
 2.08457e-13
 1.48675e-13
 9.67893e-14
 5.07571e-14
 2.44852e-14
 8.43466e-15
 2.36833e-15
-1.31102e-15
-8.50925e-15
-9.14503e-15
-1.01300e-14
-1.18119e-14
-1.06473e-14
-1.45131e-14
-1.67769e-14
-1.75970e-14
-1.37811e-14
-1.10983e-14
-1.16127e-14
-9.58608e-15
-1.15077e-14
-1.18070e-14
-3.45050e-15
-9.06091e-16
-2.05305e-15
 0.00000e+00
 0.00000e+00
 0.00000e+00
 0.00000e+00
 0.00000e+00
 0.00000e+00
 0.00000e+00
-5.72590e-16
 0.00000e+00
 0.00000e+00
 0.00000e+00
 0.00000e+00
 0.00000e+00
 0.00000e+00
 0.00000e+00
 0.00000e+00
 0.00000e+00
 0.00000e+00
 0.00000e+00
 0.00000e+00
 0.00000e+00
 0.00000e+00
 0.00000e+00
 0.00000e+00
 0.00000e+00
 0.00000e+00
-7.15573e-17
 2.27422e-15
 1.22586e-13
 2.99004e-12
 1.63557e-11
 5.54966e-11
 7.61179e-11
 7.40772e-11
 8.07799e-11
 7.22516e-11
 5.38009e-11
 2.61345e-11
-9.79601e-12
-3.22004e-11
-3.85996e-11
-3.41344e-11
-1.96502e-11
-5.49727e-12
 9.31695e-12
 1.45437e-11
 1.71474e-11
 1.30345e-11
 5.21142e-12
 5.77687e-12
 7.26160e-12
 6.54248e-12
 7.69788e-13
-3.55157e-13
-5.87008e-13
 2.28661e-13
 3.76993e-13
 6.11151e-13
 7.58049e-13
 8.60589e-13
 9.38807e-13
 1.01312e-12
 1.07441e-12
 1.11949e-12
 1.13482e-12
 1.10628e-12
 1.08266e-12
 1.06330e-12
 1.01340e-12
 9.45770e-13
 8.79821e-13
 7.88771e-13
 6.94295e-13
 6.07088e-13
 5.12625e-13
 4.17086e-13
 3.29574e-13
 2.58731e-13
 1.58048e-13
 7.75014e-14
 5.47236e-14
 3.57739e-14
 1.70619e-14
 1.50127e-14
 2.36946e-14
 2.07703e-14
 1.77431e-14
 2.23405e-14
 2.23103e-14
 2.07525e-14
 1.61273e-14
 1.82510e-14
 1.70085e-14
 1.40860e-14
 1.68220e-14
 1.00744e-14
 9.21051e-15
 9.13419e-15
 2.77326e-15
-1.93119e-16
-9.80986e-16
 0.00000e+00
 0.00000e+00
 0.00000e+00
 0.00000e+00
 0.00000e+00
 0.00000e+00
 0.00000e+00
-5.72590e-16
 0.00000e+00
 0.00000e+00
 0.00000e+00
 0.00000e+00
 0.00000e+00
 0.00000e+00
 0.00000e+00
 0.00000e+00
 0.00000e+00
 0.00000e+00
 0.00000e+00
 0.00000e+00
 0.00000e+00
 0.00000e+00
 0.00000e+00
 0.00000e+00
 0.00000e+00
 0.00000e+00
 8.28330e-17
 3.20056e-15
 7.93792e-14
 9.44790e-13
 6.77852e-12
 9.67688e-12
 1.87374e-11
 3.36181e-11
 4.34852e-11
 5.27437e-11
 5.22941e-11
 4.99414e-11
 4.03452e-11
 1.99994e-11
 4.08640e-12
-9.31896e-12
-2.34543e-11
-2.57549e-11
-2.80553e-11
-2.60943e-11
-2.08580e-11
-1.40603e-11
-5.40324e-12
-2.61625e-12
-3.37755e-13
-1.42692e-12
-2.19821e-12
-1.18586e-12
-1.28361e-12
 4.15191e-14
 7.09115e-13
 7.14899e-13
 7.92365e-13
 8.89140e-13
 9.68997e-13
 1.03572e-12
 1.09465e-12
 1.12705e-12
 1.14149e-12
 1.14644e-12
 1.10638e-12
 1.02639e-12
 9.79292e-13
 9.32341e-13
 8.44998e-13
 7.72595e-13
 6.97166e-13
 6.12930e-13
 5.32831e-13
 4.44218e-13
 3.50987e-13
 2.53256e-13
 1.64660e-13
 8.42312e-14
 3.75745e-14
 2.14455e-15
-1.79557e-14
-1.87233e-14
-2.32848e-14
-2.10921e-14
-1.81098e-14
-2.60301e-14
-2.75504e-14
-2.18315e-14
-1.59564e-14
-1.47738e-14
-1.79800e-14
-1.64747e-14
-1.11790e-14
-3.22572e-15
-7.94330e-15
-9.63249e-15
-1.42000e-15
-1.95863e-15
-1.25594e-15
 0.00000e+00
 0.00000e+00
 0.00000e+00
 0.00000e+00
 0.00000e+00
 0.00000e+00
 0.00000e+00
-5.72590e-16
 0.00000e+00
 0.00000e+00
 0.00000e+00
 0.00000e+00
 0.00000e+00
 0.00000e+00
 0.00000e+00
 0.00000e+00
 0.00000e+00
 0.00000e+00
 0.00000e+00
 0.00000e+00
 0.00000e+00
 0.00000e+00
 0.00000e+00
 0.00000e+00
 0.00000e+00
 0.00000e+00
-3.13551e-16
 1.78720e-15
 2.90805e-14
 2.91200e-13
 7.06175e-13
 2.78326e-12
 5.75288e-12
 1.03089e-11
 1.50840e-11
 2.15515e-11
 2.77937e-11
 2.89652e-11
 2.96511e-11
 2.85402e-11
 2.06084e-11
 1.00108e-11
 5.88688e-12
-6.21800e-12
-1.72041e-11
-2.19613e-11
-2.73689e-11
-2.46471e-11
-2.55485e-11
-2.48623e-11
-2.12502e-11
-1.20836e-11
-4.50480e-12
-3.64033e-12
-9.81902e-14
 1.19472e-13
 3.00457e-13
 4.24093e-13
 4.94108e-13
 5.48978e-13
 6.07929e-13
 6.60468e-13
 6.84267e-13
 7.06919e-13
 7.20262e-13
 7.01677e-13
 6.80868e-13
 6.62605e-13
 6.20200e-13
 5.62579e-13
 5.16364e-13
 4.63805e-13
 4.07920e-13
 3.61858e-13
 3.14802e-13
 2.74261e-13
 2.32206e-13
 1.48613e-13
 8.72553e-14
 7.58165e-14
 4.42979e-14
 1.63914e-14
 1.07822e-14
 4.84031e-15
 4.29648e-15
 5.00598e-15
 8.91288e-15
 1.37267e-14
 1.54694e-14
 1.94384e-14
 1.70653e-14
 1.28018e-14
 1.72405e-14
 1.54425e-14
 9.85843e-15
 4.14339e-15
 1.07089e-14
 1.31913e-14
 2.28667e-15
 1.81179e-15
 2.41907e-15
 0.00000e+00
 0.00000e+00
 0.00000e+00
 0.00000e+00
 0.00000e+00
 0.00000e+00
 0.00000e+00
 0.00000e+00
 0.00000e+00
 0.00000e+00
 0.00000e+00
 0.00000e+00
 0.00000e+00
 0.00000e+00
 0.00000e+00
 0.00000e+00
 0.00000e+00
 0.00000e+00
 0.00000e+00
 0.00000e+00
 0.00000e+00
 0.00000e+00
 0.00000e+00
 0.00000e+00
 0.00000e+00
 0.00000e+00
 0.00000e+00
 0.00000e+00
 0.00000e+00
 0.00000e+00
 0.00000e+00
 0.00000e+00
 0.00000e+00
 0.00000e+00
 0.00000e+00
 0.00000e+00
 0.00000e+00
 0.00000e+00
 0.00000e+00
 0.00000e+00
 0.00000e+00
 0.00000e+00
 0.00000e+00
 0.00000e+00
 0.00000e+00
 0.00000e+00
 0.00000e+00
 0.00000e+00
 0.00000e+00
 0.00000e+00
 0.00000e+00
 0.00000e+00
 0.00000e+00
 0.00000e+00
 0.00000e+00
 0.00000e+00
 0.00000e+00
 0.00000e+00
 0.00000e+00
 0.00000e+00
 0.00000e+00
 0.00000e+00
 0.00000e+00
 0.00000e+00
 0.00000e+00
 0.00000e+00
 0.00000e+00
 0.00000e+00
 0.00000e+00
 0.00000e+00
 0.00000e+00
 0.00000e+00
 0.00000e+00
 0.00000e+00
 0.00000e+00
 0.00000e+00
 0.00000e+00
 0.00000e+00
 0.00000e+00
 0.00000e+00
 0.00000e+00
 0.00000e+00
 0.00000e+00
 0.00000e+00
 0.00000e+00
 0.00000e+00
 0.00000e+00
 0.00000e+00
 0.00000e+00
 0.00000e+00
 0.00000e+00
 0.00000e+00
 0.00000e+00
 0.00000e+00
 0.00000e+00
 0.00000e+00
 0.00000e+00
 0.00000e+00
 0.00000e+00
 0.00000e+00
 0.00000e+00
 0.00000e+00
 0.00000e+00
 0.00000e+00
 0.00000e+00
 0.00000e+00
 0.00000e+00
 0.00000e+00
 0.00000e+00
 0.00000e+00
 0.00000e+00
 0.00000e+00
 0.00000e+00
 0.00000e+00
 0.00000e+00
 0.00000e+00
 0.00000e+00
 0.00000e+00
 0.00000e+00
 0.00000e+00
 0.00000e+00
 0.00000e+00
 0.00000e+00
 0.00000e+00
 0.00000e+00
 0.00000e+00
 0.00000e+00
 0.00000e+00
 0.00000e+00
 0.00000e+00
 0.00000e+00
 0.00000e+00
 0.00000e+00
 0.00000e+00
 0.00000e+00
 0.00000e+00
 0.00000e+00
 0.00000e+00
 0.00000e+00
 0.00000e+00
 0.00000e+00
 0.00000e+00
 0.00000e+00
 0.00000e+00
 0.00000e+00
 0.00000e+00
 0.00000e+00
 0.00000e+00
 0.00000e+00
 0.00000e+00
 0.00000e+00
 0.00000e+00
 0.00000e+00
 0.00000e+00
 0.00000e+00
 0.00000e+00
 0.00000e+00
 0.00000e+00
 0.00000e+00
 0.00000e+00
 0.00000e+00
 0.00000e+00
 0.00000e+00
 0.00000e+00
 0.00000e+00
 0.00000e+00
 0.00000e+00
 0.00000e+00
 0.00000e+00
 0.00000e+00
 0.00000e+00
 0.00000e+00
 0.00000e+00
 0.00000e+00
 0.00000e+00
 0.00000e+00
 0.00000e+00
 0.00000e+00
 0.00000e+00
 0.00000e+00
 0.00000e+00
 0.00000e+00
 0.00000e+00
 0.00000e+00
 0.00000e+00
 0.00000e+00
 0.00000e+00
 0.00000e+00
 0.00000e+00
 0.00000e+00
 0.00000e+00
 0.00000e+00
 0.00000e+00
 0.00000e+00
 0.00000e+00
 0.00000e+00
 0.00000e+00
 0.00000e+00
 0.00000e+00
 0.00000e+00
 0.00000e+00
 0.00000e+00
 0.00000e+00
 0.00000e+00
 0.00000e+00
 0.00000e+00
 0.00000e+00
 0.00000e+00
 0.00000e+00
 0.00000e+00
 0.00000e+00
 0.00000e+00
 0.00000e+00
 0.00000e+00
 0.00000e+00
 0.00000e+00
 0.00000e+00
 0.00000e+00
 0.00000e+00
 0.00000e+00
 0.00000e+00
 0.00000e+00
 0.00000e+00
 0.00000e+00
 0.00000e+00
 0.00000e+00
 0.00000e+00
 0.00000e+00
 0.00000e+00
 0.00000e+00
 0.00000e+00
 0.00000e+00
 0.00000e+00
 0.00000e+00
 0.00000e+00
 0.00000e+00
 0.00000e+00
 0.00000e+00
 0.00000e+00
 0.00000e+00
 0.00000e+00
 0.00000e+00
 0.00000e+00
 0.00000e+00
 0.00000e+00
 0.00000e+00
 0.00000e+00
 0.00000e+00
 0.00000e+00
 0.00000e+00
 0.00000e+00
 0.00000e+00
 0.00000e+00
 0.00000e+00
 0.00000e+00
 0.00000e+00
 0.00000e+00
 0.00000e+00
 0.00000e+00
 0.00000e+00
 0.00000e+00
 0.00000e+00
 0.00000e+00
 0.00000e+00
 0.00000e+00
 0.00000e+00
 0.00000e+00
 0.00000e+00
 0.00000e+00
 0.00000e+00
 0.00000e+00
 0.00000e+00
 0.00000e+00
 0.00000e+00
 0.00000e+00
 0.00000e+00
 0.00000e+00
 0.00000e+00
 0.00000e+00
 0.00000e+00
 0.00000e+00
 0.00000e+00
 0.00000e+00
 0.00000e+00
 0.00000e+00
 0.00000e+00
 0.00000e+00
 0.00000e+00
 0.00000e+00
 0.00000e+00
 0.00000e+00
 0.00000e+00
 0.00000e+00
 0.00000e+00
 0.00000e+00
 0.00000e+00
 0.00000e+00
 0.00000e+00
 0.00000e+00
 0.00000e+00
 0.00000e+00
 0.00000e+00
 0.00000e+00
 0.00000e+00
 0.00000e+00
 0.00000e+00
 0.00000e+00
 0.00000e+00
 0.00000e+00
 0.00000e+00
 0.00000e+00
 0.00000e+00
 0.00000e+00
 0.00000e+00
 0.00000e+00
 0.00000e+00
 0.00000e+00
 0.00000e+00
 0.00000e+00
 0.00000e+00
 0.00000e+00
 0.00000e+00
 0.00000e+00
 0.00000e+00
 0.00000e+00
 0.00000e+00
 0.00000e+00
 0.00000e+00
 0.00000e+00
 0.00000e+00
 0.00000e+00
 0.00000e+00
 0.00000e+00
 0.00000e+00
 0.00000e+00
 0.00000e+00
 0.00000e+00
 0.00000e+00
 0.00000e+00
 0.00000e+00
 0.00000e+00
 0.00000e+00
 0.00000e+00
 0.00000e+00
 0.00000e+00
 0.00000e+00
 0.00000e+00
 0.00000e+00
 0.00000e+00
 0.00000e+00
 0.00000e+00
 0.00000e+00
 0.00000e+00
 0.00000e+00
 0.00000e+00
 0.00000e+00
 0.00000e+00
 0.00000e+00
 0.00000e+00
 0.00000e+00
 0.00000e+00
 0.00000e+00
 0.00000e+00
 0.00000e+00
 0.00000e+00
 0.00000e+00
 0.00000e+00
 0.00000e+00
 0.00000e+00
 0.00000e+00
 0.00000e+00
 0.00000e+00
 0.00000e+00
 0.00000e+00
 0.00000e+00
 0.00000e+00
 0.00000e+00
 0.00000e+00
 0.00000e+00
 0.00000e+00
 0.00000e+00
 0.00000e+00
 0.00000e+00
 0.00000e+00
 0.00000e+00
 0.00000e+00
 0.00000e+00
 0.00000e+00
 0.00000e+00
 0.00000e+00
 0.00000e+00
 0.00000e+00
 0.00000e+00
 0.00000e+00
 0.00000e+00
 0.00000e+00
 0.00000e+00
 0.00000e+00
 0.00000e+00
 0.00000e+00
 0.00000e+00
 0.00000e+00
 0.00000e+00
 0.00000e+00
 0.00000e+00
 0.00000e+00
 0.00000e+00
 0.00000e+00
 0.00000e+00
 0.00000e+00
 0.00000e+00
 0.00000e+00
 0.00000e+00
 0.00000e+00
 0.00000e+00
 0.00000e+00
 0.00000e+00
 0.00000e+00
 0.00000e+00
 0.00000e+00
 0.00000e+00
 0.00000e+00
 0.00000e+00
 0.00000e+00
 0.00000e+00
 0.00000e+00
 0.00000e+00
 0.00000e+00
 0.00000e+00
 0.00000e+00
 0.00000e+00
 0.00000e+00
 0.00000e+00
 0.00000e+00
 0.00000e+00
 0.00000e+00
 0.00000e+00
 0.00000e+00
 0.00000e+00
 0.00000e+00
 0.00000e+00
 0.00000e+00
 0.00000e+00
 0.00000e+00
 0.00000e+00
 0.00000e+00
 0.00000e+00
 0.00000e+00
 0.00000e+00
 0.00000e+00
 0.00000e+00
 0.00000e+00
 0.00000e+00
 0.00000e+00
 0.00000e+00
 0.00000e+00
 0.00000e+00
 0.00000e+00
 0.00000e+00
 0.00000e+00
 0.00000e+00
 0.00000e+00
 0.00000e+00
 0.00000e+00
 0.00000e+00
 0.00000e+00
 0.00000e+00
 0.00000e+00
 0.00000e+00
 0.00000e+00
 0.00000e+00
 0.00000e+00
 0.00000e+00
 0.00000e+00
 0.00000e+00
 0.00000e+00
 0.00000e+00
 0.00000e+00
 0.00000e+00
 0.00000e+00
 0.00000e+00
 0.00000e+00
 0.00000e+00
 0.00000e+00
 0.00000e+00
 0.00000e+00
 0.00000e+00
 0.00000e+00
 0.00000e+00
 0.00000e+00
 0.00000e+00
 0.00000e+00
 0.00000e+00
 0.00000e+00
 0.00000e+00
 0.00000e+00
 0.00000e+00
 0.00000e+00
 0.00000e+00
 0.00000e+00
 0.00000e+00
 0.00000e+00
 0.00000e+00
 0.00000e+00
 0.00000e+00
 0.00000e+00
 0.00000e+00
 0.00000e+00
 0.00000e+00
 0.00000e+00
 0.00000e+00
 0.00000e+00
 0.00000e+00
 0.00000e+00
 0.00000e+00
 0.00000e+00
 0.00000e+00
 0.00000e+00
 0.00000e+00
 0.00000e+00
 0.00000e+00
 0.00000e+00
 0.00000e+00
 0.00000e+00
 0.00000e+00
 0.00000e+00
 0.00000e+00
 0.00000e+00
 0.00000e+00
 0.00000e+00
 0.00000e+00
 0.00000e+00
 0.00000e+00
 0.00000e+00
 0.00000e+00
 0.00000e+00
 0.00000e+00
 0.00000e+00
 0.00000e+00
 0.00000e+00
 0.00000e+00
 0.00000e+00
 0.00000e+00
 0.00000e+00
 0.00000e+00
 0.00000e+00
 0.00000e+00
 0.00000e+00
 0.00000e+00
 0.00000e+00
 0.00000e+00
 0.00000e+00
 0.00000e+00
 0.00000e+00
 0.00000e+00
 0.00000e+00
 0.00000e+00
 0.00000e+00
 0.00000e+00
 0.00000e+00
 0.00000e+00
 0.00000e+00
 0.00000e+00
 0.00000e+00
 0.00000e+00
 0.00000e+00
 0.00000e+00
 0.00000e+00
 0.00000e+00
 0.00000e+00
 0.00000e+00
 0.00000e+00
 0.00000e+00
 0.00000e+00
 0.00000e+00
 0.00000e+00
 0.00000e+00
 0.00000e+00
 0.00000e+00
 0.00000e+00
 0.00000e+00
 0.00000e+00
 0.00000e+00
 0.00000e+00
 0.00000e+00
 0.00000e+00
 0.00000e+00
 0.00000e+00
 0.00000e+00
 0.00000e+00
 0.00000e+00
 0.00000e+00
 0.00000e+00
 0.00000e+00
 0.00000e+00
 0.00000e+00
 0.00000e+00
 0.00000e+00
 0.00000e+00
 0.00000e+00
 0.00000e+00
 0.00000e+00
 0.00000e+00
 0.00000e+00
 0.00000e+00
 0.00000e+00
 0.00000e+00
 0.00000e+00
 0.00000e+00
 0.00000e+00
 0.00000e+00
 0.00000e+00
 0.00000e+00
 0.00000e+00
 0.00000e+00
 0.00000e+00
 0.00000e+00
 0.00000e+00
 0.00000e+00
 0.00000e+00
 0.00000e+00
 0.00000e+00
 0.00000e+00
 0.00000e+00
 0.00000e+00
 0.00000e+00
 0.00000e+00
 0.00000e+00
 0.00000e+00
 0.00000e+00
 0.00000e+00
 0.00000e+00
 0.00000e+00
 0.00000e+00
 0.00000e+00
 0.00000e+00
 0.00000e+00
 0.00000e+00
 0.00000e+00
 0.00000e+00
 0.00000e+00
 0.00000e+00
 0.00000e+00
 0.00000e+00
 0.00000e+00
 0.00000e+00
 0.00000e+00
 0.00000e+00
 0.00000e+00
 0.00000e+00
 0.00000e+00
 0.00000e+00
 0.00000e+00
 0.00000e+00
 0.00000e+00
 0.00000e+00
 0.00000e+00
 0.00000e+00
 0.00000e+00
 0.00000e+00
 0.00000e+00
 0.00000e+00
 0.00000e+00
 0.00000e+00
 0.00000e+00
 0.00000e+00
 0.00000e+00
 0.00000e+00
 0.00000e+00
 0.00000e+00
 0.00000e+00
 0.00000e+00
 0.00000e+00
 0.00000e+00
 0.00000e+00
 0.00000e+00
 0.00000e+00
 0.00000e+00
 0.00000e+00
 0.00000e+00
 0.00000e+00
 0.00000e+00
 0.00000e+00
 0.00000e+00
 0.00000e+00
 0.00000e+00
 0.00000e+00
 0.00000e+00
 0.00000e+00
 0.00000e+00
 0.00000e+00
 0.00000e+00
 0.00000e+00
 0.00000e+00
 0.00000e+00
 0.00000e+00
 0.00000e+00
 0.00000e+00
 0.00000e+00
 0.00000e+00
 0.00000e+00
 0.00000e+00
 0.00000e+00
 0.00000e+00
 0.00000e+00
 0.00000e+00
 0.00000e+00
 0.00000e+00
 0.00000e+00
 0.00000e+00
 0.00000e+00
 0.00000e+00
