Velocity
part
         1
coordinates
 0.00000e+00
 0.00000e+00
 0.00000e+00
 0.00000e+00
 0.00000e+00
 0.00000e+00
 0.00000e+00
 0.00000e+00
 0.00000e+00
 0.00000e+00
 0.00000e+00
 0.00000e+00
 0.00000e+00
 0.00000e+00
 0.00000e+00
 8.84709e-17
 1.59513e-13
 3.34398e-12
 6.35460e-11
 1.15293e-09
 1.83039e-08
 1.53716e-07
 1.00740e-06
 5.87308e-06
 3.07030e-05
 1.42823e-04
 5.84541e-04
 2.07648e-03
 6.30897e-03
 1.61977e-02
 3.50267e-02
 6.45153e-02
 1.03797e-01
 1.50570e-01
 2.02819e-01
 2.59458e-01
 3.20126e-01
 3.84858e-01
 4.53898e-01
 5.27593e-01
 6.06313e-01
 6.90272e-01
 7.78986e-01
 8.69477e-01
 9.49650e-01
 9.78270e-01
 9.50633e-01
 9.34443e-01
 9.30290e-01
 9.28684e-01
 9.27604e-01
 9.27447e-01
 9.27295e-01
 9.27147e-01
 9.27002e-01
 9.26859e-01
 9.26720e-01
 9.26586e-01
 9.26459e-01
 9.26343e-01
 9.26238e-01
 9.26148e-01
 9.26070e-01
 9.25999e-01
 9.25924e-01
 9.25826e-01
 9.25675e-01
 9.25436e-01
 9.25060e-01
 9.24489e-01
 9.23636e-01
 9.22348e-01
 9.20293e-01
 9.16683e-01
 9.09681e-01
 8.95314e-01
 8.66214e-01
 8.11622e-01
 7.20395e-01
 5.87170e-01
 4.20840e-01
 2.50936e-01
 1.18486e-01
 4.45437e-02
 1.43825e-02
 4.32052e-03
 1.25847e-03
 3.60542e-04
 1.01965e-04
 2.84747e-05
 7.84739e-06
 2.13248e-06
 5.70691e-07
 1.49954e-07
 3.82505e-08
 9.01508e-09
 1.95879e-09
 4.21025e-10
 8.93447e-11
 1.80034e-11
 0.00000e+00
 0.00000e+00
 0.00000e+00
 0.00000e+00
 0.00000e+00
 0.00000e+00
 0.00000e+00
 0.00000e+00
 0.00000e+00
 0.00000e+00
 0.00000e+00
 0.00000e+00
 0.00000e+00
 0.00000e+00
 0.00000e+00
 0.00000e+00
 9.36751e-17
 1.59462e-13
 3.34844e-12
 6.37023e-11
 1.15768e-09
 1.84032e-08
 1.53771e-07
 1.00740e-06
 5.87301e-06
 3.07029e-05
 1.42823e-04
 5.84541e-04
 2.07648e-03
 6.30897e-03
 1.61977e-02
 3.50267e-02
 6.45153e-02
 1.03797e-01
 1.50570e-01
 2.02819e-01
 2.59458e-01
 3.20126e-01
 3.84858e-01
 4.53898e-01
 5.27593e-01
 6.06313e-01
 6.90272e-01
 7.78986e-01
 8.69477e-01
 9.49650e-01
 9.78270e-01
 9.50633e-01
 9.34443e-01
 9.30290e-01
 9.28684e-01
 9.27604e-01
 9.27447e-01
 9.27295e-01
 9.27147e-01
 9.27002e-01
 9.26859e-01
 9.26720e-01
 9.26586e-01
 9.26459e-01
 9.26343e-01
 9.26238e-01
 9.26148e-01
 9.26070e-01
 9.25999e-01
 9.25924e-01
 9.25826e-01
 9.25675e-01
 9.25436e-01
 9.25060e-01
 9.24489e-01
 9.23636e-01
 9.22348e-01
 9.20293e-01
 9.16683e-01
 9.09681e-01
 8.95314e-01
 8.66214e-01
 8.11622e-01
 7.20395e-01
 5.87170e-01
 4.20840e-01
 2.50936e-01
 1.18486e-01
 4.45437e-02
 1.43825e-02
 4.32052e-03
 1.25847e-03
 3.60542e-04
 1.01965e-04
 2.84747e-05
 7.84739e-06
 2.13248e-06
 5.70691e-07
 1.49954e-07
 3.82505e-08
 9.01508e-09
 1.95879e-09
 4.21025e-10
 8.93447e-11
 1.80013e-11
 0.00000e+00
 0.00000e+00
 0.00000e+00
 0.00000e+00
 0.00000e+00
 0.00000e+00
 0.00000e+00
 0.00000e+00
 0.00000e+00
 0.00000e+00
 0.00000e+00
 0.00000e+00
 0.00000e+00
 0.00000e+00
 0.00000e+00
 0.00000e+00
 8.23994e-17
 1.59199e-13
 3.35977e-12
 6.40552e-11
 1.16723e-09
 1.85292e-08
 1.53881e-07
 1.00741e-06
 5.87296e-06
 3.07028e-05
 1.42823e-04
 5.84541e-04
 2.07648e-03
 6.30897e-03
 1.61977e-02
 3.50267e-02
 6.45153e-02
 1.03797e-01
 1.50570e-01
 2.02819e-01
 2.59458e-01
 3.20126e-01
 3.84858e-01
 4.53898e-01
 5.27593e-01
 6.06313e-01
 6.90272e-01
 7.78986e-01
 8.69477e-01
 9.49650e-01
 9.78270e-01
 9.50633e-01
 9.34443e-01
 9.30290e-01
 9.28684e-01
 9.27604e-01
 9.27447e-01
 9.27295e-01
 9.27147e-01
 9.27002e-01
 9.26859e-01
 9.26720e-01
 9.26586e-01
 9.26459e-01
 9.26343e-01
 9.26238e-01
 9.26148e-01
 9.26070e-01
 9.25999e-01
 9.25924e-01
 9.25826e-01
 9.25675e-01
 9.25436e-01
 9.25060e-01
 9.24489e-01
 9.23636e-01
 9.22348e-01
 9.20293e-01
 9.16683e-01
 9.09681e-01
 8.95314e-01
 8.66214e-01
 8.11622e-01
 7.20395e-01
 5.87170e-01
 4.20840e-01
 2.50936e-01
 1.18486e-01
 4.45437e-02
 1.43825e-02
 4.32052e-03
 1.25847e-03
 3.60542e-04
 1.01965e-04
 2.84747e-05
 7.84739e-06
 2.13248e-06
 5.70691e-07
 1.49954e-07
 3.82505e-08
 9.01509e-09
 1.95880e-09
 4.21019e-10
 8.93458e-11
 1.79905e-11
 0.00000e+00
 0.00000e+00
 0.00000e+00
 0.00000e+00
 0.00000e+00
 0.00000e+00
 0.00000e+00
 0.00000e+00
 0.00000e+00
 0.00000e+00
 0.00000e+00
 0.00000e+00
 0.00000e+00
 0.00000e+00
 0.00000e+00
 0.00000e+00
 7.45931e-17
 1.59442e-13
 3.37146e-12
 6.43902e-11
 1.17373e-09
 1.85664e-08
 1.53941e-07
 1.00744e-06
 5.87297e-06
 3.07028e-05
 1.42823e-04
 5.84541e-04
 2.07648e-03
 6.30897e-03
 1.61977e-02
 3.50267e-02
 6.45153e-02
 1.03797e-01
 1.50570e-01
 2.02819e-01
 2.59458e-01
 3.20126e-01
 3.84858e-01
 4.53898e-01
 5.27593e-01
 6.06313e-01
 6.90272e-01
 7.78986e-01
 8.69477e-01
 9.49650e-01
 9.78270e-01
 9.50633e-01
 9.34443e-01
 9.30290e-01
 9.28684e-01
 9.27604e-01
 9.27447e-01
 9.27295e-01
 9.27147e-01
 9.27002e-01
 9.26859e-01
 9.26720e-01
 9.26586e-01
 9.26459e-01
 9.26343e-01
 9.26238e-01
 9.26148e-01
 9.26070e-01
 9.25999e-01
 9.25924e-01
 9.25826e-01
 9.25675e-01
 9.25436e-01
 9.25060e-01
 9.24489e-01
 9.23636e-01
 9.22348e-01
 9.20293e-01
 9.16683e-01
 9.09681e-01
 8.95314e-01
 8.66214e-01
 8.11622e-01
 7.20395e-01
 5.87170e-01
 4.20840e-01
 2.50936e-01
 1.18486e-01
 4.45437e-02
 1.43825e-02
 4.32052e-03
 1.25847e-03
 3.60542e-04
 1.01965e-04
 2.84747e-05
 7.84739e-06
 2.13248e-06
 5.70691e-07
 1.49954e-07
 3.82505e-08
 9.01509e-09
 1.95880e-09
 4.21017e-10
 8.93452e-11
 1.79906e-11
 0.00000e+00
 0.00000e+00
 0.00000e+00
 0.00000e+00
 0.00000e+00
 0.00000e+00
 0.00000e+00
 0.00000e+00
 0.00000e+00
 0.00000e+00
 0.00000e+00
 0.00000e+00
 0.00000e+00
 0.00000e+00
 0.00000e+00
 0.00000e+00
 9.36751e-17
 1.59609e-13
 3.38055e-12
 6.45879e-11
 1.17597e-09
 1.85787e-08
 1.53953e-07
 1.00748e-06
 5.87298e-06
 3.07028e-05
 1.42823e-04
 5.84541e-04
 2.07648e-03
 6.30897e-03
 1.61977e-02
 3.50267e-02
 6.45153e-02
 1.03797e-01
 1.50570e-01
 2.02819e-01
 2.59458e-01
 3.20126e-01
 3.84858e-01
 4.53898e-01
 5.27593e-01
 6.06313e-01
 6.90272e-01
 7.78986e-01
 8.69477e-01
 9.49650e-01
 9.78270e-01
 9.50633e-01
 9.34443e-01
 9.30290e-01
 9.28684e-01
 9.27604e-01
 9.27447e-01
 9.27295e-01
 9.27147e-01
 9.27002e-01
 9.26859e-01
 9.26720e-01
 9.26586e-01
 9.26459e-01
 9.26343e-01
 9.26238e-01
 9.26148e-01
 9.26070e-01
 9.25999e-01
 9.25924e-01
 9.25826e-01
 9.25675e-01
 9.25436e-01
 9.25060e-01
 9.24489e-01
 9.23636e-01
 9.22348e-01
 9.20293e-01
 9.16683e-01
 9.09681e-01
 8.95314e-01
 8.66214e-01
 8.11622e-01
 7.20395e-01
 5.87170e-01
 4.20840e-01
 2.50936e-01
 1.18486e-01
 4.45437e-02
 1.43825e-02
 4.32052e-03
 1.25847e-03
 3.60542e-04
 1.01965e-04
 2.84747e-05
 7.84739e-06
 2.13248e-06
 5.70691e-07
 1.49954e-07
 3.82505e-08
 9.01510e-09
 1.95880e-09
 4.21024e-10
 8.93418e-11
 1.80026e-11
 0.00000e+00
 0.00000e+00
 0.00000e+00
 0.00000e+00
 0.00000e+00
 0.00000e+00
 0.00000e+00
 0.00000e+00
 0.00000e+00
 0.00000e+00
 0.00000e+00
 0.00000e+00
 0.00000e+00
 0.00000e+00
 0.00000e+00
 0.00000e+00
 1.04083e-16
 1.59322e-13
 3.38480e-12
 6.46473e-11
 1.17650e-09
 1.85802e-08
 1.53960e-07
 1.00747e-06
 5.87300e-06
 3.07028e-05
 1.42823e-04
 5.84541e-04
 2.07648e-03
 6.30897e-03
 1.61977e-02
 3.50267e-02
 6.45153e-02
 1.03797e-01
 1.50570e-01
 2.02819e-01
 2.59458e-01
 3.20126e-01
 3.84858e-01
 4.53898e-01
 5.27593e-01
 6.06313e-01
 6.90272e-01
 7.78986e-01
 8.69477e-01
 9.49650e-01
 9.78270e-01
 9.50633e-01
 9.34443e-01
 9.30290e-01
 9.28684e-01
 9.27604e-01
 9.27447e-01
 9.27295e-01
 9.27147e-01
 9.27002e-01
 9.26859e-01
 9.26720e-01
 9.26586e-01
 9.26459e-01
 9.26343e-01
 9.26238e-01
 9.26148e-01
 9.26070e-01
 9.25999e-01
 9.25924e-01
 9.25826e-01
 9.25675e-01
 9.25436e-01
 9.25060e-01
 9.24489e-01
 9.23636e-01
 9.22348e-01
 9.20293e-01
 9.16683e-01
 9.09681e-01
 8.95314e-01
 8.66214e-01
 8.11622e-01
 7.20395e-01
 5.87170e-01
 4.20840e-01
 2.50936e-01
 1.18486e-01
 4.45437e-02
 1.43825e-02
 4.32052e-03
 1.25847e-03
 3.60542e-04
 1.01965e-04
 2.84747e-05
 7.84739e-06
 2.13248e-06
 5.70691e-07
 1.49954e-07
 3.82505e-08
 9.01511e-09
 1.95879e-09
 4.21028e-10
 8.93401e-11
 1.80058e-11
 0.00000e+00
 0.00000e+00
 0.00000e+00
 0.00000e+00
 0.00000e+00
 0.00000e+00
 0.00000e+00
 0.00000e+00
 0.00000e+00
 0.00000e+00
 0.00000e+00
 0.00000e+00
 0.00000e+00
 0.00000e+00
 0.00000e+00
 0.00000e+00
 0.00000e+00
 0.00000e+00
 0.00000e+00
 0.00000e+00
 0.00000e+00
 0.00000e+00
 0.00000e+00
 0.00000e+00
 0.00000e+00
 0.00000e+00
 0.00000e+00
 0.00000e+00
 0.00000e+00
 0.00000e+00
 0.00000e+00
 0.00000e+00
 0.00000e+00
 0.00000e+00
 0.00000e+00
 0.00000e+00
 0.00000e+00
 0.00000e+00
 0.00000e+00
 0.00000e+00
 0.00000e+00
 0.00000e+00
 0.00000e+00
 0.00000e+00
 0.00000e+00
 0.00000e+00
 0.00000e+00
 0.00000e+00
 0.00000e+00
 0.00000e+00
 0.00000e+00
 0.00000e+00
 0.00000e+00
 0.00000e+00
 0.00000e+00
 0.00000e+00
 0.00000e+00
 0.00000e+00
 0.00000e+00
 0.00000e+00
 0.00000e+00
 0.00000e+00
 0.00000e+00
 0.00000e+00
 0.00000e+00
 0.00000e+00
 0.00000e+00
 0.00000e+00
 0.00000e+00
 0.00000e+00
 0.00000e+00
 0.00000e+00
 0.00000e+00
 0.00000e+00
 0.00000e+00
 0.00000e+00
 0.00000e+00
 0.00000e+00
 0.00000e+00
 0.00000e+00
 0.00000e+00
 0.00000e+00
 0.00000e+00
 0.00000e+00
 0.00000e+00
 0.00000e+00
 0.00000e+00
 0.00000e+00
 0.00000e+00
 0.00000e+00
 0.00000e+00
 0.00000e+00
 0.00000e+00
 0.00000e+00
 0.00000e+00
 0.00000e+00
 0.00000e+00
 0.00000e+00
 0.00000e+00
 0.00000e+00
 0.00000e+00
 0.00000e+00
 0.00000e+00
 0.00000e+00
-7.24378e-16
 0.00000e+00
 0.00000e+00
 0.00000e+00
 0.00000e+00
 0.00000e+00
 0.00000e+00
 0.00000e+00
 0.00000e+00
 0.00000e+00
 0.00000e+00
 0.00000e+00
 0.00000e+00
 3.03577e-18
-2.51535e-17
 2.18358e-15
 8.25741e-14
 2.53694e-12
 5.45633e-11
 1.31605e-10
 1.61417e-10
 1.29560e-10
 4.93375e-11
-2.81609e-11
-6.72810e-11
-6.70973e-11
-3.96020e-11
-1.20979e-12
 2.91394e-11
 3.49437e-11
 2.58009e-11
 7.95838e-12
-1.09530e-11
-2.48532e-11
-2.53408e-11
-1.68834e-11
-1.31285e-11
 3.16652e-13
-5.81911e-12
 5.69843e-12
-2.15579e-12
 2.69662e-12
 2.48953e-12
 6.89374e-13
 3.92528e-12
-1.70057e-12
-8.17853e-13
-1.03686e-12
-6.02757e-13
-1.43271e-12
-1.26047e-12
-1.16816e-12
-1.09637e-12
-1.02938e-12
-9.41461e-13
-8.61780e-13
-7.73977e-13
-6.84230e-13
-6.11340e-13
-5.21657e-13
-4.34136e-13
-3.43886e-13
-2.37919e-13
-1.50747e-13
-6.53566e-14
 8.21825e-15
 6.35146e-14
 1.32964e-13
 1.97735e-13
 2.28466e-13
 2.40686e-13
 2.62756e-13
 2.83951e-13
 2.82707e-13
 2.74386e-13
 2.57166e-13
 2.00704e-13
 1.44100e-13
 1.00634e-13
 5.18538e-14
 1.51926e-14
-3.62037e-15
-1.10029e-14
-1.50760e-14
-1.21634e-14
-1.23035e-14
-1.35014e-14
-1.15927e-14
-1.40617e-14
-1.49082e-14
-1.49646e-14
-1.38705e-14
-1.15955e-14
-1.26114e-14
-1.14323e-14
-9.62945e-15
-9.99418e-15
-1.10034e-14
-1.20312e-14
 0.00000e+00
 0.00000e+00
-7.24378e-16
 0.00000e+00
 0.00000e+00
 0.00000e+00
 0.00000e+00
 0.00000e+00
 0.00000e+00
 0.00000e+00
 0.00000e+00
 0.00000e+00
 0.00000e+00
 0.00000e+00
 0.00000e+00
-8.67362e-18
-1.20563e-16
 3.19363e-15
 1.04922e-13
 2.60220e-12
 1.83134e-11
 5.92664e-11
 8.63553e-11
 9.56772e-11
 9.74028e-11
 7.83685e-11
 3.94958e-11
-5.68746e-13
-2.97598e-11
-5.25397e-11
-5.61343e-11
-4.09402e-11
-1.84723e-11
 2.61442e-12
 1.82200e-11
 2.03996e-11
 7.60214e-12
-2.71343e-12
-1.67194e-11
-2.70167e-11
-3.08881e-11
-2.74574e-11
-1.86475e-11
-1.53354e-11
-1.38073e-11
-9.98085e-12
-2.25106e-12
-1.42354e-12
-1.47117e-12
-1.84332e-12
-1.94655e-12
-1.96345e-12
-2.02917e-12
-1.93688e-12
-1.80669e-12
-1.67835e-12
-1.55935e-12
-1.41204e-12
-1.26675e-12
-1.12899e-12
-9.67999e-13
-8.21076e-13
-6.69044e-13
-5.10439e-13
-3.78794e-13
-2.37137e-13
-1.17501e-13
-2.20249e-14
 1.07905e-13
 2.27218e-13
 2.92297e-13
 3.64271e-13
 4.24831e-13
 4.47085e-13
 4.49963e-13
 4.46510e-13
 4.37017e-13
 3.83582e-13
 3.04053e-13
 2.27986e-13
 1.44904e-13
 7.93127e-14
 4.27604e-14
 2.94292e-14
 2.58522e-14
 2.52680e-14
 2.63934e-14
 2.35931e-14
 1.76556e-14
 1.68693e-14
 1.91197e-14
 2.04767e-14
 2.10296e-14
 1.96903e-14
 1.36153e-14
 1.25407e-14
 1.61086e-14
 1.33591e-14
 1.15407e-14
 7.72299e-15
 3.34368e-15
 0.00000e+00
 0.00000e+00
-7.24378e-16
 0.00000e+00
 0.00000e+00
 0.00000e+00
 0.00000e+00
 0.00000e+00
 0.00000e+00
 0.00000e+00
 0.00000e+00
 0.00000e+00
 0.00000e+00
 0.00000e+00
 0.00000e+00
 5.20417e-18
 2.32453e-16
 2.87964e-15
 7.44886e-14
 9.95092e-13
 7.16689e-12
 1.47762e-11
 3.51750e-11
 4.68411e-11
 5.64162e-11
 6.98303e-11
 7.42736e-11
 6.16344e-11
 3.16119e-11
 8.09875e-12
-1.64429e-11
-3.42385e-11
-4.60043e-11
-5.12029e-11
-4.10710e-11
-2.78557e-11
-1.72642e-11
-8.85471e-12
-2.75793e-12
 1.06569e-13
-1.86628e-12
-2.41136e-12
-5.98842e-12
-1.13213e-11
-1.45620e-11
-1.04803e-11
-3.99213e-12
-2.66641e-12
-2.46703e-12
-2.56082e-12
-1.15574e-12
-2.60332e-12
-2.21277e-12
-2.02730e-12
-1.87554e-12
-1.73262e-12
-1.58961e-12
-1.44978e-12
-1.29474e-12
-1.13159e-12
-9.89795e-13
-8.44359e-13
-6.84075e-13
-5.16827e-13
-3.56989e-13
-2.27612e-13
-9.41872e-14
 3.81535e-14
 1.34421e-13
 2.16582e-13
 2.93814e-13
 3.62288e-13
 4.09411e-13
 4.33033e-13
 4.53614e-13
 4.65280e-13
 4.23373e-13
 3.70861e-13
 3.19344e-13
 2.44918e-13
 1.57024e-13
 6.66675e-14
 1.30411e-14
-1.51827e-14
-3.14731e-14
-2.92396e-14
-2.86819e-14
-2.89751e-14
-2.74633e-14
-2.68136e-14
-2.61466e-14
-2.27032e-14
-1.76031e-14
-1.75438e-14
-1.83080e-14
-1.69461e-14
-1.56685e-14
-1.21678e-14
-1.15758e-14
-8.02136e-15
-3.60736e-15
 0.00000e+00
 0.00000e+00
-7.24378e-16
 0.00000e+00
 0.00000e+00
 0.00000e+00
 0.00000e+00
 0.00000e+00
 0.00000e+00
 0.00000e+00
 0.00000e+00
 0.00000e+00
 0.00000e+00
 0.00000e+00
 0.00000e+00
 5.20417e-18
-1.33140e-16
 1.84705e-15
 3.36411e-14
 3.28309e-13
 1.38596e-12
 5.69182e-12
 7.78739e-12
 1.80114e-11
 2.56881e-11
 3.40387e-11
 4.04650e-11
 4.03545e-11
 3.98436e-11
 2.68263e-11
 1.44423e-11
-5.81853e-12
-1.99905e-11
-3.10730e-11
-4.54389e-11
-4.28506e-11
-4.02546e-11
-3.72969e-11
-2.54591e-11
-1.04672e-11
-9.98629e-13
 7.65399e-12
 1.07104e-11
 1.14867e-11
 1.44235e-11
 9.78295e-12
 2.92603e-12
-1.62365e-12
-2.13695e-12
-1.32037e-12
-1.51369e-12
-1.32734e-12
-1.35061e-12
-1.29284e-12
-1.21365e-12
-1.10643e-12
-9.97594e-13
-9.08305e-13
-8.17504e-13
-7.28534e-13
-6.29241e-13
-5.11344e-13
-4.15066e-13
-3.41663e-13
-2.42746e-13
-1.34665e-13
-4.50733e-14
 4.54112e-14
 1.14378e-13
 1.63602e-13
 2.15273e-13
 2.58168e-13
 2.76549e-13
 2.88158e-13
 3.01912e-13
 3.03313e-13
 2.95256e-13
 2.37653e-13
 1.80298e-13
 1.30126e-13
 7.54783e-14
 5.95980e-14
 4.92183e-14
 3.41511e-14
 3.04986e-14
 2.61843e-14
 2.06120e-14
 2.40090e-14
 2.41430e-14
 1.89211e-14
 2.39904e-14
 1.88040e-14
 1.14067e-14
 1.39228e-14
 1.30185e-14
 1.47694e-14
 1.34445e-14
 1.04517e-14
 1.15012e-14
 1.22458e-14
 1.38310e-14
 0.00000e+00
 0.00000e+00
 0.00000e+00
 0.00000e+00
 0.00000e+00
 0.00000e+00
 0.00000e+00
 0.00000e+00
 0.00000e+00
 0.00000e+00
 0.00000e+00
 0.00000e+00
 0.00000e+00
 0.00000e+00
 0.00000e+00
 0.00000e+00
 0.00000e+00
 0.00000e+00
 0.00000e+00
 0.00000e+00
 0.00000e+00
 0.00000e+00
 0.00000e+00
 0.00000e+00
 0.00000e+00
 0.00000e+00
 0.00000e+00
 0.00000e+00
 0.00000e+00
 0.00000e+00
 0.00000e+00
 0.00000e+00
 0.00000e+00
 0.00000e+00
 0.00000e+00
 0.00000e+00
 0.00000e+00
 0.00000e+00
 0.00000e+00
 0.00000e+00
 0.00000e+00
 0.00000e+00
 0.00000e+00
 0.00000e+00
 0.00000e+00
 0.00000e+00
 0.00000e+00
 0.00000e+00
 0.00000e+00
 0.00000e+00
 0.00000e+00
 0.00000e+00
 0.00000e+00
 0.00000e+00
 0.00000e+00
 0.00000e+00
 0.00000e+00
 0.00000e+00
 0.00000e+00
 0.00000e+00
 0.00000e+00
 0.00000e+00
 0.00000e+00
 0.00000e+00
 0.00000e+00
 0.00000e+00
 0.00000e+00
 0.00000e+00
 0.00000e+00
 0.00000e+00
 0.00000e+00
 0.00000e+00
 0.00000e+00
 0.00000e+00
 0.00000e+00
 0.00000e+00
 0.00000e+00
 0.00000e+00
 0.00000e+00
 0.00000e+00
 0.00000e+00
 0.00000e+00
 0.00000e+00
 0.00000e+00
 0.00000e+00
 0.00000e+00
 0.00000e+00
 0.00000e+00
 0.00000e+00
 0.00000e+00
 0.00000e+00
 0.00000e+00
 0.00000e+00
 0.00000e+00
 0.00000e+00
 0.00000e+00
 0.00000e+00
 0.00000e+00
 0.00000e+00
 0.00000e+00
 0.00000e+00
 0.00000e+00
 0.00000e+00
 0.00000e+00
 0.00000e+00
 0.00000e+00
 0.00000e+00
 0.00000e+00
 0.00000e+00
 0.00000e+00
 0.00000e+00
 0.00000e+00
 0.00000e+00
 0.00000e+00
 0.00000e+00
 0.00000e+00
 0.00000e+00
 0.00000e+00
 0.00000e+00
 0.00000e+00
 0.00000e+00
 0.00000e+00
 0.00000e+00
 0.00000e+00
 0.00000e+00
 0.00000e+00
 0.00000e+00
 0.00000e+00
 0.00000e+00
 0.00000e+00
 0.00000e+00
 0.00000e+00
 0.00000e+00
 0.00000e+00
 0.00000e+00
 0.00000e+00
 0.00000e+00
 0.00000e+00
 0.00000e+00
 0.00000e+00
 0.00000e+00
 0.00000e+00
 0.00000e+00
 0.00000e+00
 0.00000e+00
 0.00000e+00
 0.00000e+00
 0.00000e+00
 0.00000e+00
 0.00000e+00
 0.00000e+00
 0.00000e+00
 0.00000e+00
 0.00000e+00
 0.00000e+00
 0.00000e+00
 0.00000e+00
 0.00000e+00
 0.00000e+00
 0.00000e+00
 0.00000e+00
 0.00000e+00
 0.00000e+00
 0.00000e+00
 0.00000e+00
 0.00000e+00
 0.00000e+00
 0.00000e+00
 0.00000e+00
 0.00000e+00
 0.00000e+00
 0.00000e+00
 0.00000e+00
 0.00000e+00
 0.00000e+00
 0.00000e+00
 0.00000e+00
 0.00000e+00
 0.00000e+00
 0.00000e+00
 0.00000e+00
 0.00000e+00
 0.00000e+00
 0.00000e+00
 0.00000e+00
 0.00000e+00
 0.00000e+00
 0.00000e+00
 0.00000e+00
 0.00000e+00
 0.00000e+00
 0.00000e+00
 0.00000e+00
 0.00000e+00
 0.00000e+00
 0.00000e+00
 0.00000e+00
 0.00000e+00
 0.00000e+00
 0.00000e+00
 0.00000e+00
 0.00000e+00
 0.00000e+00
 0.00000e+00
 0.00000e+00
 0.00000e+00
 0.00000e+00
 0.00000e+00
 0.00000e+00
 0.00000e+00
 0.00000e+00
 0.00000e+00
 0.00000e+00
 0.00000e+00
 0.00000e+00
 0.00000e+00
 0.00000e+00
 0.00000e+00
 0.00000e+00
 0.00000e+00
 0.00000e+00
 0.00000e+00
 0.00000e+00
 0.00000e+00
 0.00000e+00
 0.00000e+00
 0.00000e+00
 0.00000e+00
 0.00000e+00
 0.00000e+00
 0.00000e+00
 0.00000e+00
 0.00000e+00
 0.00000e+00
 0.00000e+00
 0.00000e+00
 0.00000e+00
 0.00000e+00
 0.00000e+00
 0.00000e+00
 0.00000e+00
 0.00000e+00
 0.00000e+00
 0.00000e+00
 0.00000e+00
 0.00000e+00
 0.00000e+00
 0.00000e+00
 0.00000e+00
 0.00000e+00
 0.00000e+00
 0.00000e+00
 0.00000e+00
 0.00000e+00
 0.00000e+00
 0.00000e+00
 0.00000e+00
 0.00000e+00
 0.00000e+00
 0.00000e+00
 0.00000e+00
 0.00000e+00
 0.00000e+00
 0.00000e+00
 0.00000e+00
 0.00000e+00
 0.00000e+00
 0.00000e+00
 0.00000e+00
 0.00000e+00
 0.00000e+00
 0.00000e+00
 0.00000e+00
 0.00000e+00
 0.00000e+00
 0.00000e+00
 0.00000e+00
 0.00000e+00
 0.00000e+00
 0.00000e+00
 0.00000e+00
 0.00000e+00
 0.00000e+00
 0.00000e+00
 0.00000e+00
 0.00000e+00
 0.00000e+00
 0.00000e+00
 0.00000e+00
 0.00000e+00
 0.00000e+00
 0.00000e+00
 0.00000e+00
 0.00000e+00
 0.00000e+00
 0.00000e+00
 0.00000e+00
 0.00000e+00
 0.00000e+00
 0.00000e+00
 0.00000e+00
 0.00000e+00
 0.00000e+00
 0.00000e+00
 0.00000e+00
 0.00000e+00
 0.00000e+00
 0.00000e+00
 0.00000e+00
 0.00000e+00
 0.00000e+00
 0.00000e+00
 0.00000e+00
 0.00000e+00
 0.00000e+00
 0.00000e+00
 0.00000e+00
 0.00000e+00
 0.00000e+00
 0.00000e+00
 0.00000e+00
 0.00000e+00
 0.00000e+00
 0.00000e+00
 0.00000e+00
 0.00000e+00
 0.00000e+00
 0.00000e+00
 0.00000e+00
 0.00000e+00
 0.00000e+00
 0.00000e+00
 0.00000e+00
 0.00000e+00
 0.00000e+00
 0.00000e+00
 0.00000e+00
 0.00000e+00
 0.00000e+00
 0.00000e+00
 0.00000e+00
 0.00000e+00
 0.00000e+00
 0.00000e+00
 0.00000e+00
 0.00000e+00
 0.00000e+00
 0.00000e+00
 0.00000e+00
 0.00000e+00
 0.00000e+00
 0.00000e+00
 0.00000e+00
 0.00000e+00
 0.00000e+00
 0.00000e+00
 0.00000e+00
 0.00000e+00
 0.00000e+00
 0.00000e+00
 0.00000e+00
 0.00000e+00
 0.00000e+00
 0.00000e+00
 0.00000e+00
 0.00000e+00
 0.00000e+00
 0.00000e+00
 0.00000e+00
 0.00000e+00
 0.00000e+00
 0.00000e+00
 0.00000e+00
 0.00000e+00
 0.00000e+00
 0.00000e+00
 0.00000e+00
 0.00000e+00
 0.00000e+00
 0.00000e+00
 0.00000e+00
 0.00000e+00
 0.00000e+00
 0.00000e+00
 0.00000e+00
 0.00000e+00
 0.00000e+00
 0.00000e+00
 0.00000e+00
 0.00000e+00
 0.00000e+00
 0.00000e+00
 0.00000e+00
 0.00000e+00
 0.00000e+00
 0.00000e+00
 0.00000e+00
 0.00000e+00
 0.00000e+00
 0.00000e+00
 0.00000e+00
 0.00000e+00
 0.00000e+00
 0.00000e+00
 0.00000e+00
 0.00000e+00
 0.00000e+00
 0.00000e+00
 0.00000e+00
 0.00000e+00
 0.00000e+00
 0.00000e+00
 0.00000e+00
 0.00000e+00
 0.00000e+00
 0.00000e+00
 0.00000e+00
 0.00000e+00
 0.00000e+00
 0.00000e+00
 0.00000e+00
 0.00000e+00
 0.00000e+00
 0.00000e+00
 0.00000e+00
 0.00000e+00
 0.00000e+00
 0.00000e+00
 0.00000e+00
 0.00000e+00
 0.00000e+00
 0.00000e+00
 0.00000e+00
 0.00000e+00
 0.00000e+00
 0.00000e+00
 0.00000e+00
 0.00000e+00
 0.00000e+00
 0.00000e+00
 0.00000e+00
 0.00000e+00
 0.00000e+00
 0.00000e+00
 0.00000e+00
 0.00000e+00
 0.00000e+00
 0.00000e+00
 0.00000e+00
 0.00000e+00
 0.00000e+00
 0.00000e+00
 0.00000e+00
 0.00000e+00
 0.00000e+00
 0.00000e+00
 0.00000e+00
 0.00000e+00
 0.00000e+00
 0.00000e+00
 0.00000e+00
 0.00000e+00
 0.00000e+00
 0.00000e+00
 0.00000e+00
 0.00000e+00
 0.00000e+00
 0.00000e+00
 0.00000e+00
 0.00000e+00
 0.00000e+00
 0.00000e+00
 0.00000e+00
 0.00000e+00
 0.00000e+00
 0.00000e+00
 0.00000e+00
 0.00000e+00
 0.00000e+00
 0.00000e+00
 0.00000e+00
 0.00000e+00
 0.00000e+00
 0.00000e+00
 0.00000e+00
 0.00000e+00
 0.00000e+00
 0.00000e+00
 0.00000e+00
 0.00000e+00
 0.00000e+00
 0.00000e+00
 0.00000e+00
 0.00000e+00
 0.00000e+00
 0.00000e+00
 0.00000e+00
 0.00000e+00
 0.00000e+00
 0.00000e+00
 0.00000e+00
 0.00000e+00
 0.00000e+00
 0.00000e+00
 0.00000e+00
 0.00000e+00
 0.00000e+00
 0.00000e+00
 0.00000e+00
 0.00000e+00
 0.00000e+00
 0.00000e+00
 0.00000e+00
 0.00000e+00
 0.00000e+00
 0.00000e+00
 0.00000e+00
 0.00000e+00
 0.00000e+00
 0.00000e+00
 0.00000e+00
 0.00000e+00
 0.00000e+00
 0.00000e+00
 0.00000e+00
 0.00000e+00
 0.00000e+00
 0.00000e+00
 0.00000e+00
 0.00000e+00
 0.00000e+00
 0.00000e+00
 0.00000e+00
 0.00000e+00
 0.00000e+00
 0.00000e+00
 0.00000e+00
 0.00000e+00
 0.00000e+00
 0.00000e+00
 0.00000e+00
 0.00000e+00
 0.00000e+00
 0.00000e+00
 0.00000e+00
 0.00000e+00
 0.00000e+00
 0.00000e+00
 0.00000e+00
 0.00000e+00
 0.00000e+00
 0.00000e+00
 0.00000e+00
 0.00000e+00
 0.00000e+00
 0.00000e+00
 0.00000e+00
 0.00000e+00
 0.00000e+00
 0.00000e+00
 0.00000e+00
 0.00000e+00
 0.00000e+00
 0.00000e+00
 0.00000e+00
 0.00000e+00
 0.00000e+00
 0.00000e+00
 0.00000e+00
 0.00000e+00
 0.00000e+00
 0.00000e+00
 0.00000e+00
 0.00000e+00
 0.00000e+00
 0.00000e+00
 0.00000e+00
 0.00000e+00
 0.00000e+00
 0.00000e+00
 0.00000e+00
 0.00000e+00
 0.00000e+00
 0.00000e+00
 0.00000e+00
 0.00000e+00
 0.00000e+00
 0.00000e+00
 0.00000e+00
 0.00000e+00
 0.00000e+00
 0.00000e+00
 0.00000e+00
 0.00000e+00
 0.00000e+00
 0.00000e+00
 0.00000e+00
 0.00000e+00
 0.00000e+00
 0.00000e+00
 0.00000e+00
 0.00000e+00
 0.00000e+00
 0.00000e+00
 0.00000e+00
 0.00000e+00
 0.00000e+00
 0.00000e+00
 0.00000e+00
 0.00000e+00
 0.00000e+00
 0.00000e+00
 0.00000e+00
 0.00000e+00
 0.00000e+00
 0.00000e+00
 0.00000e+00
 0.00000e+00
 0.00000e+00
 0.00000e+00
 0.00000e+00
 0.00000e+00
 0.00000e+00
 0.00000e+00
 0.00000e+00
 0.00000e+00
 0.00000e+00
 0.00000e+00
 0.00000e+00
 0.00000e+00
 0.00000e+00
 0.00000e+00
 0.00000e+00
 0.00000e+00
 0.00000e+00
 0.00000e+00
 0.00000e+00
 0.00000e+00
 0.00000e+00
 0.00000e+00
 0.00000e+00
 0.00000e+00
 0.00000e+00
 0.00000e+00
 0.00000e+00
 0.00000e+00
 0.00000e+00
 0.00000e+00
 0.00000e+00
 0.00000e+00
 0.00000e+00
 0.00000e+00
 0.00000e+00
 0.00000e+00
 0.00000e+00
 0.00000e+00
 0.00000e+00
 0.00000e+00
 0.00000e+00
 0.00000e+00
 0.00000e+00
 0.00000e+00
 0.00000e+00
 0.00000e+00
 0.00000e+00
 0.00000e+00
 0.00000e+00
 0.00000e+00
 0.00000e+00
 0.00000e+00
 0.00000e+00
 0.00000e+00
 0.00000e+00
 0.00000e+00
 0.00000e+00
 0.00000e+00
 0.00000e+00
 0.00000e+00
 0.00000e+00
 0.00000e+00
 0.00000e+00
 0.00000e+00
 0.00000e+00
 0.00000e+00
 0.00000e+00
 0.00000e+00
 0.00000e+00
 0.00000e+00
 0.00000e+00
 0.00000e+00
 0.00000e+00
 0.00000e+00
 0.00000e+00
 0.00000e+00
 0.00000e+00
 0.00000e+00
 0.00000e+00
 0.00000e+00
 0.00000e+00
 0.00000e+00
 0.00000e+00
 0.00000e+00
 0.00000e+00
 0.00000e+00
 0.00000e+00
 0.00000e+00
 0.00000e+00
