Velocity
part
         1
coordinates
 0.00000e+00
 0.00000e+00
 0.00000e+00
 0.00000e+00
 0.00000e+00
 0.00000e+00
 0.00000e+00
 0.00000e+00
 0.00000e+00
 0.00000e+00
 0.00000e+00
 0.00000e+00
 0.00000e+00
 0.00000e+00
 0.00000e+00
 0.00000e+00
 0.00000e+00
 0.00000e+00
 0.00000e+00
 0.00000e+00
 0.00000e+00
 0.00000e+00
 0.00000e+00
 0.00000e+00
 0.00000e+00
 0.00000e+00
 0.00000e+00
 0.00000e+00
 0.00000e+00
 2.46782e-14
 1.42707e-12
 4.63736e-11
 1.37280e-09
 3.08774e-08
 3.87470e-07
 3.98750e-06
 3.47803e-05
 2.52932e-04
 1.49658e-03
 6.98988e-03
 2.50057e-02
 6.76589e-02
 1.41882e-01
 2.44508e-01
 3.69697e-01
 5.15308e-01
 6.81522e-01
 8.61523e-01
 9.94362e-01
 9.46963e-01
 9.32249e-01
 9.29200e-01
 9.25085e-01
 9.20125e-01
 9.14764e-01
 9.09665e-01
 9.05509e-01
 9.02130e-01
 8.94924e-01
 9.11161e-01
 9.04782e-01
 8.70155e-01
 7.92101e-01
 6.61236e-01
 4.83380e-01
 2.89815e-01
 1.32562e-01
 4.54734e-02
 1.27200e-02
 3.21094e-03
 7.69568e-04
 1.77949e-04
 3.98565e-05
 8.65329e-06
 1.82109e-06
 3.71280e-07
 7.30831e-08
 1.35687e-08
 2.26979e-09
 3.68871e-10
 5.84339e-11
 9.06410e-12
 1.35636e-12
 2.36583e-13
 0.00000e+00
 0.00000e+00
 0.00000e+00
 0.00000e+00
 0.00000e+00
 0.00000e+00
 0.00000e+00
 0.00000e+00
 0.00000e+00
 0.00000e+00
 0.00000e+00
 0.00000e+00
 0.00000e+00
 0.00000e+00
 0.00000e+00
 0.00000e+00
 0.00000e+00
 0.00000e+00
 0.00000e+00
 0.00000e+00
 0.00000e+00
 0.00000e+00
 0.00000e+00
 0.00000e+00
 0.00000e+00
 0.00000e+00
 0.00000e+00
 0.00000e+00
 0.00000e+00
 0.00000e+00
 0.00000e+00
 0.00000e+00
 0.00000e+00
 0.00000e+00
 0.00000e+00
 0.00000e+00
 0.00000e+00
 0.00000e+00
 0.00000e+00
 0.00000e+00
 0.00000e+00
 0.00000e+00
 0.00000e+00
 0.00000e+00
 0.00000e+00
 0.00000e+00
 2.49696e-14
 1.43222e-12
 4.64547e-11
 1.38391e-09
 3.09330e-08
 3.87501e-07
 3.98750e-06
 3.47802e-05
 2.52932e-04
 1.49658e-03
 6.98988e-03
 2.50057e-02
 6.76589e-02
 1.41882e-01
 2.44508e-01
 3.69697e-01
 5.15308e-01
 6.81522e-01
 8.61523e-01
 9.94362e-01
 9.46963e-01
 9.32249e-01
 9.29200e-01
 9.25085e-01
 9.20125e-01
 9.14764e-01
 9.09665e-01
 9.05509e-01
 9.02130e-01
 8.94924e-01
 9.11161e-01
 9.04782e-01
 8.70155e-01
 7.92101e-01
 6.61236e-01
 4.83380e-01
 2.89815e-01
 1.32562e-01
 4.54734e-02
 1.27200e-02
 3.21094e-03
 7.69568e-04
 1.77949e-04
 3.98565e-05
 8.65329e-06
 1.82109e-06
 3.71280e-07
 7.30831e-08
 1.35687e-08
 2.26980e-09
 3.68870e-10
 5.84321e-11
 9.06792e-12
 1.35757e-12
 2.37452e-13
 0.00000e+00
 0.00000e+00
 0.00000e+00
 0.00000e+00
 0.00000e+00
 0.00000e+00
 0.00000e+00
 0.00000e+00
 0.00000e+00
 0.00000e+00
 0.00000e+00
 0.00000e+00
 0.00000e+00
 0.00000e+00
 0.00000e+00
 0.00000e+00
 0.00000e+00
 0.00000e+00
 0.00000e+00
 0.00000e+00
 0.00000e+00
 0.00000e+00
 0.00000e+00
 0.00000e+00
 0.00000e+00
 0.00000e+00
 0.00000e+00
 0.00000e+00
 0.00000e+00
 0.00000e+00
 0.00000e+00
 0.00000e+00
 0.00000e+00
 0.00000e+00
 0.00000e+00
 0.00000e+00
 0.00000e+00
 0.00000e+00
 0.00000e+00
 0.00000e+00
 0.00000e+00
 0.00000e+00
 0.00000e+00
 0.00000e+00
 0.00000e+00
 0.00000e+00
 2.51856e-14
 1.43961e-12
 4.66307e-11
 1.39781e-09
 3.09987e-08
 3.87543e-07
 3.98750e-06
 3.47802e-05
 2.52932e-04
 1.49658e-03
 6.98988e-03
 2.50057e-02
 6.76589e-02
 1.41882e-01
 2.44508e-01
 3.69697e-01
 5.15308e-01
 6.81522e-01
 8.61523e-01
 9.94362e-01
 9.46963e-01
 9.32249e-01
 9.29200e-01
 9.25085e-01
 9.20125e-01
 9.14764e-01
 9.09665e-01
 9.05509e-01
 9.02130e-01
 8.94924e-01
 9.11161e-01
 9.04782e-01
 8.70155e-01
 7.92101e-01
 6.61236e-01
 4.83380e-01
 2.89815e-01
 1.32562e-01
 4.54734e-02
 1.27200e-02
 3.21094e-03
 7.69568e-04
 1.77949e-04
 3.98565e-05
 8.65329e-06
 1.82109e-06
 3.71280e-07
 7.30831e-08
 1.35687e-08
 2.26979e-09
 3.68875e-10
 5.84322e-11
 9.06468e-12
 1.35653e-12
 2.36955e-13
 0.00000e+00
 0.00000e+00
 0.00000e+00
 0.00000e+00
 0.00000e+00
 0.00000e+00
 0.00000e+00
 0.00000e+00
 0.00000e+00
 0.00000e+00
 0.00000e+00
 0.00000e+00
 0.00000e+00
 0.00000e+00
 0.00000e+00
 0.00000e+00
 0.00000e+00
 0.00000e+00
 0.00000e+00
 0.00000e+00
 0.00000e+00
 0.00000e+00
 0.00000e+00
 0.00000e+00
 0.00000e+00
 0.00000e+00
 0.00000e+00
 0.00000e+00
 0.00000e+00
 0.00000e+00
 0.00000e+00
 0.00000e+00
 0.00000e+00
 0.00000e+00
 0.00000e+00
 0.00000e+00
 0.00000e+00
 0.00000e+00
 0.00000e+00
 0.00000e+00
 0.00000e+00
 0.00000e+00
 0.00000e+00
 0.00000e+00
 0.00000e+00
 0.00000e+00
 2.52715e-14
 1.44357e-12
 4.67756e-11
 1.40114e-09
 3.10107e-08
 3.87556e-07
 3.98752e-06
 3.47802e-05
 2.52932e-04
 1.49658e-03
 6.98988e-03
 2.50057e-02
 6.76589e-02
 1.41882e-01
 2.44508e-01
 3.69697e-01
 5.15308e-01
 6.81522e-01
 8.61523e-01
 9.94362e-01
 9.46963e-01
 9.32249e-01
 9.29200e-01
 9.25085e-01
 9.20125e-01
 9.14764e-01
 9.09665e-01
 9.05509e-01
 9.02130e-01
 8.94924e-01
 9.11161e-01
 9.04782e-01
 8.70155e-01
 7.92101e-01
 6.61236e-01
 4.83380e-01
 2.89815e-01
 1.32562e-01
 4.54734e-02
 1.27200e-02
 3.21094e-03
 7.69568e-04
 1.77949e-04
 3.98565e-05
 8.65329e-06
 1.82109e-06
 3.71280e-07
 7.30831e-08
 1.35687e-08
 2.26978e-09
 3.68880e-10
 5.84371e-11
 9.06233e-12
 1.35726e-12
 2.36345e-13
 0.00000e+00
 0.00000e+00
 0.00000e+00
 0.00000e+00
 0.00000e+00
 0.00000e+00
 0.00000e+00
 0.00000e+00
 0.00000e+00
 0.00000e+00
 0.00000e+00
 0.00000e+00
 0.00000e+00
 0.00000e+00
 0.00000e+00
 0.00000e+00
 0.00000e+00
 0.00000e+00
 0.00000e+00
 0.00000e+00
 0.00000e+00
 0.00000e+00
 0.00000e+00
 0.00000e+00
 0.00000e+00
 0.00000e+00
 0.00000e+00
 0.00000e+00
 0.00000e+00
 0.00000e+00
 0.00000e+00
 0.00000e+00
 0.00000e+00
 0.00000e+00
 0.00000e+00
 0.00000e+00
 0.00000e+00
 0.00000e+00
 0.00000e+00
 0.00000e+00
 0.00000e+00
 0.00000e+00
 0.00000e+00
 0.00000e+00
 0.00000e+00
 0.00000e+00
 2.51492e-14
 1.44631e-12
 4.68369e-11
 1.40176e-09
 3.10128e-08
 3.87559e-07
 3.98752e-06
 3.47802e-05
 2.52932e-04
 1.49658e-03
 6.98988e-03
 2.50057e-02
 6.76589e-02
 1.41882e-01
 2.44508e-01
 3.69697e-01
 5.15308e-01
 6.81522e-01
 8.61523e-01
 9.94362e-01
 9.46963e-01
 9.32249e-01
 9.29200e-01
 9.25085e-01
 9.20125e-01
 9.14764e-01
 9.09665e-01
 9.05509e-01
 9.02130e-01
 8.94924e-01
 9.11161e-01
 9.04782e-01
 8.70155e-01
 7.92101e-01
 6.61236e-01
 4.83380e-01
 2.89815e-01
 1.32562e-01
 4.54734e-02
 1.27200e-02
 3.21094e-03
 7.69568e-04
 1.77949e-04
 3.98565e-05
 8.65329e-06
 1.82109e-06
 3.71280e-07
 7.30831e-08
 1.35687e-08
 2.26978e-09
 3.68874e-10
 5.84451e-11
 9.05635e-12
 1.36343e-12
 2.36713e-13
 0.00000e+00
 0.00000e+00
 0.00000e+00
 0.00000e+00
 0.00000e+00
 0.00000e+00
 0.00000e+00
 0.00000e+00
 0.00000e+00
 0.00000e+00
 0.00000e+00
 0.00000e+00
 0.00000e+00
 0.00000e+00
 0.00000e+00
 0.00000e+00
 0.00000e+00
 0.00000e+00
 0.00000e+00
 0.00000e+00
 0.00000e+00
 0.00000e+00
 0.00000e+00
 0.00000e+00
 0.00000e+00
 0.00000e+00
 0.00000e+00
 0.00000e+00
 0.00000e+00
 0.00000e+00
 0.00000e+00
 0.00000e+00
 0.00000e+00
 0.00000e+00
 0.00000e+00
 0.00000e+00
 0.00000e+00
 0.00000e+00
 0.00000e+00
 0.00000e+00
 0.00000e+00
 0.00000e+00
 0.00000e+00
 0.00000e+00
 0.00000e+00
 0.00000e+00
 2.48655e-14
 1.44734e-12
 4.68483e-11
 1.40185e-09
 3.10131e-08
 3.87560e-07
 3.98752e-06
 3.47802e-05
 2.52932e-04
 1.49658e-03
 6.98988e-03
 2.50057e-02
 6.76589e-02
 1.41882e-01
 2.44508e-01
 3.69697e-01
 5.15308e-01
 6.81522e-01
 8.61523e-01
 9.94362e-01
 9.46963e-01
 9.32249e-01
 9.29200e-01
 9.25085e-01
 9.20125e-01
 9.14764e-01
 9.09665e-01
 9.05509e-01
 9.02130e-01
 8.94924e-01
 9.11161e-01
 9.04782e-01
 8.70155e-01
 7.92101e-01
 6.61236e-01
 4.83380e-01
 2.89815e-01
 1.32562e-01
 4.54734e-02
 1.27200e-02
 3.21094e-03
 7.69568e-04
 1.77949e-04
 3.98565e-05
 8.65329e-06
 1.82109e-06
 3.71280e-07
 7.30831e-08
 1.35687e-08
 2.26979e-09
 3.68868e-10
 5.84501e-11
 9.04568e-12
 1.36662e-12
 2.36325e-13
 0.00000e+00
 0.00000e+00
 0.00000e+00
 0.00000e+00
 0.00000e+00
 0.00000e+00
 0.00000e+00
 0.00000e+00
 0.00000e+00
 0.00000e+00
 0.00000e+00
 0.00000e+00
 0.00000e+00
 0.00000e+00
 0.00000e+00
 0.00000e+00
 0.00000e+00
 0.00000e+00
 0.00000e+00
 0.00000e+00
 0.00000e+00
 0.00000e+00
 0.00000e+00
 0.00000e+00
 0.00000e+00
 0.00000e+00
 0.00000e+00
 0.00000e+00
 0.00000e+00
 0.00000e+00
 0.00000e+00
 0.00000e+00
 0.00000e+00
 0.00000e+00
 0.00000e+00
 0.00000e+00
 0.00000e+00
 0.00000e+00
 0.00000e+00
 0.00000e+00
 0.00000e+00
 0.00000e+00
 0.00000e+00
 0.00000e+00
 0.00000e+00
 0.00000e+00
 0.00000e+00
 0.00000e+00
 0.00000e+00
 0.00000e+00
 0.00000e+00
 0.00000e+00
 0.00000e+00
 0.00000e+00
 0.00000e+00
 0.00000e+00
 0.00000e+00
 0.00000e+00
 0.00000e+00
 0.00000e+00
 0.00000e+00
 0.00000e+00
 0.00000e+00
 0.00000e+00
 0.00000e+00
 0.00000e+00
 0.00000e+00
 0.00000e+00
 0.00000e+00
 0.00000e+00
 0.00000e+00
 0.00000e+00
 0.00000e+00
 0.00000e+00
 0.00000e+00
 0.00000e+00
 0.00000e+00
 0.00000e+00
 0.00000e+00
 0.00000e+00
 0.00000e+00
 0.00000e+00
 0.00000e+00
 0.00000e+00
 0.00000e+00
 0.00000e+00
 0.00000e+00
 0.00000e+00
 0.00000e+00
 0.00000e+00
 0.00000e+00
 0.00000e+00
 0.00000e+00
 0.00000e+00
 0.00000e+00
 0.00000e+00
 0.00000e+00
 0.00000e+00
 0.00000e+00
 0.00000e+00
 0.00000e+00
 0.00000e+00
 0.00000e+00
 0.00000e+00
 0.00000e+00
 0.00000e+00
 0.00000e+00
 0.00000e+00
 0.00000e+00
 0.00000e+00
 0.00000e+00
 0.00000e+00
 0.00000e+00
 0.00000e+00
 0.00000e+00
 0.00000e+00
 0.00000e+00
 0.00000e+00
 0.00000e+00
 0.00000e+00
-3.34065e-16
 0.00000e+00
 0.00000e+00
 0.00000e+00
 0.00000e+00
 0.00000e+00
 0.00000e+00
 0.00000e+00
 0.00000e+00
 0.00000e+00
 0.00000e+00
 0.00000e+00
 0.00000e+00
 0.00000e+00
 0.00000e+00
 0.00000e+00
 0.00000e+00
 0.00000e+00
 0.00000e+00
 0.00000e+00
 0.00000e+00
 0.00000e+00
 0.00000e+00
 0.00000e+00
 0.00000e+00
 0.00000e+00
 0.00000e+00
 1.44849e-16
 2.85969e-15
 4.59801e-14
 5.64098e-12
 3.89639e-11
 8.22896e-11
 9.50917e-11
 7.88467e-11
 4.90971e-11
 1.27632e-11
-1.70730e-11
-2.75781e-11
-2.71164e-11
-2.12814e-11
-7.10697e-12
 4.04777e-12
 6.92174e-12
 8.17252e-12
-5.18587e-13
 2.14322e-12
 2.64451e-12
 2.01101e-12
 1.42083e-12
 1.14397e-12
 8.77478e-13
 6.57673e-13
 4.70043e-13
 3.29657e-13
 2.09671e-13
 1.04559e-13
 4.68861e-14
 2.16446e-14
 1.76803e-14
 9.73137e-15
 8.48540e-15
 1.00701e-14
 1.73039e-16
-2.01531e-15
 3.32590e-15
 5.98857e-15
 3.50921e-15
 2.02833e-15
 4.94830e-16
-8.84709e-17
 2.50407e-15
 1.93422e-16
-2.86013e-15
-6.27970e-16
-2.56132e-15
-3.75091e-15
-3.56833e-15
-4.95784e-15
-4.25367e-15
-1.77432e-15
-4.32380e-16
 0.00000e+00
 0.00000e+00
 0.00000e+00
 0.00000e+00
 0.00000e+00
 0.00000e+00
 0.00000e+00
 0.00000e+00
 0.00000e+00
-3.34065e-16
-3.34065e-16
 0.00000e+00
 0.00000e+00
 0.00000e+00
 0.00000e+00
 0.00000e+00
 0.00000e+00
 0.00000e+00
 0.00000e+00
-3.34065e-16
 0.00000e+00
 0.00000e+00
 0.00000e+00
 0.00000e+00
 0.00000e+00
 0.00000e+00
 0.00000e+00
 0.00000e+00
 0.00000e+00
 0.00000e+00
 0.00000e+00
 0.00000e+00
 0.00000e+00
 0.00000e+00
 0.00000e+00
 0.00000e+00
 0.00000e+00
 0.00000e+00
 0.00000e+00
 0.00000e+00
 0.00000e+00
 0.00000e+00
 0.00000e+00
 0.00000e+00
 0.00000e+00
 0.00000e+00
-3.85976e-17
 1.04344e-15
 4.96304e-14
 1.49198e-12
 7.98517e-12
 1.84459e-11
 2.84619e-11
 3.71561e-11
 4.56284e-11
 4.91436e-11
 4.03747e-11
 3.02928e-11
 2.06187e-11
 6.04789e-12
-2.21280e-13
-3.49512e-12
-5.20218e-12
 1.32936e-12
 4.91039e-12
 5.88897e-12
 4.45039e-12
 2.59797e-12
 2.26393e-12
 1.74684e-12
 1.34796e-12
 1.01736e-12
 7.33842e-13
 4.91584e-13
 2.82930e-13
 1.29173e-13
 5.56634e-14
 4.16533e-14
 3.02423e-14
 3.13035e-14
 3.13881e-14
 2.49891e-14
 2.17703e-14
 1.40439e-14
 2.33234e-15
 2.30835e-15
 3.31493e-15
 5.71158e-15
 1.12983e-14
 6.85910e-15
 7.12798e-15
 1.23517e-14
 8.12111e-15
 2.65976e-15
 5.55198e-15
 5.29394e-15
 5.65823e-15
 9.62511e-15
 6.79478e-15
 2.15570e-15
 6.76976e-16
 0.00000e+00
 0.00000e+00
 0.00000e+00
 0.00000e+00
 0.00000e+00
 0.00000e+00
 0.00000e+00
 0.00000e+00
 0.00000e+00
-3.34065e-16
-3.34065e-16
 0.00000e+00
 0.00000e+00
 0.00000e+00
 0.00000e+00
 0.00000e+00
 0.00000e+00
 0.00000e+00
 0.00000e+00
-3.34065e-16
 0.00000e+00
 0.00000e+00
 0.00000e+00
 0.00000e+00
 0.00000e+00
 0.00000e+00
 0.00000e+00
 0.00000e+00
 0.00000e+00
 0.00000e+00
 0.00000e+00
 0.00000e+00
 0.00000e+00
 0.00000e+00
 0.00000e+00
 0.00000e+00
 0.00000e+00
 0.00000e+00
 0.00000e+00
 0.00000e+00
 0.00000e+00
 0.00000e+00
 0.00000e+00
 0.00000e+00
 0.00000e+00
 0.00000e+00
 8.02310e-17
 1.01351e-15
 2.68596e-14
 3.18754e-13
 1.50074e-12
 3.66051e-12
 6.61877e-12
 1.38655e-11
 1.60139e-11
 2.14245e-11
 3.01626e-11
 2.51567e-11
 2.71768e-11
 2.97983e-11
 2.35030e-11
 2.00928e-11
 1.64451e-11
 1.65216e-11
 1.34530e-11
 7.34769e-12
 3.52077e-12
 2.87715e-12
 2.05128e-12
 1.63387e-12
 1.28431e-12
 9.78322e-13
 7.19333e-13
 4.86245e-13
 3.08055e-13
 1.56010e-13
 6.27966e-14
 4.65036e-14
 2.53625e-14
 5.13218e-15
 1.04430e-15
-7.63885e-15
-1.24848e-14
-7.68916e-15
-5.30218e-15
-6.62981e-15
-4.63011e-15
-7.69697e-15
-1.39454e-14
-1.54169e-14
-1.46727e-14
-9.34365e-15
-3.64639e-15
-1.05992e-15
-2.74173e-15
-7.54952e-15
-1.08954e-14
-9.90354e-15
-6.34792e-15
-2.54324e-15
-3.73833e-16
 0.00000e+00
 0.00000e+00
 0.00000e+00
 0.00000e+00
 0.00000e+00
 0.00000e+00
 0.00000e+00
 0.00000e+00
 0.00000e+00
-3.34065e-16
-3.34065e-16
 0.00000e+00
 0.00000e+00
 0.00000e+00
 0.00000e+00
 0.00000e+00
 0.00000e+00
 0.00000e+00
 0.00000e+00
-3.34065e-16
 0.00000e+00
 0.00000e+00
 0.00000e+00
 0.00000e+00
 0.00000e+00
 0.00000e+00
 0.00000e+00
 0.00000e+00
 0.00000e+00
 0.00000e+00
 0.00000e+00
 0.00000e+00
 0.00000e+00
 0.00000e+00
 0.00000e+00
 0.00000e+00
 0.00000e+00
 0.00000e+00
 0.00000e+00
 0.00000e+00
 0.00000e+00
 0.00000e+00
 0.00000e+00
 0.00000e+00
 0.00000e+00
 0.00000e+00
-1.43115e-16
 2.25080e-16
 6.42498e-15
 5.75490e-14
 2.44981e-13
 6.83025e-13
 2.04503e-12
 1.95401e-12
 5.39883e-12
 6.42836e-12
 7.22517e-12
 1.14176e-11
 1.13085e-11
 1.36243e-11
 1.24891e-11
 1.11616e-11
 1.47523e-11
 1.01138e-11
 6.83567e-12
 6.06236e-12
 2.31927e-12
 1.36497e-12
 1.28896e-12
 1.01290e-12
 7.82405e-13
 5.92190e-13
 4.25329e-13
 2.89980e-13
 1.82835e-13
 8.96070e-14
 4.44341e-14
 3.50835e-14
 2.49683e-14
 1.51862e-14
 1.08156e-14
 7.65187e-15
 4.71324e-15
 4.69243e-16
 4.56232e-16
 1.77244e-16
-1.52409e-15
 1.94029e-15
 3.70147e-15
 4.82557e-15
 1.16357e-15
-3.77302e-15
-3.57483e-15
-6.74807e-16
 1.22602e-15
 3.77996e-15
 5.50428e-15
 5.39369e-15
 2.25284e-15
-1.51281e-15
 1.92554e-16
 0.00000e+00
 0.00000e+00
 0.00000e+00
 0.00000e+00
 0.00000e+00
 0.00000e+00
 0.00000e+00
 0.00000e+00
 0.00000e+00
-3.34065e-16
-3.34065e-16
 0.00000e+00
 0.00000e+00
 0.00000e+00
 0.00000e+00
 0.00000e+00
 0.00000e+00
 0.00000e+00
 0.00000e+00
 0.00000e+00
 0.00000e+00
 0.00000e+00
 0.00000e+00
 0.00000e+00
 0.00000e+00
 0.00000e+00
 0.00000e+00
 0.00000e+00
 0.00000e+00
 0.00000e+00
 0.00000e+00
 0.00000e+00
 0.00000e+00
 0.00000e+00
 0.00000e+00
 0.00000e+00
 0.00000e+00
 0.00000e+00
 0.00000e+00
 0.00000e+00
 0.00000e+00
 0.00000e+00
 0.00000e+00
 0.00000e+00
 0.00000e+00
 0.00000e+00
 0.00000e+00
 0.00000e+00
 0.00000e+00
 0.00000e+00
 0.00000e+00
 0.00000e+00
 0.00000e+00
 0.00000e+00
 0.00000e+00
 0.00000e+00
 0.00000e+00
 0.00000e+00
 0.00000e+00
 0.00000e+00
 0.00000e+00
 0.00000e+00
 0.00000e+00
 0.00000e+00
 0.00000e+00
 0.00000e+00
 0.00000e+00
 0.00000e+00
 0.00000e+00
 0.00000e+00
 0.00000e+00
 0.00000e+00
 0.00000e+00
 0.00000e+00
 0.00000e+00
 0.00000e+00
 0.00000e+00
 0.00000e+00
 0.00000e+00
 0.00000e+00
 0.00000e+00
 0.00000e+00
 0.00000e+00
 0.00000e+00
 0.00000e+00
 0.00000e+00
 0.00000e+00
 0.00000e+00
 0.00000e+00
 0.00000e+00
 0.00000e+00
 0.00000e+00
 0.00000e+00
 0.00000e+00
 0.00000e+00
 0.00000e+00
 0.00000e+00
 0.00000e+00
 0.00000e+00
 0.00000e+00
 0.00000e+00
 0.00000e+00
 0.00000e+00
 0.00000e+00
 0.00000e+00
 0.00000e+00
 0.00000e+00
 0.00000e+00
 0.00000e+00
 0.00000e+00
 0.00000e+00
 0.00000e+00
 0.00000e+00
 0.00000e+00
 0.00000e+00
 0.00000e+00
 0.00000e+00
 0.00000e+00
 0.00000e+00
 0.00000e+00
 0.00000e+00
 0.00000e+00
 0.00000e+00
 0.00000e+00
 0.00000e+00
 0.00000e+00
 0.00000e+00
 0.00000e+00
 0.00000e+00
 0.00000e+00
 0.00000e+00
 0.00000e+00
 0.00000e+00
 0.00000e+00
 0.00000e+00
 0.00000e+00
 0.00000e+00
 0.00000e+00
 0.00000e+00
 0.00000e+00
 0.00000e+00
 0.00000e+00
 0.00000e+00
 0.00000e+00
 0.00000e+00
 0.00000e+00
 0.00000e+00
 0.00000e+00
 0.00000e+00
 0.00000e+00
 0.00000e+00
 0.00000e+00
 0.00000e+00
 0.00000e+00
 0.00000e+00
 0.00000e+00
 0.00000e+00
 0.00000e+00
 0.00000e+00
 0.00000e+00
 0.00000e+00
 0.00000e+00
 0.00000e+00
 0.00000e+00
 0.00000e+00
 0.00000e+00
 0.00000e+00
 0.00000e+00
 0.00000e+00
 0.00000e+00
 0.00000e+00
 0.00000e+00
 0.00000e+00
 0.00000e+00
 0.00000e+00
 0.00000e+00
 0.00000e+00
 0.00000e+00
 0.00000e+00
 0.00000e+00
 0.00000e+00
 0.00000e+00
 0.00000e+00
 0.00000e+00
 0.00000e+00
 0.00000e+00
 0.00000e+00
 0.00000e+00
 0.00000e+00
 0.00000e+00
 0.00000e+00
 0.00000e+00
 0.00000e+00
 0.00000e+00
 0.00000e+00
 0.00000e+00
 0.00000e+00
 0.00000e+00
 0.00000e+00
 0.00000e+00
 0.00000e+00
 0.00000e+00
 0.00000e+00
 0.00000e+00
 0.00000e+00
 0.00000e+00
 0.00000e+00
 0.00000e+00
 0.00000e+00
 0.00000e+00
 0.00000e+00
 0.00000e+00
 0.00000e+00
 0.00000e+00
 0.00000e+00
 0.00000e+00
 0.00000e+00
 0.00000e+00
 0.00000e+00
 0.00000e+00
 0.00000e+00
 0.00000e+00
 0.00000e+00
 0.00000e+00
 0.00000e+00
 0.00000e+00
 0.00000e+00
 0.00000e+00
 0.00000e+00
 0.00000e+00
 0.00000e+00
 0.00000e+00
 0.00000e+00
 0.00000e+00
 0.00000e+00
 0.00000e+00
 0.00000e+00
 0.00000e+00
 0.00000e+00
 0.00000e+00
 0.00000e+00
 0.00000e+00
 0.00000e+00
 0.00000e+00
 0.00000e+00
 0.00000e+00
 0.00000e+00
 0.00000e+00
 0.00000e+00
 0.00000e+00
 0.00000e+00
 0.00000e+00
 0.00000e+00
 0.00000e+00
 0.00000e+00
 0.00000e+00
 0.00000e+00
 0.00000e+00
 0.00000e+00
 0.00000e+00
 0.00000e+00
 0.00000e+00
 0.00000e+00
 0.00000e+00
 0.00000e+00
 0.00000e+00
 0.00000e+00
 0.00000e+00
 0.00000e+00
 0.00000e+00
 0.00000e+00
 0.00000e+00
 0.00000e+00
 0.00000e+00
 0.00000e+00
 0.00000e+00
 0.00000e+00
 0.00000e+00
 0.00000e+00
 0.00000e+00
 0.00000e+00
 0.00000e+00
 0.00000e+00
 0.00000e+00
 0.00000e+00
 0.00000e+00
 0.00000e+00
 0.00000e+00
 0.00000e+00
 0.00000e+00
 0.00000e+00
 0.00000e+00
 0.00000e+00
 0.00000e+00
 0.00000e+00
 0.00000e+00
 0.00000e+00
 0.00000e+00
 0.00000e+00
 0.00000e+00
 0.00000e+00
 0.00000e+00
 0.00000e+00
 0.00000e+00
 0.00000e+00
 0.00000e+00
 0.00000e+00
 0.00000e+00
 0.00000e+00
 0.00000e+00
 0.00000e+00
 0.00000e+00
 0.00000e+00
 0.00000e+00
 0.00000e+00
 0.00000e+00
 0.00000e+00
 0.00000e+00
 0.00000e+00
 0.00000e+00
 0.00000e+00
 0.00000e+00
 0.00000e+00
 0.00000e+00
 0.00000e+00
 0.00000e+00
 0.00000e+00
 0.00000e+00
 0.00000e+00
 0.00000e+00
 0.00000e+00
 0.00000e+00
 0.00000e+00
 0.00000e+00
 0.00000e+00
 0.00000e+00
 0.00000e+00
 0.00000e+00
 0.00000e+00
 0.00000e+00
 0.00000e+00
 0.00000e+00
 0.00000e+00
 0.00000e+00
 0.00000e+00
 0.00000e+00
 0.00000e+00
 0.00000e+00
 0.00000e+00
 0.00000e+00
 0.00000e+00
 0.00000e+00
 0.00000e+00
 0.00000e+00
 0.00000e+00
 0.00000e+00
 0.00000e+00
 0.00000e+00
 0.00000e+00
 0.00000e+00
 0.00000e+00
 0.00000e+00
 0.00000e+00
 0.00000e+00
 0.00000e+00
 0.00000e+00
 0.00000e+00
 0.00000e+00
 0.00000e+00
 0.00000e+00
 0.00000e+00
 0.00000e+00
 0.00000e+00
 0.00000e+00
 0.00000e+00
 0.00000e+00
 0.00000e+00
 0.00000e+00
 0.00000e+00
 0.00000e+00
 0.00000e+00
 0.00000e+00
 0.00000e+00
 0.00000e+00
 0.00000e+00
 0.00000e+00
 0.00000e+00
 0.00000e+00
 0.00000e+00
 0.00000e+00
 0.00000e+00
 0.00000e+00
 0.00000e+00
 0.00000e+00
 0.00000e+00
 0.00000e+00
 0.00000e+00
 0.00000e+00
 0.00000e+00
 0.00000e+00
 0.00000e+00
 0.00000e+00
 0.00000e+00
 0.00000e+00
 0.00000e+00
 0.00000e+00
 0.00000e+00
 0.00000e+00
 0.00000e+00
 0.00000e+00
 0.00000e+00
 0.00000e+00
 0.00000e+00
 0.00000e+00
 0.00000e+00
 0.00000e+00
 0.00000e+00
 0.00000e+00
 0.00000e+00
 0.00000e+00
 0.00000e+00
 0.00000e+00
 0.00000e+00
 0.00000e+00
 0.00000e+00
 0.00000e+00
 0.00000e+00
 0.00000e+00
 0.00000e+00
 0.00000e+00
 0.00000e+00
 0.00000e+00
 0.00000e+00
 0.00000e+00
 0.00000e+00
 0.00000e+00
 0.00000e+00
 0.00000e+00
 0.00000e+00
 0.00000e+00
 0.00000e+00
 0.00000e+00
 0.00000e+00
 0.00000e+00
 0.00000e+00
 0.00000e+00
 0.00000e+00
 0.00000e+00
 0.00000e+00
 0.00000e+00
 0.00000e+00
 0.00000e+00
 0.00000e+00
 0.00000e+00
 0.00000e+00
 0.00000e+00
 0.00000e+00
 0.00000e+00
 0.00000e+00
 0.00000e+00
 0.00000e+00
 0.00000e+00
 0.00000e+00
 0.00000e+00
 0.00000e+00
 0.00000e+00
 0.00000e+00
 0.00000e+00
 0.00000e+00
 0.00000e+00
 0.00000e+00
 0.00000e+00
 0.00000e+00
 0.00000e+00
 0.00000e+00
 0.00000e+00
 0.00000e+00
 0.00000e+00
 0.00000e+00
 0.00000e+00
 0.00000e+00
 0.00000e+00
 0.00000e+00
 0.00000e+00
 0.00000e+00
 0.00000e+00
 0.00000e+00
 0.00000e+00
 0.00000e+00
 0.00000e+00
 0.00000e+00
 0.00000e+00
 0.00000e+00
 0.00000e+00
 0.00000e+00
 0.00000e+00
 0.00000e+00
 0.00000e+00
 0.00000e+00
 0.00000e+00
 0.00000e+00
 0.00000e+00
 0.00000e+00
 0.00000e+00
 0.00000e+00
 0.00000e+00
 0.00000e+00
 0.00000e+00
 0.00000e+00
 0.00000e+00
 0.00000e+00
 0.00000e+00
 0.00000e+00
 0.00000e+00
 0.00000e+00
 0.00000e+00
 0.00000e+00
 0.00000e+00
 0.00000e+00
 0.00000e+00
 0.00000e+00
 0.00000e+00
 0.00000e+00
 0.00000e+00
 0.00000e+00
 0.00000e+00
 0.00000e+00
 0.00000e+00
 0.00000e+00
 0.00000e+00
 0.00000e+00
 0.00000e+00
 0.00000e+00
 0.00000e+00
 0.00000e+00
 0.00000e+00
 0.00000e+00
 0.00000e+00
 0.00000e+00
 0.00000e+00
 0.00000e+00
 0.00000e+00
 0.00000e+00
 0.00000e+00
 0.00000e+00
 0.00000e+00
 0.00000e+00
 0.00000e+00
 0.00000e+00
 0.00000e+00
 0.00000e+00
 0.00000e+00
 0.00000e+00
 0.00000e+00
 0.00000e+00
 0.00000e+00
 0.00000e+00
 0.00000e+00
 0.00000e+00
 0.00000e+00
 0.00000e+00
 0.00000e+00
 0.00000e+00
 0.00000e+00
 0.00000e+00
 0.00000e+00
 0.00000e+00
 0.00000e+00
 0.00000e+00
 0.00000e+00
 0.00000e+00
 0.00000e+00
 0.00000e+00
 0.00000e+00
 0.00000e+00
 0.00000e+00
 0.00000e+00
 0.00000e+00
 0.00000e+00
 0.00000e+00
 0.00000e+00
 0.00000e+00
 0.00000e+00
 0.00000e+00
 0.00000e+00
 0.00000e+00
 0.00000e+00
 0.00000e+00
 0.00000e+00
 0.00000e+00
 0.00000e+00
 0.00000e+00
 0.00000e+00
 0.00000e+00
 0.00000e+00
 0.00000e+00
 0.00000e+00
 0.00000e+00
 0.00000e+00
 0.00000e+00
 0.00000e+00
 0.00000e+00
 0.00000e+00
 0.00000e+00
 0.00000e+00
 0.00000e+00
 0.00000e+00
 0.00000e+00
 0.00000e+00
 0.00000e+00
 0.00000e+00
 0.00000e+00
 0.00000e+00
 0.00000e+00
 0.00000e+00
 0.00000e+00
 0.00000e+00
 0.00000e+00
 0.00000e+00
 0.00000e+00
 0.00000e+00
 0.00000e+00
 0.00000e+00
 0.00000e+00
 0.00000e+00
 0.00000e+00
 0.00000e+00
 0.00000e+00
 0.00000e+00
 0.00000e+00
 0.00000e+00
 0.00000e+00
 0.00000e+00
 0.00000e+00
 0.00000e+00
 0.00000e+00
 0.00000e+00
 0.00000e+00
 0.00000e+00
 0.00000e+00
 0.00000e+00
 0.00000e+00
 0.00000e+00
 0.00000e+00
 0.00000e+00
 0.00000e+00
 0.00000e+00
 0.00000e+00
 0.00000e+00
 0.00000e+00
 0.00000e+00
 0.00000e+00
 0.00000e+00
 0.00000e+00
 0.00000e+00
 0.00000e+00
 0.00000e+00
 0.00000e+00
 0.00000e+00
 0.00000e+00
 0.00000e+00
 0.00000e+00
 0.00000e+00
 0.00000e+00
 0.00000e+00
 0.00000e+00
 0.00000e+00
 0.00000e+00
 0.00000e+00
 0.00000e+00
 0.00000e+00
 0.00000e+00
 0.00000e+00
 0.00000e+00
 0.00000e+00
 0.00000e+00
 0.00000e+00
 0.00000e+00
 0.00000e+00
 0.00000e+00
 0.00000e+00
 0.00000e+00
 0.00000e+00
 0.00000e+00
 0.00000e+00
 0.00000e+00
 0.00000e+00
 0.00000e+00
 0.00000e+00
 0.00000e+00
 0.00000e+00
 0.00000e+00
 0.00000e+00
 0.00000e+00
 0.00000e+00
 0.00000e+00
 0.00000e+00
 0.00000e+00
 0.00000e+00
 0.00000e+00
 0.00000e+00
 0.00000e+00
 0.00000e+00
 0.00000e+00
 0.00000e+00
 0.00000e+00
 0.00000e+00
 0.00000e+00
 0.00000e+00
 0.00000e+00
 0.00000e+00
 0.00000e+00
 0.00000e+00
 0.00000e+00
 0.00000e+00
 0.00000e+00
 0.00000e+00
 0.00000e+00
 0.00000e+00
 0.00000e+00
 0.00000e+00
 0.00000e+00
 0.00000e+00
 0.00000e+00
