Velocity
part
         1
coordinates
 0.00000e+00
 0.00000e+00
 0.00000e+00
 0.00000e+00
 0.00000e+00
 0.00000e+00
 0.00000e+00
 0.00000e+00
 0.00000e+00
 0.00000e+00
 0.00000e+00
 0.00000e+00
 0.00000e+00
 0.00000e+00
 0.00000e+00
 0.00000e+00
 0.00000e+00
 0.00000e+00
 0.00000e+00
 0.00000e+00
 5.24199e-14
 1.49621e-12
 3.24695e-11
 6.70076e-10
 1.24809e-08
 1.25023e-07
 9.38277e-07
 6.18427e-06
 3.60784e-05
 1.84457e-04
 8.14995e-04
 3.05981e-03
 9.58992e-03
 2.47728e-02
 5.28030e-02
 9.47995e-02
 1.48517e-01
 2.10910e-01
 2.80074e-01
 3.55372e-01
 4.36911e-01
 5.25154e-01
 6.20632e-01
 7.23425e-01
 8.31425e-01
 9.33485e-01
 9.83922e-01
 9.51871e-01
 9.33376e-01
 9.30605e-01
 9.28379e-01
 9.28027e-01
 9.27721e-01
 9.27462e-01
 9.27251e-01
 9.27087e-01
 9.26963e-01
 9.26865e-01
 9.26770e-01
 9.26638e-01
 9.26419e-01
 9.26046e-01
 9.25446e-01
 9.24544e-01
 9.23274e-01
 9.21575e-01
 9.19353e-01
 9.16356e-01
 9.11829e-01
 9.03776e-01
 8.87668e-01
 8.55152e-01
 7.94585e-01
 6.94976e-01
 5.52986e-01
 3.81801e-01
 2.15736e-01
 9.54319e-02
 3.37867e-02
 1.04187e-02
 3.01006e-03
 8.42461e-04
 2.30899e-04
 6.21386e-05
 1.64251e-05
 4.26316e-06
 1.08586e-06
 2.71017e-07
 6.59041e-08
 1.51764e-08
 3.14373e-09
 6.37851e-10
 1.27440e-10
 2.51116e-11
 4.88266e-12
 8.95334e-13
 2.35896e-13
 0.00000e+00
 0.00000e+00
 0.00000e+00
 0.00000e+00
 0.00000e+00
 0.00000e+00
 0.00000e+00
 0.00000e+00
 0.00000e+00
 0.00000e+00
 0.00000e+00
 0.00000e+00
 0.00000e+00
 0.00000e+00
 0.00000e+00
 0.00000e+00
 0.00000e+00
 0.00000e+00
 0.00000e+00
 0.00000e+00
 0.00000e+00
 0.00000e+00
 0.00000e+00
 0.00000e+00
 5.25162e-14
 1.49861e-12
 3.25407e-11
 6.72739e-10
 1.25612e-08
 1.25091e-07
 9.38258e-07
 6.18424e-06
 3.60783e-05
 1.84457e-04
 8.14995e-04
 3.05981e-03
 9.58992e-03
 2.47728e-02
 5.28030e-02
 9.47995e-02
 1.48517e-01
 2.10910e-01
 2.80074e-01
 3.55372e-01
 4.36911e-01
 5.25154e-01
 6.20632e-01
 7.23425e-01
 8.31425e-01
 9.33485e-01
 9.83922e-01
 9.51871e-01
 9.33376e-01
 9.30605e-01
 9.28379e-01
 9.28027e-01
 9.27721e-01
 9.27462e-01
 9.27251e-01
 9.27087e-01
 9.26963e-01
 9.26865e-01
 9.26770e-01
 9.26638e-01
 9.26419e-01
 9.26046e-01
 9.25446e-01
 9.24544e-01
 9.23274e-01
 9.21575e-01
 9.19353e-01
 9.16356e-01
 9.11829e-01
 9.03776e-01
 8.87668e-01
 8.55152e-01
 7.94585e-01
 6.94976e-01
 5.52986e-01
 3.81801e-01
 2.15736e-01
 9.54319e-02
 3.37867e-02
 1.04187e-02
 3.01006e-03
 8.42461e-04
 2.30899e-04
 6.21386e-05
 1.64251e-05
 4.26316e-06
 1.08586e-06
 2.71017e-07
 6.59041e-08
 1.51764e-08
 3.14373e-09
 6.37846e-10
 1.27450e-10
 2.51108e-11
 4.89023e-12
 8.94682e-13
 2.36765e-13
 0.00000e+00
 0.00000e+00
 0.00000e+00
 0.00000e+00
 0.00000e+00
 0.00000e+00
 0.00000e+00
 0.00000e+00
 0.00000e+00
 0.00000e+00
 0.00000e+00
 0.00000e+00
 0.00000e+00
 0.00000e+00
 0.00000e+00
 0.00000e+00
 0.00000e+00
 0.00000e+00
 0.00000e+00
 0.00000e+00
 0.00000e+00
 0.00000e+00
 0.00000e+00
 0.00000e+00
 5.24737e-14
 1.50278e-12
 3.27004e-11
 6.78030e-10
 1.26590e-08
 1.25183e-07
 9.38290e-07
 6.18420e-06
 3.60782e-05
 1.84457e-04
 8.14995e-04
 3.05981e-03
 9.58992e-03
 2.47728e-02
 5.28030e-02
 9.47995e-02
 1.48517e-01
 2.10910e-01
 2.80074e-01
 3.55372e-01
 4.36911e-01
 5.25154e-01
 6.20632e-01
 7.23425e-01
 8.31425e-01
 9.33485e-01
 9.83922e-01
 9.51871e-01
 9.33376e-01
 9.30605e-01
 9.28379e-01
 9.28027e-01
 9.27721e-01
 9.27462e-01
 9.27251e-01
 9.27087e-01
 9.26963e-01
 9.26865e-01
 9.26770e-01
 9.26638e-01
 9.26419e-01
 9.26046e-01
 9.25446e-01
 9.24544e-01
 9.23274e-01
 9.21575e-01
 9.19353e-01
 9.16356e-01
 9.11829e-01
 9.03776e-01
 8.87668e-01
 8.55152e-01
 7.94585e-01
 6.94976e-01
 5.52986e-01
 3.81801e-01
 2.15736e-01
 9.54319e-02
 3.37867e-02
 1.04187e-02
 3.01006e-03
 8.42461e-04
 2.30899e-04
 6.21386e-05
 1.64251e-05
 4.26316e-06
 1.08586e-06
 2.71017e-07
 6.59041e-08
 1.51764e-08
 3.14372e-09
 6.37851e-10
 1.27452e-10
 2.51089e-11
 4.89187e-12
 8.92848e-13
 2.38824e-13
 0.00000e+00
 0.00000e+00
 0.00000e+00
 0.00000e+00
 0.00000e+00
 0.00000e+00
 0.00000e+00
 0.00000e+00
 0.00000e+00
 0.00000e+00
 0.00000e+00
 0.00000e+00
 0.00000e+00
 0.00000e+00
 0.00000e+00
 0.00000e+00
 0.00000e+00
 0.00000e+00
 0.00000e+00
 0.00000e+00
 0.00000e+00
 0.00000e+00
 0.00000e+00
 0.00000e+00
 5.21449e-14
 1.50730e-12
 3.28498e-11
 6.81527e-10
 1.26816e-08
 1.25225e-07
 9.38330e-07
 6.18421e-06
 3.60782e-05
 1.84457e-04
 8.14994e-04
 3.05981e-03
 9.58992e-03
 2.47728e-02
 5.28030e-02
 9.47995e-02
 1.48517e-01
 2.10910e-01
 2.80074e-01
 3.55372e-01
 4.36911e-01
 5.25154e-01
 6.20632e-01
 7.23425e-01
 8.31425e-01
 9.33485e-01
 9.83922e-01
 9.51871e-01
 9.33376e-01
 9.30605e-01
 9.28379e-01
 9.28027e-01
 9.27721e-01
 9.27462e-01
 9.27251e-01
 9.27087e-01
 9.26963e-01
 9.26865e-01
 9.26770e-01
 9.26638e-01
 9.26419e-01
 9.26046e-01
 9.25446e-01
 9.24544e-01
 9.23274e-01
 9.21575e-01
 9.19353e-01
 9.16356e-01
 9.11829e-01
 9.03776e-01
 8.87668e-01
 8.55152e-01
 7.94585e-01
 6.94976e-01
 5.52986e-01
 3.81801e-01
 2.15736e-01
 9.54319e-02
 3.37867e-02
 1.04187e-02
 3.01006e-03
 8.42461e-04
 2.30899e-04
 6.21386e-05
 1.64251e-05
 4.26316e-06
 1.08586e-06
 2.71017e-07
 6.59041e-08
 1.51764e-08
 3.14372e-09
 6.37846e-10
 1.27445e-10
 2.51216e-11
 4.88262e-12
 8.91139e-13
 2.42775e-13
 0.00000e+00
 0.00000e+00
 0.00000e+00
 0.00000e+00
 0.00000e+00
 0.00000e+00
 0.00000e+00
 0.00000e+00
 0.00000e+00
 0.00000e+00
 0.00000e+00
 0.00000e+00
 0.00000e+00
 0.00000e+00
 0.00000e+00
 0.00000e+00
 0.00000e+00
 0.00000e+00
 0.00000e+00
 0.00000e+00
 0.00000e+00
 0.00000e+00
 0.00000e+00
 0.00000e+00
 5.22811e-14
 1.51039e-12
 3.29370e-11
 6.82645e-10
 1.26880e-08
 1.25240e-07
 9.38328e-07
 6.18425e-06
 3.60783e-05
 1.84457e-04
 8.14994e-04
 3.05981e-03
 9.58992e-03
 2.47727e-02
 5.28030e-02
 9.47995e-02
 1.48517e-01
 2.10910e-01
 2.80074e-01
 3.55372e-01
 4.36911e-01
 5.25154e-01
 6.20632e-01
 7.23425e-01
 8.31425e-01
 9.33485e-01
 9.83922e-01
 9.51871e-01
 9.33376e-01
 9.30605e-01
 9.28379e-01
 9.28027e-01
 9.27721e-01
 9.27462e-01
 9.27251e-01
 9.27087e-01
 9.26963e-01
 9.26865e-01
 9.26770e-01
 9.26638e-01
 9.26419e-01
 9.26046e-01
 9.25446e-01
 9.24544e-01
 9.23274e-01
 9.21575e-01
 9.19353e-01
 9.16356e-01
 9.11829e-01
 9.03776e-01
 8.87668e-01
 8.55152e-01
 7.94585e-01
 6.94976e-01
 5.52986e-01
 3.81801e-01
 2.15736e-01
 9.54319e-02
 3.37867e-02
 1.04187e-02
 3.01006e-03
 8.42461e-04
 2.30899e-04
 6.21386e-05
 1.64251e-05
 4.26316e-06
 1.08586e-06
 2.71017e-07
 6.59041e-08
 1.51764e-08
 3.14373e-09
 6.37843e-10
 1.27443e-10
 2.51220e-11
 4.88895e-12
 8.88213e-13
 2.40689e-13
 0.00000e+00
 0.00000e+00
 0.00000e+00
 0.00000e+00
 0.00000e+00
 0.00000e+00
 0.00000e+00
 0.00000e+00
 0.00000e+00
 0.00000e+00
 0.00000e+00
 0.00000e+00
 0.00000e+00
 0.00000e+00
 0.00000e+00
 0.00000e+00
 0.00000e+00
 0.00000e+00
 0.00000e+00
 0.00000e+00
 0.00000e+00
 0.00000e+00
 0.00000e+00
 0.00000e+00
 5.26072e-14
 1.51072e-12
 3.29633e-11
 6.82894e-10
 1.26895e-08
 1.25240e-07
 9.38337e-07
 6.18425e-06
 3.60783e-05
 1.84457e-04
 8.14995e-04
 3.05981e-03
 9.58992e-03
 2.47727e-02
 5.28030e-02
 9.47995e-02
 1.48517e-01
 2.10910e-01
 2.80074e-01
 3.55372e-01
 4.36911e-01
 5.25154e-01
 6.20632e-01
 7.23425e-01
 8.31425e-01
 9.33485e-01
 9.83922e-01
 9.51871e-01
 9.33376e-01
 9.30605e-01
 9.28379e-01
 9.28027e-01
 9.27721e-01
 9.27462e-01
 9.27251e-01
 9.27087e-01
 9.26963e-01
 9.26865e-01
 9.26770e-01
 9.26638e-01
 9.26419e-01
 9.26046e-01
 9.25446e-01
 9.24544e-01
 9.23274e-01
 9.21575e-01
 9.19353e-01
 9.16356e-01
 9.11829e-01
 9.03776e-01
 8.87668e-01
 8.55152e-01
 7.94585e-01
 6.94976e-01
 5.52986e-01
 3.81801e-01
 2.15736e-01
 9.54319e-02
 3.37867e-02
 1.04187e-02
 3.01006e-03
 8.42461e-04
 2.30899e-04
 6.21386e-05
 1.64251e-05
 4.26316e-06
 1.08586e-06
 2.71017e-07
 6.59041e-08
 1.51764e-08
 3.14372e-09
 6.37855e-10
 1.27439e-10
 2.51085e-11
 4.89861e-12
 8.85816e-13
 2.35841e-13
 0.00000e+00
 0.00000e+00
 0.00000e+00
 0.00000e+00
 0.00000e+00
 0.00000e+00
 0.00000e+00
 0.00000e+00
 0.00000e+00
 0.00000e+00
 0.00000e+00
 0.00000e+00
 0.00000e+00
 0.00000e+00
 0.00000e+00
 0.00000e+00
 0.00000e+00
 0.00000e+00
 0.00000e+00
 0.00000e+00
 0.00000e+00
 0.00000e+00
 0.00000e+00
 0.00000e+00
 0.00000e+00
 0.00000e+00
 0.00000e+00
 0.00000e+00
 0.00000e+00
 0.00000e+00
 0.00000e+00
 0.00000e+00
 0.00000e+00
 0.00000e+00
 0.00000e+00
 0.00000e+00
 0.00000e+00
 0.00000e+00
 0.00000e+00
 0.00000e+00
 0.00000e+00
 0.00000e+00
 0.00000e+00
 0.00000e+00
 0.00000e+00
 0.00000e+00
 0.00000e+00
 0.00000e+00
 0.00000e+00
 0.00000e+00
 0.00000e+00
 0.00000e+00
 0.00000e+00
 0.00000e+00
 0.00000e+00
 0.00000e+00
 0.00000e+00
 0.00000e+00
 0.00000e+00
 0.00000e+00
 0.00000e+00
 0.00000e+00
 0.00000e+00
 0.00000e+00
 0.00000e+00
 0.00000e+00
 0.00000e+00
 0.00000e+00
 0.00000e+00
 0.00000e+00
 0.00000e+00
 0.00000e+00
 0.00000e+00
 0.00000e+00
 0.00000e+00
 0.00000e+00
 0.00000e+00
 0.00000e+00
 0.00000e+00
 0.00000e+00
 0.00000e+00
 0.00000e+00
 0.00000e+00
 0.00000e+00
 0.00000e+00
 0.00000e+00
 0.00000e+00
 0.00000e+00
 0.00000e+00
 0.00000e+00
 0.00000e+00
 0.00000e+00
 0.00000e+00
 0.00000e+00
 0.00000e+00
 0.00000e+00
 0.00000e+00
 0.00000e+00
 0.00000e+00
 0.00000e+00
 0.00000e+00
 0.00000e+00
 0.00000e+00
 0.00000e+00
 0.00000e+00
 0.00000e+00
 0.00000e+00
-5.94274e-16
 0.00000e+00
 0.00000e+00
 0.00000e+00
 0.00000e+00
 0.00000e+00
 0.00000e+00
 0.00000e+00
 0.00000e+00
 0.00000e+00
 0.00000e+00
 0.00000e+00
 0.00000e+00
 0.00000e+00
 0.00000e+00
 0.00000e+00
 0.00000e+00
 0.00000e+00
 4.64039e-17
 1.29671e-15
 3.81223e-14
 1.40533e-12
 4.28403e-11
 1.16795e-10
 1.41209e-10
 1.17326e-10
 6.40915e-11
-4.83228e-12
-4.74832e-11
-5.74917e-11
-4.34738e-11
-1.85778e-11
 7.80442e-12
 2.58188e-11
 2.67981e-11
 1.73043e-11
 1.59376e-12
-4.98213e-12
-1.66816e-11
-6.21850e-12
-8.31372e-12
-3.49559e-12
-3.23620e-12
-4.12604e-12
 9.63720e-12
 3.92417e-12
 1.35140e-12
-8.74820e-13
-1.32543e-13
 3.57051e-14
 8.53881e-14
 1.62938e-13
 2.31919e-13
 2.94301e-13
 3.72932e-13
 4.48316e-13
 4.93739e-13
 5.22751e-13
 5.56529e-13
 5.82266e-13
 5.87498e-13
 5.81749e-13
 5.72077e-13
 5.60207e-13
 5.15821e-13
 4.48426e-13
 3.96296e-13
 3.56221e-13
 3.16305e-13
 2.68251e-13
 2.07593e-13
 1.60777e-13
 1.11069e-13
 5.29611e-14
 2.52719e-14
 1.40478e-14
 5.81132e-16
-7.94200e-15
-9.71402e-15
-1.30357e-14
-9.69073e-15
-9.30462e-15
-1.39871e-14
-1.40031e-14
-1.71430e-14
-1.57773e-14
-1.19236e-14
-1.17614e-14
-1.23213e-14
-1.45296e-14
-1.20962e-14
-7.92435e-15
-4.54511e-15
-5.41234e-16
-4.32814e-16
 0.00000e+00
 0.00000e+00
 0.00000e+00
 0.00000e+00
 0.00000e+00
 0.00000e+00
-5.94274e-16
 0.00000e+00
 0.00000e+00
 0.00000e+00
 0.00000e+00
 0.00000e+00
 0.00000e+00
 0.00000e+00
 0.00000e+00
 0.00000e+00
 0.00000e+00
 0.00000e+00
 0.00000e+00
 0.00000e+00
 0.00000e+00
 0.00000e+00
 0.00000e+00
 0.00000e+00
-7.06900e-17
 7.43763e-16
 4.58197e-14
 1.40368e-12
 1.15483e-11
 3.27538e-11
 7.06225e-11
 8.76291e-11
 8.31053e-11
 8.15330e-11
 6.01725e-11
 3.03431e-11
 1.26303e-12
-2.77837e-11
-4.22813e-11
-3.74646e-11
-2.47663e-11
-6.50297e-12
 4.67371e-12
 1.51151e-11
 1.54670e-11
 1.38989e-11
 9.52724e-12
-1.59320e-13
 3.66751e-14
 2.00116e-12
 2.98061e-12
 9.39415e-16
-2.46807e-13
-7.89914e-13
-3.32211e-13
-1.28086e-13
 7.36250e-14
 2.42869e-13
 3.76891e-13
 5.05644e-13
 6.22709e-13
 7.01459e-13
 8.03384e-13
 8.85977e-13
 9.03018e-13
 9.13696e-13
 9.26376e-13
 9.22877e-13
 9.00332e-13
 8.76791e-13
 8.24034e-13
 7.55077e-13
 6.74291e-13
 5.91084e-13
 5.15015e-13
 4.30835e-13
 3.56135e-13
 2.55222e-13
 1.55188e-13
 9.66813e-14
 5.22369e-14
 2.25952e-14
 1.97620e-14
 2.52602e-14
 2.32453e-14
 2.05269e-14
 2.30140e-14
 2.33186e-14
 2.03847e-14
 1.89297e-14
 1.90087e-14
 1.93860e-14
 1.97412e-14
 1.86812e-14
 1.20758e-14
 1.01876e-14
 1.11864e-14
 5.88232e-15
 2.35432e-15
-6.34909e-16
-6.04551e-16
 0.00000e+00
 0.00000e+00
 0.00000e+00
 0.00000e+00
 0.00000e+00
 0.00000e+00
-5.94274e-16
 0.00000e+00
 0.00000e+00
 0.00000e+00
 0.00000e+00
 0.00000e+00
 0.00000e+00
 0.00000e+00
 0.00000e+00
 0.00000e+00
 0.00000e+00
 0.00000e+00
 0.00000e+00
 0.00000e+00
 0.00000e+00
 0.00000e+00
 0.00000e+00
 0.00000e+00
-9.36751e-17
 1.18135e-15
 3.30487e-14
 4.98344e-13
 3.37348e-12
 1.40190e-11
 1.68590e-11
 2.82364e-11
 4.73007e-11
 5.25679e-11
 5.90300e-11
 5.23662e-11
 4.11298e-11
 2.87210e-11
 5.43656e-12
-1.22449e-11
-2.11834e-11
-3.17286e-11
-3.02935e-11
-2.75354e-11
-2.23902e-11
-1.62542e-11
-8.57269e-12
-9.97801e-13
-8.70304e-13
 8.44091e-13
-8.89767e-13
-2.53671e-12
-1.99894e-12
-1.82447e-12
-2.13196e-13
 7.40517e-14
 1.58317e-13
 2.43425e-13
 3.80672e-13
 5.40666e-13
 6.44450e-13
 7.41372e-13
 8.31125e-13
 8.78235e-13
 9.30245e-13
 9.51640e-13
 9.26809e-13
 9.15806e-13
 8.97744e-13
 8.33637e-13
 7.80257e-13
 7.45968e-13
 6.89407e-13
 6.20725e-13
 5.33476e-13
 4.42203e-13
 3.62019e-13
 2.67628e-13
 1.68070e-13
 9.64216e-14
 3.29493e-14
-1.46888e-15
-1.19184e-14
-2.39882e-14
-2.27800e-14
-2.20034e-14
-2.56645e-14
-2.39882e-14
-2.29343e-14
-2.00096e-14
-1.94354e-14
-2.14468e-14
-1.90499e-14
-1.55232e-14
-5.93319e-15
-6.10102e-15
-1.34042e-14
-6.29718e-15
-1.07523e-15
-2.48022e-15
-1.37954e-15
 0.00000e+00
 0.00000e+00
 0.00000e+00
 0.00000e+00
 0.00000e+00
 0.00000e+00
-5.94274e-16
 0.00000e+00
 0.00000e+00
 0.00000e+00
 0.00000e+00
 0.00000e+00
 0.00000e+00
 0.00000e+00
 0.00000e+00
 0.00000e+00
 0.00000e+00
 0.00000e+00
 0.00000e+00
 0.00000e+00
 0.00000e+00
 0.00000e+00
 0.00000e+00
 0.00000e+00
 1.56125e-16
 4.89192e-16
 1.37997e-14
 1.51307e-13
 1.04888e-12
 1.47621e-12
 5.49661e-12
 9.90562e-12
 1.45668e-11
 2.16777e-11
 2.59569e-11
 3.25938e-11
 3.08925e-11
 2.68003e-11
 2.49237e-11
 1.21364e-11
 1.77598e-13
-4.25587e-12
-1.67341e-11
-2.88844e-11
-2.87069e-11
-3.16558e-11
-2.87403e-11
-2.72258e-11
-2.58931e-11
-2.08842e-11
-1.16802e-11
-4.39343e-12
-3.78220e-12
-3.85989e-13
-2.80073e-13
-4.09340e-14
 6.43900e-14
 1.92889e-13
 2.71464e-13
 3.17897e-13
 4.02543e-13
 4.78522e-13
 5.16829e-13
 5.54038e-13
 5.69727e-13
 5.89056e-13
 6.02669e-13
 5.81015e-13
 5.59722e-13
 5.21163e-13
 4.69521e-13
 4.30920e-13
 4.06677e-13
 3.64678e-13
 3.21118e-13
 2.83454e-13
 2.03161e-13
 1.31783e-13
 1.03740e-13
 7.79810e-14
 4.79469e-14
 2.60356e-14
 8.06733e-15
 4.10609e-15
 7.16744e-15
 1.23953e-14
 1.46526e-14
 1.12761e-14
 1.73355e-14
 1.83811e-14
 1.73737e-14
 2.08960e-14
 1.63866e-14
 1.07297e-14
 5.05585e-15
 8.25381e-15
 1.28972e-14
 3.81236e-15
 1.88551e-15
 6.05115e-15
 2.42428e-15
 0.00000e+00
 0.00000e+00
 0.00000e+00
 0.00000e+00
 0.00000e+00
 0.00000e+00
 0.00000e+00
 0.00000e+00
 0.00000e+00
 0.00000e+00
 0.00000e+00
 0.00000e+00
 0.00000e+00
 0.00000e+00
 0.00000e+00
 0.00000e+00
 0.00000e+00
 0.00000e+00
 0.00000e+00
 0.00000e+00
 0.00000e+00
 0.00000e+00
 0.00000e+00
 0.00000e+00
 0.00000e+00
 0.00000e+00
 0.00000e+00
 0.00000e+00
 0.00000e+00
 0.00000e+00
 0.00000e+00
 0.00000e+00
 0.00000e+00
 0.00000e+00
 0.00000e+00
 0.00000e+00
 0.00000e+00
 0.00000e+00
 0.00000e+00
 0.00000e+00
 0.00000e+00
 0.00000e+00
 0.00000e+00
 0.00000e+00
 0.00000e+00
 0.00000e+00
 0.00000e+00
 0.00000e+00
 0.00000e+00
 0.00000e+00
 0.00000e+00
 0.00000e+00
 0.00000e+00
 0.00000e+00
 0.00000e+00
 0.00000e+00
 0.00000e+00
 0.00000e+00
 0.00000e+00
 0.00000e+00
 0.00000e+00
 0.00000e+00
 0.00000e+00
 0.00000e+00
 0.00000e+00
 0.00000e+00
 0.00000e+00
 0.00000e+00
 0.00000e+00
 0.00000e+00
 0.00000e+00
 0.00000e+00
 0.00000e+00
 0.00000e+00
 0.00000e+00
 0.00000e+00
 0.00000e+00
 0.00000e+00
 0.00000e+00
 0.00000e+00
 0.00000e+00
 0.00000e+00
 0.00000e+00
 0.00000e+00
 0.00000e+00
 0.00000e+00
 0.00000e+00
 0.00000e+00
 0.00000e+00
 0.00000e+00
 0.00000e+00
 0.00000e+00
 0.00000e+00
 0.00000e+00
 0.00000e+00
 0.00000e+00
 0.00000e+00
 0.00000e+00
 0.00000e+00
 0.00000e+00
 0.00000e+00
 0.00000e+00
 0.00000e+00
 0.00000e+00
 0.00000e+00
 0.00000e+00
 0.00000e+00
 0.00000e+00
 0.00000e+00
 0.00000e+00
 0.00000e+00
 0.00000e+00
 0.00000e+00
 0.00000e+00
 0.00000e+00
 0.00000e+00
 0.00000e+00
 0.00000e+00
 0.00000e+00
 0.00000e+00
 0.00000e+00
 0.00000e+00
 0.00000e+00
 0.00000e+00
 0.00000e+00
 0.00000e+00
 0.00000e+00
 0.00000e+00
 0.00000e+00
 0.00000e+00
 0.00000e+00
 0.00000e+00
 0.00000e+00
 0.00000e+00
 0.00000e+00
 0.00000e+00
 0.00000e+00
 0.00000e+00
 0.00000e+00
 0.00000e+00
 0.00000e+00
 0.00000e+00
 0.00000e+00
 0.00000e+00
 0.00000e+00
 0.00000e+00
 0.00000e+00
 0.00000e+00
 0.00000e+00
 0.00000e+00
 0.00000e+00
 0.00000e+00
 0.00000e+00
 0.00000e+00
 0.00000e+00
 0.00000e+00
 0.00000e+00
 0.00000e+00
 0.00000e+00
 0.00000e+00
 0.00000e+00
 0.00000e+00
 0.00000e+00
 0.00000e+00
 0.00000e+00
 0.00000e+00
 0.00000e+00
 0.00000e+00
 0.00000e+00
 0.00000e+00
 0.00000e+00
 0.00000e+00
 0.00000e+00
 0.00000e+00
 0.00000e+00
 0.00000e+00
 0.00000e+00
 0.00000e+00
 0.00000e+00
 0.00000e+00
 0.00000e+00
 0.00000e+00
 0.00000e+00
 0.00000e+00
 0.00000e+00
 0.00000e+00
 0.00000e+00
 0.00000e+00
 0.00000e+00
 0.00000e+00
 0.00000e+00
 0.00000e+00
 0.00000e+00
 0.00000e+00
 0.00000e+00
 0.00000e+00
 0.00000e+00
 0.00000e+00
 0.00000e+00
 0.00000e+00
 0.00000e+00
 0.00000e+00
 0.00000e+00
 0.00000e+00
 0.00000e+00
 0.00000e+00
 0.00000e+00
 0.00000e+00
 0.00000e+00
 0.00000e+00
 0.00000e+00
 0.00000e+00
 0.00000e+00
 0.00000e+00
 0.00000e+00
 0.00000e+00
 0.00000e+00
 0.00000e+00
 0.00000e+00
 0.00000e+00
 0.00000e+00
 0.00000e+00
 0.00000e+00
 0.00000e+00
 0.00000e+00
 0.00000e+00
 0.00000e+00
 0.00000e+00
 0.00000e+00
 0.00000e+00
 0.00000e+00
 0.00000e+00
 0.00000e+00
 0.00000e+00
 0.00000e+00
 0.00000e+00
 0.00000e+00
 0.00000e+00
 0.00000e+00
 0.00000e+00
 0.00000e+00
 0.00000e+00
 0.00000e+00
 0.00000e+00
 0.00000e+00
 0.00000e+00
 0.00000e+00
 0.00000e+00
 0.00000e+00
 0.00000e+00
 0.00000e+00
 0.00000e+00
 0.00000e+00
 0.00000e+00
 0.00000e+00
 0.00000e+00
 0.00000e+00
 0.00000e+00
 0.00000e+00
 0.00000e+00
 0.00000e+00
 0.00000e+00
 0.00000e+00
 0.00000e+00
 0.00000e+00
 0.00000e+00
 0.00000e+00
 0.00000e+00
 0.00000e+00
 0.00000e+00
 0.00000e+00
 0.00000e+00
 0.00000e+00
 0.00000e+00
 0.00000e+00
 0.00000e+00
 0.00000e+00
 0.00000e+00
 0.00000e+00
 0.00000e+00
 0.00000e+00
 0.00000e+00
 0.00000e+00
 0.00000e+00
 0.00000e+00
 0.00000e+00
 0.00000e+00
 0.00000e+00
 0.00000e+00
 0.00000e+00
 0.00000e+00
 0.00000e+00
 0.00000e+00
 0.00000e+00
 0.00000e+00
 0.00000e+00
 0.00000e+00
 0.00000e+00
 0.00000e+00
 0.00000e+00
 0.00000e+00
 0.00000e+00
 0.00000e+00
 0.00000e+00
 0.00000e+00
 0.00000e+00
 0.00000e+00
 0.00000e+00
 0.00000e+00
 0.00000e+00
 0.00000e+00
 0.00000e+00
 0.00000e+00
 0.00000e+00
 0.00000e+00
 0.00000e+00
 0.00000e+00
 0.00000e+00
 0.00000e+00
 0.00000e+00
 0.00000e+00
 0.00000e+00
 0.00000e+00
 0.00000e+00
 0.00000e+00
 0.00000e+00
 0.00000e+00
 0.00000e+00
 0.00000e+00
 0.00000e+00
 0.00000e+00
 0.00000e+00
 0.00000e+00
 0.00000e+00
 0.00000e+00
 0.00000e+00
 0.00000e+00
 0.00000e+00
 0.00000e+00
 0.00000e+00
 0.00000e+00
 0.00000e+00
 0.00000e+00
 0.00000e+00
 0.00000e+00
 0.00000e+00
 0.00000e+00
 0.00000e+00
 0.00000e+00
 0.00000e+00
 0.00000e+00
 0.00000e+00
 0.00000e+00
 0.00000e+00
 0.00000e+00
 0.00000e+00
 0.00000e+00
 0.00000e+00
 0.00000e+00
 0.00000e+00
 0.00000e+00
 0.00000e+00
 0.00000e+00
 0.00000e+00
 0.00000e+00
 0.00000e+00
 0.00000e+00
 0.00000e+00
 0.00000e+00
 0.00000e+00
 0.00000e+00
 0.00000e+00
 0.00000e+00
 0.00000e+00
 0.00000e+00
 0.00000e+00
 0.00000e+00
 0.00000e+00
 0.00000e+00
 0.00000e+00
 0.00000e+00
 0.00000e+00
 0.00000e+00
 0.00000e+00
 0.00000e+00
 0.00000e+00
 0.00000e+00
 0.00000e+00
 0.00000e+00
 0.00000e+00
 0.00000e+00
 0.00000e+00
 0.00000e+00
 0.00000e+00
 0.00000e+00
 0.00000e+00
 0.00000e+00
 0.00000e+00
 0.00000e+00
 0.00000e+00
 0.00000e+00
 0.00000e+00
 0.00000e+00
 0.00000e+00
 0.00000e+00
 0.00000e+00
 0.00000e+00
 0.00000e+00
 0.00000e+00
 0.00000e+00
 0.00000e+00
 0.00000e+00
 0.00000e+00
 0.00000e+00
 0.00000e+00
 0.00000e+00
 0.00000e+00
 0.00000e+00
 0.00000e+00
 0.00000e+00
 0.00000e+00
 0.00000e+00
 0.00000e+00
 0.00000e+00
 0.00000e+00
 0.00000e+00
 0.00000e+00
 0.00000e+00
 0.00000e+00
 0.00000e+00
 0.00000e+00
 0.00000e+00
 0.00000e+00
 0.00000e+00
 0.00000e+00
 0.00000e+00
 0.00000e+00
 0.00000e+00
 0.00000e+00
 0.00000e+00
 0.00000e+00
 0.00000e+00
 0.00000e+00
 0.00000e+00
 0.00000e+00
 0.00000e+00
 0.00000e+00
 0.00000e+00
 0.00000e+00
 0.00000e+00
 0.00000e+00
 0.00000e+00
 0.00000e+00
 0.00000e+00
 0.00000e+00
 0.00000e+00
 0.00000e+00
 0.00000e+00
 0.00000e+00
 0.00000e+00
 0.00000e+00
 0.00000e+00
 0.00000e+00
 0.00000e+00
 0.00000e+00
 0.00000e+00
 0.00000e+00
 0.00000e+00
 0.00000e+00
 0.00000e+00
 0.00000e+00
 0.00000e+00
 0.00000e+00
 0.00000e+00
 0.00000e+00
 0.00000e+00
 0.00000e+00
 0.00000e+00
 0.00000e+00
 0.00000e+00
 0.00000e+00
 0.00000e+00
 0.00000e+00
 0.00000e+00
 0.00000e+00
 0.00000e+00
 0.00000e+00
 0.00000e+00
 0.00000e+00
 0.00000e+00
 0.00000e+00
 0.00000e+00
 0.00000e+00
 0.00000e+00
 0.00000e+00
 0.00000e+00
 0.00000e+00
 0.00000e+00
 0.00000e+00
 0.00000e+00
 0.00000e+00
 0.00000e+00
 0.00000e+00
 0.00000e+00
 0.00000e+00
 0.00000e+00
 0.00000e+00
 0.00000e+00
 0.00000e+00
 0.00000e+00
 0.00000e+00
 0.00000e+00
 0.00000e+00
 0.00000e+00
 0.00000e+00
 0.00000e+00
 0.00000e+00
 0.00000e+00
 0.00000e+00
 0.00000e+00
 0.00000e+00
 0.00000e+00
 0.00000e+00
 0.00000e+00
 0.00000e+00
 0.00000e+00
 0.00000e+00
 0.00000e+00
 0.00000e+00
 0.00000e+00
 0.00000e+00
 0.00000e+00
 0.00000e+00
 0.00000e+00
 0.00000e+00
 0.00000e+00
 0.00000e+00
 0.00000e+00
 0.00000e+00
 0.00000e+00
 0.00000e+00
 0.00000e+00
 0.00000e+00
 0.00000e+00
 0.00000e+00
 0.00000e+00
 0.00000e+00
 0.00000e+00
 0.00000e+00
 0.00000e+00
 0.00000e+00
 0.00000e+00
 0.00000e+00
 0.00000e+00
 0.00000e+00
 0.00000e+00
 0.00000e+00
 0.00000e+00
 0.00000e+00
 0.00000e+00
 0.00000e+00
 0.00000e+00
 0.00000e+00
 0.00000e+00
 0.00000e+00
 0.00000e+00
 0.00000e+00
 0.00000e+00
 0.00000e+00
 0.00000e+00
 0.00000e+00
 0.00000e+00
 0.00000e+00
 0.00000e+00
 0.00000e+00
 0.00000e+00
 0.00000e+00
 0.00000e+00
 0.00000e+00
 0.00000e+00
 0.00000e+00
 0.00000e+00
 0.00000e+00
 0.00000e+00
 0.00000e+00
 0.00000e+00
 0.00000e+00
 0.00000e+00
 0.00000e+00
 0.00000e+00
 0.00000e+00
 0.00000e+00
 0.00000e+00
 0.00000e+00
 0.00000e+00
 0.00000e+00
 0.00000e+00
 0.00000e+00
 0.00000e+00
 0.00000e+00
 0.00000e+00
 0.00000e+00
 0.00000e+00
 0.00000e+00
 0.00000e+00
 0.00000e+00
 0.00000e+00
 0.00000e+00
 0.00000e+00
 0.00000e+00
 0.00000e+00
 0.00000e+00
 0.00000e+00
 0.00000e+00
 0.00000e+00
 0.00000e+00
 0.00000e+00
 0.00000e+00
 0.00000e+00
 0.00000e+00
 0.00000e+00
 0.00000e+00
 0.00000e+00
 0.00000e+00
 0.00000e+00
 0.00000e+00
 0.00000e+00
 0.00000e+00
 0.00000e+00
 0.00000e+00
 0.00000e+00
 0.00000e+00
 0.00000e+00
 0.00000e+00
 0.00000e+00
 0.00000e+00
 0.00000e+00
 0.00000e+00
 0.00000e+00
 0.00000e+00
 0.00000e+00
 0.00000e+00
 0.00000e+00
 0.00000e+00
 0.00000e+00
 0.00000e+00
 0.00000e+00
 0.00000e+00
 0.00000e+00
 0.00000e+00
 0.00000e+00
 0.00000e+00
 0.00000e+00
 0.00000e+00
 0.00000e+00
 0.00000e+00
 0.00000e+00
 0.00000e+00
 0.00000e+00
 0.00000e+00
 0.00000e+00
 0.00000e+00
 0.00000e+00
 0.00000e+00
 0.00000e+00
 0.00000e+00
 0.00000e+00
 0.00000e+00
 0.00000e+00
 0.00000e+00
 0.00000e+00
 0.00000e+00
 0.00000e+00
 0.00000e+00
 0.00000e+00
 0.00000e+00
 0.00000e+00
 0.00000e+00
 0.00000e+00
 0.00000e+00
 0.00000e+00
 0.00000e+00
 0.00000e+00
 0.00000e+00
 0.00000e+00
 0.00000e+00
 0.00000e+00
 0.00000e+00
 0.00000e+00
 0.00000e+00
 0.00000e+00
 0.00000e+00
 0.00000e+00
 0.00000e+00
 0.00000e+00
 0.00000e+00
 0.00000e+00
 0.00000e+00
 0.00000e+00
 0.00000e+00
 0.00000e+00
 0.00000e+00
 0.00000e+00
 0.00000e+00
 0.00000e+00
 0.00000e+00
 0.00000e+00
 0.00000e+00
 0.00000e+00
 0.00000e+00
 0.00000e+00
