Velocity
part
         1
coordinates
 0.00000e+00
 0.00000e+00
 0.00000e+00
 0.00000e+00
 0.00000e+00
 0.00000e+00
 0.00000e+00
 0.00000e+00
 0.00000e+00
 0.00000e+00
 0.00000e+00
 0.00000e+00
 0.00000e+00
 0.00000e+00
 0.00000e+00
 5.44599e-14
 1.37978e-12
 2.60496e-11
 4.75402e-10
 8.25309e-09
 8.10521e-08
 5.49520e-07
 3.26392e-06
 1.74265e-05
 8.32197e-05
 3.51924e-04
 1.30154e-03
 4.15069e-03
 1.12632e-02
 2.58191e-02
 5.02513e-02
 8.46828e-02
 1.27244e-01
 1.75742e-01
 2.28744e-01
 2.85633e-01
 3.46290e-01
 4.10852e-01
 4.79597e-01
 5.52871e-01
 6.31003e-01
 7.14089e-01
 8.01334e-01
 8.88804e-01
 9.61290e-01
 9.73852e-01
 9.46815e-01
 9.33214e-01
 9.30007e-01
 9.28446e-01
 9.27519e-01
 9.27382e-01
 9.27249e-01
 9.27119e-01
 9.26990e-01
 9.26863e-01
 9.26736e-01
 9.26612e-01
 9.26491e-01
 9.26377e-01
 9.26270e-01
 9.26174e-01
 9.26090e-01
 9.26015e-01
 9.25947e-01
 9.25873e-01
 9.25777e-01
 9.25633e-01
 9.25407e-01
 9.25053e-01
 9.24513e-01
 9.23693e-01
 9.22422e-01
 9.20316e-01
 9.16480e-01
 9.08852e-01
 8.93067e-01
 8.61266e-01
 8.02422e-01
 7.05766e-01
 5.67299e-01
 3.98393e-01
 2.31080e-01
 1.05810e-01
 3.88566e-02
 1.24090e-02
 3.71772e-03
 1.08406e-03
 3.11443e-04
 8.84154e-05
 2.48050e-05
 6.87252e-06
 1.87871e-06
 5.06030e-07
 1.33825e-07
 3.43196e-08
 8.08305e-09
 1.76860e-09
 3.82642e-10
 7.85620e-11
 0.00000e+00
 0.00000e+00
 0.00000e+00
 0.00000e+00
 0.00000e+00
 0.00000e+00
 0.00000e+00
 0.00000e+00
 0.00000e+00
 0.00000e+00
 0.00000e+00
 0.00000e+00
 0.00000e+00
 0.00000e+00
 0.00000e+00
 0.00000e+00
 5.44929e-14
 1.38141e-12
 2.61029e-11
 4.77285e-10
 8.32247e-09
 8.11391e-08
 5.49523e-07
 3.26389e-06
 1.74264e-05
 8.32196e-05
 3.51924e-04
 1.30154e-03
 4.15069e-03
 1.12632e-02
 2.58191e-02
 5.02513e-02
 8.46828e-02
 1.27244e-01
 1.75742e-01
 2.28744e-01
 2.85633e-01
 3.46290e-01
 4.10852e-01
 4.79597e-01
 5.52871e-01
 6.31003e-01
 7.14089e-01
 8.01334e-01
 8.88804e-01
 9.61290e-01
 9.73852e-01
 9.46815e-01
 9.33214e-01
 9.30007e-01
 9.28446e-01
 9.27519e-01
 9.27382e-01
 9.27249e-01
 9.27119e-01
 9.26990e-01
 9.26863e-01
 9.26736e-01
 9.26612e-01
 9.26491e-01
 9.26377e-01
 9.26270e-01
 9.26174e-01
 9.26090e-01
 9.26015e-01
 9.25947e-01
 9.25873e-01
 9.25777e-01
 9.25633e-01
 9.25407e-01
 9.25053e-01
 9.24513e-01
 9.23693e-01
 9.22422e-01
 9.20316e-01
 9.16480e-01
 9.08852e-01
 8.93067e-01
 8.61266e-01
 8.02422e-01
 7.05766e-01
 5.67299e-01
 3.98393e-01
 2.31080e-01
 1.05810e-01
 3.88566e-02
 1.24090e-02
 3.71772e-03
 1.08406e-03
 3.11443e-04
 8.84154e-05
 2.48050e-05
 6.87252e-06
 1.87871e-06
 5.06030e-07
 1.33825e-07
 3.43196e-08
 8.08305e-09
 1.76860e-09
 3.82639e-10
 7.85639e-11
 0.00000e+00
 0.00000e+00
 0.00000e+00
 0.00000e+00
 0.00000e+00
 0.00000e+00
 0.00000e+00
 0.00000e+00
 0.00000e+00
 0.00000e+00
 0.00000e+00
 0.00000e+00
 0.00000e+00
 0.00000e+00
 0.00000e+00
 0.00000e+00
 5.42483e-14
 1.38546e-12
 2.62268e-11
 4.81131e-10
 8.40976e-09
 8.12623e-08
 5.49572e-07
 3.26385e-06
 1.74263e-05
 8.32195e-05
 3.51923e-04
 1.30154e-03
 4.15069e-03
 1.12632e-02
 2.58191e-02
 5.02513e-02
 8.46828e-02
 1.27244e-01
 1.75742e-01
 2.28744e-01
 2.85633e-01
 3.46290e-01
 4.10852e-01
 4.79597e-01
 5.52871e-01
 6.31003e-01
 7.14089e-01
 8.01334e-01
 8.88804e-01
 9.61290e-01
 9.73852e-01
 9.46815e-01
 9.33214e-01
 9.30007e-01
 9.28446e-01
 9.27519e-01
 9.27382e-01
 9.27249e-01
 9.27119e-01
 9.26990e-01
 9.26863e-01
 9.26736e-01
 9.26612e-01
 9.26491e-01
 9.26377e-01
 9.26270e-01
 9.26174e-01
 9.26090e-01
 9.26015e-01
 9.25947e-01
 9.25873e-01
 9.25777e-01
 9.25633e-01
 9.25407e-01
 9.25053e-01
 9.24513e-01
 9.23693e-01
 9.22422e-01
 9.20316e-01
 9.16480e-01
 9.08852e-01
 8.93067e-01
 8.61266e-01
 8.02422e-01
 7.05766e-01
 5.67299e-01
 3.98393e-01
 2.31080e-01
 1.05810e-01
 3.88566e-02
 1.24090e-02
 3.71772e-03
 1.08406e-03
 3.11443e-04
 8.84154e-05
 2.48050e-05
 6.87252e-06
 1.87871e-06
 5.06030e-07
 1.33825e-07
 3.43196e-08
 8.08306e-09
 1.76860e-09
 3.82637e-10
 7.85592e-11
 0.00000e+00
 0.00000e+00
 0.00000e+00
 0.00000e+00
 0.00000e+00
 0.00000e+00
 0.00000e+00
 0.00000e+00
 0.00000e+00
 0.00000e+00
 0.00000e+00
 0.00000e+00
 0.00000e+00
 0.00000e+00
 0.00000e+00
 0.00000e+00
 5.42205e-14
 1.39048e-12
 2.63489e-11
 4.83930e-10
 8.43335e-09
 8.13163e-08
 5.49619e-07
 3.26389e-06
 1.74263e-05
 8.32195e-05
 3.51923e-04
 1.30154e-03
 4.15069e-03
 1.12632e-02
 2.58191e-02
 5.02513e-02
 8.46828e-02
 1.27244e-01
 1.75742e-01
 2.28744e-01
 2.85633e-01
 3.46290e-01
 4.10852e-01
 4.79597e-01
 5.52871e-01
 6.31003e-01
 7.14089e-01
 8.01334e-01
 8.88804e-01
 9.61290e-01
 9.73852e-01
 9.46815e-01
 9.33214e-01
 9.30007e-01
 9.28446e-01
 9.27519e-01
 9.27382e-01
 9.27249e-01
 9.27119e-01
 9.26990e-01
 9.26863e-01
 9.26736e-01
 9.26612e-01
 9.26491e-01
 9.26377e-01
 9.26270e-01
 9.26174e-01
 9.26090e-01
 9.26015e-01
 9.25947e-01
 9.25873e-01
 9.25777e-01
 9.25633e-01
 9.25407e-01
 9.25053e-01
 9.24513e-01
 9.23693e-01
 9.22422e-01
 9.20316e-01
 9.16480e-01
 9.08852e-01
 8.93067e-01
 8.61266e-01
 8.02422e-01
 7.05766e-01
 5.67299e-01
 3.98393e-01
 2.31080e-01
 1.05810e-01
 3.88566e-02
 1.24090e-02
 3.71772e-03
 1.08406e-03
 3.11443e-04
 8.84154e-05
 2.48050e-05
 6.87252e-06
 1.87871e-06
 5.06030e-07
 1.33825e-07
 3.43196e-08
 8.08306e-09
 1.76860e-09
 3.82638e-10
 7.85536e-11
 0.00000e+00
 0.00000e+00
 0.00000e+00
 0.00000e+00
 0.00000e+00
 0.00000e+00
 0.00000e+00
 0.00000e+00
 0.00000e+00
 0.00000e+00
 0.00000e+00
 0.00000e+00
 0.00000e+00
 0.00000e+00
 0.00000e+00
 0.00000e+00
 5.45727e-14
 1.39364e-12
 2.64283e-11
 4.85045e-10
 8.44077e-09
 8.13365e-08
 5.49633e-07
 3.26393e-06
 1.74263e-05
 8.32195e-05
 3.51923e-04
 1.30154e-03
 4.15069e-03
 1.12632e-02
 2.58191e-02
 5.02513e-02
 8.46828e-02
 1.27244e-01
 1.75742e-01
 2.28744e-01
 2.85633e-01
 3.46290e-01
 4.10852e-01
 4.79597e-01
 5.52871e-01
 6.31003e-01
 7.14089e-01
 8.01334e-01
 8.88804e-01
 9.61290e-01
 9.73852e-01
 9.46815e-01
 9.33214e-01
 9.30007e-01
 9.28446e-01
 9.27519e-01
 9.27382e-01
 9.27249e-01
 9.27119e-01
 9.26990e-01
 9.26863e-01
 9.26736e-01
 9.26612e-01
 9.26491e-01
 9.26377e-01
 9.26270e-01
 9.26174e-01
 9.26090e-01
 9.26015e-01
 9.25947e-01
 9.25873e-01
 9.25777e-01
 9.25633e-01
 9.25407e-01
 9.25053e-01
 9.24513e-01
 9.23693e-01
 9.22422e-01
 9.20316e-01
 9.16480e-01
 9.08852e-01
 8.93067e-01
 8.61266e-01
 8.02422e-01
 7.05766e-01
 5.67299e-01
 3.98393e-01
 2.31080e-01
 1.05810e-01
 3.88566e-02
 1.24090e-02
 3.71772e-03
 1.08406e-03
 3.11443e-04
 8.84154e-05
 2.48050e-05
 6.87252e-06
 1.87871e-06
 5.06030e-07
 1.33825e-07
 3.43196e-08
 8.08305e-09
 1.76861e-09
 3.82635e-10
 7.85642e-11
 0.00000e+00
 0.00000e+00
 0.00000e+00
 0.00000e+00
 0.00000e+00
 0.00000e+00
 0.00000e+00
 0.00000e+00
 0.00000e+00
 0.00000e+00
 0.00000e+00
 0.00000e+00
 0.00000e+00
 0.00000e+00
 0.00000e+00
 0.00000e+00
 5.46750e-14
 1.39421e-12
 2.64562e-11
 4.85323e-10
 8.44252e-09
 8.13387e-08
 5.49644e-07
 3.26392e-06
 1.74263e-05
 8.32195e-05
 3.51923e-04
 1.30154e-03
 4.15069e-03
 1.12632e-02
 2.58191e-02
 5.02513e-02
 8.46828e-02
 1.27244e-01
 1.75742e-01
 2.28744e-01
 2.85633e-01
 3.46290e-01
 4.10852e-01
 4.79597e-01
 5.52871e-01
 6.31003e-01
 7.14089e-01
 8.01334e-01
 8.88804e-01
 9.61290e-01
 9.73852e-01
 9.46815e-01
 9.33214e-01
 9.30007e-01
 9.28446e-01
 9.27519e-01
 9.27382e-01
 9.27249e-01
 9.27119e-01
 9.26990e-01
 9.26863e-01
 9.26736e-01
 9.26612e-01
 9.26491e-01
 9.26377e-01
 9.26270e-01
 9.26174e-01
 9.26090e-01
 9.26015e-01
 9.25947e-01
 9.25873e-01
 9.25777e-01
 9.25633e-01
 9.25407e-01
 9.25053e-01
 9.24513e-01
 9.23693e-01
 9.22422e-01
 9.20316e-01
 9.16480e-01
 9.08852e-01
 8.93067e-01
 8.61266e-01
 8.02422e-01
 7.05766e-01
 5.67299e-01
 3.98393e-01
 2.31080e-01
 1.05810e-01
 3.88566e-02
 1.24090e-02
 3.71772e-03
 1.08406e-03
 3.11443e-04
 8.84154e-05
 2.48050e-05
 6.87252e-06
 1.87871e-06
 5.06030e-07
 1.33825e-07
 3.43196e-08
 8.08304e-09
 1.76861e-09
 3.82632e-10
 7.85737e-11
 0.00000e+00
 0.00000e+00
 0.00000e+00
 0.00000e+00
 0.00000e+00
 0.00000e+00
 0.00000e+00
 0.00000e+00
 0.00000e+00
 0.00000e+00
 0.00000e+00
 0.00000e+00
 0.00000e+00
 0.00000e+00
 0.00000e+00
 0.00000e+00
 0.00000e+00
 0.00000e+00
 0.00000e+00
 0.00000e+00
 0.00000e+00
 0.00000e+00
 0.00000e+00
 0.00000e+00
 0.00000e+00
 0.00000e+00
 0.00000e+00
 0.00000e+00
 0.00000e+00
 0.00000e+00
 0.00000e+00
 0.00000e+00
 0.00000e+00
 0.00000e+00
 0.00000e+00
 0.00000e+00
 0.00000e+00
 0.00000e+00
 0.00000e+00
 0.00000e+00
 0.00000e+00
 0.00000e+00
 0.00000e+00
 0.00000e+00
 0.00000e+00
 0.00000e+00
 0.00000e+00
 0.00000e+00
 0.00000e+00
 0.00000e+00
 0.00000e+00
 0.00000e+00
 0.00000e+00
 0.00000e+00
 0.00000e+00
 0.00000e+00
 0.00000e+00
 0.00000e+00
 0.00000e+00
 0.00000e+00
 0.00000e+00
 0.00000e+00
 0.00000e+00
 0.00000e+00
 0.00000e+00
 0.00000e+00
 0.00000e+00
 0.00000e+00
 0.00000e+00
 0.00000e+00
 0.00000e+00
 0.00000e+00
 0.00000e+00
 0.00000e+00
 0.00000e+00
 0.00000e+00
 0.00000e+00
 0.00000e+00
 0.00000e+00
 0.00000e+00
 0.00000e+00
 0.00000e+00
 0.00000e+00
 0.00000e+00
 0.00000e+00
 0.00000e+00
 0.00000e+00
 0.00000e+00
 0.00000e+00
 0.00000e+00
 0.00000e+00
 0.00000e+00
 0.00000e+00
 0.00000e+00
 0.00000e+00
 0.00000e+00
 0.00000e+00
 0.00000e+00
 0.00000e+00
 0.00000e+00
 0.00000e+00
 0.00000e+00
 0.00000e+00
 0.00000e+00
-7.46062e-16
 0.00000e+00
 0.00000e+00
 0.00000e+00
 0.00000e+00
 0.00000e+00
 0.00000e+00
 0.00000e+00
 0.00000e+00
 0.00000e+00
 0.00000e+00
 0.00000e+00
 0.00000e+00
 1.64799e-17
 8.44377e-16
 2.82790e-14
 9.96665e-13
 3.66254e-11
 1.14822e-10
 1.59933e-10
 1.46231e-10
 8.96715e-11
 4.44269e-13
-6.86901e-11
-8.16041e-11
-5.22200e-11
-6.97738e-12
 2.80013e-11
 4.03972e-11
 2.86012e-11
 9.91514e-12
-9.27327e-12
-2.16361e-11
-2.65846e-11
-2.36146e-11
-1.32277e-11
-1.03145e-11
 3.84812e-12
-4.01427e-12
 5.74793e-12
-3.67725e-12
-1.12322e-12
-1.30354e-12
-1.48650e-12
 3.73294e-12
-2.03061e-12
-9.84063e-13
-1.06554e-12
-6.49479e-13
-1.47567e-12
-1.29449e-12
-1.21012e-12
-1.15503e-12
-1.10978e-12
-1.05103e-12
-9.82062e-13
-9.09413e-13
-8.28786e-13
-7.36035e-13
-6.62137e-13
-5.84177e-13
-4.92715e-13
-4.05607e-13
-3.10651e-13
-2.26637e-13
-1.46278e-13
-5.27006e-14
 1.52516e-14
 7.53811e-14
 1.26710e-13
 1.70757e-13
 2.13026e-13
 2.43335e-13
 2.54080e-13
 2.51287e-13
 2.50132e-13
 2.20680e-13
 1.82319e-13
 1.49176e-13
 1.02182e-13
 4.48910e-14
 9.97509e-15
-7.77243e-15
-1.63333e-14
-1.38856e-14
-1.30842e-14
-1.36484e-14
-1.13971e-14
-1.36462e-14
-1.57864e-14
-1.36748e-14
-1.39863e-14
-1.34356e-14
-1.29861e-14
-1.26097e-14
-1.10858e-14
-1.28491e-14
-1.34623e-14
-1.25377e-14
 0.00000e+00
 0.00000e+00
-7.46062e-16
 0.00000e+00
 0.00000e+00
 0.00000e+00
 0.00000e+00
 0.00000e+00
 0.00000e+00
 0.00000e+00
 0.00000e+00
 0.00000e+00
 0.00000e+00
 0.00000e+00
 0.00000e+00
-1.41380e-16
 9.30679e-16
 3.74835e-14
 1.05400e-12
 1.09939e-11
 3.80421e-11
 7.90217e-11
 1.00338e-10
 9.55770e-11
 8.24048e-11
 5.91870e-11
 1.60960e-11
-2.63646e-11
-5.19683e-11
-6.31055e-11
-4.95832e-11
-2.40679e-11
-4.00627e-13
 1.41793e-11
 1.79255e-11
 1.30416e-11
-3.30044e-12
-1.65687e-11
-2.67046e-11
-3.23750e-11
-3.24796e-11
-2.59793e-11
-1.70221e-11
-1.19772e-11
-1.07174e-11
-8.50011e-12
-1.38409e-12
-1.50920e-12
-1.69502e-12
-1.87399e-12
-1.87371e-12
-2.06660e-12
-2.10938e-12
-2.02549e-12
-1.93456e-12
-1.83081e-12
-1.71937e-12
-1.59138e-12
-1.46793e-12
-1.34580e-12
-1.21589e-12
-1.07158e-12
-9.26017e-13
-7.83641e-13
-6.33998e-13
-4.96074e-13
-3.52611e-13
-2.23916e-13
-1.06950e-13
 1.64346e-14
 1.21729e-13
 2.15587e-13
 2.85131e-13
 3.45941e-13
 3.84261e-13
 4.00254e-13
 4.18354e-13
 3.94719e-13
 3.65154e-13
 3.08897e-13
 2.23287e-13
 1.33614e-13
 5.37607e-14
 3.83968e-14
 3.41155e-14
 3.16852e-14
 3.05168e-14
 2.58495e-14
 1.89189e-14
 1.92784e-14
 2.17664e-14
 2.00356e-14
 2.28589e-14
 2.42335e-14
 1.46045e-14
 1.09682e-14
 1.60106e-14
 1.43336e-14
 1.14618e-14
 8.64803e-15
 5.39412e-15
 0.00000e+00
 0.00000e+00
-7.46062e-16
 0.00000e+00
 0.00000e+00
 0.00000e+00
 0.00000e+00
 0.00000e+00
 0.00000e+00
 0.00000e+00
 0.00000e+00
 0.00000e+00
 0.00000e+00
 0.00000e+00
 0.00000e+00
 1.27502e-16
 1.54434e-15
 2.85475e-14
 4.72324e-13
 3.72413e-12
 1.54911e-11
 2.53236e-11
 4.63304e-11
 6.14843e-11
 6.67169e-11
 6.92198e-11
 6.69710e-11
 4.47407e-11
 7.16832e-12
-1.47433e-11
-3.76078e-11
-4.77829e-11
-5.03286e-11
-4.79296e-11
-3.22933e-11
-1.85442e-11
-8.20642e-12
-2.10535e-12
-1.19882e-13
-1.31368e-12
-5.20742e-12
-5.65311e-12
-9.98085e-12
-1.44829e-11
-1.58218e-11
-1.05489e-11
-2.95941e-12
-1.90870e-12
-2.15115e-12
-2.42058e-12
-1.22924e-12
-2.59959e-12
-2.29321e-12
-2.14097e-12
-2.00047e-12
-1.88066e-12
-1.75701e-12
-1.63424e-12
-1.50239e-12
-1.36605e-12
-1.23268e-12
-1.09743e-12
-9.50154e-13
-7.90422e-13
-6.29735e-13
-4.77222e-13
-3.47662e-13
-2.00962e-13
-8.30843e-14
 2.76071e-14
 1.36831e-13
 2.12667e-13
 2.90917e-13
 3.35443e-13
 3.70146e-13
 4.10268e-13
 4.08738e-13
 4.03439e-13
 3.77016e-13
 3.13303e-13
 2.20930e-13
 1.22405e-13
 5.43509e-14
 4.30168e-15
-2.27930e-14
-2.90427e-14
-3.31419e-14
-3.23049e-14
-2.91152e-14
-3.08711e-14
-2.94049e-14
-2.22075e-14
-2.12473e-14
-2.31045e-14
-1.87833e-14
-1.66802e-14
-1.61429e-14
-1.20004e-14
-8.54308e-15
-8.03264e-15
-7.56339e-15
 0.00000e+00
 0.00000e+00
-7.46062e-16
 0.00000e+00
 0.00000e+00
 0.00000e+00
 0.00000e+00
 0.00000e+00
 0.00000e+00
 0.00000e+00
 0.00000e+00
 0.00000e+00
 0.00000e+00
 0.00000e+00
 0.00000e+00
 4.94396e-17
 3.85109e-16
 1.46428e-14
 1.68019e-13
 1.18507e-12
 3.19672e-12
 1.01202e-11
 1.30323e-11
 2.41124e-11
 3.35414e-11
 4.20885e-11
 4.15472e-11
 3.76434e-11
 3.57379e-11
 1.44744e-11
-1.96085e-13
-1.92190e-11
-3.44032e-11
-4.02234e-11
-4.81989e-11
-4.29619e-11
-3.46700e-11
-2.74956e-11
-1.32707e-11
 3.92689e-12
 1.03235e-11
 1.73068e-11
 1.88334e-11
 1.74042e-11
 1.93547e-11
 1.15810e-11
 2.99297e-12
-1.38242e-12
-1.72460e-12
-1.27794e-12
-1.45371e-12
-1.39535e-12
-1.40583e-12
-1.34916e-12
-1.28397e-12
-1.20025e-12
-1.11640e-12
-1.02426e-12
-9.45599e-13
-8.69713e-13
-7.75821e-13
-6.82578e-13
-5.80079e-13
-4.79939e-13
-4.01438e-13
-3.09536e-13
-2.04893e-13
-1.25136e-13
-2.86005e-14
 5.95286e-14
 1.25860e-13
 1.77313e-13
 2.00781e-13
 2.32372e-13
 2.61271e-13
 2.74849e-13
 2.75390e-13
 2.52793e-13
 2.21594e-13
 1.65152e-13
 1.15120e-13
 9.46234e-14
 6.84278e-14
 4.16507e-14
 3.37772e-14
 2.74993e-14
 2.42983e-14
 2.66458e-14
 2.38759e-14
 2.15314e-14
 2.92479e-14
 2.59020e-14
 1.61694e-14
 1.24764e-14
 1.33685e-14
 1.94306e-14
 1.55232e-14
 1.08520e-14
 1.06690e-14
 1.38340e-14
 1.86153e-14
 0.00000e+00
 0.00000e+00
 0.00000e+00
 0.00000e+00
 0.00000e+00
 0.00000e+00
 0.00000e+00
 0.00000e+00
 0.00000e+00
 0.00000e+00
 0.00000e+00
 0.00000e+00
 0.00000e+00
 0.00000e+00
 0.00000e+00
 0.00000e+00
 0.00000e+00
 0.00000e+00
 0.00000e+00
 0.00000e+00
 0.00000e+00
 0.00000e+00
 0.00000e+00
 0.00000e+00
 0.00000e+00
 0.00000e+00
 0.00000e+00
 0.00000e+00
 0.00000e+00
 0.00000e+00
 0.00000e+00
 0.00000e+00
 0.00000e+00
 0.00000e+00
 0.00000e+00
 0.00000e+00
 0.00000e+00
 0.00000e+00
 0.00000e+00
 0.00000e+00
 0.00000e+00
 0.00000e+00
 0.00000e+00
 0.00000e+00
 0.00000e+00
 0.00000e+00
 0.00000e+00
 0.00000e+00
 0.00000e+00
 0.00000e+00
 0.00000e+00
 0.00000e+00
 0.00000e+00
 0.00000e+00
 0.00000e+00
 0.00000e+00
 0.00000e+00
 0.00000e+00
 0.00000e+00
 0.00000e+00
 0.00000e+00
 0.00000e+00
 0.00000e+00
 0.00000e+00
 0.00000e+00
 0.00000e+00
 0.00000e+00
 0.00000e+00
 0.00000e+00
 0.00000e+00
 0.00000e+00
 0.00000e+00
 0.00000e+00
 0.00000e+00
 0.00000e+00
 0.00000e+00
 0.00000e+00
 0.00000e+00
 0.00000e+00
 0.00000e+00
 0.00000e+00
 0.00000e+00
 0.00000e+00
 0.00000e+00
 0.00000e+00
 0.00000e+00
 0.00000e+00
 0.00000e+00
 0.00000e+00
 0.00000e+00
 0.00000e+00
 0.00000e+00
 0.00000e+00
 0.00000e+00
 0.00000e+00
 0.00000e+00
 0.00000e+00
 0.00000e+00
 0.00000e+00
 0.00000e+00
 0.00000e+00
 0.00000e+00
 0.00000e+00
 0.00000e+00
 0.00000e+00
 0.00000e+00
 0.00000e+00
 0.00000e+00
 0.00000e+00
 0.00000e+00
 0.00000e+00
 0.00000e+00
 0.00000e+00
 0.00000e+00
 0.00000e+00
 0.00000e+00
 0.00000e+00
 0.00000e+00
 0.00000e+00
 0.00000e+00
 0.00000e+00
 0.00000e+00
 0.00000e+00
 0.00000e+00
 0.00000e+00
 0.00000e+00
 0.00000e+00
 0.00000e+00
 0.00000e+00
 0.00000e+00
 0.00000e+00
 0.00000e+00
 0.00000e+00
 0.00000e+00
 0.00000e+00
 0.00000e+00
 0.00000e+00
 0.00000e+00
 0.00000e+00
 0.00000e+00
 0.00000e+00
 0.00000e+00
 0.00000e+00
 0.00000e+00
 0.00000e+00
 0.00000e+00
 0.00000e+00
 0.00000e+00
 0.00000e+00
 0.00000e+00
 0.00000e+00
 0.00000e+00
 0.00000e+00
 0.00000e+00
 0.00000e+00
 0.00000e+00
 0.00000e+00
 0.00000e+00
 0.00000e+00
 0.00000e+00
 0.00000e+00
 0.00000e+00
 0.00000e+00
 0.00000e+00
 0.00000e+00
 0.00000e+00
 0.00000e+00
 0.00000e+00
 0.00000e+00
 0.00000e+00
 0.00000e+00
 0.00000e+00
 0.00000e+00
 0.00000e+00
 0.00000e+00
 0.00000e+00
 0.00000e+00
 0.00000e+00
 0.00000e+00
 0.00000e+00
 0.00000e+00
 0.00000e+00
 0.00000e+00
 0.00000e+00
 0.00000e+00
 0.00000e+00
 0.00000e+00
 0.00000e+00
 0.00000e+00
 0.00000e+00
 0.00000e+00
 0.00000e+00
 0.00000e+00
 0.00000e+00
 0.00000e+00
 0.00000e+00
 0.00000e+00
 0.00000e+00
 0.00000e+00
 0.00000e+00
 0.00000e+00
 0.00000e+00
 0.00000e+00
 0.00000e+00
 0.00000e+00
 0.00000e+00
 0.00000e+00
 0.00000e+00
 0.00000e+00
 0.00000e+00
 0.00000e+00
 0.00000e+00
 0.00000e+00
 0.00000e+00
 0.00000e+00
 0.00000e+00
 0.00000e+00
 0.00000e+00
 0.00000e+00
 0.00000e+00
 0.00000e+00
 0.00000e+00
 0.00000e+00
 0.00000e+00
 0.00000e+00
 0.00000e+00
 0.00000e+00
 0.00000e+00
 0.00000e+00
 0.00000e+00
 0.00000e+00
 0.00000e+00
 0.00000e+00
 0.00000e+00
 0.00000e+00
 0.00000e+00
 0.00000e+00
 0.00000e+00
 0.00000e+00
 0.00000e+00
 0.00000e+00
 0.00000e+00
 0.00000e+00
 0.00000e+00
 0.00000e+00
 0.00000e+00
 0.00000e+00
 0.00000e+00
 0.00000e+00
 0.00000e+00
 0.00000e+00
 0.00000e+00
 0.00000e+00
 0.00000e+00
 0.00000e+00
 0.00000e+00
 0.00000e+00
 0.00000e+00
 0.00000e+00
 0.00000e+00
 0.00000e+00
 0.00000e+00
 0.00000e+00
 0.00000e+00
 0.00000e+00
 0.00000e+00
 0.00000e+00
 0.00000e+00
 0.00000e+00
 0.00000e+00
 0.00000e+00
 0.00000e+00
 0.00000e+00
 0.00000e+00
 0.00000e+00
 0.00000e+00
 0.00000e+00
 0.00000e+00
 0.00000e+00
 0.00000e+00
 0.00000e+00
 0.00000e+00
 0.00000e+00
 0.00000e+00
 0.00000e+00
 0.00000e+00
 0.00000e+00
 0.00000e+00
 0.00000e+00
 0.00000e+00
 0.00000e+00
 0.00000e+00
 0.00000e+00
 0.00000e+00
 0.00000e+00
 0.00000e+00
 0.00000e+00
 0.00000e+00
 0.00000e+00
 0.00000e+00
 0.00000e+00
 0.00000e+00
 0.00000e+00
 0.00000e+00
 0.00000e+00
 0.00000e+00
 0.00000e+00
 0.00000e+00
 0.00000e+00
 0.00000e+00
 0.00000e+00
 0.00000e+00
 0.00000e+00
 0.00000e+00
 0.00000e+00
 0.00000e+00
 0.00000e+00
 0.00000e+00
 0.00000e+00
 0.00000e+00
 0.00000e+00
 0.00000e+00
 0.00000e+00
 0.00000e+00
 0.00000e+00
 0.00000e+00
 0.00000e+00
 0.00000e+00
 0.00000e+00
 0.00000e+00
 0.00000e+00
 0.00000e+00
 0.00000e+00
 0.00000e+00
 0.00000e+00
 0.00000e+00
 0.00000e+00
 0.00000e+00
 0.00000e+00
 0.00000e+00
 0.00000e+00
 0.00000e+00
 0.00000e+00
 0.00000e+00
 0.00000e+00
 0.00000e+00
 0.00000e+00
 0.00000e+00
 0.00000e+00
 0.00000e+00
 0.00000e+00
 0.00000e+00
 0.00000e+00
 0.00000e+00
 0.00000e+00
 0.00000e+00
 0.00000e+00
 0.00000e+00
 0.00000e+00
 0.00000e+00
 0.00000e+00
 0.00000e+00
 0.00000e+00
 0.00000e+00
 0.00000e+00
 0.00000e+00
 0.00000e+00
 0.00000e+00
 0.00000e+00
 0.00000e+00
 0.00000e+00
 0.00000e+00
 0.00000e+00
 0.00000e+00
 0.00000e+00
 0.00000e+00
 0.00000e+00
 0.00000e+00
 0.00000e+00
 0.00000e+00
 0.00000e+00
 0.00000e+00
 0.00000e+00
 0.00000e+00
 0.00000e+00
 0.00000e+00
 0.00000e+00
 0.00000e+00
 0.00000e+00
 0.00000e+00
 0.00000e+00
 0.00000e+00
 0.00000e+00
 0.00000e+00
 0.00000e+00
 0.00000e+00
 0.00000e+00
 0.00000e+00
 0.00000e+00
 0.00000e+00
 0.00000e+00
 0.00000e+00
 0.00000e+00
 0.00000e+00
 0.00000e+00
 0.00000e+00
 0.00000e+00
 0.00000e+00
 0.00000e+00
 0.00000e+00
 0.00000e+00
 0.00000e+00
 0.00000e+00
 0.00000e+00
 0.00000e+00
 0.00000e+00
 0.00000e+00
 0.00000e+00
 0.00000e+00
 0.00000e+00
 0.00000e+00
 0.00000e+00
 0.00000e+00
 0.00000e+00
 0.00000e+00
 0.00000e+00
 0.00000e+00
 0.00000e+00
 0.00000e+00
 0.00000e+00
 0.00000e+00
 0.00000e+00
 0.00000e+00
 0.00000e+00
 0.00000e+00
 0.00000e+00
 0.00000e+00
 0.00000e+00
 0.00000e+00
 0.00000e+00
 0.00000e+00
 0.00000e+00
 0.00000e+00
 0.00000e+00
 0.00000e+00
 0.00000e+00
 0.00000e+00
 0.00000e+00
 0.00000e+00
 0.00000e+00
 0.00000e+00
 0.00000e+00
 0.00000e+00
 0.00000e+00
 0.00000e+00
 0.00000e+00
 0.00000e+00
 0.00000e+00
 0.00000e+00
 0.00000e+00
 0.00000e+00
 0.00000e+00
 0.00000e+00
 0.00000e+00
 0.00000e+00
 0.00000e+00
 0.00000e+00
 0.00000e+00
 0.00000e+00
 0.00000e+00
 0.00000e+00
 0.00000e+00
 0.00000e+00
 0.00000e+00
 0.00000e+00
 0.00000e+00
 0.00000e+00
 0.00000e+00
 0.00000e+00
 0.00000e+00
 0.00000e+00
 0.00000e+00
 0.00000e+00
 0.00000e+00
 0.00000e+00
 0.00000e+00
 0.00000e+00
 0.00000e+00
 0.00000e+00
 0.00000e+00
 0.00000e+00
 0.00000e+00
 0.00000e+00
 0.00000e+00
 0.00000e+00
 0.00000e+00
 0.00000e+00
 0.00000e+00
 0.00000e+00
 0.00000e+00
 0.00000e+00
 0.00000e+00
 0.00000e+00
 0.00000e+00
 0.00000e+00
 0.00000e+00
 0.00000e+00
 0.00000e+00
 0.00000e+00
 0.00000e+00
 0.00000e+00
 0.00000e+00
 0.00000e+00
 0.00000e+00
 0.00000e+00
 0.00000e+00
 0.00000e+00
 0.00000e+00
 0.00000e+00
 0.00000e+00
 0.00000e+00
 0.00000e+00
 0.00000e+00
 0.00000e+00
 0.00000e+00
 0.00000e+00
 0.00000e+00
 0.00000e+00
 0.00000e+00
 0.00000e+00
 0.00000e+00
 0.00000e+00
 0.00000e+00
 0.00000e+00
 0.00000e+00
 0.00000e+00
 0.00000e+00
 0.00000e+00
 0.00000e+00
 0.00000e+00
 0.00000e+00
 0.00000e+00
 0.00000e+00
 0.00000e+00
 0.00000e+00
 0.00000e+00
 0.00000e+00
 0.00000e+00
 0.00000e+00
 0.00000e+00
 0.00000e+00
 0.00000e+00
 0.00000e+00
 0.00000e+00
 0.00000e+00
 0.00000e+00
 0.00000e+00
 0.00000e+00
 0.00000e+00
 0.00000e+00
 0.00000e+00
 0.00000e+00
 0.00000e+00
 0.00000e+00
 0.00000e+00
 0.00000e+00
 0.00000e+00
 0.00000e+00
 0.00000e+00
 0.00000e+00
 0.00000e+00
 0.00000e+00
 0.00000e+00
 0.00000e+00
 0.00000e+00
 0.00000e+00
 0.00000e+00
 0.00000e+00
 0.00000e+00
 0.00000e+00
 0.00000e+00
 0.00000e+00
 0.00000e+00
 0.00000e+00
 0.00000e+00
 0.00000e+00
 0.00000e+00
 0.00000e+00
 0.00000e+00
 0.00000e+00
 0.00000e+00
 0.00000e+00
 0.00000e+00
 0.00000e+00
 0.00000e+00
 0.00000e+00
 0.00000e+00
 0.00000e+00
 0.00000e+00
 0.00000e+00
 0.00000e+00
 0.00000e+00
 0.00000e+00
 0.00000e+00
 0.00000e+00
 0.00000e+00
 0.00000e+00
 0.00000e+00
 0.00000e+00
 0.00000e+00
 0.00000e+00
 0.00000e+00
 0.00000e+00
 0.00000e+00
 0.00000e+00
 0.00000e+00
 0.00000e+00
 0.00000e+00
 0.00000e+00
 0.00000e+00
 0.00000e+00
 0.00000e+00
 0.00000e+00
 0.00000e+00
 0.00000e+00
 0.00000e+00
 0.00000e+00
 0.00000e+00
 0.00000e+00
 0.00000e+00
 0.00000e+00
 0.00000e+00
 0.00000e+00
 0.00000e+00
 0.00000e+00
 0.00000e+00
 0.00000e+00
 0.00000e+00
 0.00000e+00
 0.00000e+00
 0.00000e+00
 0.00000e+00
 0.00000e+00
 0.00000e+00
 0.00000e+00
 0.00000e+00
 0.00000e+00
 0.00000e+00
 0.00000e+00
 0.00000e+00
 0.00000e+00
 0.00000e+00
 0.00000e+00
 0.00000e+00
 0.00000e+00
 0.00000e+00
 0.00000e+00
 0.00000e+00
 0.00000e+00
 0.00000e+00
 0.00000e+00
 0.00000e+00
 0.00000e+00
 0.00000e+00
 0.00000e+00
 0.00000e+00
 0.00000e+00
 0.00000e+00
 0.00000e+00
 0.00000e+00
 0.00000e+00
 0.00000e+00
 0.00000e+00
 0.00000e+00
 0.00000e+00
 0.00000e+00
 0.00000e+00
 0.00000e+00
 0.00000e+00
 0.00000e+00
 0.00000e+00
 0.00000e+00
 0.00000e+00
 0.00000e+00
 0.00000e+00
 0.00000e+00
 0.00000e+00
 0.00000e+00
 0.00000e+00
 0.00000e+00
 0.00000e+00
 0.00000e+00
 0.00000e+00
 0.00000e+00
 0.00000e+00
 0.00000e+00
 0.00000e+00
 0.00000e+00
 0.00000e+00
 0.00000e+00
 0.00000e+00
 0.00000e+00
 0.00000e+00
 0.00000e+00
 0.00000e+00
 0.00000e+00
 0.00000e+00
