Velocity
part
         1
coordinates
 0.00000e+00
 0.00000e+00
 0.00000e+00
 0.00000e+00
 0.00000e+00
 0.00000e+00
 0.00000e+00
 0.00000e+00
 0.00000e+00
 0.00000e+00
 0.00000e+00
 0.00000e+00
 0.00000e+00
 0.00000e+00
 0.00000e+00
 0.00000e+00
 0.00000e+00
 0.00000e+00
 2.55698e-15
 2.59355e-13
 5.64755e-12
 1.14614e-10
 2.22036e-09
 3.26568e-08
 2.67718e-07
 1.82573e-06
 1.10658e-05
 5.95053e-05
 2.80859e-04
 1.14742e-03
 3.99202e-03
 1.16398e-02
 2.81742e-02
 5.68930e-02
 9.80493e-02
 1.49264e-01
 2.07863e-01
 2.72270e-01
 3.41961e-01
 4.17010e-01
 4.97787e-01
 5.84776e-01
 6.78304e-01
 7.77791e-01
 8.79018e-01
 9.63573e-01
 9.74747e-01
 9.43411e-01
 9.31770e-01
 9.29951e-01
 9.28028e-01
 9.27757e-01
 9.27513e-01
 9.27291e-01
 9.27089e-01
 9.26910e-01
 9.26756e-01
 9.26629e-01
 9.26527e-01
 9.26442e-01
 9.26356e-01
 9.26239e-01
 9.26049e-01
 9.25733e-01
 9.25229e-01
 9.24469e-01
 9.23385e-01
 9.21888e-01
 9.19813e-01
 9.16746e-01
 9.11611e-01
 9.01817e-01
 8.81927e-01
 8.42682e-01
 7.72324e-01
 6.61295e-01
 5.09807e-01
 3.36477e-01
 1.79436e-01
 7.49530e-02
 2.56045e-02
 7.80953e-03
 2.26313e-03
 6.39269e-04
 1.77374e-04
 4.84228e-05
 1.30058e-05
 3.43508e-06
 8.91478e-07
 2.26900e-07
 5.62354e-08
 1.31236e-08
 2.76728e-09
 5.73291e-10
 1.17268e-10
 2.35985e-11
 4.71494e-12
 8.92682e-13
 2.37768e-13
 0.00000e+00
 0.00000e+00
 0.00000e+00
 0.00000e+00
 0.00000e+00
 0.00000e+00
 0.00000e+00
 0.00000e+00
 0.00000e+00
 0.00000e+00
 0.00000e+00
 0.00000e+00
 0.00000e+00
 0.00000e+00
 0.00000e+00
 0.00000e+00
 0.00000e+00
 0.00000e+00
 0.00000e+00
 0.00000e+00
 2.58734e-15
 2.59832e-13
 5.65541e-12
 1.14917e-10
 2.24439e-09
 3.27229e-08
 2.67792e-07
 1.82571e-06
 1.10657e-05
 5.95052e-05
 2.80859e-04
 1.14742e-03
 3.99202e-03
 1.16398e-02
 2.81742e-02
 5.68930e-02
 9.80493e-02
 1.49264e-01
 2.07863e-01
 2.72270e-01
 3.41961e-01
 4.17010e-01
 4.97787e-01
 5.84776e-01
 6.78304e-01
 7.77791e-01
 8.79018e-01
 9.63573e-01
 9.74747e-01
 9.43411e-01
 9.31770e-01
 9.29951e-01
 9.28028e-01
 9.27757e-01
 9.27513e-01
 9.27291e-01
 9.27089e-01
 9.26910e-01
 9.26756e-01
 9.26629e-01
 9.26527e-01
 9.26442e-01
 9.26356e-01
 9.26239e-01
 9.26049e-01
 9.25733e-01
 9.25229e-01
 9.24469e-01
 9.23385e-01
 9.21888e-01
 9.19813e-01
 9.16746e-01
 9.11611e-01
 9.01817e-01
 8.81927e-01
 8.42682e-01
 7.72324e-01
 6.61295e-01
 5.09807e-01
 3.36477e-01
 1.79436e-01
 7.49530e-02
 2.56045e-02
 7.80953e-03
 2.26313e-03
 6.39269e-04
 1.77374e-04
 4.84228e-05
 1.30058e-05
 3.43508e-06
 8.91478e-07
 2.26900e-07
 5.62354e-08
 1.31235e-08
 2.76729e-09
 5.73291e-10
 1.17263e-10
 2.36069e-11
 4.70892e-12
 8.97424e-13
 2.41912e-13
 0.00000e+00
 0.00000e+00
 0.00000e+00
 0.00000e+00
 0.00000e+00
 0.00000e+00
 0.00000e+00
 0.00000e+00
 0.00000e+00
 0.00000e+00
 0.00000e+00
 0.00000e+00
 0.00000e+00
 0.00000e+00
 0.00000e+00
 0.00000e+00
 0.00000e+00
 0.00000e+00
 0.00000e+00
 0.00000e+00
 2.51969e-15
 2.59951e-13
 5.67576e-12
 1.15587e-10
 2.27566e-09
 3.28403e-08
 2.67868e-07
 1.82571e-06
 1.10657e-05
 5.95051e-05
 2.80859e-04
 1.14742e-03
 3.99202e-03
 1.16398e-02
 2.81742e-02
 5.68930e-02
 9.80493e-02
 1.49264e-01
 2.07863e-01
 2.72270e-01
 3.41961e-01
 4.17010e-01
 4.97787e-01
 5.84776e-01
 6.78304e-01
 7.77791e-01
 8.79018e-01
 9.63573e-01
 9.74747e-01
 9.43411e-01
 9.31770e-01
 9.29951e-01
 9.28028e-01
 9.27757e-01
 9.27513e-01
 9.27291e-01
 9.27089e-01
 9.26910e-01
 9.26756e-01
 9.26629e-01
 9.26527e-01
 9.26442e-01
 9.26356e-01
 9.26239e-01
 9.26049e-01
 9.25733e-01
 9.25229e-01
 9.24469e-01
 9.23385e-01
 9.21888e-01
 9.19813e-01
 9.16746e-01
 9.11611e-01
 9.01817e-01
 8.81927e-01
 8.42682e-01
 7.72324e-01
 6.61295e-01
 5.09807e-01
 3.36477e-01
 1.79436e-01
 7.49530e-02
 2.56045e-02
 7.80953e-03
 2.26313e-03
 6.39269e-04
 1.77374e-04
 4.84228e-05
 1.30058e-05
 3.43508e-06
 8.91478e-07
 2.26900e-07
 5.62354e-08
 1.31235e-08
 2.76730e-09
 5.73283e-10
 1.17261e-10
 2.36123e-11
 4.70052e-12
 9.00264e-13
 2.45066e-13
 0.00000e+00
 0.00000e+00
 0.00000e+00
 0.00000e+00
 0.00000e+00
 0.00000e+00
 0.00000e+00
 0.00000e+00
 0.00000e+00
 0.00000e+00
 0.00000e+00
 0.00000e+00
 0.00000e+00
 0.00000e+00
 0.00000e+00
 0.00000e+00
 0.00000e+00
 0.00000e+00
 0.00000e+00
 0.00000e+00
 2.45724e-15
 2.60103e-13
 5.69932e-12
 1.16176e-10
 2.28598e-09
 3.28961e-08
 2.67885e-07
 1.82574e-06
 1.10657e-05
 5.95051e-05
 2.80859e-04
 1.14742e-03
 3.99202e-03
 1.16398e-02
 2.81742e-02
 5.68930e-02
 9.80493e-02
 1.49264e-01
 2.07863e-01
 2.72270e-01
 3.41961e-01
 4.17010e-01
 4.97787e-01
 5.84776e-01
 6.78304e-01
 7.77791e-01
 8.79018e-01
 9.63573e-01
 9.74747e-01
 9.43411e-01
 9.31770e-01
 9.29951e-01
 9.28028e-01
 9.27757e-01
 9.27513e-01
 9.27291e-01
 9.27089e-01
 9.26910e-01
 9.26756e-01
 9.26629e-01
 9.26527e-01
 9.26442e-01
 9.26356e-01
 9.26239e-01
 9.26049e-01
 9.25733e-01
 9.25229e-01
 9.24469e-01
 9.23385e-01
 9.21888e-01
 9.19813e-01
 9.16746e-01
 9.11611e-01
 9.01817e-01
 8.81927e-01
 8.42682e-01
 7.72324e-01
 6.61295e-01
 5.09807e-01
 3.36477e-01
 1.79436e-01
 7.49530e-02
 2.56045e-02
 7.80953e-03
 2.26313e-03
 6.39269e-04
 1.77374e-04
 4.84228e-05
 1.30058e-05
 3.43508e-06
 8.91478e-07
 2.26900e-07
 5.62354e-08
 1.31235e-08
 2.76729e-09
 5.73284e-10
 1.17263e-10
 2.36034e-11
 4.71099e-12
 8.91722e-13
 2.48420e-13
 0.00000e+00
 0.00000e+00
 0.00000e+00
 0.00000e+00
 0.00000e+00
 0.00000e+00
 0.00000e+00
 0.00000e+00
 0.00000e+00
 0.00000e+00
 0.00000e+00
 0.00000e+00
 0.00000e+00
 0.00000e+00
 0.00000e+00
 0.00000e+00
 0.00000e+00
 0.00000e+00
 0.00000e+00
 0.00000e+00
 2.44076e-15
 2.61268e-13
 5.71733e-12
 1.16481e-10
 2.28950e-09
 3.29029e-08
 2.67905e-07
 1.82576e-06
 1.10657e-05
 5.95052e-05
 2.80859e-04
 1.14742e-03
 3.99202e-03
 1.16398e-02
 2.81742e-02
 5.68930e-02
 9.80493e-02
 1.49264e-01
 2.07863e-01
 2.72270e-01
 3.41961e-01
 4.17010e-01
 4.97787e-01
 5.84776e-01
 6.78304e-01
 7.77791e-01
 8.79018e-01
 9.63573e-01
 9.74747e-01
 9.43411e-01
 9.31770e-01
 9.29951e-01
 9.28028e-01
 9.27757e-01
 9.27513e-01
 9.27291e-01
 9.27089e-01
 9.26910e-01
 9.26756e-01
 9.26629e-01
 9.26527e-01
 9.26442e-01
 9.26356e-01
 9.26239e-01
 9.26049e-01
 9.25733e-01
 9.25229e-01
 9.24469e-01
 9.23385e-01
 9.21888e-01
 9.19813e-01
 9.16746e-01
 9.11611e-01
 9.01817e-01
 8.81927e-01
 8.42682e-01
 7.72324e-01
 6.61295e-01
 5.09807e-01
 3.36477e-01
 1.79436e-01
 7.49530e-02
 2.56045e-02
 7.80953e-03
 2.26313e-03
 6.39269e-04
 1.77374e-04
 4.84228e-05
 1.30058e-05
 3.43508e-06
 8.91478e-07
 2.26900e-07
 5.62354e-08
 1.31235e-08
 2.76729e-09
 5.73289e-10
 1.17268e-10
 2.36028e-11
 4.70865e-12
 8.93525e-13
 2.45240e-13
 0.00000e+00
 0.00000e+00
 0.00000e+00
 0.00000e+00
 0.00000e+00
 0.00000e+00
 0.00000e+00
 0.00000e+00
 0.00000e+00
 0.00000e+00
 0.00000e+00
 0.00000e+00
 0.00000e+00
 0.00000e+00
 0.00000e+00
 0.00000e+00
 0.00000e+00
 0.00000e+00
 0.00000e+00
 0.00000e+00
 2.38871e-15
 2.61924e-13
 5.72426e-12
 1.16564e-10
 2.28995e-09
 3.29053e-08
 2.67910e-07
 1.82576e-06
 1.10657e-05
 5.95052e-05
 2.80859e-04
 1.14742e-03
 3.99202e-03
 1.16398e-02
 2.81742e-02
 5.68930e-02
 9.80493e-02
 1.49264e-01
 2.07863e-01
 2.72270e-01
 3.41961e-01
 4.17010e-01
 4.97787e-01
 5.84776e-01
 6.78304e-01
 7.77791e-01
 8.79018e-01
 9.63573e-01
 9.74747e-01
 9.43411e-01
 9.31770e-01
 9.29951e-01
 9.28028e-01
 9.27757e-01
 9.27513e-01
 9.27291e-01
 9.27089e-01
 9.26910e-01
 9.26756e-01
 9.26629e-01
 9.26527e-01
 9.26442e-01
 9.26356e-01
 9.26239e-01
 9.26049e-01
 9.25733e-01
 9.25229e-01
 9.24469e-01
 9.23385e-01
 9.21888e-01
 9.19813e-01
 9.16746e-01
 9.11611e-01
 9.01817e-01
 8.81927e-01
 8.42682e-01
 7.72324e-01
 6.61295e-01
 5.09807e-01
 3.36477e-01
 1.79436e-01
 7.49530e-02
 2.56045e-02
 7.80953e-03
 2.26313e-03
 6.39269e-04
 1.77374e-04
 4.84228e-05
 1.30058e-05
 3.43508e-06
 8.91478e-07
 2.26900e-07
 5.62354e-08
 1.31235e-08
 2.76729e-09
 5.73283e-10
 1.17273e-10
 2.36083e-11
 4.69345e-12
 9.01966e-13
 2.37716e-13
 0.00000e+00
 0.00000e+00
 0.00000e+00
 0.00000e+00
 0.00000e+00
 0.00000e+00
 0.00000e+00
 0.00000e+00
 0.00000e+00
 0.00000e+00
 0.00000e+00
 0.00000e+00
 0.00000e+00
 0.00000e+00
 0.00000e+00
 0.00000e+00
 0.00000e+00
 0.00000e+00
 0.00000e+00
 0.00000e+00
 0.00000e+00
 0.00000e+00
 0.00000e+00
 0.00000e+00
 0.00000e+00
 0.00000e+00
 0.00000e+00
 0.00000e+00
 0.00000e+00
 0.00000e+00
 0.00000e+00
 0.00000e+00
 0.00000e+00
 0.00000e+00
 0.00000e+00
 0.00000e+00
 0.00000e+00
 0.00000e+00
 0.00000e+00
 0.00000e+00
 0.00000e+00
 0.00000e+00
 0.00000e+00
 0.00000e+00
 0.00000e+00
 0.00000e+00
 0.00000e+00
 0.00000e+00
 0.00000e+00
 0.00000e+00
 0.00000e+00
 0.00000e+00
 0.00000e+00
 0.00000e+00
 0.00000e+00
 0.00000e+00
 0.00000e+00
 0.00000e+00
 0.00000e+00
 0.00000e+00
 0.00000e+00
 0.00000e+00
 0.00000e+00
 0.00000e+00
 0.00000e+00
 0.00000e+00
 0.00000e+00
 0.00000e+00
 0.00000e+00
 0.00000e+00
 0.00000e+00
 0.00000e+00
 0.00000e+00
 0.00000e+00
 0.00000e+00
 0.00000e+00
 0.00000e+00
 0.00000e+00
 0.00000e+00
 0.00000e+00
 0.00000e+00
 0.00000e+00
 0.00000e+00
 0.00000e+00
 0.00000e+00
 0.00000e+00
 0.00000e+00
 0.00000e+00
 0.00000e+00
 0.00000e+00
 0.00000e+00
 0.00000e+00
 0.00000e+00
 0.00000e+00
 0.00000e+00
 0.00000e+00
 0.00000e+00
 0.00000e+00
 0.00000e+00
 0.00000e+00
 0.00000e+00
 0.00000e+00
 0.00000e+00
 0.00000e+00
 0.00000e+00
-6.37642e-16
 0.00000e+00
 0.00000e+00
 0.00000e+00
 0.00000e+00
 0.00000e+00
 0.00000e+00
 0.00000e+00
 0.00000e+00
 0.00000e+00
 0.00000e+00
 0.00000e+00
 0.00000e+00
 0.00000e+00
 0.00000e+00
 0.00000e+00
 1.43115e-17
 2.66280e-16
 4.43525e-15
 1.60176e-13
 1.23261e-11
 5.73465e-11
 1.27569e-10
 1.55513e-10
 1.12126e-10
 3.45725e-11
-3.71663e-11
-7.12618e-11
-6.36566e-11
-3.17450e-11
 3.09076e-12
 2.33046e-11
 2.56042e-11
 1.85568e-11
 1.05729e-11
-3.62048e-13
-1.24249e-11
-1.30258e-11
-2.06733e-11
-5.48322e-12
-6.02383e-12
 2.79577e-12
 3.62442e-12
 8.17071e-13
 7.96392e-12
 2.06476e-12
 5.39712e-13
-9.56875e-13
-3.25818e-13
-6.65922e-13
-5.33860e-13
-4.63082e-13
-3.59750e-13
-2.34548e-13
-1.32545e-13
-5.35290e-14
 3.85766e-14
 1.19251e-13
 1.92428e-13
 2.66300e-13
 3.26072e-13
 3.77170e-13
 4.03535e-13
 4.21197e-13
 4.35609e-13
 4.29937e-13
 4.16862e-13
 4.03366e-13
 3.64848e-13
 3.25205e-13
 2.99602e-13
 2.64760e-13
 2.22091e-13
 1.74606e-13
 1.18108e-13
 5.67159e-14
 1.91483e-14
 2.82326e-16
-5.95010e-15
-7.94907e-15
-1.47930e-14
-1.28756e-14
-9.73787e-15
-1.23165e-14
-1.24696e-14
-1.73073e-14
-1.79062e-14
-1.29757e-14
-1.22476e-14
-1.62734e-14
-1.40716e-14
-7.68626e-15
-9.57017e-15
-7.07420e-15
-5.87291e-15
-6.51736e-15
-2.07083e-15
 0.00000e+00
 0.00000e+00
 0.00000e+00
 0.00000e+00
-6.37642e-16
 0.00000e+00
 0.00000e+00
 0.00000e+00
 0.00000e+00
 0.00000e+00
 0.00000e+00
 0.00000e+00
 0.00000e+00
 0.00000e+00
 0.00000e+00
 0.00000e+00
 0.00000e+00
 0.00000e+00
 0.00000e+00
 0.00000e+00
-4.77049e-17
-2.77989e-16
 5.78183e-15
 1.95219e-13
 4.00193e-12
 3.33639e-11
 5.99464e-11
 6.77727e-11
 8.38680e-11
 8.67883e-11
 7.61326e-11
 5.41756e-11
 1.38541e-11
-2.21572e-11
-4.10435e-11
-4.29497e-11
-3.33634e-11
-1.57419e-11
 1.17593e-12
 1.63193e-11
 1.43998e-11
 1.16642e-11
 4.07206e-12
-2.00081e-12
-3.14851e-12
-1.15100e-11
-1.10886e-11
-8.14220e-12
-3.10040e-12
-6.73469e-13
-3.02953e-13
-1.22612e-12
-1.27279e-12
-9.75198e-13
-8.89905e-13
-7.14239e-13
-5.52689e-13
-4.02844e-13
-2.33193e-13
-6.69043e-14
 6.62354e-14
 2.03154e-13
 3.30054e-13
 4.22637e-13
 4.99523e-13
 5.67315e-13
 6.24580e-13
 6.70796e-13
 7.01838e-13
 7.12361e-13
 6.87499e-13
 6.52754e-13
 6.21606e-13
 5.62985e-13
 4.86742e-13
 4.32592e-13
 3.88502e-13
 2.79198e-13
 1.60974e-13
 9.07178e-14
 4.77279e-14
 3.60046e-14
 2.55672e-14
 2.48853e-14
 2.89294e-14
 2.56600e-14
 2.17192e-14
 2.23289e-14
 2.20427e-14
 2.18419e-14
 2.18154e-14
 1.63255e-14
 1.48792e-14
 2.01809e-14
 1.97767e-14
 9.88823e-15
 6.32250e-15
 6.67435e-15
 4.02282e-15
 1.90689e-15
 4.84855e-16
 0.00000e+00
 0.00000e+00
 0.00000e+00
 0.00000e+00
-6.37642e-16
 0.00000e+00
 0.00000e+00
 0.00000e+00
 0.00000e+00
 0.00000e+00
 0.00000e+00
 0.00000e+00
 0.00000e+00
 0.00000e+00
 0.00000e+00
 0.00000e+00
 0.00000e+00
 0.00000e+00
 0.00000e+00
 0.00000e+00
 1.95156e-17
 2.90133e-16
 6.08498e-15
 1.22707e-13
 1.76898e-12
 5.46537e-12
 1.54038e-11
 3.32976e-11
 3.86588e-11
 5.25253e-11
 6.86941e-11
 6.12900e-11
 5.52690e-11
 3.69324e-11
 1.13866e-11
-5.50554e-12
-2.40665e-11
-3.69039e-11
-3.57969e-11
-3.60864e-11
-2.77799e-11
-1.78372e-11
-1.01759e-11
-5.30399e-12
 1.75629e-13
 2.65737e-12
-1.69866e-12
-4.38699e-13
-1.71720e-12
-3.52617e-12
-2.94557e-12
-2.48803e-12
-6.16707e-13
-1.17541e-12
-9.15809e-13
-7.43290e-13
-5.61241e-13
-3.87342e-13
-2.28755e-13
-6.88386e-14
 7.67672e-14
 2.02253e-13
 3.29788e-13
 4.45858e-13
 5.34676e-13
 5.92085e-13
 6.33557e-13
 6.68422e-13
 6.78373e-13
 6.84762e-13
 6.72458e-13
 6.65223e-13
 6.47415e-13
 5.74325e-13
 5.17340e-13
 4.61449e-13
 3.60388e-13
 2.67555e-13
 1.75499e-13
 9.28879e-14
 3.22884e-14
-1.17887e-14
-2.30740e-14
-2.35872e-14
-2.60127e-14
-2.73926e-14
-2.94109e-14
-2.52025e-14
-2.21954e-14
-2.07655e-14
-2.48144e-14
-1.99641e-14
-1.00644e-14
-1.30239e-14
-1.61798e-14
-9.90540e-15
-4.68562e-15
-7.51439e-15
-4.11390e-15
-1.00440e-15
-2.16493e-15
 0.00000e+00
 0.00000e+00
 0.00000e+00
 0.00000e+00
-6.37642e-16
 0.00000e+00
 0.00000e+00
 0.00000e+00
 0.00000e+00
 0.00000e+00
 0.00000e+00
 0.00000e+00
 0.00000e+00
 0.00000e+00
 0.00000e+00
 0.00000e+00
 0.00000e+00
 0.00000e+00
 0.00000e+00
 0.00000e+00
-2.64545e-17
 2.75387e-16
 4.06749e-15
 4.89882e-14
 3.15917e-13
 1.73824e-12
 5.16428e-12
 5.40679e-12
 1.54268e-11
 2.24858e-11
 2.42901e-11
 3.51095e-11
 3.27182e-11
 3.31403e-11
 2.71917e-11
 1.29718e-11
 5.12722e-12
-9.51214e-12
-2.13098e-11
-2.67299e-11
-3.45455e-11
-4.15575e-11
-3.31460e-11
-2.97272e-11
-2.60471e-11
-2.12302e-11
-1.82351e-11
-1.32028e-11
-7.25478e-12
-3.26789e-12
-3.52229e-12
-9.04435e-13
-9.86926e-13
-6.44316e-13
-5.50878e-13
-4.42983e-13
-3.38742e-13
-2.29970e-13
-1.28425e-13
-5.61451e-14
 4.09350e-14
 1.34623e-13
 2.02162e-13
 2.76501e-13
 3.38539e-13
 3.89258e-13
 4.17520e-13
 4.31417e-13
 4.39176e-13
 4.15274e-13
 4.00355e-13
 3.83572e-13
 3.58311e-13
 3.54306e-13
 3.25592e-13
 2.55691e-13
 2.05439e-13
 1.66041e-13
 1.13205e-13
 6.99970e-14
 4.48829e-14
 2.81554e-14
 9.67108e-15
 8.30789e-15
 1.26863e-14
 1.77072e-14
 2.13891e-14
 2.03457e-14
 1.99836e-14
 1.60995e-14
 1.87446e-14
 1.89354e-14
 1.07913e-14
 1.13859e-14
 1.12779e-14
 6.04798e-15
 5.65810e-15
 1.15528e-14
 6.68649e-15
 3.29728e-15
 3.76001e-15
 0.00000e+00
 0.00000e+00
 0.00000e+00
 0.00000e+00
 0.00000e+00
 0.00000e+00
 0.00000e+00
 0.00000e+00
 0.00000e+00
 0.00000e+00
 0.00000e+00
 0.00000e+00
 0.00000e+00
 0.00000e+00
 0.00000e+00
 0.00000e+00
 0.00000e+00
 0.00000e+00
 0.00000e+00
 0.00000e+00
 0.00000e+00
 0.00000e+00
 0.00000e+00
 0.00000e+00
 0.00000e+00
 0.00000e+00
 0.00000e+00
 0.00000e+00
 0.00000e+00
 0.00000e+00
 0.00000e+00
 0.00000e+00
 0.00000e+00
 0.00000e+00
 0.00000e+00
 0.00000e+00
 0.00000e+00
 0.00000e+00
 0.00000e+00
 0.00000e+00
 0.00000e+00
 0.00000e+00
 0.00000e+00
 0.00000e+00
 0.00000e+00
 0.00000e+00
 0.00000e+00
 0.00000e+00
 0.00000e+00
 0.00000e+00
 0.00000e+00
 0.00000e+00
 0.00000e+00
 0.00000e+00
 0.00000e+00
 0.00000e+00
 0.00000e+00
 0.00000e+00
 0.00000e+00
 0.00000e+00
 0.00000e+00
 0.00000e+00
 0.00000e+00
 0.00000e+00
 0.00000e+00
 0.00000e+00
 0.00000e+00
 0.00000e+00
 0.00000e+00
 0.00000e+00
 0.00000e+00
 0.00000e+00
 0.00000e+00
 0.00000e+00
 0.00000e+00
 0.00000e+00
 0.00000e+00
 0.00000e+00
 0.00000e+00
 0.00000e+00
 0.00000e+00
 0.00000e+00
 0.00000e+00
 0.00000e+00
 0.00000e+00
 0.00000e+00
 0.00000e+00
 0.00000e+00
 0.00000e+00
 0.00000e+00
 0.00000e+00
 0.00000e+00
 0.00000e+00
 0.00000e+00
 0.00000e+00
 0.00000e+00
 0.00000e+00
 0.00000e+00
 0.00000e+00
 0.00000e+00
 0.00000e+00
 0.00000e+00
 0.00000e+00
 0.00000e+00
 0.00000e+00
 0.00000e+00
 0.00000e+00
 0.00000e+00
 0.00000e+00
 0.00000e+00
 0.00000e+00
 0.00000e+00
 0.00000e+00
 0.00000e+00
 0.00000e+00
 0.00000e+00
 0.00000e+00
 0.00000e+00
 0.00000e+00
 0.00000e+00
 0.00000e+00
 0.00000e+00
 0.00000e+00
 0.00000e+00
 0.00000e+00
 0.00000e+00
 0.00000e+00
 0.00000e+00
 0.00000e+00
 0.00000e+00
 0.00000e+00
 0.00000e+00
 0.00000e+00
 0.00000e+00
 0.00000e+00
 0.00000e+00
 0.00000e+00
 0.00000e+00
 0.00000e+00
 0.00000e+00
 0.00000e+00
 0.00000e+00
 0.00000e+00
 0.00000e+00
 0.00000e+00
 0.00000e+00
 0.00000e+00
 0.00000e+00
 0.00000e+00
 0.00000e+00
 0.00000e+00
 0.00000e+00
 0.00000e+00
 0.00000e+00
 0.00000e+00
 0.00000e+00
 0.00000e+00
 0.00000e+00
 0.00000e+00
 0.00000e+00
 0.00000e+00
 0.00000e+00
 0.00000e+00
 0.00000e+00
 0.00000e+00
 0.00000e+00
 0.00000e+00
 0.00000e+00
 0.00000e+00
 0.00000e+00
 0.00000e+00
 0.00000e+00
 0.00000e+00
 0.00000e+00
 0.00000e+00
 0.00000e+00
 0.00000e+00
 0.00000e+00
 0.00000e+00
 0.00000e+00
 0.00000e+00
 0.00000e+00
 0.00000e+00
 0.00000e+00
 0.00000e+00
 0.00000e+00
 0.00000e+00
 0.00000e+00
 0.00000e+00
 0.00000e+00
 0.00000e+00
 0.00000e+00
 0.00000e+00
 0.00000e+00
 0.00000e+00
 0.00000e+00
 0.00000e+00
 0.00000e+00
 0.00000e+00
 0.00000e+00
 0.00000e+00
 0.00000e+00
 0.00000e+00
 0.00000e+00
 0.00000e+00
 0.00000e+00
 0.00000e+00
 0.00000e+00
 0.00000e+00
 0.00000e+00
 0.00000e+00
 0.00000e+00
 0.00000e+00
 0.00000e+00
 0.00000e+00
 0.00000e+00
 0.00000e+00
 0.00000e+00
 0.00000e+00
 0.00000e+00
 0.00000e+00
 0.00000e+00
 0.00000e+00
 0.00000e+00
 0.00000e+00
 0.00000e+00
 0.00000e+00
 0.00000e+00
 0.00000e+00
 0.00000e+00
 0.00000e+00
 0.00000e+00
 0.00000e+00
 0.00000e+00
 0.00000e+00
 0.00000e+00
 0.00000e+00
 0.00000e+00
 0.00000e+00
 0.00000e+00
 0.00000e+00
 0.00000e+00
 0.00000e+00
 0.00000e+00
 0.00000e+00
 0.00000e+00
 0.00000e+00
 0.00000e+00
 0.00000e+00
 0.00000e+00
 0.00000e+00
 0.00000e+00
 0.00000e+00
 0.00000e+00
 0.00000e+00
 0.00000e+00
 0.00000e+00
 0.00000e+00
 0.00000e+00
 0.00000e+00
 0.00000e+00
 0.00000e+00
 0.00000e+00
 0.00000e+00
 0.00000e+00
 0.00000e+00
 0.00000e+00
 0.00000e+00
 0.00000e+00
 0.00000e+00
 0.00000e+00
 0.00000e+00
 0.00000e+00
 0.00000e+00
 0.00000e+00
 0.00000e+00
 0.00000e+00
 0.00000e+00
 0.00000e+00
 0.00000e+00
 0.00000e+00
 0.00000e+00
 0.00000e+00
 0.00000e+00
 0.00000e+00
 0.00000e+00
 0.00000e+00
 0.00000e+00
 0.00000e+00
 0.00000e+00
 0.00000e+00
 0.00000e+00
 0.00000e+00
 0.00000e+00
 0.00000e+00
 0.00000e+00
 0.00000e+00
 0.00000e+00
 0.00000e+00
 0.00000e+00
 0.00000e+00
 0.00000e+00
 0.00000e+00
 0.00000e+00
 0.00000e+00
 0.00000e+00
 0.00000e+00
 0.00000e+00
 0.00000e+00
 0.00000e+00
 0.00000e+00
 0.00000e+00
 0.00000e+00
 0.00000e+00
 0.00000e+00
 0.00000e+00
 0.00000e+00
 0.00000e+00
 0.00000e+00
 0.00000e+00
 0.00000e+00
 0.00000e+00
 0.00000e+00
 0.00000e+00
 0.00000e+00
 0.00000e+00
 0.00000e+00
 0.00000e+00
 0.00000e+00
 0.00000e+00
 0.00000e+00
 0.00000e+00
 0.00000e+00
 0.00000e+00
 0.00000e+00
 0.00000e+00
 0.00000e+00
 0.00000e+00
 0.00000e+00
 0.00000e+00
 0.00000e+00
 0.00000e+00
 0.00000e+00
 0.00000e+00
 0.00000e+00
 0.00000e+00
 0.00000e+00
 0.00000e+00
 0.00000e+00
 0.00000e+00
 0.00000e+00
 0.00000e+00
 0.00000e+00
 0.00000e+00
 0.00000e+00
 0.00000e+00
 0.00000e+00
 0.00000e+00
 0.00000e+00
 0.00000e+00
 0.00000e+00
 0.00000e+00
 0.00000e+00
 0.00000e+00
 0.00000e+00
 0.00000e+00
 0.00000e+00
 0.00000e+00
 0.00000e+00
 0.00000e+00
 0.00000e+00
 0.00000e+00
 0.00000e+00
 0.00000e+00
 0.00000e+00
 0.00000e+00
 0.00000e+00
 0.00000e+00
 0.00000e+00
 0.00000e+00
 0.00000e+00
 0.00000e+00
 0.00000e+00
 0.00000e+00
 0.00000e+00
 0.00000e+00
 0.00000e+00
 0.00000e+00
 0.00000e+00
 0.00000e+00
 0.00000e+00
 0.00000e+00
 0.00000e+00
 0.00000e+00
 0.00000e+00
 0.00000e+00
 0.00000e+00
 0.00000e+00
 0.00000e+00
 0.00000e+00
 0.00000e+00
 0.00000e+00
 0.00000e+00
 0.00000e+00
 0.00000e+00
 0.00000e+00
 0.00000e+00
 0.00000e+00
 0.00000e+00
 0.00000e+00
 0.00000e+00
 0.00000e+00
 0.00000e+00
 0.00000e+00
 0.00000e+00
 0.00000e+00
 0.00000e+00
 0.00000e+00
 0.00000e+00
 0.00000e+00
 0.00000e+00
 0.00000e+00
 0.00000e+00
 0.00000e+00
 0.00000e+00
 0.00000e+00
 0.00000e+00
 0.00000e+00
 0.00000e+00
 0.00000e+00
 0.00000e+00
 0.00000e+00
 0.00000e+00
 0.00000e+00
 0.00000e+00
 0.00000e+00
 0.00000e+00
 0.00000e+00
 0.00000e+00
 0.00000e+00
 0.00000e+00
 0.00000e+00
 0.00000e+00
 0.00000e+00
 0.00000e+00
 0.00000e+00
 0.00000e+00
 0.00000e+00
 0.00000e+00
 0.00000e+00
 0.00000e+00
 0.00000e+00
 0.00000e+00
 0.00000e+00
 0.00000e+00
 0.00000e+00
 0.00000e+00
 0.00000e+00
 0.00000e+00
 0.00000e+00
 0.00000e+00
 0.00000e+00
 0.00000e+00
 0.00000e+00
 0.00000e+00
 0.00000e+00
 0.00000e+00
 0.00000e+00
 0.00000e+00
 0.00000e+00
 0.00000e+00
 0.00000e+00
 0.00000e+00
 0.00000e+00
 0.00000e+00
 0.00000e+00
 0.00000e+00
 0.00000e+00
 0.00000e+00
 0.00000e+00
 0.00000e+00
 0.00000e+00
 0.00000e+00
 0.00000e+00
 0.00000e+00
 0.00000e+00
 0.00000e+00
 0.00000e+00
 0.00000e+00
 0.00000e+00
 0.00000e+00
 0.00000e+00
 0.00000e+00
 0.00000e+00
 0.00000e+00
 0.00000e+00
 0.00000e+00
 0.00000e+00
 0.00000e+00
 0.00000e+00
 0.00000e+00
 0.00000e+00
 0.00000e+00
 0.00000e+00
 0.00000e+00
 0.00000e+00
 0.00000e+00
 0.00000e+00
 0.00000e+00
 0.00000e+00
 0.00000e+00
 0.00000e+00
 0.00000e+00
 0.00000e+00
 0.00000e+00
 0.00000e+00
 0.00000e+00
 0.00000e+00
 0.00000e+00
 0.00000e+00
 0.00000e+00
 0.00000e+00
 0.00000e+00
 0.00000e+00
 0.00000e+00
 0.00000e+00
 0.00000e+00
 0.00000e+00
 0.00000e+00
 0.00000e+00
 0.00000e+00
 0.00000e+00
 0.00000e+00
 0.00000e+00
 0.00000e+00
 0.00000e+00
 0.00000e+00
 0.00000e+00
 0.00000e+00
 0.00000e+00
 0.00000e+00
 0.00000e+00
 0.00000e+00
 0.00000e+00
 0.00000e+00
 0.00000e+00
 0.00000e+00
 0.00000e+00
 0.00000e+00
 0.00000e+00
 0.00000e+00
 0.00000e+00
 0.00000e+00
 0.00000e+00
 0.00000e+00
 0.00000e+00
 0.00000e+00
 0.00000e+00
 0.00000e+00
 0.00000e+00
 0.00000e+00
 0.00000e+00
 0.00000e+00
 0.00000e+00
 0.00000e+00
 0.00000e+00
 0.00000e+00
 0.00000e+00
 0.00000e+00
 0.00000e+00
 0.00000e+00
 0.00000e+00
 0.00000e+00
 0.00000e+00
 0.00000e+00
 0.00000e+00
 0.00000e+00
 0.00000e+00
 0.00000e+00
 0.00000e+00
 0.00000e+00
 0.00000e+00
 0.00000e+00
 0.00000e+00
 0.00000e+00
 0.00000e+00
 0.00000e+00
 0.00000e+00
 0.00000e+00
 0.00000e+00
 0.00000e+00
 0.00000e+00
 0.00000e+00
 0.00000e+00
 0.00000e+00
 0.00000e+00
 0.00000e+00
 0.00000e+00
 0.00000e+00
 0.00000e+00
 0.00000e+00
 0.00000e+00
 0.00000e+00
 0.00000e+00
 0.00000e+00
 0.00000e+00
 0.00000e+00
 0.00000e+00
 0.00000e+00
 0.00000e+00
 0.00000e+00
 0.00000e+00
 0.00000e+00
 0.00000e+00
 0.00000e+00
 0.00000e+00
 0.00000e+00
 0.00000e+00
 0.00000e+00
 0.00000e+00
 0.00000e+00
 0.00000e+00
 0.00000e+00
 0.00000e+00
 0.00000e+00
 0.00000e+00
 0.00000e+00
 0.00000e+00
 0.00000e+00
 0.00000e+00
 0.00000e+00
 0.00000e+00
 0.00000e+00
 0.00000e+00
 0.00000e+00
 0.00000e+00
 0.00000e+00
 0.00000e+00
 0.00000e+00
 0.00000e+00
 0.00000e+00
 0.00000e+00
 0.00000e+00
 0.00000e+00
 0.00000e+00
 0.00000e+00
 0.00000e+00
 0.00000e+00
 0.00000e+00
 0.00000e+00
 0.00000e+00
 0.00000e+00
 0.00000e+00
 0.00000e+00
 0.00000e+00
 0.00000e+00
 0.00000e+00
 0.00000e+00
 0.00000e+00
 0.00000e+00
 0.00000e+00
 0.00000e+00
 0.00000e+00
 0.00000e+00
 0.00000e+00
 0.00000e+00
 0.00000e+00
 0.00000e+00
 0.00000e+00
 0.00000e+00
 0.00000e+00
 0.00000e+00
 0.00000e+00
 0.00000e+00
 0.00000e+00
 0.00000e+00
 0.00000e+00
 0.00000e+00
 0.00000e+00
 0.00000e+00
 0.00000e+00
 0.00000e+00
 0.00000e+00
 0.00000e+00
 0.00000e+00
 0.00000e+00
 0.00000e+00
 0.00000e+00
 0.00000e+00
 0.00000e+00
 0.00000e+00
 0.00000e+00
 0.00000e+00
 0.00000e+00
 0.00000e+00
 0.00000e+00
 0.00000e+00
 0.00000e+00
 0.00000e+00
 0.00000e+00
 0.00000e+00
 0.00000e+00
 0.00000e+00
 0.00000e+00
 0.00000e+00
 0.00000e+00
 0.00000e+00
 0.00000e+00
 0.00000e+00
