Velocity
part
         1
coordinates
 0.00000e+00
 0.00000e+00
 0.00000e+00
 0.00000e+00
 0.00000e+00
 0.00000e+00
 0.00000e+00
 0.00000e+00
 0.00000e+00
 0.00000e+00
 0.00000e+00
 4.08510e-14
 9.46266e-13
 1.67407e-11
 2.82961e-10
 4.68866e-09
 5.02923e-08
 3.29655e-07
 1.85278e-06
 9.42099e-06
 4.33568e-05
 1.79257e-04
 6.59232e-04
 2.13145e-03
 5.98528e-03
 1.44563e-02
 2.99624e-02
 5.37821e-02
 8.53385e-02
 1.22908e-01
 1.64828e-01
 2.10066e-01
 2.58162e-01
 3.08991e-01
 3.62605e-01
 4.19155e-01
 4.78850e-01
 5.41940e-01
 6.08675e-01
 6.79227e-01
 7.53465e-01
 8.30304e-01
 9.05547e-01
 9.64599e-01
 9.69816e-01
 9.47171e-01
 9.34108e-01
 9.29990e-01
 9.28570e-01
 9.27651e-01
 9.27160e-01
 9.27089e-01
 9.27024e-01
 9.26963e-01
 9.26904e-01
 9.26846e-01
 9.26788e-01
 9.26729e-01
 9.26668e-01
 9.26605e-01
 9.26540e-01
 9.26471e-01
 9.26400e-01
 9.26328e-01
 9.26255e-01
 9.26182e-01
 9.26111e-01
 9.26043e-01
 9.25978e-01
 9.25915e-01
 9.25848e-01
 9.25771e-01
 9.25670e-01
 9.25525e-01
 9.25306e-01
 9.24960e-01
 9.24391e-01
 9.23393e-01
 9.21506e-01
 9.17671e-01
 9.09517e-01
 8.92195e-01
 8.57307e-01
 7.93614e-01
 6.90901e-01
 5.46815e-01
 3.75500e-01
 2.11458e-01
 9.38775e-02
 3.37719e-02
 1.07231e-02
 3.22769e-03
 9.51662e-04
 2.77787e-04
 8.04749e-05
 2.31363e-05
 6.59554e-06
 1.86182e-06
 5.17601e-07
 1.33204e-07
 0.00000e+00
 0.00000e+00
 0.00000e+00
 0.00000e+00
 0.00000e+00
 0.00000e+00
 0.00000e+00
 0.00000e+00
 0.00000e+00
 0.00000e+00
 0.00000e+00
 0.00000e+00
 4.13836e-14
 9.46921e-13
 1.67722e-11
 2.83999e-10
 4.73837e-09
 5.03819e-08
 3.29695e-07
 1.85274e-06
 9.42089e-06
 4.33568e-05
 1.79257e-04
 6.59232e-04
 2.13145e-03
 5.98528e-03
 1.44563e-02
 2.99624e-02
 5.37821e-02
 8.53385e-02
 1.22908e-01
 1.64828e-01
 2.10066e-01
 2.58162e-01
 3.08991e-01
 3.62605e-01
 4.19155e-01
 4.78850e-01
 5.41940e-01
 6.08675e-01
 6.79227e-01
 7.53465e-01
 8.30304e-01
 9.05547e-01
 9.64599e-01
 9.69816e-01
 9.47171e-01
 9.34108e-01
 9.29990e-01
 9.28570e-01
 9.27651e-01
 9.27160e-01
 9.27089e-01
 9.27024e-01
 9.26963e-01
 9.26904e-01
 9.26846e-01
 9.26788e-01
 9.26729e-01
 9.26668e-01
 9.26605e-01
 9.26540e-01
 9.26471e-01
 9.26400e-01
 9.26328e-01
 9.26255e-01
 9.26182e-01
 9.26111e-01
 9.26043e-01
 9.25978e-01
 9.25915e-01
 9.25848e-01
 9.25771e-01
 9.25670e-01
 9.25525e-01
 9.25306e-01
 9.24960e-01
 9.24391e-01
 9.23393e-01
 9.21506e-01
 9.17671e-01
 9.09517e-01
 8.92195e-01
 8.57307e-01
 7.93614e-01
 6.90901e-01
 5.46815e-01
 3.75500e-01
 2.11458e-01
 9.38775e-02
 3.37719e-02
 1.07231e-02
 3.22769e-03
 9.51662e-04
 2.77787e-04
 8.04749e-05
 2.31363e-05
 6.59554e-06
 1.86182e-06
 5.17601e-07
 1.33204e-07
 0.00000e+00
 0.00000e+00
 0.00000e+00
 0.00000e+00
 0.00000e+00
 0.00000e+00
 0.00000e+00
 0.00000e+00
 0.00000e+00
 0.00000e+00
 0.00000e+00
 0.00000e+00
 4.18511e-14
 9.48825e-13
 1.68446e-11
 2.86211e-10
 4.81434e-09
 5.05172e-08
 3.29746e-07
 1.85273e-06
 9.42080e-06
 4.33566e-05
 1.79257e-04
 6.59232e-04
 2.13145e-03
 5.98528e-03
 1.44563e-02
 2.99624e-02
 5.37821e-02
 8.53385e-02
 1.22908e-01
 1.64828e-01
 2.10066e-01
 2.58162e-01
 3.08991e-01
 3.62605e-01
 4.19155e-01
 4.78850e-01
 5.41940e-01
 6.08675e-01
 6.79227e-01
 7.53465e-01
 8.30304e-01
 9.05547e-01
 9.64599e-01
 9.69816e-01
 9.47171e-01
 9.34108e-01
 9.29990e-01
 9.28570e-01
 9.27651e-01
 9.27160e-01
 9.27089e-01
 9.27024e-01
 9.26963e-01
 9.26904e-01
 9.26846e-01
 9.26788e-01
 9.26729e-01
 9.26668e-01
 9.26605e-01
 9.26540e-01
 9.26471e-01
 9.26400e-01
 9.26328e-01
 9.26255e-01
 9.26182e-01
 9.26111e-01
 9.26043e-01
 9.25978e-01
 9.25915e-01
 9.25848e-01
 9.25771e-01
 9.25670e-01
 9.25525e-01
 9.25306e-01
 9.24960e-01
 9.24391e-01
 9.23393e-01
 9.21506e-01
 9.17671e-01
 9.09517e-01
 8.92195e-01
 8.57307e-01
 7.93614e-01
 6.90901e-01
 5.46815e-01
 3.75500e-01
 2.11458e-01
 9.38775e-02
 3.37719e-02
 1.07231e-02
 3.22769e-03
 9.51662e-04
 2.77787e-04
 8.04749e-05
 2.31363e-05
 6.59554e-06
 1.86182e-06
 5.17601e-07
 1.33204e-07
 0.00000e+00
 0.00000e+00
 0.00000e+00
 0.00000e+00
 0.00000e+00
 0.00000e+00
 0.00000e+00
 0.00000e+00
 0.00000e+00
 0.00000e+00
 0.00000e+00
 0.00000e+00
 4.16923e-14
 9.52869e-13
 1.69177e-11
 2.88029e-10
 4.84599e-09
 5.05701e-08
 3.29780e-07
 1.85277e-06
 9.42081e-06
 4.33566e-05
 1.79257e-04
 6.59232e-04
 2.13145e-03
 5.98528e-03
 1.44563e-02
 2.99624e-02
 5.37821e-02
 8.53385e-02
 1.22908e-01
 1.64828e-01
 2.10066e-01
 2.58162e-01
 3.08991e-01
 3.62605e-01
 4.19155e-01
 4.78850e-01
 5.41940e-01
 6.08675e-01
 6.79227e-01
 7.53465e-01
 8.30304e-01
 9.05547e-01
 9.64599e-01
 9.69816e-01
 9.47171e-01
 9.34108e-01
 9.29990e-01
 9.28570e-01
 9.27651e-01
 9.27160e-01
 9.27089e-01
 9.27024e-01
 9.26963e-01
 9.26904e-01
 9.26846e-01
 9.26788e-01
 9.26729e-01
 9.26668e-01
 9.26605e-01
 9.26540e-01
 9.26471e-01
 9.26400e-01
 9.26328e-01
 9.26255e-01
 9.26182e-01
 9.26111e-01
 9.26043e-01
 9.25978e-01
 9.25915e-01
 9.25848e-01
 9.25771e-01
 9.25670e-01
 9.25525e-01
 9.25306e-01
 9.24960e-01
 9.24391e-01
 9.23393e-01
 9.21506e-01
 9.17671e-01
 9.09517e-01
 8.92195e-01
 8.57307e-01
 7.93614e-01
 6.90901e-01
 5.46815e-01
 3.75500e-01
 2.11458e-01
 9.38775e-02
 3.37719e-02
 1.07231e-02
 3.22769e-03
 9.51662e-04
 2.77787e-04
 8.04749e-05
 2.31363e-05
 6.59554e-06
 1.86182e-06
 5.17601e-07
 1.33204e-07
 0.00000e+00
 0.00000e+00
 0.00000e+00
 0.00000e+00
 0.00000e+00
 0.00000e+00
 0.00000e+00
 0.00000e+00
 0.00000e+00
 0.00000e+00
 0.00000e+00
 0.00000e+00
 4.16594e-14
 9.55906e-13
 1.69698e-11
 2.88874e-10
 4.85232e-09
 5.05815e-08
 3.29812e-07
 1.85279e-06
 9.42083e-06
 4.33566e-05
 1.79257e-04
 6.59232e-04
 2.13145e-03
 5.98528e-03
 1.44563e-02
 2.99624e-02
 5.37821e-02
 8.53385e-02
 1.22908e-01
 1.64828e-01
 2.10066e-01
 2.58162e-01
 3.08991e-01
 3.62605e-01
 4.19155e-01
 4.78850e-01
 5.41940e-01
 6.08675e-01
 6.79227e-01
 7.53465e-01
 8.30304e-01
 9.05547e-01
 9.64599e-01
 9.69816e-01
 9.47171e-01
 9.34108e-01
 9.29990e-01
 9.28570e-01
 9.27651e-01
 9.27160e-01
 9.27089e-01
 9.27024e-01
 9.26963e-01
 9.26904e-01
 9.26846e-01
 9.26788e-01
 9.26729e-01
 9.26668e-01
 9.26605e-01
 9.26540e-01
 9.26471e-01
 9.26400e-01
 9.26328e-01
 9.26255e-01
 9.26182e-01
 9.26111e-01
 9.26043e-01
 9.25978e-01
 9.25915e-01
 9.25848e-01
 9.25771e-01
 9.25670e-01
 9.25525e-01
 9.25306e-01
 9.24960e-01
 9.24391e-01
 9.23393e-01
 9.21506e-01
 9.17671e-01
 9.09517e-01
 8.92195e-01
 8.57307e-01
 7.93614e-01
 6.90901e-01
 5.46815e-01
 3.75500e-01
 2.11458e-01
 9.38775e-02
 3.37719e-02
 1.07231e-02
 3.22769e-03
 9.51662e-04
 2.77787e-04
 8.04749e-05
 2.31363e-05
 6.59554e-06
 1.86182e-06
 5.17601e-07
 1.33204e-07
 0.00000e+00
 0.00000e+00
 0.00000e+00
 0.00000e+00
 0.00000e+00
 0.00000e+00
 0.00000e+00
 0.00000e+00
 0.00000e+00
 0.00000e+00
 0.00000e+00
 0.00000e+00
 4.17201e-14
 9.56148e-13
 1.69897e-11
 2.89076e-10
 4.85327e-09
 5.05859e-08
 3.29820e-07
 1.85280e-06
 9.42084e-06
 4.33566e-05
 1.79257e-04
 6.59232e-04
 2.13145e-03
 5.98528e-03
 1.44563e-02
 2.99624e-02
 5.37821e-02
 8.53385e-02
 1.22908e-01
 1.64828e-01
 2.10066e-01
 2.58162e-01
 3.08991e-01
 3.62605e-01
 4.19155e-01
 4.78850e-01
 5.41940e-01
 6.08675e-01
 6.79227e-01
 7.53465e-01
 8.30304e-01
 9.05547e-01
 9.64599e-01
 9.69816e-01
 9.47171e-01
 9.34108e-01
 9.29990e-01
 9.28570e-01
 9.27651e-01
 9.27160e-01
 9.27089e-01
 9.27024e-01
 9.26963e-01
 9.26904e-01
 9.26846e-01
 9.26788e-01
 9.26729e-01
 9.26668e-01
 9.26605e-01
 9.26540e-01
 9.26471e-01
 9.26400e-01
 9.26328e-01
 9.26255e-01
 9.26182e-01
 9.26111e-01
 9.26043e-01
 9.25978e-01
 9.25915e-01
 9.25848e-01
 9.25771e-01
 9.25670e-01
 9.25525e-01
 9.25306e-01
 9.24960e-01
 9.24391e-01
 9.23393e-01
 9.21506e-01
 9.17671e-01
 9.09517e-01
 8.92195e-01
 8.57307e-01
 7.93614e-01
 6.90901e-01
 5.46815e-01
 3.75500e-01
 2.11458e-01
 9.38775e-02
 3.37719e-02
 1.07231e-02
 3.22769e-03
 9.51662e-04
 2.77787e-04
 8.04749e-05
 2.31363e-05
 6.59554e-06
 1.86182e-06
 5.17601e-07
 1.33204e-07
 0.00000e+00
 0.00000e+00
 0.00000e+00
 0.00000e+00
 0.00000e+00
 0.00000e+00
 0.00000e+00
 0.00000e+00
 0.00000e+00
 0.00000e+00
 0.00000e+00
 0.00000e+00
 0.00000e+00
 0.00000e+00
 0.00000e+00
 0.00000e+00
 0.00000e+00
 0.00000e+00
 0.00000e+00
 0.00000e+00
 0.00000e+00
 0.00000e+00
 0.00000e+00
 0.00000e+00
 0.00000e+00
 0.00000e+00
 0.00000e+00
 0.00000e+00
 0.00000e+00
 0.00000e+00
 0.00000e+00
 0.00000e+00
 0.00000e+00
 0.00000e+00
 0.00000e+00
 0.00000e+00
 0.00000e+00
 0.00000e+00
 0.00000e+00
 0.00000e+00
 0.00000e+00
 0.00000e+00
 0.00000e+00
 0.00000e+00
 0.00000e+00
 0.00000e+00
 0.00000e+00
 0.00000e+00
 0.00000e+00
 0.00000e+00
 0.00000e+00
 0.00000e+00
 0.00000e+00
 0.00000e+00
 0.00000e+00
 0.00000e+00
 0.00000e+00
 0.00000e+00
 0.00000e+00
 0.00000e+00
 0.00000e+00
 0.00000e+00
 0.00000e+00
 0.00000e+00
 0.00000e+00
 0.00000e+00
 0.00000e+00
 0.00000e+00
 0.00000e+00
 0.00000e+00
 0.00000e+00
 0.00000e+00
 0.00000e+00
 0.00000e+00
 0.00000e+00
 0.00000e+00
 0.00000e+00
 0.00000e+00
 0.00000e+00
 0.00000e+00
 0.00000e+00
 0.00000e+00
 0.00000e+00
 0.00000e+00
 0.00000e+00
 0.00000e+00
 0.00000e+00
 0.00000e+00
 0.00000e+00
 0.00000e+00
 0.00000e+00
 0.00000e+00
 0.00000e+00
 0.00000e+00
 0.00000e+00
 0.00000e+00
 0.00000e+00
 0.00000e+00
 0.00000e+00
 0.00000e+00
 0.00000e+00
 0.00000e+00
 0.00000e+00
 0.00000e+00
-8.67059e-16
 0.00000e+00
 0.00000e+00
 0.00000e+00
 0.00000e+00
 0.00000e+00
 0.00000e+00
 0.00000e+00
 0.00000e+00
 2.69316e-16
 8.59989e-16
 1.68945e-14
 5.51303e-13
 2.59229e-11
 9.55491e-11
 1.60719e-10
 1.61332e-10
 9.50966e-11
 4.57496e-12
-6.17529e-11
-9.08723e-11
-7.56342e-11
-1.95814e-11
 3.26554e-11
 5.18801e-11
 3.36233e-11
 1.29169e-12
-2.25216e-11
-4.00836e-11
-4.12042e-11
-2.83591e-11
-2.07405e-11
-5.66499e-12
 1.14825e-12
-2.78155e-13
 2.35725e-12
-1.98904e-11
-8.05571e-12
-2.12427e-11
-4.95215e-12
-1.01473e-11
-1.51440e-11
-1.20678e-11
-2.68337e-12
 8.57130e-12
-8.93023e-14
-4.10720e-13
-8.38318e-13
-4.25409e-13
-6.94375e-13
-7.42768e-13
-7.71246e-13
-7.75228e-13
-7.72548e-13
-7.66392e-13
-7.69601e-13
-7.82588e-13
-7.79179e-13
-7.85601e-13
-7.89976e-13
-7.73063e-13
-7.59011e-13
-7.43274e-13
-7.21797e-13
-6.82477e-13
-6.41721e-13
-6.03737e-13
-5.55543e-13
-5.05230e-13
-4.50365e-13
-3.97694e-13
-3.18062e-13
-2.30072e-13
-1.79251e-13
-1.23752e-13
-6.76191e-14
-2.16801e-14
 1.76248e-14
 4.24691e-14
 6.24104e-14
 8.84781e-14
 1.03535e-13
 1.02726e-13
 9.04667e-14
 6.05050e-14
 2.83376e-14
 6.66394e-15
 4.99167e-16
-7.37518e-15
-1.15728e-14
-9.98030e-15
-7.98723e-15
-1.06401e-14
-1.56333e-14
-1.60076e-14
-1.58953e-14
-1.39381e-14
-1.40560e-14
-1.51736e-14
 0.00000e+00
 0.00000e+00
-8.67059e-16
 0.00000e+00
 0.00000e+00
 0.00000e+00
 0.00000e+00
 0.00000e+00
 0.00000e+00
 0.00000e+00
 0.00000e+00
-3.72966e-17
 5.60316e-16
 2.17049e-14
 6.29597e-13
 1.43513e-11
 5.03905e-11
 7.81472e-11
 9.39359e-11
 1.04427e-10
 9.09494e-11
 5.18302e-11
 1.05178e-11
-2.94197e-11
-6.07097e-11
-6.42686e-11
-5.04329e-11
-2.10376e-11
 5.45092e-12
 1.69794e-11
 1.93977e-11
 1.88792e-12
-1.90714e-11
-3.32692e-11
-4.69222e-11
-4.68763e-11
-3.28731e-11
-2.39730e-11
-1.19813e-11
-1.61555e-13
 6.16442e-12
 9.73922e-12
 2.73670e-12
 2.46271e-12
 1.99786e-12
 1.90276e-12
 4.68234e-12
 1.13965e-12
-6.64629e-13
-1.20821e-12
-5.81345e-13
-1.35280e-12
-1.25516e-12
-1.22780e-12
-1.22618e-12
-1.23261e-12
-1.24939e-12
-1.26215e-12
-1.26660e-12
-1.28524e-12
-1.29554e-12
-1.29268e-12
-1.27618e-12
-1.25909e-12
-1.23388e-12
-1.20748e-12
-1.15130e-12
-1.07732e-12
-9.81796e-13
-8.60270e-13
-7.78256e-13
-6.95447e-13
-6.03477e-13
-4.99537e-13
-3.89036e-13
-2.86286e-13
-2.20671e-13
-1.34708e-13
-3.80004e-14
 3.43510e-14
 8.75164e-14
 1.25592e-13
 1.58418e-13
 1.68024e-13
 1.49377e-13
 1.30686e-13
 7.51855e-14
 3.73286e-14
 3.94389e-14
 2.59220e-14
 1.54434e-14
 1.74591e-14
 1.99376e-14
 2.19255e-14
 2.52470e-14
 3.12146e-14
 2.63982e-14
 2.05218e-14
 1.71061e-14
 1.49607e-14
 1.62760e-14
 0.00000e+00
 0.00000e+00
-8.67059e-16
 0.00000e+00
 0.00000e+00
 0.00000e+00
 0.00000e+00
 0.00000e+00
 0.00000e+00
 0.00000e+00
 0.00000e+00
-4.33681e-17
 1.30755e-15
 1.87185e-14
 3.56237e-13
 3.36889e-12
 9.57953e-12
 2.54588e-11
 4.68341e-11
 6.18124e-11
 7.23554e-11
 7.57478e-11
 5.69299e-11
 3.50674e-11
 3.76521e-12
-3.53437e-11
-6.50385e-11
-7.67506e-11
-6.58666e-11
-5.31060e-11
-3.75413e-11
-1.96432e-11
-4.03129e-13
 8.94936e-12
 7.09692e-12
 5.05800e-13
-6.98727e-12
-8.22365e-12
-9.02582e-12
-1.23313e-11
-3.36228e-12
-4.03866e-13
 2.30109e-12
 8.40894e-12
 1.03761e-11
 6.83632e-12
 1.48493e-12
 1.33012e-12
-2.41467e-13
-8.85834e-13
-8.39800e-13
-1.21517e-12
-1.23364e-12
-1.21873e-12
-1.22330e-12
-1.24165e-12
-1.26042e-12
-1.27164e-12
-1.27784e-12
-1.29714e-12
-1.31772e-12
-1.31833e-12
-1.30275e-12
-1.27487e-12
-1.25049e-12
-1.19984e-12
-1.15551e-12
-1.08428e-12
-9.97122e-13
-9.09056e-13
-7.91536e-13
-6.80002e-13
-5.72764e-13
-4.81751e-13
-4.03746e-13
-3.10751e-13
-1.87087e-13
-9.64086e-14
-4.03371e-14
 3.58550e-14
 8.69660e-14
 1.32705e-13
 1.84044e-13
 2.01678e-13
 1.78796e-13
 1.22078e-13
 7.46386e-14
 4.22457e-14
-5.07320e-15
-2.76315e-14
-2.74125e-14
-3.12632e-14
-2.91247e-14
-2.94722e-14
-3.45866e-14
-3.11882e-14
-2.22153e-14
-1.74639e-14
-1.87554e-14
-1.93743e-14
-2.02364e-14
 0.00000e+00
 0.00000e+00
-8.67059e-16
 0.00000e+00
 0.00000e+00
 0.00000e+00
 0.00000e+00
 0.00000e+00
 0.00000e+00
 0.00000e+00
 0.00000e+00
 3.55618e-17
 1.78677e-16
 1.02912e-14
 1.21489e-13
 6.94866e-13
 3.36631e-12
 9.30204e-12
 1.76315e-11
 2.71932e-11
 3.71215e-11
 4.19348e-11
 5.04575e-11
 3.90821e-11
 1.80369e-11
 1.23979e-12
-1.93186e-11
-4.23527e-11
-6.22675e-11
-6.30954e-11
-5.71259e-11
-4.47902e-11
-2.56426e-11
-6.48243e-12
 1.39915e-11
 2.66007e-11
 3.20083e-11
 3.72174e-11
 3.21719e-11
 2.38805e-11
 1.28889e-11
 6.11914e-12
 1.15738e-12
-1.19770e-12
-2.96764e-12
-1.43995e-12
 1.81260e-12
 6.05255e-13
 1.49704e-13
-5.28741e-13
-4.40966e-13
-8.58539e-13
-8.16351e-13
-8.00711e-13
-7.83582e-13
-7.79635e-13
-7.80455e-13
-7.79452e-13
-7.84974e-13
-8.00627e-13
-8.06298e-13
-7.98965e-13
-8.04321e-13
-7.89498e-13
-7.53457e-13
-7.42053e-13
-7.01942e-13
-6.43421e-13
-6.09058e-13
-5.82306e-13
-5.48980e-13
-4.70129e-13
-3.86080e-13
-3.15498e-13
-2.37429e-13
-1.57614e-13
-1.06565e-13
-6.08966e-14
 4.58227e-15
 2.85596e-14
 6.28304e-14
 9.75581e-14
 9.49404e-14
 8.13880e-14
 7.45740e-14
 7.18570e-14
 6.78051e-14
 5.95947e-14
 3.89059e-14
 3.18864e-14
 3.20165e-14
 2.74242e-14
 1.99979e-14
 1.71957e-14
 2.36780e-14
 2.39713e-14
 2.02186e-14
 1.78499e-14
 1.95434e-14
 2.59744e-14
 2.85379e-14
 0.00000e+00
 0.00000e+00
 0.00000e+00
 0.00000e+00
 0.00000e+00
 0.00000e+00
 0.00000e+00
 0.00000e+00
 0.00000e+00
 0.00000e+00
 0.00000e+00
 0.00000e+00
 0.00000e+00
 0.00000e+00
 0.00000e+00
 0.00000e+00
 0.00000e+00
 0.00000e+00
 0.00000e+00
 0.00000e+00
 0.00000e+00
 0.00000e+00
 0.00000e+00
 0.00000e+00
 0.00000e+00
 0.00000e+00
 0.00000e+00
 0.00000e+00
 0.00000e+00
 0.00000e+00
 0.00000e+00
 0.00000e+00
 0.00000e+00
 0.00000e+00
 0.00000e+00
 0.00000e+00
 0.00000e+00
 0.00000e+00
 0.00000e+00
 0.00000e+00
 0.00000e+00
 0.00000e+00
 0.00000e+00
 0.00000e+00
 0.00000e+00
 0.00000e+00
 0.00000e+00
 0.00000e+00
 0.00000e+00
 0.00000e+00
 0.00000e+00
 0.00000e+00
 0.00000e+00
 0.00000e+00
 0.00000e+00
 0.00000e+00
 0.00000e+00
 0.00000e+00
 0.00000e+00
 0.00000e+00
 0.00000e+00
 0.00000e+00
 0.00000e+00
 0.00000e+00
 0.00000e+00
 0.00000e+00
 0.00000e+00
 0.00000e+00
 0.00000e+00
 0.00000e+00
 0.00000e+00
 0.00000e+00
 0.00000e+00
 0.00000e+00
 0.00000e+00
 0.00000e+00
 0.00000e+00
 0.00000e+00
 0.00000e+00
 0.00000e+00
 0.00000e+00
 0.00000e+00
 0.00000e+00
 0.00000e+00
 0.00000e+00
 0.00000e+00
 0.00000e+00
 0.00000e+00
 0.00000e+00
 0.00000e+00
 0.00000e+00
 0.00000e+00
 0.00000e+00
 0.00000e+00
 0.00000e+00
 0.00000e+00
 0.00000e+00
 0.00000e+00
 0.00000e+00
 0.00000e+00
 0.00000e+00
 0.00000e+00
 0.00000e+00
 0.00000e+00
 0.00000e+00
 0.00000e+00
 0.00000e+00
 0.00000e+00
 0.00000e+00
 0.00000e+00
 0.00000e+00
 0.00000e+00
 0.00000e+00
 0.00000e+00
 0.00000e+00
 0.00000e+00
 0.00000e+00
 0.00000e+00
 0.00000e+00
 0.00000e+00
 0.00000e+00
 0.00000e+00
 0.00000e+00
 0.00000e+00
 0.00000e+00
 0.00000e+00
 0.00000e+00
 0.00000e+00
 0.00000e+00
 0.00000e+00
 0.00000e+00
 0.00000e+00
 0.00000e+00
 0.00000e+00
 0.00000e+00
 0.00000e+00
 0.00000e+00
 0.00000e+00
 0.00000e+00
 0.00000e+00
 0.00000e+00
 0.00000e+00
 0.00000e+00
 0.00000e+00
 0.00000e+00
 0.00000e+00
 0.00000e+00
 0.00000e+00
 0.00000e+00
 0.00000e+00
 0.00000e+00
 0.00000e+00
 0.00000e+00
 0.00000e+00
 0.00000e+00
 0.00000e+00
 0.00000e+00
 0.00000e+00
 0.00000e+00
 0.00000e+00
 0.00000e+00
 0.00000e+00
 0.00000e+00
 0.00000e+00
 0.00000e+00
 0.00000e+00
 0.00000e+00
 0.00000e+00
 0.00000e+00
 0.00000e+00
 0.00000e+00
 0.00000e+00
 0.00000e+00
 0.00000e+00
 0.00000e+00
 0.00000e+00
 0.00000e+00
 0.00000e+00
 0.00000e+00
 0.00000e+00
 0.00000e+00
 0.00000e+00
 0.00000e+00
 0.00000e+00
 0.00000e+00
 0.00000e+00
 0.00000e+00
 0.00000e+00
 0.00000e+00
 0.00000e+00
 0.00000e+00
 0.00000e+00
 0.00000e+00
 0.00000e+00
 0.00000e+00
 0.00000e+00
 0.00000e+00
 0.00000e+00
 0.00000e+00
 0.00000e+00
 0.00000e+00
 0.00000e+00
 0.00000e+00
 0.00000e+00
 0.00000e+00
 0.00000e+00
 0.00000e+00
 0.00000e+00
 0.00000e+00
 0.00000e+00
 0.00000e+00
 0.00000e+00
 0.00000e+00
 0.00000e+00
 0.00000e+00
 0.00000e+00
 0.00000e+00
 0.00000e+00
 0.00000e+00
 0.00000e+00
 0.00000e+00
 0.00000e+00
 0.00000e+00
 0.00000e+00
 0.00000e+00
 0.00000e+00
 0.00000e+00
 0.00000e+00
 0.00000e+00
 0.00000e+00
 0.00000e+00
 0.00000e+00
 0.00000e+00
 0.00000e+00
 0.00000e+00
 0.00000e+00
 0.00000e+00
 0.00000e+00
 0.00000e+00
 0.00000e+00
 0.00000e+00
 0.00000e+00
 0.00000e+00
 0.00000e+00
 0.00000e+00
 0.00000e+00
 0.00000e+00
 0.00000e+00
 0.00000e+00
 0.00000e+00
 0.00000e+00
 0.00000e+00
 0.00000e+00
 0.00000e+00
 0.00000e+00
 0.00000e+00
 0.00000e+00
 0.00000e+00
 0.00000e+00
 0.00000e+00
 0.00000e+00
 0.00000e+00
 0.00000e+00
 0.00000e+00
 0.00000e+00
 0.00000e+00
 0.00000e+00
 0.00000e+00
 0.00000e+00
 0.00000e+00
 0.00000e+00
 0.00000e+00
 0.00000e+00
 0.00000e+00
 0.00000e+00
 0.00000e+00
 0.00000e+00
 0.00000e+00
 0.00000e+00
 0.00000e+00
 0.00000e+00
 0.00000e+00
 0.00000e+00
 0.00000e+00
 0.00000e+00
 0.00000e+00
 0.00000e+00
 0.00000e+00
 0.00000e+00
 0.00000e+00
 0.00000e+00
 0.00000e+00
 0.00000e+00
 0.00000e+00
 0.00000e+00
 0.00000e+00
 0.00000e+00
 0.00000e+00
 0.00000e+00
 0.00000e+00
 0.00000e+00
 0.00000e+00
 0.00000e+00
 0.00000e+00
 0.00000e+00
 0.00000e+00
 0.00000e+00
 0.00000e+00
 0.00000e+00
 0.00000e+00
 0.00000e+00
 0.00000e+00
 0.00000e+00
 0.00000e+00
 0.00000e+00
 0.00000e+00
 0.00000e+00
 0.00000e+00
 0.00000e+00
 0.00000e+00
 0.00000e+00
 0.00000e+00
 0.00000e+00
 0.00000e+00
 0.00000e+00
 0.00000e+00
 0.00000e+00
 0.00000e+00
 0.00000e+00
 0.00000e+00
 0.00000e+00
 0.00000e+00
 0.00000e+00
 0.00000e+00
 0.00000e+00
 0.00000e+00
 0.00000e+00
 0.00000e+00
 0.00000e+00
 0.00000e+00
 0.00000e+00
 0.00000e+00
 0.00000e+00
 0.00000e+00
 0.00000e+00
 0.00000e+00
 0.00000e+00
 0.00000e+00
 0.00000e+00
 0.00000e+00
 0.00000e+00
 0.00000e+00
 0.00000e+00
 0.00000e+00
 0.00000e+00
 0.00000e+00
 0.00000e+00
 0.00000e+00
 0.00000e+00
 0.00000e+00
 0.00000e+00
 0.00000e+00
 0.00000e+00
 0.00000e+00
 0.00000e+00
 0.00000e+00
 0.00000e+00
 0.00000e+00
 0.00000e+00
 0.00000e+00
 0.00000e+00
 0.00000e+00
 0.00000e+00
 0.00000e+00
 0.00000e+00
 0.00000e+00
 0.00000e+00
 0.00000e+00
 0.00000e+00
 0.00000e+00
 0.00000e+00
 0.00000e+00
 0.00000e+00
 0.00000e+00
 0.00000e+00
 0.00000e+00
 0.00000e+00
 0.00000e+00
 0.00000e+00
 0.00000e+00
 0.00000e+00
 0.00000e+00
 0.00000e+00
 0.00000e+00
 0.00000e+00
 0.00000e+00
 0.00000e+00
 0.00000e+00
 0.00000e+00
 0.00000e+00
 0.00000e+00
 0.00000e+00
 0.00000e+00
 0.00000e+00
 0.00000e+00
 0.00000e+00
 0.00000e+00
 0.00000e+00
 0.00000e+00
 0.00000e+00
 0.00000e+00
 0.00000e+00
 0.00000e+00
 0.00000e+00
 0.00000e+00
 0.00000e+00
 0.00000e+00
 0.00000e+00
 0.00000e+00
 0.00000e+00
 0.00000e+00
 0.00000e+00
 0.00000e+00
 0.00000e+00
 0.00000e+00
 0.00000e+00
 0.00000e+00
 0.00000e+00
 0.00000e+00
 0.00000e+00
 0.00000e+00
 0.00000e+00
 0.00000e+00
 0.00000e+00
 0.00000e+00
 0.00000e+00
 0.00000e+00
 0.00000e+00
 0.00000e+00
 0.00000e+00
 0.00000e+00
 0.00000e+00
 0.00000e+00
 0.00000e+00
 0.00000e+00
 0.00000e+00
 0.00000e+00
 0.00000e+00
 0.00000e+00
 0.00000e+00
 0.00000e+00
 0.00000e+00
 0.00000e+00
 0.00000e+00
 0.00000e+00
 0.00000e+00
 0.00000e+00
 0.00000e+00
 0.00000e+00
 0.00000e+00
 0.00000e+00
 0.00000e+00
 0.00000e+00
 0.00000e+00
 0.00000e+00
 0.00000e+00
 0.00000e+00
 0.00000e+00
 0.00000e+00
 0.00000e+00
 0.00000e+00
 0.00000e+00
 0.00000e+00
 0.00000e+00
 0.00000e+00
 0.00000e+00
 0.00000e+00
 0.00000e+00
 0.00000e+00
 0.00000e+00
 0.00000e+00
 0.00000e+00
 0.00000e+00
 0.00000e+00
 0.00000e+00
 0.00000e+00
 0.00000e+00
 0.00000e+00
 0.00000e+00
 0.00000e+00
 0.00000e+00
 0.00000e+00
 0.00000e+00
 0.00000e+00
 0.00000e+00
 0.00000e+00
 0.00000e+00
 0.00000e+00
 0.00000e+00
 0.00000e+00
 0.00000e+00
 0.00000e+00
 0.00000e+00
 0.00000e+00
 0.00000e+00
 0.00000e+00
 0.00000e+00
 0.00000e+00
 0.00000e+00
 0.00000e+00
 0.00000e+00
 0.00000e+00
 0.00000e+00
 0.00000e+00
 0.00000e+00
 0.00000e+00
 0.00000e+00
 0.00000e+00
 0.00000e+00
 0.00000e+00
 0.00000e+00
 0.00000e+00
 0.00000e+00
 0.00000e+00
 0.00000e+00
 0.00000e+00
 0.00000e+00
 0.00000e+00
 0.00000e+00
 0.00000e+00
 0.00000e+00
 0.00000e+00
 0.00000e+00
 0.00000e+00
 0.00000e+00
 0.00000e+00
 0.00000e+00
 0.00000e+00
 0.00000e+00
 0.00000e+00
 0.00000e+00
 0.00000e+00
 0.00000e+00
 0.00000e+00
 0.00000e+00
 0.00000e+00
 0.00000e+00
 0.00000e+00
 0.00000e+00
 0.00000e+00
 0.00000e+00
 0.00000e+00
 0.00000e+00
 0.00000e+00
 0.00000e+00
 0.00000e+00
 0.00000e+00
 0.00000e+00
 0.00000e+00
 0.00000e+00
 0.00000e+00
 0.00000e+00
 0.00000e+00
 0.00000e+00
 0.00000e+00
 0.00000e+00
 0.00000e+00
 0.00000e+00
 0.00000e+00
 0.00000e+00
 0.00000e+00
 0.00000e+00
 0.00000e+00
 0.00000e+00
 0.00000e+00
 0.00000e+00
 0.00000e+00
 0.00000e+00
 0.00000e+00
 0.00000e+00
 0.00000e+00
 0.00000e+00
 0.00000e+00
 0.00000e+00
 0.00000e+00
 0.00000e+00
 0.00000e+00
 0.00000e+00
 0.00000e+00
 0.00000e+00
 0.00000e+00
 0.00000e+00
 0.00000e+00
 0.00000e+00
 0.00000e+00
 0.00000e+00
 0.00000e+00
 0.00000e+00
 0.00000e+00
 0.00000e+00
 0.00000e+00
 0.00000e+00
 0.00000e+00
 0.00000e+00
 0.00000e+00
 0.00000e+00
 0.00000e+00
 0.00000e+00
 0.00000e+00
 0.00000e+00
 0.00000e+00
 0.00000e+00
 0.00000e+00
 0.00000e+00
 0.00000e+00
 0.00000e+00
 0.00000e+00
 0.00000e+00
 0.00000e+00
 0.00000e+00
 0.00000e+00
 0.00000e+00
 0.00000e+00
 0.00000e+00
 0.00000e+00
 0.00000e+00
 0.00000e+00
 0.00000e+00
 0.00000e+00
 0.00000e+00
 0.00000e+00
 0.00000e+00
 0.00000e+00
 0.00000e+00
 0.00000e+00
 0.00000e+00
 0.00000e+00
 0.00000e+00
 0.00000e+00
 0.00000e+00
 0.00000e+00
 0.00000e+00
 0.00000e+00
 0.00000e+00
 0.00000e+00
 0.00000e+00
 0.00000e+00
 0.00000e+00
 0.00000e+00
 0.00000e+00
 0.00000e+00
 0.00000e+00
 0.00000e+00
 0.00000e+00
 0.00000e+00
 0.00000e+00
 0.00000e+00
 0.00000e+00
 0.00000e+00
 0.00000e+00
 0.00000e+00
 0.00000e+00
 0.00000e+00
 0.00000e+00
 0.00000e+00
 0.00000e+00
 0.00000e+00
 0.00000e+00
 0.00000e+00
 0.00000e+00
 0.00000e+00
 0.00000e+00
 0.00000e+00
 0.00000e+00
 0.00000e+00
 0.00000e+00
 0.00000e+00
 0.00000e+00
 0.00000e+00
 0.00000e+00
 0.00000e+00
 0.00000e+00
 0.00000e+00
 0.00000e+00
 0.00000e+00
 0.00000e+00
 0.00000e+00
 0.00000e+00
 0.00000e+00
 0.00000e+00
 0.00000e+00
 0.00000e+00
 0.00000e+00
 0.00000e+00
 0.00000e+00
 0.00000e+00
 0.00000e+00
 0.00000e+00
 0.00000e+00
 0.00000e+00
 0.00000e+00
 0.00000e+00
 0.00000e+00
 0.00000e+00
 0.00000e+00
 0.00000e+00
 0.00000e+00
