Velocity
part
         1
coordinates
 0.00000e+00
 0.00000e+00
 0.00000e+00
 0.00000e+00
 0.00000e+00
 0.00000e+00
 0.00000e+00
 0.00000e+00
 0.00000e+00
 0.00000e+00
 0.00000e+00
 0.00000e+00
 0.00000e+00
 0.00000e+00
 0.00000e+00
 0.00000e+00
 0.00000e+00
 0.00000e+00
 0.00000e+00
 1.58137e-14
 6.27347e-13
 1.35442e-11
 2.77351e-10
 5.48171e-09
 6.47417e-08
 5.02079e-07
 3.36329e-06
 2.00125e-05
 1.05049e-04
 4.80452e-04
 1.88530e-03
 6.23879e-03
 1.71510e-02
 3.89729e-02
 7.41182e-02
 1.21518e-01
 1.78258e-01
 2.41959e-01
 3.11522e-01
 3.86758e-01
 4.67950e-01
 5.55590e-01
 6.50124e-01
 7.51336e-01
 8.56167e-01
 9.50152e-01
 9.80620e-01
 9.47118e-01
 9.32447e-01
 9.30292e-01
 9.28184e-01
 9.27874e-01
 9.27600e-01
 9.27359e-01
 9.27150e-01
 9.26975e-01
 9.26834e-01
 9.26723e-01
 9.26633e-01
 9.26542e-01
 9.26418e-01
 9.26215e-01
 9.25872e-01
 9.25323e-01
 9.24497e-01
 9.23326e-01
 9.21737e-01
 9.19601e-01
 9.16585e-01
 9.11779e-01
 9.02894e-01
 8.84954e-01
 8.49147e-01
 7.83741e-01
 6.78417e-01
 5.31543e-01
 3.58992e-01
 1.97134e-01
 8.47210e-02
 2.94454e-02
 9.02753e-03
 2.61223e-03
 7.34638e-04
 2.02639e-04
 5.49406e-05
 1.46432e-05
 3.83509e-06
 9.86320e-07
 2.48679e-07
 6.10747e-08
 1.41648e-08
 2.96137e-09
 6.07388e-10
 1.22830e-10
 2.44660e-11
 4.84078e-12
 8.87464e-13
 2.41156e-13
 0.00000e+00
 0.00000e+00
 0.00000e+00
 0.00000e+00
 0.00000e+00
 0.00000e+00
 0.00000e+00
 0.00000e+00
 0.00000e+00
 0.00000e+00
 0.00000e+00
 0.00000e+00
 0.00000e+00
 0.00000e+00
 0.00000e+00
 0.00000e+00
 0.00000e+00
 0.00000e+00
 0.00000e+00
 0.00000e+00
 0.00000e+00
 0.00000e+00
 1.59456e-14
 6.28149e-13
 1.35676e-11
 2.78338e-10
 5.52162e-09
 6.48389e-08
 5.02105e-07
 3.36324e-06
 2.00124e-05
 1.05049e-04
 4.80452e-04
 1.88530e-03
 6.23879e-03
 1.71510e-02
 3.89729e-02
 7.41182e-02
 1.21518e-01
 1.78258e-01
 2.41959e-01
 3.11522e-01
 3.86758e-01
 4.67950e-01
 5.55590e-01
 6.50124e-01
 7.51336e-01
 8.56167e-01
 9.50152e-01
 9.80620e-01
 9.47118e-01
 9.32447e-01
 9.30292e-01
 9.28184e-01
 9.27874e-01
 9.27600e-01
 9.27359e-01
 9.27150e-01
 9.26975e-01
 9.26834e-01
 9.26723e-01
 9.26633e-01
 9.26542e-01
 9.26418e-01
 9.26215e-01
 9.25872e-01
 9.25323e-01
 9.24497e-01
 9.23326e-01
 9.21737e-01
 9.19601e-01
 9.16585e-01
 9.11779e-01
 9.02894e-01
 8.84954e-01
 8.49147e-01
 7.83741e-01
 6.78417e-01
 5.31543e-01
 3.58992e-01
 1.97134e-01
 8.47210e-02
 2.94454e-02
 9.02753e-03
 2.61223e-03
 7.34638e-04
 2.02639e-04
 5.49406e-05
 1.46432e-05
 3.83509e-06
 9.86320e-07
 2.48679e-07
 6.10747e-08
 1.41648e-08
 2.96136e-09
 6.07402e-10
 1.22833e-10
 2.44633e-11
 4.84799e-12
 8.83311e-13
 2.47399e-13
 0.00000e+00
 0.00000e+00
 0.00000e+00
 0.00000e+00
 0.00000e+00
 0.00000e+00
 0.00000e+00
 0.00000e+00
 0.00000e+00
 0.00000e+00
 0.00000e+00
 0.00000e+00
 0.00000e+00
 0.00000e+00
 0.00000e+00
 0.00000e+00
 0.00000e+00
 0.00000e+00
 0.00000e+00
 0.00000e+00
 0.00000e+00
 0.00000e+00
 1.57851e-14
 6.29967e-13
 1.36222e-11
 2.80393e-10
 5.58703e-09
 6.49498e-08
 5.02152e-07
 3.36323e-06
 2.00123e-05
 1.05049e-04
 4.80452e-04
 1.88530e-03
 6.23879e-03
 1.71510e-02
 3.89729e-02
 7.41182e-02
 1.21518e-01
 1.78258e-01
 2.41959e-01
 3.11522e-01
 3.86758e-01
 4.67950e-01
 5.55590e-01
 6.50124e-01
 7.51336e-01
 8.56167e-01
 9.50152e-01
 9.80620e-01
 9.47118e-01
 9.32447e-01
 9.30292e-01
 9.28184e-01
 9.27874e-01
 9.27600e-01
 9.27359e-01
 9.27150e-01
 9.26975e-01
 9.26834e-01
 9.26723e-01
 9.26633e-01
 9.26542e-01
 9.26418e-01
 9.26215e-01
 9.25872e-01
 9.25323e-01
 9.24497e-01
 9.23326e-01
 9.21737e-01
 9.19601e-01
 9.16585e-01
 9.11779e-01
 9.02894e-01
 8.84954e-01
 8.49147e-01
 7.83741e-01
 6.78417e-01
 5.31543e-01
 3.58992e-01
 1.97134e-01
 8.47210e-02
 2.94454e-02
 9.02753e-03
 2.61223e-03
 7.34638e-04
 2.02639e-04
 5.49406e-05
 1.46432e-05
 3.83509e-06
 9.86320e-07
 2.48679e-07
 6.10747e-08
 1.41648e-08
 2.96136e-09
 6.07407e-10
 1.22833e-10
 2.44564e-11
 4.85293e-12
 8.77228e-13
 2.52619e-13
 0.00000e+00
 0.00000e+00
 0.00000e+00
 0.00000e+00
 0.00000e+00
 0.00000e+00
 0.00000e+00
 0.00000e+00
 0.00000e+00
 0.00000e+00
 0.00000e+00
 0.00000e+00
 0.00000e+00
 0.00000e+00
 0.00000e+00
 0.00000e+00
 0.00000e+00
 0.00000e+00
 0.00000e+00
 0.00000e+00
 0.00000e+00
 0.00000e+00
 1.56585e-14
 6.31773e-13
 1.36782e-11
 2.82003e-10
 5.61543e-09
 6.49729e-08
 5.02194e-07
 3.36325e-06
 2.00124e-05
 1.05049e-04
 4.80452e-04
 1.88530e-03
 6.23879e-03
 1.71510e-02
 3.89729e-02
 7.41182e-02
 1.21518e-01
 1.78258e-01
 2.41959e-01
 3.11522e-01
 3.86758e-01
 4.67950e-01
 5.55590e-01
 6.50124e-01
 7.51336e-01
 8.56167e-01
 9.50152e-01
 9.80620e-01
 9.47118e-01
 9.32447e-01
 9.30292e-01
 9.28184e-01
 9.27874e-01
 9.27600e-01
 9.27359e-01
 9.27150e-01
 9.26975e-01
 9.26834e-01
 9.26723e-01
 9.26633e-01
 9.26542e-01
 9.26418e-01
 9.26215e-01
 9.25872e-01
 9.25323e-01
 9.24497e-01
 9.23326e-01
 9.21737e-01
 9.19601e-01
 9.16585e-01
 9.11779e-01
 9.02894e-01
 8.84954e-01
 8.49147e-01
 7.83741e-01
 6.78417e-01
 5.31543e-01
 3.58992e-01
 1.97134e-01
 8.47210e-02
 2.94454e-02
 9.02753e-03
 2.61223e-03
 7.34638e-04
 2.02639e-04
 5.49406e-05
 1.46432e-05
 3.83509e-06
 9.86320e-07
 2.48679e-07
 6.10747e-08
 1.41648e-08
 2.96137e-09
 6.07397e-10
 1.22838e-10
 2.44505e-11
 4.84780e-12
 8.87251e-13
 2.48590e-13
 0.00000e+00
 0.00000e+00
 0.00000e+00
 0.00000e+00
 0.00000e+00
 0.00000e+00
 0.00000e+00
 0.00000e+00
 0.00000e+00
 0.00000e+00
 0.00000e+00
 0.00000e+00
 0.00000e+00
 0.00000e+00
 0.00000e+00
 0.00000e+00
 0.00000e+00
 0.00000e+00
 0.00000e+00
 0.00000e+00
 0.00000e+00
 0.00000e+00
 1.59274e-14
 6.34019e-13
 1.37137e-11
 2.82679e-10
 5.61923e-09
 6.49855e-08
 5.02211e-07
 3.36325e-06
 2.00124e-05
 1.05049e-04
 4.80452e-04
 1.88530e-03
 6.23879e-03
 1.71510e-02
 3.89729e-02
 7.41182e-02
 1.21518e-01
 1.78258e-01
 2.41959e-01
 3.11522e-01
 3.86758e-01
 4.67950e-01
 5.55590e-01
 6.50124e-01
 7.51336e-01
 8.56167e-01
 9.50152e-01
 9.80620e-01
 9.47118e-01
 9.32447e-01
 9.30292e-01
 9.28184e-01
 9.27874e-01
 9.27600e-01
 9.27359e-01
 9.27150e-01
 9.26975e-01
 9.26834e-01
 9.26723e-01
 9.26633e-01
 9.26542e-01
 9.26418e-01
 9.26215e-01
 9.25872e-01
 9.25323e-01
 9.24497e-01
 9.23326e-01
 9.21737e-01
 9.19601e-01
 9.16585e-01
 9.11779e-01
 9.02894e-01
 8.84954e-01
 8.49147e-01
 7.83741e-01
 6.78417e-01
 5.31543e-01
 3.58992e-01
 1.97134e-01
 8.47210e-02
 2.94454e-02
 9.02753e-03
 2.61223e-03
 7.34638e-04
 2.02639e-04
 5.49406e-05
 1.46432e-05
 3.83509e-06
 9.86320e-07
 2.48679e-07
 6.10747e-08
 1.41648e-08
 2.96138e-09
 6.07393e-10
 1.22835e-10
 2.44605e-11
 4.84682e-12
 8.85897e-13
 2.45447e-13
 0.00000e+00
 0.00000e+00
 0.00000e+00
 0.00000e+00
 0.00000e+00
 0.00000e+00
 0.00000e+00
 0.00000e+00
 0.00000e+00
 0.00000e+00
 0.00000e+00
 0.00000e+00
 0.00000e+00
 0.00000e+00
 0.00000e+00
 0.00000e+00
 0.00000e+00
 0.00000e+00
 0.00000e+00
 0.00000e+00
 0.00000e+00
 0.00000e+00
 1.60306e-14
 6.35476e-13
 1.37245e-11
 2.82812e-10
 5.62012e-09
 6.49887e-08
 5.02208e-07
 3.36327e-06
 2.00124e-05
 1.05049e-04
 4.80452e-04
 1.88530e-03
 6.23879e-03
 1.71510e-02
 3.89729e-02
 7.41182e-02
 1.21518e-01
 1.78258e-01
 2.41959e-01
 3.11522e-01
 3.86758e-01
 4.67950e-01
 5.55590e-01
 6.50124e-01
 7.51336e-01
 8.56167e-01
 9.50152e-01
 9.80620e-01
 9.47118e-01
 9.32447e-01
 9.30292e-01
 9.28184e-01
 9.27874e-01
 9.27600e-01
 9.27359e-01
 9.27150e-01
 9.26975e-01
 9.26834e-01
 9.26723e-01
 9.26633e-01
 9.26542e-01
 9.26418e-01
 9.26215e-01
 9.25872e-01
 9.25323e-01
 9.24497e-01
 9.23326e-01
 9.21737e-01
 9.19601e-01
 9.16585e-01
 9.11779e-01
 9.02894e-01
 8.84954e-01
 8.49147e-01
 7.83741e-01
 6.78417e-01
 5.31543e-01
 3.58992e-01
 1.97134e-01
 8.47210e-02
 2.94454e-02
 9.02753e-03
 2.61223e-03
 7.34638e-04
 2.02639e-04
 5.49406e-05
 1.46432e-05
 3.83509e-06
 9.86320e-07
 2.48679e-07
 6.10747e-08
 1.41648e-08
 2.96138e-09
 6.07388e-10
 1.22825e-10
 2.44723e-11
 4.84868e-12
 8.72590e-13
 2.45309e-13
 0.00000e+00
 0.00000e+00
 0.00000e+00
 0.00000e+00
 0.00000e+00
 0.00000e+00
 0.00000e+00
 0.00000e+00
 0.00000e+00
 0.00000e+00
 0.00000e+00
 0.00000e+00
 0.00000e+00
 0.00000e+00
 0.00000e+00
 0.00000e+00
 0.00000e+00
 0.00000e+00
 0.00000e+00
 0.00000e+00
 0.00000e+00
 0.00000e+00
 0.00000e+00
 0.00000e+00
 0.00000e+00
 0.00000e+00
 0.00000e+00
 0.00000e+00
 0.00000e+00
 0.00000e+00
 0.00000e+00
 0.00000e+00
 0.00000e+00
 0.00000e+00
 0.00000e+00
 0.00000e+00
 0.00000e+00
 0.00000e+00
 0.00000e+00
 0.00000e+00
 0.00000e+00
 0.00000e+00
 0.00000e+00
 0.00000e+00
 0.00000e+00
 0.00000e+00
 0.00000e+00
 0.00000e+00
 0.00000e+00
 0.00000e+00
 0.00000e+00
 0.00000e+00
 0.00000e+00
 0.00000e+00
 0.00000e+00
 0.00000e+00
 0.00000e+00
 0.00000e+00
 0.00000e+00
 0.00000e+00
 0.00000e+00
 0.00000e+00
 0.00000e+00
 0.00000e+00
 0.00000e+00
 0.00000e+00
 0.00000e+00
 0.00000e+00
 0.00000e+00
 0.00000e+00
 0.00000e+00
 0.00000e+00
 0.00000e+00
 0.00000e+00
 0.00000e+00
 0.00000e+00
 0.00000e+00
 0.00000e+00
 0.00000e+00
 0.00000e+00
 0.00000e+00
 0.00000e+00
 0.00000e+00
 0.00000e+00
 0.00000e+00
 0.00000e+00
 0.00000e+00
 0.00000e+00
 0.00000e+00
 0.00000e+00
 0.00000e+00
 0.00000e+00
 0.00000e+00
 0.00000e+00
 0.00000e+00
 0.00000e+00
 0.00000e+00
 0.00000e+00
 0.00000e+00
 0.00000e+00
 0.00000e+00
 0.00000e+00
 0.00000e+00
 0.00000e+00
 0.00000e+00
 0.00000e+00
-6.15958e-16
 0.00000e+00
 0.00000e+00
 0.00000e+00
 0.00000e+00
 0.00000e+00
 0.00000e+00
 0.00000e+00
 0.00000e+00
 0.00000e+00
 0.00000e+00
 0.00000e+00
 0.00000e+00
 0.00000e+00
 0.00000e+00
 0.00000e+00
 0.00000e+00
 6.41848e-17
 5.29524e-16
 1.26071e-14
 5.18180e-13
 2.09661e-11
 8.94973e-11
 1.50972e-10
 1.39147e-10
 8.07566e-11
 1.01104e-11
-4.64634e-11
-6.47133e-11
-5.05098e-11
-2.12844e-11
 4.51188e-12
 2.01420e-11
 2.60057e-11
 2.12784e-11
 9.15899e-12
-6.10008e-12
-1.05094e-11
-2.03391e-11
-6.97625e-12
-7.67692e-12
-3.53801e-13
 4.00446e-13
-1.57105e-12
 8.94413e-12
 3.13450e-12
 9.66187e-13
-9.32902e-13
-2.36911e-13
-3.34550e-13
-2.33239e-13
-1.48761e-13
-6.18201e-14
 2.82878e-14
 1.10505e-13
 2.01396e-13
 2.74737e-13
 3.14256e-13
 3.89145e-13
 4.51695e-13
 4.68744e-13
 4.98771e-13
 5.25280e-13
 5.08895e-13
 4.88746e-13
 4.62048e-13
 4.25851e-13
 3.91106e-13
 3.45887e-13
 3.02478e-13
 2.61577e-13
 2.09494e-13
 1.60818e-13
 1.20505e-13
 6.18342e-14
 2.37436e-14
 7.69176e-15
-5.06973e-15
-1.08333e-14
-1.25829e-14
-1.37894e-14
-1.53141e-14
-1.43115e-14
-1.09964e-14
-1.23720e-14
-1.74171e-14
-1.55843e-14
-1.44489e-14
-1.24033e-14
-1.53584e-14
-1.59144e-14
-8.18022e-15
-8.47946e-15
-5.69119e-15
-4.16030e-15
-3.12207e-15
 0.00000e+00
 0.00000e+00
 0.00000e+00
 0.00000e+00
 0.00000e+00
-6.15958e-16
 0.00000e+00
 0.00000e+00
 0.00000e+00
 0.00000e+00
 0.00000e+00
 0.00000e+00
 0.00000e+00
 0.00000e+00
 0.00000e+00
 0.00000e+00
 0.00000e+00
 0.00000e+00
 0.00000e+00
 0.00000e+00
 0.00000e+00
 0.00000e+00
-1.45283e-16
 2.15106e-16
 1.63823e-14
 5.65457e-13
 1.38470e-11
 3.34480e-11
 5.09522e-11
 8.02007e-11
 9.13846e-11
 8.45688e-11
 7.27539e-11
 3.98087e-11
 3.43287e-12
-2.28408e-11
-3.93363e-11
-4.23366e-11
-2.91354e-11
-1.18396e-11
 6.54987e-12
 1.18333e-11
 1.59312e-11
 1.17291e-11
 7.04996e-12
 3.72555e-12
-6.09043e-12
-5.92884e-12
-3.38088e-12
-3.37283e-13
-4.43534e-13
-2.18704e-13
-1.00656e-12
-8.42985e-13
-5.75713e-13
-4.31725e-13
-2.54200e-13
-1.01065e-13
 4.36308e-14
 1.96099e-13
 3.19720e-13
 4.46843e-13
 5.77003e-13
 6.44282e-13
 6.86775e-13
 7.38185e-13
 7.68555e-13
 7.90355e-13
 8.05128e-13
 7.96980e-13
 7.62801e-13
 7.07557e-13
 6.42253e-13
 5.75380e-13
 5.21153e-13
 4.33560e-13
 3.46956e-13
 2.81903e-13
 1.72366e-13
 8.23551e-14
 5.01287e-14
 3.38193e-14
 2.86065e-14
 2.48798e-14
 2.38636e-14
 2.71331e-14
 2.49497e-14
 2.31534e-14
 1.98617e-14
 1.84245e-14
 1.93044e-14
 2.14989e-14
 2.01302e-14
 1.31449e-14
 1.44051e-14
 1.63207e-14
 9.86264e-15
 6.68679e-15
 4.03150e-15
 1.95200e-15
 5.03070e-16
 0.00000e+00
 0.00000e+00
 0.00000e+00
 0.00000e+00
 0.00000e+00
-6.15958e-16
 0.00000e+00
 0.00000e+00
 0.00000e+00
 0.00000e+00
 0.00000e+00
 0.00000e+00
 0.00000e+00
 0.00000e+00
 0.00000e+00
 0.00000e+00
 0.00000e+00
 0.00000e+00
 0.00000e+00
 0.00000e+00
 0.00000e+00
 0.00000e+00
 8.32667e-17
 5.58147e-16
 1.32789e-14
 2.97244e-13
 2.02319e-12
 8.19772e-12
 2.30590e-11
 2.65884e-11
 3.99107e-11
 6.00038e-11
 5.91426e-11
 6.02070e-11
 4.74348e-11
 2.77077e-11
 1.27737e-11
-9.75259e-12
-2.66729e-11
-3.03880e-11
-3.60329e-11
-3.08906e-11
-2.37815e-11
-1.65843e-11
-1.06286e-11
-3.47033e-12
 1.91602e-12
-4.81935e-13
 8.57055e-13
-1.02312e-12
-3.03737e-12
-2.59259e-12
-2.22113e-12
-4.27045e-13
-5.69948e-13
-3.92338e-13
-2.68076e-13
-1.03248e-13
 7.39998e-14
 2.17364e-13
 3.52756e-13
 4.63453e-13
 5.60303e-13
 6.55380e-13
 7.16233e-13
 7.59464e-13
 7.84316e-13
 7.91295e-13
 7.85257e-13
 7.54021e-13
 7.35669e-13
 7.08349e-13
 6.67411e-13
 6.10862e-13
 5.26651e-13
 4.49639e-13
 3.69339e-13
 2.75343e-13
 1.77534e-13
 8.60961e-14
 3.37191e-14
-2.61076e-15
-2.64832e-14
-2.14806e-14
-2.40950e-14
-2.62725e-14
-2.40472e-14
-2.90644e-14
-2.34452e-14
-1.98353e-14
-2.30792e-14
-2.18501e-14
-1.65614e-14
-1.26279e-14
-1.18031e-14
-1.18282e-14
-8.49941e-15
-5.73296e-15
-7.49097e-15
-2.96161e-15
 1.50834e-15
 0.00000e+00
 0.00000e+00
 0.00000e+00
 0.00000e+00
 0.00000e+00
-6.15958e-16
 0.00000e+00
 0.00000e+00
 0.00000e+00
 0.00000e+00
 0.00000e+00
 0.00000e+00
 0.00000e+00
 0.00000e+00
 0.00000e+00
 0.00000e+00
 0.00000e+00
 0.00000e+00
 0.00000e+00
 0.00000e+00
 0.00000e+00
 0.00000e+00
 5.33427e-17
 8.29632e-16
 6.97793e-15
 7.88362e-14
 5.91424e-13
 2.62998e-12
 2.86072e-12
 9.68790e-12
 1.56231e-11
 1.92422e-11
 2.87869e-11
 2.98394e-11
 3.47329e-11
 3.05683e-11
 2.10931e-11
 1.70645e-11
 1.71953e-12
-1.05799e-11
-1.56110e-11
-2.66792e-11
-3.74431e-11
-3.27097e-11
-3.25401e-11
-2.93141e-11
-2.57598e-11
-2.35959e-11
-1.80882e-11
-9.96690e-12
-3.90417e-12
-3.71802e-12
-6.62525e-13
-6.61086e-13
-3.67988e-13
-2.53490e-13
-1.19876e-13
-3.23834e-14
 4.43547e-14
 1.31853e-13
 2.20320e-13
 2.94499e-13
 3.48553e-13
 3.92289e-13
 4.50554e-13
 4.94184e-13
 5.04972e-13
 5.04233e-13
 4.94963e-13
 4.69737e-13
 4.33509e-13
 4.07274e-13
 3.85793e-13
 3.58326e-13
 3.22006e-13
 2.69592e-13
 2.10613e-13
 1.49508e-13
 1.15018e-13
 7.66930e-14
 3.76539e-14
 2.21108e-14
 1.13585e-14
 7.87044e-15
 1.12170e-14
 1.33781e-14
 1.43488e-14
 2.23220e-14
 1.93244e-14
 1.91275e-14
 2.28324e-14
 1.67882e-14
 1.31440e-14
 1.05194e-14
 1.11482e-14
 1.21812e-14
 4.34622e-15
 5.18062e-15
 1.25251e-14
 6.79188e-15
 6.89553e-17
 0.00000e+00
 0.00000e+00
 0.00000e+00
 0.00000e+00
 0.00000e+00
 0.00000e+00
 0.00000e+00
 0.00000e+00
 0.00000e+00
 0.00000e+00
 0.00000e+00
 0.00000e+00
 0.00000e+00
 0.00000e+00
 0.00000e+00
 0.00000e+00
 0.00000e+00
 0.00000e+00
 0.00000e+00
 0.00000e+00
 0.00000e+00
 0.00000e+00
 0.00000e+00
 0.00000e+00
 0.00000e+00
 0.00000e+00
 0.00000e+00
 0.00000e+00
 0.00000e+00
 0.00000e+00
 0.00000e+00
 0.00000e+00
 0.00000e+00
 0.00000e+00
 0.00000e+00
 0.00000e+00
 0.00000e+00
 0.00000e+00
 0.00000e+00
 0.00000e+00
 0.00000e+00
 0.00000e+00
 0.00000e+00
 0.00000e+00
 0.00000e+00
 0.00000e+00
 0.00000e+00
 0.00000e+00
 0.00000e+00
 0.00000e+00
 0.00000e+00
 0.00000e+00
 0.00000e+00
 0.00000e+00
 0.00000e+00
 0.00000e+00
 0.00000e+00
 0.00000e+00
 0.00000e+00
 0.00000e+00
 0.00000e+00
 0.00000e+00
 0.00000e+00
 0.00000e+00
 0.00000e+00
 0.00000e+00
 0.00000e+00
 0.00000e+00
 0.00000e+00
 0.00000e+00
 0.00000e+00
 0.00000e+00
 0.00000e+00
 0.00000e+00
 0.00000e+00
 0.00000e+00
 0.00000e+00
 0.00000e+00
 0.00000e+00
 0.00000e+00
 0.00000e+00
 0.00000e+00
 0.00000e+00
 0.00000e+00
 0.00000e+00
 0.00000e+00
 0.00000e+00
 0.00000e+00
 0.00000e+00
 0.00000e+00
 0.00000e+00
 0.00000e+00
 0.00000e+00
 0.00000e+00
 0.00000e+00
 0.00000e+00
 0.00000e+00
 0.00000e+00
 0.00000e+00
 0.00000e+00
 0.00000e+00
 0.00000e+00
 0.00000e+00
 0.00000e+00
 0.00000e+00
 0.00000e+00
 0.00000e+00
 0.00000e+00
 0.00000e+00
 0.00000e+00
 0.00000e+00
 0.00000e+00
 0.00000e+00
 0.00000e+00
 0.00000e+00
 0.00000e+00
 0.00000e+00
 0.00000e+00
 0.00000e+00
 0.00000e+00
 0.00000e+00
 0.00000e+00
 0.00000e+00
 0.00000e+00
 0.00000e+00
 0.00000e+00
 0.00000e+00
 0.00000e+00
 0.00000e+00
 0.00000e+00
 0.00000e+00
 0.00000e+00
 0.00000e+00
 0.00000e+00
 0.00000e+00
 0.00000e+00
 0.00000e+00
 0.00000e+00
 0.00000e+00
 0.00000e+00
 0.00000e+00
 0.00000e+00
 0.00000e+00
 0.00000e+00
 0.00000e+00
 0.00000e+00
 0.00000e+00
 0.00000e+00
 0.00000e+00
 0.00000e+00
 0.00000e+00
 0.00000e+00
 0.00000e+00
 0.00000e+00
 0.00000e+00
 0.00000e+00
 0.00000e+00
 0.00000e+00
 0.00000e+00
 0.00000e+00
 0.00000e+00
 0.00000e+00
 0.00000e+00
 0.00000e+00
 0.00000e+00
 0.00000e+00
 0.00000e+00
 0.00000e+00
 0.00000e+00
 0.00000e+00
 0.00000e+00
 0.00000e+00
 0.00000e+00
 0.00000e+00
 0.00000e+00
 0.00000e+00
 0.00000e+00
 0.00000e+00
 0.00000e+00
 0.00000e+00
 0.00000e+00
 0.00000e+00
 0.00000e+00
 0.00000e+00
 0.00000e+00
 0.00000e+00
 0.00000e+00
 0.00000e+00
 0.00000e+00
 0.00000e+00
 0.00000e+00
 0.00000e+00
 0.00000e+00
 0.00000e+00
 0.00000e+00
 0.00000e+00
 0.00000e+00
 0.00000e+00
 0.00000e+00
 0.00000e+00
 0.00000e+00
 0.00000e+00
 0.00000e+00
 0.00000e+00
 0.00000e+00
 0.00000e+00
 0.00000e+00
 0.00000e+00
 0.00000e+00
 0.00000e+00
 0.00000e+00
 0.00000e+00
 0.00000e+00
 0.00000e+00
 0.00000e+00
 0.00000e+00
 0.00000e+00
 0.00000e+00
 0.00000e+00
 0.00000e+00
 0.00000e+00
 0.00000e+00
 0.00000e+00
 0.00000e+00
 0.00000e+00
 0.00000e+00
 0.00000e+00
 0.00000e+00
 0.00000e+00
 0.00000e+00
 0.00000e+00
 0.00000e+00
 0.00000e+00
 0.00000e+00
 0.00000e+00
 0.00000e+00
 0.00000e+00
 0.00000e+00
 0.00000e+00
 0.00000e+00
 0.00000e+00
 0.00000e+00
 0.00000e+00
 0.00000e+00
 0.00000e+00
 0.00000e+00
 0.00000e+00
 0.00000e+00
 0.00000e+00
 0.00000e+00
 0.00000e+00
 0.00000e+00
 0.00000e+00
 0.00000e+00
 0.00000e+00
 0.00000e+00
 0.00000e+00
 0.00000e+00
 0.00000e+00
 0.00000e+00
 0.00000e+00
 0.00000e+00
 0.00000e+00
 0.00000e+00
 0.00000e+00
 0.00000e+00
 0.00000e+00
 0.00000e+00
 0.00000e+00
 0.00000e+00
 0.00000e+00
 0.00000e+00
 0.00000e+00
 0.00000e+00
 0.00000e+00
 0.00000e+00
 0.00000e+00
 0.00000e+00
 0.00000e+00
 0.00000e+00
 0.00000e+00
 0.00000e+00
 0.00000e+00
 0.00000e+00
 0.00000e+00
 0.00000e+00
 0.00000e+00
 0.00000e+00
 0.00000e+00
 0.00000e+00
 0.00000e+00
 0.00000e+00
 0.00000e+00
 0.00000e+00
 0.00000e+00
 0.00000e+00
 0.00000e+00
 0.00000e+00
 0.00000e+00
 0.00000e+00
 0.00000e+00
 0.00000e+00
 0.00000e+00
 0.00000e+00
 0.00000e+00
 0.00000e+00
 0.00000e+00
 0.00000e+00
 0.00000e+00
 0.00000e+00
 0.00000e+00
 0.00000e+00
 0.00000e+00
 0.00000e+00
 0.00000e+00
 0.00000e+00
 0.00000e+00
 0.00000e+00
 0.00000e+00
 0.00000e+00
 0.00000e+00
 0.00000e+00
 0.00000e+00
 0.00000e+00
 0.00000e+00
 0.00000e+00
 0.00000e+00
 0.00000e+00
 0.00000e+00
 0.00000e+00
 0.00000e+00
 0.00000e+00
 0.00000e+00
 0.00000e+00
 0.00000e+00
 0.00000e+00
 0.00000e+00
 0.00000e+00
 0.00000e+00
 0.00000e+00
 0.00000e+00
 0.00000e+00
 0.00000e+00
 0.00000e+00
 0.00000e+00
 0.00000e+00
 0.00000e+00
 0.00000e+00
 0.00000e+00
 0.00000e+00
 0.00000e+00
 0.00000e+00
 0.00000e+00
 0.00000e+00
 0.00000e+00
 0.00000e+00
 0.00000e+00
 0.00000e+00
 0.00000e+00
 0.00000e+00
 0.00000e+00
 0.00000e+00
 0.00000e+00
 0.00000e+00
 0.00000e+00
 0.00000e+00
 0.00000e+00
 0.00000e+00
 0.00000e+00
 0.00000e+00
 0.00000e+00
 0.00000e+00
 0.00000e+00
 0.00000e+00
 0.00000e+00
 0.00000e+00
 0.00000e+00
 0.00000e+00
 0.00000e+00
 0.00000e+00
 0.00000e+00
 0.00000e+00
 0.00000e+00
 0.00000e+00
 0.00000e+00
 0.00000e+00
 0.00000e+00
 0.00000e+00
 0.00000e+00
 0.00000e+00
 0.00000e+00
 0.00000e+00
 0.00000e+00
 0.00000e+00
 0.00000e+00
 0.00000e+00
 0.00000e+00
 0.00000e+00
 0.00000e+00
 0.00000e+00
 0.00000e+00
 0.00000e+00
 0.00000e+00
 0.00000e+00
 0.00000e+00
 0.00000e+00
 0.00000e+00
 0.00000e+00
 0.00000e+00
 0.00000e+00
 0.00000e+00
 0.00000e+00
 0.00000e+00
 0.00000e+00
 0.00000e+00
 0.00000e+00
 0.00000e+00
 0.00000e+00
 0.00000e+00
 0.00000e+00
 0.00000e+00
 0.00000e+00
 0.00000e+00
 0.00000e+00
 0.00000e+00
 0.00000e+00
 0.00000e+00
 0.00000e+00
 0.00000e+00
 0.00000e+00
 0.00000e+00
 0.00000e+00
 0.00000e+00
 0.00000e+00
 0.00000e+00
 0.00000e+00
 0.00000e+00
 0.00000e+00
 0.00000e+00
 0.00000e+00
 0.00000e+00
 0.00000e+00
 0.00000e+00
 0.00000e+00
 0.00000e+00
 0.00000e+00
 0.00000e+00
 0.00000e+00
 0.00000e+00
 0.00000e+00
 0.00000e+00
 0.00000e+00
 0.00000e+00
 0.00000e+00
 0.00000e+00
 0.00000e+00
 0.00000e+00
 0.00000e+00
 0.00000e+00
 0.00000e+00
 0.00000e+00
 0.00000e+00
 0.00000e+00
 0.00000e+00
 0.00000e+00
 0.00000e+00
 0.00000e+00
 0.00000e+00
 0.00000e+00
 0.00000e+00
 0.00000e+00
 0.00000e+00
 0.00000e+00
 0.00000e+00
 0.00000e+00
 0.00000e+00
 0.00000e+00
 0.00000e+00
 0.00000e+00
 0.00000e+00
 0.00000e+00
 0.00000e+00
 0.00000e+00
 0.00000e+00
 0.00000e+00
 0.00000e+00
 0.00000e+00
 0.00000e+00
 0.00000e+00
 0.00000e+00
 0.00000e+00
 0.00000e+00
 0.00000e+00
 0.00000e+00
 0.00000e+00
 0.00000e+00
 0.00000e+00
 0.00000e+00
 0.00000e+00
 0.00000e+00
 0.00000e+00
 0.00000e+00
 0.00000e+00
 0.00000e+00
 0.00000e+00
 0.00000e+00
 0.00000e+00
 0.00000e+00
 0.00000e+00
 0.00000e+00
 0.00000e+00
 0.00000e+00
 0.00000e+00
 0.00000e+00
 0.00000e+00
 0.00000e+00
 0.00000e+00
 0.00000e+00
 0.00000e+00
 0.00000e+00
 0.00000e+00
 0.00000e+00
 0.00000e+00
 0.00000e+00
 0.00000e+00
 0.00000e+00
 0.00000e+00
 0.00000e+00
 0.00000e+00
 0.00000e+00
 0.00000e+00
 0.00000e+00
 0.00000e+00
 0.00000e+00
 0.00000e+00
 0.00000e+00
 0.00000e+00
 0.00000e+00
 0.00000e+00
 0.00000e+00
 0.00000e+00
 0.00000e+00
 0.00000e+00
 0.00000e+00
 0.00000e+00
 0.00000e+00
 0.00000e+00
 0.00000e+00
 0.00000e+00
 0.00000e+00
 0.00000e+00
 0.00000e+00
 0.00000e+00
 0.00000e+00
 0.00000e+00
 0.00000e+00
 0.00000e+00
 0.00000e+00
 0.00000e+00
 0.00000e+00
 0.00000e+00
 0.00000e+00
 0.00000e+00
 0.00000e+00
 0.00000e+00
 0.00000e+00
 0.00000e+00
 0.00000e+00
 0.00000e+00
 0.00000e+00
 0.00000e+00
 0.00000e+00
 0.00000e+00
 0.00000e+00
 0.00000e+00
 0.00000e+00
 0.00000e+00
 0.00000e+00
 0.00000e+00
 0.00000e+00
 0.00000e+00
 0.00000e+00
 0.00000e+00
 0.00000e+00
 0.00000e+00
 0.00000e+00
 0.00000e+00
 0.00000e+00
 0.00000e+00
 0.00000e+00
 0.00000e+00
 0.00000e+00
 0.00000e+00
 0.00000e+00
 0.00000e+00
 0.00000e+00
 0.00000e+00
 0.00000e+00
 0.00000e+00
 0.00000e+00
 0.00000e+00
 0.00000e+00
 0.00000e+00
 0.00000e+00
 0.00000e+00
 0.00000e+00
 0.00000e+00
 0.00000e+00
 0.00000e+00
 0.00000e+00
 0.00000e+00
 0.00000e+00
 0.00000e+00
 0.00000e+00
 0.00000e+00
 0.00000e+00
 0.00000e+00
 0.00000e+00
 0.00000e+00
 0.00000e+00
 0.00000e+00
 0.00000e+00
 0.00000e+00
 0.00000e+00
 0.00000e+00
 0.00000e+00
 0.00000e+00
 0.00000e+00
 0.00000e+00
 0.00000e+00
 0.00000e+00
 0.00000e+00
 0.00000e+00
 0.00000e+00
 0.00000e+00
 0.00000e+00
 0.00000e+00
 0.00000e+00
 0.00000e+00
 0.00000e+00
 0.00000e+00
 0.00000e+00
 0.00000e+00
 0.00000e+00
 0.00000e+00
 0.00000e+00
 0.00000e+00
 0.00000e+00
 0.00000e+00
 0.00000e+00
 0.00000e+00
 0.00000e+00
 0.00000e+00
 0.00000e+00
 0.00000e+00
 0.00000e+00
 0.00000e+00
 0.00000e+00
 0.00000e+00
 0.00000e+00
 0.00000e+00
 0.00000e+00
 0.00000e+00
 0.00000e+00
 0.00000e+00
 0.00000e+00
 0.00000e+00
 0.00000e+00
 0.00000e+00
 0.00000e+00
 0.00000e+00
 0.00000e+00
 0.00000e+00
 0.00000e+00
 0.00000e+00
 0.00000e+00
 0.00000e+00
 0.00000e+00
 0.00000e+00
 0.00000e+00
 0.00000e+00
 0.00000e+00
 0.00000e+00
 0.00000e+00
 0.00000e+00
 0.00000e+00
 0.00000e+00
 0.00000e+00
 0.00000e+00
 0.00000e+00
 0.00000e+00
 0.00000e+00
 0.00000e+00
 0.00000e+00
 0.00000e+00
 0.00000e+00
 0.00000e+00
 0.00000e+00
 0.00000e+00
 0.00000e+00
 0.00000e+00
 0.00000e+00
 0.00000e+00
 0.00000e+00
 0.00000e+00
 0.00000e+00
 0.00000e+00
 0.00000e+00
 0.00000e+00
 0.00000e+00
