Velocity
part
         1
coordinates
 0.00000e+00
 0.00000e+00
 0.00000e+00
 0.00000e+00
 0.00000e+00
 0.00000e+00
 0.00000e+00
 0.00000e+00
 0.00000e+00
 0.00000e+00
 0.00000e+00
 0.00000e+00
 0.00000e+00
 0.00000e+00
 0.00000e+00
 0.00000e+00
 0.00000e+00
 0.00000e+00
 0.00000e+00
 0.00000e+00
 0.00000e+00
 0.00000e+00
 0.00000e+00
 6.19765e-14
 1.93710e-12
 4.66936e-11
 1.04016e-09
 1.97581e-08
 1.99365e-07
 1.60273e-06
 1.12729e-05
 6.91889e-05
 3.65540e-04
 1.63317e-03
 6.04454e-03
 1.81800e-02
 4.40845e-02
 8.73902e-02
 1.46786e-01
 2.18480e-01
 2.99679e-01
 3.89437e-01
 4.87978e-01
 5.95973e-01
 7.13654e-01
 8.38067e-01
 9.51328e-01
 9.82501e-01
 9.41532e-01
 9.31393e-01
 9.29630e-01
 9.29295e-01
 9.29000e-01
 9.28737e-01
 9.28485e-01
 9.28202e-01
 9.27818e-01
 9.27234e-01
 9.26339e-01
 9.25022e-01
 9.23206e-01
 9.20862e-01
 9.18024e-01
 9.14742e-01
 9.10873e-01
 9.05507e-01
 8.95796e-01
 8.75265e-01
 8.33009e-01
 7.56097e-01
 6.35527e-01
 4.74685e-01
 2.97941e-01
 1.47928e-01
 5.69533e-02
 1.80911e-02
 5.18911e-03
 1.41806e-03
 3.76609e-04
 9.77621e-05
 2.48372e-05
 6.17628e-06
 1.50282e-06
 3.57443e-07
 8.27729e-08
 1.82699e-08
 3.62029e-09
 6.96700e-10
 1.31755e-10
 2.44797e-11
 4.47475e-12
 8.03933e-13
 1.68192e-13
 0.00000e+00
 0.00000e+00
 0.00000e+00
 0.00000e+00
 0.00000e+00
 0.00000e+00
 0.00000e+00
 0.00000e+00
 0.00000e+00
 0.00000e+00
 0.00000e+00
 0.00000e+00
 0.00000e+00
 0.00000e+00
 0.00000e+00
 0.00000e+00
 0.00000e+00
 0.00000e+00
 0.00000e+00
 0.00000e+00
 0.00000e+00
 0.00000e+00
 0.00000e+00
 0.00000e+00
 0.00000e+00
 0.00000e+00
 0.00000e+00
 0.00000e+00
 0.00000e+00
 0.00000e+00
 0.00000e+00
 6.23720e-14
 1.94042e-12
 4.67990e-11
 1.04404e-09
 1.98488e-08
 1.99419e-07
 1.60272e-06
 1.12729e-05
 6.91889e-05
 3.65540e-04
 1.63317e-03
 6.04454e-03
 1.81800e-02
 4.40845e-02
 8.73902e-02
 1.46786e-01
 2.18480e-01
 2.99679e-01
 3.89437e-01
 4.87978e-01
 5.95973e-01
 7.13654e-01
 8.38067e-01
 9.51328e-01
 9.82501e-01
 9.41532e-01
 9.31393e-01
 9.29630e-01
 9.29295e-01
 9.29000e-01
 9.28737e-01
 9.28485e-01
 9.28202e-01
 9.27818e-01
 9.27234e-01
 9.26339e-01
 9.25022e-01
 9.23206e-01
 9.20862e-01
 9.18024e-01
 9.14742e-01
 9.10873e-01
 9.05507e-01
 8.95796e-01
 8.75265e-01
 8.33009e-01
 7.56097e-01
 6.35527e-01
 4.74685e-01
 2.97941e-01
 1.47928e-01
 5.69533e-02
 1.80911e-02
 5.18911e-03
 1.41806e-03
 3.76609e-04
 9.77621e-05
 2.48372e-05
 6.17628e-06
 1.50282e-06
 3.57443e-07
 8.27729e-08
 1.82699e-08
 3.62029e-09
 6.96699e-10
 1.31757e-10
 2.44731e-11
 4.48260e-12
 8.03049e-13
 1.74157e-13
 0.00000e+00
 0.00000e+00
 0.00000e+00
 0.00000e+00
 0.00000e+00
 0.00000e+00
 0.00000e+00
 0.00000e+00
 0.00000e+00
 0.00000e+00
 0.00000e+00
 0.00000e+00
 0.00000e+00
 0.00000e+00
 0.00000e+00
 0.00000e+00
 0.00000e+00
 0.00000e+00
 0.00000e+00
 0.00000e+00
 0.00000e+00
 0.00000e+00
 0.00000e+00
 0.00000e+00
 0.00000e+00
 0.00000e+00
 0.00000e+00
 0.00000e+00
 0.00000e+00
 0.00000e+00
 0.00000e+00
 6.31413e-14
 1.94518e-12
 4.70290e-11
 1.05192e-09
 1.99563e-08
 1.99492e-07
 1.60272e-06
 1.12729e-05
 6.91888e-05
 3.65540e-04
 1.63317e-03
 6.04454e-03
 1.81800e-02
 4.40845e-02
 8.73902e-02
 1.46786e-01
 2.18480e-01
 2.99679e-01
 3.89437e-01
 4.87978e-01
 5.95973e-01
 7.13654e-01
 8.38067e-01
 9.51328e-01
 9.82501e-01
 9.41532e-01
 9.31393e-01
 9.29630e-01
 9.29295e-01
 9.29000e-01
 9.28737e-01
 9.28485e-01
 9.28202e-01
 9.27818e-01
 9.27234e-01
 9.26339e-01
 9.25022e-01
 9.23206e-01
 9.20862e-01
 9.18024e-01
 9.14742e-01
 9.10873e-01
 9.05507e-01
 8.95796e-01
 8.75265e-01
 8.33009e-01
 7.56097e-01
 6.35527e-01
 4.74685e-01
 2.97941e-01
 1.47928e-01
 5.69533e-02
 1.80911e-02
 5.18911e-03
 1.41806e-03
 3.76609e-04
 9.77621e-05
 2.48372e-05
 6.17628e-06
 1.50282e-06
 3.57443e-07
 8.27729e-08
 1.82699e-08
 3.62030e-09
 6.96701e-10
 1.31750e-10
 2.44791e-11
 4.47644e-12
 8.05914e-13
 1.72642e-13
 0.00000e+00
 0.00000e+00
 0.00000e+00
 0.00000e+00
 0.00000e+00
 0.00000e+00
 0.00000e+00
 0.00000e+00
 0.00000e+00
 0.00000e+00
 0.00000e+00
 0.00000e+00
 0.00000e+00
 0.00000e+00
 0.00000e+00
 0.00000e+00
 0.00000e+00
 0.00000e+00
 0.00000e+00
 0.00000e+00
 0.00000e+00
 0.00000e+00
 0.00000e+00
 0.00000e+00
 0.00000e+00
 0.00000e+00
 0.00000e+00
 0.00000e+00
 0.00000e+00
 0.00000e+00
 0.00000e+00
 6.29479e-14
 1.95342e-12
 4.72265e-11
 1.05682e-09
 1.99766e-08
 1.99515e-07
 1.60275e-06
 1.12729e-05
 6.91888e-05
 3.65540e-04
 1.63317e-03
 6.04454e-03
 1.81800e-02
 4.40845e-02
 8.73902e-02
 1.46786e-01
 2.18480e-01
 2.99679e-01
 3.89437e-01
 4.87978e-01
 5.95973e-01
 7.13654e-01
 8.38067e-01
 9.51328e-01
 9.82501e-01
 9.41532e-01
 9.31393e-01
 9.29630e-01
 9.29295e-01
 9.29000e-01
 9.28737e-01
 9.28485e-01
 9.28202e-01
 9.27818e-01
 9.27234e-01
 9.26339e-01
 9.25022e-01
 9.23206e-01
 9.20862e-01
 9.18024e-01
 9.14742e-01
 9.10873e-01
 9.05507e-01
 8.95796e-01
 8.75265e-01
 8.33009e-01
 7.56097e-01
 6.35527e-01
 4.74685e-01
 2.97941e-01
 1.47928e-01
 5.69533e-02
 1.80911e-02
 5.18911e-03
 1.41806e-03
 3.76609e-04
 9.77621e-05
 2.48372e-05
 6.17628e-06
 1.50282e-06
 3.57443e-07
 8.27729e-08
 1.82699e-08
 3.62029e-09
 6.96699e-10
 1.31749e-10
 2.44897e-11
 4.46946e-12
 8.06428e-13
 1.72756e-13
 0.00000e+00
 0.00000e+00
 0.00000e+00
 0.00000e+00
 0.00000e+00
 0.00000e+00
 0.00000e+00
 0.00000e+00
 0.00000e+00
 0.00000e+00
 0.00000e+00
 0.00000e+00
 0.00000e+00
 0.00000e+00
 0.00000e+00
 0.00000e+00
 0.00000e+00
 0.00000e+00
 0.00000e+00
 0.00000e+00
 0.00000e+00
 0.00000e+00
 0.00000e+00
 0.00000e+00
 0.00000e+00
 0.00000e+00
 0.00000e+00
 0.00000e+00
 0.00000e+00
 0.00000e+00
 0.00000e+00
 6.25828e-14
 1.96169e-12
 4.73235e-11
 1.05790e-09
 1.99808e-08
 1.99522e-07
 1.60276e-06
 1.12729e-05
 6.91888e-05
 3.65540e-04
 1.63317e-03
 6.04454e-03
 1.81800e-02
 4.40845e-02
 8.73902e-02
 1.46786e-01
 2.18480e-01
 2.99679e-01
 3.89437e-01
 4.87978e-01
 5.95973e-01
 7.13654e-01
 8.38067e-01
 9.51328e-01
 9.82501e-01
 9.41532e-01
 9.31393e-01
 9.29630e-01
 9.29295e-01
 9.29000e-01
 9.28737e-01
 9.28485e-01
 9.28202e-01
 9.27818e-01
 9.27234e-01
 9.26339e-01
 9.25022e-01
 9.23206e-01
 9.20862e-01
 9.18024e-01
 9.14742e-01
 9.10873e-01
 9.05507e-01
 8.95796e-01
 8.75265e-01
 8.33009e-01
 7.56097e-01
 6.35527e-01
 4.74685e-01
 2.97941e-01
 1.47928e-01
 5.69533e-02
 1.80911e-02
 5.18911e-03
 1.41806e-03
 3.76609e-04
 9.77621e-05
 2.48372e-05
 6.17628e-06
 1.50282e-06
 3.57443e-07
 8.27729e-08
 1.82699e-08
 3.62028e-09
 6.96694e-10
 1.31760e-10
 2.44764e-11
 4.48258e-12
 8.00497e-13
 1.74181e-13
 0.00000e+00
 0.00000e+00
 0.00000e+00
 0.00000e+00
 0.00000e+00
 0.00000e+00
 0.00000e+00
 0.00000e+00
 0.00000e+00
 0.00000e+00
 0.00000e+00
 0.00000e+00
 0.00000e+00
 0.00000e+00
 0.00000e+00
 0.00000e+00
 0.00000e+00
 0.00000e+00
 0.00000e+00
 0.00000e+00
 0.00000e+00
 0.00000e+00
 0.00000e+00
 0.00000e+00
 0.00000e+00
 0.00000e+00
 0.00000e+00
 0.00000e+00
 0.00000e+00
 0.00000e+00
 0.00000e+00
 6.27848e-14
 1.96315e-12
 4.73475e-11
 1.05809e-09
 1.99815e-08
 1.99524e-07
 1.60276e-06
 1.12729e-05
 6.91888e-05
 3.65540e-04
 1.63317e-03
 6.04454e-03
 1.81800e-02
 4.40845e-02
 8.73902e-02
 1.46786e-01
 2.18480e-01
 2.99679e-01
 3.89437e-01
 4.87978e-01
 5.95973e-01
 7.13654e-01
 8.38067e-01
 9.51328e-01
 9.82501e-01
 9.41532e-01
 9.31393e-01
 9.29630e-01
 9.29295e-01
 9.29000e-01
 9.28737e-01
 9.28485e-01
 9.28202e-01
 9.27818e-01
 9.27234e-01
 9.26339e-01
 9.25022e-01
 9.23206e-01
 9.20862e-01
 9.18024e-01
 9.14742e-01
 9.10873e-01
 9.05507e-01
 8.95796e-01
 8.75265e-01
 8.33009e-01
 7.56097e-01
 6.35527e-01
 4.74685e-01
 2.97941e-01
 1.47928e-01
 5.69533e-02
 1.80911e-02
 5.18911e-03
 1.41806e-03
 3.76609e-04
 9.77621e-05
 2.48372e-05
 6.17628e-06
 1.50282e-06
 3.57443e-07
 8.27729e-08
 1.82699e-08
 3.62028e-09
 6.96693e-10
 1.31763e-10
 2.44652e-11
 4.48868e-12
 7.97801e-13
 1.68013e-13
 0.00000e+00
 0.00000e+00
 0.00000e+00
 0.00000e+00
 0.00000e+00
 0.00000e+00
 0.00000e+00
 0.00000e+00
 0.00000e+00
 0.00000e+00
 0.00000e+00
 0.00000e+00
 0.00000e+00
 0.00000e+00
 0.00000e+00
 0.00000e+00
 0.00000e+00
 0.00000e+00
 0.00000e+00
 0.00000e+00
 0.00000e+00
 0.00000e+00
 0.00000e+00
 0.00000e+00
 0.00000e+00
 0.00000e+00
 0.00000e+00
 0.00000e+00
 0.00000e+00
 0.00000e+00
 0.00000e+00
 0.00000e+00
 0.00000e+00
 0.00000e+00
 0.00000e+00
 0.00000e+00
 0.00000e+00
 0.00000e+00
 0.00000e+00
 0.00000e+00
 0.00000e+00
 0.00000e+00
 0.00000e+00
 0.00000e+00
 0.00000e+00
 0.00000e+00
 0.00000e+00
 0.00000e+00
 0.00000e+00
 0.00000e+00
 0.00000e+00
 0.00000e+00
 0.00000e+00
 0.00000e+00
 0.00000e+00
 0.00000e+00
 0.00000e+00
 0.00000e+00
 0.00000e+00
 0.00000e+00
 0.00000e+00
 0.00000e+00
 0.00000e+00
 0.00000e+00
 0.00000e+00
 0.00000e+00
 0.00000e+00
 0.00000e+00
 0.00000e+00
 0.00000e+00
 0.00000e+00
 0.00000e+00
 0.00000e+00
 0.00000e+00
 0.00000e+00
 0.00000e+00
 0.00000e+00
 0.00000e+00
 0.00000e+00
 0.00000e+00
 0.00000e+00
 0.00000e+00
 0.00000e+00
 0.00000e+00
 0.00000e+00
 0.00000e+00
 0.00000e+00
 0.00000e+00
 0.00000e+00
 0.00000e+00
 0.00000e+00
 0.00000e+00
 0.00000e+00
 0.00000e+00
 0.00000e+00
 0.00000e+00
 0.00000e+00
 0.00000e+00
 0.00000e+00
 0.00000e+00
 0.00000e+00
 0.00000e+00
 0.00000e+00
 0.00000e+00
 0.00000e+00
 0.00000e+00
 0.00000e+00
 0.00000e+00
 0.00000e+00
 0.00000e+00
 0.00000e+00
-5.07538e-16
 0.00000e+00
 0.00000e+00
 0.00000e+00
 0.00000e+00
 0.00000e+00
 0.00000e+00
 0.00000e+00
 0.00000e+00
 0.00000e+00
 0.00000e+00
 0.00000e+00
 0.00000e+00
 0.00000e+00
 0.00000e+00
 0.00000e+00
 0.00000e+00
 0.00000e+00
 0.00000e+00
 0.00000e+00
 0.00000e+00
 1.94723e-16
 2.05174e-15
 5.64436e-14
 2.04899e-12
 4.93341e-11
 1.21872e-10
 1.43895e-10
 1.12647e-10
 5.09727e-11
-5.10685e-12
-3.45093e-11
-4.41557e-11
-3.59237e-11
-1.78517e-11
 1.31048e-12
 1.05032e-11
 1.88773e-11
 1.48097e-11
 1.48468e-11
 4.32828e-12
-2.78756e-12
-7.53374e-12
-5.11306e-12
 1.07486e-11
 2.92810e-12
 1.11688e-12
-1.20657e-13
 6.62688e-13
 1.37245e-12
 1.27304e-12
 1.25173e-12
 1.22247e-12
 1.16935e-12
 1.12820e-12
 1.06926e-12
 9.87109e-13
 8.90017e-13
 8.11514e-13
 7.28589e-13
 6.21337e-13
 5.28663e-13
 4.47887e-13
 3.66266e-13
 2.85682e-13
 2.32772e-13
 1.84164e-13
 1.21717e-13
 6.77609e-14
 3.73130e-14
 1.81734e-14
 3.71751e-15
 2.54527e-15
-7.69784e-16
-3.55011e-15
-5.41667e-16
-4.15510e-15
-7.97799e-15
-1.16855e-14
-9.77920e-15
-1.21146e-14
-1.74318e-14
-1.58784e-14
-1.51220e-14
-1.08108e-14
-7.49704e-15
-7.05946e-15
-9.61861e-15
-8.99975e-15
-5.52162e-15
-2.97895e-15
-5.07538e-16
-5.07538e-16
 0.00000e+00
 0.00000e+00
 0.00000e+00
 0.00000e+00
 0.00000e+00
 0.00000e+00
 0.00000e+00
 0.00000e+00
-5.07538e-16
 0.00000e+00
 0.00000e+00
 0.00000e+00
 0.00000e+00
 0.00000e+00
 0.00000e+00
 0.00000e+00
 0.00000e+00
 0.00000e+00
 0.00000e+00
 0.00000e+00
 0.00000e+00
 0.00000e+00
 0.00000e+00
 0.00000e+00
 0.00000e+00
 0.00000e+00
 0.00000e+00
 0.00000e+00
 0.00000e+00
 1.84748e-16
 1.09765e-15
 6.40538e-14
 2.12817e-12
 1.25206e-11
 2.99359e-11
 4.49507e-11
 6.24375e-11
 7.33097e-11
 6.61670e-11
 5.20326e-11
 3.05508e-11
 9.30960e-13
-1.93588e-11
-3.03398e-11
-2.95689e-11
-2.10573e-11
-8.85490e-12
 2.26081e-12
 4.85665e-12
 9.22198e-12
 1.18891e-11
 1.48742e-11
 1.38284e-11
 4.41941e-12
-3.83929e-13
 2.54052e-14
 1.83859e-12
 2.08294e-12
 2.11358e-12
 2.05339e-12
 1.98563e-12
 1.91613e-12
 1.82831e-12
 1.71742e-12
 1.58527e-12
 1.45597e-12
 1.31560e-12
 1.16806e-12
 1.02570e-12
 8.72202e-13
 7.29592e-13
 5.86785e-13
 4.56598e-13
 3.35741e-13
 2.60833e-13
 2.10689e-13
 1.19485e-13
 5.65572e-14
 3.99758e-14
 2.49787e-14
 1.39437e-14
 1.35543e-14
 1.31002e-14
 1.69578e-14
 1.76486e-14
 1.55158e-14
 2.12920e-14
 2.00212e-14
 1.51843e-14
 1.57721e-14
 1.66447e-14
 1.48393e-14
 1.07436e-14
 1.18525e-14
 9.05309e-15
 1.13464e-14
 1.06824e-14
 5.57974e-15
 3.73269e-15
-5.07538e-16
-5.07538e-16
 0.00000e+00
 0.00000e+00
 0.00000e+00
 0.00000e+00
 0.00000e+00
 0.00000e+00
 0.00000e+00
 0.00000e+00
-5.07538e-16
 0.00000e+00
 0.00000e+00
 0.00000e+00
 0.00000e+00
 0.00000e+00
 0.00000e+00
 0.00000e+00
 0.00000e+00
 0.00000e+00
 0.00000e+00
 0.00000e+00
 0.00000e+00
 0.00000e+00
 0.00000e+00
 0.00000e+00
 0.00000e+00
 0.00000e+00
 0.00000e+00
 0.00000e+00
 0.00000e+00
-2.84495e-16
 2.82933e-15
 4.27371e-14
 5.26447e-13
 2.71281e-12
 7.00588e-12
 1.59474e-11
 2.21223e-11
 3.39950e-11
 4.40932e-11
 4.55619e-11
 4.65147e-11
 4.02475e-11
 2.70493e-11
 1.45550e-11
 3.87380e-12
-9.58926e-12
-1.57740e-11
-1.84959e-11
-2.12314e-11
-1.62737e-11
-9.52935e-12
-5.72027e-12
-4.40092e-12
-1.81764e-12
 1.64587e-12
 8.95149e-13
 1.13918e-12
 2.33129e-12
 2.15673e-12
 2.08980e-12
 2.01264e-12
 1.93379e-12
 1.82719e-12
 1.70512e-12
 1.59187e-12
 1.45424e-12
 1.29796e-12
 1.13730e-12
 9.82298e-13
 8.53970e-13
 7.02811e-13
 5.82976e-13
 4.80910e-13
 3.66717e-13
 2.84864e-13
 2.03071e-13
 1.36299e-13
 7.76276e-14
 2.63682e-14
 3.49503e-15
-1.16044e-14
-1.23638e-14
-1.24115e-14
-1.67622e-14
-1.70467e-14
-1.82090e-14
-2.14126e-14
-1.96064e-14
-1.77091e-14
-1.67540e-14
-1.74847e-14
-1.05363e-14
-7.10499e-15
-1.43249e-14
-1.29141e-14
-1.03207e-14
-7.84052e-15
-5.95921e-15
-3.79297e-15
-5.07538e-16
-5.07538e-16
 0.00000e+00
 0.00000e+00
 0.00000e+00
 0.00000e+00
 0.00000e+00
 0.00000e+00
 0.00000e+00
 0.00000e+00
-5.07538e-16
 0.00000e+00
 0.00000e+00
 0.00000e+00
 0.00000e+00
 0.00000e+00
 0.00000e+00
 0.00000e+00
 0.00000e+00
 0.00000e+00
 0.00000e+00
 0.00000e+00
 0.00000e+00
 0.00000e+00
 0.00000e+00
 0.00000e+00
 0.00000e+00
 0.00000e+00
 0.00000e+00
 0.00000e+00
 0.00000e+00
 9.67108e-17
 9.30245e-16
 1.36605e-14
 1.18746e-13
 5.70548e-13
 1.96610e-12
 3.34547e-12
 8.22094e-12
 1.10238e-11
 1.62306e-11
 2.26136e-11
 2.34996e-11
 2.68973e-11
 2.74322e-11
 2.22491e-11
 1.72409e-11
 1.83543e-11
 3.78623e-12
-1.97480e-12
-1.69163e-12
-6.79768e-12
-6.45266e-12
-9.32894e-12
-4.57911e-12
-2.61891e-13
-1.15132e-12
 7.46983e-13
 1.17378e-12
 1.31930e-12
 1.32826e-12
 1.28407e-12
 1.24938e-12
 1.20566e-12
 1.14416e-12
 1.07362e-12
 9.79345e-13
 8.81424e-13
 8.00754e-13
 7.03178e-13
 6.04996e-13
 5.03355e-13
 4.24453e-13
 3.45529e-13
 2.74408e-13
 2.41564e-13
 1.97017e-13
 1.35444e-13
 8.85342e-14
 7.23618e-14
 4.36777e-14
 1.29384e-14
 4.58227e-15
 9.67976e-16
-1.79457e-15
 1.26505e-15
 3.11166e-15
 4.91274e-15
 8.35703e-15
 6.45998e-15
 1.02690e-14
 1.50830e-14
 1.44997e-14
 1.35395e-14
 1.18243e-14
 1.11482e-14
 1.23504e-14
 8.38479e-15
 5.81653e-15
 7.51916e-15
 3.08564e-15
-5.07538e-16
-5.07538e-16
 0.00000e+00
 0.00000e+00
 0.00000e+00
 0.00000e+00
 0.00000e+00
 0.00000e+00
 0.00000e+00
 0.00000e+00
 0.00000e+00
 0.00000e+00
 0.00000e+00
 0.00000e+00
 0.00000e+00
 0.00000e+00
 0.00000e+00
 0.00000e+00
 0.00000e+00
 0.00000e+00
 0.00000e+00
 0.00000e+00
 0.00000e+00
 0.00000e+00
 0.00000e+00
 0.00000e+00
 0.00000e+00
 0.00000e+00
 0.00000e+00
 0.00000e+00
 0.00000e+00
 0.00000e+00
 0.00000e+00
 0.00000e+00
 0.00000e+00
 0.00000e+00
 0.00000e+00
 0.00000e+00
 0.00000e+00
 0.00000e+00
 0.00000e+00
 0.00000e+00
 0.00000e+00
 0.00000e+00
 0.00000e+00
 0.00000e+00
 0.00000e+00
 0.00000e+00
 0.00000e+00
 0.00000e+00
 0.00000e+00
 0.00000e+00
 0.00000e+00
 0.00000e+00
 0.00000e+00
 0.00000e+00
 0.00000e+00
 0.00000e+00
 0.00000e+00
 0.00000e+00
 0.00000e+00
 0.00000e+00
 0.00000e+00
 0.00000e+00
 0.00000e+00
 0.00000e+00
 0.00000e+00
 0.00000e+00
 0.00000e+00
 0.00000e+00
 0.00000e+00
 0.00000e+00
 0.00000e+00
 0.00000e+00
 0.00000e+00
 0.00000e+00
 0.00000e+00
 0.00000e+00
 0.00000e+00
 0.00000e+00
 0.00000e+00
 0.00000e+00
 0.00000e+00
 0.00000e+00
 0.00000e+00
 0.00000e+00
 0.00000e+00
 0.00000e+00
 0.00000e+00
 0.00000e+00
 0.00000e+00
 0.00000e+00
 0.00000e+00
 0.00000e+00
 0.00000e+00
 0.00000e+00
 0.00000e+00
 0.00000e+00
 0.00000e+00
 0.00000e+00
 0.00000e+00
 0.00000e+00
 0.00000e+00
 0.00000e+00
 0.00000e+00
 0.00000e+00
 0.00000e+00
 0.00000e+00
 0.00000e+00
 0.00000e+00
 0.00000e+00
 0.00000e+00
 0.00000e+00
 0.00000e+00
 0.00000e+00
 0.00000e+00
 0.00000e+00
 0.00000e+00
 0.00000e+00
 0.00000e+00
 0.00000e+00
 0.00000e+00
 0.00000e+00
 0.00000e+00
 0.00000e+00
 0.00000e+00
 0.00000e+00
 0.00000e+00
 0.00000e+00
 0.00000e+00
 0.00000e+00
 0.00000e+00
 0.00000e+00
 0.00000e+00
 0.00000e+00
 0.00000e+00
 0.00000e+00
 0.00000e+00
 0.00000e+00
 0.00000e+00
 0.00000e+00
 0.00000e+00
 0.00000e+00
 0.00000e+00
 0.00000e+00
 0.00000e+00
 0.00000e+00
 0.00000e+00
 0.00000e+00
 0.00000e+00
 0.00000e+00
 0.00000e+00
 0.00000e+00
 0.00000e+00
 0.00000e+00
 0.00000e+00
 0.00000e+00
 0.00000e+00
 0.00000e+00
 0.00000e+00
 0.00000e+00
 0.00000e+00
 0.00000e+00
 0.00000e+00
 0.00000e+00
 0.00000e+00
 0.00000e+00
 0.00000e+00
 0.00000e+00
 0.00000e+00
 0.00000e+00
 0.00000e+00
 0.00000e+00
 0.00000e+00
 0.00000e+00
 0.00000e+00
 0.00000e+00
 0.00000e+00
 0.00000e+00
 0.00000e+00
 0.00000e+00
 0.00000e+00
 0.00000e+00
 0.00000e+00
 0.00000e+00
 0.00000e+00
 0.00000e+00
 0.00000e+00
 0.00000e+00
 0.00000e+00
 0.00000e+00
 0.00000e+00
 0.00000e+00
 0.00000e+00
 0.00000e+00
 0.00000e+00
 0.00000e+00
 0.00000e+00
 0.00000e+00
 0.00000e+00
 0.00000e+00
 0.00000e+00
 0.00000e+00
 0.00000e+00
 0.00000e+00
 0.00000e+00
 0.00000e+00
 0.00000e+00
 0.00000e+00
 0.00000e+00
 0.00000e+00
 0.00000e+00
 0.00000e+00
 0.00000e+00
 0.00000e+00
 0.00000e+00
 0.00000e+00
 0.00000e+00
 0.00000e+00
 0.00000e+00
 0.00000e+00
 0.00000e+00
 0.00000e+00
 0.00000e+00
 0.00000e+00
 0.00000e+00
 0.00000e+00
 0.00000e+00
 0.00000e+00
 0.00000e+00
 0.00000e+00
 0.00000e+00
 0.00000e+00
 0.00000e+00
 0.00000e+00
 0.00000e+00
 0.00000e+00
 0.00000e+00
 0.00000e+00
 0.00000e+00
 0.00000e+00
 0.00000e+00
 0.00000e+00
 0.00000e+00
 0.00000e+00
 0.00000e+00
 0.00000e+00
 0.00000e+00
 0.00000e+00
 0.00000e+00
 0.00000e+00
 0.00000e+00
 0.00000e+00
 0.00000e+00
 0.00000e+00
 0.00000e+00
 0.00000e+00
 0.00000e+00
 0.00000e+00
 0.00000e+00
 0.00000e+00
 0.00000e+00
 0.00000e+00
 0.00000e+00
 0.00000e+00
 0.00000e+00
 0.00000e+00
 0.00000e+00
 0.00000e+00
 0.00000e+00
 0.00000e+00
 0.00000e+00
 0.00000e+00
 0.00000e+00
 0.00000e+00
 0.00000e+00
 0.00000e+00
 0.00000e+00
 0.00000e+00
 0.00000e+00
 0.00000e+00
 0.00000e+00
 0.00000e+00
 0.00000e+00
 0.00000e+00
 0.00000e+00
 0.00000e+00
 0.00000e+00
 0.00000e+00
 0.00000e+00
 0.00000e+00
 0.00000e+00
 0.00000e+00
 0.00000e+00
 0.00000e+00
 0.00000e+00
 0.00000e+00
 0.00000e+00
 0.00000e+00
 0.00000e+00
 0.00000e+00
 0.00000e+00
 0.00000e+00
 0.00000e+00
 0.00000e+00
 0.00000e+00
 0.00000e+00
 0.00000e+00
 0.00000e+00
 0.00000e+00
 0.00000e+00
 0.00000e+00
 0.00000e+00
 0.00000e+00
 0.00000e+00
 0.00000e+00
 0.00000e+00
 0.00000e+00
 0.00000e+00
 0.00000e+00
 0.00000e+00
 0.00000e+00
 0.00000e+00
 0.00000e+00
 0.00000e+00
 0.00000e+00
 0.00000e+00
 0.00000e+00
 0.00000e+00
 0.00000e+00
 0.00000e+00
 0.00000e+00
 0.00000e+00
 0.00000e+00
 0.00000e+00
 0.00000e+00
 0.00000e+00
 0.00000e+00
 0.00000e+00
 0.00000e+00
 0.00000e+00
 0.00000e+00
 0.00000e+00
 0.00000e+00
 0.00000e+00
 0.00000e+00
 0.00000e+00
 0.00000e+00
 0.00000e+00
 0.00000e+00
 0.00000e+00
 0.00000e+00
 0.00000e+00
 0.00000e+00
 0.00000e+00
 0.00000e+00
 0.00000e+00
 0.00000e+00
 0.00000e+00
 0.00000e+00
 0.00000e+00
 0.00000e+00
 0.00000e+00
 0.00000e+00
 0.00000e+00
 0.00000e+00
 0.00000e+00
 0.00000e+00
 0.00000e+00
 0.00000e+00
 0.00000e+00
 0.00000e+00
 0.00000e+00
 0.00000e+00
 0.00000e+00
 0.00000e+00
 0.00000e+00
 0.00000e+00
 0.00000e+00
 0.00000e+00
 0.00000e+00
 0.00000e+00
 0.00000e+00
 0.00000e+00
 0.00000e+00
 0.00000e+00
 0.00000e+00
 0.00000e+00
 0.00000e+00
 0.00000e+00
 0.00000e+00
 0.00000e+00
 0.00000e+00
 0.00000e+00
 0.00000e+00
 0.00000e+00
 0.00000e+00
 0.00000e+00
 0.00000e+00
 0.00000e+00
 0.00000e+00
 0.00000e+00
 0.00000e+00
 0.00000e+00
 0.00000e+00
 0.00000e+00
 0.00000e+00
 0.00000e+00
 0.00000e+00
 0.00000e+00
 0.00000e+00
 0.00000e+00
 0.00000e+00
 0.00000e+00
 0.00000e+00
 0.00000e+00
 0.00000e+00
 0.00000e+00
 0.00000e+00
 0.00000e+00
 0.00000e+00
 0.00000e+00
 0.00000e+00
 0.00000e+00
 0.00000e+00
 0.00000e+00
 0.00000e+00
 0.00000e+00
 0.00000e+00
 0.00000e+00
 0.00000e+00
 0.00000e+00
 0.00000e+00
 0.00000e+00
 0.00000e+00
 0.00000e+00
 0.00000e+00
 0.00000e+00
 0.00000e+00
 0.00000e+00
 0.00000e+00
 0.00000e+00
 0.00000e+00
 0.00000e+00
 0.00000e+00
 0.00000e+00
 0.00000e+00
 0.00000e+00
 0.00000e+00
 0.00000e+00
 0.00000e+00
 0.00000e+00
 0.00000e+00
 0.00000e+00
 0.00000e+00
 0.00000e+00
 0.00000e+00
 0.00000e+00
 0.00000e+00
 0.00000e+00
 0.00000e+00
 0.00000e+00
 0.00000e+00
 0.00000e+00
 0.00000e+00
 0.00000e+00
 0.00000e+00
 0.00000e+00
 0.00000e+00
 0.00000e+00
 0.00000e+00
 0.00000e+00
 0.00000e+00
 0.00000e+00
 0.00000e+00
 0.00000e+00
 0.00000e+00
 0.00000e+00
 0.00000e+00
 0.00000e+00
 0.00000e+00
 0.00000e+00
 0.00000e+00
 0.00000e+00
 0.00000e+00
 0.00000e+00
 0.00000e+00
 0.00000e+00
 0.00000e+00
 0.00000e+00
 0.00000e+00
 0.00000e+00
 0.00000e+00
 0.00000e+00
 0.00000e+00
 0.00000e+00
 0.00000e+00
 0.00000e+00
 0.00000e+00
 0.00000e+00
 0.00000e+00
 0.00000e+00
 0.00000e+00
 0.00000e+00
 0.00000e+00
 0.00000e+00
 0.00000e+00
 0.00000e+00
 0.00000e+00
 0.00000e+00
 0.00000e+00
 0.00000e+00
 0.00000e+00
 0.00000e+00
 0.00000e+00
 0.00000e+00
 0.00000e+00
 0.00000e+00
 0.00000e+00
 0.00000e+00
 0.00000e+00
 0.00000e+00
 0.00000e+00
 0.00000e+00
 0.00000e+00
 0.00000e+00
 0.00000e+00
 0.00000e+00
 0.00000e+00
 0.00000e+00
 0.00000e+00
 0.00000e+00
 0.00000e+00
 0.00000e+00
 0.00000e+00
 0.00000e+00
 0.00000e+00
 0.00000e+00
 0.00000e+00
 0.00000e+00
 0.00000e+00
 0.00000e+00
 0.00000e+00
 0.00000e+00
 0.00000e+00
 0.00000e+00
 0.00000e+00
 0.00000e+00
 0.00000e+00
 0.00000e+00
 0.00000e+00
 0.00000e+00
 0.00000e+00
 0.00000e+00
 0.00000e+00
 0.00000e+00
 0.00000e+00
 0.00000e+00
 0.00000e+00
 0.00000e+00
 0.00000e+00
 0.00000e+00
 0.00000e+00
 0.00000e+00
 0.00000e+00
 0.00000e+00
 0.00000e+00
 0.00000e+00
 0.00000e+00
 0.00000e+00
 0.00000e+00
 0.00000e+00
 0.00000e+00
 0.00000e+00
 0.00000e+00
 0.00000e+00
 0.00000e+00
 0.00000e+00
 0.00000e+00
 0.00000e+00
 0.00000e+00
 0.00000e+00
 0.00000e+00
 0.00000e+00
 0.00000e+00
 0.00000e+00
 0.00000e+00
 0.00000e+00
 0.00000e+00
 0.00000e+00
 0.00000e+00
 0.00000e+00
 0.00000e+00
 0.00000e+00
 0.00000e+00
 0.00000e+00
 0.00000e+00
 0.00000e+00
 0.00000e+00
 0.00000e+00
 0.00000e+00
 0.00000e+00
 0.00000e+00
 0.00000e+00
 0.00000e+00
 0.00000e+00
 0.00000e+00
 0.00000e+00
 0.00000e+00
 0.00000e+00
 0.00000e+00
 0.00000e+00
 0.00000e+00
 0.00000e+00
 0.00000e+00
 0.00000e+00
 0.00000e+00
 0.00000e+00
 0.00000e+00
 0.00000e+00
 0.00000e+00
 0.00000e+00
 0.00000e+00
 0.00000e+00
 0.00000e+00
 0.00000e+00
 0.00000e+00
 0.00000e+00
 0.00000e+00
 0.00000e+00
 0.00000e+00
 0.00000e+00
 0.00000e+00
 0.00000e+00
 0.00000e+00
 0.00000e+00
 0.00000e+00
 0.00000e+00
 0.00000e+00
 0.00000e+00
 0.00000e+00
 0.00000e+00
 0.00000e+00
 0.00000e+00
 0.00000e+00
 0.00000e+00
 0.00000e+00
 0.00000e+00
 0.00000e+00
 0.00000e+00
 0.00000e+00
 0.00000e+00
 0.00000e+00
 0.00000e+00
 0.00000e+00
 0.00000e+00
 0.00000e+00
 0.00000e+00
 0.00000e+00
 0.00000e+00
 0.00000e+00
 0.00000e+00
 0.00000e+00
 0.00000e+00
 0.00000e+00
 0.00000e+00
 0.00000e+00
 0.00000e+00
 0.00000e+00
 0.00000e+00
 0.00000e+00
 0.00000e+00
 0.00000e+00
 0.00000e+00
 0.00000e+00
 0.00000e+00
 0.00000e+00
 0.00000e+00
 0.00000e+00
 0.00000e+00
 0.00000e+00
 0.00000e+00
 0.00000e+00
 0.00000e+00
 0.00000e+00
 0.00000e+00
 0.00000e+00
 0.00000e+00
 0.00000e+00
 0.00000e+00
 0.00000e+00
 0.00000e+00
 0.00000e+00
 0.00000e+00
 0.00000e+00
 0.00000e+00
 0.00000e+00
 0.00000e+00
 0.00000e+00
 0.00000e+00
 0.00000e+00
 0.00000e+00
 0.00000e+00
 0.00000e+00
 0.00000e+00
 0.00000e+00
 0.00000e+00
 0.00000e+00
 0.00000e+00
 0.00000e+00
 0.00000e+00
 0.00000e+00
 0.00000e+00
 0.00000e+00
 0.00000e+00
