Density
part
         1
hexa8
 1.00000e+00
 1.00000e+00
 1.00000e+00
 1.00000e+00
 1.00000e+00
 1.00000e+00
 1.00000e+00
 1.00000e+00
 1.00000e+00
 1.00000e+00
 1.00000e+00
 1.00000e+00
 1.00000e+00
 1.00000e+00
 1.00000e+00
 1.00000e+00
 1.00000e+00
 9.99998e-01
 9.99990e-01
 9.99949e-01
 9.99763e-01
 9.99028e-01
 9.96548e-01
 9.89651e-01
 9.74581e-01
 1.00000e+00
 1.00000e+00
 1.00000e+00
 1.00000e+00
 1.00000e+00
 1.00000e+00
 1.00000e+00
 1.00000e+00
 1.00000e+00
 1.00000e+00
 1.00000e+00
 1.00000e+00
 1.00000e+00
 1.00000e+00
 1.00000e+00
 1.00000e+00
 1.00000e+00
 9.99998e-01
 9.99990e-01
 9.99949e-01
 9.99763e-01
 9.99028e-01
 9.96548e-01
 9.89651e-01
 9.74581e-01
 1.00000e+00
 1.00000e+00
 1.00000e+00
 1.00000e+00
 1.00000e+00
 1.00000e+00
 1.00000e+00
 1.00000e+00
 1.00000e+00
 1.00000e+00
 1.00000e+00
 1.00000e+00
 1.00000e+00
 1.00000e+00
 1.00000e+00
 1.00000e+00
 1.00000e+00
 9.99998e-01
 9.99990e-01
 9.99949e-01
 9.99763e-01
 9.99028e-01
 9.96548e-01
 9.89651e-01
 9.74581e-01
 1.00000e+00
 1.00000e+00
 1.00000e+00
 1.00000e+00
 1.00000e+00
 1.00000e+00
 1.00000e+00
 1.00000e+00
 1.00000e+00
 1.00000e+00
 1.00000e+00
 1.00000e+00
 1.00000e+00
 1.00000e+00
 1.00000e+00
 1.00000e+00
 1.00000e+00
 9.99998e-01
 9.99990e-01
 9.99949e-01
 9.99763e-01
 9.99028e-01
 9.96548e-01
 9.89651e-01
 9.74581e-01
 1.00000e+00
 1.00000e+00
 1.00000e+00
 1.00000e+00
 1.00000e+00
 1.00000e+00
 1.00000e+00
 1.00000e+00
 1.00000e+00
 1.00000e+00
 1.00000e+00
 1.00000e+00
 1.00000e+00
 1.00000e+00
 1.00000e+00
 1.00000e+00
 1.00000e+00
 9.99998e-01
 9.99990e-01
 9.99949e-01
 9.99763e-01
 9.99028e-01
 9.96548e-01
 9.89651e-01
 9.74581e-01
 1.00000e+00
 1.00000e+00
 1.00000e+00
 1.00000e+00
 1.00000e+00
 1.00000e+00
 1.00000e+00
 1.00000e+00
 1.00000e+00
 1.00000e+00
 1.00000e+00
 1.00000e+00
 1.00000e+00
 1.00000e+00
 1.00000e+00
 1.00000e+00
 1.00000e+00
 9.99998e-01
 9.99990e-01
 9.99949e-01
 9.99763e-01
 9.99028e-01
 9.96548e-01
 9.89651e-01
 9.74581e-01
 1.00000e+00
 1.00000e+00
 1.00000e+00
 1.00000e+00
 1.00000e+00
 1.00000e+00
 1.00000e+00
 1.00000e+00
 1.00000e+00
 1.00000e+00
 1.00000e+00
 1.00000e+00
 1.00000e+00
 1.00000e+00
 1.00000e+00
 1.00000e+00
 1.00000e+00
 9.99998e-01
 9.99990e-01
 9.99949e-01
 9.99763e-01
 9.99028e-01
 9.96548e-01
 9.89651e-01
 9.74581e-01
 1.00000e+00
 1.00000e+00
 1.00000e+00
 1.00000e+00
 1.00000e+00
 1.00000e+00
 1.00000e+00
 1.00000e+00
 1.00000e+00
 1.00000e+00
 1.00000e+00
 1.00000e+00
 1.00000e+00
 1.00000e+00
 1.00000e+00
 1.00000e+00
 1.00000e+00
 9.99998e-01
 9.99990e-01
 9.99949e-01
 9.99763e-01
 9.99028e-01
 9.96548e-01
 9.89651e-01
 9.74581e-01
 1.00000e+00
 1.00000e+00
 1.00000e+00
 1.00000e+00
 1.00000e+00
 1.00000e+00
 1.00000e+00
 1.00000e+00
 1.00000e+00
 1.00000e+00
 1.00000e+00
 1.00000e+00
 1.00000e+00
 1.00000e+00
 1.00000e+00
 1.00000e+00
 1.00000e+00
 9.99998e-01
 9.99990e-01
 9.99949e-01
 9.99763e-01
 9.99028e-01
 9.96548e-01
 9.89651e-01
 9.74581e-01
 1.00000e+00
 1.00000e+00
 1.00000e+00
 1.00000e+00
 1.00000e+00
 1.00000e+00
 1.00000e+00
 1.00000e+00
 1.00000e+00
 1.00000e+00
 1.00000e+00
 1.00000e+00
 1.00000e+00
 1.00000e+00
 1.00000e+00
 1.00000e+00
 1.00000e+00
 9.99998e-01
 9.99990e-01
 9.99949e-01
 9.99763e-01
 9.99028e-01
 9.96548e-01
 9.89651e-01
 9.74581e-01
 1.00000e+00
 1.00000e+00
 1.00000e+00
 1.00000e+00
 1.00000e+00
 1.00000e+00
 1.00000e+00
 1.00000e+00
 1.00000e+00
 1.00000e+00
 1.00000e+00
 1.00000e+00
 1.00000e+00
 1.00000e+00
 1.00000e+00
 1.00000e+00
 1.00000e+00
 9.99998e-01
 9.99990e-01
 9.99949e-01
 9.99763e-01
 9.99028e-01
 9.96548e-01
 9.89651e-01
 9.74581e-01
 1.00000e+00
 1.00000e+00
 1.00000e+00
 1.00000e+00
 1.00000e+00
 1.00000e+00
 1.00000e+00
 1.00000e+00
 1.00000e+00
 1.00000e+00
 1.00000e+00
 1.00000e+00
 1.00000e+00
 1.00000e+00
 1.00000e+00
 1.00000e+00
 1.00000e+00
 9.99998e-01
 9.99990e-01
 9.99949e-01
 9.99763e-01
 9.99028e-01
 9.96548e-01
 9.89651e-01
 9.74581e-01
 1.00000e+00
 1.00000e+00
 1.00000e+00
 1.00000e+00
 1.00000e+00
 1.00000e+00
 1.00000e+00
 1.00000e+00
 1.00000e+00
 1.00000e+00
 1.00000e+00
 1.00000e+00
 1.00000e+00
 1.00000e+00
 1.00000e+00
 1.00000e+00
 1.00000e+00
 9.99998e-01
 9.99990e-01
 9.99949e-01
 9.99763e-01
 9.99028e-01
 9.96548e-01
 9.89651e-01
 9.74581e-01
 1.00000e+00
 1.00000e+00
 1.00000e+00
 1.00000e+00
 1.00000e+00
 1.00000e+00
 1.00000e+00
 1.00000e+00
 1.00000e+00
 1.00000e+00
 1.00000e+00
 1.00000e+00
 1.00000e+00
 1.00000e+00
 1.00000e+00
 1.00000e+00
 1.00000e+00
 9.99998e-01
 9.99990e-01
 9.99949e-01
 9.99763e-01
 9.99028e-01
 9.96548e-01
 9.89651e-01
 9.74581e-01
 1.00000e+00
 1.00000e+00
 1.00000e+00
 1.00000e+00
 1.00000e+00
 1.00000e+00
 1.00000e+00
 1.00000e+00
 1.00000e+00
 1.00000e+00
 1.00000e+00
 1.00000e+00
 1.00000e+00
 1.00000e+00
 1.00000e+00
 1.00000e+00
 1.00000e+00
 9.99998e-01
 9.99990e-01
 9.99949e-01
 9.99763e-01
 9.99028e-01
 9.96548e-01
 9.89651e-01
 9.74581e-01
 1.00000e+00
 1.00000e+00
 1.00000e+00
 1.00000e+00
 1.00000e+00
 1.00000e+00
 1.00000e+00
 1.00000e+00
 1.00000e+00
 1.00000e+00
 1.00000e+00
 1.00000e+00
 1.00000e+00
 1.00000e+00
 1.00000e+00
 1.00000e+00
 1.00000e+00
 9.99998e-01
 9.99990e-01
 9.99949e-01
 9.99763e-01
 9.99028e-01
 9.96548e-01
 9.89651e-01
 9.74581e-01
 1.00000e+00
 1.00000e+00
 1.00000e+00
 1.00000e+00
 1.00000e+00
 1.00000e+00
 1.00000e+00
 1.00000e+00
 1.00000e+00
 1.00000e+00
 1.00000e+00
 1.00000e+00
 1.00000e+00
 1.00000e+00
 1.00000e+00
 1.00000e+00
 1.00000e+00
 9.99998e-01
 9.99990e-01
 9.99949e-01
 9.99763e-01
 9.99028e-01
 9.96548e-01
 9.89651e-01
 9.74581e-01
 1.00000e+00
 1.00000e+00
 1.00000e+00
 1.00000e+00
 1.00000e+00
 1.00000e+00
 1.00000e+00
 1.00000e+00
 1.00000e+00
 1.00000e+00
 1.00000e+00
 1.00000e+00
 1.00000e+00
 1.00000e+00
 1.00000e+00
 1.00000e+00
 1.00000e+00
 9.99998e-01
 9.99990e-01
 9.99949e-01
 9.99763e-01
 9.99028e-01
 9.96548e-01
 9.89651e-01
 9.74581e-01
 1.00000e+00
 1.00000e+00
 1.00000e+00
 1.00000e+00
 1.00000e+00
 1.00000e+00
 1.00000e+00
 1.00000e+00
 1.00000e+00
 1.00000e+00
 1.00000e+00
 1.00000e+00
 1.00000e+00
 1.00000e+00
 1.00000e+00
 1.00000e+00
 1.00000e+00
 9.99998e-01
 9.99990e-01
 9.99949e-01
 9.99763e-01
 9.99028e-01
 9.96548e-01
 9.89651e-01
 9.74581e-01
 1.00000e+00
 1.00000e+00
 1.00000e+00
 1.00000e+00
 1.00000e+00
 1.00000e+00
 1.00000e+00
 1.00000e+00
 1.00000e+00
 1.00000e+00
 1.00000e+00
 1.00000e+00
 1.00000e+00
 1.00000e+00
 1.00000e+00
 1.00000e+00
 1.00000e+00
 9.99998e-01
 9.99990e-01
 9.99949e-01
 9.99763e-01
 9.99028e-01
 9.96548e-01
 9.89651e-01
 9.74581e-01
 1.00000e+00
 1.00000e+00
 1.00000e+00
 1.00000e+00
 1.00000e+00
 1.00000e+00
 1.00000e+00
 1.00000e+00
 1.00000e+00
 1.00000e+00
 1.00000e+00
 1.00000e+00
 1.00000e+00
 1.00000e+00
 1.00000e+00
 1.00000e+00
 1.00000e+00
 9.99998e-01
 9.99990e-01
 9.99949e-01
 9.99763e-01
 9.99028e-01
 9.96548e-01
 9.89651e-01
 9.74581e-01
 1.00000e+00
 1.00000e+00
 1.00000e+00
 1.00000e+00
 1.00000e+00
 1.00000e+00
 1.00000e+00
 1.00000e+00
 1.00000e+00
 1.00000e+00
 1.00000e+00
 1.00000e+00
 1.00000e+00
 1.00000e+00
 1.00000e+00
 1.00000e+00
 1.00000e+00
 9.99998e-01
 9.99990e-01
 9.99949e-01
 9.99763e-01
 9.99028e-01
 9.96548e-01
 9.89651e-01
 9.74581e-01
 1.00000e+00
 1.00000e+00
 1.00000e+00
 1.00000e+00
 1.00000e+00
 1.00000e+00
 1.00000e+00
 1.00000e+00
 1.00000e+00
 1.00000e+00
 1.00000e+00
 1.00000e+00
 1.00000e+00
 1.00000e+00
 1.00000e+00
 1.00000e+00
 1.00000e+00
 9.99998e-01
 9.99990e-01
 9.99949e-01
 9.99763e-01
 9.99028e-01
 9.96548e-01
 9.89651e-01
 9.74581e-01
 1.00000e+00
 1.00000e+00
 1.00000e+00
 1.00000e+00
 1.00000e+00
 1.00000e+00
 1.00000e+00
 1.00000e+00
 1.00000e+00
 1.00000e+00
 1.00000e+00
 1.00000e+00
 1.00000e+00
 1.00000e+00
 1.00000e+00
 1.00000e+00
 1.00000e+00
 9.99998e-01
 9.99990e-01
 9.99949e-01
 9.99763e-01
 9.99028e-01
 9.96548e-01
 9.89651e-01
 9.74581e-01
 1.00000e+00
 1.00000e+00
 1.00000e+00
 1.00000e+00
 1.00000e+00
 1.00000e+00
 1.00000e+00
 1.00000e+00
 1.00000e+00
 1.00000e+00
 1.00000e+00
 1.00000e+00
 1.00000e+00
 1.00000e+00
 1.00000e+00
 1.00000e+00
 1.00000e+00
 9.99998e-01
 9.99990e-01
 9.99949e-01
 9.99763e-01
 9.99028e-01
 9.96548e-01
 9.89651e-01
 9.74581e-01
part
         2
hexa8
 9.49320e-01
 9.15753e-01
 8.77560e-01
 8.37584e-01
 7.97407e-01
 7.58025e-01
 7.20087e-01
 6.83936e-01
 6.49806e-01
 6.17895e-01
 5.88472e-01
 5.62011e-01
 5.38906e-01
 5.18921e-01
 5.01871e-01
 4.91374e-01
 4.90398e-01
 4.90562e-01
 4.90977e-01
 4.91516e-01
 4.91993e-01
 4.92471e-01
 4.92992e-01
 4.93529e-01
 4.94025e-01
 9.49320e-01
 9.15753e-01
 8.77560e-01
 8.37584e-01
 7.97407e-01
 7.58025e-01
 7.20087e-01
 6.83936e-01
 6.49806e-01
 6.17895e-01
 5.88472e-01
 5.62011e-01
 5.38906e-01
 5.18921e-01
 5.01871e-01
 4.91374e-01
 4.90398e-01
 4.90562e-01
 4.90977e-01
 4.91516e-01
 4.91993e-01
 4.92471e-01
 4.92992e-01
 4.93529e-01
 4.94025e-01
 9.49320e-01
 9.15753e-01
 8.77560e-01
 8.37584e-01
 7.97407e-01
 7.58025e-01
 7.20087e-01
 6.83936e-01
 6.49806e-01
 6.17895e-01
 5.88472e-01
 5.62011e-01
 5.38906e-01
 5.18921e-01
 5.01871e-01
 4.91374e-01
 4.90398e-01
 4.90562e-01
 4.90977e-01
 4.91516e-01
 4.91993e-01
 4.92471e-01
 4.92992e-01
 4.93529e-01
 4.94025e-01
 9.49320e-01
 9.15753e-01
 8.77560e-01
 8.37584e-01
 7.97407e-01
 7.58025e-01
 7.20087e-01
 6.83936e-01
 6.49806e-01
 6.17895e-01
 5.88472e-01
 5.62011e-01
 5.38906e-01
 5.18921e-01
 5.01871e-01
 4.91374e-01
 4.90398e-01
 4.90562e-01
 4.90977e-01
 4.91516e-01
 4.91993e-01
 4.92471e-01
 4.92992e-01
 4.93529e-01
 4.94025e-01
 9.49320e-01
 9.15753e-01
 8.77560e-01
 8.37584e-01
 7.97407e-01
 7.58025e-01
 7.20087e-01
 6.83936e-01
 6.49806e-01
 6.17895e-01
 5.88472e-01
 5.62011e-01
 5.38906e-01
 5.18921e-01
 5.01871e-01
 4.91374e-01
 4.90398e-01
 4.90562e-01
 4.90977e-01
 4.91516e-01
 4.91993e-01
 4.92471e-01
 4.92992e-01
 4.93529e-01
 4.94025e-01
 9.49320e-01
 9.15753e-01
 8.77560e-01
 8.37584e-01
 7.97407e-01
 7.58025e-01
 7.20087e-01
 6.83936e-01
 6.49806e-01
 6.17895e-01
 5.88472e-01
 5.62011e-01
 5.38906e-01
 5.18921e-01
 5.01871e-01
 4.91374e-01
 4.90398e-01
 4.90562e-01
 4.90977e-01
 4.91516e-01
 4.91993e-01
 4.92471e-01
 4.92992e-01
 4.93529e-01
 4.94025e-01
 9.49320e-01
 9.15753e-01
 8.77560e-01
 8.37584e-01
 7.97407e-01
 7.58025e-01
 7.20087e-01
 6.83936e-01
 6.49806e-01
 6.17895e-01
 5.88472e-01
 5.62011e-01
 5.38906e-01
 5.18921e-01
 5.01871e-01
 4.91374e-01
 4.90398e-01
 4.90562e-01
 4.90977e-01
 4.91516e-01
 4.91993e-01
 4.92471e-01
 4.92992e-01
 4.93529e-01
 4.94025e-01
 9.49320e-01
 9.15753e-01
 8.77560e-01
 8.37584e-01
 7.97407e-01
 7.58025e-01
 7.20087e-01
 6.83936e-01
 6.49806e-01
 6.17895e-01
 5.88472e-01
 5.62011e-01
 5.38906e-01
 5.18921e-01
 5.01871e-01
 4.91374e-01
 4.90398e-01
 4.90562e-01
 4.90977e-01
 4.91516e-01
 4.91993e-01
 4.92471e-01
 4.92992e-01
 4.93529e-01
 4.94025e-01
 9.49320e-01
 9.15753e-01
 8.77560e-01
 8.37584e-01
 7.97407e-01
 7.58025e-01
 7.20087e-01
 6.83936e-01
 6.49806e-01
 6.17895e-01
 5.88472e-01
 5.62011e-01
 5.38906e-01
 5.18921e-01
 5.01871e-01
 4.91374e-01
 4.90398e-01
 4.90562e-01
 4.90977e-01
 4.91516e-01
 4.91993e-01
 4.92471e-01
 4.92992e-01
 4.93529e-01
 4.94025e-01
 9.49320e-01
 9.15753e-01
 8.77560e-01
 8.37584e-01
 7.97407e-01
 7.58025e-01
 7.20087e-01
 6.83936e-01
 6.49806e-01
 6.17895e-01
 5.88472e-01
 5.62011e-01
 5.38906e-01
 5.18921e-01
 5.01871e-01
 4.91374e-01
 4.90398e-01
 4.90562e-01
 4.90977e-01
 4.91516e-01
 4.91993e-01
 4.92471e-01
 4.92992e-01
 4.93529e-01
 4.94025e-01
 9.49320e-01
 9.15753e-01
 8.77560e-01
 8.37584e-01
 7.97407e-01
 7.58025e-01
 7.20087e-01
 6.83936e-01
 6.49806e-01
 6.17895e-01
 5.88472e-01
 5.62011e-01
 5.38906e-01
 5.18921e-01
 5.01871e-01
 4.91374e-01
 4.90398e-01
 4.90562e-01
 4.90977e-01
 4.91516e-01
 4.91993e-01
 4.92471e-01
 4.92992e-01
 4.93529e-01
 4.94025e-01
 9.49320e-01
 9.15753e-01
 8.77560e-01
 8.37584e-01
 7.97407e-01
 7.58025e-01
 7.20087e-01
 6.83936e-01
 6.49806e-01
 6.17895e-01
 5.88472e-01
 5.62011e-01
 5.38906e-01
 5.18921e-01
 5.01871e-01
 4.91374e-01
 4.90398e-01
 4.90562e-01
 4.90977e-01
 4.91516e-01
 4.91993e-01
 4.92471e-01
 4.92992e-01
 4.93529e-01
 4.94025e-01
 9.49320e-01
 9.15753e-01
 8.77560e-01
 8.37584e-01
 7.97407e-01
 7.58025e-01
 7.20087e-01
 6.83936e-01
 6.49806e-01
 6.17895e-01
 5.88472e-01
 5.62011e-01
 5.38906e-01
 5.18921e-01
 5.01871e-01
 4.91374e-01
 4.90398e-01
 4.90562e-01
 4.90977e-01
 4.91516e-01
 4.91993e-01
 4.92471e-01
 4.92992e-01
 4.93529e-01
 4.94025e-01
 9.49320e-01
 9.15753e-01
 8.77560e-01
 8.37584e-01
 7.97407e-01
 7.58025e-01
 7.20087e-01
 6.83936e-01
 6.49806e-01
 6.17895e-01
 5.88472e-01
 5.62011e-01
 5.38906e-01
 5.18921e-01
 5.01871e-01
 4.91374e-01
 4.90398e-01
 4.90562e-01
 4.90977e-01
 4.91516e-01
 4.91993e-01
 4.92471e-01
 4.92992e-01
 4.93529e-01
 4.94025e-01
 9.49320e-01
 9.15753e-01
 8.77560e-01
 8.37584e-01
 7.97407e-01
 7.58025e-01
 7.20087e-01
 6.83936e-01
 6.49806e-01
 6.17895e-01
 5.88472e-01
 5.62011e-01
 5.38906e-01
 5.18921e-01
 5.01871e-01
 4.91374e-01
 4.90398e-01
 4.90562e-01
 4.90977e-01
 4.91516e-01
 4.91993e-01
 4.92471e-01
 4.92992e-01
 4.93529e-01
 4.94025e-01
 9.49320e-01
 9.15753e-01
 8.77560e-01
 8.37584e-01
 7.97407e-01
 7.58025e-01
 7.20087e-01
 6.83936e-01
 6.49806e-01
 6.17895e-01
 5.88472e-01
 5.62011e-01
 5.38906e-01
 5.18921e-01
 5.01871e-01
 4.91374e-01
 4.90398e-01
 4.90562e-01
 4.90977e-01
 4.91516e-01
 4.91993e-01
 4.92471e-01
 4.92992e-01
 4.93529e-01
 4.94025e-01
 9.49320e-01
 9.15753e-01
 8.77560e-01
 8.37584e-01
 7.97407e-01
 7.58025e-01
 7.20087e-01
 6.83936e-01
 6.49806e-01
 6.17895e-01
 5.88472e-01
 5.62011e-01
 5.38906e-01
 5.18921e-01
 5.01871e-01
 4.91374e-01
 4.90398e-01
 4.90562e-01
 4.90977e-01
 4.91516e-01
 4.91993e-01
 4.92471e-01
 4.92992e-01
 4.93529e-01
 4.94025e-01
 9.49320e-01
 9.15753e-01
 8.77560e-01
 8.37584e-01
 7.97407e-01
 7.58025e-01
 7.20087e-01
 6.83936e-01
 6.49806e-01
 6.17895e-01
 5.88472e-01
 5.62011e-01
 5.38906e-01
 5.18921e-01
 5.01871e-01
 4.91374e-01
 4.90398e-01
 4.90562e-01
 4.90977e-01
 4.91516e-01
 4.91993e-01
 4.92471e-01
 4.92992e-01
 4.93529e-01
 4.94025e-01
 9.49320e-01
 9.15753e-01
 8.77560e-01
 8.37584e-01
 7.97407e-01
 7.58025e-01
 7.20087e-01
 6.83936e-01
 6.49806e-01
 6.17895e-01
 5.88472e-01
 5.62011e-01
 5.38906e-01
 5.18921e-01
 5.01871e-01
 4.91374e-01
 4.90398e-01
 4.90562e-01
 4.90977e-01
 4.91516e-01
 4.91993e-01
 4.92471e-01
 4.92992e-01
 4.93529e-01
 4.94025e-01
 9.49320e-01
 9.15753e-01
 8.77560e-01
 8.37584e-01
 7.97407e-01
 7.58025e-01
 7.20087e-01
 6.83936e-01
 6.49806e-01
 6.17895e-01
 5.88472e-01
 5.62011e-01
 5.38906e-01
 5.18921e-01
 5.01871e-01
 4.91374e-01
 4.90398e-01
 4.90562e-01
 4.90977e-01
 4.91516e-01
 4.91993e-01
 4.92471e-01
 4.92992e-01
 4.93529e-01
 4.94025e-01
 9.49320e-01
 9.15753e-01
 8.77560e-01
 8.37584e-01
 7.97407e-01
 7.58025e-01
 7.20087e-01
 6.83936e-01
 6.49806e-01
 6.17895e-01
 5.88472e-01
 5.62011e-01
 5.38906e-01
 5.18921e-01
 5.01871e-01
 4.91374e-01
 4.90398e-01
 4.90562e-01
 4.90977e-01
 4.91516e-01
 4.91993e-01
 4.92471e-01
 4.92992e-01
 4.93529e-01
 4.94025e-01
 9.49320e-01
 9.15753e-01
 8.77560e-01
 8.37584e-01
 7.97407e-01
 7.58025e-01
 7.20087e-01
 6.83936e-01
 6.49806e-01
 6.17895e-01
 5.88472e-01
 5.62011e-01
 5.38906e-01
 5.18921e-01
 5.01871e-01
 4.91374e-01
 4.90398e-01
 4.90562e-01
 4.90977e-01
 4.91516e-01
 4.91993e-01
 4.92471e-01
 4.92992e-01
 4.93529e-01
 4.94025e-01
 9.49320e-01
 9.15753e-01
 8.77560e-01
 8.37584e-01
 7.97407e-01
 7.58025e-01
 7.20087e-01
 6.83936e-01
 6.49806e-01
 6.17895e-01
 5.88472e-01
 5.62011e-01
 5.38906e-01
 5.18921e-01
 5.01871e-01
 4.91374e-01
 4.90398e-01
 4.90562e-01
 4.90977e-01
 4.91516e-01
 4.91993e-01
 4.92471e-01
 4.92992e-01
 4.93529e-01
 4.94025e-01
 9.49320e-01
 9.15753e-01
 8.77560e-01
 8.37584e-01
 7.97407e-01
 7.58025e-01
 7.20087e-01
 6.83936e-01
 6.49806e-01
 6.17895e-01
 5.88472e-01
 5.62011e-01
 5.38906e-01
 5.18921e-01
 5.01871e-01
 4.91374e-01
 4.90398e-01
 4.90562e-01
 4.90977e-01
 4.91516e-01
 4.91993e-01
 4.92471e-01
 4.92992e-01
 4.93529e-01
 4.94025e-01
 9.49320e-01
 9.15753e-01
 8.77560e-01
 8.37584e-01
 7.97407e-01
 7.58025e-01
 7.20087e-01
 6.83936e-01
 6.49806e-01
 6.17895e-01
 5.88472e-01
 5.62011e-01
 5.38906e-01
 5.18921e-01
 5.01871e-01
 4.91374e-01
 4.90398e-01
 4.90562e-01
 4.90977e-01
 4.91516e-01
 4.91993e-01
 4.92471e-01
 4.92992e-01
 4.93529e-01
 4.94025e-01
part
         3
hexa8
 4.94509e-01
 4.94979e-01
 4.95414e-01
 4.95804e-01
 4.96175e-01
 4.96536e-01
 4.96879e-01
 4.97193e-01
 4.97478e-01
 4.97741e-01
 4.97962e-01
 4.98087e-01
 4.97972e-01
 4.97292e-01
 4.95289e-01
 4.90098e-01
 4.78767e-01
 4.58473e-01
 4.27311e-01
 3.83073e-01
 3.46404e-01
 3.25199e-01
 3.14241e-01
 3.09811e-01
 3.08254e-01
 4.94509e-01
 4.94979e-01
 4.95414e-01
 4.95804e-01
 4.96175e-01
 4.96536e-01
 4.96879e-01
 4.97193e-01
 4.97478e-01
 4.97741e-01
 4.97962e-01
 4.98087e-01
 4.97972e-01
 4.97292e-01
 4.95289e-01
 4.90098e-01
 4.78767e-01
 4.58473e-01
 4.27311e-01
 3.83073e-01
 3.46404e-01
 3.25199e-01
 3.14241e-01
 3.09811e-01
 3.08254e-01
 4.94509e-01
 4.94979e-01
 4.95414e-01
 4.95804e-01
 4.96175e-01
 4.96536e-01
 4.96879e-01
 4.97193e-01
 4.97478e-01
 4.97741e-01
 4.97962e-01
 4.98087e-01
 4.97972e-01
 4.97292e-01
 4.95289e-01
 4.90098e-01
 4.78767e-01
 4.58473e-01
 4.27311e-01
 3.83073e-01
 3.46404e-01
 3.25199e-01
 3.14241e-01
 3.09811e-01
 3.08254e-01
 4.94509e-01
 4.94979e-01
 4.95414e-01
 4.95804e-01
 4.96175e-01
 4.96536e-01
 4.96879e-01
 4.97193e-01
 4.97478e-01
 4.97741e-01
 4.97962e-01
 4.98087e-01
 4.97972e-01
 4.97292e-01
 4.95289e-01
 4.90098e-01
 4.78767e-01
 4.58473e-01
 4.27311e-01
 3.83073e-01
 3.46404e-01
 3.25199e-01
 3.14241e-01
 3.09811e-01
 3.08254e-01
 4.94509e-01
 4.94979e-01
 4.95414e-01
 4.95804e-01
 4.96175e-01
 4.96536e-01
 4.96879e-01
 4.97193e-01
 4.97478e-01
 4.97741e-01
 4.97962e-01
 4.98087e-01
 4.97972e-01
 4.97292e-01
 4.95289e-01
 4.90098e-01
 4.78767e-01
 4.58473e-01
 4.27311e-01
 3.83073e-01
 3.46404e-01
 3.25199e-01
 3.14241e-01
 3.09811e-01
 3.08254e-01
 4.94509e-01
 4.94979e-01
 4.95414e-01
 4.95804e-01
 4.96175e-01
 4.96536e-01
 4.96879e-01
 4.97193e-01
 4.97478e-01
 4.97741e-01
 4.97962e-01
 4.98087e-01
 4.97972e-01
 4.97292e-01
 4.95289e-01
 4.90098e-01
 4.78767e-01
 4.58473e-01
 4.27311e-01
 3.83073e-01
 3.46404e-01
 3.25199e-01
 3.14241e-01
 3.09811e-01
 3.08254e-01
 4.94509e-01
 4.94979e-01
 4.95414e-01
 4.95804e-01
 4.96175e-01
 4.96536e-01
 4.96879e-01
 4.97193e-01
 4.97478e-01
 4.97741e-01
 4.97962e-01
 4.98087e-01
 4.97972e-01
 4.97292e-01
 4.95289e-01
 4.90098e-01
 4.78767e-01
 4.58473e-01
 4.27311e-01
 3.83073e-01
 3.46404e-01
 3.25199e-01
 3.14241e-01
 3.09811e-01
 3.08254e-01
 4.94509e-01
 4.94979e-01
 4.95414e-01
 4.95804e-01
 4.96175e-01
 4.96536e-01
 4.96879e-01
 4.97193e-01
 4.97478e-01
 4.97741e-01
 4.97962e-01
 4.98087e-01
 4.97972e-01
 4.97292e-01
 4.95289e-01
 4.90098e-01
 4.78767e-01
 4.58473e-01
 4.27311e-01
 3.83073e-01
 3.46404e-01
 3.25199e-01
 3.14241e-01
 3.09811e-01
 3.08254e-01
 4.94509e-01
 4.94979e-01
 4.95414e-01
 4.95804e-01
 4.96175e-01
 4.96536e-01
 4.96879e-01
 4.97193e-01
 4.97478e-01
 4.97741e-01
 4.97962e-01
 4.98087e-01
 4.97972e-01
 4.97292e-01
 4.95289e-01
 4.90098e-01
 4.78767e-01
 4.58473e-01
 4.27311e-01
 3.83073e-01
 3.46404e-01
 3.25199e-01
 3.14241e-01
 3.09811e-01
 3.08254e-01
 4.94509e-01
 4.94979e-01
 4.95414e-01
 4.95804e-01
 4.96175e-01
 4.96536e-01
 4.96879e-01
 4.97193e-01
 4.97478e-01
 4.97741e-01
 4.97962e-01
 4.98087e-01
 4.97972e-01
 4.97292e-01
 4.95289e-01
 4.90098e-01
 4.78767e-01
 4.58473e-01
 4.27311e-01
 3.83073e-01
 3.46404e-01
 3.25199e-01
 3.14241e-01
 3.09811e-01
 3.08254e-01
 4.94509e-01
 4.94979e-01
 4.95414e-01
 4.95804e-01
 4.96175e-01
 4.96536e-01
 4.96879e-01
 4.97193e-01
 4.97478e-01
 4.97741e-01
 4.97962e-01
 4.98087e-01
 4.97972e-01
 4.97292e-01
 4.95289e-01
 4.90098e-01
 4.78767e-01
 4.58473e-01
 4.27311e-01
 3.83073e-01
 3.46404e-01
 3.25199e-01
 3.14241e-01
 3.09811e-01
 3.08254e-01
 4.94509e-01
 4.94979e-01
 4.95414e-01
 4.95804e-01
 4.96175e-01
 4.96536e-01
 4.96879e-01
 4.97193e-01
 4.97478e-01
 4.97741e-01
 4.97962e-01
 4.98087e-01
 4.97972e-01
 4.97292e-01
 4.95289e-01
 4.90098e-01
 4.78767e-01
 4.58473e-01
 4.27311e-01
 3.83073e-01
 3.46404e-01
 3.25199e-01
 3.14241e-01
 3.09811e-01
 3.08254e-01
 4.94509e-01
 4.94979e-01
 4.95414e-01
 4.95804e-01
 4.96175e-01
 4.96536e-01
 4.96879e-01
 4.97193e-01
 4.97478e-01
 4.97741e-01
 4.97962e-01
 4.98087e-01
 4.97972e-01
 4.97292e-01
 4.95289e-01
 4.90098e-01
 4.78767e-01
 4.58473e-01
 4.27311e-01
 3.83073e-01
 3.46404e-01
 3.25199e-01
 3.14241e-01
 3.09811e-01
 3.08254e-01
 4.94509e-01
 4.94979e-01
 4.95414e-01
 4.95804e-01
 4.96175e-01
 4.96536e-01
 4.96879e-01
 4.97193e-01
 4.97478e-01
 4.97741e-01
 4.97962e-01
 4.98087e-01
 4.97972e-01
 4.97292e-01
 4.95289e-01
 4.90098e-01
 4.78767e-01
 4.58473e-01
 4.27311e-01
 3.83073e-01
 3.46404e-01
 3.25199e-01
 3.14241e-01
 3.09811e-01
 3.08254e-01
 4.94509e-01
 4.94979e-01
 4.95414e-01
 4.95804e-01
 4.96175e-01
 4.96536e-01
 4.96879e-01
 4.97193e-01
 4.97478e-01
 4.97741e-01
 4.97962e-01
 4.98087e-01
 4.97972e-01
 4.97292e-01
 4.95289e-01
 4.90098e-01
 4.78767e-01
 4.58473e-01
 4.27311e-01
 3.83073e-01
 3.46404e-01
 3.25199e-01
 3.14241e-01
 3.09811e-01
 3.08254e-01
 4.94509e-01
 4.94979e-01
 4.95414e-01
 4.95804e-01
 4.96175e-01
 4.96536e-01
 4.96879e-01
 4.97193e-01
 4.97478e-01
 4.97741e-01
 4.97962e-01
 4.98087e-01
 4.97972e-01
 4.97292e-01
 4.95289e-01
 4.90098e-01
 4.78767e-01
 4.58473e-01
 4.27311e-01
 3.83073e-01
 3.46404e-01
 3.25199e-01
 3.14241e-01
 3.09811e-01
 3.08254e-01
 4.94509e-01
 4.94979e-01
 4.95414e-01
 4.95804e-01
 4.96175e-01
 4.96536e-01
 4.96879e-01
 4.97193e-01
 4.97478e-01
 4.97741e-01
 4.97962e-01
 4.98087e-01
 4.97972e-01
 4.97292e-01
 4.95289e-01
 4.90098e-01
 4.78767e-01
 4.58473e-01
 4.27311e-01
 3.83073e-01
 3.46404e-01
 3.25199e-01
 3.14241e-01
 3.09811e-01
 3.08254e-01
 4.94509e-01
 4.94979e-01
 4.95414e-01
 4.95804e-01
 4.96175e-01
 4.96536e-01
 4.96879e-01
 4.97193e-01
 4.97478e-01
 4.97741e-01
 4.97962e-01
 4.98087e-01
 4.97972e-01
 4.97292e-01
 4.95289e-01
 4.90098e-01
 4.78767e-01
 4.58473e-01
 4.27311e-01
 3.83073e-01
 3.46404e-01
 3.25199e-01
 3.14241e-01
 3.09811e-01
 3.08254e-01
 4.94509e-01
 4.94979e-01
 4.95414e-01
 4.95804e-01
 4.96175e-01
 4.96536e-01
 4.96879e-01
 4.97193e-01
 4.97478e-01
 4.97741e-01
 4.97962e-01
 4.98087e-01
 4.97972e-01
 4.97292e-01
 4.95289e-01
 4.90098e-01
 4.78767e-01
 4.58473e-01
 4.27311e-01
 3.83073e-01
 3.46404e-01
 3.25199e-01
 3.14241e-01
 3.09811e-01
 3.08254e-01
 4.94509e-01
 4.94979e-01
 4.95414e-01
 4.95804e-01
 4.96175e-01
 4.96536e-01
 4.96879e-01
 4.97193e-01
 4.97478e-01
 4.97741e-01
 4.97962e-01
 4.98087e-01
 4.97972e-01
 4.97292e-01
 4.95289e-01
 4.90098e-01
 4.78767e-01
 4.58473e-01
 4.27311e-01
 3.83073e-01
 3.46404e-01
 3.25199e-01
 3.14241e-01
 3.09811e-01
 3.08254e-01
 4.94509e-01
 4.94979e-01
 4.95414e-01
 4.95804e-01
 4.96175e-01
 4.96536e-01
 4.96879e-01
 4.97193e-01
 4.97478e-01
 4.97741e-01
 4.97962e-01
 4.98087e-01
 4.97972e-01
 4.97292e-01
 4.95289e-01
 4.90098e-01
 4.78767e-01
 4.58473e-01
 4.27311e-01
 3.83073e-01
 3.46404e-01
 3.25199e-01
 3.14241e-01
 3.09811e-01
 3.08254e-01
 4.94509e-01
 4.94979e-01
 4.95414e-01
 4.95804e-01
 4.96175e-01
 4.96536e-01
 4.96879e-01
 4.97193e-01
 4.97478e-01
 4.97741e-01
 4.97962e-01
 4.98087e-01
 4.97972e-01
 4.97292e-01
 4.95289e-01
 4.90098e-01
 4.78767e-01
 4.58473e-01
 4.27311e-01
 3.83073e-01
 3.46404e-01
 3.25199e-01
 3.14241e-01
 3.09811e-01
 3.08254e-01
 4.94509e-01
 4.94979e-01
 4.95414e-01
 4.95804e-01
 4.96175e-01
 4.96536e-01
 4.96879e-01
 4.97193e-01
 4.97478e-01
 4.97741e-01
 4.97962e-01
 4.98087e-01
 4.97972e-01
 4.97292e-01
 4.95289e-01
 4.90098e-01
 4.78767e-01
 4.58473e-01
 4.27311e-01
 3.83073e-01
 3.46404e-01
 3.25199e-01
 3.14241e-01
 3.09811e-01
 3.08254e-01
 4.94509e-01
 4.94979e-01
 4.95414e-01
 4.95804e-01
 4.96175e-01
 4.96536e-01
 4.96879e-01
 4.97193e-01
 4.97478e-01
 4.97741e-01
 4.97962e-01
 4.98087e-01
 4.97972e-01
 4.97292e-01
 4.95289e-01
 4.90098e-01
 4.78767e-01
 4.58473e-01
 4.27311e-01
 3.83073e-01
 3.46404e-01
 3.25199e-01
 3.14241e-01
 3.09811e-01
 3.08254e-01
 4.94509e-01
 4.94979e-01
 4.95414e-01
 4.95804e-01
 4.96175e-01
 4.96536e-01
 4.96879e-01
 4.97193e-01
 4.97478e-01
 4.97741e-01
 4.97962e-01
 4.98087e-01
 4.97972e-01
 4.97292e-01
 4.95289e-01
 4.90098e-01
 4.78767e-01
 4.58473e-01
 4.27311e-01
 3.83073e-01
 3.46404e-01
 3.25199e-01
 3.14241e-01
 3.09811e-01
 3.08254e-01
part
         4
hexa8
 3.07342e-01
 3.06363e-01
 3.04505e-01
 2.99464e-01
 2.89196e-01
 2.72474e-01
 2.49830e-01
 2.24441e-01
 2.01542e-01
 1.76459e-01
 1.55030e-01
 1.40300e-01
 1.31622e-01
 1.27443e-01
 1.25802e-01
 1.25247e-01
 1.25073e-01
 1.25021e-01
 1.25006e-01
 1.25002e-01
 1.25000e-01
 1.25000e-01
 1.25000e-01
 1.25000e-01
 1.25000e-01
 3.07342e-01
 3.06363e-01
 3.04505e-01
 2.99464e-01
 2.89196e-01
 2.72474e-01
 2.49830e-01
 2.24441e-01
 2.01542e-01
 1.76459e-01
 1.55030e-01
 1.40300e-01
 1.31622e-01
 1.27443e-01
 1.25802e-01
 1.25247e-01
 1.25073e-01
 1.25021e-01
 1.25006e-01
 1.25002e-01
 1.25000e-01
 1.25000e-01
 1.25000e-01
 1.25000e-01
 1.25000e-01
 3.07342e-01
 3.06363e-01
 3.04505e-01
 2.99464e-01
 2.89196e-01
 2.72474e-01
 2.49830e-01
 2.24441e-01
 2.01542e-01
 1.76459e-01
 1.55030e-01
 1.40300e-01
 1.31622e-01
 1.27443e-01
 1.25802e-01
 1.25247e-01
 1.25073e-01
 1.25021e-01
 1.25006e-01
 1.25002e-01
 1.25000e-01
 1.25000e-01
 1.25000e-01
 1.25000e-01
 1.25000e-01
 3.07342e-01
 3.06363e-01
 3.04505e-01
 2.99464e-01
 2.89196e-01
 2.72474e-01
 2.49830e-01
 2.24441e-01
 2.01542e-01
 1.76459e-01
 1.55030e-01
 1.40300e-01
 1.31622e-01
 1.27443e-01
 1.25802e-01
 1.25247e-01
 1.25073e-01
 1.25021e-01
 1.25006e-01
 1.25002e-01
 1.25000e-01
 1.25000e-01
 1.25000e-01
 1.25000e-01
 1.25000e-01
 3.07342e-01
 3.06363e-01
 3.04505e-01
 2.99464e-01
 2.89196e-01
 2.72474e-01
 2.49830e-01
 2.24441e-01
 2.01542e-01
 1.76459e-01
 1.55030e-01
 1.40300e-01
 1.31622e-01
 1.27443e-01
 1.25802e-01
 1.25247e-01
 1.25073e-01
 1.25021e-01
 1.25006e-01
 1.25002e-01
 1.25000e-01
 1.25000e-01
 1.25000e-01
 1.25000e-01
 1.25000e-01
 3.07342e-01
 3.06363e-01
 3.04505e-01
 2.99464e-01
 2.89196e-01
 2.72474e-01
 2.49830e-01
 2.24441e-01
 2.01542e-01
 1.76459e-01
 1.55030e-01
 1.40300e-01
 1.31622e-01
 1.27443e-01
 1.25802e-01
 1.25247e-01
 1.25073e-01
 1.25021e-01
 1.25006e-01
 1.25002e-01
 1.25000e-01
 1.25000e-01
 1.25000e-01
 1.25000e-01
 1.25000e-01
 3.07342e-01
 3.06363e-01
 3.04505e-01
 2.99464e-01
 2.89196e-01
 2.72474e-01
 2.49830e-01
 2.24441e-01
 2.01542e-01
 1.76459e-01
 1.55030e-01
 1.40300e-01
 1.31622e-01
 1.27443e-01
 1.25802e-01
 1.25247e-01
 1.25073e-01
 1.25021e-01
 1.25006e-01
 1.25002e-01
 1.25000e-01
 1.25000e-01
 1.25000e-01
 1.25000e-01
 1.25000e-01
 3.07342e-01
 3.06363e-01
 3.04505e-01
 2.99464e-01
 2.89196e-01
 2.72474e-01
 2.49830e-01
 2.24441e-01
 2.01542e-01
 1.76459e-01
 1.55030e-01
 1.40300e-01
 1.31622e-01
 1.27443e-01
 1.25802e-01
 1.25247e-01
 1.25073e-01
 1.25021e-01
 1.25006e-01
 1.25002e-01
 1.25000e-01
 1.25000e-01
 1.25000e-01
 1.25000e-01
 1.25000e-01
 3.07342e-01
 3.06363e-01
 3.04505e-01
 2.99464e-01
 2.89196e-01
 2.72474e-01
 2.49830e-01
 2.24441e-01
 2.01542e-01
 1.76459e-01
 1.55030e-01
 1.40300e-01
 1.31622e-01
 1.27443e-01
 1.25802e-01
 1.25247e-01
 1.25073e-01
 1.25021e-01
 1.25006e-01
 1.25002e-01
 1.25000e-01
 1.25000e-01
 1.25000e-01
 1.25000e-01
 1.25000e-01
 3.07342e-01
 3.06363e-01
 3.04505e-01
 2.99464e-01
 2.89196e-01
 2.72474e-01
 2.49830e-01
 2.24441e-01
 2.01542e-01
 1.76459e-01
 1.55030e-01
 1.40300e-01
 1.31622e-01
 1.27443e-01
 1.25802e-01
 1.25247e-01
 1.25073e-01
 1.25021e-01
 1.25006e-01
 1.25002e-01
 1.25000e-01
 1.25000e-01
 1.25000e-01
 1.25000e-01
 1.25000e-01
 3.07342e-01
 3.06363e-01
 3.04505e-01
 2.99464e-01
 2.89196e-01
 2.72474e-01
 2.49830e-01
 2.24441e-01
 2.01542e-01
 1.76459e-01
 1.55030e-01
 1.40300e-01
 1.31622e-01
 1.27443e-01
 1.25802e-01
 1.25247e-01
 1.25073e-01
 1.25021e-01
 1.25006e-01
 1.25002e-01
 1.25000e-01
 1.25000e-01
 1.25000e-01
 1.25000e-01
 1.25000e-01
 3.07342e-01
 3.06363e-01
 3.04505e-01
 2.99464e-01
 2.89196e-01
 2.72474e-01
 2.49830e-01
 2.24441e-01
 2.01542e-01
 1.76459e-01
 1.55030e-01
 1.40300e-01
 1.31622e-01
 1.27443e-01
 1.25802e-01
 1.25247e-01
 1.25073e-01
 1.25021e-01
 1.25006e-01
 1.25002e-01
 1.25000e-01
 1.25000e-01
 1.25000e-01
 1.25000e-01
 1.25000e-01
 3.07342e-01
 3.06363e-01
 3.04505e-01
 2.99464e-01
 2.89196e-01
 2.72474e-01
 2.49830e-01
 2.24441e-01
 2.01542e-01
 1.76459e-01
 1.55030e-01
 1.40300e-01
 1.31622e-01
 1.27443e-01
 1.25802e-01
 1.25247e-01
 1.25073e-01
 1.25021e-01
 1.25006e-01
 1.25002e-01
 1.25000e-01
 1.25000e-01
 1.25000e-01
 1.25000e-01
 1.25000e-01
 3.07342e-01
 3.06363e-01
 3.04505e-01
 2.99464e-01
 2.89196e-01
 2.72474e-01
 2.49830e-01
 2.24441e-01
 2.01542e-01
 1.76459e-01
 1.55030e-01
 1.40300e-01
 1.31622e-01
 1.27443e-01
 1.25802e-01
 1.25247e-01
 1.25073e-01
 1.25021e-01
 1.25006e-01
 1.25002e-01
 1.25000e-01
 1.25000e-01
 1.25000e-01
 1.25000e-01
 1.25000e-01
 3.07342e-01
 3.06363e-01
 3.04505e-01
 2.99464e-01
 2.89196e-01
 2.72474e-01
 2.49830e-01
 2.24441e-01
 2.01542e-01
 1.76459e-01
 1.55030e-01
 1.40300e-01
 1.31622e-01
 1.27443e-01
 1.25802e-01
 1.25247e-01
 1.25073e-01
 1.25021e-01
 1.25006e-01
 1.25002e-01
 1.25000e-01
 1.25000e-01
 1.25000e-01
 1.25000e-01
 1.25000e-01
 3.07342e-01
 3.06363e-01
 3.04505e-01
 2.99464e-01
 2.89196e-01
 2.72474e-01
 2.49830e-01
 2.24441e-01
 2.01542e-01
 1.76459e-01
 1.55030e-01
 1.40300e-01
 1.31622e-01
 1.27443e-01
 1.25802e-01
 1.25247e-01
 1.25073e-01
 1.25021e-01
 1.25006e-01
 1.25002e-01
 1.25000e-01
 1.25000e-01
 1.25000e-01
 1.25000e-01
 1.25000e-01
 3.07342e-01
 3.06363e-01
 3.04505e-01
 2.99464e-01
 2.89196e-01
 2.72474e-01
 2.49830e-01
 2.24441e-01
 2.01542e-01
 1.76459e-01
 1.55030e-01
 1.40300e-01
 1.31622e-01
 1.27443e-01
 1.25802e-01
 1.25247e-01
 1.25073e-01
 1.25021e-01
 1.25006e-01
 1.25002e-01
 1.25000e-01
 1.25000e-01
 1.25000e-01
 1.25000e-01
 1.25000e-01
 3.07342e-01
 3.06363e-01
 3.04505e-01
 2.99464e-01
 2.89196e-01
 2.72474e-01
 2.49830e-01
 2.24441e-01
 2.01542e-01
 1.76459e-01
 1.55030e-01
 1.40300e-01
 1.31622e-01
 1.27443e-01
 1.25802e-01
 1.25247e-01
 1.25073e-01
 1.25021e-01
 1.25006e-01
 1.25002e-01
 1.25000e-01
 1.25000e-01
 1.25000e-01
 1.25000e-01
 1.25000e-01
 3.07342e-01
 3.06363e-01
 3.04505e-01
 2.99464e-01
 2.89196e-01
 2.72474e-01
 2.49830e-01
 2.24441e-01
 2.01542e-01
 1.76459e-01
 1.55030e-01
 1.40300e-01
 1.31622e-01
 1.27443e-01
 1.25802e-01
 1.25247e-01
 1.25073e-01
 1.25021e-01
 1.25006e-01
 1.25002e-01
 1.25000e-01
 1.25000e-01
 1.25000e-01
 1.25000e-01
 1.25000e-01
 3.07342e-01
 3.06363e-01
 3.04505e-01
 2.99464e-01
 2.89196e-01
 2.72474e-01
 2.49830e-01
 2.24441e-01
 2.01542e-01
 1.76459e-01
 1.55030e-01
 1.40300e-01
 1.31622e-01
 1.27443e-01
 1.25802e-01
 1.25247e-01
 1.25073e-01
 1.25021e-01
 1.25006e-01
 1.25002e-01
 1.25000e-01
 1.25000e-01
 1.25000e-01
 1.25000e-01
 1.25000e-01
 3.07342e-01
 3.06363e-01
 3.04505e-01
 2.99464e-01
 2.89196e-01
 2.72474e-01
 2.49830e-01
 2.24441e-01
 2.01542e-01
 1.76459e-01
 1.55030e-01
 1.40300e-01
 1.31622e-01
 1.27443e-01
 1.25802e-01
 1.25247e-01
 1.25073e-01
 1.25021e-01
 1.25006e-01
 1.25002e-01
 1.25000e-01
 1.25000e-01
 1.25000e-01
 1.25000e-01
 1.25000e-01
 3.07342e-01
 3.06363e-01
 3.04505e-01
 2.99464e-01
 2.89196e-01
 2.72474e-01
 2.49830e-01
 2.24441e-01
 2.01542e-01
 1.76459e-01
 1.55030e-01
 1.40300e-01
 1.31622e-01
 1.27443e-01
 1.25802e-01
 1.25247e-01
 1.25073e-01
 1.25021e-01
 1.25006e-01
 1.25002e-01
 1.25000e-01
 1.25000e-01
 1.25000e-01
 1.25000e-01
 1.25000e-01
 3.07342e-01
 3.06363e-01
 3.04505e-01
 2.99464e-01
 2.89196e-01
 2.72474e-01
 2.49830e-01
 2.24441e-01
 2.01542e-01
 1.76459e-01
 1.55030e-01
 1.40300e-01
 1.31622e-01
 1.27443e-01
 1.25802e-01
 1.25247e-01
 1.25073e-01
 1.25021e-01
 1.25006e-01
 1.25002e-01
 1.25000e-01
 1.25000e-01
 1.25000e-01
 1.25000e-01
 1.25000e-01
 3.07342e-01
 3.06363e-01
 3.04505e-01
 2.99464e-01
 2.89196e-01
 2.72474e-01
 2.49830e-01
 2.24441e-01
 2.01542e-01
 1.76459e-01
 1.55030e-01
 1.40300e-01
 1.31622e-01
 1.27443e-01
 1.25802e-01
 1.25247e-01
 1.25073e-01
 1.25021e-01
 1.25006e-01
 1.25002e-01
 1.25000e-01
 1.25000e-01
 1.25000e-01
 1.25000e-01
 1.25000e-01
 3.07342e-01
 3.06363e-01
 3.04505e-01
 2.99464e-01
 2.89196e-01
 2.72474e-01
 2.49830e-01
 2.24441e-01
 2.01542e-01
 1.76459e-01
 1.55030e-01
 1.40300e-01
 1.31622e-01
 1.27443e-01
 1.25802e-01
 1.25247e-01
 1.25073e-01
 1.25021e-01
 1.25006e-01
 1.25002e-01
 1.25000e-01
 1.25000e-01
 1.25000e-01
 1.25000e-01
 1.25000e-01
