Density
part
         1
hexa8
 1.00000e+00
 1.00000e+00
 1.00000e+00
 1.00000e+00
 1.00000e+00
 1.00000e+00
 1.00000e+00
 1.00000e+00
 1.00000e+00
 1.00000e+00
 1.00000e+00
 1.00000e+00
 1.00000e+00
 1.00000e+00
 1.00000e+00
 1.00000e+00
 1.00000e+00
 9.99998e-01
 9.99990e-01
 9.99949e-01
 9.99763e-01
 9.99032e-01
 9.96568e-01
 9.89733e-01
 9.74830e-01
 9.49884e-01
 9.16744e-01
 8.78957e-01
 8.39221e-01
 7.99118e-01
 7.59759e-01
 7.21761e-01
 6.85314e-01
 6.50556e-01
 6.17431e-01
 5.86840e-01
 5.56443e-01
 5.33486e-01
 5.09667e-01
 4.94420e-01
 4.89999e-01
 4.89978e-01
 4.90155e-01
 4.90395e-01
 4.91161e-01
 4.92031e-01
 4.92240e-01
 4.92343e-01
 4.92613e-01
 4.93379e-01
 4.94025e-01
 4.94238e-01
 4.94422e-01
 4.94751e-01
 4.95421e-01
 4.95850e-01
 4.95994e-01
 4.96143e-01
 4.96492e-01
 4.97023e-01
 4.97116e-01
 4.97128e-01
 4.97173e-01
 4.97175e-01
 4.96755e-01
 4.94843e-01
 4.88930e-01
 4.74255e-01
 4.43387e-01
 3.87062e-01
 3.34849e-01
 3.14714e-01
 3.07413e-01
 3.06268e-01
 3.07116e-01
 3.07710e-01
 3.07883e-01
 3.07477e-01
 3.04682e-01
 2.96373e-01
 2.80228e-01
 2.56027e-01
 2.27305e-01
 1.97290e-01
 1.71004e-01
 1.51054e-01
 1.37744e-01
 1.30247e-01
 1.26845e-01
 1.25584e-01
 1.25175e-01
 1.25051e-01
 1.25014e-01
 1.25004e-01
 1.25001e-01
 1.25000e-01
 1.25000e-01
 1.25000e-01
 1.25000e-01
 1.25000e-01
 1.00000e+00
 1.00000e+00
 1.00000e+00
 1.00000e+00
 1.00000e+00
 1.00000e+00
 1.00000e+00
 1.00000e+00
 1.00000e+00
 1.00000e+00
 1.00000e+00
 1.00000e+00
 1.00000e+00
 1.00000e+00
 1.00000e+00
 1.00000e+00
 1.00000e+00
 9.99998e-01
 9.99990e-01
 9.99949e-01
 9.99763e-01
 9.99032e-01
 9.96568e-01
 9.89733e-01
 9.74830e-01
 9.49884e-01
 9.16744e-01
 8.78957e-01
 8.39221e-01
 7.99118e-01
 7.59759e-01
 7.21761e-01
 6.85314e-01
 6.50556e-01
 6.17431e-01
 5.86840e-01
 5.56443e-01
 5.33486e-01
 5.09667e-01
 4.94420e-01
 4.89999e-01
 4.89978e-01
 4.90155e-01
 4.90395e-01
 4.91161e-01
 4.92031e-01
 4.92240e-01
 4.92343e-01
 4.92613e-01
 4.93379e-01
 4.94025e-01
 4.94238e-01
 4.94422e-01
 4.94751e-01
 4.95421e-01
 4.95850e-01
 4.95994e-01
 4.96143e-01
 4.96492e-01
 4.97023e-01
 4.97116e-01
 4.97128e-01
 4.97173e-01
 4.97175e-01
 4.96755e-01
 4.94843e-01
 4.88930e-01
 4.74255e-01
 4.43387e-01
 3.87062e-01
 3.34849e-01
 3.14714e-01
 3.07413e-01
 3.06268e-01
 3.07116e-01
 3.07710e-01
 3.07883e-01
 3.07477e-01
 3.04682e-01
 2.96373e-01
 2.80228e-01
 2.56027e-01
 2.27305e-01
 1.97290e-01
 1.71004e-01
 1.51054e-01
 1.37744e-01
 1.30247e-01
 1.26845e-01
 1.25584e-01
 1.25175e-01
 1.25051e-01
 1.25014e-01
 1.25004e-01
 1.25001e-01
 1.25000e-01
 1.25000e-01
 1.25000e-01
 1.25000e-01
 1.25000e-01
 1.00000e+00
 1.00000e+00
 1.00000e+00
 1.00000e+00
 1.00000e+00
 1.00000e+00
 1.00000e+00
 1.00000e+00
 1.00000e+00
 1.00000e+00
 1.00000e+00
 1.00000e+00
 1.00000e+00
 1.00000e+00
 1.00000e+00
 1.00000e+00
 1.00000e+00
 9.99998e-01
 9.99990e-01
 9.99949e-01
 9.99763e-01
 9.99032e-01
 9.96568e-01
 9.89733e-01
 9.74830e-01
 9.49884e-01
 9.16744e-01
 8.78957e-01
 8.39221e-01
 7.99118e-01
 7.59759e-01
 7.21761e-01
 6.85314e-01
 6.50556e-01
 6.17431e-01
 5.86840e-01
 5.56443e-01
 5.33486e-01
 5.09667e-01
 4.94420e-01
 4.89999e-01
 4.89978e-01
 4.90155e-01
 4.90395e-01
 4.91161e-01
 4.92031e-01
 4.92240e-01
 4.92343e-01
 4.92613e-01
 4.93379e-01
 4.94025e-01
 4.94238e-01
 4.94422e-01
 4.94751e-01
 4.95421e-01
 4.95850e-01
 4.95994e-01
 4.96143e-01
 4.96492e-01
 4.97023e-01
 4.97116e-01
 4.97128e-01
 4.97173e-01
 4.97175e-01
 4.96755e-01
 4.94843e-01
 4.88930e-01
 4.74255e-01
 4.43387e-01
 3.87062e-01
 3.34849e-01
 3.14714e-01
 3.07413e-01
 3.06268e-01
 3.07116e-01
 3.07710e-01
 3.07883e-01
 3.07477e-01
 3.04682e-01
 2.96373e-01
 2.80228e-01
 2.56027e-01
 2.27305e-01
 1.97290e-01
 1.71004e-01
 1.51054e-01
 1.37744e-01
 1.30247e-01
 1.26845e-01
 1.25584e-01
 1.25175e-01
 1.25051e-01
 1.25014e-01
 1.25004e-01
 1.25001e-01
 1.25000e-01
 1.25000e-01
 1.25000e-01
 1.25000e-01
 1.25000e-01
 1.00000e+00
 1.00000e+00
 1.00000e+00
 1.00000e+00
 1.00000e+00
 1.00000e+00
 1.00000e+00
 1.00000e+00
 1.00000e+00
 1.00000e+00
 1.00000e+00
 1.00000e+00
 1.00000e+00
 1.00000e+00
 1.00000e+00
 1.00000e+00
 1.00000e+00
 9.99998e-01
 9.99990e-01
 9.99949e-01
 9.99763e-01
 9.99032e-01
 9.96568e-01
 9.89733e-01
 9.74830e-01
 9.49884e-01
 9.16744e-01
 8.78957e-01
 8.39221e-01
 7.99118e-01
 7.59759e-01
 7.21761e-01
 6.85314e-01
 6.50556e-01
 6.17431e-01
 5.86840e-01
 5.56443e-01
 5.33486e-01
 5.09667e-01
 4.94420e-01
 4.89999e-01
 4.89978e-01
 4.90155e-01
 4.90395e-01
 4.91161e-01
 4.92031e-01
 4.92240e-01
 4.92343e-01
 4.92613e-01
 4.93379e-01
 4.94025e-01
 4.94238e-01
 4.94422e-01
 4.94751e-01
 4.95421e-01
 4.95850e-01
 4.95994e-01
 4.96143e-01
 4.96492e-01
 4.97023e-01
 4.97116e-01
 4.97128e-01
 4.97173e-01
 4.97175e-01
 4.96755e-01
 4.94843e-01
 4.88930e-01
 4.74255e-01
 4.43387e-01
 3.87062e-01
 3.34849e-01
 3.14714e-01
 3.07413e-01
 3.06268e-01
 3.07116e-01
 3.07710e-01
 3.07883e-01
 3.07477e-01
 3.04682e-01
 2.96373e-01
 2.80228e-01
 2.56027e-01
 2.27305e-01
 1.97290e-01
 1.71004e-01
 1.51054e-01
 1.37744e-01
 1.30247e-01
 1.26845e-01
 1.25584e-01
 1.25175e-01
 1.25051e-01
 1.25014e-01
 1.25004e-01
 1.25001e-01
 1.25000e-01
 1.25000e-01
 1.25000e-01
 1.25000e-01
 1.25000e-01
 1.00000e+00
 1.00000e+00
 1.00000e+00
 1.00000e+00
 1.00000e+00
 1.00000e+00
 1.00000e+00
 1.00000e+00
 1.00000e+00
 1.00000e+00
 1.00000e+00
 1.00000e+00
 1.00000e+00
 1.00000e+00
 1.00000e+00
 1.00000e+00
 1.00000e+00
 9.99998e-01
 9.99990e-01
 9.99949e-01
 9.99763e-01
 9.99032e-01
 9.96568e-01
 9.89733e-01
 9.74830e-01
 9.49884e-01
 9.16744e-01
 8.78957e-01
 8.39221e-01
 7.99118e-01
 7.59759e-01
 7.21761e-01
 6.85314e-01
 6.50556e-01
 6.17431e-01
 5.86840e-01
 5.56443e-01
 5.33486e-01
 5.09667e-01
 4.94420e-01
 4.89999e-01
 4.89978e-01
 4.90155e-01
 4.90395e-01
 4.91161e-01
 4.92031e-01
 4.92240e-01
 4.92343e-01
 4.92613e-01
 4.93379e-01
 4.94025e-01
 4.94238e-01
 4.94422e-01
 4.94751e-01
 4.95421e-01
 4.95850e-01
 4.95994e-01
 4.96143e-01
 4.96492e-01
 4.97023e-01
 4.97116e-01
 4.97128e-01
 4.97173e-01
 4.97175e-01
 4.96755e-01
 4.94843e-01
 4.88930e-01
 4.74255e-01
 4.43387e-01
 3.87062e-01
 3.34849e-01
 3.14714e-01
 3.07413e-01
 3.06268e-01
 3.07116e-01
 3.07710e-01
 3.07883e-01
 3.07477e-01
 3.04682e-01
 2.96373e-01
 2.80228e-01
 2.56027e-01
 2.27305e-01
 1.97290e-01
 1.71004e-01
 1.51054e-01
 1.37744e-01
 1.30247e-01
 1.26845e-01
 1.25584e-01
 1.25175e-01
 1.25051e-01
 1.25014e-01
 1.25004e-01
 1.25001e-01
 1.25000e-01
 1.25000e-01
 1.25000e-01
 1.25000e-01
 1.25000e-01
 1.00000e+00
 1.00000e+00
 1.00000e+00
 1.00000e+00
 1.00000e+00
 1.00000e+00
 1.00000e+00
 1.00000e+00
 1.00000e+00
 1.00000e+00
 1.00000e+00
 1.00000e+00
 1.00000e+00
 1.00000e+00
 1.00000e+00
 1.00000e+00
 1.00000e+00
 9.99998e-01
 9.99990e-01
 9.99949e-01
 9.99763e-01
 9.99032e-01
 9.96568e-01
 9.89733e-01
 9.74830e-01
 9.49884e-01
 9.16744e-01
 8.78957e-01
 8.39221e-01
 7.99118e-01
 7.59759e-01
 7.21761e-01
 6.85314e-01
 6.50556e-01
 6.17431e-01
 5.86840e-01
 5.56443e-01
 5.33486e-01
 5.09667e-01
 4.94420e-01
 4.89999e-01
 4.89978e-01
 4.90155e-01
 4.90395e-01
 4.91161e-01
 4.92031e-01
 4.92240e-01
 4.92343e-01
 4.92613e-01
 4.93379e-01
 4.94025e-01
 4.94238e-01
 4.94422e-01
 4.94751e-01
 4.95421e-01
 4.95850e-01
 4.95994e-01
 4.96143e-01
 4.96492e-01
 4.97023e-01
 4.97116e-01
 4.97128e-01
 4.97173e-01
 4.97175e-01
 4.96755e-01
 4.94843e-01
 4.88930e-01
 4.74255e-01
 4.43387e-01
 3.87062e-01
 3.34849e-01
 3.14714e-01
 3.07413e-01
 3.06268e-01
 3.07116e-01
 3.07710e-01
 3.07883e-01
 3.07477e-01
 3.04682e-01
 2.96373e-01
 2.80228e-01
 2.56027e-01
 2.27305e-01
 1.97290e-01
 1.71004e-01
 1.51054e-01
 1.37744e-01
 1.30247e-01
 1.26845e-01
 1.25584e-01
 1.25175e-01
 1.25051e-01
 1.25014e-01
 1.25004e-01
 1.25001e-01
 1.25000e-01
 1.25000e-01
 1.25000e-01
 1.25000e-01
 1.25000e-01
 1.00000e+00
 1.00000e+00
 1.00000e+00
 1.00000e+00
 1.00000e+00
 1.00000e+00
 1.00000e+00
 1.00000e+00
 1.00000e+00
 1.00000e+00
 1.00000e+00
 1.00000e+00
 1.00000e+00
 1.00000e+00
 1.00000e+00
 1.00000e+00
 1.00000e+00
 9.99998e-01
 9.99990e-01
 9.99949e-01
 9.99763e-01
 9.99032e-01
 9.96568e-01
 9.89733e-01
 9.74830e-01
 9.49884e-01
 9.16744e-01
 8.78957e-01
 8.39221e-01
 7.99118e-01
 7.59759e-01
 7.21761e-01
 6.85314e-01
 6.50556e-01
 6.17431e-01
 5.86840e-01
 5.56443e-01
 5.33486e-01
 5.09667e-01
 4.94420e-01
 4.89999e-01
 4.89978e-01
 4.90155e-01
 4.90395e-01
 4.91161e-01
 4.92031e-01
 4.92240e-01
 4.92343e-01
 4.92613e-01
 4.93379e-01
 4.94025e-01
 4.94238e-01
 4.94422e-01
 4.94751e-01
 4.95421e-01
 4.95850e-01
 4.95994e-01
 4.96143e-01
 4.96492e-01
 4.97023e-01
 4.97116e-01
 4.97128e-01
 4.97173e-01
 4.97175e-01
 4.96755e-01
 4.94843e-01
 4.88930e-01
 4.74255e-01
 4.43387e-01
 3.87062e-01
 3.34849e-01
 3.14714e-01
 3.07413e-01
 3.06268e-01
 3.07116e-01
 3.07710e-01
 3.07883e-01
 3.07477e-01
 3.04682e-01
 2.96373e-01
 2.80228e-01
 2.56027e-01
 2.27305e-01
 1.97290e-01
 1.71004e-01
 1.51054e-01
 1.37744e-01
 1.30247e-01
 1.26845e-01
 1.25584e-01
 1.25175e-01
 1.25051e-01
 1.25014e-01
 1.25004e-01
 1.25001e-01
 1.25000e-01
 1.25000e-01
 1.25000e-01
 1.25000e-01
 1.25000e-01
 1.00000e+00
 1.00000e+00
 1.00000e+00
 1.00000e+00
 1.00000e+00
 1.00000e+00
 1.00000e+00
 1.00000e+00
 1.00000e+00
 1.00000e+00
 1.00000e+00
 1.00000e+00
 1.00000e+00
 1.00000e+00
 1.00000e+00
 1.00000e+00
 1.00000e+00
 9.99998e-01
 9.99990e-01
 9.99949e-01
 9.99763e-01
 9.99032e-01
 9.96568e-01
 9.89733e-01
 9.74830e-01
 9.49884e-01
 9.16744e-01
 8.78957e-01
 8.39221e-01
 7.99118e-01
 7.59759e-01
 7.21761e-01
 6.85314e-01
 6.50556e-01
 6.17431e-01
 5.86840e-01
 5.56443e-01
 5.33486e-01
 5.09667e-01
 4.94420e-01
 4.89999e-01
 4.89978e-01
 4.90155e-01
 4.90395e-01
 4.91161e-01
 4.92031e-01
 4.92240e-01
 4.92343e-01
 4.92613e-01
 4.93379e-01
 4.94025e-01
 4.94238e-01
 4.94422e-01
 4.94751e-01
 4.95421e-01
 4.95850e-01
 4.95994e-01
 4.96143e-01
 4.96492e-01
 4.97023e-01
 4.97116e-01
 4.97128e-01
 4.97173e-01
 4.97175e-01
 4.96755e-01
 4.94843e-01
 4.88930e-01
 4.74255e-01
 4.43387e-01
 3.87062e-01
 3.34849e-01
 3.14714e-01
 3.07413e-01
 3.06268e-01
 3.07116e-01
 3.07710e-01
 3.07883e-01
 3.07477e-01
 3.04682e-01
 2.96373e-01
 2.80228e-01
 2.56027e-01
 2.27305e-01
 1.97290e-01
 1.71004e-01
 1.51054e-01
 1.37744e-01
 1.30247e-01
 1.26845e-01
 1.25584e-01
 1.25175e-01
 1.25051e-01
 1.25014e-01
 1.25004e-01
 1.25001e-01
 1.25000e-01
 1.25000e-01
 1.25000e-01
 1.25000e-01
 1.25000e-01
 1.00000e+00
 1.00000e+00
 1.00000e+00
 1.00000e+00
 1.00000e+00
 1.00000e+00
 1.00000e+00
 1.00000e+00
 1.00000e+00
 1.00000e+00
 1.00000e+00
 1.00000e+00
 1.00000e+00
 1.00000e+00
 1.00000e+00
 1.00000e+00
 1.00000e+00
 9.99998e-01
 9.99990e-01
 9.99949e-01
 9.99763e-01
 9.99032e-01
 9.96568e-01
 9.89733e-01
 9.74830e-01
 9.49884e-01
 9.16744e-01
 8.78957e-01
 8.39221e-01
 7.99118e-01
 7.59759e-01
 7.21761e-01
 6.85314e-01
 6.50556e-01
 6.17431e-01
 5.86840e-01
 5.56443e-01
 5.33486e-01
 5.09667e-01
 4.94420e-01
 4.89999e-01
 4.89978e-01
 4.90155e-01
 4.90395e-01
 4.91161e-01
 4.92031e-01
 4.92240e-01
 4.92343e-01
 4.92613e-01
 4.93379e-01
 4.94025e-01
 4.94238e-01
 4.94422e-01
 4.94751e-01
 4.95421e-01
 4.95850e-01
 4.95994e-01
 4.96143e-01
 4.96492e-01
 4.97023e-01
 4.97116e-01
 4.97128e-01
 4.97173e-01
 4.97175e-01
 4.96755e-01
 4.94843e-01
 4.88930e-01
 4.74255e-01
 4.43387e-01
 3.87062e-01
 3.34849e-01
 3.14714e-01
 3.07413e-01
 3.06268e-01
 3.07116e-01
 3.07710e-01
 3.07883e-01
 3.07477e-01
 3.04682e-01
 2.96373e-01
 2.80228e-01
 2.56027e-01
 2.27305e-01
 1.97290e-01
 1.71004e-01
 1.51054e-01
 1.37744e-01
 1.30247e-01
 1.26845e-01
 1.25584e-01
 1.25175e-01
 1.25051e-01
 1.25014e-01
 1.25004e-01
 1.25001e-01
 1.25000e-01
 1.25000e-01
 1.25000e-01
 1.25000e-01
 1.25000e-01
 1.00000e+00
 1.00000e+00
 1.00000e+00
 1.00000e+00
 1.00000e+00
 1.00000e+00
 1.00000e+00
 1.00000e+00
 1.00000e+00
 1.00000e+00
 1.00000e+00
 1.00000e+00
 1.00000e+00
 1.00000e+00
 1.00000e+00
 1.00000e+00
 1.00000e+00
 9.99998e-01
 9.99990e-01
 9.99949e-01
 9.99763e-01
 9.99032e-01
 9.96568e-01
 9.89733e-01
 9.74830e-01
 9.49884e-01
 9.16744e-01
 8.78957e-01
 8.39221e-01
 7.99118e-01
 7.59759e-01
 7.21761e-01
 6.85314e-01
 6.50556e-01
 6.17431e-01
 5.86840e-01
 5.56443e-01
 5.33486e-01
 5.09667e-01
 4.94420e-01
 4.89999e-01
 4.89978e-01
 4.90155e-01
 4.90395e-01
 4.91161e-01
 4.92031e-01
 4.92240e-01
 4.92343e-01
 4.92613e-01
 4.93379e-01
 4.94025e-01
 4.94238e-01
 4.94422e-01
 4.94751e-01
 4.95421e-01
 4.95850e-01
 4.95994e-01
 4.96143e-01
 4.96492e-01
 4.97023e-01
 4.97116e-01
 4.97128e-01
 4.97173e-01
 4.97175e-01
 4.96755e-01
 4.94843e-01
 4.88930e-01
 4.74255e-01
 4.43387e-01
 3.87062e-01
 3.34849e-01
 3.14714e-01
 3.07413e-01
 3.06268e-01
 3.07116e-01
 3.07710e-01
 3.07883e-01
 3.07477e-01
 3.04682e-01
 2.96373e-01
 2.80228e-01
 2.56027e-01
 2.27305e-01
 1.97290e-01
 1.71004e-01
 1.51054e-01
 1.37744e-01
 1.30247e-01
 1.26845e-01
 1.25584e-01
 1.25175e-01
 1.25051e-01
 1.25014e-01
 1.25004e-01
 1.25001e-01
 1.25000e-01
 1.25000e-01
 1.25000e-01
 1.25000e-01
 1.25000e-01
 1.00000e+00
 1.00000e+00
 1.00000e+00
 1.00000e+00
 1.00000e+00
 1.00000e+00
 1.00000e+00
 1.00000e+00
 1.00000e+00
 1.00000e+00
 1.00000e+00
 1.00000e+00
 1.00000e+00
 1.00000e+00
 1.00000e+00
 1.00000e+00
 1.00000e+00
 9.99998e-01
 9.99990e-01
 9.99949e-01
 9.99763e-01
 9.99032e-01
 9.96568e-01
 9.89733e-01
 9.74830e-01
 9.49884e-01
 9.16744e-01
 8.78957e-01
 8.39221e-01
 7.99118e-01
 7.59759e-01
 7.21761e-01
 6.85314e-01
 6.50556e-01
 6.17431e-01
 5.86840e-01
 5.56443e-01
 5.33486e-01
 5.09667e-01
 4.94420e-01
 4.89999e-01
 4.89978e-01
 4.90155e-01
 4.90395e-01
 4.91161e-01
 4.92031e-01
 4.92240e-01
 4.92343e-01
 4.92613e-01
 4.93379e-01
 4.94025e-01
 4.94238e-01
 4.94422e-01
 4.94751e-01
 4.95421e-01
 4.95850e-01
 4.95994e-01
 4.96143e-01
 4.96492e-01
 4.97023e-01
 4.97116e-01
 4.97128e-01
 4.97173e-01
 4.97175e-01
 4.96755e-01
 4.94843e-01
 4.88930e-01
 4.74255e-01
 4.43387e-01
 3.87062e-01
 3.34849e-01
 3.14714e-01
 3.07413e-01
 3.06268e-01
 3.07116e-01
 3.07710e-01
 3.07883e-01
 3.07477e-01
 3.04682e-01
 2.96373e-01
 2.80228e-01
 2.56027e-01
 2.27305e-01
 1.97290e-01
 1.71004e-01
 1.51054e-01
 1.37744e-01
 1.30247e-01
 1.26845e-01
 1.25584e-01
 1.25175e-01
 1.25051e-01
 1.25014e-01
 1.25004e-01
 1.25001e-01
 1.25000e-01
 1.25000e-01
 1.25000e-01
 1.25000e-01
 1.25000e-01
 1.00000e+00
 1.00000e+00
 1.00000e+00
 1.00000e+00
 1.00000e+00
 1.00000e+00
 1.00000e+00
 1.00000e+00
 1.00000e+00
 1.00000e+00
 1.00000e+00
 1.00000e+00
 1.00000e+00
 1.00000e+00
 1.00000e+00
 1.00000e+00
 1.00000e+00
 9.99998e-01
 9.99990e-01
 9.99949e-01
 9.99763e-01
 9.99032e-01
 9.96568e-01
 9.89733e-01
 9.74830e-01
 9.49884e-01
 9.16744e-01
 8.78957e-01
 8.39221e-01
 7.99118e-01
 7.59759e-01
 7.21761e-01
 6.85314e-01
 6.50556e-01
 6.17431e-01
 5.86840e-01
 5.56443e-01
 5.33486e-01
 5.09667e-01
 4.94420e-01
 4.89999e-01
 4.89978e-01
 4.90155e-01
 4.90395e-01
 4.91161e-01
 4.92031e-01
 4.92240e-01
 4.92343e-01
 4.92613e-01
 4.93379e-01
 4.94025e-01
 4.94238e-01
 4.94422e-01
 4.94751e-01
 4.95421e-01
 4.95850e-01
 4.95994e-01
 4.96143e-01
 4.96492e-01
 4.97023e-01
 4.97116e-01
 4.97128e-01
 4.97173e-01
 4.97175e-01
 4.96755e-01
 4.94843e-01
 4.88930e-01
 4.74255e-01
 4.43387e-01
 3.87062e-01
 3.34849e-01
 3.14714e-01
 3.07413e-01
 3.06268e-01
 3.07116e-01
 3.07710e-01
 3.07883e-01
 3.07477e-01
 3.04682e-01
 2.96373e-01
 2.80228e-01
 2.56027e-01
 2.27305e-01
 1.97290e-01
 1.71004e-01
 1.51054e-01
 1.37744e-01
 1.30247e-01
 1.26845e-01
 1.25584e-01
 1.25175e-01
 1.25051e-01
 1.25014e-01
 1.25004e-01
 1.25001e-01
 1.25000e-01
 1.25000e-01
 1.25000e-01
 1.25000e-01
 1.25000e-01
 1.00000e+00
 1.00000e+00
 1.00000e+00
 1.00000e+00
 1.00000e+00
 1.00000e+00
 1.00000e+00
 1.00000e+00
 1.00000e+00
 1.00000e+00
 1.00000e+00
 1.00000e+00
 1.00000e+00
 1.00000e+00
 1.00000e+00
 1.00000e+00
 1.00000e+00
 9.99998e-01
 9.99990e-01
 9.99949e-01
 9.99763e-01
 9.99032e-01
 9.96568e-01
 9.89733e-01
 9.74830e-01
 9.49884e-01
 9.16744e-01
 8.78957e-01
 8.39221e-01
 7.99118e-01
 7.59759e-01
 7.21761e-01
 6.85314e-01
 6.50556e-01
 6.17431e-01
 5.86840e-01
 5.56443e-01
 5.33486e-01
 5.09667e-01
 4.94420e-01
 4.89999e-01
 4.89978e-01
 4.90155e-01
 4.90395e-01
 4.91161e-01
 4.92031e-01
 4.92240e-01
 4.92343e-01
 4.92613e-01
 4.93379e-01
 4.94025e-01
 4.94238e-01
 4.94422e-01
 4.94751e-01
 4.95421e-01
 4.95850e-01
 4.95994e-01
 4.96143e-01
 4.96492e-01
 4.97023e-01
 4.97116e-01
 4.97128e-01
 4.97173e-01
 4.97175e-01
 4.96755e-01
 4.94843e-01
 4.88930e-01
 4.74255e-01
 4.43387e-01
 3.87062e-01
 3.34849e-01
 3.14714e-01
 3.07413e-01
 3.06268e-01
 3.07116e-01
 3.07710e-01
 3.07883e-01
 3.07477e-01
 3.04682e-01
 2.96373e-01
 2.80228e-01
 2.56027e-01
 2.27305e-01
 1.97290e-01
 1.71004e-01
 1.51054e-01
 1.37744e-01
 1.30247e-01
 1.26845e-01
 1.25584e-01
 1.25175e-01
 1.25051e-01
 1.25014e-01
 1.25004e-01
 1.25001e-01
 1.25000e-01
 1.25000e-01
 1.25000e-01
 1.25000e-01
 1.25000e-01
 1.00000e+00
 1.00000e+00
 1.00000e+00
 1.00000e+00
 1.00000e+00
 1.00000e+00
 1.00000e+00
 1.00000e+00
 1.00000e+00
 1.00000e+00
 1.00000e+00
 1.00000e+00
 1.00000e+00
 1.00000e+00
 1.00000e+00
 1.00000e+00
 1.00000e+00
 9.99998e-01
 9.99990e-01
 9.99949e-01
 9.99763e-01
 9.99032e-01
 9.96568e-01
 9.89733e-01
 9.74830e-01
 9.49884e-01
 9.16744e-01
 8.78957e-01
 8.39221e-01
 7.99118e-01
 7.59759e-01
 7.21761e-01
 6.85314e-01
 6.50556e-01
 6.17431e-01
 5.86840e-01
 5.56443e-01
 5.33486e-01
 5.09667e-01
 4.94420e-01
 4.89999e-01
 4.89978e-01
 4.90155e-01
 4.90395e-01
 4.91161e-01
 4.92031e-01
 4.92240e-01
 4.92343e-01
 4.92613e-01
 4.93379e-01
 4.94025e-01
 4.94238e-01
 4.94422e-01
 4.94751e-01
 4.95421e-01
 4.95850e-01
 4.95994e-01
 4.96143e-01
 4.96492e-01
 4.97023e-01
 4.97116e-01
 4.97128e-01
 4.97173e-01
 4.97175e-01
 4.96755e-01
 4.94843e-01
 4.88930e-01
 4.74255e-01
 4.43387e-01
 3.87062e-01
 3.34849e-01
 3.14714e-01
 3.07413e-01
 3.06268e-01
 3.07116e-01
 3.07710e-01
 3.07883e-01
 3.07477e-01
 3.04682e-01
 2.96373e-01
 2.80228e-01
 2.56027e-01
 2.27305e-01
 1.97290e-01
 1.71004e-01
 1.51054e-01
 1.37744e-01
 1.30247e-01
 1.26845e-01
 1.25584e-01
 1.25175e-01
 1.25051e-01
 1.25014e-01
 1.25004e-01
 1.25001e-01
 1.25000e-01
 1.25000e-01
 1.25000e-01
 1.25000e-01
 1.25000e-01
 1.00000e+00
 1.00000e+00
 1.00000e+00
 1.00000e+00
 1.00000e+00
 1.00000e+00
 1.00000e+00
 1.00000e+00
 1.00000e+00
 1.00000e+00
 1.00000e+00
 1.00000e+00
 1.00000e+00
 1.00000e+00
 1.00000e+00
 1.00000e+00
 1.00000e+00
 9.99998e-01
 9.99990e-01
 9.99949e-01
 9.99763e-01
 9.99032e-01
 9.96568e-01
 9.89733e-01
 9.74830e-01
 9.49884e-01
 9.16744e-01
 8.78957e-01
 8.39221e-01
 7.99118e-01
 7.59759e-01
 7.21761e-01
 6.85314e-01
 6.50556e-01
 6.17431e-01
 5.86840e-01
 5.56443e-01
 5.33486e-01
 5.09667e-01
 4.94420e-01
 4.89999e-01
 4.89978e-01
 4.90155e-01
 4.90395e-01
 4.91161e-01
 4.92031e-01
 4.92240e-01
 4.92343e-01
 4.92613e-01
 4.93379e-01
 4.94025e-01
 4.94238e-01
 4.94422e-01
 4.94751e-01
 4.95421e-01
 4.95850e-01
 4.95994e-01
 4.96143e-01
 4.96492e-01
 4.97023e-01
 4.97116e-01
 4.97128e-01
 4.97173e-01
 4.97175e-01
 4.96755e-01
 4.94843e-01
 4.88930e-01
 4.74255e-01
 4.43387e-01
 3.87062e-01
 3.34849e-01
 3.14714e-01
 3.07413e-01
 3.06268e-01
 3.07116e-01
 3.07710e-01
 3.07883e-01
 3.07477e-01
 3.04682e-01
 2.96373e-01
 2.80228e-01
 2.56027e-01
 2.27305e-01
 1.97290e-01
 1.71004e-01
 1.51054e-01
 1.37744e-01
 1.30247e-01
 1.26845e-01
 1.25584e-01
 1.25175e-01
 1.25051e-01
 1.25014e-01
 1.25004e-01
 1.25001e-01
 1.25000e-01
 1.25000e-01
 1.25000e-01
 1.25000e-01
 1.25000e-01
 1.00000e+00
 1.00000e+00
 1.00000e+00
 1.00000e+00
 1.00000e+00
 1.00000e+00
 1.00000e+00
 1.00000e+00
 1.00000e+00
 1.00000e+00
 1.00000e+00
 1.00000e+00
 1.00000e+00
 1.00000e+00
 1.00000e+00
 1.00000e+00
 1.00000e+00
 9.99998e-01
 9.99990e-01
 9.99949e-01
 9.99763e-01
 9.99032e-01
 9.96568e-01
 9.89733e-01
 9.74830e-01
 9.49884e-01
 9.16744e-01
 8.78957e-01
 8.39221e-01
 7.99118e-01
 7.59759e-01
 7.21761e-01
 6.85314e-01
 6.50556e-01
 6.17431e-01
 5.86840e-01
 5.56443e-01
 5.33486e-01
 5.09667e-01
 4.94420e-01
 4.89999e-01
 4.89978e-01
 4.90155e-01
 4.90395e-01
 4.91161e-01
 4.92031e-01
 4.92240e-01
 4.92343e-01
 4.92613e-01
 4.93379e-01
 4.94025e-01
 4.94238e-01
 4.94422e-01
 4.94751e-01
 4.95421e-01
 4.95850e-01
 4.95994e-01
 4.96143e-01
 4.96492e-01
 4.97023e-01
 4.97116e-01
 4.97128e-01
 4.97173e-01
 4.97175e-01
 4.96755e-01
 4.94843e-01
 4.88930e-01
 4.74255e-01
 4.43387e-01
 3.87062e-01
 3.34849e-01
 3.14714e-01
 3.07413e-01
 3.06268e-01
 3.07116e-01
 3.07710e-01
 3.07883e-01
 3.07477e-01
 3.04682e-01
 2.96373e-01
 2.80228e-01
 2.56027e-01
 2.27305e-01
 1.97290e-01
 1.71004e-01
 1.51054e-01
 1.37744e-01
 1.30247e-01
 1.26845e-01
 1.25584e-01
 1.25175e-01
 1.25051e-01
 1.25014e-01
 1.25004e-01
 1.25001e-01
 1.25000e-01
 1.25000e-01
 1.25000e-01
 1.25000e-01
 1.25000e-01
 1.00000e+00
 1.00000e+00
 1.00000e+00
 1.00000e+00
 1.00000e+00
 1.00000e+00
 1.00000e+00
 1.00000e+00
 1.00000e+00
 1.00000e+00
 1.00000e+00
 1.00000e+00
 1.00000e+00
 1.00000e+00
 1.00000e+00
 1.00000e+00
 1.00000e+00
 9.99998e-01
 9.99990e-01
 9.99949e-01
 9.99763e-01
 9.99032e-01
 9.96568e-01
 9.89733e-01
 9.74830e-01
 9.49884e-01
 9.16744e-01
 8.78957e-01
 8.39221e-01
 7.99118e-01
 7.59759e-01
 7.21761e-01
 6.85314e-01
 6.50556e-01
 6.17431e-01
 5.86840e-01
 5.56443e-01
 5.33486e-01
 5.09667e-01
 4.94420e-01
 4.89999e-01
 4.89978e-01
 4.90155e-01
 4.90395e-01
 4.91161e-01
 4.92031e-01
 4.92240e-01
 4.92343e-01
 4.92613e-01
 4.93379e-01
 4.94025e-01
 4.94238e-01
 4.94422e-01
 4.94751e-01
 4.95421e-01
 4.95850e-01
 4.95994e-01
 4.96143e-01
 4.96492e-01
 4.97023e-01
 4.97116e-01
 4.97128e-01
 4.97173e-01
 4.97175e-01
 4.96755e-01
 4.94843e-01
 4.88930e-01
 4.74255e-01
 4.43387e-01
 3.87062e-01
 3.34849e-01
 3.14714e-01
 3.07413e-01
 3.06268e-01
 3.07116e-01
 3.07710e-01
 3.07883e-01
 3.07477e-01
 3.04682e-01
 2.96373e-01
 2.80228e-01
 2.56027e-01
 2.27305e-01
 1.97290e-01
 1.71004e-01
 1.51054e-01
 1.37744e-01
 1.30247e-01
 1.26845e-01
 1.25584e-01
 1.25175e-01
 1.25051e-01
 1.25014e-01
 1.25004e-01
 1.25001e-01
 1.25000e-01
 1.25000e-01
 1.25000e-01
 1.25000e-01
 1.25000e-01
 1.00000e+00
 1.00000e+00
 1.00000e+00
 1.00000e+00
 1.00000e+00
 1.00000e+00
 1.00000e+00
 1.00000e+00
 1.00000e+00
 1.00000e+00
 1.00000e+00
 1.00000e+00
 1.00000e+00
 1.00000e+00
 1.00000e+00
 1.00000e+00
 1.00000e+00
 9.99998e-01
 9.99990e-01
 9.99949e-01
 9.99763e-01
 9.99032e-01
 9.96568e-01
 9.89733e-01
 9.74830e-01
 9.49884e-01
 9.16744e-01
 8.78957e-01
 8.39221e-01
 7.99118e-01
 7.59759e-01
 7.21761e-01
 6.85314e-01
 6.50556e-01
 6.17431e-01
 5.86840e-01
 5.56443e-01
 5.33486e-01
 5.09667e-01
 4.94420e-01
 4.89999e-01
 4.89978e-01
 4.90155e-01
 4.90395e-01
 4.91161e-01
 4.92031e-01
 4.92240e-01
 4.92343e-01
 4.92613e-01
 4.93379e-01
 4.94025e-01
 4.94238e-01
 4.94422e-01
 4.94751e-01
 4.95421e-01
 4.95850e-01
 4.95994e-01
 4.96143e-01
 4.96492e-01
 4.97023e-01
 4.97116e-01
 4.97128e-01
 4.97173e-01
 4.97175e-01
 4.96755e-01
 4.94843e-01
 4.88930e-01
 4.74255e-01
 4.43387e-01
 3.87062e-01
 3.34849e-01
 3.14714e-01
 3.07413e-01
 3.06268e-01
 3.07116e-01
 3.07710e-01
 3.07883e-01
 3.07477e-01
 3.04682e-01
 2.96373e-01
 2.80228e-01
 2.56027e-01
 2.27305e-01
 1.97290e-01
 1.71004e-01
 1.51054e-01
 1.37744e-01
 1.30247e-01
 1.26845e-01
 1.25584e-01
 1.25175e-01
 1.25051e-01
 1.25014e-01
 1.25004e-01
 1.25001e-01
 1.25000e-01
 1.25000e-01
 1.25000e-01
 1.25000e-01
 1.25000e-01
 1.00000e+00
 1.00000e+00
 1.00000e+00
 1.00000e+00
 1.00000e+00
 1.00000e+00
 1.00000e+00
 1.00000e+00
 1.00000e+00
 1.00000e+00
 1.00000e+00
 1.00000e+00
 1.00000e+00
 1.00000e+00
 1.00000e+00
 1.00000e+00
 1.00000e+00
 9.99998e-01
 9.99990e-01
 9.99949e-01
 9.99763e-01
 9.99032e-01
 9.96568e-01
 9.89733e-01
 9.74830e-01
 9.49884e-01
 9.16744e-01
 8.78957e-01
 8.39221e-01
 7.99118e-01
 7.59759e-01
 7.21761e-01
 6.85314e-01
 6.50556e-01
 6.17431e-01
 5.86840e-01
 5.56443e-01
 5.33486e-01
 5.09667e-01
 4.94420e-01
 4.89999e-01
 4.89978e-01
 4.90155e-01
 4.90395e-01
 4.91161e-01
 4.92031e-01
 4.92240e-01
 4.92343e-01
 4.92613e-01
 4.93379e-01
 4.94025e-01
 4.94238e-01
 4.94422e-01
 4.94751e-01
 4.95421e-01
 4.95850e-01
 4.95994e-01
 4.96143e-01
 4.96492e-01
 4.97023e-01
 4.97116e-01
 4.97128e-01
 4.97173e-01
 4.97175e-01
 4.96755e-01
 4.94843e-01
 4.88930e-01
 4.74255e-01
 4.43387e-01
 3.87062e-01
 3.34849e-01
 3.14714e-01
 3.07413e-01
 3.06268e-01
 3.07116e-01
 3.07710e-01
 3.07883e-01
 3.07477e-01
 3.04682e-01
 2.96373e-01
 2.80228e-01
 2.56027e-01
 2.27305e-01
 1.97290e-01
 1.71004e-01
 1.51054e-01
 1.37744e-01
 1.30247e-01
 1.26845e-01
 1.25584e-01
 1.25175e-01
 1.25051e-01
 1.25014e-01
 1.25004e-01
 1.25001e-01
 1.25000e-01
 1.25000e-01
 1.25000e-01
 1.25000e-01
 1.25000e-01
 1.00000e+00
 1.00000e+00
 1.00000e+00
 1.00000e+00
 1.00000e+00
 1.00000e+00
 1.00000e+00
 1.00000e+00
 1.00000e+00
 1.00000e+00
 1.00000e+00
 1.00000e+00
 1.00000e+00
 1.00000e+00
 1.00000e+00
 1.00000e+00
 1.00000e+00
 9.99998e-01
 9.99990e-01
 9.99949e-01
 9.99763e-01
 9.99032e-01
 9.96568e-01
 9.89733e-01
 9.74830e-01
 9.49884e-01
 9.16744e-01
 8.78957e-01
 8.39221e-01
 7.99118e-01
 7.59759e-01
 7.21761e-01
 6.85314e-01
 6.50556e-01
 6.17431e-01
 5.86840e-01
 5.56443e-01
 5.33486e-01
 5.09667e-01
 4.94420e-01
 4.89999e-01
 4.89978e-01
 4.90155e-01
 4.90395e-01
 4.91161e-01
 4.92031e-01
 4.92240e-01
 4.92343e-01
 4.92613e-01
 4.93379e-01
 4.94025e-01
 4.94238e-01
 4.94422e-01
 4.94751e-01
 4.95421e-01
 4.95850e-01
 4.95994e-01
 4.96143e-01
 4.96492e-01
 4.97023e-01
 4.97116e-01
 4.97128e-01
 4.97173e-01
 4.97175e-01
 4.96755e-01
 4.94843e-01
 4.88930e-01
 4.74255e-01
 4.43387e-01
 3.87062e-01
 3.34849e-01
 3.14714e-01
 3.07413e-01
 3.06268e-01
 3.07116e-01
 3.07710e-01
 3.07883e-01
 3.07477e-01
 3.04682e-01
 2.96373e-01
 2.80228e-01
 2.56027e-01
 2.27305e-01
 1.97290e-01
 1.71004e-01
 1.51054e-01
 1.37744e-01
 1.30247e-01
 1.26845e-01
 1.25584e-01
 1.25175e-01
 1.25051e-01
 1.25014e-01
 1.25004e-01
 1.25001e-01
 1.25000e-01
 1.25000e-01
 1.25000e-01
 1.25000e-01
 1.25000e-01
 1.00000e+00
 1.00000e+00
 1.00000e+00
 1.00000e+00
 1.00000e+00
 1.00000e+00
 1.00000e+00
 1.00000e+00
 1.00000e+00
 1.00000e+00
 1.00000e+00
 1.00000e+00
 1.00000e+00
 1.00000e+00
 1.00000e+00
 1.00000e+00
 1.00000e+00
 9.99998e-01
 9.99990e-01
 9.99949e-01
 9.99763e-01
 9.99032e-01
 9.96568e-01
 9.89733e-01
 9.74830e-01
 9.49884e-01
 9.16744e-01
 8.78957e-01
 8.39221e-01
 7.99118e-01
 7.59759e-01
 7.21761e-01
 6.85314e-01
 6.50556e-01
 6.17431e-01
 5.86840e-01
 5.56443e-01
 5.33486e-01
 5.09667e-01
 4.94420e-01
 4.89999e-01
 4.89978e-01
 4.90155e-01
 4.90395e-01
 4.91161e-01
 4.92031e-01
 4.92240e-01
 4.92343e-01
 4.92613e-01
 4.93379e-01
 4.94025e-01
 4.94238e-01
 4.94422e-01
 4.94751e-01
 4.95421e-01
 4.95850e-01
 4.95994e-01
 4.96143e-01
 4.96492e-01
 4.97023e-01
 4.97116e-01
 4.97128e-01
 4.97173e-01
 4.97175e-01
 4.96755e-01
 4.94843e-01
 4.88930e-01
 4.74255e-01
 4.43387e-01
 3.87062e-01
 3.34849e-01
 3.14714e-01
 3.07413e-01
 3.06268e-01
 3.07116e-01
 3.07710e-01
 3.07883e-01
 3.07477e-01
 3.04682e-01
 2.96373e-01
 2.80228e-01
 2.56027e-01
 2.27305e-01
 1.97290e-01
 1.71004e-01
 1.51054e-01
 1.37744e-01
 1.30247e-01
 1.26845e-01
 1.25584e-01
 1.25175e-01
 1.25051e-01
 1.25014e-01
 1.25004e-01
 1.25001e-01
 1.25000e-01
 1.25000e-01
 1.25000e-01
 1.25000e-01
 1.25000e-01
 1.00000e+00
 1.00000e+00
 1.00000e+00
 1.00000e+00
 1.00000e+00
 1.00000e+00
 1.00000e+00
 1.00000e+00
 1.00000e+00
 1.00000e+00
 1.00000e+00
 1.00000e+00
 1.00000e+00
 1.00000e+00
 1.00000e+00
 1.00000e+00
 1.00000e+00
 9.99998e-01
 9.99990e-01
 9.99949e-01
 9.99763e-01
 9.99032e-01
 9.96568e-01
 9.89733e-01
 9.74830e-01
 9.49884e-01
 9.16744e-01
 8.78957e-01
 8.39221e-01
 7.99118e-01
 7.59759e-01
 7.21761e-01
 6.85314e-01
 6.50556e-01
 6.17431e-01
 5.86840e-01
 5.56443e-01
 5.33486e-01
 5.09667e-01
 4.94420e-01
 4.89999e-01
 4.89978e-01
 4.90155e-01
 4.90395e-01
 4.91161e-01
 4.92031e-01
 4.92240e-01
 4.92343e-01
 4.92613e-01
 4.93379e-01
 4.94025e-01
 4.94238e-01
 4.94422e-01
 4.94751e-01
 4.95421e-01
 4.95850e-01
 4.95994e-01
 4.96143e-01
 4.96492e-01
 4.97023e-01
 4.97116e-01
 4.97128e-01
 4.97173e-01
 4.97175e-01
 4.96755e-01
 4.94843e-01
 4.88930e-01
 4.74255e-01
 4.43387e-01
 3.87062e-01
 3.34849e-01
 3.14714e-01
 3.07413e-01
 3.06268e-01
 3.07116e-01
 3.07710e-01
 3.07883e-01
 3.07477e-01
 3.04682e-01
 2.96373e-01
 2.80228e-01
 2.56027e-01
 2.27305e-01
 1.97290e-01
 1.71004e-01
 1.51054e-01
 1.37744e-01
 1.30247e-01
 1.26845e-01
 1.25584e-01
 1.25175e-01
 1.25051e-01
 1.25014e-01
 1.25004e-01
 1.25001e-01
 1.25000e-01
 1.25000e-01
 1.25000e-01
 1.25000e-01
 1.25000e-01
 1.00000e+00
 1.00000e+00
 1.00000e+00
 1.00000e+00
 1.00000e+00
 1.00000e+00
 1.00000e+00
 1.00000e+00
 1.00000e+00
 1.00000e+00
 1.00000e+00
 1.00000e+00
 1.00000e+00
 1.00000e+00
 1.00000e+00
 1.00000e+00
 1.00000e+00
 9.99998e-01
 9.99990e-01
 9.99949e-01
 9.99763e-01
 9.99032e-01
 9.96568e-01
 9.89733e-01
 9.74830e-01
 9.49884e-01
 9.16744e-01
 8.78957e-01
 8.39221e-01
 7.99118e-01
 7.59759e-01
 7.21761e-01
 6.85314e-01
 6.50556e-01
 6.17431e-01
 5.86840e-01
 5.56443e-01
 5.33486e-01
 5.09667e-01
 4.94420e-01
 4.89999e-01
 4.89978e-01
 4.90155e-01
 4.90395e-01
 4.91161e-01
 4.92031e-01
 4.92240e-01
 4.92343e-01
 4.92613e-01
 4.93379e-01
 4.94025e-01
 4.94238e-01
 4.94422e-01
 4.94751e-01
 4.95421e-01
 4.95850e-01
 4.95994e-01
 4.96143e-01
 4.96492e-01
 4.97023e-01
 4.97116e-01
 4.97128e-01
 4.97173e-01
 4.97175e-01
 4.96755e-01
 4.94843e-01
 4.88930e-01
 4.74255e-01
 4.43387e-01
 3.87062e-01
 3.34849e-01
 3.14714e-01
 3.07413e-01
 3.06268e-01
 3.07116e-01
 3.07710e-01
 3.07883e-01
 3.07477e-01
 3.04682e-01
 2.96373e-01
 2.80228e-01
 2.56027e-01
 2.27305e-01
 1.97290e-01
 1.71004e-01
 1.51054e-01
 1.37744e-01
 1.30247e-01
 1.26845e-01
 1.25584e-01
 1.25175e-01
 1.25051e-01
 1.25014e-01
 1.25004e-01
 1.25001e-01
 1.25000e-01
 1.25000e-01
 1.25000e-01
 1.25000e-01
 1.25000e-01
 1.00000e+00
 1.00000e+00
 1.00000e+00
 1.00000e+00
 1.00000e+00
 1.00000e+00
 1.00000e+00
 1.00000e+00
 1.00000e+00
 1.00000e+00
 1.00000e+00
 1.00000e+00
 1.00000e+00
 1.00000e+00
 1.00000e+00
 1.00000e+00
 1.00000e+00
 9.99998e-01
 9.99990e-01
 9.99949e-01
 9.99763e-01
 9.99032e-01
 9.96568e-01
 9.89733e-01
 9.74830e-01
 9.49884e-01
 9.16744e-01
 8.78957e-01
 8.39221e-01
 7.99118e-01
 7.59759e-01
 7.21761e-01
 6.85314e-01
 6.50556e-01
 6.17431e-01
 5.86840e-01
 5.56443e-01
 5.33486e-01
 5.09667e-01
 4.94420e-01
 4.89999e-01
 4.89978e-01
 4.90155e-01
 4.90395e-01
 4.91161e-01
 4.92031e-01
 4.92240e-01
 4.92343e-01
 4.92613e-01
 4.93379e-01
 4.94025e-01
 4.94238e-01
 4.94422e-01
 4.94751e-01
 4.95421e-01
 4.95850e-01
 4.95994e-01
 4.96143e-01
 4.96492e-01
 4.97023e-01
 4.97116e-01
 4.97128e-01
 4.97173e-01
 4.97175e-01
 4.96755e-01
 4.94843e-01
 4.88930e-01
 4.74255e-01
 4.43387e-01
 3.87062e-01
 3.34849e-01
 3.14714e-01
 3.07413e-01
 3.06268e-01
 3.07116e-01
 3.07710e-01
 3.07883e-01
 3.07477e-01
 3.04682e-01
 2.96373e-01
 2.80228e-01
 2.56027e-01
 2.27305e-01
 1.97290e-01
 1.71004e-01
 1.51054e-01
 1.37744e-01
 1.30247e-01
 1.26845e-01
 1.25584e-01
 1.25175e-01
 1.25051e-01
 1.25014e-01
 1.25004e-01
 1.25001e-01
 1.25000e-01
 1.25000e-01
 1.25000e-01
 1.25000e-01
 1.25000e-01
 1.00000e+00
 1.00000e+00
 1.00000e+00
 1.00000e+00
 1.00000e+00
 1.00000e+00
 1.00000e+00
 1.00000e+00
 1.00000e+00
 1.00000e+00
 1.00000e+00
 1.00000e+00
 1.00000e+00
 1.00000e+00
 1.00000e+00
 1.00000e+00
 1.00000e+00
 9.99998e-01
 9.99990e-01
 9.99949e-01
 9.99763e-01
 9.99032e-01
 9.96568e-01
 9.89733e-01
 9.74830e-01
 9.49884e-01
 9.16744e-01
 8.78957e-01
 8.39221e-01
 7.99118e-01
 7.59759e-01
 7.21761e-01
 6.85314e-01
 6.50556e-01
 6.17431e-01
 5.86840e-01
 5.56443e-01
 5.33486e-01
 5.09667e-01
 4.94420e-01
 4.89999e-01
 4.89978e-01
 4.90155e-01
 4.90395e-01
 4.91161e-01
 4.92031e-01
 4.92240e-01
 4.92343e-01
 4.92613e-01
 4.93379e-01
 4.94025e-01
 4.94238e-01
 4.94422e-01
 4.94751e-01
 4.95421e-01
 4.95850e-01
 4.95994e-01
 4.96143e-01
 4.96492e-01
 4.97023e-01
 4.97116e-01
 4.97128e-01
 4.97173e-01
 4.97175e-01
 4.96755e-01
 4.94843e-01
 4.88930e-01
 4.74255e-01
 4.43387e-01
 3.87062e-01
 3.34849e-01
 3.14714e-01
 3.07413e-01
 3.06268e-01
 3.07116e-01
 3.07710e-01
 3.07883e-01
 3.07477e-01
 3.04682e-01
 2.96373e-01
 2.80228e-01
 2.56027e-01
 2.27305e-01
 1.97290e-01
 1.71004e-01
 1.51054e-01
 1.37744e-01
 1.30247e-01
 1.26845e-01
 1.25584e-01
 1.25175e-01
 1.25051e-01
 1.25014e-01
 1.25004e-01
 1.25001e-01
 1.25000e-01
 1.25000e-01
 1.25000e-01
 1.25000e-01
 1.25000e-01
