NodeMass
part
         1
coordinates
 5.00000e-07
 1.00000e-06
 1.00000e-06
 1.00000e-06
 1.00000e-06
 5.00000e-07
 1.00000e-06
 2.00000e-06
 2.00000e-06
 2.00000e-06
 2.00000e-06
 1.00000e-06
 1.00000e-06
 2.00000e-06
 2.00000e-06
 2.00000e-06
 2.00000e-06
 1.00000e-06
 1.00000e-06
 2.00000e-06
 2.00000e-06
 2.00000e-06
 2.00000e-06
 1.00000e-06
 1.00000e-06
 2.00000e-06
 2.00000e-06
 2.00000e-06
 2.00000e-06
 1.00000e-06
 1.00000e-06
 2.00000e-06
 2.00000e-06
 2.00000e-06
 2.00000e-06
 1.00000e-06
 1.00000e-06
 2.00000e-06
 2.00000e-06
 2.00000e-06
 2.00000e-06
 1.00000e-06
 1.00000e-06
 2.00000e-06
 2.00000e-06
 2.00000e-06
 2.00000e-06
 1.00000e-06
 1.00000e-06
 2.00000e-06
 2.00000e-06
 2.00000e-06
 2.00000e-06
 1.00000e-06
 1.00000e-06
 2.00000e-06
 2.00000e-06
 2.00000e-06
 2.00000e-06
 1.00000e-06
 1.00000e-06
 2.00000e-06
 2.00000e-06
 2.00000e-06
 2.00000e-06
 1.00000e-06
 1.00000e-06
 2.00000e-06
 2.00000e-06
 2.00000e-06
 2.00000e-06
 1.00000e-06
 1.00000e-06
 2.00000e-06
 2.00000e-06
 2.00000e-06
 2.00000e-06
 1.00000e-06
 1.00000e-06
 2.00000e-06
 2.00000e-06
 2.00000e-06
 2.00000e-06
 1.00000e-06
 1.00000e-06
 2.00000e-06
 2.00000e-06
 2.00000e-06
 2.00000e-06
 1.00000e-06
 1.00000e-06
 2.00000e-06
 2.00000e-06
 2.00000e-06
 2.00000e-06
 1.00000e-06
 1.00000e-06
 2.00000e-06
 2.00000e-06
 2.00000e-06
 2.00000e-06
 1.00000e-06
 1.00000e-06
 2.00000e-06
 2.00000e-06
 2.00000e-06
 2.00000e-06
 1.00000e-06
 1.00000e-06
 2.00000e-06
 2.00000e-06
 2.00000e-06
 2.00000e-06
 1.00000e-06
 1.00000e-06
 2.00000e-06
 2.00000e-06
 2.00000e-06
 2.00000e-06
 1.00000e-06
 1.00000e-06
 2.00000e-06
 2.00000e-06
 2.00000e-06
 2.00000e-06
 1.00000e-06
 1.00000e-06
 2.00000e-06
 2.00000e-06
 2.00000e-06
 2.00000e-06
 1.00000e-06
 1.00000e-06
 2.00000e-06
 2.00000e-06
 2.00000e-06
 2.00000e-06
 1.00000e-06
 1.00000e-06
 2.00000e-06
 2.00000e-06
 2.00000e-06
 2.00000e-06
 1.00000e-06
 1.00000e-06
 2.00000e-06
 2.00000e-06
 2.00000e-06
 2.00000e-06
 1.00000e-06
 1.00000e-06
 2.00000e-06
 2.00000e-06
 2.00000e-06
 2.00000e-06
 1.00000e-06
 1.00000e-06
 2.00000e-06
 2.00000e-06
 2.00000e-06
 2.00000e-06
 1.00000e-06
 9.99999e-07
 2.00000e-06
 2.00000e-06
 2.00000e-06
 2.00000e-06
 9.99999e-07
 1.00000e-06
 2.00000e-06
 2.00000e-06
 2.00000e-06
 2.00000e-06
 1.00000e-06
 2.00000e-06
 4.00000e-06
 4.00000e-06
 4.00000e-06
 4.00000e-06
 2.00000e-06
 2.00000e-06
 4.00000e-06
 4.00000e-06
 4.00000e-06
 4.00000e-06
 2.00000e-06
 2.00000e-06
 4.00000e-06
 4.00000e-06
 4.00000e-06
 4.00000e-06
 2.00000e-06
 2.00000e-06
 4.00000e-06
 4.00000e-06
 4.00000e-06
 4.00000e-06
 2.00000e-06
 2.00000e-06
 4.00000e-06
 4.00000e-06
 4.00000e-06
 4.00000e-06
 2.00000e-06
 2.00000e-06
 4.00000e-06
 4.00000e-06
 4.00000e-06
 4.00000e-06
 2.00000e-06
 2.00000e-06
 4.00000e-06
 4.00000e-06
 4.00000e-06
 4.00000e-06
 2.00000e-06
 2.00000e-06
 4.00000e-06
 4.00000e-06
 4.00000e-06
 4.00000e-06
 2.00000e-06
 2.00000e-06
 4.00000e-06
 4.00000e-06
 4.00000e-06
 4.00000e-06
 2.00000e-06
 2.00000e-06
 4.00000e-06
 4.00000e-06
 4.00000e-06
 4.00000e-06
 2.00000e-06
 2.00000e-06
 4.00000e-06
 4.00000e-06
 4.00000e-06
 4.00000e-06
 2.00000e-06
 2.00000e-06
 4.00000e-06
 4.00000e-06
 4.00000e-06
 4.00000e-06
 2.00000e-06
 2.00000e-06
 4.00000e-06
 4.00000e-06
 4.00000e-06
 4.00000e-06
 2.00000e-06
 2.00000e-06
 4.00000e-06
 4.00000e-06
 4.00000e-06
 4.00000e-06
 2.00000e-06
 2.00000e-06
 4.00000e-06
 4.00000e-06
 4.00000e-06
 4.00000e-06
 2.00000e-06
 2.00000e-06
 4.00000e-06
 4.00000e-06
 4.00000e-06
 4.00000e-06
 2.00000e-06
 2.00000e-06
 4.00000e-06
 4.00000e-06
 4.00000e-06
 4.00000e-06
 2.00000e-06
 2.00000e-06
 4.00000e-06
 4.00000e-06
 4.00000e-06
 4.00000e-06
 2.00000e-06
 2.00000e-06
 4.00000e-06
 4.00000e-06
 4.00000e-06
 4.00000e-06
 2.00000e-06
 2.00000e-06
 4.00000e-06
 4.00000e-06
 4.00000e-06
 4.00000e-06
 2.00000e-06
 2.00000e-06
 4.00000e-06
 4.00000e-06
 4.00000e-06
 4.00000e-06
 2.00000e-06
 2.00000e-06
 4.00000e-06
 4.00000e-06
 4.00000e-06
 4.00000e-06
 2.00000e-06
 2.00000e-06
 4.00000e-06
 4.00000e-06
 4.00000e-06
 4.00000e-06
 2.00000e-06
 2.00000e-06
 4.00000e-06
 4.00000e-06
 4.00000e-06
 4.00000e-06
 2.00000e-06
 2.00000e-06
 4.00000e-06
 4.00000e-06
 4.00000e-06
 4.00000e-06
 2.00000e-06
 2.00000e-06
 4.00000e-06
 4.00000e-06
 4.00000e-06
 4.00000e-06
 2.00000e-06
 2.00000e-06
 4.00000e-06
 4.00000e-06
 4.00000e-06
 4.00000e-06
 2.00000e-06
 1.00000e-06
 2.00000e-06
 2.00000e-06
 2.00000e-06
 2.00000e-06
 1.00000e-06
 2.00000e-06
 4.00000e-06
 4.00000e-06
 4.00000e-06
 4.00000e-06
 2.00000e-06
 2.00000e-06
 4.00000e-06
 4.00000e-06
 4.00000e-06
 4.00000e-06
 2.00000e-06
 2.00000e-06
 4.00000e-06
 4.00000e-06
 4.00000e-06
 4.00000e-06
 2.00000e-06
 2.00000e-06
 4.00000e-06
 4.00000e-06
 4.00000e-06
 4.00000e-06
 2.00000e-06
 2.00000e-06
 4.00000e-06
 4.00000e-06
 4.00000e-06
 4.00000e-06
 2.00000e-06
 2.00000e-06
 4.00000e-06
 4.00000e-06
 4.00000e-06
 4.00000e-06
 2.00000e-06
 2.00000e-06
 4.00000e-06
 4.00000e-06
 4.00000e-06
 4.00000e-06
 2.00000e-06
 2.00000e-06
 4.00000e-06
 4.00000e-06
 4.00000e-06
 4.00000e-06
 2.00000e-06
 2.00000e-06
 4.00000e-06
 4.00000e-06
 4.00000e-06
 4.00000e-06
 2.00000e-06
 2.00000e-06
 4.00000e-06
 4.00000e-06
 4.00000e-06
 4.00000e-06
 2.00000e-06
 2.00000e-06
 4.00000e-06
 4.00000e-06
 4.00000e-06
 4.00000e-06
 2.00000e-06
 2.00000e-06
 4.00000e-06
 4.00000e-06
 4.00000e-06
 4.00000e-06
 2.00000e-06
 2.00000e-06
 4.00000e-06
 4.00000e-06
 4.00000e-06
 4.00000e-06
 2.00000e-06
 2.00000e-06
 4.00000e-06
 4.00000e-06
 4.00000e-06
 4.00000e-06
 2.00000e-06
 2.00000e-06
 4.00000e-06
 4.00000e-06
 4.00000e-06
 4.00000e-06
 2.00000e-06
 2.00000e-06
 4.00000e-06
 4.00000e-06
 4.00000e-06
 4.00000e-06
 2.00000e-06
 2.00000e-06
 4.00000e-06
 4.00000e-06
 4.00000e-06
 4.00000e-06
 2.00000e-06
 2.00000e-06
 4.00000e-06
 4.00000e-06
 4.00000e-06
 4.00000e-06
 2.00000e-06
 2.00000e-06
 4.00000e-06
 4.00000e-06
 4.00000e-06
 4.00000e-06
 2.00000e-06
 2.00000e-06
 4.00000e-06
 4.00000e-06
 4.00000e-06
 4.00000e-06
 2.00000e-06
 2.00000e-06
 4.00000e-06
 4.00000e-06
 4.00000e-06
 4.00000e-06
 2.00000e-06
 2.00000e-06
 4.00000e-06
 4.00000e-06
 4.00000e-06
 4.00000e-06
 2.00000e-06
 2.00000e-06
 4.00000e-06
 4.00000e-06
 4.00000e-06
 4.00000e-06
 2.00000e-06
 2.00000e-06
 4.00000e-06
 4.00000e-06
 4.00000e-06
 4.00000e-06
 2.00000e-06
 2.00000e-06
 4.00000e-06
 4.00000e-06
 4.00000e-06
 4.00000e-06
 2.00000e-06
 2.00000e-06
 4.00000e-06
 4.00000e-06
 4.00000e-06
 4.00000e-06
 2.00000e-06
 2.00000e-06
 4.00000e-06
 4.00000e-06
 4.00000e-06
 4.00000e-06
 2.00000e-06
 1.00000e-06
 2.00000e-06
 2.00000e-06
 2.00000e-06
 2.00000e-06
 1.00000e-06
 2.00000e-06
 4.00000e-06
 4.00000e-06
 4.00000e-06
 4.00000e-06
 2.00000e-06
 2.00000e-06
 4.00000e-06
 4.00000e-06
 4.00000e-06
 4.00000e-06
 2.00000e-06
 2.00000e-06
 4.00000e-06
 4.00000e-06
 4.00000e-06
 4.00000e-06
 2.00000e-06
 2.00000e-06
 4.00000e-06
 4.00000e-06
 4.00000e-06
 4.00000e-06
 2.00000e-06
 2.00000e-06
 4.00000e-06
 4.00000e-06
 4.00000e-06
 4.00000e-06
 2.00000e-06
 2.00000e-06
 4.00000e-06
 4.00000e-06
 4.00000e-06
 4.00000e-06
 2.00000e-06
 2.00000e-06
 4.00000e-06
 4.00000e-06
 4.00000e-06
 4.00000e-06
 2.00000e-06
 2.00000e-06
 4.00000e-06
 4.00000e-06
 4.00000e-06
 4.00000e-06
 2.00000e-06
 2.00000e-06
 4.00000e-06
 4.00000e-06
 4.00000e-06
 4.00000e-06
 2.00000e-06
 2.00000e-06
 4.00000e-06
 4.00000e-06
 4.00000e-06
 4.00000e-06
 2.00000e-06
 2.00000e-06
 4.00000e-06
 4.00000e-06
 4.00000e-06
 4.00000e-06
 2.00000e-06
 2.00000e-06
 4.00000e-06
 4.00000e-06
 4.00000e-06
 4.00000e-06
 2.00000e-06
 2.00000e-06
 4.00000e-06
 4.00000e-06
 4.00000e-06
 4.00000e-06
 2.00000e-06
 2.00000e-06
 4.00000e-06
 4.00000e-06
 4.00000e-06
 4.00000e-06
 2.00000e-06
 2.00000e-06
 4.00000e-06
 4.00000e-06
 4.00000e-06
 4.00000e-06
 2.00000e-06
 2.00000e-06
 4.00000e-06
 4.00000e-06
 4.00000e-06
 4.00000e-06
 2.00000e-06
 2.00000e-06
 4.00000e-06
 4.00000e-06
 4.00000e-06
 4.00000e-06
 2.00000e-06
 2.00000e-06
 4.00000e-06
 4.00000e-06
 4.00000e-06
 4.00000e-06
 2.00000e-06
 2.00000e-06
 4.00000e-06
 4.00000e-06
 4.00000e-06
 4.00000e-06
 2.00000e-06
 2.00000e-06
 4.00000e-06
 4.00000e-06
 4.00000e-06
 4.00000e-06
 2.00000e-06
 2.00000e-06
 4.00000e-06
 4.00000e-06
 4.00000e-06
 4.00000e-06
 2.00000e-06
 2.00000e-06
 4.00000e-06
 4.00000e-06
 4.00000e-06
 4.00000e-06
 2.00000e-06
 2.00000e-06
 4.00000e-06
 4.00000e-06
 4.00000e-06
 4.00000e-06
 2.00000e-06
 2.00000e-06
 4.00000e-06
 4.00000e-06
 4.00000e-06
 4.00000e-06
 2.00000e-06
 2.00000e-06
 4.00000e-06
 4.00000e-06
 4.00000e-06
 4.00000e-06
 2.00000e-06
 2.00000e-06
 4.00000e-06
 4.00000e-06
 4.00000e-06
 4.00000e-06
 2.00000e-06
 2.00000e-06
 4.00000e-06
 4.00000e-06
 4.00000e-06
 4.00000e-06
 2.00000e-06
 1.00000e-06
 2.00000e-06
 2.00000e-06
 2.00000e-06
 2.00000e-06
 1.00000e-06
 2.00000e-06
 4.00000e-06
 4.00000e-06
 4.00000e-06
 4.00000e-06
 2.00000e-06
 2.00000e-06
 4.00000e-06
 4.00000e-06
 4.00000e-06
 4.00000e-06
 2.00000e-06
 2.00000e-06
 4.00000e-06
 4.00000e-06
 4.00000e-06
 4.00000e-06
 2.00000e-06
 2.00000e-06
 4.00000e-06
 4.00000e-06
 4.00000e-06
 4.00000e-06
 2.00000e-06
 2.00000e-06
 4.00000e-06
 4.00000e-06
 4.00000e-06
 4.00000e-06
 2.00000e-06
 2.00000e-06
 4.00000e-06
 4.00000e-06
 4.00000e-06
 4.00000e-06
 2.00000e-06
 2.00000e-06
 4.00000e-06
 4.00000e-06
 4.00000e-06
 4.00000e-06
 2.00000e-06
 2.00000e-06
 4.00000e-06
 4.00000e-06
 4.00000e-06
 4.00000e-06
 2.00000e-06
 2.00000e-06
 4.00000e-06
 4.00000e-06
 4.00000e-06
 4.00000e-06
 2.00000e-06
 2.00000e-06
 4.00000e-06
 4.00000e-06
 4.00000e-06
 4.00000e-06
 2.00000e-06
 2.00000e-06
 4.00000e-06
 4.00000e-06
 4.00000e-06
 4.00000e-06
 2.00000e-06
 2.00000e-06
 4.00000e-06
 4.00000e-06
 4.00000e-06
 4.00000e-06
 2.00000e-06
 2.00000e-06
 4.00000e-06
 4.00000e-06
 4.00000e-06
 4.00000e-06
 2.00000e-06
 2.00000e-06
 4.00000e-06
 4.00000e-06
 4.00000e-06
 4.00000e-06
 2.00000e-06
 2.00000e-06
 4.00000e-06
 4.00000e-06
 4.00000e-06
 4.00000e-06
 2.00000e-06
 2.00000e-06
 4.00000e-06
 4.00000e-06
 4.00000e-06
 4.00000e-06
 2.00000e-06
 2.00000e-06
 4.00000e-06
 4.00000e-06
 4.00000e-06
 4.00000e-06
 2.00000e-06
 2.00000e-06
 4.00000e-06
 4.00000e-06
 4.00000e-06
 4.00000e-06
 2.00000e-06
 2.00000e-06
 4.00000e-06
 4.00000e-06
 4.00000e-06
 4.00000e-06
 2.00000e-06
 2.00000e-06
 4.00000e-06
 4.00000e-06
 4.00000e-06
 4.00000e-06
 2.00000e-06
 2.00000e-06
 4.00000e-06
 4.00000e-06
 4.00000e-06
 4.00000e-06
 2.00000e-06
 2.00000e-06
 4.00000e-06
 4.00000e-06
 4.00000e-06
 4.00000e-06
 2.00000e-06
 2.00000e-06
 4.00000e-06
 4.00000e-06
 4.00000e-06
 4.00000e-06
 2.00000e-06
 2.00000e-06
 4.00000e-06
 4.00000e-06
 4.00000e-06
 4.00000e-06
 2.00000e-06
 2.00000e-06
 4.00000e-06
 4.00000e-06
 4.00000e-06
 4.00000e-06
 2.00000e-06
 2.00000e-06
 4.00000e-06
 4.00000e-06
 4.00000e-06
 4.00000e-06
 2.00000e-06
 2.00000e-06
 4.00000e-06
 4.00000e-06
 4.00000e-06
 4.00000e-06
 2.00000e-06
 5.00000e-07
 1.00000e-06
 1.00000e-06
 1.00000e-06
 1.00000e-06
 5.00000e-07
 1.00000e-06
 2.00000e-06
 2.00000e-06
 2.00000e-06
 2.00000e-06
 1.00000e-06
 1.00000e-06
 2.00000e-06
 2.00000e-06
 2.00000e-06
 2.00000e-06
 1.00000e-06
 1.00000e-06
 2.00000e-06
 2.00000e-06
 2.00000e-06
 2.00000e-06
 1.00000e-06
 1.00000e-06
 2.00000e-06
 2.00000e-06
 2.00000e-06
 2.00000e-06
 1.00000e-06
 1.00000e-06
 2.00000e-06
 2.00000e-06
 2.00000e-06
 2.00000e-06
 1.00000e-06
 1.00000e-06
 2.00000e-06
 2.00000e-06
 2.00000e-06
 2.00000e-06
 1.00000e-06
 1.00000e-06
 2.00000e-06
 2.00000e-06
 2.00000e-06
 2.00000e-06
 1.00000e-06
 1.00000e-06
 2.00000e-06
 2.00000e-06
 2.00000e-06
 2.00000e-06
 1.00000e-06
 1.00000e-06
 2.00000e-06
 2.00000e-06
 2.00000e-06
 2.00000e-06
 1.00000e-06
 1.00000e-06
 2.00000e-06
 2.00000e-06
 2.00000e-06
 2.00000e-06
 1.00000e-06
 1.00000e-06
 2.00000e-06
 2.00000e-06
 2.00000e-06
 2.00000e-06
 1.00000e-06
 1.00000e-06
 2.00000e-06
 2.00000e-06
 2.00000e-06
 2.00000e-06
 1.00000e-06
 1.00000e-06
 2.00000e-06
 2.00000e-06
 2.00000e-06
 2.00000e-06
 1.00000e-06
 1.00000e-06
 2.00000e-06
 2.00000e-06
 2.00000e-06
 2.00000e-06
 1.00000e-06
 1.00000e-06
 2.00000e-06
 2.00000e-06
 2.00000e-06
 2.00000e-06
 1.00000e-06
 1.00000e-06
 2.00000e-06
 2.00000e-06
 2.00000e-06
 2.00000e-06
 1.00000e-06
 1.00000e-06
 2.00000e-06
 2.00000e-06
 2.00000e-06
 2.00000e-06
 1.00000e-06
 1.00000e-06
 2.00000e-06
 2.00000e-06
 2.00000e-06
 2.00000e-06
 1.00000e-06
 1.00000e-06
 2.00000e-06
 2.00000e-06
 2.00000e-06
 2.00000e-06
 1.00000e-06
 1.00000e-06
 2.00000e-06
 2.00000e-06
 2.00000e-06
 2.00000e-06
 1.00000e-06
 1.00000e-06
 2.00000e-06
 2.00000e-06
 2.00000e-06
 2.00000e-06
 1.00000e-06
 1.00000e-06
 2.00000e-06
 2.00000e-06
 2.00000e-06
 2.00000e-06
 1.00000e-06
 1.00000e-06
 2.00000e-06
 2.00000e-06
 2.00000e-06
 2.00000e-06
 1.00000e-06
 1.00000e-06
 2.00000e-06
 2.00000e-06
 2.00000e-06
 2.00000e-06
 1.00000e-06
 1.00000e-06
 2.00000e-06
 2.00000e-06
 2.00000e-06
 2.00000e-06
 1.00000e-06
 1.00000e-06
 2.00000e-06
 2.00000e-06
 2.00000e-06
 2.00000e-06
 1.00000e-06
 9.99999e-07
 2.00000e-06
 2.00000e-06
 2.00000e-06
 2.00000e-06
 9.99999e-07
part
         2
coordinates
 1.00000e-06
 2.00000e-06
 2.00000e-06
 2.00000e-06
 2.00000e-06
 1.00000e-06
 1.00000e-06
 2.00000e-06
 2.00000e-06
 2.00000e-06
 2.00000e-06
 1.00000e-06
 1.00000e-06
 2.00000e-06
 2.00000e-06
 2.00000e-06
 2.00000e-06
 1.00000e-06
 1.00000e-06
 2.00000e-06
 2.00000e-06
 2.00000e-06
 2.00000e-06
 1.00000e-06
 9.99999e-07
 2.00000e-06
 2.00000e-06
 2.00000e-06
 2.00000e-06
 9.99999e-07
 9.99993e-07
 1.99999e-06
 1.99999e-06
 1.99999e-06
 1.99999e-06
 9.99993e-07
 9.99951e-07
 1.99990e-06
 1.99990e-06
 1.99990e-06
 1.99990e-06
 9.99951e-07
 9.99698e-07
 1.99940e-06
 1.99940e-06
 1.99940e-06
 1.99940e-06
 9.99698e-07
 9.98425e-07
 1.99685e-06
 1.99685e-06
 1.99685e-06
 1.99685e-06
 9.98425e-07
 9.93318e-07
 1.98664e-06
 1.98664e-06
 1.98664e-06
 1.98664e-06
 9.93318e-07
 9.78136e-07
 1.95627e-06
 1.95627e-06
 1.95627e-06
 1.95627e-06
 9.78136e-07
 9.46572e-07
 1.89314e-06
 1.89314e-06
 1.89314e-06
 1.89314e-06
 9.46572e-07
 8.99904e-07
 1.79981e-06
 1.79981e-06
 1.79981e-06
 1.79981e-06
 8.99904e-07
 8.46313e-07
 1.69263e-06
 1.69263e-06
 1.69263e-06
 1.69263e-06
 8.46313e-07
 7.92596e-07
 1.58519e-06
 1.58519e-06
 1.58519e-06
 1.58519e-06
 7.92596e-07
 7.41536e-07
 1.48307e-06
 1.48307e-06
 1.48307e-06
 1.48307e-06
 7.41536e-07
 6.94059e-07
 1.38812e-06
 1.38812e-06
 1.38812e-06
 1.38812e-06
 6.94059e-07
 6.50585e-07
 1.30117e-06
 1.30117e-06
 1.30117e-06
 1.30117e-06
 6.50585e-07
 6.11431e-07
 1.22286e-06
 1.22286e-06
 1.22286e-06
 1.22286e-06
 6.11431e-07
 5.76942e-07
 1.15388e-06
 1.15388e-06
 1.15388e-06
 1.15388e-06
 5.76942e-07
 5.47522e-07
 1.09504e-06
 1.09504e-06
 1.09504e-06
 1.09504e-06
 5.47522e-07
 5.23656e-07
 1.04731e-06
 1.04731e-06
 1.04731e-06
 1.04731e-06
 5.23656e-07
 5.05852e-07
 1.01170e-06
 1.01170e-06
 1.01170e-06
 1.01170e-06
 5.05852e-07
 4.94370e-07
 9.88739e-07
 9.88739e-07
 9.88739e-07
 9.88739e-07
 4.94370e-07
 4.88743e-07
 9.77486e-07
 9.77486e-07
 9.77486e-07
 9.77486e-07
 4.88743e-07
 4.87349e-07
 9.74699e-07
 9.74699e-07
 9.74699e-07
 9.74699e-07
 4.87349e-07
 4.87739e-07
 9.75477e-07
 9.75477e-07
 9.75477e-07
 9.75477e-07
 4.87739e-07
 4.88429e-07
 9.76859e-07
 9.76859e-07
 9.76859e-07
 9.76859e-07
 4.88429e-07
 4.89258e-07
 9.78516e-07
 9.78516e-07
 9.78516e-07
 9.78516e-07
 4.89258e-07
 4.90185e-07
 9.80370e-07
 9.80370e-07
 9.80370e-07
 9.80370e-07
 4.90185e-07
 2.00000e-06
 4.00000e-06
 4.00000e-06
 4.00000e-06
 4.00000e-06
 2.00000e-06
 2.00000e-06
 4.00000e-06
 4.00000e-06
 4.00000e-06
 4.00000e-06
 2.00000e-06
 2.00000e-06
 4.00000e-06
 4.00000e-06
 4.00000e-06
 4.00000e-06
 2.00000e-06
 2.00000e-06
 4.00000e-06
 4.00000e-06
 4.00000e-06
 4.00000e-06
 2.00000e-06
 2.00000e-06
 4.00000e-06
 4.00000e-06
 4.00000e-06
 4.00000e-06
 2.00000e-06
 1.99999e-06
 3.99997e-06
 3.99997e-06
 3.99997e-06
 3.99997e-06
 1.99999e-06
 1.99990e-06
 3.99980e-06
 3.99980e-06
 3.99980e-06
 3.99980e-06
 1.99990e-06
 1.99940e-06
 3.99879e-06
 3.99879e-06
 3.99879e-06
 3.99879e-06
 1.99940e-06
 1.99685e-06
 3.99370e-06
 3.99370e-06
 3.99370e-06
 3.99370e-06
 1.99685e-06
 1.98664e-06
 3.97327e-06
 3.97327e-06
 3.97327e-06
 3.97327e-06
 1.98664e-06
 1.95627e-06
 3.91254e-06
 3.91254e-06
 3.91254e-06
 3.91254e-06
 1.95627e-06
 1.89314e-06
 3.78629e-06
 3.78629e-06
 3.78629e-06
 3.78629e-06
 1.89314e-06
 1.79981e-06
 3.59962e-06
 3.59962e-06
 3.59962e-06
 3.59962e-06
 1.79981e-06
 1.69263e-06
 3.38525e-06
 3.38525e-06
 3.38525e-06
 3.38525e-06
 1.69263e-06
 1.58519e-06
 3.17039e-06
 3.17039e-06
 3.17039e-06
 3.17039e-06
 1.58519e-06
 1.48307e-06
 2.96614e-06
 2.96614e-06
 2.96614e-06
 2.96614e-06
 1.48307e-06
 1.38812e-06
 2.77624e-06
 2.77624e-06
 2.77624e-06
 2.77624e-06
 1.38812e-06
 1.30117e-06
 2.60234e-06
 2.60234e-06
 2.60234e-06
 2.60234e-06
 1.30117e-06
 1.22286e-06
 2.44572e-06
 2.44572e-06
 2.44572e-06
 2.44572e-06
 1.22286e-06
 1.15388e-06
 2.30777e-06
 2.30777e-06
 2.30777e-06
 2.30777e-06
 1.15388e-06
 1.09504e-06
 2.19009e-06
 2.19009e-06
 2.19009e-06
 2.19009e-06
 1.09504e-06
 1.04731e-06
 2.09462e-06
 2.09462e-06
 2.09462e-06
 2.09462e-06
 1.04731e-06
 1.01170e-06
 2.02341e-06
 2.02341e-06
 2.02341e-06
 2.02341e-06
 1.01170e-06
 9.88739e-07
 1.97748e-06
 1.97748e-06
 1.97748e-06
 1.97748e-06
 9.88739e-07
 9.77486e-07
 1.95497e-06
 1.95497e-06
 1.95497e-06
 1.95497e-06
 9.77486e-07
 9.74699e-07
 1.94940e-06
 1.94940e-06
 1.94940e-06
 1.94940e-06
 9.74699e-07
 9.75477e-07
 1.95095e-06
 1.95095e-06
 1.95095e-06
 1.95095e-06
 9.75477e-07
 9.76859e-07
 1.95372e-06
 1.95372e-06
 1.95372e-06
 1.95372e-06
 9.76859e-07
 9.78516e-07
 1.95703e-06
 1.95703e-06
 1.95703e-06
 1.95703e-06
 9.78516e-07
 9.80370e-07
 1.96074e-06
 1.96074e-06
 1.96074e-06
 1.96074e-06
 9.80370e-07
 2.00000e-06
 4.00000e-06
 4.00000e-06
 4.00000e-06
 4.00000e-06
 2.00000e-06
 2.00000e-06
 4.00000e-06
 4.00000e-06
 4.00000e-06
 4.00000e-06
 2.00000e-06
 2.00000e-06
 4.00000e-06
 4.00000e-06
 4.00000e-06
 4.00000e-06
 2.00000e-06
 2.00000e-06
 4.00000e-06
 4.00000e-06
 4.00000e-06
 4.00000e-06
 2.00000e-06
 2.00000e-06
 4.00000e-06
 4.00000e-06
 4.00000e-06
 4.00000e-06
 2.00000e-06
 1.99999e-06
 3.99997e-06
 3.99997e-06
 3.99997e-06
 3.99997e-06
 1.99999e-06
 1.99990e-06
 3.99980e-06
 3.99980e-06
 3.99980e-06
 3.99980e-06
 1.99990e-06
 1.99940e-06
 3.99879e-06
 3.99879e-06
 3.99879e-06
 3.99879e-06
 1.99940e-06
 1.99685e-06
 3.99370e-06
 3.99370e-06
 3.99370e-06
 3.99370e-06
 1.99685e-06
 1.98664e-06
 3.97327e-06
 3.97327e-06
 3.97327e-06
 3.97327e-06
 1.98664e-06
 1.95627e-06
 3.91254e-06
 3.91254e-06
 3.91254e-06
 3.91254e-06
 1.95627e-06
 1.89314e-06
 3.78629e-06
 3.78629e-06
 3.78629e-06
 3.78629e-06
 1.89314e-06
 1.79981e-06
 3.59962e-06
 3.59962e-06
 3.59962e-06
 3.59962e-06
 1.79981e-06
 1.69263e-06
 3.38525e-06
 3.38525e-06
 3.38525e-06
 3.38525e-06
 1.69263e-06
 1.58519e-06
 3.17039e-06
 3.17039e-06
 3.17039e-06
 3.17039e-06
 1.58519e-06
 1.48307e-06
 2.96614e-06
 2.96614e-06
 2.96614e-06
 2.96614e-06
 1.48307e-06
 1.38812e-06
 2.77624e-06
 2.77624e-06
 2.77624e-06
 2.77624e-06
 1.38812e-06
 1.30117e-06
 2.60234e-06
 2.60234e-06
 2.60234e-06
 2.60234e-06
 1.30117e-06
 1.22286e-06
 2.44572e-06
 2.44572e-06
 2.44572e-06
 2.44572e-06
 1.22286e-06
 1.15388e-06
 2.30777e-06
 2.30777e-06
 2.30777e-06
 2.30777e-06
 1.15388e-06
 1.09504e-06
 2.19009e-06
 2.19009e-06
 2.19009e-06
 2.19009e-06
 1.09504e-06
 1.04731e-06
 2.09462e-06
 2.09462e-06
 2.09462e-06
 2.09462e-06
 1.04731e-06
 1.01170e-06
 2.02341e-06
 2.02341e-06
 2.02341e-06
 2.02341e-06
 1.01170e-06
 9.88739e-07
 1.97748e-06
 1.97748e-06
 1.97748e-06
 1.97748e-06
 9.88739e-07
 9.77486e-07
 1.95497e-06
 1.95497e-06
 1.95497e-06
 1.95497e-06
 9.77486e-07
 9.74699e-07
 1.94940e-06
 1.94940e-06
 1.94940e-06
 1.94940e-06
 9.74699e-07
 9.75477e-07
 1.95095e-06
 1.95095e-06
 1.95095e-06
 1.95095e-06
 9.75477e-07
 9.76859e-07
 1.95372e-06
 1.95372e-06
 1.95372e-06
 1.95372e-06
 9.76859e-07
 9.78516e-07
 1.95703e-06
 1.95703e-06
 1.95703e-06
 1.95703e-06
 9.78516e-07
 9.80370e-07
 1.96074e-06
 1.96074e-06
 1.96074e-06
 1.96074e-06
 9.80370e-07
 2.00000e-06
 4.00000e-06
 4.00000e-06
 4.00000e-06
 4.00000e-06
 2.00000e-06
 2.00000e-06
 4.00000e-06
 4.00000e-06
 4.00000e-06
 4.00000e-06
 2.00000e-06
 2.00000e-06
 4.00000e-06
 4.00000e-06
 4.00000e-06
 4.00000e-06
 2.00000e-06
 2.00000e-06
 4.00000e-06
 4.00000e-06
 4.00000e-06
 4.00000e-06
 2.00000e-06
 2.00000e-06
 4.00000e-06
 4.00000e-06
 4.00000e-06
 4.00000e-06
 2.00000e-06
 1.99999e-06
 3.99997e-06
 3.99997e-06
 3.99997e-06
 3.99997e-06
 1.99999e-06
 1.99990e-06
 3.99980e-06
 3.99980e-06
 3.99980e-06
 3.99980e-06
 1.99990e-06
 1.99940e-06
 3.99879e-06
 3.99879e-06
 3.99879e-06
 3.99879e-06
 1.99940e-06
 1.99685e-06
 3.99370e-06
 3.99370e-06
 3.99370e-06
 3.99370e-06
 1.99685e-06
 1.98664e-06
 3.97327e-06
 3.97327e-06
 3.97327e-06
 3.97327e-06
 1.98664e-06
 1.95627e-06
 3.91254e-06
 3.91254e-06
 3.91254e-06
 3.91254e-06
 1.95627e-06
 1.89314e-06
 3.78629e-06
 3.78629e-06
 3.78629e-06
 3.78629e-06
 1.89314e-06
 1.79981e-06
 3.59962e-06
 3.59962e-06
 3.59962e-06
 3.59962e-06
 1.79981e-06
 1.69263e-06
 3.38525e-06
 3.38525e-06
 3.38525e-06
 3.38525e-06
 1.69263e-06
 1.58519e-06
 3.17039e-06
 3.17039e-06
 3.17039e-06
 3.17039e-06
 1.58519e-06
 1.48307e-06
 2.96614e-06
 2.96614e-06
 2.96614e-06
 2.96614e-06
 1.48307e-06
 1.38812e-06
 2.77624e-06
 2.77624e-06
 2.77624e-06
 2.77624e-06
 1.38812e-06
 1.30117e-06
 2.60234e-06
 2.60234e-06
 2.60234e-06
 2.60234e-06
 1.30117e-06
 1.22286e-06
 2.44572e-06
 2.44572e-06
 2.44572e-06
 2.44572e-06
 1.22286e-06
 1.15388e-06
 2.30777e-06
 2.30777e-06
 2.30777e-06
 2.30777e-06
 1.15388e-06
 1.09504e-06
 2.19009e-06
 2.19009e-06
 2.19009e-06
 2.19009e-06
 1.09504e-06
 1.04731e-06
 2.09462e-06
 2.09462e-06
 2.09462e-06
 2.09462e-06
 1.04731e-06
 1.01170e-06
 2.02341e-06
 2.02341e-06
 2.02341e-06
 2.02341e-06
 1.01170e-06
 9.88739e-07
 1.97748e-06
 1.97748e-06
 1.97748e-06
 1.97748e-06
 9.88739e-07
 9.77486e-07
 1.95497e-06
 1.95497e-06
 1.95497e-06
 1.95497e-06
 9.77486e-07
 9.74699e-07
 1.94940e-06
 1.94940e-06
 1.94940e-06
 1.94940e-06
 9.74699e-07
 9.75477e-07
 1.95095e-06
 1.95095e-06
 1.95095e-06
 1.95095e-06
 9.75477e-07
 9.76859e-07
 1.95372e-06
 1.95372e-06
 1.95372e-06
 1.95372e-06
 9.76859e-07
 9.78516e-07
 1.95703e-06
 1.95703e-06
 1.95703e-06
 1.95703e-06
 9.78516e-07
 9.80370e-07
 1.96074e-06
 1.96074e-06
 1.96074e-06
 1.96074e-06
 9.80370e-07
 2.00000e-06
 4.00000e-06
 4.00000e-06
 4.00000e-06
 4.00000e-06
 2.00000e-06
 2.00000e-06
 4.00000e-06
 4.00000e-06
 4.00000e-06
 4.00000e-06
 2.00000e-06
 2.00000e-06
 4.00000e-06
 4.00000e-06
 4.00000e-06
 4.00000e-06
 2.00000e-06
 2.00000e-06
 4.00000e-06
 4.00000e-06
 4.00000e-06
 4.00000e-06
 2.00000e-06
 2.00000e-06
 4.00000e-06
 4.00000e-06
 4.00000e-06
 4.00000e-06
 2.00000e-06
 1.99999e-06
 3.99997e-06
 3.99997e-06
 3.99997e-06
 3.99997e-06
 1.99999e-06
 1.99990e-06
 3.99980e-06
 3.99980e-06
 3.99980e-06
 3.99980e-06
 1.99990e-06
 1.99940e-06
 3.99879e-06
 3.99879e-06
 3.99879e-06
 3.99879e-06
 1.99940e-06
 1.99685e-06
 3.99370e-06
 3.99370e-06
 3.99370e-06
 3.99370e-06
 1.99685e-06
 1.98664e-06
 3.97327e-06
 3.97327e-06
 3.97327e-06
 3.97327e-06
 1.98664e-06
 1.95627e-06
 3.91254e-06
 3.91254e-06
 3.91254e-06
 3.91254e-06
 1.95627e-06
 1.89314e-06
 3.78629e-06
 3.78629e-06
 3.78629e-06
 3.78629e-06
 1.89314e-06
 1.79981e-06
 3.59962e-06
 3.59962e-06
 3.59962e-06
 3.59962e-06
 1.79981e-06
 1.69263e-06
 3.38525e-06
 3.38525e-06
 3.38525e-06
 3.38525e-06
 1.69263e-06
 1.58519e-06
 3.17039e-06
 3.17039e-06
 3.17039e-06
 3.17039e-06
 1.58519e-06
 1.48307e-06
 2.96614e-06
 2.96614e-06
 2.96614e-06
 2.96614e-06
 1.48307e-06
 1.38812e-06
 2.77624e-06
 2.77624e-06
 2.77624e-06
 2.77624e-06
 1.38812e-06
 1.30117e-06
 2.60234e-06
 2.60234e-06
 2.60234e-06
 2.60234e-06
 1.30117e-06
 1.22286e-06
 2.44572e-06
 2.44572e-06
 2.44572e-06
 2.44572e-06
 1.22286e-06
 1.15388e-06
 2.30777e-06
 2.30777e-06
 2.30777e-06
 2.30777e-06
 1.15388e-06
 1.09504e-06
 2.19009e-06
 2.19009e-06
 2.19009e-06
 2.19009e-06
 1.09504e-06
 1.04731e-06
 2.09462e-06
 2.09462e-06
 2.09462e-06
 2.09462e-06
 1.04731e-06
 1.01170e-06
 2.02341e-06
 2.02341e-06
 2.02341e-06
 2.02341e-06
 1.01170e-06
 9.88739e-07
 1.97748e-06
 1.97748e-06
 1.97748e-06
 1.97748e-06
 9.88739e-07
 9.77486e-07
 1.95497e-06
 1.95497e-06
 1.95497e-06
 1.95497e-06
 9.77486e-07
 9.74699e-07
 1.94940e-06
 1.94940e-06
 1.94940e-06
 1.94940e-06
 9.74699e-07
 9.75477e-07
 1.95095e-06
 1.95095e-06
 1.95095e-06
 1.95095e-06
 9.75477e-07
 9.76859e-07
 1.95372e-06
 1.95372e-06
 1.95372e-06
 1.95372e-06
 9.76859e-07
 9.78516e-07
 1.95703e-06
 1.95703e-06
 1.95703e-06
 1.95703e-06
 9.78516e-07
 9.80370e-07
 1.96074e-06
 1.96074e-06
 1.96074e-06
 1.96074e-06
 9.80370e-07
 1.00000e-06
 2.00000e-06
 2.00000e-06
 2.00000e-06
 2.00000e-06
 1.00000e-06
 1.00000e-06
 2.00000e-06
 2.00000e-06
 2.00000e-06
 2.00000e-06
 1.00000e-06
 1.00000e-06
 2.00000e-06
 2.00000e-06
 2.00000e-06
 2.00000e-06
 1.00000e-06
 1.00000e-06
 2.00000e-06
 2.00000e-06
 2.00000e-06
 2.00000e-06
 1.00000e-06
 9.99999e-07
 2.00000e-06
 2.00000e-06
 2.00000e-06
 2.00000e-06
 9.99999e-07
 9.99993e-07
 1.99999e-06
 1.99999e-06
 1.99999e-06
 1.99999e-06
 9.99993e-07
 9.99951e-07
 1.99990e-06
 1.99990e-06
 1.99990e-06
 1.99990e-06
 9.99951e-07
 9.99698e-07
 1.99940e-06
 1.99940e-06
 1.99940e-06
 1.99940e-06
 9.99698e-07
 9.98425e-07
 1.99685e-06
 1.99685e-06
 1.99685e-06
 1.99685e-06
 9.98425e-07
 9.93318e-07
 1.98664e-06
 1.98664e-06
 1.98664e-06
 1.98664e-06
 9.93318e-07
 9.78136e-07
 1.95627e-06
 1.95627e-06
 1.95627e-06
 1.95627e-06
 9.78136e-07
 9.46572e-07
 1.89314e-06
 1.89314e-06
 1.89314e-06
 1.89314e-06
 9.46572e-07
 8.99904e-07
 1.79981e-06
 1.79981e-06
 1.79981e-06
 1.79981e-06
 8.99904e-07
 8.46313e-07
 1.69263e-06
 1.69263e-06
 1.69263e-06
 1.69263e-06
 8.46313e-07
 7.92596e-07
 1.58519e-06
 1.58519e-06
 1.58519e-06
 1.58519e-06
 7.92596e-07
 7.41536e-07
 1.48307e-06
 1.48307e-06
 1.48307e-06
 1.48307e-06
 7.41536e-07
 6.94059e-07
 1.38812e-06
 1.38812e-06
 1.38812e-06
 1.38812e-06
 6.94059e-07
 6.50585e-07
 1.30117e-06
 1.30117e-06
 1.30117e-06
 1.30117e-06
 6.50585e-07
 6.11431e-07
 1.22286e-06
 1.22286e-06
 1.22286e-06
 1.22286e-06
 6.11431e-07
 5.76942e-07
 1.15388e-06
 1.15388e-06
 1.15388e-06
 1.15388e-06
 5.76942e-07
 5.47522e-07
 1.09504e-06
 1.09504e-06
 1.09504e-06
 1.09504e-06
 5.47522e-07
 5.23656e-07
 1.04731e-06
 1.04731e-06
 1.04731e-06
 1.04731e-06
 5.23656e-07
 5.05852e-07
 1.01170e-06
 1.01170e-06
 1.01170e-06
 1.01170e-06
 5.05852e-07
 4.94370e-07
 9.88739e-07
 9.88739e-07
 9.88739e-07
 9.88739e-07
 4.94370e-07
 4.88743e-07
 9.77486e-07
 9.77486e-07
 9.77486e-07
 9.77486e-07
 4.88743e-07
 4.87349e-07
 9.74699e-07
 9.74699e-07
 9.74699e-07
 9.74699e-07
 4.87349e-07
 4.87739e-07
 9.75477e-07
 9.75477e-07
 9.75477e-07
 9.75477e-07
 4.87739e-07
 4.88429e-07
 9.76859e-07
 9.76859e-07
 9.76859e-07
 9.76859e-07
 4.88429e-07
 4.89258e-07
 9.78516e-07
 9.78516e-07
 9.78516e-07
 9.78516e-07
 4.89258e-07
 4.90185e-07
 9.80370e-07
 9.80370e-07
 9.80370e-07
 9.80370e-07
 4.90185e-07
part
         3
coordinates
 4.87349e-07
 9.74699e-07
 9.74699e-07
 9.74699e-07
 9.74699e-07
 4.87349e-07
 4.87739e-07
 9.75477e-07
 9.75477e-07
 9.75477e-07
 9.75477e-07
 4.87739e-07
 4.88429e-07
 9.76859e-07
 9.76859e-07
 9.76859e-07
 9.76859e-07
 4.88429e-07
 4.89258e-07
 9.78516e-07
 9.78516e-07
 9.78516e-07
 9.78516e-07
 4.89258e-07
 4.90185e-07
 9.80370e-07
 9.80370e-07
 9.80370e-07
 9.80370e-07
 4.90185e-07
 4.91139e-07
 9.82279e-07
 9.82279e-07
 9.82279e-07
 9.82279e-07
 4.91139e-07
 4.92059e-07
 9.84117e-07
 9.84117e-07
 9.84117e-07
 9.84117e-07
 4.92059e-07
 4.92853e-07
 9.85707e-07
 9.85707e-07
 9.85707e-07
 9.85707e-07
 4.92853e-07
 4.93333e-07
 9.86667e-07
 9.86667e-07
 9.86667e-07
 9.86667e-07
 4.93333e-07
 4.93058e-07
 9.86117e-07
 9.86117e-07
 9.86117e-07
 9.86117e-07
 4.93058e-07
 4.90885e-07
 9.81770e-07
 9.81770e-07
 9.81770e-07
 9.81770e-07
 4.90885e-07
 4.84804e-07
 9.69609e-07
 9.69609e-07
 9.69609e-07
 9.69609e-07
 4.84804e-07
 4.72163e-07
 9.44327e-07
 9.44327e-07
 9.44327e-07
 9.44327e-07
 4.72163e-07
 4.49527e-07
 8.99054e-07
 8.99054e-07
 8.99054e-07
 8.99054e-07
 4.49527e-07
 4.10475e-07
 8.20949e-07
 8.20949e-07
 8.20949e-07
 8.20949e-07
 4.10475e-07
 3.63854e-07
 7.27708e-07
 7.27708e-07
 7.27708e-07
 7.27708e-07
 3.63854e-07
 3.30483e-07
 6.60965e-07
 6.60965e-07
 6.60965e-07
 6.60965e-07
 3.30483e-07
 3.13080e-07
 6.26160e-07
 6.26160e-07
 6.26160e-07
 6.26160e-07
 3.13080e-07
 3.02706e-07
 6.05413e-07
 6.05413e-07
 6.05413e-07
 6.05413e-07
 3.02706e-07
 2.92408e-07
 5.84817e-07
 5.84817e-07
 5.84817e-07
 5.84817e-07
 2.92408e-07
 2.77904e-07
 5.55808e-07
 5.55808e-07
 5.55808e-07
 5.55808e-07
 2.77904e-07
 2.57402e-07
 5.14805e-07
 5.14805e-07
 5.14805e-07
 5.14805e-07
 2.57402e-07
 2.31681e-07
 4.63362e-07
 4.63362e-07
 4.63362e-07
 4.63362e-07
 2.31681e-07
 2.03833e-07
 4.07666e-07
 4.07666e-07
 4.07666e-07
 4.07666e-07
 2.03833e-07
 1.78138e-07
 3.56275e-07
 3.56275e-07
 3.56275e-07
 3.56275e-07
 1.78138e-07
 1.56935e-07
 3.13870e-07
 3.13870e-07
 3.13870e-07
 3.13870e-07
 1.56935e-07
 1.41239e-07
 2.82479e-07
 2.82479e-07
 2.82479e-07
 2.82479e-07
 1.41239e-07
 1.31782e-07
 2.63564e-07
 2.63564e-07
 2.63564e-07
 2.63564e-07
 1.31782e-07
 1.27306e-07
 2.54611e-07
 2.54611e-07
 2.54611e-07
 2.54611e-07
 1.27306e-07
 1.25664e-07
 2.51327e-07
 2.51327e-07
 2.51327e-07
 2.51327e-07
 1.25664e-07
 9.74699e-07
 1.94940e-06
 1.94940e-06
 1.94940e-06
 1.94940e-06
 9.74699e-07
 9.75477e-07
 1.95095e-06
 1.95095e-06
 1.95095e-06
 1.95095e-06
 9.75477e-07
 9.76859e-07
 1.95372e-06
 1.95372e-06
 1.95372e-06
 1.95372e-06
 9.76859e-07
 9.78516e-07
 1.95703e-06
 1.95703e-06
 1.95703e-06
 1.95703e-06
 9.78516e-07
 9.80370e-07
 1.96074e-06
 1.96074e-06
 1.96074e-06
 1.96074e-06
 9.80370e-07
 9.82279e-07
 1.96456e-06
 1.96456e-06
 1.96456e-06
 1.96456e-06
 9.82279e-07
 9.84117e-07
 1.96823e-06
 1.96823e-06
 1.96823e-06
 1.96823e-06
 9.84117e-07
 9.85707e-07
 1.97141e-06
 1.97141e-06
 1.97141e-06
 1.97141e-06
 9.85707e-07
 9.86667e-07
 1.97333e-06
 1.97333e-06
 1.97333e-06
 1.97333e-06
 9.86667e-07
 9.86117e-07
 1.97223e-06
 1.97223e-06
 1.97223e-06
 1.97223e-06
 9.86117e-07
 9.81770e-07
 1.96354e-06
 1.96354e-06
 1.96354e-06
 1.96354e-06
 9.81770e-07
 9.69609e-07
 1.93922e-06
 1.93922e-06
 1.93922e-06
 1.93922e-06
 9.69609e-07
 9.44327e-07
 1.88865e-06
 1.88865e-06
 1.88865e-06
 1.88865e-06
 9.44327e-07
 8.99054e-07
 1.79811e-06
 1.79811e-06
 1.79811e-06
 1.79811e-06
 8.99054e-07
 8.20949e-07
 1.64190e-06
 1.64190e-06
 1.64190e-06
 1.64190e-06
 8.20949e-07
 7.27708e-07
 1.45542e-06
 1.45542e-06
 1.45542e-06
 1.45542e-06
 7.27708e-07
 6.60965e-07
 1.32193e-06
 1.32193e-06
 1.32193e-06
 1.32193e-06
 6.60965e-07
 6.26160e-07
 1.25232e-06
 1.25232e-06
 1.25232e-06
 1.25232e-06
 6.26160e-07
 6.05413e-07
 1.21083e-06
 1.21083e-06
 1.21083e-06
 1.21083e-06
 6.05413e-07
 5.84817e-07
 1.16963e-06
 1.16963e-06
 1.16963e-06
 1.16963e-06
 5.84817e-07
 5.55808e-07
 1.11162e-06
 1.11162e-06
 1.11162e-06
 1.11162e-06
 5.55808e-07
 5.14805e-07
 1.02961e-06
 1.02961e-06
 1.02961e-06
 1.02961e-06
 5.14805e-07
 4.63362e-07
 9.26723e-07
 9.26723e-07
 9.26723e-07
 9.26723e-07
 4.63362e-07
 4.07666e-07
 8.15332e-07
 8.15332e-07
 8.15332e-07
 8.15332e-07
 4.07666e-07
 3.56275e-07
 7.12550e-07
 7.12550e-07
 7.12550e-07
 7.12550e-07
 3.56275e-07
 3.13870e-07
 6.27741e-07
 6.27741e-07
 6.27741e-07
 6.27741e-07
 3.13870e-07
 2.82479e-07
 5.64958e-07
 5.64958e-07
 5.64958e-07
 5.64958e-07
 2.82479e-07
 2.63564e-07
 5.27127e-07
 5.27127e-07
 5.27127e-07
 5.27127e-07
 2.63564e-07
 2.54611e-07
 5.09223e-07
 5.09223e-07
 5.09223e-07
 5.09223e-07
 2.54611e-07
 2.51327e-07
 5.02654e-07
 5.02654e-07
 5.02654e-07
 5.02654e-07
 2.51327e-07
 9.74699e-07
 1.94940e-06
 1.94940e-06
 1.94940e-06
 1.94940e-06
 9.74699e-07
 9.75477e-07
 1.95095e-06
 1.95095e-06
 1.95095e-06
 1.95095e-06
 9.75477e-07
 9.76859e-07
 1.95372e-06
 1.95372e-06
 1.95372e-06
 1.95372e-06
 9.76859e-07
 9.78516e-07
 1.95703e-06
 1.95703e-06
 1.95703e-06
 1.95703e-06
 9.78516e-07
 9.80370e-07
 1.96074e-06
 1.96074e-06
 1.96074e-06
 1.96074e-06
 9.80370e-07
 9.82279e-07
 1.96456e-06
 1.96456e-06
 1.96456e-06
 1.96456e-06
 9.82279e-07
 9.84117e-07
 1.96823e-06
 1.96823e-06
 1.96823e-06
 1.96823e-06
 9.84117e-07
 9.85707e-07
 1.97141e-06
 1.97141e-06
 1.97141e-06
 1.97141e-06
 9.85707e-07
 9.86667e-07
 1.97333e-06
 1.97333e-06
 1.97333e-06
 1.97333e-06
 9.86667e-07
 9.86117e-07
 1.97223e-06
 1.97223e-06
 1.97223e-06
 1.97223e-06
 9.86117e-07
 9.81770e-07
 1.96354e-06
 1.96354e-06
 1.96354e-06
 1.96354e-06
 9.81770e-07
 9.69609e-07
 1.93922e-06
 1.93922e-06
 1.93922e-06
 1.93922e-06
 9.69609e-07
 9.44327e-07
 1.88865e-06
 1.88865e-06
 1.88865e-06
 1.88865e-06
 9.44327e-07
 8.99054e-07
 1.79811e-06
 1.79811e-06
 1.79811e-06
 1.79811e-06
 8.99054e-07
 8.20949e-07
 1.64190e-06
 1.64190e-06
 1.64190e-06
 1.64190e-06
 8.20949e-07
 7.27708e-07
 1.45542e-06
 1.45542e-06
 1.45542e-06
 1.45542e-06
 7.27708e-07
 6.60965e-07
 1.32193e-06
 1.32193e-06
 1.32193e-06
 1.32193e-06
 6.60965e-07
 6.26160e-07
 1.25232e-06
 1.25232e-06
 1.25232e-06
 1.25232e-06
 6.26160e-07
 6.05413e-07
 1.21083e-06
 1.21083e-06
 1.21083e-06
 1.21083e-06
 6.05413e-07
 5.84817e-07
 1.16963e-06
 1.16963e-06
 1.16963e-06
 1.16963e-06
 5.84817e-07
 5.55808e-07
 1.11162e-06
 1.11162e-06
 1.11162e-06
 1.11162e-06
 5.55808e-07
 5.14805e-07
 1.02961e-06
 1.02961e-06
 1.02961e-06
 1.02961e-06
 5.14805e-07
 4.63362e-07
 9.26723e-07
 9.26723e-07
 9.26723e-07
 9.26723e-07
 4.63362e-07
 4.07666e-07
 8.15332e-07
 8.15332e-07
 8.15332e-07
 8.15332e-07
 4.07666e-07
 3.56275e-07
 7.12550e-07
 7.12550e-07
 7.12550e-07
 7.12550e-07
 3.56275e-07
 3.13870e-07
 6.27741e-07
 6.27741e-07
 6.27741e-07
 6.27741e-07
 3.13870e-07
 2.82479e-07
 5.64958e-07
 5.64958e-07
 5.64958e-07
 5.64958e-07
 2.82479e-07
 2.63564e-07
 5.27127e-07
 5.27127e-07
 5.27127e-07
 5.27127e-07
 2.63564e-07
 2.54611e-07
 5.09223e-07
 5.09223e-07
 5.09223e-07
 5.09223e-07
 2.54611e-07
 2.51327e-07
 5.02654e-07
 5.02654e-07
 5.02654e-07
 5.02654e-07
 2.51327e-07
 9.74699e-07
 1.94940e-06
 1.94940e-06
 1.94940e-06
 1.94940e-06
 9.74699e-07
 9.75477e-07
 1.95095e-06
 1.95095e-06
 1.95095e-06
 1.95095e-06
 9.75477e-07
 9.76859e-07
 1.95372e-06
 1.95372e-06
 1.95372e-06
 1.95372e-06
 9.76859e-07
 9.78516e-07
 1.95703e-06
 1.95703e-06
 1.95703e-06
 1.95703e-06
 9.78516e-07
 9.80370e-07
 1.96074e-06
 1.96074e-06
 1.96074e-06
 1.96074e-06
 9.80370e-07
 9.82279e-07
 1.96456e-06
 1.96456e-06
 1.96456e-06
 1.96456e-06
 9.82279e-07
 9.84117e-07
 1.96823e-06
 1.96823e-06
 1.96823e-06
 1.96823e-06
 9.84117e-07
 9.85707e-07
 1.97141e-06
 1.97141e-06
 1.97141e-06
 1.97141e-06
 9.85707e-07
 9.86667e-07
 1.97333e-06
 1.97333e-06
 1.97333e-06
 1.97333e-06
 9.86667e-07
 9.86117e-07
 1.97223e-06
 1.97223e-06
 1.97223e-06
 1.97223e-06
 9.86117e-07
 9.81770e-07
 1.96354e-06
 1.96354e-06
 1.96354e-06
 1.96354e-06
 9.81770e-07
 9.69609e-07
 1.93922e-06
 1.93922e-06
 1.93922e-06
 1.93922e-06
 9.69609e-07
 9.44327e-07
 1.88865e-06
 1.88865e-06
 1.88865e-06
 1.88865e-06
 9.44327e-07
 8.99054e-07
 1.79811e-06
 1.79811e-06
 1.79811e-06
 1.79811e-06
 8.99054e-07
 8.20949e-07
 1.64190e-06
 1.64190e-06
 1.64190e-06
 1.64190e-06
 8.20949e-07
 7.27708e-07
 1.45542e-06
 1.45542e-06
 1.45542e-06
 1.45542e-06
 7.27708e-07
 6.60965e-07
 1.32193e-06
 1.32193e-06
 1.32193e-06
 1.32193e-06
 6.60965e-07
 6.26160e-07
 1.25232e-06
 1.25232e-06
 1.25232e-06
 1.25232e-06
 6.26160e-07
 6.05413e-07
 1.21083e-06
 1.21083e-06
 1.21083e-06
 1.21083e-06
 6.05413e-07
 5.84817e-07
 1.16963e-06
 1.16963e-06
 1.16963e-06
 1.16963e-06
 5.84817e-07
 5.55808e-07
 1.11162e-06
 1.11162e-06
 1.11162e-06
 1.11162e-06
 5.55808e-07
 5.14805e-07
 1.02961e-06
 1.02961e-06
 1.02961e-06
 1.02961e-06
 5.14805e-07
 4.63362e-07
 9.26723e-07
 9.26723e-07
 9.26723e-07
 9.26723e-07
 4.63362e-07
 4.07666e-07
 8.15332e-07
 8.15332e-07
 8.15332e-07
 8.15332e-07
 4.07666e-07
 3.56275e-07
 7.12550e-07
 7.12550e-07
 7.12550e-07
 7.12550e-07
 3.56275e-07
 3.13870e-07
 6.27741e-07
 6.27741e-07
 6.27741e-07
 6.27741e-07
 3.13870e-07
 2.82479e-07
 5.64958e-07
 5.64958e-07
 5.64958e-07
 5.64958e-07
 2.82479e-07
 2.63564e-07
 5.27127e-07
 5.27127e-07
 5.27127e-07
 5.27127e-07
 2.63564e-07
 2.54611e-07
 5.09223e-07
 5.09223e-07
 5.09223e-07
 5.09223e-07
 2.54611e-07
 2.51327e-07
 5.02654e-07
 5.02654e-07
 5.02654e-07
 5.02654e-07
 2.51327e-07
 9.74699e-07
 1.94940e-06
 1.94940e-06
 1.94940e-06
 1.94940e-06
 9.74699e-07
 9.75477e-07
 1.95095e-06
 1.95095e-06
 1.95095e-06
 1.95095e-06
 9.75477e-07
 9.76859e-07
 1.95372e-06
 1.95372e-06
 1.95372e-06
 1.95372e-06
 9.76859e-07
 9.78516e-07
 1.95703e-06
 1.95703e-06
 1.95703e-06
 1.95703e-06
 9.78516e-07
 9.80370e-07
 1.96074e-06
 1.96074e-06
 1.96074e-06
 1.96074e-06
 9.80370e-07
 9.82279e-07
 1.96456e-06
 1.96456e-06
 1.96456e-06
 1.96456e-06
 9.82279e-07
 9.84117e-07
 1.96823e-06
 1.96823e-06
 1.96823e-06
 1.96823e-06
 9.84117e-07
 9.85707e-07
 1.97141e-06
 1.97141e-06
 1.97141e-06
 1.97141e-06
 9.85707e-07
 9.86667e-07
 1.97333e-06
 1.97333e-06
 1.97333e-06
 1.97333e-06
 9.86667e-07
 9.86117e-07
 1.97223e-06
 1.97223e-06
 1.97223e-06
 1.97223e-06
 9.86117e-07
 9.81770e-07
 1.96354e-06
 1.96354e-06
 1.96354e-06
 1.96354e-06
 9.81770e-07
 9.69609e-07
 1.93922e-06
 1.93922e-06
 1.93922e-06
 1.93922e-06
 9.69609e-07
 9.44327e-07
 1.88865e-06
 1.88865e-06
 1.88865e-06
 1.88865e-06
 9.44327e-07
 8.99054e-07
 1.79811e-06
 1.79811e-06
 1.79811e-06
 1.79811e-06
 8.99054e-07
 8.20949e-07
 1.64190e-06
 1.64190e-06
 1.64190e-06
 1.64190e-06
 8.20949e-07
 7.27708e-07
 1.45542e-06
 1.45542e-06
 1.45542e-06
 1.45542e-06
 7.27708e-07
 6.60965e-07
 1.32193e-06
 1.32193e-06
 1.32193e-06
 1.32193e-06
 6.60965e-07
 6.26160e-07
 1.25232e-06
 1.25232e-06
 1.25232e-06
 1.25232e-06
 6.26160e-07
 6.05413e-07
 1.21083e-06
 1.21083e-06
 1.21083e-06
 1.21083e-06
 6.05413e-07
 5.84817e-07
 1.16963e-06
 1.16963e-06
 1.16963e-06
 1.16963e-06
 5.84817e-07
 5.55808e-07
 1.11162e-06
 1.11162e-06
 1.11162e-06
 1.11162e-06
 5.55808e-07
 5.14805e-07
 1.02961e-06
 1.02961e-06
 1.02961e-06
 1.02961e-06
 5.14805e-07
 4.63362e-07
 9.26723e-07
 9.26723e-07
 9.26723e-07
 9.26723e-07
 4.63362e-07
 4.07666e-07
 8.15332e-07
 8.15332e-07
 8.15332e-07
 8.15332e-07
 4.07666e-07
 3.56275e-07
 7.12550e-07
 7.12550e-07
 7.12550e-07
 7.12550e-07
 3.56275e-07
 3.13870e-07
 6.27741e-07
 6.27741e-07
 6.27741e-07
 6.27741e-07
 3.13870e-07
 2.82479e-07
 5.64958e-07
 5.64958e-07
 5.64958e-07
 5.64958e-07
 2.82479e-07
 2.63564e-07
 5.27127e-07
 5.27127e-07
 5.27127e-07
 5.27127e-07
 2.63564e-07
 2.54611e-07
 5.09223e-07
 5.09223e-07
 5.09223e-07
 5.09223e-07
 2.54611e-07
 2.51327e-07
 5.02654e-07
 5.02654e-07
 5.02654e-07
 5.02654e-07
 2.51327e-07
 4.87349e-07
 9.74699e-07
 9.74699e-07
 9.74699e-07
 9.74699e-07
 4.87349e-07
 4.87739e-07
 9.75477e-07
 9.75477e-07
 9.75477e-07
 9.75477e-07
 4.87739e-07
 4.88429e-07
 9.76859e-07
 9.76859e-07
 9.76859e-07
 9.76859e-07
 4.88429e-07
 4.89258e-07
 9.78516e-07
 9.78516e-07
 9.78516e-07
 9.78516e-07
 4.89258e-07
 4.90185e-07
 9.80370e-07
 9.80370e-07
 9.80370e-07
 9.80370e-07
 4.90185e-07
 4.91139e-07
 9.82279e-07
 9.82279e-07
 9.82279e-07
 9.82279e-07
 4.91139e-07
 4.92059e-07
 9.84117e-07
 9.84117e-07
 9.84117e-07
 9.84117e-07
 4.92059e-07
 4.92853e-07
 9.85707e-07
 9.85707e-07
 9.85707e-07
 9.85707e-07
 4.92853e-07
 4.93333e-07
 9.86667e-07
 9.86667e-07
 9.86667e-07
 9.86667e-07
 4.93333e-07
 4.93058e-07
 9.86117e-07
 9.86117e-07
 9.86117e-07
 9.86117e-07
 4.93058e-07
 4.90885e-07
 9.81770e-07
 9.81770e-07
 9.81770e-07
 9.81770e-07
 4.90885e-07
 4.84804e-07
 9.69609e-07
 9.69609e-07
 9.69609e-07
 9.69609e-07
 4.84804e-07
 4.72163e-07
 9.44327e-07
 9.44327e-07
 9.44327e-07
 9.44327e-07
 4.72163e-07
 4.49527e-07
 8.99054e-07
 8.99054e-07
 8.99054e-07
 8.99054e-07
 4.49527e-07
 4.10475e-07
 8.20949e-07
 8.20949e-07
 8.20949e-07
 8.20949e-07
 4.10475e-07
 3.63854e-07
 7.27708e-07
 7.27708e-07
 7.27708e-07
 7.27708e-07
 3.63854e-07
 3.30483e-07
 6.60965e-07
 6.60965e-07
 6.60965e-07
 6.60965e-07
 3.30483e-07
 3.13080e-07
 6.26160e-07
 6.26160e-07
 6.26160e-07
 6.26160e-07
 3.13080e-07
 3.02706e-07
 6.05413e-07
 6.05413e-07
 6.05413e-07
 6.05413e-07
 3.02706e-07
 2.92408e-07
 5.84817e-07
 5.84817e-07
 5.84817e-07
 5.84817e-07
 2.92408e-07
 2.77904e-07
 5.55808e-07
 5.55808e-07
 5.55808e-07
 5.55808e-07
 2.77904e-07
 2.57402e-07
 5.14805e-07
 5.14805e-07
 5.14805e-07
 5.14805e-07
 2.57402e-07
 2.31681e-07
 4.63362e-07
 4.63362e-07
 4.63362e-07
 4.63362e-07
 2.31681e-07
 2.03833e-07
 4.07666e-07
 4.07666e-07
 4.07666e-07
 4.07666e-07
 2.03833e-07
 1.78138e-07
 3.56275e-07
 3.56275e-07
 3.56275e-07
 3.56275e-07
 1.78138e-07
 1.56935e-07
 3.13870e-07
 3.13870e-07
 3.13870e-07
 3.13870e-07
 1.56935e-07
 1.41239e-07
 2.82479e-07
 2.82479e-07
 2.82479e-07
 2.82479e-07
 1.41239e-07
 1.31782e-07
 2.63564e-07
 2.63564e-07
 2.63564e-07
 2.63564e-07
 1.31782e-07
 1.27306e-07
 2.54611e-07
 2.54611e-07
 2.54611e-07
 2.54611e-07
 1.27306e-07
 1.25664e-07
 2.51327e-07
 2.51327e-07
 2.51327e-07
 2.51327e-07
 1.25664e-07
part
         4
coordinates
 1.56935e-07
 3.13870e-07
 3.13870e-07
 3.13870e-07
 3.13870e-07
 1.56935e-07
 1.41239e-07
 2.82479e-07
 2.82479e-07
 2.82479e-07
 2.82479e-07
 1.41239e-07
 1.31782e-07
 2.63564e-07
 2.63564e-07
 2.63564e-07
 2.63564e-07
 1.31782e-07
 1.27306e-07
 2.54611e-07
 2.54611e-07
 2.54611e-07
 2.54611e-07
 1.27306e-07
 1.25664e-07
 2.51327e-07
 2.51327e-07
 2.51327e-07
 2.51327e-07
 1.25664e-07
 1.25173e-07
 2.50345e-07
 2.50345e-07
 2.50345e-07
 2.50345e-07
 1.25173e-07
 1.25042e-07
 2.50084e-07
 2.50084e-07
 2.50084e-07
 2.50084e-07
 1.25042e-07
 1.25010e-07
 2.50020e-07
 2.50020e-07
 2.50020e-07
 2.50020e-07
 1.25010e-07
 1.25002e-07
 2.50004e-07
 2.50004e-07
 2.50004e-07
 2.50004e-07
 1.25002e-07
 1.25000e-07
 2.50001e-07
 2.50001e-07
 2.50001e-07
 2.50001e-07
 1.25000e-07
 1.25000e-07
 2.50000e-07
 2.50000e-07
 2.50000e-07
 2.50000e-07
 1.25000e-07
 1.25000e-07
 2.50000e-07
 2.50000e-07
 2.50000e-07
 2.50000e-07
 1.25000e-07
 1.25000e-07
 2.50000e-07
 2.50000e-07
 2.50000e-07
 2.50000e-07
 1.25000e-07
 1.25000e-07
 2.50000e-07
 2.50000e-07
 2.50000e-07
 2.50000e-07
 1.25000e-07
 1.25000e-07
 2.50000e-07
 2.50000e-07
 2.50000e-07
 2.50000e-07
 1.25000e-07
 1.25000e-07
 2.50000e-07
 2.50000e-07
 2.50000e-07
 2.50000e-07
 1.25000e-07
 1.25000e-07
 2.50000e-07
 2.50000e-07
 2.50000e-07
 2.50000e-07
 1.25000e-07
 1.25000e-07
 2.50000e-07
 2.50000e-07
 2.50000e-07
 2.50000e-07
 1.25000e-07
 1.25000e-07
 2.50000e-07
 2.50000e-07
 2.50000e-07
 2.50000e-07
 1.25000e-07
 1.25000e-07
 2.50000e-07
 2.50000e-07
 2.50000e-07
 2.50000e-07
 1.25000e-07
 1.25000e-07
 2.50000e-07
 2.50000e-07
 2.50000e-07
 2.50000e-07
 1.25000e-07
 1.25000e-07
 2.50000e-07
 2.50000e-07
 2.50000e-07
 2.50000e-07
 1.25000e-07
 1.25000e-07
 2.50000e-07
 2.50000e-07
 2.50000e-07
 2.50000e-07
 1.25000e-07
 1.25000e-07
 2.50000e-07
 2.50000e-07
 2.50000e-07
 2.50000e-07
 1.25000e-07
 1.25000e-07
 2.50000e-07
 2.50000e-07
 2.50000e-07
 2.50000e-07
 1.25000e-07
 1.25000e-07
 2.50000e-07
 2.50000e-07
 2.50000e-07
 2.50000e-07
 1.25000e-07
 1.25000e-07
 2.50000e-07
 2.50000e-07
 2.50000e-07
 2.50000e-07
 1.25000e-07
 6.25000e-08
 1.25000e-07
 1.25000e-07
 1.25000e-07
 1.25000e-07
 6.25000e-08
 3.13870e-07
 6.27741e-07
 6.27741e-07
 6.27741e-07
 6.27741e-07
 3.13870e-07
 2.82479e-07
 5.64958e-07
 5.64958e-07
 5.64958e-07
 5.64958e-07
 2.82479e-07
 2.63564e-07
 5.27127e-07
 5.27127e-07
 5.27127e-07
 5.27127e-07
 2.63564e-07
 2.54611e-07
 5.09223e-07
 5.09223e-07
 5.09223e-07
 5.09223e-07
 2.54611e-07
 2.51327e-07
 5.02654e-07
 5.02654e-07
 5.02654e-07
 5.02654e-07
 2.51327e-07
 2.50345e-07
 5.00690e-07
 5.00690e-07
 5.00690e-07
 5.00690e-07
 2.50345e-07
 2.50084e-07
 5.00169e-07
 5.00169e-07
 5.00169e-07
 5.00169e-07
 2.50084e-07
 2.50020e-07
 5.00040e-07
 5.00040e-07
 5.00040e-07
 5.00040e-07
 2.50020e-07
 2.50004e-07
 5.00009e-07
 5.00009e-07
 5.00009e-07
 5.00009e-07
 2.50004e-07
 2.50001e-07
 5.00002e-07
 5.00002e-07
 5.00002e-07
 5.00002e-07
 2.50001e-07
 2.50000e-07
 5.00000e-07
 5.00000e-07
 5.00000e-07
 5.00000e-07
 2.50000e-07
 2.50000e-07
 5.00000e-07
 5.00000e-07
 5.00000e-07
 5.00000e-07
 2.50000e-07
 2.50000e-07
 5.00000e-07
 5.00000e-07
 5.00000e-07
 5.00000e-07
 2.50000e-07
 2.50000e-07
 5.00000e-07
 5.00000e-07
 5.00000e-07
 5.00000e-07
 2.50000e-07
 2.50000e-07
 5.00000e-07
 5.00000e-07
 5.00000e-07
 5.00000e-07
 2.50000e-07
 2.50000e-07
 5.00000e-07
 5.00000e-07
 5.00000e-07
 5.00000e-07
 2.50000e-07
 2.50000e-07
 5.00000e-07
 5.00000e-07
 5.00000e-07
 5.00000e-07
 2.50000e-07
 2.50000e-07
 5.00000e-07
 5.00000e-07
 5.00000e-07
 5.00000e-07
 2.50000e-07
 2.50000e-07
 5.00000e-07
 5.00000e-07
 5.00000e-07
 5.00000e-07
 2.50000e-07
 2.50000e-07
 5.00000e-07
 5.00000e-07
 5.00000e-07
 5.00000e-07
 2.50000e-07
 2.50000e-07
 5.00000e-07
 5.00000e-07
 5.00000e-07
 5.00000e-07
 2.50000e-07
 2.50000e-07
 5.00000e-07
 5.00000e-07
 5.00000e-07
 5.00000e-07
 2.50000e-07
 2.50000e-07
 5.00000e-07
 5.00000e-07
 5.00000e-07
 5.00000e-07
 2.50000e-07
 2.50000e-07
 5.00000e-07
 5.00000e-07
 5.00000e-07
 5.00000e-07
 2.50000e-07
 2.50000e-07
 5.00000e-07
 5.00000e-07
 5.00000e-07
 5.00000e-07
 2.50000e-07
 2.50000e-07
 5.00000e-07
 5.00000e-07
 5.00000e-07
 5.00000e-07
 2.50000e-07
 2.50000e-07
 5.00000e-07
 5.00000e-07
 5.00000e-07
 5.00000e-07
 2.50000e-07
 1.25000e-07
 2.50000e-07
 2.50000e-07
 2.50000e-07
 2.50000e-07
 1.25000e-07
 3.13870e-07
 6.27741e-07
 6.27741e-07
 6.27741e-07
 6.27741e-07
 3.13870e-07
 2.82479e-07
 5.64958e-07
 5.64958e-07
 5.64958e-07
 5.64958e-07
 2.82479e-07
 2.63564e-07
 5.27127e-07
 5.27127e-07
 5.27127e-07
 5.27127e-07
 2.63564e-07
 2.54611e-07
 5.09223e-07
 5.09223e-07
 5.09223e-07
 5.09223e-07
 2.54611e-07
 2.51327e-07
 5.02654e-07
 5.02654e-07
 5.02654e-07
 5.02654e-07
 2.51327e-07
 2.50345e-07
 5.00690e-07
 5.00690e-07
 5.00690e-07
 5.00690e-07
 2.50345e-07
 2.50084e-07
 5.00169e-07
 5.00169e-07
 5.00169e-07
 5.00169e-07
 2.50084e-07
 2.50020e-07
 5.00040e-07
 5.00040e-07
 5.00040e-07
 5.00040e-07
 2.50020e-07
 2.50004e-07
 5.00009e-07
 5.00009e-07
 5.00009e-07
 5.00009e-07
 2.50004e-07
 2.50001e-07
 5.00002e-07
 5.00002e-07
 5.00002e-07
 5.00002e-07
 2.50001e-07
 2.50000e-07
 5.00000e-07
 5.00000e-07
 5.00000e-07
 5.00000e-07
 2.50000e-07
 2.50000e-07
 5.00000e-07
 5.00000e-07
 5.00000e-07
 5.00000e-07
 2.50000e-07
 2.50000e-07
 5.00000e-07
 5.00000e-07
 5.00000e-07
 5.00000e-07
 2.50000e-07
 2.50000e-07
 5.00000e-07
 5.00000e-07
 5.00000e-07
 5.00000e-07
 2.50000e-07
 2.50000e-07
 5.00000e-07
 5.00000e-07
 5.00000e-07
 5.00000e-07
 2.50000e-07
 2.50000e-07
 5.00000e-07
 5.00000e-07
 5.00000e-07
 5.00000e-07
 2.50000e-07
 2.50000e-07
 5.00000e-07
 5.00000e-07
 5.00000e-07
 5.00000e-07
 2.50000e-07
 2.50000e-07
 5.00000e-07
 5.00000e-07
 5.00000e-07
 5.00000e-07
 2.50000e-07
 2.50000e-07
 5.00000e-07
 5.00000e-07
 5.00000e-07
 5.00000e-07
 2.50000e-07
 2.50000e-07
 5.00000e-07
 5.00000e-07
 5.00000e-07
 5.00000e-07
 2.50000e-07
 2.50000e-07
 5.00000e-07
 5.00000e-07
 5.00000e-07
 5.00000e-07
 2.50000e-07
 2.50000e-07
 5.00000e-07
 5.00000e-07
 5.00000e-07
 5.00000e-07
 2.50000e-07
 2.50000e-07
 5.00000e-07
 5.00000e-07
 5.00000e-07
 5.00000e-07
 2.50000e-07
 2.50000e-07
 5.00000e-07
 5.00000e-07
 5.00000e-07
 5.00000e-07
 2.50000e-07
 2.50000e-07
 5.00000e-07
 5.00000e-07
 5.00000e-07
 5.00000e-07
 2.50000e-07
 2.50000e-07
 5.00000e-07
 5.00000e-07
 5.00000e-07
 5.00000e-07
 2.50000e-07
 2.50000e-07
 5.00000e-07
 5.00000e-07
 5.00000e-07
 5.00000e-07
 2.50000e-07
 1.25000e-07
 2.50000e-07
 2.50000e-07
 2.50000e-07
 2.50000e-07
 1.25000e-07
 3.13870e-07
 6.27741e-07
 6.27741e-07
 6.27741e-07
 6.27741e-07
 3.13870e-07
 2.82479e-07
 5.64958e-07
 5.64958e-07
 5.64958e-07
 5.64958e-07
 2.82479e-07
 2.63564e-07
 5.27127e-07
 5.27127e-07
 5.27127e-07
 5.27127e-07
 2.63564e-07
 2.54611e-07
 5.09223e-07
 5.09223e-07
 5.09223e-07
 5.09223e-07
 2.54611e-07
 2.51327e-07
 5.02654e-07
 5.02654e-07
 5.02654e-07
 5.02654e-07
 2.51327e-07
 2.50345e-07
 5.00690e-07
 5.00690e-07
 5.00690e-07
 5.00690e-07
 2.50345e-07
 2.50084e-07
 5.00169e-07
 5.00169e-07
 5.00169e-07
 5.00169e-07
 2.50084e-07
 2.50020e-07
 5.00040e-07
 5.00040e-07
 5.00040e-07
 5.00040e-07
 2.50020e-07
 2.50004e-07
 5.00009e-07
 5.00009e-07
 5.00009e-07
 5.00009e-07
 2.50004e-07
 2.50001e-07
 5.00002e-07
 5.00002e-07
 5.00002e-07
 5.00002e-07
 2.50001e-07
 2.50000e-07
 5.00000e-07
 5.00000e-07
 5.00000e-07
 5.00000e-07
 2.50000e-07
 2.50000e-07
 5.00000e-07
 5.00000e-07
 5.00000e-07
 5.00000e-07
 2.50000e-07
 2.50000e-07
 5.00000e-07
 5.00000e-07
 5.00000e-07
 5.00000e-07
 2.50000e-07
 2.50000e-07
 5.00000e-07
 5.00000e-07
 5.00000e-07
 5.00000e-07
 2.50000e-07
 2.50000e-07
 5.00000e-07
 5.00000e-07
 5.00000e-07
 5.00000e-07
 2.50000e-07
 2.50000e-07
 5.00000e-07
 5.00000e-07
 5.00000e-07
 5.00000e-07
 2.50000e-07
 2.50000e-07
 5.00000e-07
 5.00000e-07
 5.00000e-07
 5.00000e-07
 2.50000e-07
 2.50000e-07
 5.00000e-07
 5.00000e-07
 5.00000e-07
 5.00000e-07
 2.50000e-07
 2.50000e-07
 5.00000e-07
 5.00000e-07
 5.00000e-07
 5.00000e-07
 2.50000e-07
 2.50000e-07
 5.00000e-07
 5.00000e-07
 5.00000e-07
 5.00000e-07
 2.50000e-07
 2.50000e-07
 5.00000e-07
 5.00000e-07
 5.00000e-07
 5.00000e-07
 2.50000e-07
 2.50000e-07
 5.00000e-07
 5.00000e-07
 5.00000e-07
 5.00000e-07
 2.50000e-07
 2.50000e-07
 5.00000e-07
 5.00000e-07
 5.00000e-07
 5.00000e-07
 2.50000e-07
 2.50000e-07
 5.00000e-07
 5.00000e-07
 5.00000e-07
 5.00000e-07
 2.50000e-07
 2.50000e-07
 5.00000e-07
 5.00000e-07
 5.00000e-07
 5.00000e-07
 2.50000e-07
 2.50000e-07
 5.00000e-07
 5.00000e-07
 5.00000e-07
 5.00000e-07
 2.50000e-07
 2.50000e-07
 5.00000e-07
 5.00000e-07
 5.00000e-07
 5.00000e-07
 2.50000e-07
 1.25000e-07
 2.50000e-07
 2.50000e-07
 2.50000e-07
 2.50000e-07
 1.25000e-07
 3.13870e-07
 6.27741e-07
 6.27741e-07
 6.27741e-07
 6.27741e-07
 3.13870e-07
 2.82479e-07
 5.64958e-07
 5.64958e-07
 5.64958e-07
 5.64958e-07
 2.82479e-07
 2.63564e-07
 5.27127e-07
 5.27127e-07
 5.27127e-07
 5.27127e-07
 2.63564e-07
 2.54611e-07
 5.09223e-07
 5.09223e-07
 5.09223e-07
 5.09223e-07
 2.54611e-07
 2.51327e-07
 5.02654e-07
 5.02654e-07
 5.02654e-07
 5.02654e-07
 2.51327e-07
 2.50345e-07
 5.00690e-07
 5.00690e-07
 5.00690e-07
 5.00690e-07
 2.50345e-07
 2.50084e-07
 5.00169e-07
 5.00169e-07
 5.00169e-07
 5.00169e-07
 2.50084e-07
 2.50020e-07
 5.00040e-07
 5.00040e-07
 5.00040e-07
 5.00040e-07
 2.50020e-07
 2.50004e-07
 5.00009e-07
 5.00009e-07
 5.00009e-07
 5.00009e-07
 2.50004e-07
 2.50001e-07
 5.00002e-07
 5.00002e-07
 5.00002e-07
 5.00002e-07
 2.50001e-07
 2.50000e-07
 5.00000e-07
 5.00000e-07
 5.00000e-07
 5.00000e-07
 2.50000e-07
 2.50000e-07
 5.00000e-07
 5.00000e-07
 5.00000e-07
 5.00000e-07
 2.50000e-07
 2.50000e-07
 5.00000e-07
 5.00000e-07
 5.00000e-07
 5.00000e-07
 2.50000e-07
 2.50000e-07
 5.00000e-07
 5.00000e-07
 5.00000e-07
 5.00000e-07
 2.50000e-07
 2.50000e-07
 5.00000e-07
 5.00000e-07
 5.00000e-07
 5.00000e-07
 2.50000e-07
 2.50000e-07
 5.00000e-07
 5.00000e-07
 5.00000e-07
 5.00000e-07
 2.50000e-07
 2.50000e-07
 5.00000e-07
 5.00000e-07
 5.00000e-07
 5.00000e-07
 2.50000e-07
 2.50000e-07
 5.00000e-07
 5.00000e-07
 5.00000e-07
 5.00000e-07
 2.50000e-07
 2.50000e-07
 5.00000e-07
 5.00000e-07
 5.00000e-07
 5.00000e-07
 2.50000e-07
 2.50000e-07
 5.00000e-07
 5.00000e-07
 5.00000e-07
 5.00000e-07
 2.50000e-07
 2.50000e-07
 5.00000e-07
 5.00000e-07
 5.00000e-07
 5.00000e-07
 2.50000e-07
 2.50000e-07
 5.00000e-07
 5.00000e-07
 5.00000e-07
 5.00000e-07
 2.50000e-07
 2.50000e-07
 5.00000e-07
 5.00000e-07
 5.00000e-07
 5.00000e-07
 2.50000e-07
 2.50000e-07
 5.00000e-07
 5.00000e-07
 5.00000e-07
 5.00000e-07
 2.50000e-07
 2.50000e-07
 5.00000e-07
 5.00000e-07
 5.00000e-07
 5.00000e-07
 2.50000e-07
 2.50000e-07
 5.00000e-07
 5.00000e-07
 5.00000e-07
 5.00000e-07
 2.50000e-07
 2.50000e-07
 5.00000e-07
 5.00000e-07
 5.00000e-07
 5.00000e-07
 2.50000e-07
 1.25000e-07
 2.50000e-07
 2.50000e-07
 2.50000e-07
 2.50000e-07
 1.25000e-07
 1.56935e-07
 3.13870e-07
 3.13870e-07
 3.13870e-07
 3.13870e-07
 1.56935e-07
 1.41239e-07
 2.82479e-07
 2.82479e-07
 2.82479e-07
 2.82479e-07
 1.41239e-07
 1.31782e-07
 2.63564e-07
 2.63564e-07
 2.63564e-07
 2.63564e-07
 1.31782e-07
 1.27306e-07
 2.54611e-07
 2.54611e-07
 2.54611e-07
 2.54611e-07
 1.27306e-07
 1.25664e-07
 2.51327e-07
 2.51327e-07
 2.51327e-07
 2.51327e-07
 1.25664e-07
 1.25173e-07
 2.50345e-07
 2.50345e-07
 2.50345e-07
 2.50345e-07
 1.25173e-07
 1.25042e-07
 2.50084e-07
 2.50084e-07
 2.50084e-07
 2.50084e-07
 1.25042e-07
 1.25010e-07
 2.50020e-07
 2.50020e-07
 2.50020e-07
 2.50020e-07
 1.25010e-07
 1.25002e-07
 2.50004e-07
 2.50004e-07
 2.50004e-07
 2.50004e-07
 1.25002e-07
 1.25000e-07
 2.50001e-07
 2.50001e-07
 2.50001e-07
 2.50001e-07
 1.25000e-07
 1.25000e-07
 2.50000e-07
 2.50000e-07
 2.50000e-07
 2.50000e-07
 1.25000e-07
 1.25000e-07
 2.50000e-07
 2.50000e-07
 2.50000e-07
 2.50000e-07
 1.25000e-07
 1.25000e-07
 2.50000e-07
 2.50000e-07
 2.50000e-07
 2.50000e-07
 1.25000e-07
 1.25000e-07
 2.50000e-07
 2.50000e-07
 2.50000e-07
 2.50000e-07
 1.25000e-07
 1.25000e-07
 2.50000e-07
 2.50000e-07
 2.50000e-07
 2.50000e-07
 1.25000e-07
 1.25000e-07
 2.50000e-07
 2.50000e-07
 2.50000e-07
 2.50000e-07
 1.25000e-07
 1.25000e-07
 2.50000e-07
 2.50000e-07
 2.50000e-07
 2.50000e-07
 1.25000e-07
 1.25000e-07
 2.50000e-07
 2.50000e-07
 2.50000e-07
 2.50000e-07
 1.25000e-07
 1.25000e-07
 2.50000e-07
 2.50000e-07
 2.50000e-07
 2.50000e-07
 1.25000e-07
 1.25000e-07
 2.50000e-07
 2.50000e-07
 2.50000e-07
 2.50000e-07
 1.25000e-07
 1.25000e-07
 2.50000e-07
 2.50000e-07
 2.50000e-07
 2.50000e-07
 1.25000e-07
 1.25000e-07
 2.50000e-07
 2.50000e-07
 2.50000e-07
 2.50000e-07
 1.25000e-07
 1.25000e-07
 2.50000e-07
 2.50000e-07
 2.50000e-07
 2.50000e-07
 1.25000e-07
 1.25000e-07
 2.50000e-07
 2.50000e-07
 2.50000e-07
 2.50000e-07
 1.25000e-07
 1.25000e-07
 2.50000e-07
 2.50000e-07
 2.50000e-07
 2.50000e-07
 1.25000e-07
 1.25000e-07
 2.50000e-07
 2.50000e-07
 2.50000e-07
 2.50000e-07
 1.25000e-07
 1.25000e-07
 2.50000e-07
 2.50000e-07
 2.50000e-07
 2.50000e-07
 1.25000e-07
 6.25000e-08
 1.25000e-07
 1.25000e-07
 1.25000e-07
 1.25000e-07
 6.25000e-08
