Pressure
part
         1
hexa8
 1.00000e+00
 1.00000e+00
 1.00000e+00
 1.00000e+00
 1.00000e+00
 1.00000e+00
 1.00000e+00
 1.00000e+00
 1.00000e+00
 1.00000e+00
 1.00000e+00
 1.00000e+00
 1.00000e+00
 1.00000e+00
 1.00000e+00
 1.00000e+00
 9.99999e-01
 9.99997e-01
 9.99981e-01
 9.99899e-01
 9.99532e-01
 9.98076e-01
 9.93176e-01
 9.79833e-01
 9.52153e-01
 1.00000e+00
 1.00000e+00
 1.00000e+00
 1.00000e+00
 1.00000e+00
 1.00000e+00
 1.00000e+00
 1.00000e+00
 1.00000e+00
 1.00000e+00
 1.00000e+00
 1.00000e+00
 1.00000e+00
 1.00000e+00
 1.00000e+00
 1.00000e+00
 9.99999e-01
 9.99997e-01
 9.99981e-01
 9.99899e-01
 9.99532e-01
 9.98076e-01
 9.93176e-01
 9.79833e-01
 9.52153e-01
 1.00000e+00
 1.00000e+00
 1.00000e+00
 1.00000e+00
 1.00000e+00
 1.00000e+00
 1.00000e+00
 1.00000e+00
 1.00000e+00
 1.00000e+00
 1.00000e+00
 1.00000e+00
 1.00000e+00
 1.00000e+00
 1.00000e+00
 1.00000e+00
 9.99999e-01
 9.99997e-01
 9.99981e-01
 9.99899e-01
 9.99532e-01
 9.98076e-01
 9.93176e-01
 9.79833e-01
 9.52153e-01
 1.00000e+00
 1.00000e+00
 1.00000e+00
 1.00000e+00
 1.00000e+00
 1.00000e+00
 1.00000e+00
 1.00000e+00
 1.00000e+00
 1.00000e+00
 1.00000e+00
 1.00000e+00
 1.00000e+00
 1.00000e+00
 1.00000e+00
 1.00000e+00
 9.99999e-01
 9.99997e-01
 9.99981e-01
 9.99899e-01
 9.99532e-01
 9.98076e-01
 9.93176e-01
 9.79833e-01
 9.52153e-01
 1.00000e+00
 1.00000e+00
 1.00000e+00
 1.00000e+00
 1.00000e+00
 1.00000e+00
 1.00000e+00
 1.00000e+00
 1.00000e+00
 1.00000e+00
 1.00000e+00
 1.00000e+00
 1.00000e+00
 1.00000e+00
 1.00000e+00
 1.00000e+00
 9.99999e-01
 9.99997e-01
 9.99981e-01
 9.99899e-01
 9.99532e-01
 9.98076e-01
 9.93176e-01
 9.79833e-01
 9.52153e-01
 1.00000e+00
 1.00000e+00
 1.00000e+00
 1.00000e+00
 1.00000e+00
 1.00000e+00
 1.00000e+00
 1.00000e+00
 1.00000e+00
 1.00000e+00
 1.00000e+00
 1.00000e+00
 1.00000e+00
 1.00000e+00
 1.00000e+00
 1.00000e+00
 9.99999e-01
 9.99997e-01
 9.99981e-01
 9.99899e-01
 9.99532e-01
 9.98076e-01
 9.93176e-01
 9.79833e-01
 9.52153e-01
 1.00000e+00
 1.00000e+00
 1.00000e+00
 1.00000e+00
 1.00000e+00
 1.00000e+00
 1.00000e+00
 1.00000e+00
 1.00000e+00
 1.00000e+00
 1.00000e+00
 1.00000e+00
 1.00000e+00
 1.00000e+00
 1.00000e+00
 1.00000e+00
 9.99999e-01
 9.99997e-01
 9.99981e-01
 9.99899e-01
 9.99532e-01
 9.98076e-01
 9.93176e-01
 9.79833e-01
 9.52153e-01
 1.00000e+00
 1.00000e+00
 1.00000e+00
 1.00000e+00
 1.00000e+00
 1.00000e+00
 1.00000e+00
 1.00000e+00
 1.00000e+00
 1.00000e+00
 1.00000e+00
 1.00000e+00
 1.00000e+00
 1.00000e+00
 1.00000e+00
 1.00000e+00
 9.99999e-01
 9.99997e-01
 9.99981e-01
 9.99899e-01
 9.99532e-01
 9.98076e-01
 9.93176e-01
 9.79833e-01
 9.52153e-01
 1.00000e+00
 1.00000e+00
 1.00000e+00
 1.00000e+00
 1.00000e+00
 1.00000e+00
 1.00000e+00
 1.00000e+00
 1.00000e+00
 1.00000e+00
 1.00000e+00
 1.00000e+00
 1.00000e+00
 1.00000e+00
 1.00000e+00
 1.00000e+00
 9.99999e-01
 9.99997e-01
 9.99981e-01
 9.99899e-01
 9.99532e-01
 9.98076e-01
 9.93176e-01
 9.79833e-01
 9.52153e-01
 1.00000e+00
 1.00000e+00
 1.00000e+00
 1.00000e+00
 1.00000e+00
 1.00000e+00
 1.00000e+00
 1.00000e+00
 1.00000e+00
 1.00000e+00
 1.00000e+00
 1.00000e+00
 1.00000e+00
 1.00000e+00
 1.00000e+00
 1.00000e+00
 9.99999e-01
 9.99997e-01
 9.99981e-01
 9.99899e-01
 9.99532e-01
 9.98076e-01
 9.93176e-01
 9.79833e-01
 9.52153e-01
 1.00000e+00
 1.00000e+00
 1.00000e+00
 1.00000e+00
 1.00000e+00
 1.00000e+00
 1.00000e+00
 1.00000e+00
 1.00000e+00
 1.00000e+00
 1.00000e+00
 1.00000e+00
 1.00000e+00
 1.00000e+00
 1.00000e+00
 1.00000e+00
 9.99999e-01
 9.99997e-01
 9.99981e-01
 9.99899e-01
 9.99532e-01
 9.98076e-01
 9.93176e-01
 9.79833e-01
 9.52153e-01
 1.00000e+00
 1.00000e+00
 1.00000e+00
 1.00000e+00
 1.00000e+00
 1.00000e+00
 1.00000e+00
 1.00000e+00
 1.00000e+00
 1.00000e+00
 1.00000e+00
 1.00000e+00
 1.00000e+00
 1.00000e+00
 1.00000e+00
 1.00000e+00
 9.99999e-01
 9.99997e-01
 9.99981e-01
 9.99899e-01
 9.99532e-01
 9.98076e-01
 9.93176e-01
 9.79833e-01
 9.52153e-01
 1.00000e+00
 1.00000e+00
 1.00000e+00
 1.00000e+00
 1.00000e+00
 1.00000e+00
 1.00000e+00
 1.00000e+00
 1.00000e+00
 1.00000e+00
 1.00000e+00
 1.00000e+00
 1.00000e+00
 1.00000e+00
 1.00000e+00
 1.00000e+00
 9.99999e-01
 9.99997e-01
 9.99981e-01
 9.99899e-01
 9.99532e-01
 9.98076e-01
 9.93176e-01
 9.79833e-01
 9.52153e-01
 1.00000e+00
 1.00000e+00
 1.00000e+00
 1.00000e+00
 1.00000e+00
 1.00000e+00
 1.00000e+00
 1.00000e+00
 1.00000e+00
 1.00000e+00
 1.00000e+00
 1.00000e+00
 1.00000e+00
 1.00000e+00
 1.00000e+00
 1.00000e+00
 9.99999e-01
 9.99997e-01
 9.99981e-01
 9.99899e-01
 9.99532e-01
 9.98076e-01
 9.93176e-01
 9.79833e-01
 9.52153e-01
 1.00000e+00
 1.00000e+00
 1.00000e+00
 1.00000e+00
 1.00000e+00
 1.00000e+00
 1.00000e+00
 1.00000e+00
 1.00000e+00
 1.00000e+00
 1.00000e+00
 1.00000e+00
 1.00000e+00
 1.00000e+00
 1.00000e+00
 1.00000e+00
 9.99999e-01
 9.99997e-01
 9.99981e-01
 9.99899e-01
 9.99532e-01
 9.98076e-01
 9.93176e-01
 9.79833e-01
 9.52153e-01
 1.00000e+00
 1.00000e+00
 1.00000e+00
 1.00000e+00
 1.00000e+00
 1.00000e+00
 1.00000e+00
 1.00000e+00
 1.00000e+00
 1.00000e+00
 1.00000e+00
 1.00000e+00
 1.00000e+00
 1.00000e+00
 1.00000e+00
 1.00000e+00
 9.99999e-01
 9.99997e-01
 9.99981e-01
 9.99899e-01
 9.99532e-01
 9.98076e-01
 9.93176e-01
 9.79833e-01
 9.52153e-01
 1.00000e+00
 1.00000e+00
 1.00000e+00
 1.00000e+00
 1.00000e+00
 1.00000e+00
 1.00000e+00
 1.00000e+00
 1.00000e+00
 1.00000e+00
 1.00000e+00
 1.00000e+00
 1.00000e+00
 1.00000e+00
 1.00000e+00
 1.00000e+00
 9.99999e-01
 9.99997e-01
 9.99981e-01
 9.99899e-01
 9.99532e-01
 9.98076e-01
 9.93176e-01
 9.79833e-01
 9.52153e-01
 1.00000e+00
 1.00000e+00
 1.00000e+00
 1.00000e+00
 1.00000e+00
 1.00000e+00
 1.00000e+00
 1.00000e+00
 1.00000e+00
 1.00000e+00
 1.00000e+00
 1.00000e+00
 1.00000e+00
 1.00000e+00
 1.00000e+00
 1.00000e+00
 9.99999e-01
 9.99997e-01
 9.99981e-01
 9.99899e-01
 9.99532e-01
 9.98076e-01
 9.93176e-01
 9.79833e-01
 9.52153e-01
 1.00000e+00
 1.00000e+00
 1.00000e+00
 1.00000e+00
 1.00000e+00
 1.00000e+00
 1.00000e+00
 1.00000e+00
 1.00000e+00
 1.00000e+00
 1.00000e+00
 1.00000e+00
 1.00000e+00
 1.00000e+00
 1.00000e+00
 1.00000e+00
 9.99999e-01
 9.99997e-01
 9.99981e-01
 9.99899e-01
 9.99532e-01
 9.98076e-01
 9.93176e-01
 9.79833e-01
 9.52153e-01
 1.00000e+00
 1.00000e+00
 1.00000e+00
 1.00000e+00
 1.00000e+00
 1.00000e+00
 1.00000e+00
 1.00000e+00
 1.00000e+00
 1.00000e+00
 1.00000e+00
 1.00000e+00
 1.00000e+00
 1.00000e+00
 1.00000e+00
 1.00000e+00
 9.99999e-01
 9.99997e-01
 9.99981e-01
 9.99899e-01
 9.99532e-01
 9.98076e-01
 9.93176e-01
 9.79833e-01
 9.52153e-01
 1.00000e+00
 1.00000e+00
 1.00000e+00
 1.00000e+00
 1.00000e+00
 1.00000e+00
 1.00000e+00
 1.00000e+00
 1.00000e+00
 1.00000e+00
 1.00000e+00
 1.00000e+00
 1.00000e+00
 1.00000e+00
 1.00000e+00
 1.00000e+00
 9.99999e-01
 9.99997e-01
 9.99981e-01
 9.99899e-01
 9.99532e-01
 9.98076e-01
 9.93176e-01
 9.79833e-01
 9.52153e-01
 1.00000e+00
 1.00000e+00
 1.00000e+00
 1.00000e+00
 1.00000e+00
 1.00000e+00
 1.00000e+00
 1.00000e+00
 1.00000e+00
 1.00000e+00
 1.00000e+00
 1.00000e+00
 1.00000e+00
 1.00000e+00
 1.00000e+00
 1.00000e+00
 9.99999e-01
 9.99997e-01
 9.99981e-01
 9.99899e-01
 9.99532e-01
 9.98076e-01
 9.93176e-01
 9.79833e-01
 9.52153e-01
 1.00000e+00
 1.00000e+00
 1.00000e+00
 1.00000e+00
 1.00000e+00
 1.00000e+00
 1.00000e+00
 1.00000e+00
 1.00000e+00
 1.00000e+00
 1.00000e+00
 1.00000e+00
 1.00000e+00
 1.00000e+00
 1.00000e+00
 1.00000e+00
 9.99999e-01
 9.99997e-01
 9.99981e-01
 9.99899e-01
 9.99532e-01
 9.98076e-01
 9.93176e-01
 9.79833e-01
 9.52153e-01
 1.00000e+00
 1.00000e+00
 1.00000e+00
 1.00000e+00
 1.00000e+00
 1.00000e+00
 1.00000e+00
 1.00000e+00
 1.00000e+00
 1.00000e+00
 1.00000e+00
 1.00000e+00
 1.00000e+00
 1.00000e+00
 1.00000e+00
 1.00000e+00
 9.99999e-01
 9.99997e-01
 9.99981e-01
 9.99899e-01
 9.99532e-01
 9.98076e-01
 9.93176e-01
 9.79833e-01
 9.52153e-01
 1.00000e+00
 1.00000e+00
 1.00000e+00
 1.00000e+00
 1.00000e+00
 1.00000e+00
 1.00000e+00
 1.00000e+00
 1.00000e+00
 1.00000e+00
 1.00000e+00
 1.00000e+00
 1.00000e+00
 1.00000e+00
 1.00000e+00
 1.00000e+00
 9.99999e-01
 9.99997e-01
 9.99981e-01
 9.99899e-01
 9.99532e-01
 9.98076e-01
 9.93176e-01
 9.79833e-01
 9.52153e-01
part
         2
hexa8
 9.09576e-01
 8.58679e-01
 8.06335e-01
 7.55754e-01
 7.07866e-01
 6.62877e-01
 6.20825e-01
 5.81712e-01
 5.45538e-01
 5.12309e-01
 4.82058e-01
 4.54856e-01
 4.30826e-01
 4.10161e-01
 3.93127e-01
 3.80037e-01
 3.71163e-01
 3.66542e-01
 3.65627e-01
 3.66026e-01
 3.66632e-01
 3.67336e-01
 3.68103e-01
 3.68928e-01
 3.69785e-01
 9.09576e-01
 8.58679e-01
 8.06335e-01
 7.55754e-01
 7.07866e-01
 6.62877e-01
 6.20825e-01
 5.81712e-01
 5.45538e-01
 5.12309e-01
 4.82058e-01
 4.54856e-01
 4.30826e-01
 4.10161e-01
 3.93127e-01
 3.80037e-01
 3.71163e-01
 3.66542e-01
 3.65627e-01
 3.66026e-01
 3.66632e-01
 3.67336e-01
 3.68103e-01
 3.68928e-01
 3.69785e-01
 9.09576e-01
 8.58679e-01
 8.06335e-01
 7.55754e-01
 7.07866e-01
 6.62877e-01
 6.20825e-01
 5.81712e-01
 5.45538e-01
 5.12309e-01
 4.82058e-01
 4.54856e-01
 4.30826e-01
 4.10161e-01
 3.93127e-01
 3.80037e-01
 3.71163e-01
 3.66542e-01
 3.65627e-01
 3.66026e-01
 3.66632e-01
 3.67336e-01
 3.68103e-01
 3.68928e-01
 3.69785e-01
 9.09576e-01
 8.58679e-01
 8.06335e-01
 7.55754e-01
 7.07866e-01
 6.62877e-01
 6.20825e-01
 5.81712e-01
 5.45538e-01
 5.12309e-01
 4.82058e-01
 4.54856e-01
 4.30826e-01
 4.10161e-01
 3.93127e-01
 3.80037e-01
 3.71163e-01
 3.66542e-01
 3.65627e-01
 3.66026e-01
 3.66632e-01
 3.67336e-01
 3.68103e-01
 3.68928e-01
 3.69785e-01
 9.09576e-01
 8.58679e-01
 8.06335e-01
 7.55754e-01
 7.07866e-01
 6.62877e-01
 6.20825e-01
 5.81712e-01
 5.45538e-01
 5.12309e-01
 4.82058e-01
 4.54856e-01
 4.30826e-01
 4.10161e-01
 3.93127e-01
 3.80037e-01
 3.71163e-01
 3.66542e-01
 3.65627e-01
 3.66026e-01
 3.66632e-01
 3.67336e-01
 3.68103e-01
 3.68928e-01
 3.69785e-01
 9.09576e-01
 8.58679e-01
 8.06335e-01
 7.55754e-01
 7.07866e-01
 6.62877e-01
 6.20825e-01
 5.81712e-01
 5.45538e-01
 5.12309e-01
 4.82058e-01
 4.54856e-01
 4.30826e-01
 4.10161e-01
 3.93127e-01
 3.80037e-01
 3.71163e-01
 3.66542e-01
 3.65627e-01
 3.66026e-01
 3.66632e-01
 3.67336e-01
 3.68103e-01
 3.68928e-01
 3.69785e-01
 9.09576e-01
 8.58679e-01
 8.06335e-01
 7.55754e-01
 7.07866e-01
 6.62877e-01
 6.20825e-01
 5.81712e-01
 5.45538e-01
 5.12309e-01
 4.82058e-01
 4.54856e-01
 4.30826e-01
 4.10161e-01
 3.93127e-01
 3.80037e-01
 3.71163e-01
 3.66542e-01
 3.65627e-01
 3.66026e-01
 3.66632e-01
 3.67336e-01
 3.68103e-01
 3.68928e-01
 3.69785e-01
 9.09576e-01
 8.58679e-01
 8.06335e-01
 7.55754e-01
 7.07866e-01
 6.62877e-01
 6.20825e-01
 5.81712e-01
 5.45538e-01
 5.12309e-01
 4.82058e-01
 4.54856e-01
 4.30826e-01
 4.10161e-01
 3.93127e-01
 3.80037e-01
 3.71163e-01
 3.66542e-01
 3.65627e-01
 3.66026e-01
 3.66632e-01
 3.67336e-01
 3.68103e-01
 3.68928e-01
 3.69785e-01
 9.09576e-01
 8.58679e-01
 8.06335e-01
 7.55754e-01
 7.07866e-01
 6.62877e-01
 6.20825e-01
 5.81712e-01
 5.45538e-01
 5.12309e-01
 4.82058e-01
 4.54856e-01
 4.30826e-01
 4.10161e-01
 3.93127e-01
 3.80037e-01
 3.71163e-01
 3.66542e-01
 3.65627e-01
 3.66026e-01
 3.66632e-01
 3.67336e-01
 3.68103e-01
 3.68928e-01
 3.69785e-01
 9.09576e-01
 8.58679e-01
 8.06335e-01
 7.55754e-01
 7.07866e-01
 6.62877e-01
 6.20825e-01
 5.81712e-01
 5.45538e-01
 5.12309e-01
 4.82058e-01
 4.54856e-01
 4.30826e-01
 4.10161e-01
 3.93127e-01
 3.80037e-01
 3.71163e-01
 3.66542e-01
 3.65627e-01
 3.66026e-01
 3.66632e-01
 3.67336e-01
 3.68103e-01
 3.68928e-01
 3.69785e-01
 9.09576e-01
 8.58679e-01
 8.06335e-01
 7.55754e-01
 7.07866e-01
 6.62877e-01
 6.20825e-01
 5.81712e-01
 5.45538e-01
 5.12309e-01
 4.82058e-01
 4.54856e-01
 4.30826e-01
 4.10161e-01
 3.93127e-01
 3.80037e-01
 3.71163e-01
 3.66542e-01
 3.65627e-01
 3.66026e-01
 3.66632e-01
 3.67336e-01
 3.68103e-01
 3.68928e-01
 3.69785e-01
 9.09576e-01
 8.58679e-01
 8.06335e-01
 7.55754e-01
 7.07866e-01
 6.62877e-01
 6.20825e-01
 5.81712e-01
 5.45538e-01
 5.12309e-01
 4.82058e-01
 4.54856e-01
 4.30826e-01
 4.10161e-01
 3.93127e-01
 3.80037e-01
 3.71163e-01
 3.66542e-01
 3.65627e-01
 3.66026e-01
 3.66632e-01
 3.67336e-01
 3.68103e-01
 3.68928e-01
 3.69785e-01
 9.09576e-01
 8.58679e-01
 8.06335e-01
 7.55754e-01
 7.07866e-01
 6.62877e-01
 6.20825e-01
 5.81712e-01
 5.45538e-01
 5.12309e-01
 4.82058e-01
 4.54856e-01
 4.30826e-01
 4.10161e-01
 3.93127e-01
 3.80037e-01
 3.71163e-01
 3.66542e-01
 3.65627e-01
 3.66026e-01
 3.66632e-01
 3.67336e-01
 3.68103e-01
 3.68928e-01
 3.69785e-01
 9.09576e-01
 8.58679e-01
 8.06335e-01
 7.55754e-01
 7.07866e-01
 6.62877e-01
 6.20825e-01
 5.81712e-01
 5.45538e-01
 5.12309e-01
 4.82058e-01
 4.54856e-01
 4.30826e-01
 4.10161e-01
 3.93127e-01
 3.80037e-01
 3.71163e-01
 3.66542e-01
 3.65627e-01
 3.66026e-01
 3.66632e-01
 3.67336e-01
 3.68103e-01
 3.68928e-01
 3.69785e-01
 9.09576e-01
 8.58679e-01
 8.06335e-01
 7.55754e-01
 7.07866e-01
 6.62877e-01
 6.20825e-01
 5.81712e-01
 5.45538e-01
 5.12309e-01
 4.82058e-01
 4.54856e-01
 4.30826e-01
 4.10161e-01
 3.93127e-01
 3.80037e-01
 3.71163e-01
 3.66542e-01
 3.65627e-01
 3.66026e-01
 3.66632e-01
 3.67336e-01
 3.68103e-01
 3.68928e-01
 3.69785e-01
 9.09576e-01
 8.58679e-01
 8.06335e-01
 7.55754e-01
 7.07866e-01
 6.62877e-01
 6.20825e-01
 5.81712e-01
 5.45538e-01
 5.12309e-01
 4.82058e-01
 4.54856e-01
 4.30826e-01
 4.10161e-01
 3.93127e-01
 3.80037e-01
 3.71163e-01
 3.66542e-01
 3.65627e-01
 3.66026e-01
 3.66632e-01
 3.67336e-01
 3.68103e-01
 3.68928e-01
 3.69785e-01
 9.09576e-01
 8.58679e-01
 8.06335e-01
 7.55754e-01
 7.07866e-01
 6.62877e-01
 6.20825e-01
 5.81712e-01
 5.45538e-01
 5.12309e-01
 4.82058e-01
 4.54856e-01
 4.30826e-01
 4.10161e-01
 3.93127e-01
 3.80037e-01
 3.71163e-01
 3.66542e-01
 3.65627e-01
 3.66026e-01
 3.66632e-01
 3.67336e-01
 3.68103e-01
 3.68928e-01
 3.69785e-01
 9.09576e-01
 8.58679e-01
 8.06335e-01
 7.55754e-01
 7.07866e-01
 6.62877e-01
 6.20825e-01
 5.81712e-01
 5.45538e-01
 5.12309e-01
 4.82058e-01
 4.54856e-01
 4.30826e-01
 4.10161e-01
 3.93127e-01
 3.80037e-01
 3.71163e-01
 3.66542e-01
 3.65627e-01
 3.66026e-01
 3.66632e-01
 3.67336e-01
 3.68103e-01
 3.68928e-01
 3.69785e-01
 9.09576e-01
 8.58679e-01
 8.06335e-01
 7.55754e-01
 7.07866e-01
 6.62877e-01
 6.20825e-01
 5.81712e-01
 5.45538e-01
 5.12309e-01
 4.82058e-01
 4.54856e-01
 4.30826e-01
 4.10161e-01
 3.93127e-01
 3.80037e-01
 3.71163e-01
 3.66542e-01
 3.65627e-01
 3.66026e-01
 3.66632e-01
 3.67336e-01
 3.68103e-01
 3.68928e-01
 3.69785e-01
 9.09576e-01
 8.58679e-01
 8.06335e-01
 7.55754e-01
 7.07866e-01
 6.62877e-01
 6.20825e-01
 5.81712e-01
 5.45538e-01
 5.12309e-01
 4.82058e-01
 4.54856e-01
 4.30826e-01
 4.10161e-01
 3.93127e-01
 3.80037e-01
 3.71163e-01
 3.66542e-01
 3.65627e-01
 3.66026e-01
 3.66632e-01
 3.67336e-01
 3.68103e-01
 3.68928e-01
 3.69785e-01
 9.09576e-01
 8.58679e-01
 8.06335e-01
 7.55754e-01
 7.07866e-01
 6.62877e-01
 6.20825e-01
 5.81712e-01
 5.45538e-01
 5.12309e-01
 4.82058e-01
 4.54856e-01
 4.30826e-01
 4.10161e-01
 3.93127e-01
 3.80037e-01
 3.71163e-01
 3.66542e-01
 3.65627e-01
 3.66026e-01
 3.66632e-01
 3.67336e-01
 3.68103e-01
 3.68928e-01
 3.69785e-01
 9.09576e-01
 8.58679e-01
 8.06335e-01
 7.55754e-01
 7.07866e-01
 6.62877e-01
 6.20825e-01
 5.81712e-01
 5.45538e-01
 5.12309e-01
 4.82058e-01
 4.54856e-01
 4.30826e-01
 4.10161e-01
 3.93127e-01
 3.80037e-01
 3.71163e-01
 3.66542e-01
 3.65627e-01
 3.66026e-01
 3.66632e-01
 3.67336e-01
 3.68103e-01
 3.68928e-01
 3.69785e-01
 9.09576e-01
 8.58679e-01
 8.06335e-01
 7.55754e-01
 7.07866e-01
 6.62877e-01
 6.20825e-01
 5.81712e-01
 5.45538e-01
 5.12309e-01
 4.82058e-01
 4.54856e-01
 4.30826e-01
 4.10161e-01
 3.93127e-01
 3.80037e-01
 3.71163e-01
 3.66542e-01
 3.65627e-01
 3.66026e-01
 3.66632e-01
 3.67336e-01
 3.68103e-01
 3.68928e-01
 3.69785e-01
 9.09576e-01
 8.58679e-01
 8.06335e-01
 7.55754e-01
 7.07866e-01
 6.62877e-01
 6.20825e-01
 5.81712e-01
 5.45538e-01
 5.12309e-01
 4.82058e-01
 4.54856e-01
 4.30826e-01
 4.10161e-01
 3.93127e-01
 3.80037e-01
 3.71163e-01
 3.66542e-01
 3.65627e-01
 3.66026e-01
 3.66632e-01
 3.67336e-01
 3.68103e-01
 3.68928e-01
 3.69785e-01
 9.09576e-01
 8.58679e-01
 8.06335e-01
 7.55754e-01
 7.07866e-01
 6.62877e-01
 6.20825e-01
 5.81712e-01
 5.45538e-01
 5.12309e-01
 4.82058e-01
 4.54856e-01
 4.30826e-01
 4.10161e-01
 3.93127e-01
 3.80037e-01
 3.71163e-01
 3.66542e-01
 3.65627e-01
 3.66026e-01
 3.66632e-01
 3.67336e-01
 3.68103e-01
 3.68928e-01
 3.69785e-01
part
         3
hexa8
 3.70639e-01
 3.71470e-01
 3.72265e-01
 3.73007e-01
 3.73705e-01
 3.74362e-01
 3.74977e-01
 3.75556e-01
 3.76106e-01
 3.76636e-01
 3.77158e-01
 3.77696e-01
 3.78285e-01
 3.78942e-01
 3.79667e-01
 3.80593e-01
 3.81816e-01
 3.83266e-01
 3.85363e-01
 3.87650e-01
 3.87119e-01
 3.87028e-01
 3.87230e-01
 3.87349e-01
 3.87067e-01
 3.70639e-01
 3.71470e-01
 3.72265e-01
 3.73007e-01
 3.73705e-01
 3.74362e-01
 3.74977e-01
 3.75556e-01
 3.76106e-01
 3.76636e-01
 3.77158e-01
 3.77696e-01
 3.78285e-01
 3.78942e-01
 3.79667e-01
 3.80593e-01
 3.81816e-01
 3.83266e-01
 3.85363e-01
 3.87650e-01
 3.87119e-01
 3.87028e-01
 3.87230e-01
 3.87349e-01
 3.87067e-01
 3.70639e-01
 3.71470e-01
 3.72265e-01
 3.73007e-01
 3.73705e-01
 3.74362e-01
 3.74977e-01
 3.75556e-01
 3.76106e-01
 3.76636e-01
 3.77158e-01
 3.77696e-01
 3.78285e-01
 3.78942e-01
 3.79667e-01
 3.80593e-01
 3.81816e-01
 3.83266e-01
 3.85363e-01
 3.87650e-01
 3.87119e-01
 3.87028e-01
 3.87230e-01
 3.87349e-01
 3.87067e-01
 3.70639e-01
 3.71470e-01
 3.72265e-01
 3.73007e-01
 3.73705e-01
 3.74362e-01
 3.74977e-01
 3.75556e-01
 3.76106e-01
 3.76636e-01
 3.77158e-01
 3.77696e-01
 3.78285e-01
 3.78942e-01
 3.79667e-01
 3.80593e-01
 3.81816e-01
 3.83266e-01
 3.85363e-01
 3.87650e-01
 3.87119e-01
 3.87028e-01
 3.87230e-01
 3.87349e-01
 3.87067e-01
 3.70639e-01
 3.71470e-01
 3.72265e-01
 3.73007e-01
 3.73705e-01
 3.74362e-01
 3.74977e-01
 3.75556e-01
 3.76106e-01
 3.76636e-01
 3.77158e-01
 3.77696e-01
 3.78285e-01
 3.78942e-01
 3.79667e-01
 3.80593e-01
 3.81816e-01
 3.83266e-01
 3.85363e-01
 3.87650e-01
 3.87119e-01
 3.87028e-01
 3.87230e-01
 3.87349e-01
 3.87067e-01
 3.70639e-01
 3.71470e-01
 3.72265e-01
 3.73007e-01
 3.73705e-01
 3.74362e-01
 3.74977e-01
 3.75556e-01
 3.76106e-01
 3.76636e-01
 3.77158e-01
 3.77696e-01
 3.78285e-01
 3.78942e-01
 3.79667e-01
 3.80593e-01
 3.81816e-01
 3.83266e-01
 3.85363e-01
 3.87650e-01
 3.87119e-01
 3.87028e-01
 3.87230e-01
 3.87349e-01
 3.87067e-01
 3.70639e-01
 3.71470e-01
 3.72265e-01
 3.73007e-01
 3.73705e-01
 3.74362e-01
 3.74977e-01
 3.75556e-01
 3.76106e-01
 3.76636e-01
 3.77158e-01
 3.77696e-01
 3.78285e-01
 3.78942e-01
 3.79667e-01
 3.80593e-01
 3.81816e-01
 3.83266e-01
 3.85363e-01
 3.87650e-01
 3.87119e-01
 3.87028e-01
 3.87230e-01
 3.87349e-01
 3.87067e-01
 3.70639e-01
 3.71470e-01
 3.72265e-01
 3.73007e-01
 3.73705e-01
 3.74362e-01
 3.74977e-01
 3.75556e-01
 3.76106e-01
 3.76636e-01
 3.77158e-01
 3.77696e-01
 3.78285e-01
 3.78942e-01
 3.79667e-01
 3.80593e-01
 3.81816e-01
 3.83266e-01
 3.85363e-01
 3.87650e-01
 3.87119e-01
 3.87028e-01
 3.87230e-01
 3.87349e-01
 3.87067e-01
 3.70639e-01
 3.71470e-01
 3.72265e-01
 3.73007e-01
 3.73705e-01
 3.74362e-01
 3.74977e-01
 3.75556e-01
 3.76106e-01
 3.76636e-01
 3.77158e-01
 3.77696e-01
 3.78285e-01
 3.78942e-01
 3.79667e-01
 3.80593e-01
 3.81816e-01
 3.83266e-01
 3.85363e-01
 3.87650e-01
 3.87119e-01
 3.87028e-01
 3.87230e-01
 3.87349e-01
 3.87067e-01
 3.70639e-01
 3.71470e-01
 3.72265e-01
 3.73007e-01
 3.73705e-01
 3.74362e-01
 3.74977e-01
 3.75556e-01
 3.76106e-01
 3.76636e-01
 3.77158e-01
 3.77696e-01
 3.78285e-01
 3.78942e-01
 3.79667e-01
 3.80593e-01
 3.81816e-01
 3.83266e-01
 3.85363e-01
 3.87650e-01
 3.87119e-01
 3.87028e-01
 3.87230e-01
 3.87349e-01
 3.87067e-01
 3.70639e-01
 3.71470e-01
 3.72265e-01
 3.73007e-01
 3.73705e-01
 3.74362e-01
 3.74977e-01
 3.75556e-01
 3.76106e-01
 3.76636e-01
 3.77158e-01
 3.77696e-01
 3.78285e-01
 3.78942e-01
 3.79667e-01
 3.80593e-01
 3.81816e-01
 3.83266e-01
 3.85363e-01
 3.87650e-01
 3.87119e-01
 3.87028e-01
 3.87230e-01
 3.87349e-01
 3.87067e-01
 3.70639e-01
 3.71470e-01
 3.72265e-01
 3.73007e-01
 3.73705e-01
 3.74362e-01
 3.74977e-01
 3.75556e-01
 3.76106e-01
 3.76636e-01
 3.77158e-01
 3.77696e-01
 3.78285e-01
 3.78942e-01
 3.79667e-01
 3.80593e-01
 3.81816e-01
 3.83266e-01
 3.85363e-01
 3.87650e-01
 3.87119e-01
 3.87028e-01
 3.87230e-01
 3.87349e-01
 3.87067e-01
 3.70639e-01
 3.71470e-01
 3.72265e-01
 3.73007e-01
 3.73705e-01
 3.74362e-01
 3.74977e-01
 3.75556e-01
 3.76106e-01
 3.76636e-01
 3.77158e-01
 3.77696e-01
 3.78285e-01
 3.78942e-01
 3.79667e-01
 3.80593e-01
 3.81816e-01
 3.83266e-01
 3.85363e-01
 3.87650e-01
 3.87119e-01
 3.87028e-01
 3.87230e-01
 3.87349e-01
 3.87067e-01
 3.70639e-01
 3.71470e-01
 3.72265e-01
 3.73007e-01
 3.73705e-01
 3.74362e-01
 3.74977e-01
 3.75556e-01
 3.76106e-01
 3.76636e-01
 3.77158e-01
 3.77696e-01
 3.78285e-01
 3.78942e-01
 3.79667e-01
 3.80593e-01
 3.81816e-01
 3.83266e-01
 3.85363e-01
 3.87650e-01
 3.87119e-01
 3.87028e-01
 3.87230e-01
 3.87349e-01
 3.87067e-01
 3.70639e-01
 3.71470e-01
 3.72265e-01
 3.73007e-01
 3.73705e-01
 3.74362e-01
 3.74977e-01
 3.75556e-01
 3.76106e-01
 3.76636e-01
 3.77158e-01
 3.77696e-01
 3.78285e-01
 3.78942e-01
 3.79667e-01
 3.80593e-01
 3.81816e-01
 3.83266e-01
 3.85363e-01
 3.87650e-01
 3.87119e-01
 3.87028e-01
 3.87230e-01
 3.87349e-01
 3.87067e-01
 3.70639e-01
 3.71470e-01
 3.72265e-01
 3.73007e-01
 3.73705e-01
 3.74362e-01
 3.74977e-01
 3.75556e-01
 3.76106e-01
 3.76636e-01
 3.77158e-01
 3.77696e-01
 3.78285e-01
 3.78942e-01
 3.79667e-01
 3.80593e-01
 3.81816e-01
 3.83266e-01
 3.85363e-01
 3.87650e-01
 3.87119e-01
 3.87028e-01
 3.87230e-01
 3.87349e-01
 3.87067e-01
 3.70639e-01
 3.71470e-01
 3.72265e-01
 3.73007e-01
 3.73705e-01
 3.74362e-01
 3.74977e-01
 3.75556e-01
 3.76106e-01
 3.76636e-01
 3.77158e-01
 3.77696e-01
 3.78285e-01
 3.78942e-01
 3.79667e-01
 3.80593e-01
 3.81816e-01
 3.83266e-01
 3.85363e-01
 3.87650e-01
 3.87119e-01
 3.87028e-01
 3.87230e-01
 3.87349e-01
 3.87067e-01
 3.70639e-01
 3.71470e-01
 3.72265e-01
 3.73007e-01
 3.73705e-01
 3.74362e-01
 3.74977e-01
 3.75556e-01
 3.76106e-01
 3.76636e-01
 3.77158e-01
 3.77696e-01
 3.78285e-01
 3.78942e-01
 3.79667e-01
 3.80593e-01
 3.81816e-01
 3.83266e-01
 3.85363e-01
 3.87650e-01
 3.87119e-01
 3.87028e-01
 3.87230e-01
 3.87349e-01
 3.87067e-01
 3.70639e-01
 3.71470e-01
 3.72265e-01
 3.73007e-01
 3.73705e-01
 3.74362e-01
 3.74977e-01
 3.75556e-01
 3.76106e-01
 3.76636e-01
 3.77158e-01
 3.77696e-01
 3.78285e-01
 3.78942e-01
 3.79667e-01
 3.80593e-01
 3.81816e-01
 3.83266e-01
 3.85363e-01
 3.87650e-01
 3.87119e-01
 3.87028e-01
 3.87230e-01
 3.87349e-01
 3.87067e-01
 3.70639e-01
 3.71470e-01
 3.72265e-01
 3.73007e-01
 3.73705e-01
 3.74362e-01
 3.74977e-01
 3.75556e-01
 3.76106e-01
 3.76636e-01
 3.77158e-01
 3.77696e-01
 3.78285e-01
 3.78942e-01
 3.79667e-01
 3.80593e-01
 3.81816e-01
 3.83266e-01
 3.85363e-01
 3.87650e-01
 3.87119e-01
 3.87028e-01
 3.87230e-01
 3.87349e-01
 3.87067e-01
 3.70639e-01
 3.71470e-01
 3.72265e-01
 3.73007e-01
 3.73705e-01
 3.74362e-01
 3.74977e-01
 3.75556e-01
 3.76106e-01
 3.76636e-01
 3.77158e-01
 3.77696e-01
 3.78285e-01
 3.78942e-01
 3.79667e-01
 3.80593e-01
 3.81816e-01
 3.83266e-01
 3.85363e-01
 3.87650e-01
 3.87119e-01
 3.87028e-01
 3.87230e-01
 3.87349e-01
 3.87067e-01
 3.70639e-01
 3.71470e-01
 3.72265e-01
 3.73007e-01
 3.73705e-01
 3.74362e-01
 3.74977e-01
 3.75556e-01
 3.76106e-01
 3.76636e-01
 3.77158e-01
 3.77696e-01
 3.78285e-01
 3.78942e-01
 3.79667e-01
 3.80593e-01
 3.81816e-01
 3.83266e-01
 3.85363e-01
 3.87650e-01
 3.87119e-01
 3.87028e-01
 3.87230e-01
 3.87349e-01
 3.87067e-01
 3.70639e-01
 3.71470e-01
 3.72265e-01
 3.73007e-01
 3.73705e-01
 3.74362e-01
 3.74977e-01
 3.75556e-01
 3.76106e-01
 3.76636e-01
 3.77158e-01
 3.77696e-01
 3.78285e-01
 3.78942e-01
 3.79667e-01
 3.80593e-01
 3.81816e-01
 3.83266e-01
 3.85363e-01
 3.87650e-01
 3.87119e-01
 3.87028e-01
 3.87230e-01
 3.87349e-01
 3.87067e-01
 3.70639e-01
 3.71470e-01
 3.72265e-01
 3.73007e-01
 3.73705e-01
 3.74362e-01
 3.74977e-01
 3.75556e-01
 3.76106e-01
 3.76636e-01
 3.77158e-01
 3.77696e-01
 3.78285e-01
 3.78942e-01
 3.79667e-01
 3.80593e-01
 3.81816e-01
 3.83266e-01
 3.85363e-01
 3.87650e-01
 3.87119e-01
 3.87028e-01
 3.87230e-01
 3.87349e-01
 3.87067e-01
 3.70639e-01
 3.71470e-01
 3.72265e-01
 3.73007e-01
 3.73705e-01
 3.74362e-01
 3.74977e-01
 3.75556e-01
 3.76106e-01
 3.76636e-01
 3.77158e-01
 3.77696e-01
 3.78285e-01
 3.78942e-01
 3.79667e-01
 3.80593e-01
 3.81816e-01
 3.83266e-01
 3.85363e-01
 3.87650e-01
 3.87119e-01
 3.87028e-01
 3.87230e-01
 3.87349e-01
 3.87067e-01
part
         4
hexa8
 3.85843e-01
 3.82871e-01
 3.76973e-01
 3.66575e-01
 3.49839e-01
 3.25169e-01
 2.92081e-01
 2.52537e-01
 2.11868e-01
 1.73762e-01
 1.42851e-01
 1.21559e-01
 1.09194e-01
 1.03321e-01
 1.01060e-01
 1.00316e-01
 1.00091e-01
 1.00025e-01
 1.00007e-01
 1.00002e-01
 1.00000e-01
 1.00000e-01
 1.00000e-01
 1.00000e-01
 1.00000e-01
 3.85843e-01
 3.82871e-01
 3.76973e-01
 3.66575e-01
 3.49839e-01
 3.25169e-01
 2.92081e-01
 2.52537e-01
 2.11868e-01
 1.73762e-01
 1.42851e-01
 1.21559e-01
 1.09194e-01
 1.03321e-01
 1.01060e-01
 1.00316e-01
 1.00091e-01
 1.00025e-01
 1.00007e-01
 1.00002e-01
 1.00000e-01
 1.00000e-01
 1.00000e-01
 1.00000e-01
 1.00000e-01
 3.85843e-01
 3.82871e-01
 3.76973e-01
 3.66575e-01
 3.49839e-01
 3.25169e-01
 2.92081e-01
 2.52537e-01
 2.11868e-01
 1.73762e-01
 1.42851e-01
 1.21559e-01
 1.09194e-01
 1.03321e-01
 1.01060e-01
 1.00316e-01
 1.00091e-01
 1.00025e-01
 1.00007e-01
 1.00002e-01
 1.00000e-01
 1.00000e-01
 1.00000e-01
 1.00000e-01
 1.00000e-01
 3.85843e-01
 3.82871e-01
 3.76973e-01
 3.66575e-01
 3.49839e-01
 3.25169e-01
 2.92081e-01
 2.52537e-01
 2.11868e-01
 1.73762e-01
 1.42851e-01
 1.21559e-01
 1.09194e-01
 1.03321e-01
 1.01060e-01
 1.00316e-01
 1.00091e-01
 1.00025e-01
 1.00007e-01
 1.00002e-01
 1.00000e-01
 1.00000e-01
 1.00000e-01
 1.00000e-01
 1.00000e-01
 3.85843e-01
 3.82871e-01
 3.76973e-01
 3.66575e-01
 3.49839e-01
 3.25169e-01
 2.92081e-01
 2.52537e-01
 2.11868e-01
 1.73762e-01
 1.42851e-01
 1.21559e-01
 1.09194e-01
 1.03321e-01
 1.01060e-01
 1.00316e-01
 1.00091e-01
 1.00025e-01
 1.00007e-01
 1.00002e-01
 1.00000e-01
 1.00000e-01
 1.00000e-01
 1.00000e-01
 1.00000e-01
 3.85843e-01
 3.82871e-01
 3.76973e-01
 3.66575e-01
 3.49839e-01
 3.25169e-01
 2.92081e-01
 2.52537e-01
 2.11868e-01
 1.73762e-01
 1.42851e-01
 1.21559e-01
 1.09194e-01
 1.03321e-01
 1.01060e-01
 1.00316e-01
 1.00091e-01
 1.00025e-01
 1.00007e-01
 1.00002e-01
 1.00000e-01
 1.00000e-01
 1.00000e-01
 1.00000e-01
 1.00000e-01
 3.85843e-01
 3.82871e-01
 3.76973e-01
 3.66575e-01
 3.49839e-01
 3.25169e-01
 2.92081e-01
 2.52537e-01
 2.11868e-01
 1.73762e-01
 1.42851e-01
 1.21559e-01
 1.09194e-01
 1.03321e-01
 1.01060e-01
 1.00316e-01
 1.00091e-01
 1.00025e-01
 1.00007e-01
 1.00002e-01
 1.00000e-01
 1.00000e-01
 1.00000e-01
 1.00000e-01
 1.00000e-01
 3.85843e-01
 3.82871e-01
 3.76973e-01
 3.66575e-01
 3.49839e-01
 3.25169e-01
 2.92081e-01
 2.52537e-01
 2.11868e-01
 1.73762e-01
 1.42851e-01
 1.21559e-01
 1.09194e-01
 1.03321e-01
 1.01060e-01
 1.00316e-01
 1.00091e-01
 1.00025e-01
 1.00007e-01
 1.00002e-01
 1.00000e-01
 1.00000e-01
 1.00000e-01
 1.00000e-01
 1.00000e-01
 3.85843e-01
 3.82871e-01
 3.76973e-01
 3.66575e-01
 3.49839e-01
 3.25169e-01
 2.92081e-01
 2.52537e-01
 2.11868e-01
 1.73762e-01
 1.42851e-01
 1.21559e-01
 1.09194e-01
 1.03321e-01
 1.01060e-01
 1.00316e-01
 1.00091e-01
 1.00025e-01
 1.00007e-01
 1.00002e-01
 1.00000e-01
 1.00000e-01
 1.00000e-01
 1.00000e-01
 1.00000e-01
 3.85843e-01
 3.82871e-01
 3.76973e-01
 3.66575e-01
 3.49839e-01
 3.25169e-01
 2.92081e-01
 2.52537e-01
 2.11868e-01
 1.73762e-01
 1.42851e-01
 1.21559e-01
 1.09194e-01
 1.03321e-01
 1.01060e-01
 1.00316e-01
 1.00091e-01
 1.00025e-01
 1.00007e-01
 1.00002e-01
 1.00000e-01
 1.00000e-01
 1.00000e-01
 1.00000e-01
 1.00000e-01
 3.85843e-01
 3.82871e-01
 3.76973e-01
 3.66575e-01
 3.49839e-01
 3.25169e-01
 2.92081e-01
 2.52537e-01
 2.11868e-01
 1.73762e-01
 1.42851e-01
 1.21559e-01
 1.09194e-01
 1.03321e-01
 1.01060e-01
 1.00316e-01
 1.00091e-01
 1.00025e-01
 1.00007e-01
 1.00002e-01
 1.00000e-01
 1.00000e-01
 1.00000e-01
 1.00000e-01
 1.00000e-01
 3.85843e-01
 3.82871e-01
 3.76973e-01
 3.66575e-01
 3.49839e-01
 3.25169e-01
 2.92081e-01
 2.52537e-01
 2.11868e-01
 1.73762e-01
 1.42851e-01
 1.21559e-01
 1.09194e-01
 1.03321e-01
 1.01060e-01
 1.00316e-01
 1.00091e-01
 1.00025e-01
 1.00007e-01
 1.00002e-01
 1.00000e-01
 1.00000e-01
 1.00000e-01
 1.00000e-01
 1.00000e-01
 3.85843e-01
 3.82871e-01
 3.76973e-01
 3.66575e-01
 3.49839e-01
 3.25169e-01
 2.92081e-01
 2.52537e-01
 2.11868e-01
 1.73762e-01
 1.42851e-01
 1.21559e-01
 1.09194e-01
 1.03321e-01
 1.01060e-01
 1.00316e-01
 1.00091e-01
 1.00025e-01
 1.00007e-01
 1.00002e-01
 1.00000e-01
 1.00000e-01
 1.00000e-01
 1.00000e-01
 1.00000e-01
 3.85843e-01
 3.82871e-01
 3.76973e-01
 3.66575e-01
 3.49839e-01
 3.25169e-01
 2.92081e-01
 2.52537e-01
 2.11868e-01
 1.73762e-01
 1.42851e-01
 1.21559e-01
 1.09194e-01
 1.03321e-01
 1.01060e-01
 1.00316e-01
 1.00091e-01
 1.00025e-01
 1.00007e-01
 1.00002e-01
 1.00000e-01
 1.00000e-01
 1.00000e-01
 1.00000e-01
 1.00000e-01
 3.85843e-01
 3.82871e-01
 3.76973e-01
 3.66575e-01
 3.49839e-01
 3.25169e-01
 2.92081e-01
 2.52537e-01
 2.11868e-01
 1.73762e-01
 1.42851e-01
 1.21559e-01
 1.09194e-01
 1.03321e-01
 1.01060e-01
 1.00316e-01
 1.00091e-01
 1.00025e-01
 1.00007e-01
 1.00002e-01
 1.00000e-01
 1.00000e-01
 1.00000e-01
 1.00000e-01
 1.00000e-01
 3.85843e-01
 3.82871e-01
 3.76973e-01
 3.66575e-01
 3.49839e-01
 3.25169e-01
 2.92081e-01
 2.52537e-01
 2.11868e-01
 1.73762e-01
 1.42851e-01
 1.21559e-01
 1.09194e-01
 1.03321e-01
 1.01060e-01
 1.00316e-01
 1.00091e-01
 1.00025e-01
 1.00007e-01
 1.00002e-01
 1.00000e-01
 1.00000e-01
 1.00000e-01
 1.00000e-01
 1.00000e-01
 3.85843e-01
 3.82871e-01
 3.76973e-01
 3.66575e-01
 3.49839e-01
 3.25169e-01
 2.92081e-01
 2.52537e-01
 2.11868e-01
 1.73762e-01
 1.42851e-01
 1.21559e-01
 1.09194e-01
 1.03321e-01
 1.01060e-01
 1.00316e-01
 1.00091e-01
 1.00025e-01
 1.00007e-01
 1.00002e-01
 1.00000e-01
 1.00000e-01
 1.00000e-01
 1.00000e-01
 1.00000e-01
 3.85843e-01
 3.82871e-01
 3.76973e-01
 3.66575e-01
 3.49839e-01
 3.25169e-01
 2.92081e-01
 2.52537e-01
 2.11868e-01
 1.73762e-01
 1.42851e-01
 1.21559e-01
 1.09194e-01
 1.03321e-01
 1.01060e-01
 1.00316e-01
 1.00091e-01
 1.00025e-01
 1.00007e-01
 1.00002e-01
 1.00000e-01
 1.00000e-01
 1.00000e-01
 1.00000e-01
 1.00000e-01
 3.85843e-01
 3.82871e-01
 3.76973e-01
 3.66575e-01
 3.49839e-01
 3.25169e-01
 2.92081e-01
 2.52537e-01
 2.11868e-01
 1.73762e-01
 1.42851e-01
 1.21559e-01
 1.09194e-01
 1.03321e-01
 1.01060e-01
 1.00316e-01
 1.00091e-01
 1.00025e-01
 1.00007e-01
 1.00002e-01
 1.00000e-01
 1.00000e-01
 1.00000e-01
 1.00000e-01
 1.00000e-01
 3.85843e-01
 3.82871e-01
 3.76973e-01
 3.66575e-01
 3.49839e-01
 3.25169e-01
 2.92081e-01
 2.52537e-01
 2.11868e-01
 1.73762e-01
 1.42851e-01
 1.21559e-01
 1.09194e-01
 1.03321e-01
 1.01060e-01
 1.00316e-01
 1.00091e-01
 1.00025e-01
 1.00007e-01
 1.00002e-01
 1.00000e-01
 1.00000e-01
 1.00000e-01
 1.00000e-01
 1.00000e-01
 3.85843e-01
 3.82871e-01
 3.76973e-01
 3.66575e-01
 3.49839e-01
 3.25169e-01
 2.92081e-01
 2.52537e-01
 2.11868e-01
 1.73762e-01
 1.42851e-01
 1.21559e-01
 1.09194e-01
 1.03321e-01
 1.01060e-01
 1.00316e-01
 1.00091e-01
 1.00025e-01
 1.00007e-01
 1.00002e-01
 1.00000e-01
 1.00000e-01
 1.00000e-01
 1.00000e-01
 1.00000e-01
 3.85843e-01
 3.82871e-01
 3.76973e-01
 3.66575e-01
 3.49839e-01
 3.25169e-01
 2.92081e-01
 2.52537e-01
 2.11868e-01
 1.73762e-01
 1.42851e-01
 1.21559e-01
 1.09194e-01
 1.03321e-01
 1.01060e-01
 1.00316e-01
 1.00091e-01
 1.00025e-01
 1.00007e-01
 1.00002e-01
 1.00000e-01
 1.00000e-01
 1.00000e-01
 1.00000e-01
 1.00000e-01
 3.85843e-01
 3.82871e-01
 3.76973e-01
 3.66575e-01
 3.49839e-01
 3.25169e-01
 2.92081e-01
 2.52537e-01
 2.11868e-01
 1.73762e-01
 1.42851e-01
 1.21559e-01
 1.09194e-01
 1.03321e-01
 1.01060e-01
 1.00316e-01
 1.00091e-01
 1.00025e-01
 1.00007e-01
 1.00002e-01
 1.00000e-01
 1.00000e-01
 1.00000e-01
 1.00000e-01
 1.00000e-01
 3.85843e-01
 3.82871e-01
 3.76973e-01
 3.66575e-01
 3.49839e-01
 3.25169e-01
 2.92081e-01
 2.52537e-01
 2.11868e-01
 1.73762e-01
 1.42851e-01
 1.21559e-01
 1.09194e-01
 1.03321e-01
 1.01060e-01
 1.00316e-01
 1.00091e-01
 1.00025e-01
 1.00007e-01
 1.00002e-01
 1.00000e-01
 1.00000e-01
 1.00000e-01
 1.00000e-01
 1.00000e-01
 3.85843e-01
 3.82871e-01
 3.76973e-01
 3.66575e-01
 3.49839e-01
 3.25169e-01
 2.92081e-01
 2.52537e-01
 2.11868e-01
 1.73762e-01
 1.42851e-01
 1.21559e-01
 1.09194e-01
 1.03321e-01
 1.01060e-01
 1.00316e-01
 1.00091e-01
 1.00025e-01
 1.00007e-01
 1.00002e-01
 1.00000e-01
 1.00000e-01
 1.00000e-01
 1.00000e-01
 1.00000e-01
