PseudoViscosity
part
         1
quad4
 0.00000e+00
 0.00000e+00
 0.00000e+00
 0.00000e+00
 0.00000e+00
 0.00000e+00
 0.00000e+00
 0.00000e+00
 0.00000e+00
 0.00000e+00
 0.00000e+00
 0.00000e+00
 0.00000e+00
 0.00000e+00
 0.00000e+00
 0.00000e+00
 0.00000e+00
 0.00000e+00
 0.00000e+00
 0.00000e+00
 0.00000e+00
 0.00000e+00
 0.00000e+00
 0.00000e+00
 0.00000e+00
 0.00000e+00
 0.00000e+00
 0.00000e+00
 0.00000e+00
 0.00000e+00
 0.00000e+00
 0.00000e+00
 0.00000e+00
 0.00000e+00
 0.00000e+00
 0.00000e+00
 0.00000e+00
 0.00000e+00
 0.00000e+00
 0.00000e+00
 0.00000e+00
 0.00000e+00
 0.00000e+00
 0.00000e+00
 0.00000e+00
 0.00000e+00
 0.00000e+00
 4.52268e-03
 5.66954e-03
 1.77096e-04
 3.40328e-05
 6.23641e-05
 1.33832e-04
 2.56759e-04
 4.32023e-04
 6.48605e-04
 8.81011e-04
 1.09472e-03
 1.26196e-03
 1.36205e-03
 1.34808e-03
 1.33168e-03
 1.82646e-03
 4.09580e-03
 1.00811e-02
 2.11335e-02
 3.52775e-02
 4.58781e-02
 4.55038e-02
 3.31765e-02
 1.70293e-02
 6.30053e-03
 1.90756e-03
 5.28967e-04
 1.40740e-04
 3.64135e-05
 9.19131e-06
 2.26466e-06
 5.44626e-07
 1.27816e-07
 2.92701e-08
 6.54376e-09
 1.41502e-09
 2.69284e-10
 4.95726e-11
 8.92503e-12
 1.58063e-12
 2.43013e-13
 8.10044e-14
 0.00000e+00
 0.00000e+00
 0.00000e+00
 0.00000e+00
 0.00000e+00
 0.00000e+00
 0.00000e+00
 0.00000e+00
 0.00000e+00
 0.00000e+00
 0.00000e+00
 0.00000e+00
 0.00000e+00
 0.00000e+00
 0.00000e+00
 0.00000e+00
 0.00000e+00
 0.00000e+00
 0.00000e+00
 0.00000e+00
 0.00000e+00
 0.00000e+00
 0.00000e+00
 0.00000e+00
 0.00000e+00
 0.00000e+00
 0.00000e+00
 0.00000e+00
 0.00000e+00
 0.00000e+00
 0.00000e+00
 0.00000e+00
 0.00000e+00
 0.00000e+00
 0.00000e+00
 0.00000e+00
 0.00000e+00
 0.00000e+00
 0.00000e+00
 0.00000e+00
 0.00000e+00
 0.00000e+00
 0.00000e+00
 0.00000e+00
 0.00000e+00
 0.00000e+00
 0.00000e+00
 0.00000e+00
 0.00000e+00
 0.00000e+00
 0.00000e+00
 0.00000e+00
 0.00000e+00
 0.00000e+00
 0.00000e+00
 0.00000e+00
 0.00000e+00
 0.00000e+00
 4.52268e-03
 5.66954e-03
 1.77096e-04
 3.40328e-05
 6.23641e-05
 1.33832e-04
 2.56759e-04
 4.32023e-04
 6.48605e-04
 8.81011e-04
 1.09472e-03
 1.26196e-03
 1.36205e-03
 1.34808e-03
 1.33168e-03
 1.82646e-03
 4.09580e-03
 1.00811e-02
 2.11335e-02
 3.52775e-02
 4.58781e-02
 4.55038e-02
 3.31765e-02
 1.70293e-02
 6.30053e-03
 1.90756e-03
 5.28967e-04
 1.40740e-04
 3.64135e-05
 9.19131e-06
 2.26466e-06
 5.44626e-07
 1.27816e-07
 2.92701e-08
 6.54372e-09
 1.41502e-09
 2.69284e-10
 4.95332e-11
 8.84402e-12
 1.62217e-12
 2.43013e-13
 0.00000e+00
 0.00000e+00
 0.00000e+00
 0.00000e+00
 0.00000e+00
 0.00000e+00
 0.00000e+00
 0.00000e+00
 0.00000e+00
 0.00000e+00
 0.00000e+00
 0.00000e+00
 0.00000e+00
 0.00000e+00
 0.00000e+00
 0.00000e+00
 0.00000e+00
 0.00000e+00
 0.00000e+00
 0.00000e+00
 0.00000e+00
 0.00000e+00
 0.00000e+00
 0.00000e+00
 0.00000e+00
 0.00000e+00
 0.00000e+00
 0.00000e+00
 0.00000e+00
 0.00000e+00
 0.00000e+00
 0.00000e+00
 0.00000e+00
 0.00000e+00
 0.00000e+00
 0.00000e+00
 0.00000e+00
 0.00000e+00
 0.00000e+00
 0.00000e+00
 0.00000e+00
 0.00000e+00
 0.00000e+00
 0.00000e+00
 0.00000e+00
 0.00000e+00
 0.00000e+00
 0.00000e+00
 0.00000e+00
 0.00000e+00
 0.00000e+00
 0.00000e+00
 0.00000e+00
 0.00000e+00
 0.00000e+00
 0.00000e+00
 0.00000e+00
 0.00000e+00
 0.00000e+00
 4.52268e-03
 5.66954e-03
 1.77096e-04
 3.40328e-05
 6.23641e-05
 1.33832e-04
 2.56759e-04
 4.32023e-04
 6.48605e-04
 8.81011e-04
 1.09472e-03
 1.26196e-03
 1.36205e-03
 1.34808e-03
 1.33168e-03
 1.82646e-03
 4.09580e-03
 1.00811e-02
 2.11335e-02
 3.52775e-02
 4.58781e-02
 4.55038e-02
 3.31765e-02
 1.70293e-02
 6.30053e-03
 1.90756e-03
 5.28967e-04
 1.40740e-04
 3.64135e-05
 9.19131e-06
 2.26466e-06
 5.44626e-07
 1.27816e-07
 2.92700e-08
 6.54393e-09
 1.41494e-09
 2.69325e-10
 4.95726e-11
 8.92503e-12
 1.49962e-12
 2.84554e-13
 8.10044e-14
 0.00000e+00
 0.00000e+00
 0.00000e+00
 0.00000e+00
 0.00000e+00
 0.00000e+00
 0.00000e+00
 0.00000e+00
 0.00000e+00
 0.00000e+00
 0.00000e+00
 0.00000e+00
 0.00000e+00
 0.00000e+00
 0.00000e+00
 0.00000e+00
 0.00000e+00
 0.00000e+00
 0.00000e+00
 0.00000e+00
 0.00000e+00
 0.00000e+00
 0.00000e+00
 0.00000e+00
 0.00000e+00
 0.00000e+00
 0.00000e+00
 0.00000e+00
 0.00000e+00
 0.00000e+00
 0.00000e+00
 0.00000e+00
 0.00000e+00
 0.00000e+00
 0.00000e+00
 0.00000e+00
 0.00000e+00
 0.00000e+00
 0.00000e+00
 0.00000e+00
 0.00000e+00
 0.00000e+00
 0.00000e+00
 0.00000e+00
 0.00000e+00
 0.00000e+00
 0.00000e+00
 0.00000e+00
 0.00000e+00
 0.00000e+00
 0.00000e+00
 0.00000e+00
 0.00000e+00
 0.00000e+00
 0.00000e+00
 0.00000e+00
 0.00000e+00
 0.00000e+00
 4.52268e-03
 5.66954e-03
 1.77096e-04
 3.40328e-05
 6.23641e-05
 1.33832e-04
 2.56759e-04
 4.32023e-04
 6.48605e-04
 8.81011e-04
 1.09472e-03
 1.26196e-03
 1.36205e-03
 1.34808e-03
 1.33168e-03
 1.82646e-03
 4.09580e-03
 1.00811e-02
 2.11335e-02
 3.52775e-02
 4.58781e-02
 4.55038e-02
 3.31765e-02
 1.70293e-02
 6.30053e-03
 1.90756e-03
 5.28967e-04
 1.40740e-04
 3.64135e-05
 9.19131e-06
 2.26466e-06
 5.44626e-07
 1.27816e-07
 2.92701e-08
 6.54386e-09
 1.41494e-09
 2.69244e-10
 4.95747e-11
 8.84402e-12
 1.54116e-12
 1.62009e-13
 8.10044e-14
 0.00000e+00
 0.00000e+00
 0.00000e+00
 0.00000e+00
 0.00000e+00
 0.00000e+00
 0.00000e+00
 0.00000e+00
 0.00000e+00
 0.00000e+00
 0.00000e+00
 0.00000e+00
 0.00000e+00
 0.00000e+00
 0.00000e+00
 0.00000e+00
 0.00000e+00
 0.00000e+00
 0.00000e+00
 0.00000e+00
 0.00000e+00
 0.00000e+00
 0.00000e+00
 0.00000e+00
 0.00000e+00
 0.00000e+00
 0.00000e+00
 0.00000e+00
 0.00000e+00
 0.00000e+00
 0.00000e+00
 0.00000e+00
 0.00000e+00
 0.00000e+00
 0.00000e+00
 0.00000e+00
 0.00000e+00
 0.00000e+00
 0.00000e+00
 0.00000e+00
 0.00000e+00
 0.00000e+00
 0.00000e+00
 0.00000e+00
 0.00000e+00
 0.00000e+00
 0.00000e+00
 0.00000e+00
 0.00000e+00
 0.00000e+00
 0.00000e+00
 0.00000e+00
 0.00000e+00
 0.00000e+00
 0.00000e+00
 0.00000e+00
 0.00000e+00
 0.00000e+00
 4.52268e-03
 5.66954e-03
 1.77096e-04
 3.40328e-05
 6.23641e-05
 1.33832e-04
 2.56759e-04
 4.32023e-04
 6.48605e-04
 8.81011e-04
 1.09472e-03
 1.26196e-03
 1.36205e-03
 1.34808e-03
 1.33168e-03
 1.82646e-03
 4.09580e-03
 1.00811e-02
 2.11335e-02
 3.52775e-02
 4.58781e-02
 4.55038e-02
 3.31765e-02
 1.70293e-02
 6.30053e-03
 1.90756e-03
 5.28967e-04
 1.40740e-04
 3.64135e-05
 9.19131e-06
 2.26466e-06
 5.44626e-07
 1.27816e-07
 2.92700e-08
 6.54386e-09
 1.41494e-09
 2.69325e-10
 4.94916e-11
 9.04757e-12
 1.54116e-12
 2.43013e-13
 8.10044e-14
 0.00000e+00
 0.00000e+00
 0.00000e+00
 0.00000e+00
 0.00000e+00
 0.00000e+00
 0.00000e+00
 0.00000e+00
 0.00000e+00
 0.00000e+00
 0.00000e+00
