PseudoViscosity
part
         1
quad4
 0.00000e+00
 0.00000e+00
 0.00000e+00
 0.00000e+00
 0.00000e+00
 0.00000e+00
 0.00000e+00
 0.00000e+00
 0.00000e+00
 0.00000e+00
 0.00000e+00
 0.00000e+00
 0.00000e+00
 0.00000e+00
 0.00000e+00
 0.00000e+00
 0.00000e+00
 0.00000e+00
 0.00000e+00
 0.00000e+00
 0.00000e+00
 0.00000e+00
 0.00000e+00
 0.00000e+00
 0.00000e+00
 0.00000e+00
 0.00000e+00
 0.00000e+00
 0.00000e+00
 0.00000e+00
 0.00000e+00
 0.00000e+00
 0.00000e+00
 0.00000e+00
 0.00000e+00
 0.00000e+00
 0.00000e+00
 0.00000e+00
 0.00000e+00
 0.00000e+00
 0.00000e+00
 0.00000e+00
 0.00000e+00
 0.00000e+00
 0.00000e+00
 4.76380e-03
 3.79360e-03
 1.06828e-03
 3.17683e-04
 2.47468e-04
 5.72831e-05
 5.58731e-05
 5.47964e-05
 5.37407e-05
 5.23942e-05
 5.04433e-05
 4.76018e-05
 4.36890e-05
 3.87564e-05
 3.32451e-05
 2.81408e-05
 2.50885e-05
 2.64230e-05
 3.50809e-05
 5.43751e-05
 8.76816e-05
 1.38250e-04
 2.09754e-04
 3.09103e-04
 4.55037e-04
 7.00222e-04
 1.18280e-03
 2.23448e-03
 4.56137e-03
 9.37257e-03
 1.79202e-02
 2.97939e-02
 4.09814e-02
 4.49310e-02
 3.78175e-02
 2.33996e-02
 1.04790e-02
 3.67157e-03
 1.13950e-03
 3.37504e-04
 9.79478e-05
 2.80485e-05
 7.93409e-06
 2.21583e-06
 6.10479e-07
 1.65792e-07
 4.43556e-08
 1.16854e-08
 3.03629e-09
 7.33211e-10
 1.58617e-10
 3.39554e-11
 7.18032e-12
 1.50170e-12
 3.24018e-13
 0.00000e+00
 0.00000e+00
 0.00000e+00
 0.00000e+00
 0.00000e+00
 0.00000e+00
 0.00000e+00
 0.00000e+00
 0.00000e+00
 0.00000e+00
 0.00000e+00
 0.00000e+00
 0.00000e+00
 0.00000e+00
 0.00000e+00
 0.00000e+00
 0.00000e+00
 0.00000e+00
 0.00000e+00
 0.00000e+00
 0.00000e+00
 0.00000e+00
 0.00000e+00
 0.00000e+00
 0.00000e+00
 0.00000e+00
 0.00000e+00
 0.00000e+00
 0.00000e+00
 0.00000e+00
 0.00000e+00
 0.00000e+00
 0.00000e+00
 0.00000e+00
 0.00000e+00
 0.00000e+00
 0.00000e+00
 0.00000e+00
 0.00000e+00
 0.00000e+00
 0.00000e+00
 0.00000e+00
 0.00000e+00
 0.00000e+00
 0.00000e+00
 4.76380e-03
 3.79360e-03
 1.06828e-03
 3.17683e-04
 2.47468e-04
 5.72831e-05
 5.58731e-05
 5.47964e-05
 5.37407e-05
 5.23942e-05
 5.04433e-05
 4.76018e-05
 4.36890e-05
 3.87564e-05
 3.32451e-05
 2.81408e-05
 2.50885e-05
 2.64230e-05
 3.50809e-05
 5.43751e-05
 8.76816e-05
 1.38250e-04
 2.09754e-04
 3.09103e-04
 4.55037e-04
 7.00222e-04
 1.18280e-03
 2.23448e-03
 4.56137e-03
 9.37257e-03
 1.79202e-02
 2.97939e-02
 4.09814e-02
 4.49310e-02
 3.78175e-02
 2.33996e-02
 1.04790e-02
 3.67157e-03
 1.13950e-03
 3.37504e-04
 9.79478e-05
 2.80485e-05
 7.93409e-06
 2.21583e-06
 6.10479e-07
 1.65792e-07
 4.43557e-08
 1.16856e-08
 3.03637e-09
 7.33169e-10
 1.58779e-10
 3.38723e-11
 7.30286e-12
 1.41862e-12
 4.46563e-13
 0.00000e+00
 0.00000e+00
 0.00000e+00
 0.00000e+00
 0.00000e+00
 0.00000e+00
 0.00000e+00
 0.00000e+00
 0.00000e+00
 0.00000e+00
 0.00000e+00
 0.00000e+00
 0.00000e+00
 0.00000e+00
 0.00000e+00
 0.00000e+00
 0.00000e+00
 0.00000e+00
 0.00000e+00
 0.00000e+00
 0.00000e+00
 0.00000e+00
 0.00000e+00
 0.00000e+00
 0.00000e+00
 0.00000e+00
 0.00000e+00
 0.00000e+00
 0.00000e+00
 0.00000e+00
 0.00000e+00
 0.00000e+00
 0.00000e+00
 0.00000e+00
 0.00000e+00
 0.00000e+00
 0.00000e+00
 0.00000e+00
 0.00000e+00
 0.00000e+00
 0.00000e+00
 0.00000e+00
 0.00000e+00
 0.00000e+00
 0.00000e+00
 4.76380e-03
 3.79360e-03
 1.06828e-03
 3.17683e-04
 2.47468e-04
 5.72831e-05
 5.58731e-05
 5.47964e-05
 5.37407e-05
 5.23942e-05
 5.04433e-05
 4.76018e-05
 4.36890e-05
 3.87564e-05
 3.32451e-05
 2.81408e-05
 2.50885e-05
 2.64230e-05
 3.50809e-05
 5.43751e-05
 8.76816e-05
 1.38250e-04
 2.09754e-04
 3.09103e-04
 4.55037e-04
 7.00222e-04
 1.18280e-03
 2.23448e-03
 4.56137e-03
 9.37257e-03
 1.79202e-02
 2.97939e-02
 4.09814e-02
 4.49310e-02
 3.78175e-02
 2.33996e-02
 1.04790e-02
 3.67157e-03
 1.13950e-03
 3.37504e-04
 9.79478e-05
 2.80485e-05
 7.93409e-06
 2.21583e-06
 6.10479e-07
 1.65792e-07
 4.43557e-08
 1.16854e-08
 3.03629e-09
 7.33292e-10
 1.58619e-10
 3.39949e-11
 7.14085e-12
 1.37915e-12
 3.24018e-13
 0.00000e+00
 0.00000e+00
 0.00000e+00
 0.00000e+00
 0.00000e+00
 0.00000e+00
 0.00000e+00
 0.00000e+00
 0.00000e+00
 0.00000e+00
 0.00000e+00
 0.00000e+00
 0.00000e+00
 0.00000e+00
 0.00000e+00
 0.00000e+00
 0.00000e+00
 0.00000e+00
 0.00000e+00
 0.00000e+00
 0.00000e+00
 0.00000e+00
 0.00000e+00
 0.00000e+00
 0.00000e+00
 0.00000e+00
 0.00000e+00
 0.00000e+00
 0.00000e+00
 0.00000e+00
 0.00000e+00
 0.00000e+00
 0.00000e+00
 0.00000e+00
 0.00000e+00
 0.00000e+00
 0.00000e+00
 0.00000e+00
 0.00000e+00
 0.00000e+00
 0.00000e+00
 0.00000e+00
 0.00000e+00
 0.00000e+00
 0.00000e+00
 4.76380e-03
 3.79360e-03
 1.06828e-03
 3.17683e-04
 2.47468e-04
 5.72831e-05
 5.58731e-05
 5.47964e-05
 5.37407e-05
 5.23942e-05
 5.04433e-05
 4.76018e-05
 4.36890e-05
 3.87564e-05
 3.32451e-05
 2.81408e-05
 2.50885e-05
 2.64230e-05
 3.50809e-05
 5.43751e-05
 8.76816e-05
 1.38250e-04
 2.09754e-04
 3.09103e-04
 4.55037e-04
 7.00222e-04
 1.18280e-03
 2.23448e-03
 4.56137e-03
 9.37257e-03
 1.79202e-02
 2.97939e-02
 4.09814e-02
 4.49310e-02
 3.78175e-02
 2.33996e-02
 1.04790e-02
 3.67157e-03
 1.13950e-03
 3.37504e-04
 9.79478e-05
 2.80485e-05
 7.93409e-06
 2.21583e-06
 6.10479e-07
 1.65792e-07
 4.43557e-08
 1.16855e-08
 3.03637e-09
 7.33169e-10
 1.58617e-10
 3.39139e-11
 7.21978e-12
 1.41862e-12
 4.46563e-13
 0.00000e+00
 0.00000e+00
 0.00000e+00
 0.00000e+00
 0.00000e+00
 0.00000e+00
 0.00000e+00
 0.00000e+00
 0.00000e+00
 0.00000e+00
 0.00000e+00
 0.00000e+00
 0.00000e+00
 0.00000e+00
 0.00000e+00
 0.00000e+00
 0.00000e+00
 0.00000e+00
 0.00000e+00
 0.00000e+00
 0.00000e+00
 0.00000e+00
 0.00000e+00
 0.00000e+00
 0.00000e+00
 0.00000e+00
 0.00000e+00
 0.00000e+00
 0.00000e+00
 0.00000e+00
 0.00000e+00
 0.00000e+00
 0.00000e+00
 0.00000e+00
 0.00000e+00
 0.00000e+00
 0.00000e+00
 0.00000e+00
 0.00000e+00
 0.00000e+00
 0.00000e+00
 0.00000e+00
 0.00000e+00
 0.00000e+00
 0.00000e+00
 4.76380e-03
 3.79360e-03
 1.06828e-03
 3.17683e-04
 2.47468e-04
 5.72831e-05
 5.58731e-05
 5.47964e-05
 5.37407e-05
 5.23942e-05
 5.04433e-05
 4.76018e-05
 4.36890e-05
 3.87564e-05
 3.32451e-05
 2.81408e-05
 2.50885e-05
 2.64230e-05
 3.50809e-05
 5.43751e-05
 8.76816e-05
 1.38250e-04
 2.09754e-04
 3.09103e-04
 4.55037e-04
 7.00222e-04
 1.18280e-03
 2.23448e-03
 4.56137e-03
 9.37257e-03
 1.79202e-02
 2.97939e-02
 4.09814e-02
 4.49310e-02
 3.78175e-02
 2.33996e-02
 1.04790e-02
 3.67157e-03
 1.13950e-03
 3.37504e-04
 9.79478e-05
 2.80485e-05
 7.93409e-06
 2.21583e-06
 6.10479e-07
 1.65792e-07
 4.43555e-08
 1.16855e-08
 3.03621e-09
 7.33211e-10
 1.58698e-10
 3.39554e-11
 7.18032e-12
 1.46016e-12
 4.05022e-13
