PseudoViscosity
part
         1
quad4
 0.00000e+00
 0.00000e+00
 0.00000e+00
 0.00000e+00
 0.00000e+00
 0.00000e+00
 0.00000e+00
 0.00000e+00
 0.00000e+00
 0.00000e+00
 0.00000e+00
 0.00000e+00
 0.00000e+00
 0.00000e+00
 0.00000e+00
 0.00000e+00
 0.00000e+00
 0.00000e+00
 0.00000e+00
 0.00000e+00
 0.00000e+00
 0.00000e+00
 0.00000e+00
 0.00000e+00
 0.00000e+00
 0.00000e+00
 0.00000e+00
 0.00000e+00
 0.00000e+00
 0.00000e+00
 0.00000e+00
 0.00000e+00
 0.00000e+00
 0.00000e+00
 0.00000e+00
 0.00000e+00
 0.00000e+00
 0.00000e+00
 0.00000e+00
 0.00000e+00
 0.00000e+00
 0.00000e+00
 0.00000e+00
 0.00000e+00
 0.00000e+00
 0.00000e+00
 0.00000e+00
 0.00000e+00
 1.13340e-02
 5.36469e-04
 2.94167e-04
 5.08467e-04
 7.78664e-04
 1.07025e-03
 1.32146e-03
 1.47589e-03
 1.56225e-03
 1.65588e-03
 1.53825e-03
 6.84611e-04
 2.96871e-04
 5.05945e-03
 1.54839e-02
 3.08312e-02
 4.52353e-02
 4.98349e-02
 4.03761e-02
 2.29753e-02
 9.07493e-03
 2.77233e-03
 7.51661e-04
 1.93260e-04
 4.80542e-05
 1.16103e-05
 2.72799e-06
 6.23322e-07
 1.38478e-07
 2.99104e-08
 6.28492e-09
 1.26912e-09
 2.25919e-10
 3.88219e-11
 6.57175e-12
 1.13614e-12
 2.43013e-13
 0.00000e+00
 0.00000e+00
 0.00000e+00
 0.00000e+00
 0.00000e+00
 0.00000e+00
 0.00000e+00
 0.00000e+00
 0.00000e+00
 0.00000e+00
 0.00000e+00
 0.00000e+00
 0.00000e+00
 0.00000e+00
 0.00000e+00
 0.00000e+00
 0.00000e+00
 0.00000e+00
 0.00000e+00
 0.00000e+00
 0.00000e+00
 0.00000e+00
 0.00000e+00
 0.00000e+00
 0.00000e+00
 0.00000e+00
 0.00000e+00
 0.00000e+00
 0.00000e+00
 0.00000e+00
 0.00000e+00
 0.00000e+00
 0.00000e+00
 0.00000e+00
 0.00000e+00
 0.00000e+00
 0.00000e+00
 0.00000e+00
 0.00000e+00
 0.00000e+00
 0.00000e+00
 0.00000e+00
 0.00000e+00
 0.00000e+00
 0.00000e+00
 0.00000e+00
 0.00000e+00
 0.00000e+00
 0.00000e+00
 0.00000e+00
 0.00000e+00
 0.00000e+00
 0.00000e+00
 0.00000e+00
 0.00000e+00
 0.00000e+00
 0.00000e+00
 0.00000e+00
 0.00000e+00
 0.00000e+00
 0.00000e+00
 0.00000e+00
 0.00000e+00
 1.13340e-02
 5.36469e-04
 2.94167e-04
 5.08467e-04
 7.78664e-04
 1.07025e-03
 1.32146e-03
 1.47589e-03
 1.56225e-03
 1.65588e-03
 1.53825e-03
 6.84611e-04
 2.96871e-04
 5.05945e-03
 1.54839e-02
 3.08312e-02
 4.52353e-02
 4.98349e-02
 4.03761e-02
 2.29753e-02
 9.07493e-03
 2.77233e-03
 7.51661e-04
 1.93260e-04
 4.80542e-05
 1.16103e-05
 2.72799e-06
 6.23322e-07
 1.38478e-07
 2.99104e-08
 6.28486e-09
 1.26916e-09
 2.25980e-10
 3.89444e-11
 6.65275e-12
 1.05513e-12
 8.10044e-14
 0.00000e+00
 0.00000e+00
 0.00000e+00
 0.00000e+00
 0.00000e+00
 0.00000e+00
 0.00000e+00
 0.00000e+00
 0.00000e+00
 0.00000e+00
 0.00000e+00
 0.00000e+00
 0.00000e+00
 0.00000e+00
 0.00000e+00
 0.00000e+00
 0.00000e+00
 0.00000e+00
 0.00000e+00
 0.00000e+00
 0.00000e+00
 0.00000e+00
 0.00000e+00
 0.00000e+00
 0.00000e+00
 0.00000e+00
 0.00000e+00
 0.00000e+00
 0.00000e+00
 0.00000e+00
 0.00000e+00
 0.00000e+00
 0.00000e+00
 0.00000e+00
 0.00000e+00
 0.00000e+00
 0.00000e+00
 0.00000e+00
 0.00000e+00
 0.00000e+00
 0.00000e+00
 0.00000e+00
 0.00000e+00
 0.00000e+00
 0.00000e+00
 0.00000e+00
 0.00000e+00
 0.00000e+00
 0.00000e+00
 0.00000e+00
 0.00000e+00
 0.00000e+00
 0.00000e+00
 0.00000e+00
 0.00000e+00
 0.00000e+00
 0.00000e+00
 0.00000e+00
 0.00000e+00
 0.00000e+00
 0.00000e+00
 0.00000e+00
 0.00000e+00
 1.13340e-02
 5.36469e-04
 2.94167e-04
 5.08467e-04
 7.78664e-04
 1.07025e-03
 1.32146e-03
 1.47589e-03
 1.56225e-03
 1.65588e-03
 1.53825e-03
 6.84611e-04
 2.96871e-04
 5.05945e-03
 1.54839e-02
 3.08312e-02
 4.52353e-02
 4.98349e-02
 4.03761e-02
 2.29753e-02
 9.07493e-03
 2.77233e-03
 7.51661e-04
 1.93260e-04
 4.80542e-05
 1.16103e-05
 2.72799e-06
 6.23322e-07
 1.38478e-07
 2.99104e-08
 6.28497e-09
 1.26896e-09
 2.25919e-10
 3.88240e-11
 6.65275e-12
 1.01359e-12
 2.43013e-13
 0.00000e+00
 0.00000e+00
 0.00000e+00
 0.00000e+00
 0.00000e+00
 0.00000e+00
 0.00000e+00
 0.00000e+00
 0.00000e+00
 0.00000e+00
 0.00000e+00
 0.00000e+00
 0.00000e+00
 0.00000e+00
 0.00000e+00
 0.00000e+00
 0.00000e+00
 0.00000e+00
 0.00000e+00
 0.00000e+00
 0.00000e+00
 0.00000e+00
 0.00000e+00
 0.00000e+00
 0.00000e+00
 0.00000e+00
 0.00000e+00
 0.00000e+00
 0.00000e+00
 0.00000e+00
 0.00000e+00
 0.00000e+00
 0.00000e+00
 0.00000e+00
 0.00000e+00
 0.00000e+00
 0.00000e+00
 0.00000e+00
 0.00000e+00
 0.00000e+00
 0.00000e+00
 0.00000e+00
 0.00000e+00
 0.00000e+00
 0.00000e+00
 0.00000e+00
 0.00000e+00
 0.00000e+00
 0.00000e+00
 0.00000e+00
 0.00000e+00
 0.00000e+00
 0.00000e+00
 0.00000e+00
 0.00000e+00
 0.00000e+00
 0.00000e+00
 0.00000e+00
 0.00000e+00
 0.00000e+00
 0.00000e+00
 0.00000e+00
 0.00000e+00
 1.13340e-02
 5.36469e-04
 2.94167e-04
 5.08467e-04
 7.78664e-04
 1.07025e-03
 1.32146e-03
 1.47589e-03
 1.56225e-03
 1.65588e-03
 1.53825e-03
 6.84611e-04
 2.96871e-04
 5.05945e-03
 1.54839e-02
 3.08312e-02
 4.52353e-02
 4.98349e-02
 4.03761e-02
 2.29753e-02
 9.07493e-03
 2.77233e-03
 7.51661e-04
 1.93260e-04
 4.80542e-05
 1.16103e-05
 2.72799e-06
 6.23322e-07
 1.38478e-07
 2.99104e-08
 6.28484e-09
 1.26912e-09
 2.25919e-10
 3.89237e-11
 6.65483e-12
 1.09668e-12
 1.62009e-13
 0.00000e+00
 0.00000e+00
 0.00000e+00
 0.00000e+00
 0.00000e+00
 0.00000e+00
 0.00000e+00
 0.00000e+00
 0.00000e+00
 0.00000e+00
 0.00000e+00
 0.00000e+00
 0.00000e+00
 0.00000e+00
 0.00000e+00
 0.00000e+00
 0.00000e+00
 0.00000e+00
 0.00000e+00
 0.00000e+00
 0.00000e+00
 0.00000e+00
 0.00000e+00
 0.00000e+00
 0.00000e+00
 0.00000e+00
 0.00000e+00
 0.00000e+00
 0.00000e+00
 0.00000e+00
 0.00000e+00
 0.00000e+00
 0.00000e+00
 0.00000e+00
 0.00000e+00
 0.00000e+00
 0.00000e+00
 0.00000e+00
 0.00000e+00
 0.00000e+00
 0.00000e+00
 0.00000e+00
 0.00000e+00
 0.00000e+00
 0.00000e+00
 0.00000e+00
 0.00000e+00
 0.00000e+00
 0.00000e+00
 0.00000e+00
 0.00000e+00
 0.00000e+00
 0.00000e+00
 0.00000e+00
 0.00000e+00
 0.00000e+00
 0.00000e+00
 0.00000e+00
 0.00000e+00
 0.00000e+00
 0.00000e+00
 0.00000e+00
 0.00000e+00
 1.13340e-02
 5.36469e-04
 2.94167e-04
 5.08467e-04
 7.78664e-04
 1.07025e-03
 1.32146e-03
 1.47589e-03
 1.56225e-03
 1.65588e-03
 1.53825e-03
 6.84611e-04
 2.96871e-04
 5.05945e-03
 1.54839e-02
 3.08312e-02
 4.52353e-02
 4.98349e-02
 4.03761e-02
 2.29753e-02
 9.07493e-03
 2.77233e-03
 7.51661e-04
 1.93260e-04
 4.80542e-05
 1.16103e-05
 2.72799e-06
 6.23322e-07
 1.38478e-07
 2.99104e-08
 6.28490e-09
 1.26910e-09
 2.25878e-10
 3.89444e-11
 6.61329e-12
 1.05513e-12
 1.62009e-13
 0.00000e+00
 0.00000e+00
 0.00000e+00
 0.00000e+00
 0.00000e+00
 0.00000e+00
 0.00000e+00
 0.00000e+00
 0.00000e+00
 0.00000e+00
 0.00000e+00
 0.00000e+00
 0.00000e+00
 0.00000e+00
 0.00000e+00
