PseudoViscosity
part
         1
quad4
 0.00000e+00
 0.00000e+00
 0.00000e+00
 0.00000e+00
 0.00000e+00
 0.00000e+00
 0.00000e+00
 0.00000e+00
 0.00000e+00
 0.00000e+00
 0.00000e+00
 0.00000e+00
 0.00000e+00
 0.00000e+00
 0.00000e+00
 0.00000e+00
 0.00000e+00
 0.00000e+00
 0.00000e+00
 0.00000e+00
 0.00000e+00
 0.00000e+00
 0.00000e+00
 0.00000e+00
 0.00000e+00
 0.00000e+00
 0.00000e+00
 0.00000e+00
 0.00000e+00
 0.00000e+00
 0.00000e+00
 0.00000e+00
 0.00000e+00
 0.00000e+00
 0.00000e+00
 0.00000e+00
 0.00000e+00
 0.00000e+00
 0.00000e+00
 0.00000e+00
 0.00000e+00
 0.00000e+00
 0.00000e+00
 0.00000e+00
 0.00000e+00
 0.00000e+00
 2.28460e-03
 5.82419e-03
 1.02278e-03
 4.24612e-04
 1.29626e-04
 1.13597e-04
 9.20354e-05
 6.90497e-05
 5.04437e-05
 4.29601e-05
 5.34491e-05
 8.80832e-05
 1.51546e-04
 2.46053e-04
 3.70142e-04
 5.17640e-04
 6.78628e-04
 8.47664e-04
 1.05018e-03
 1.40642e-03
 2.26222e-03
 4.40216e-03
 9.19377e-03
 1.80331e-02
 3.03903e-02
 4.17771e-02
 4.52329e-02
 3.71733e-02
 2.21827e-02
 9.50444e-03
 3.19535e-03
 9.55060e-04
 2.71760e-04
 7.53147e-05
 2.04508e-05
 5.44712e-06
 1.42302e-06
 3.64504e-07
 9.15204e-08
 2.25211e-08
 5.43450e-09
 1.26655e-09
 2.58656e-10
 5.13174e-11
 1.01006e-11
 1.98772e-12
 3.24018e-13
 8.10044e-14
 0.00000e+00
 0.00000e+00
 0.00000e+00
 0.00000e+00
 0.00000e+00
 0.00000e+00
 0.00000e+00
 0.00000e+00
 0.00000e+00
 0.00000e+00
 0.00000e+00
 0.00000e+00
 0.00000e+00
 0.00000e+00
 0.00000e+00
 0.00000e+00
 0.00000e+00
 0.00000e+00
 0.00000e+00
 0.00000e+00
 0.00000e+00
 0.00000e+00
 0.00000e+00
 0.00000e+00
 0.00000e+00
 0.00000e+00
 0.00000e+00
 0.00000e+00
 0.00000e+00
 0.00000e+00
 0.00000e+00
 0.00000e+00
 0.00000e+00
 0.00000e+00
 0.00000e+00
 0.00000e+00
 0.00000e+00
 0.00000e+00
 0.00000e+00
 0.00000e+00
 0.00000e+00
 0.00000e+00
 0.00000e+00
 0.00000e+00
 0.00000e+00
 0.00000e+00
 0.00000e+00
 0.00000e+00
 0.00000e+00
 0.00000e+00
 0.00000e+00
 0.00000e+00
 2.28460e-03
 5.82419e-03
 1.02278e-03
 4.24612e-04
 1.29626e-04
 1.13597e-04
 9.20354e-05
 6.90497e-05
 5.04437e-05
 4.29601e-05
 5.34491e-05
 8.80832e-05
 1.51546e-04
 2.46053e-04
 3.70142e-04
 5.17640e-04
 6.78628e-04
 8.47664e-04
 1.05018e-03
 1.40642e-03
 2.26222e-03
 4.40216e-03
 9.19377e-03
 1.80331e-02
 3.03903e-02
 4.17771e-02
 4.52329e-02
 3.71733e-02
 2.21827e-02
 9.50444e-03
 3.19535e-03
 9.55060e-04
 2.71760e-04
 7.53147e-05
 2.04508e-05
 5.44712e-06
 1.42302e-06
 3.64504e-07
 9.15202e-08
 2.25211e-08
 5.43445e-09
 1.26659e-09
 2.58656e-10
 5.14378e-11
 1.00612e-11
 2.02927e-12
 3.24018e-13
 0.00000e+00
 0.00000e+00
 0.00000e+00
 0.00000e+00
 0.00000e+00
 0.00000e+00
 0.00000e+00
 0.00000e+00
 0.00000e+00
 0.00000e+00
 0.00000e+00
 0.00000e+00
 0.00000e+00
 0.00000e+00
 0.00000e+00
 0.00000e+00
 0.00000e+00
 0.00000e+00
 0.00000e+00
 0.00000e+00
 0.00000e+00
 0.00000e+00
 0.00000e+00
 0.00000e+00
 0.00000e+00
 0.00000e+00
 0.00000e+00
 0.00000e+00
 0.00000e+00
 0.00000e+00
 0.00000e+00
 0.00000e+00
 0.00000e+00
 0.00000e+00
 0.00000e+00
 0.00000e+00
 0.00000e+00
 0.00000e+00
 0.00000e+00
 0.00000e+00
 0.00000e+00
 0.00000e+00
 0.00000e+00
 0.00000e+00
 0.00000e+00
 0.00000e+00
 0.00000e+00
 0.00000e+00
 0.00000e+00
 0.00000e+00
 0.00000e+00
 0.00000e+00
 0.00000e+00
 2.28460e-03
 5.82419e-03
 1.02278e-03
 4.24612e-04
 1.29626e-04
 1.13597e-04
 9.20354e-05
 6.90497e-05
 5.04437e-05
 4.29601e-05
 5.34491e-05
 8.80832e-05
 1.51546e-04
 2.46053e-04
 3.70142e-04
 5.17640e-04
 6.78628e-04
 8.47664e-04
 1.05018e-03
 1.40642e-03
 2.26222e-03
 4.40216e-03
 9.19377e-03
 1.80331e-02
 3.03903e-02
 4.17771e-02
 4.52329e-02
 3.71733e-02
 2.21827e-02
 9.50444e-03
 3.19535e-03
 9.55060e-04
 2.71760e-04
 7.53147e-05
 2.04508e-05
 5.44712e-06
 1.42302e-06
 3.64504e-07
 9.15202e-08
 2.25211e-08
 5.43442e-09
 1.26655e-09
 2.58656e-10
 5.13984e-11
 1.00196e-11
 2.02927e-12
 3.24018e-13
 1.62009e-13
 0.00000e+00
 0.00000e+00
 0.00000e+00
 0.00000e+00
 0.00000e+00
 0.00000e+00
 0.00000e+00
 0.00000e+00
 0.00000e+00
 0.00000e+00
 0.00000e+00
 0.00000e+00
 0.00000e+00
 0.00000e+00
 0.00000e+00
 0.00000e+00
 0.00000e+00
 0.00000e+00
 0.00000e+00
 0.00000e+00
 0.00000e+00
 0.00000e+00
 0.00000e+00
 0.00000e+00
 0.00000e+00
 0.00000e+00
 0.00000e+00
 0.00000e+00
 0.00000e+00
 0.00000e+00
 0.00000e+00
 0.00000e+00
 0.00000e+00
 0.00000e+00
 0.00000e+00
 0.00000e+00
 0.00000e+00
 0.00000e+00
 0.00000e+00
 0.00000e+00
 0.00000e+00
 0.00000e+00
 0.00000e+00
 0.00000e+00
 0.00000e+00
 0.00000e+00
 0.00000e+00
 0.00000e+00
 0.00000e+00
 0.00000e+00
 0.00000e+00
 0.00000e+00
 2.28460e-03
 5.82419e-03
 1.02278e-03
 4.24612e-04
 1.29626e-04
 1.13597e-04
 9.20354e-05
 6.90497e-05
 5.04437e-05
 4.29601e-05
 5.34491e-05
 8.80832e-05
 1.51546e-04
 2.46053e-04
 3.70142e-04
 5.17640e-04
 6.78628e-04
 8.47664e-04
 1.05018e-03
 1.40642e-03
 2.26222e-03
 4.40216e-03
 9.19377e-03
 1.80331e-02
 3.03903e-02
 4.17771e-02
 4.52329e-02
 3.71733e-02
 2.21827e-02
 9.50444e-03
 3.19535e-03
 9.55060e-04
 2.71760e-04
 7.53147e-05
 2.04508e-05
 5.44712e-06
 1.42302e-06
 3.64504e-07
 9.15203e-08
 2.25211e-08
 5.43454e-09
 1.26663e-09
 2.58614e-10
 5.13984e-11
 1.01027e-11
 2.02927e-12
 2.84554e-13
 0.00000e+00
 0.00000e+00
 0.00000e+00
 0.00000e+00
 0.00000e+00
 0.00000e+00
 0.00000e+00
 0.00000e+00
 0.00000e+00
 0.00000e+00
 0.00000e+00
 0.00000e+00
 0.00000e+00
 0.00000e+00
 0.00000e+00
 0.00000e+00
 0.00000e+00
 0.00000e+00
 0.00000e+00
 0.00000e+00
 0.00000e+00
 0.00000e+00
 0.00000e+00
 0.00000e+00
 0.00000e+00
 0.00000e+00
 0.00000e+00
 0.00000e+00
 0.00000e+00
 0.00000e+00
 0.00000e+00
 0.00000e+00
 0.00000e+00
 0.00000e+00
 0.00000e+00
 0.00000e+00
 0.00000e+00
 0.00000e+00
 0.00000e+00
 0.00000e+00
 0.00000e+00
 0.00000e+00
 0.00000e+00
 0.00000e+00
 0.00000e+00
 0.00000e+00
 0.00000e+00
 0.00000e+00
 0.00000e+00
 0.00000e+00
 0.00000e+00
 0.00000e+00
 0.00000e+00
 2.28460e-03
 5.82419e-03
 1.02278e-03
 4.24612e-04
 1.29626e-04
 1.13597e-04
 9.20354e-05
 6.90497e-05
 5.04437e-05
 4.29601e-05
 5.34491e-05
 8.80832e-05
 1.51546e-04
 2.46053e-04
 3.70142e-04
 5.17640e-04
 6.78628e-04
 8.47664e-04
 1.05018e-03
 1.40642e-03
 2.26222e-03
 4.40216e-03
 9.19377e-03
 1.80331e-02
 3.03903e-02
 4.17771e-02
 4.52329e-02
 3.71733e-02
 2.21827e-02
 9.50444e-03
 3.19535e-03
 9.55060e-04
 2.71760e-04
 7.53147e-05
 2.04508e-05
 5.44712e-06
 1.42302e-06
 3.64504e-07
 9.15203e-08
 2.25212e-08
 5.43445e-09
 1.26651e-09
 2.58575e-10
 5.14399e-11
 1.01837e-11
 1.94618e-12
 2.84554e-13
 1.62009e-13
 0.00000e+00
 0.00000e+00
 0.00000e+00
 0.00000e+00
 0.00000e+00
 0.00000e+00
