PseudoViscosity
part
         1
quad4
 0.00000e+00
 0.00000e+00
 0.00000e+00
 0.00000e+00
 0.00000e+00
 0.00000e+00
 0.00000e+00
 0.00000e+00
 0.00000e+00
 0.00000e+00
 0.00000e+00
 0.00000e+00
 0.00000e+00
 0.00000e+00
 0.00000e+00
 0.00000e+00
 0.00000e+00
 0.00000e+00
 0.00000e+00
 0.00000e+00
 0.00000e+00
 0.00000e+00
 0.00000e+00
 0.00000e+00
 0.00000e+00
 0.00000e+00
 0.00000e+00
 0.00000e+00
 0.00000e+00
 0.00000e+00
 0.00000e+00
 0.00000e+00
 0.00000e+00
 0.00000e+00
 0.00000e+00
 0.00000e+00
 0.00000e+00
 0.00000e+00
 0.00000e+00
 0.00000e+00
 0.00000e+00
 0.00000e+00
 0.00000e+00
 0.00000e+00
 0.00000e+00
 5.33867e-03
 3.19126e-03
 8.14532e-04
 3.14601e-04
 2.11383e-04
 4.99886e-05
 4.92166e-05
 4.87468e-05
 4.83428e-05
 4.77906e-05
 4.68723e-05
 4.53565e-05
 4.30244e-05
 3.97416e-05
 3.55714e-05
 3.09156e-05
 2.66549e-05
 2.42570e-05
 2.58137e-05
 3.39791e-05
 5.17987e-05
 8.24978e-05
 1.29474e-04
 1.97181e-04
 2.94558e-04
 4.44863e-04
 7.10327e-04
 1.24893e-03
 2.43118e-03
 5.02570e-03
 1.02900e-02
 1.93728e-02
 3.14671e-02
 4.20725e-02
 4.46485e-02
 3.61914e-02
 2.14676e-02
 9.25987e-03
 3.17775e-03
 9.79538e-04
 2.89934e-04
 8.42934e-05
 2.42125e-05
 6.87636e-06
 1.92966e-06
 5.34593e-07
 1.46093e-07
 3.93565e-08
 1.04488e-08
 2.73479e-09
 6.60026e-10
 1.43851e-10
 3.10330e-11
 6.65275e-12
 1.62217e-12
 0.00000e+00
 0.00000e+00
 0.00000e+00
 0.00000e+00
 0.00000e+00
 0.00000e+00
 0.00000e+00
 0.00000e+00
 0.00000e+00
 0.00000e+00
 0.00000e+00
 0.00000e+00
 0.00000e+00
 0.00000e+00
 0.00000e+00
 0.00000e+00
 0.00000e+00
 0.00000e+00
 0.00000e+00
 0.00000e+00
 0.00000e+00
 0.00000e+00
 0.00000e+00
 0.00000e+00
 0.00000e+00
 0.00000e+00
 0.00000e+00
 0.00000e+00
 0.00000e+00
 0.00000e+00
 0.00000e+00
 0.00000e+00
 0.00000e+00
 0.00000e+00
 0.00000e+00
 0.00000e+00
 0.00000e+00
 0.00000e+00
 0.00000e+00
 0.00000e+00
 0.00000e+00
 0.00000e+00
 0.00000e+00
 0.00000e+00
 0.00000e+00
 5.33867e-03
 3.19126e-03
 8.14532e-04
 3.14601e-04
 2.11383e-04
 4.99886e-05
 4.92166e-05
 4.87468e-05
 4.83428e-05
 4.77906e-05
 4.68723e-05
 4.53565e-05
 4.30244e-05
 3.97416e-05
 3.55714e-05
 3.09156e-05
 2.66549e-05
 2.42570e-05
 2.58137e-05
 3.39791e-05
 5.17987e-05
 8.24978e-05
 1.29474e-04
 1.97181e-04
 2.94558e-04
 4.44863e-04
 7.10327e-04
 1.24893e-03
 2.43118e-03
 5.02570e-03
 1.02900e-02
 1.93728e-02
 3.14671e-02
 4.20725e-02
 4.46485e-02
 3.61914e-02
 2.14676e-02
 9.25987e-03
 3.17775e-03
 9.79538e-04
 2.89934e-04
 8.42934e-05
 2.42125e-05
 6.87636e-06
 1.92966e-06
 5.34593e-07
 1.46093e-07
 3.93565e-08
 1.04489e-08
 2.73475e-09
 6.59987e-10
 1.43768e-10
 3.10746e-11
 6.61121e-12
 1.66371e-12
 0.00000e+00
 0.00000e+00
 0.00000e+00
 0.00000e+00
 0.00000e+00
 0.00000e+00
 0.00000e+00
 0.00000e+00
 0.00000e+00
 0.00000e+00
 0.00000e+00
 0.00000e+00
 0.00000e+00
 0.00000e+00
 0.00000e+00
 0.00000e+00
 0.00000e+00
 0.00000e+00
 0.00000e+00
 0.00000e+00
 0.00000e+00
 0.00000e+00
 0.00000e+00
 0.00000e+00
 0.00000e+00
 0.00000e+00
 0.00000e+00
 0.00000e+00
 0.00000e+00
 0.00000e+00
 0.00000e+00
 0.00000e+00
 0.00000e+00
 0.00000e+00
 0.00000e+00
 0.00000e+00
 0.00000e+00
 0.00000e+00
 0.00000e+00
 0.00000e+00
 0.00000e+00
 0.00000e+00
 0.00000e+00
 0.00000e+00
 0.00000e+00
 5.33867e-03
 3.19126e-03
 8.14532e-04
 3.14601e-04
 2.11383e-04
 4.99886e-05
 4.92166e-05
 4.87468e-05
 4.83428e-05
 4.77906e-05
 4.68723e-05
 4.53565e-05
 4.30244e-05
 3.97416e-05
 3.55714e-05
 3.09156e-05
 2.66549e-05
 2.42570e-05
 2.58137e-05
 3.39791e-05
 5.17987e-05
 8.24978e-05
 1.29474e-04
 1.97181e-04
 2.94558e-04
 4.44863e-04
 7.10327e-04
 1.24893e-03
 2.43118e-03
 5.02570e-03
 1.02900e-02
 1.93728e-02
 3.14671e-02
 4.20725e-02
 4.46485e-02
 3.61914e-02
 2.14676e-02
 9.25987e-03
 3.17775e-03
 9.79538e-04
 2.89934e-04
 8.42934e-05
 2.42125e-05
 6.87636e-06
 1.92966e-06
 5.34593e-07
 1.46093e-07
 3.93565e-08
 1.04489e-08
 2.73479e-09
 6.60149e-10
 1.43810e-10
 3.11556e-11
 6.65275e-12
 1.62217e-12
 0.00000e+00
 0.00000e+00
 0.00000e+00
 0.00000e+00
 0.00000e+00
 0.00000e+00
 0.00000e+00
 0.00000e+00
 0.00000e+00
 0.00000e+00
 0.00000e+00
 0.00000e+00
 0.00000e+00
 0.00000e+00
 0.00000e+00
 0.00000e+00
 0.00000e+00
 0.00000e+00
 0.00000e+00
 0.00000e+00
 0.00000e+00
 0.00000e+00
 0.00000e+00
 0.00000e+00
 0.00000e+00
 0.00000e+00
 0.00000e+00
 0.00000e+00
 0.00000e+00
 0.00000e+00
 0.00000e+00
 0.00000e+00
 0.00000e+00
 0.00000e+00
 0.00000e+00
 0.00000e+00
 0.00000e+00
 0.00000e+00
 0.00000e+00
 0.00000e+00
 0.00000e+00
 0.00000e+00
 0.00000e+00
 0.00000e+00
 0.00000e+00
 5.33867e-03
 3.19126e-03
 8.14532e-04
 3.14601e-04
 2.11383e-04
 4.99886e-05
 4.92166e-05
 4.87468e-05
 4.83428e-05
 4.77906e-05
 4.68723e-05
 4.53565e-05
 4.30244e-05
 3.97416e-05
 3.55714e-05
 3.09156e-05
 2.66549e-05
 2.42570e-05
 2.58137e-05
 3.39791e-05
 5.17987e-05
 8.24978e-05
 1.29474e-04
 1.97181e-04
 2.94558e-04
 4.44863e-04
 7.10327e-04
 1.24893e-03
 2.43118e-03
 5.02570e-03
 1.02900e-02
 1.93728e-02
 3.14671e-02
 4.20725e-02
 4.46485e-02
 3.61914e-02
 2.14676e-02
 9.25987e-03
 3.17775e-03
 9.79538e-04
 2.89934e-04
 8.42934e-05
 2.42125e-05
 6.87636e-06
 1.92966e-06
 5.34593e-07
 1.46093e-07
 3.93566e-08
 1.04488e-08
 2.73471e-09
 6.60028e-10
 1.43893e-10
 3.08710e-11
 6.69221e-12
 1.66371e-12
 0.00000e+00
 0.00000e+00
 0.00000e+00
 0.00000e+00
 0.00000e+00
 0.00000e+00
 0.00000e+00
 0.00000e+00
 0.00000e+00
 0.00000e+00
 0.00000e+00
 0.00000e+00
 0.00000e+00
 0.00000e+00
 0.00000e+00
 0.00000e+00
 0.00000e+00
 0.00000e+00
 0.00000e+00
 0.00000e+00
 0.00000e+00
 0.00000e+00
 0.00000e+00
 0.00000e+00
 0.00000e+00
 0.00000e+00
 0.00000e+00
 0.00000e+00
 0.00000e+00
 0.00000e+00
 0.00000e+00
 0.00000e+00
 0.00000e+00
 0.00000e+00
 0.00000e+00
 0.00000e+00
 0.00000e+00
 0.00000e+00
 0.00000e+00
 0.00000e+00
 0.00000e+00
 0.00000e+00
 0.00000e+00
 0.00000e+00
 0.00000e+00
 5.33867e-03
 3.19126e-03
 8.14532e-04
 3.14601e-04
 2.11383e-04
 4.99886e-05
 4.92166e-05
 4.87468e-05
 4.83428e-05
 4.77906e-05
 4.68723e-05
 4.53565e-05
 4.30244e-05
 3.97416e-05
 3.55714e-05
 3.09156e-05
 2.66549e-05
 2.42570e-05
 2.58137e-05
 3.39791e-05
 5.17987e-05
 8.24978e-05
 1.29474e-04
 1.97181e-04
 2.94558e-04
 4.44863e-04
 7.10327e-04
 1.24893e-03
 2.43118e-03
 5.02570e-03
 1.02900e-02
 1.93728e-02
 3.14671e-02
 4.20725e-02
 4.46485e-02
 3.61914e-02
 2.14676e-02
 9.25987e-03
 3.17775e-03
 9.79538e-04
 2.89934e-04
 8.42934e-05
 2.42125e-05
 6.87636e-06
 1.92966e-06
 5.34593e-07
 1.46093e-07
 3.93564e-08
 1.04489e-08
 2.73475e-09
 6.60109e-10
 1.43810e-10
 3.10351e-11
 6.69221e-12
 1.74263e-12
