PseudoViscosity
part
         1
quad4
 0.00000e+00
 0.00000e+00
 0.00000e+00
 0.00000e+00
 0.00000e+00
 0.00000e+00
 0.00000e+00
 0.00000e+00
 0.00000e+00
 0.00000e+00
 0.00000e+00
 0.00000e+00
 0.00000e+00
 0.00000e+00
 0.00000e+00
 0.00000e+00
 0.00000e+00
 0.00000e+00
 0.00000e+00
 0.00000e+00
 0.00000e+00
 0.00000e+00
 0.00000e+00
 0.00000e+00
 0.00000e+00
 0.00000e+00
 0.00000e+00
 0.00000e+00
 0.00000e+00
 0.00000e+00
 0.00000e+00
 0.00000e+00
 0.00000e+00
 0.00000e+00
 0.00000e+00
 0.00000e+00
 0.00000e+00
 0.00000e+00
 0.00000e+00
 0.00000e+00
 0.00000e+00
 0.00000e+00
 0.00000e+00
 0.00000e+00
 4.39230e-03
 2.56872e-03
 8.08133e-04
 2.78322e-04
 1.80426e-04
 9.60831e-05
 2.24184e-05
 2.12150e-05
 2.03021e-05
 1.97098e-05
 1.94545e-05
 1.95343e-05
 1.99257e-05
 2.05833e-05
 2.14406e-05
 2.24110e-05
 2.33899e-05
 2.42583e-05
 2.48898e-05
 2.51655e-05
 2.50004e-05
 2.43830e-05
 2.34294e-05
 2.24476e-05
 2.20059e-05
 2.29965e-05
 2.66966e-05
 3.48571e-05
 4.99329e-05
 7.57715e-05
 1.19565e-04
 1.97000e-04
 3.45132e-04
 6.53076e-04
 1.33068e-03
 2.84348e-03
 6.09814e-03
 1.24185e-02
 2.26230e-02
 3.49676e-02
 4.40286e-02
 4.36060e-02
 3.26339e-02
 1.77405e-02
 7.12583e-03
 2.36209e-03
 7.22372e-04
 2.14844e-04
 6.32048e-05
 1.84714e-05
 5.36476e-06
 1.54735e-06
 4.42807e-07
 1.25741e-07
 3.59571e-08
 1.24602e-08
 0.00000e+00
 0.00000e+00
 0.00000e+00
 0.00000e+00
 0.00000e+00
 0.00000e+00
 0.00000e+00
 0.00000e+00
 0.00000e+00
 0.00000e+00
 0.00000e+00
 0.00000e+00
 0.00000e+00
 0.00000e+00
 0.00000e+00
 0.00000e+00
 0.00000e+00
 0.00000e+00
 0.00000e+00
 0.00000e+00
 0.00000e+00
 0.00000e+00
 0.00000e+00
 0.00000e+00
 0.00000e+00
 0.00000e+00
 0.00000e+00
 0.00000e+00
 0.00000e+00
 0.00000e+00
 0.00000e+00
 0.00000e+00
 0.00000e+00
 0.00000e+00
 0.00000e+00
 0.00000e+00
 0.00000e+00
 0.00000e+00
 0.00000e+00
 0.00000e+00
 0.00000e+00
 0.00000e+00
 0.00000e+00
 0.00000e+00
 4.39230e-03
 2.56872e-03
 8.08133e-04
 2.78322e-04
 1.80426e-04
 9.60831e-05
 2.24184e-05
 2.12150e-05
 2.03021e-05
 1.97098e-05
 1.94545e-05
 1.95343e-05
 1.99257e-05
 2.05833e-05
 2.14406e-05
 2.24110e-05
 2.33899e-05
 2.42583e-05
 2.48898e-05
 2.51655e-05
 2.50004e-05
 2.43830e-05
 2.34294e-05
 2.24476e-05
 2.20059e-05
 2.29965e-05
 2.66966e-05
 3.48571e-05
 4.99329e-05
 7.57715e-05
 1.19565e-04
 1.97000e-04
 3.45132e-04
 6.53076e-04
 1.33068e-03
 2.84348e-03
 6.09814e-03
 1.24185e-02
 2.26230e-02
 3.49676e-02
 4.40286e-02
 4.36060e-02
 3.26339e-02
 1.77405e-02
 7.12583e-03
 2.36209e-03
 7.22372e-04
 2.14844e-04
 6.32048e-05
 1.84714e-05
 5.36476e-06
 1.54735e-06
 4.42807e-07
 1.25741e-07
 3.59571e-08
 1.24601e-08
 0.00000e+00
 0.00000e+00
 0.00000e+00
 0.00000e+00
 0.00000e+00
 0.00000e+00
 0.00000e+00
 0.00000e+00
 0.00000e+00
 0.00000e+00
 0.00000e+00
 0.00000e+00
 0.00000e+00
 0.00000e+00
 0.00000e+00
 0.00000e+00
 0.00000e+00
 0.00000e+00
 0.00000e+00
 0.00000e+00
 0.00000e+00
 0.00000e+00
 0.00000e+00
 0.00000e+00
 0.00000e+00
 0.00000e+00
 0.00000e+00
 0.00000e+00
 0.00000e+00
 0.00000e+00
 0.00000e+00
 0.00000e+00
 0.00000e+00
 0.00000e+00
 0.00000e+00
 0.00000e+00
 0.00000e+00
 0.00000e+00
 0.00000e+00
 0.00000e+00
 0.00000e+00
 0.00000e+00
 0.00000e+00
 0.00000e+00
 4.39230e-03
 2.56872e-03
 8.08133e-04
 2.78322e-04
 1.80426e-04
 9.60831e-05
 2.24184e-05
 2.12150e-05
 2.03021e-05
 1.97098e-05
 1.94545e-05
 1.95343e-05
 1.99257e-05
 2.05833e-05
 2.14406e-05
 2.24110e-05
 2.33899e-05
 2.42583e-05
 2.48898e-05
 2.51655e-05
 2.50004e-05
 2.43830e-05
 2.34294e-05
 2.24476e-05
 2.20059e-05
 2.29965e-05
 2.66966e-05
 3.48571e-05
 4.99329e-05
 7.57715e-05
 1.19565e-04
 1.97000e-04
 3.45132e-04
 6.53076e-04
 1.33068e-03
 2.84348e-03
 6.09814e-03
 1.24185e-02
 2.26230e-02
 3.49676e-02
 4.40286e-02
 4.36060e-02
 3.26339e-02
 1.77405e-02
 7.12583e-03
 2.36209e-03
 7.22372e-04
 2.14844e-04
 6.32048e-05
 1.84714e-05
 5.36476e-06
 1.54735e-06
 4.42807e-07
 1.25741e-07
 3.59571e-08
 1.24602e-08
 0.00000e+00
 0.00000e+00
 0.00000e+00
 0.00000e+00
 0.00000e+00
 0.00000e+00
 0.00000e+00
 0.00000e+00
 0.00000e+00
 0.00000e+00
 0.00000e+00
 0.00000e+00
 0.00000e+00
 0.00000e+00
 0.00000e+00
 0.00000e+00
 0.00000e+00
 0.00000e+00
 0.00000e+00
 0.00000e+00
 0.00000e+00
 0.00000e+00
 0.00000e+00
 0.00000e+00
 0.00000e+00
 0.00000e+00
 0.00000e+00
 0.00000e+00
 0.00000e+00
 0.00000e+00
 0.00000e+00
 0.00000e+00
 0.00000e+00
 0.00000e+00
 0.00000e+00
 0.00000e+00
 0.00000e+00
 0.00000e+00
 0.00000e+00
 0.00000e+00
 0.00000e+00
 0.00000e+00
 0.00000e+00
 0.00000e+00
 4.39230e-03
 2.56872e-03
 8.08133e-04
 2.78322e-04
 1.80426e-04
 9.60831e-05
 2.24184e-05
 2.12150e-05
 2.03021e-05
 1.97098e-05
 1.94545e-05
 1.95343e-05
 1.99257e-05
 2.05833e-05
 2.14406e-05
 2.24110e-05
 2.33899e-05
 2.42583e-05
 2.48898e-05
 2.51655e-05
 2.50004e-05
 2.43830e-05
 2.34294e-05
 2.24476e-05
 2.20059e-05
 2.29965e-05
 2.66966e-05
 3.48571e-05
 4.99329e-05
 7.57715e-05
 1.19565e-04
 1.97000e-04
 3.45132e-04
 6.53076e-04
 1.33068e-03
 2.84348e-03
 6.09814e-03
 1.24185e-02
 2.26230e-02
 3.49676e-02
 4.40286e-02
 4.36060e-02
 3.26339e-02
 1.77405e-02
 7.12583e-03
 2.36209e-03
 7.22372e-04
 2.14844e-04
 6.32048e-05
 1.84714e-05
 5.36476e-06
 1.54735e-06
 4.42807e-07
 1.25741e-07
 3.59571e-08
 1.24601e-08
 0.00000e+00
 0.00000e+00
 0.00000e+00
 0.00000e+00
 0.00000e+00
 0.00000e+00
 0.00000e+00
 0.00000e+00
 0.00000e+00
 0.00000e+00
 0.00000e+00
 0.00000e+00
 0.00000e+00
 0.00000e+00
 0.00000e+00
 0.00000e+00
 0.00000e+00
 0.00000e+00
 0.00000e+00
 0.00000e+00
 0.00000e+00
 0.00000e+00
 0.00000e+00
 0.00000e+00
 0.00000e+00
 0.00000e+00
 0.00000e+00
 0.00000e+00
 0.00000e+00
 0.00000e+00
 0.00000e+00
 0.00000e+00
 0.00000e+00
 0.00000e+00
 0.00000e+00
 0.00000e+00
 0.00000e+00
 0.00000e+00
 0.00000e+00
 0.00000e+00
 0.00000e+00
 0.00000e+00
 0.00000e+00
 0.00000e+00
 4.39230e-03
 2.56872e-03
 8.08133e-04
 2.78322e-04
 1.80426e-04
 9.60831e-05
 2.24184e-05
 2.12150e-05
 2.03021e-05
 1.97098e-05
 1.94545e-05
 1.95343e-05
 1.99257e-05
 2.05833e-05
 2.14406e-05
 2.24110e-05
 2.33899e-05
 2.42583e-05
 2.48898e-05
 2.51655e-05
 2.50004e-05
 2.43830e-05
 2.34294e-05
 2.24476e-05
 2.20059e-05
 2.29965e-05
 2.66966e-05
 3.48571e-05
 4.99329e-05
 7.57715e-05
 1.19565e-04
 1.97000e-04
 3.45132e-04
 6.53076e-04
 1.33068e-03
 2.84348e-03
 6.09814e-03
 1.24185e-02
 2.26230e-02
 3.49676e-02
 4.40286e-02
 4.36060e-02
 3.26339e-02
 1.77405e-02
 7.12583e-03
 2.36209e-03
 7.22372e-04
 2.14844e-04
 6.32048e-05
 1.84714e-05
 5.36476e-06
 1.54735e-06
 4.42807e-07
 1.25741e-07
 3.59571e-08
 1.24602e-08
