PseudoViscosity
part
         1
quad4
 0.00000e+00
 0.00000e+00
 0.00000e+00
 0.00000e+00
 0.00000e+00
 0.00000e+00
 0.00000e+00
 0.00000e+00
 0.00000e+00
 0.00000e+00
 0.00000e+00
 0.00000e+00
 0.00000e+00
 0.00000e+00
 0.00000e+00
 0.00000e+00
 0.00000e+00
 0.00000e+00
 0.00000e+00
 0.00000e+00
 0.00000e+00
 0.00000e+00
 0.00000e+00
 0.00000e+00
 0.00000e+00
 0.00000e+00
 0.00000e+00
 0.00000e+00
 0.00000e+00
 0.00000e+00
 0.00000e+00
 0.00000e+00
 0.00000e+00
 0.00000e+00
 0.00000e+00
 0.00000e+00
 0.00000e+00
 0.00000e+00
 0.00000e+00
 0.00000e+00
 0.00000e+00
 0.00000e+00
 0.00000e+00
 0.00000e+00
 2.46432e-03
 4.17656e-03
 1.82636e-03
 4.13841e-04
 2.69415e-04
 1.38705e-04
 3.34580e-05
 3.27755e-05
 3.25191e-05
 3.25986e-05
 3.29148e-05
 3.33583e-05
 3.38062e-05
 3.41191e-05
 3.41408e-05
 3.37069e-05
 3.26720e-05
 3.09598e-05
 2.86378e-05
 2.60107e-05
 2.37200e-05
 2.28278e-05
 2.48665e-05
 3.18407e-05
 4.62079e-05
 7.09594e-05
 1.10166e-04
 1.70918e-04
 2.68859e-04
 4.42426e-04
 7.86904e-04
 1.52995e-03
 3.17630e-03
 6.69130e-03
 1.34150e-02
 2.39892e-02
 3.62463e-02
 4.44361e-02
 4.26594e-02
 3.07773e-02
 1.60835e-02
 6.26463e-03
 2.04402e-03
 6.20278e-04
 1.83334e-04
 5.35315e-05
 1.54918e-05
 4.44352e-06
 1.26217e-06
 3.54687e-07
 9.85163e-08
 2.70261e-08
 7.32164e-09
 1.95355e-09
 4.69768e-10
 1.26406e-10
 0.00000e+00
 0.00000e+00
 0.00000e+00
 0.00000e+00
 0.00000e+00
 0.00000e+00
 0.00000e+00
 0.00000e+00
 0.00000e+00
 0.00000e+00
 0.00000e+00
 0.00000e+00
 0.00000e+00
 0.00000e+00
 0.00000e+00
 0.00000e+00
 0.00000e+00
 0.00000e+00
 0.00000e+00
 0.00000e+00
 0.00000e+00
 0.00000e+00
 0.00000e+00
 0.00000e+00
 0.00000e+00
 0.00000e+00
 0.00000e+00
 0.00000e+00
 0.00000e+00
 0.00000e+00
 0.00000e+00
 0.00000e+00
 0.00000e+00
 0.00000e+00
 0.00000e+00
 0.00000e+00
 0.00000e+00
 0.00000e+00
 0.00000e+00
 0.00000e+00
 0.00000e+00
 0.00000e+00
 0.00000e+00
 0.00000e+00
 2.46432e-03
 4.17656e-03
 1.82636e-03
 4.13841e-04
 2.69415e-04
 1.38705e-04
 3.34580e-05
 3.27755e-05
 3.25191e-05
 3.25986e-05
 3.29148e-05
 3.33583e-05
 3.38062e-05
 3.41191e-05
 3.41408e-05
 3.37069e-05
 3.26720e-05
 3.09598e-05
 2.86378e-05
 2.60107e-05
 2.37200e-05
 2.28278e-05
 2.48665e-05
 3.18407e-05
 4.62079e-05
 7.09594e-05
 1.10166e-04
 1.70918e-04
 2.68859e-04
 4.42426e-04
 7.86904e-04
 1.52995e-03
 3.17630e-03
 6.69130e-03
 1.34150e-02
 2.39892e-02
 3.62463e-02
 4.44361e-02
 4.26594e-02
 3.07773e-02
 1.60835e-02
 6.26463e-03
 2.04402e-03
 6.20278e-04
 1.83334e-04
 5.35315e-05
 1.54918e-05
 4.44352e-06
 1.26217e-06
 3.54687e-07
 9.85163e-08
 2.70262e-08
 7.32164e-09
 1.95355e-09
 4.69768e-10
 1.26406e-10
 0.00000e+00
 0.00000e+00
 0.00000e+00
 0.00000e+00
 0.00000e+00
 0.00000e+00
 0.00000e+00
 0.00000e+00
 0.00000e+00
 0.00000e+00
 0.00000e+00
 0.00000e+00
 0.00000e+00
 0.00000e+00
 0.00000e+00
 0.00000e+00
 0.00000e+00
 0.00000e+00
 0.00000e+00
 0.00000e+00
 0.00000e+00
 0.00000e+00
 0.00000e+00
 0.00000e+00
 0.00000e+00
 0.00000e+00
 0.00000e+00
 0.00000e+00
 0.00000e+00
 0.00000e+00
 0.00000e+00
 0.00000e+00
 0.00000e+00
 0.00000e+00
 0.00000e+00
 0.00000e+00
 0.00000e+00
 0.00000e+00
 0.00000e+00
 0.00000e+00
 0.00000e+00
 0.00000e+00
 0.00000e+00
 0.00000e+00
 2.46432e-03
 4.17656e-03
 1.82636e-03
 4.13841e-04
 2.69415e-04
 1.38705e-04
 3.34580e-05
 3.27755e-05
 3.25191e-05
 3.25986e-05
 3.29148e-05
 3.33583e-05
 3.38062e-05
 3.41191e-05
 3.41408e-05
 3.37069e-05
 3.26720e-05
 3.09598e-05
 2.86378e-05
 2.60107e-05
 2.37200e-05
 2.28278e-05
 2.48665e-05
 3.18407e-05
 4.62079e-05
 7.09594e-05
 1.10166e-04
 1.70918e-04
 2.68859e-04
 4.42426e-04
 7.86904e-04
 1.52995e-03
 3.17630e-03
 6.69130e-03
 1.34150e-02
 2.39892e-02
 3.62463e-02
 4.44361e-02
 4.26594e-02
 3.07773e-02
 1.60835e-02
 6.26463e-03
 2.04402e-03
 6.20278e-04
 1.83334e-04
 5.35315e-05
 1.54918e-05
 4.44352e-06
 1.26217e-06
 3.54687e-07
 9.85163e-08
 2.70261e-08
 7.32164e-09
 1.95355e-09
 4.69849e-10
 1.26244e-10
 0.00000e+00
 0.00000e+00
 0.00000e+00
 0.00000e+00
 0.00000e+00
 0.00000e+00
 0.00000e+00
 0.00000e+00
 0.00000e+00
 0.00000e+00
 0.00000e+00
 0.00000e+00
 0.00000e+00
 0.00000e+00
 0.00000e+00
 0.00000e+00
 0.00000e+00
 0.00000e+00
 0.00000e+00
 0.00000e+00
 0.00000e+00
 0.00000e+00
 0.00000e+00
 0.00000e+00
 0.00000e+00
 0.00000e+00
 0.00000e+00
 0.00000e+00
 0.00000e+00
 0.00000e+00
 0.00000e+00
 0.00000e+00
 0.00000e+00
 0.00000e+00
 0.00000e+00
 0.00000e+00
 0.00000e+00
 0.00000e+00
 0.00000e+00
 0.00000e+00
 0.00000e+00
 0.00000e+00
 0.00000e+00
 0.00000e+00
 2.46432e-03
 4.17656e-03
 1.82636e-03
 4.13841e-04
 2.69415e-04
 1.38705e-04
 3.34580e-05
 3.27755e-05
 3.25191e-05
 3.25986e-05
 3.29148e-05
 3.33583e-05
 3.38062e-05
 3.41191e-05
 3.41408e-05
 3.37069e-05
 3.26720e-05
 3.09598e-05
 2.86378e-05
 2.60107e-05
 2.37200e-05
 2.28278e-05
 2.48665e-05
 3.18407e-05
 4.62079e-05
 7.09594e-05
 1.10166e-04
 1.70918e-04
 2.68859e-04
 4.42426e-04
 7.86904e-04
 1.52995e-03
 3.17630e-03
 6.69130e-03
 1.34150e-02
 2.39892e-02
 3.62463e-02
 4.44361e-02
 4.26594e-02
 3.07773e-02
 1.60835e-02
 6.26463e-03
 2.04402e-03
 6.20278e-04
 1.83334e-04
 5.35315e-05
 1.54918e-05
 4.44352e-06
 1.26217e-06
 3.54687e-07
 9.85162e-08
 2.70263e-08
 7.32164e-09
 1.95351e-09
 4.69809e-10
 1.26487e-10
 0.00000e+00
 0.00000e+00
 0.00000e+00
 0.00000e+00
 0.00000e+00
 0.00000e+00
 0.00000e+00
 0.00000e+00
 0.00000e+00
 0.00000e+00
 0.00000e+00
 0.00000e+00
 0.00000e+00
 0.00000e+00
 0.00000e+00
 0.00000e+00
 0.00000e+00
 0.00000e+00
 0.00000e+00
 0.00000e+00
 0.00000e+00
 0.00000e+00
 0.00000e+00
 0.00000e+00
 0.00000e+00
 0.00000e+00
 0.00000e+00
 0.00000e+00
 0.00000e+00
 0.00000e+00
 0.00000e+00
 0.00000e+00
 0.00000e+00
 0.00000e+00
 0.00000e+00
 0.00000e+00
 0.00000e+00
 0.00000e+00
 0.00000e+00
 0.00000e+00
 0.00000e+00
 0.00000e+00
 0.00000e+00
 0.00000e+00
 2.46432e-03
 4.17656e-03
 1.82636e-03
 4.13841e-04
 2.69415e-04
 1.38705e-04
 3.34580e-05
 3.27755e-05
 3.25191e-05
 3.25986e-05
 3.29148e-05
 3.33583e-05
 3.38062e-05
 3.41191e-05
 3.41408e-05
 3.37069e-05
 3.26720e-05
 3.09598e-05
 2.86378e-05
 2.60107e-05
 2.37200e-05
 2.28278e-05
 2.48665e-05
 3.18407e-05
 4.62079e-05
 7.09594e-05
 1.10166e-04
 1.70918e-04
 2.68859e-04
 4.42426e-04
 7.86904e-04
 1.52995e-03
 3.17630e-03
 6.69130e-03
 1.34150e-02
 2.39892e-02
 3.62463e-02
 4.44361e-02
 4.26594e-02
 3.07773e-02
 1.60835e-02
 6.26463e-03
 2.04402e-03
 6.20278e-04
 1.83334e-04
 5.35315e-05
 1.54918e-05
 4.44352e-06
 1.26217e-06
 3.54687e-07
 9.85163e-08
 2.70262e-08
 7.32160e-09
 1.95355e-09
 4.69930e-10
 1.26244e-10
