InternalEnergy
part
         1
hexa8
 2.50000e+00
 2.50000e+00
 2.50000e+00
 2.50000e+00
 2.50000e+00
 2.50000e+00
 2.50000e+00
 2.50000e+00
 2.50000e+00
 2.50000e+00
 2.50000e+00
 2.50000e+00
 2.50000e+00
 2.50000e+00
 2.50000e+00
 2.50000e+00
 2.50000e+00
 2.50000e+00
 2.49999e+00
 2.49995e+00
 2.49976e+00
 2.49903e+00
 2.49654e+00
 2.48962e+00
 2.47438e+00
 2.50000e+00
 2.50000e+00
 2.50000e+00
 2.50000e+00
 2.50000e+00
 2.50000e+00
 2.50000e+00
 2.50000e+00
 2.50000e+00
 2.50000e+00
 2.50000e+00
 2.50000e+00
 2.50000e+00
 2.50000e+00
 2.50000e+00
 2.50000e+00
 2.50000e+00
 2.50000e+00
 2.49999e+00
 2.49995e+00
 2.49976e+00
 2.49903e+00
 2.49654e+00
 2.48962e+00
 2.47438e+00
 2.50000e+00
 2.50000e+00
 2.50000e+00
 2.50000e+00
 2.50000e+00
 2.50000e+00
 2.50000e+00
 2.50000e+00
 2.50000e+00
 2.50000e+00
 2.50000e+00
 2.50000e+00
 2.50000e+00
 2.50000e+00
 2.50000e+00
 2.50000e+00
 2.50000e+00
 2.50000e+00
 2.49999e+00
 2.49995e+00
 2.49976e+00
 2.49903e+00
 2.49654e+00
 2.48962e+00
 2.47438e+00
 2.50000e+00
 2.50000e+00
 2.50000e+00
 2.50000e+00
 2.50000e+00
 2.50000e+00
 2.50000e+00
 2.50000e+00
 2.50000e+00
 2.50000e+00
 2.50000e+00
 2.50000e+00
 2.50000e+00
 2.50000e+00
 2.50000e+00
 2.50000e+00
 2.50000e+00
 2.50000e+00
 2.49999e+00
 2.49995e+00
 2.49976e+00
 2.49903e+00
 2.49654e+00
 2.48962e+00
 2.47438e+00
 2.50000e+00
 2.50000e+00
 2.50000e+00
 2.50000e+00
 2.50000e+00
 2.50000e+00
 2.50000e+00
 2.50000e+00
 2.50000e+00
 2.50000e+00
 2.50000e+00
 2.50000e+00
 2.50000e+00
 2.50000e+00
 2.50000e+00
 2.50000e+00
 2.50000e+00
 2.50000e+00
 2.49999e+00
 2.49995e+00
 2.49976e+00
 2.49903e+00
 2.49654e+00
 2.48962e+00
 2.47438e+00
 2.50000e+00
 2.50000e+00
 2.50000e+00
 2.50000e+00
 2.50000e+00
 2.50000e+00
 2.50000e+00
 2.50000e+00
 2.50000e+00
 2.50000e+00
 2.50000e+00
 2.50000e+00
 2.50000e+00
 2.50000e+00
 2.50000e+00
 2.50000e+00
 2.50000e+00
 2.50000e+00
 2.49999e+00
 2.49995e+00
 2.49976e+00
 2.49903e+00
 2.49654e+00
 2.48962e+00
 2.47438e+00
 2.50000e+00
 2.50000e+00
 2.50000e+00
 2.50000e+00
 2.50000e+00
 2.50000e+00
 2.50000e+00
 2.50000e+00
 2.50000e+00
 2.50000e+00
 2.50000e+00
 2.50000e+00
 2.50000e+00
 2.50000e+00
 2.50000e+00
 2.50000e+00
 2.50000e+00
 2.50000e+00
 2.49999e+00
 2.49995e+00
 2.49976e+00
 2.49903e+00
 2.49654e+00
 2.48962e+00
 2.47438e+00
 2.50000e+00
 2.50000e+00
 2.50000e+00
 2.50000e+00
 2.50000e+00
 2.50000e+00
 2.50000e+00
 2.50000e+00
 2.50000e+00
 2.50000e+00
 2.50000e+00
 2.50000e+00
 2.50000e+00
 2.50000e+00
 2.50000e+00
 2.50000e+00
 2.50000e+00
 2.50000e+00
 2.49999e+00
 2.49995e+00
 2.49976e+00
 2.49903e+00
 2.49654e+00
 2.48962e+00
 2.47438e+00
 2.50000e+00
 2.50000e+00
 2.50000e+00
 2.50000e+00
 2.50000e+00
 2.50000e+00
 2.50000e+00
 2.50000e+00
 2.50000e+00
 2.50000e+00
 2.50000e+00
 2.50000e+00
 2.50000e+00
 2.50000e+00
 2.50000e+00
 2.50000e+00
 2.50000e+00
 2.50000e+00
 2.49999e+00
 2.49995e+00
 2.49976e+00
 2.49903e+00
 2.49654e+00
 2.48962e+00
 2.47438e+00
 2.50000e+00
 2.50000e+00
 2.50000e+00
 2.50000e+00
 2.50000e+00
 2.50000e+00
 2.50000e+00
 2.50000e+00
 2.50000e+00
 2.50000e+00
 2.50000e+00
 2.50000e+00
 2.50000e+00
 2.50000e+00
 2.50000e+00
 2.50000e+00
 2.50000e+00
 2.50000e+00
 2.49999e+00
 2.49995e+00
 2.49976e+00
 2.49903e+00
 2.49654e+00
 2.48962e+00
 2.47438e+00
 2.50000e+00
 2.50000e+00
 2.50000e+00
 2.50000e+00
 2.50000e+00
 2.50000e+00
 2.50000e+00
 2.50000e+00
 2.50000e+00
 2.50000e+00
 2.50000e+00
 2.50000e+00
 2.50000e+00
 2.50000e+00
 2.50000e+00
 2.50000e+00
 2.50000e+00
 2.50000e+00
 2.49999e+00
 2.49995e+00
 2.49976e+00
 2.49903e+00
 2.49654e+00
 2.48962e+00
 2.47438e+00
 2.50000e+00
 2.50000e+00
 2.50000e+00
 2.50000e+00
 2.50000e+00
 2.50000e+00
 2.50000e+00
 2.50000e+00
 2.50000e+00
 2.50000e+00
 2.50000e+00
 2.50000e+00
 2.50000e+00
 2.50000e+00
 2.50000e+00
 2.50000e+00
 2.50000e+00
 2.50000e+00
 2.49999e+00
 2.49995e+00
 2.49976e+00
 2.49903e+00
 2.49654e+00
 2.48962e+00
 2.47438e+00
 2.50000e+00
 2.50000e+00
 2.50000e+00
 2.50000e+00
 2.50000e+00
 2.50000e+00
 2.50000e+00
 2.50000e+00
 2.50000e+00
 2.50000e+00
 2.50000e+00
 2.50000e+00
 2.50000e+00
 2.50000e+00
 2.50000e+00
 2.50000e+00
 2.50000e+00
 2.50000e+00
 2.49999e+00
 2.49995e+00
 2.49976e+00
 2.49903e+00
 2.49654e+00
 2.48962e+00
 2.47438e+00
 2.50000e+00
 2.50000e+00
 2.50000e+00
 2.50000e+00
 2.50000e+00
 2.50000e+00
 2.50000e+00
 2.50000e+00
 2.50000e+00
 2.50000e+00
 2.50000e+00
 2.50000e+00
 2.50000e+00
 2.50000e+00
 2.50000e+00
 2.50000e+00
 2.50000e+00
 2.50000e+00
 2.49999e+00
 2.49995e+00
 2.49976e+00
 2.49903e+00
 2.49654e+00
 2.48962e+00
 2.47438e+00
 2.50000e+00
 2.50000e+00
 2.50000e+00
 2.50000e+00
 2.50000e+00
 2.50000e+00
 2.50000e+00
 2.50000e+00
 2.50000e+00
 2.50000e+00
 2.50000e+00
 2.50000e+00
 2.50000e+00
 2.50000e+00
 2.50000e+00
 2.50000e+00
 2.50000e+00
 2.50000e+00
 2.49999e+00
 2.49995e+00
 2.49976e+00
 2.49903e+00
 2.49654e+00
 2.48962e+00
 2.47438e+00
 2.50000e+00
 2.50000e+00
 2.50000e+00
 2.50000e+00
 2.50000e+00
 2.50000e+00
 2.50000e+00
 2.50000e+00
 2.50000e+00
 2.50000e+00
 2.50000e+00
 2.50000e+00
 2.50000e+00
 2.50000e+00
 2.50000e+00
 2.50000e+00
 2.50000e+00
 2.50000e+00
 2.49999e+00
 2.49995e+00
 2.49976e+00
 2.49903e+00
 2.49654e+00
 2.48962e+00
 2.47438e+00
 2.50000e+00
 2.50000e+00
 2.50000e+00
 2.50000e+00
 2.50000e+00
 2.50000e+00
 2.50000e+00
 2.50000e+00
 2.50000e+00
 2.50000e+00
 2.50000e+00
 2.50000e+00
 2.50000e+00
 2.50000e+00
 2.50000e+00
 2.50000e+00
 2.50000e+00
 2.50000e+00
 2.49999e+00
 2.49995e+00
 2.49976e+00
 2.49903e+00
 2.49654e+00
 2.48962e+00
 2.47438e+00
 2.50000e+00
 2.50000e+00
 2.50000e+00
 2.50000e+00
 2.50000e+00
 2.50000e+00
 2.50000e+00
 2.50000e+00
 2.50000e+00
 2.50000e+00
 2.50000e+00
 2.50000e+00
 2.50000e+00
 2.50000e+00
 2.50000e+00
 2.50000e+00
 2.50000e+00
 2.50000e+00
 2.49999e+00
 2.49995e+00
 2.49976e+00
 2.49903e+00
 2.49654e+00
 2.48962e+00
 2.47438e+00
 2.50000e+00
 2.50000e+00
 2.50000e+00
 2.50000e+00
 2.50000e+00
 2.50000e+00
 2.50000e+00
 2.50000e+00
 2.50000e+00
 2.50000e+00
 2.50000e+00
 2.50000e+00
 2.50000e+00
 2.50000e+00
 2.50000e+00
 2.50000e+00
 2.50000e+00
 2.50000e+00
 2.49999e+00
 2.49995e+00
 2.49976e+00
 2.49903e+00
 2.49654e+00
 2.48962e+00
 2.47438e+00
 2.50000e+00
 2.50000e+00
 2.50000e+00
 2.50000e+00
 2.50000e+00
 2.50000e+00
 2.50000e+00
 2.50000e+00
 2.50000e+00
 2.50000e+00
 2.50000e+00
 2.50000e+00
 2.50000e+00
 2.50000e+00
 2.50000e+00
 2.50000e+00
 2.50000e+00
 2.50000e+00
 2.49999e+00
 2.49995e+00
 2.49976e+00
 2.49903e+00
 2.49654e+00
 2.48962e+00
 2.47438e+00
 2.50000e+00
 2.50000e+00
 2.50000e+00
 2.50000e+00
 2.50000e+00
 2.50000e+00
 2.50000e+00
 2.50000e+00
 2.50000e+00
 2.50000e+00
 2.50000e+00
 2.50000e+00
 2.50000e+00
 2.50000e+00
 2.50000e+00
 2.50000e+00
 2.50000e+00
 2.50000e+00
 2.49999e+00
 2.49995e+00
 2.49976e+00
 2.49903e+00
 2.49654e+00
 2.48962e+00
 2.47438e+00
 2.50000e+00
 2.50000e+00
 2.50000e+00
 2.50000e+00
 2.50000e+00
 2.50000e+00
 2.50000e+00
 2.50000e+00
 2.50000e+00
 2.50000e+00
 2.50000e+00
 2.50000e+00
 2.50000e+00
 2.50000e+00
 2.50000e+00
 2.50000e+00
 2.50000e+00
 2.50000e+00
 2.49999e+00
 2.49995e+00
 2.49976e+00
 2.49903e+00
 2.49654e+00
 2.48962e+00
 2.47438e+00
 2.50000e+00
 2.50000e+00
 2.50000e+00
 2.50000e+00
 2.50000e+00
 2.50000e+00
 2.50000e+00
 2.50000e+00
 2.50000e+00
 2.50000e+00
 2.50000e+00
 2.50000e+00
 2.50000e+00
 2.50000e+00
 2.50000e+00
 2.50000e+00
 2.50000e+00
 2.50000e+00
 2.49999e+00
 2.49995e+00
 2.49976e+00
 2.49903e+00
 2.49654e+00
 2.48962e+00
 2.47438e+00
 2.50000e+00
 2.50000e+00
 2.50000e+00
 2.50000e+00
 2.50000e+00
 2.50000e+00
 2.50000e+00
 2.50000e+00
 2.50000e+00
 2.50000e+00
 2.50000e+00
 2.50000e+00
 2.50000e+00
 2.50000e+00
 2.50000e+00
 2.50000e+00
 2.50000e+00
 2.50000e+00
 2.49999e+00
 2.49995e+00
 2.49976e+00
 2.49903e+00
 2.49654e+00
 2.48962e+00
 2.47438e+00
 2.50000e+00
 2.50000e+00
 2.50000e+00
 2.50000e+00
 2.50000e+00
 2.50000e+00
 2.50000e+00
 2.50000e+00
 2.50000e+00
 2.50000e+00
 2.50000e+00
 2.50000e+00
 2.50000e+00
 2.50000e+00
 2.50000e+00
 2.50000e+00
 2.50000e+00
 2.50000e+00
 2.49999e+00
 2.49995e+00
 2.49976e+00
 2.49903e+00
 2.49654e+00
 2.48962e+00
 2.47438e+00
part
         2
hexa8
 2.44852e+00
 2.41350e+00
 2.37269e+00
 2.32881e+00
 2.28348e+00
 2.23774e+00
 2.19224e+00
 2.14753e+00
 2.10400e+00
 2.06205e+00
 2.02220e+00
 1.98533e+00
 1.95230e+00
 1.92302e+00
 1.89751e+00
 1.88160e+00
 1.88010e+00
 1.88034e+00
 1.88098e+00
 1.88183e+00
 1.88258e+00
 1.88331e+00
 1.88410e+00
 1.88493e+00
 1.88573e+00
 2.44852e+00
 2.41350e+00
 2.37269e+00
 2.32881e+00
 2.28348e+00
 2.23774e+00
 2.19224e+00
 2.14753e+00
 2.10400e+00
 2.06205e+00
 2.02220e+00
 1.98533e+00
 1.95230e+00
 1.92302e+00
 1.89751e+00
 1.88160e+00
 1.88010e+00
 1.88034e+00
 1.88098e+00
 1.88183e+00
 1.88258e+00
 1.88331e+00
 1.88410e+00
 1.88493e+00
 1.88573e+00
 2.44852e+00
 2.41350e+00
 2.37269e+00
 2.32881e+00
 2.28348e+00
 2.23774e+00
 2.19224e+00
 2.14753e+00
 2.10400e+00
 2.06205e+00
 2.02220e+00
 1.98533e+00
 1.95230e+00
 1.92302e+00
 1.89751e+00
 1.88160e+00
 1.88010e+00
 1.88034e+00
 1.88098e+00
 1.88183e+00
 1.88258e+00
 1.88331e+00
 1.88410e+00
 1.88493e+00
 1.88573e+00
 2.44852e+00
 2.41350e+00
 2.37269e+00
 2.32881e+00
 2.28348e+00
 2.23774e+00
 2.19224e+00
 2.14753e+00
 2.10400e+00
 2.06205e+00
 2.02220e+00
 1.98533e+00
 1.95230e+00
 1.92302e+00
 1.89751e+00
 1.88160e+00
 1.88010e+00
 1.88034e+00
 1.88098e+00
 1.88183e+00
 1.88258e+00
 1.88331e+00
 1.88410e+00
 1.88493e+00
 1.88573e+00
 2.44852e+00
 2.41350e+00
 2.37269e+00
 2.32881e+00
 2.28348e+00
 2.23774e+00
 2.19224e+00
 2.14753e+00
 2.10400e+00
 2.06205e+00
 2.02220e+00
 1.98533e+00
 1.95230e+00
 1.92302e+00
 1.89751e+00
 1.88160e+00
 1.88010e+00
 1.88034e+00
 1.88098e+00
 1.88183e+00
 1.88258e+00
 1.88331e+00
 1.88410e+00
 1.88493e+00
 1.88573e+00
 2.44852e+00
 2.41350e+00
 2.37269e+00
 2.32881e+00
 2.28348e+00
 2.23774e+00
 2.19224e+00
 2.14753e+00
 2.10400e+00
 2.06205e+00
 2.02220e+00
 1.98533e+00
 1.95230e+00
 1.92302e+00
 1.89751e+00
 1.88160e+00
 1.88010e+00
 1.88034e+00
 1.88098e+00
 1.88183e+00
 1.88258e+00
 1.88331e+00
 1.88410e+00
 1.88493e+00
 1.88573e+00
 2.44852e+00
 2.41350e+00
 2.37269e+00
 2.32881e+00
 2.28348e+00
 2.23774e+00
 2.19224e+00
 2.14753e+00
 2.10400e+00
 2.06205e+00
 2.02220e+00
 1.98533e+00
 1.95230e+00
 1.92302e+00
 1.89751e+00
 1.88160e+00
 1.88010e+00
 1.88034e+00
 1.88098e+00
 1.88183e+00
 1.88258e+00
 1.88331e+00
 1.88410e+00
 1.88493e+00
 1.88573e+00
 2.44852e+00
 2.41350e+00
 2.37269e+00
 2.32881e+00
 2.28348e+00
 2.23774e+00
 2.19224e+00
 2.14753e+00
 2.10400e+00
 2.06205e+00
 2.02220e+00
 1.98533e+00
 1.95230e+00
 1.92302e+00
 1.89751e+00
 1.88160e+00
 1.88010e+00
 1.88034e+00
 1.88098e+00
 1.88183e+00
 1.88258e+00
 1.88331e+00
 1.88410e+00
 1.88493e+00
 1.88573e+00
 2.44852e+00
 2.41350e+00
 2.37269e+00
 2.32881e+00
 2.28348e+00
 2.23774e+00
 2.19224e+00
 2.14753e+00
 2.10400e+00
 2.06205e+00
 2.02220e+00
 1.98533e+00
 1.95230e+00
 1.92302e+00
 1.89751e+00
 1.88160e+00
 1.88010e+00
 1.88034e+00
 1.88098e+00
 1.88183e+00
 1.88258e+00
 1.88331e+00
 1.88410e+00
 1.88493e+00
 1.88573e+00
 2.44852e+00
 2.41350e+00
 2.37269e+00
 2.32881e+00
 2.28348e+00
 2.23774e+00
 2.19224e+00
 2.14753e+00
 2.10400e+00
 2.06205e+00
 2.02220e+00
 1.98533e+00
 1.95230e+00
 1.92302e+00
 1.89751e+00
 1.88160e+00
 1.88010e+00
 1.88034e+00
 1.88098e+00
 1.88183e+00
 1.88258e+00
 1.88331e+00
 1.88410e+00
 1.88493e+00
 1.88573e+00
 2.44852e+00
 2.41350e+00
 2.37269e+00
 2.32881e+00
 2.28348e+00
 2.23774e+00
 2.19224e+00
 2.14753e+00
 2.10400e+00
 2.06205e+00
 2.02220e+00
 1.98533e+00
 1.95230e+00
 1.92302e+00
 1.89751e+00
 1.88160e+00
 1.88010e+00
 1.88034e+00
 1.88098e+00
 1.88183e+00
 1.88258e+00
 1.88331e+00
 1.88410e+00
 1.88493e+00
 1.88573e+00
 2.44852e+00
 2.41350e+00
 2.37269e+00
 2.32881e+00
 2.28348e+00
 2.23774e+00
 2.19224e+00
 2.14753e+00
 2.10400e+00
 2.06205e+00
 2.02220e+00
 1.98533e+00
 1.95230e+00
 1.92302e+00
 1.89751e+00
 1.88160e+00
 1.88010e+00
 1.88034e+00
 1.88098e+00
 1.88183e+00
 1.88258e+00
 1.88331e+00
 1.88410e+00
 1.88493e+00
 1.88573e+00
 2.44852e+00
 2.41350e+00
 2.37269e+00
 2.32881e+00
 2.28348e+00
 2.23774e+00
 2.19224e+00
 2.14753e+00
 2.10400e+00
 2.06205e+00
 2.02220e+00
 1.98533e+00
 1.95230e+00
 1.92302e+00
 1.89751e+00
 1.88160e+00
 1.88010e+00
 1.88034e+00
 1.88098e+00
 1.88183e+00
 1.88258e+00
 1.88331e+00
 1.88410e+00
 1.88493e+00
 1.88573e+00
 2.44852e+00
 2.41350e+00
 2.37269e+00
 2.32881e+00
 2.28348e+00
 2.23774e+00
 2.19224e+00
 2.14753e+00
 2.10400e+00
 2.06205e+00
 2.02220e+00
 1.98533e+00
 1.95230e+00
 1.92302e+00
 1.89751e+00
 1.88160e+00
 1.88010e+00
 1.88034e+00
 1.88098e+00
 1.88183e+00
 1.88258e+00
 1.88331e+00
 1.88410e+00
 1.88493e+00
 1.88573e+00
 2.44852e+00
 2.41350e+00
 2.37269e+00
 2.32881e+00
 2.28348e+00
 2.23774e+00
 2.19224e+00
 2.14753e+00
 2.10400e+00
 2.06205e+00
 2.02220e+00
 1.98533e+00
 1.95230e+00
 1.92302e+00
 1.89751e+00
 1.88160e+00
 1.88010e+00
 1.88034e+00
 1.88098e+00
 1.88183e+00
 1.88258e+00
 1.88331e+00
 1.88410e+00
 1.88493e+00
 1.88573e+00
 2.44852e+00
 2.41350e+00
 2.37269e+00
 2.32881e+00
 2.28348e+00
 2.23774e+00
 2.19224e+00
 2.14753e+00
 2.10400e+00
 2.06205e+00
 2.02220e+00
 1.98533e+00
 1.95230e+00
 1.92302e+00
 1.89751e+00
 1.88160e+00
 1.88010e+00
 1.88034e+00
 1.88098e+00
 1.88183e+00
 1.88258e+00
 1.88331e+00
 1.88410e+00
 1.88493e+00
 1.88573e+00
 2.44852e+00
 2.41350e+00
 2.37269e+00
 2.32881e+00
 2.28348e+00
 2.23774e+00
 2.19224e+00
 2.14753e+00
 2.10400e+00
 2.06205e+00
 2.02220e+00
 1.98533e+00
 1.95230e+00
 1.92302e+00
 1.89751e+00
 1.88160e+00
 1.88010e+00
 1.88034e+00
 1.88098e+00
 1.88183e+00
 1.88258e+00
 1.88331e+00
 1.88410e+00
 1.88493e+00
 1.88573e+00
 2.44852e+00
 2.41350e+00
 2.37269e+00
 2.32881e+00
 2.28348e+00
 2.23774e+00
 2.19224e+00
 2.14753e+00
 2.10400e+00
 2.06205e+00
 2.02220e+00
 1.98533e+00
 1.95230e+00
 1.92302e+00
 1.89751e+00
 1.88160e+00
 1.88010e+00
 1.88034e+00
 1.88098e+00
 1.88183e+00
 1.88258e+00
 1.88331e+00
 1.88410e+00
 1.88493e+00
 1.88573e+00
 2.44852e+00
 2.41350e+00
 2.37269e+00
 2.32881e+00
 2.28348e+00
 2.23774e+00
 2.19224e+00
 2.14753e+00
 2.10400e+00
 2.06205e+00
 2.02220e+00
 1.98533e+00
 1.95230e+00
 1.92302e+00
 1.89751e+00
 1.88160e+00
 1.88010e+00
 1.88034e+00
 1.88098e+00
 1.88183e+00
 1.88258e+00
 1.88331e+00
 1.88410e+00
 1.88493e+00
 1.88573e+00
 2.44852e+00
 2.41350e+00
 2.37269e+00
 2.32881e+00
 2.28348e+00
 2.23774e+00
 2.19224e+00
 2.14753e+00
 2.10400e+00
 2.06205e+00
 2.02220e+00
 1.98533e+00
 1.95230e+00
 1.92302e+00
 1.89751e+00
 1.88160e+00
 1.88010e+00
 1.88034e+00
 1.88098e+00
 1.88183e+00
 1.88258e+00
 1.88331e+00
 1.88410e+00
 1.88493e+00
 1.88573e+00
 2.44852e+00
 2.41350e+00
 2.37269e+00
 2.32881e+00
 2.28348e+00
 2.23774e+00
 2.19224e+00
 2.14753e+00
 2.10400e+00
 2.06205e+00
 2.02220e+00
 1.98533e+00
 1.95230e+00
 1.92302e+00
 1.89751e+00
 1.88160e+00
 1.88010e+00
 1.88034e+00
 1.88098e+00
 1.88183e+00
 1.88258e+00
 1.88331e+00
 1.88410e+00
 1.88493e+00
 1.88573e+00
 2.44852e+00
 2.41350e+00
 2.37269e+00
 2.32881e+00
 2.28348e+00
 2.23774e+00
 2.19224e+00
 2.14753e+00
 2.10400e+00
 2.06205e+00
 2.02220e+00
 1.98533e+00
 1.95230e+00
 1.92302e+00
 1.89751e+00
 1.88160e+00
 1.88010e+00
 1.88034e+00
 1.88098e+00
 1.88183e+00
 1.88258e+00
 1.88331e+00
 1.88410e+00
 1.88493e+00
 1.88573e+00
 2.44852e+00
 2.41350e+00
 2.37269e+00
 2.32881e+00
 2.28348e+00
 2.23774e+00
 2.19224e+00
 2.14753e+00
 2.10400e+00
 2.06205e+00
 2.02220e+00
 1.98533e+00
 1.95230e+00
 1.92302e+00
 1.89751e+00
 1.88160e+00
 1.88010e+00
 1.88034e+00
 1.88098e+00
 1.88183e+00
 1.88258e+00
 1.88331e+00
 1.88410e+00
 1.88493e+00
 1.88573e+00
 2.44852e+00
 2.41350e+00
 2.37269e+00
 2.32881e+00
 2.28348e+00
 2.23774e+00
 2.19224e+00
 2.14753e+00
 2.10400e+00
 2.06205e+00
 2.02220e+00
 1.98533e+00
 1.95230e+00
 1.92302e+00
 1.89751e+00
 1.88160e+00
 1.88010e+00
 1.88034e+00
 1.88098e+00
 1.88183e+00
 1.88258e+00
 1.88331e+00
 1.88410e+00
 1.88493e+00
 1.88573e+00
 2.44852e+00
 2.41350e+00
 2.37269e+00
 2.32881e+00
 2.28348e+00
 2.23774e+00
 2.19224e+00
 2.14753e+00
 2.10400e+00
 2.06205e+00
 2.02220e+00
 1.98533e+00
 1.95230e+00
 1.92302e+00
 1.89751e+00
 1.88160e+00
 1.88010e+00
 1.88034e+00
 1.88098e+00
 1.88183e+00
 1.88258e+00
 1.88331e+00
 1.88410e+00
 1.88493e+00
 1.88573e+00
part
         3
hexa8
 1.88649e+00
 1.88718e+00
 1.88784e+00
 1.88851e+00
 1.88913e+00
 1.88966e+00
 1.89018e+00
 1.89069e+00
 1.89122e+00
 1.89176e+00
 1.89239e+00
 1.89332e+00
 1.89509e+00
 1.89878e+00
 1.90649e+00
 1.92457e+00
 1.96693e+00
 2.05389e+00
 2.21784e+00
 2.47576e+00
 2.73359e+00
 2.91362e+00
 3.01677e+00
 3.06682e+00
 3.08511e+00
 1.88649e+00
 1.88718e+00
 1.88784e+00
 1.88851e+00
 1.88913e+00
 1.88966e+00
 1.89018e+00
 1.89069e+00
 1.89122e+00
 1.89176e+00
 1.89239e+00
 1.89332e+00
 1.89509e+00
 1.89878e+00
 1.90649e+00
 1.92457e+00
 1.96693e+00
 2.05389e+00
 2.21784e+00
 2.47576e+00
 2.73359e+00
 2.91362e+00
 3.01677e+00
 3.06682e+00
 3.08511e+00
 1.88649e+00
 1.88718e+00
 1.88784e+00
 1.88851e+00
 1.88913e+00
 1.88966e+00
 1.89018e+00
 1.89069e+00
 1.89122e+00
 1.89176e+00
 1.89239e+00
 1.89332e+00
 1.89509e+00
 1.89878e+00
 1.90649e+00
 1.92457e+00
 1.96693e+00
 2.05389e+00
 2.21784e+00
 2.47576e+00
 2.73359e+00
 2.91362e+00
 3.01677e+00
 3.06682e+00
 3.08511e+00
 1.88649e+00
 1.88718e+00
 1.88784e+00
 1.88851e+00
 1.88913e+00
 1.88966e+00
 1.89018e+00
 1.89069e+00
 1.89122e+00
 1.89176e+00
 1.89239e+00
 1.89332e+00
 1.89509e+00
 1.89878e+00
 1.90649e+00
 1.92457e+00
 1.96693e+00
 2.05389e+00
 2.21784e+00
 2.47576e+00
 2.73359e+00
 2.91362e+00
 3.01677e+00
 3.06682e+00
 3.08511e+00
 1.88649e+00
 1.88718e+00
 1.88784e+00
 1.88851e+00
 1.88913e+00
 1.88966e+00
 1.89018e+00
 1.89069e+00
 1.89122e+00
 1.89176e+00
 1.89239e+00
 1.89332e+00
 1.89509e+00
 1.89878e+00
 1.90649e+00
 1.92457e+00
 1.96693e+00
 2.05389e+00
 2.21784e+00
 2.47576e+00
 2.73359e+00
 2.91362e+00
 3.01677e+00
 3.06682e+00
 3.08511e+00
 1.88649e+00
 1.88718e+00
 1.88784e+00
 1.88851e+00
 1.88913e+00
 1.88966e+00
 1.89018e+00
 1.89069e+00
 1.89122e+00
 1.89176e+00
 1.89239e+00
 1.89332e+00
 1.89509e+00
 1.89878e+00
 1.90649e+00
 1.92457e+00
 1.96693e+00
 2.05389e+00
 2.21784e+00
 2.47576e+00
 2.73359e+00
 2.91362e+00
 3.01677e+00
 3.06682e+00
 3.08511e+00
 1.88649e+00
 1.88718e+00
 1.88784e+00
 1.88851e+00
 1.88913e+00
 1.88966e+00
 1.89018e+00
 1.89069e+00
 1.89122e+00
 1.89176e+00
 1.89239e+00
 1.89332e+00
 1.89509e+00
 1.89878e+00
 1.90649e+00
 1.92457e+00
 1.96693e+00
 2.05389e+00
 2.21784e+00
 2.47576e+00
 2.73359e+00
 2.91362e+00
 3.01677e+00
 3.06682e+00
 3.08511e+00
 1.88649e+00
 1.88718e+00
 1.88784e+00
 1.88851e+00
 1.88913e+00
 1.88966e+00
 1.89018e+00
 1.89069e+00
 1.89122e+00
 1.89176e+00
 1.89239e+00
 1.89332e+00
 1.89509e+00
 1.89878e+00
 1.90649e+00
 1.92457e+00
 1.96693e+00
 2.05389e+00
 2.21784e+00
 2.47576e+00
 2.73359e+00
 2.91362e+00
 3.01677e+00
 3.06682e+00
 3.08511e+00
 1.88649e+00
 1.88718e+00
 1.88784e+00
 1.88851e+00
 1.88913e+00
 1.88966e+00
 1.89018e+00
 1.89069e+00
 1.89122e+00
 1.89176e+00
 1.89239e+00
 1.89332e+00
 1.89509e+00
 1.89878e+00
 1.90649e+00
 1.92457e+00
 1.96693e+00
 2.05389e+00
 2.21784e+00
 2.47576e+00
 2.73359e+00
 2.91362e+00
 3.01677e+00
 3.06682e+00
 3.08511e+00
 1.88649e+00
 1.88718e+00
 1.88784e+00
 1.88851e+00
 1.88913e+00
 1.88966e+00
 1.89018e+00
 1.89069e+00
 1.89122e+00
 1.89176e+00
 1.89239e+00
 1.89332e+00
 1.89509e+00
 1.89878e+00
 1.90649e+00
 1.92457e+00
 1.96693e+00
 2.05389e+00
 2.21784e+00
 2.47576e+00
 2.73359e+00
 2.91362e+00
 3.01677e+00
 3.06682e+00
 3.08511e+00
 1.88649e+00
 1.88718e+00
 1.88784e+00
 1.88851e+00
 1.88913e+00
 1.88966e+00
 1.89018e+00
 1.89069e+00
 1.89122e+00
 1.89176e+00
 1.89239e+00
 1.89332e+00
 1.89509e+00
 1.89878e+00
 1.90649e+00
 1.92457e+00
 1.96693e+00
 2.05389e+00
 2.21784e+00
 2.47576e+00
 2.73359e+00
 2.91362e+00
 3.01677e+00
 3.06682e+00
 3.08511e+00
 1.88649e+00
 1.88718e+00
 1.88784e+00
 1.88851e+00
 1.88913e+00
 1.88966e+00
 1.89018e+00
 1.89069e+00
 1.89122e+00
 1.89176e+00
 1.89239e+00
 1.89332e+00
 1.89509e+00
 1.89878e+00
 1.90649e+00
 1.92457e+00
 1.96693e+00
 2.05389e+00
 2.21784e+00
 2.47576e+00
 2.73359e+00
 2.91362e+00
 3.01677e+00
 3.06682e+00
 3.08511e+00
 1.88649e+00
 1.88718e+00
 1.88784e+00
 1.88851e+00
 1.88913e+00
 1.88966e+00
 1.89018e+00
 1.89069e+00
 1.89122e+00
 1.89176e+00
 1.89239e+00
 1.89332e+00
 1.89509e+00
 1.89878e+00
 1.90649e+00
 1.92457e+00
 1.96693e+00
 2.05389e+00
 2.21784e+00
 2.47576e+00
 2.73359e+00
 2.91362e+00
 3.01677e+00
 3.06682e+00
 3.08511e+00
 1.88649e+00
 1.88718e+00
 1.88784e+00
 1.88851e+00
 1.88913e+00
 1.88966e+00
 1.89018e+00
 1.89069e+00
 1.89122e+00
 1.89176e+00
 1.89239e+00
 1.89332e+00
 1.89509e+00
 1.89878e+00
 1.90649e+00
 1.92457e+00
 1.96693e+00
 2.05389e+00
 2.21784e+00
 2.47576e+00
 2.73359e+00
 2.91362e+00
 3.01677e+00
 3.06682e+00
 3.08511e+00
 1.88649e+00
 1.88718e+00
 1.88784e+00
 1.88851e+00
 1.88913e+00
 1.88966e+00
 1.89018e+00
 1.89069e+00
 1.89122e+00
 1.89176e+00
 1.89239e+00
 1.89332e+00
 1.89509e+00
 1.89878e+00
 1.90649e+00
 1.92457e+00
 1.96693e+00
 2.05389e+00
 2.21784e+00
 2.47576e+00
 2.73359e+00
 2.91362e+00
 3.01677e+00
 3.06682e+00
 3.08511e+00
 1.88649e+00
 1.88718e+00
 1.88784e+00
 1.88851e+00
 1.88913e+00
 1.88966e+00
 1.89018e+00
 1.89069e+00
 1.89122e+00
 1.89176e+00
 1.89239e+00
 1.89332e+00
 1.89509e+00
 1.89878e+00
 1.90649e+00
 1.92457e+00
 1.96693e+00
 2.05389e+00
 2.21784e+00
 2.47576e+00
 2.73359e+00
 2.91362e+00
 3.01677e+00
 3.06682e+00
 3.08511e+00
 1.88649e+00
 1.88718e+00
 1.88784e+00
 1.88851e+00
 1.88913e+00
 1.88966e+00
 1.89018e+00
 1.89069e+00
 1.89122e+00
 1.89176e+00
 1.89239e+00
 1.89332e+00
 1.89509e+00
 1.89878e+00
 1.90649e+00
 1.92457e+00
 1.96693e+00
 2.05389e+00
 2.21784e+00
 2.47576e+00
 2.73359e+00
 2.91362e+00
 3.01677e+00
 3.06682e+00
 3.08511e+00
 1.88649e+00
 1.88718e+00
 1.88784e+00
 1.88851e+00
 1.88913e+00
 1.88966e+00
 1.89018e+00
 1.89069e+00
 1.89122e+00
 1.89176e+00
 1.89239e+00
 1.89332e+00
 1.89509e+00
 1.89878e+00
 1.90649e+00
 1.92457e+00
 1.96693e+00
 2.05389e+00
 2.21784e+00
 2.47576e+00
 2.73359e+00
 2.91362e+00
 3.01677e+00
 3.06682e+00
 3.08511e+00
 1.88649e+00
 1.88718e+00
 1.88784e+00
 1.88851e+00
 1.88913e+00
 1.88966e+00
 1.89018e+00
 1.89069e+00
 1.89122e+00
 1.89176e+00
 1.89239e+00
 1.89332e+00
 1.89509e+00
 1.89878e+00
 1.90649e+00
 1.92457e+00
 1.96693e+00
 2.05389e+00
 2.21784e+00
 2.47576e+00
 2.73359e+00
 2.91362e+00
 3.01677e+00
 3.06682e+00
 3.08511e+00
 1.88649e+00
 1.88718e+00
 1.88784e+00
 1.88851e+00
 1.88913e+00
 1.88966e+00
 1.89018e+00
 1.89069e+00
 1.89122e+00
 1.89176e+00
 1.89239e+00
 1.89332e+00
 1.89509e+00
 1.89878e+00
 1.90649e+00
 1.92457e+00
 1.96693e+00
 2.05389e+00
 2.21784e+00
 2.47576e+00
 2.73359e+00
 2.91362e+00
 3.01677e+00
 3.06682e+00
 3.08511e+00
 1.88649e+00
 1.88718e+00
 1.88784e+00
 1.88851e+00
 1.88913e+00
 1.88966e+00
 1.89018e+00
 1.89069e+00
 1.89122e+00
 1.89176e+00
 1.89239e+00
 1.89332e+00
 1.89509e+00
 1.89878e+00
 1.90649e+00
 1.92457e+00
 1.96693e+00
 2.05389e+00
 2.21784e+00
 2.47576e+00
 2.73359e+00
 2.91362e+00
 3.01677e+00
 3.06682e+00
 3.08511e+00
 1.88649e+00
 1.88718e+00
 1.88784e+00
 1.88851e+00
 1.88913e+00
 1.88966e+00
 1.89018e+00
 1.89069e+00
 1.89122e+00
 1.89176e+00
 1.89239e+00
 1.89332e+00
 1.89509e+00
 1.89878e+00
 1.90649e+00
 1.92457e+00
 1.96693e+00
 2.05389e+00
 2.21784e+00
 2.47576e+00
 2.73359e+00
 2.91362e+00
 3.01677e+00
 3.06682e+00
 3.08511e+00
 1.88649e+00
 1.88718e+00
 1.88784e+00
 1.88851e+00
 1.88913e+00
 1.88966e+00
 1.89018e+00
 1.89069e+00
 1.89122e+00
 1.89176e+00
 1.89239e+00
 1.89332e+00
 1.89509e+00
 1.89878e+00
 1.90649e+00
 1.92457e+00
 1.96693e+00
 2.05389e+00
 2.21784e+00
 2.47576e+00
 2.73359e+00
 2.91362e+00
 3.01677e+00
 3.06682e+00
 3.08511e+00
 1.88649e+00
 1.88718e+00
 1.88784e+00
 1.88851e+00
 1.88913e+00
 1.88966e+00
 1.89018e+00
 1.89069e+00
 1.89122e+00
 1.89176e+00
 1.89239e+00
 1.89332e+00
 1.89509e+00
 1.89878e+00
 1.90649e+00
 1.92457e+00
 1.96693e+00
 2.05389e+00
 2.21784e+00
 2.47576e+00
 2.73359e+00
 2.91362e+00
 3.01677e+00
 3.06682e+00
 3.08511e+00
 1.88649e+00
 1.88718e+00
 1.88784e+00
 1.88851e+00
 1.88913e+00
 1.88966e+00
 1.89018e+00
 1.89069e+00
 1.89122e+00
 1.89176e+00
 1.89239e+00
 1.89332e+00
 1.89509e+00
 1.89878e+00
 1.90649e+00
 1.92457e+00
 1.96693e+00
 2.05389e+00
 2.21784e+00
 2.47576e+00
 2.73359e+00
 2.91362e+00
 3.01677e+00
 3.06682e+00
 3.08511e+00
part
         4
hexa8
 3.08730e+00
 3.07816e+00
 3.05825e+00
 3.02738e+00
 2.97957e+00
 2.90414e+00
 2.79382e+00
 2.65544e+00
 2.51773e+00
 2.35738e+00
 2.20865e+00
 2.10425e+00
 2.04386e+00
 2.01586e+00
 2.00516e+00
 2.00158e+00
 2.00047e+00
 2.00013e+00
 2.00004e+00
 2.00001e+00
 2.00000e+00
 2.00000e+00
 2.00000e+00
 2.00000e+00
 2.00000e+00
 3.08730e+00
 3.07816e+00
 3.05825e+00
 3.02738e+00
 2.97957e+00
 2.90414e+00
 2.79382e+00
 2.65544e+00
 2.51773e+00
 2.35738e+00
 2.20865e+00
 2.10425e+00
 2.04386e+00
 2.01586e+00
 2.00516e+00
 2.00158e+00
 2.00047e+00
 2.00013e+00
 2.00004e+00
 2.00001e+00
 2.00000e+00
 2.00000e+00
 2.00000e+00
 2.00000e+00
 2.00000e+00
 3.08730e+00
 3.07816e+00
 3.05825e+00
 3.02738e+00
 2.97957e+00
 2.90414e+00
 2.79382e+00
 2.65544e+00
 2.51773e+00
 2.35738e+00
 2.20865e+00
 2.10425e+00
 2.04386e+00
 2.01586e+00
 2.00516e+00
 2.00158e+00
 2.00047e+00
 2.00013e+00
 2.00004e+00
 2.00001e+00
 2.00000e+00
 2.00000e+00
 2.00000e+00
 2.00000e+00
 2.00000e+00
 3.08730e+00
 3.07816e+00
 3.05825e+00
 3.02738e+00
 2.97957e+00
 2.90414e+00
 2.79382e+00
 2.65544e+00
 2.51773e+00
 2.35738e+00
 2.20865e+00
 2.10425e+00
 2.04386e+00
 2.01586e+00
 2.00516e+00
 2.00158e+00
 2.00047e+00
 2.00013e+00
 2.00004e+00
 2.00001e+00
 2.00000e+00
 2.00000e+00
 2.00000e+00
 2.00000e+00
 2.00000e+00
 3.08730e+00
 3.07816e+00
 3.05825e+00
 3.02738e+00
 2.97957e+00
 2.90414e+00
 2.79382e+00
 2.65544e+00
 2.51773e+00
 2.35738e+00
 2.20865e+00
 2.10425e+00
 2.04386e+00
 2.01586e+00
 2.00516e+00
 2.00158e+00
 2.00047e+00
 2.00013e+00
 2.00004e+00
 2.00001e+00
 2.00000e+00
 2.00000e+00
 2.00000e+00
 2.00000e+00
 2.00000e+00
 3.08730e+00
 3.07816e+00
 3.05825e+00
 3.02738e+00
 2.97957e+00
 2.90414e+00
 2.79382e+00
 2.65544e+00
 2.51773e+00
 2.35738e+00
 2.20865e+00
 2.10425e+00
 2.04386e+00
 2.01586e+00
 2.00516e+00
 2.00158e+00
 2.00047e+00
 2.00013e+00
 2.00004e+00
 2.00001e+00
 2.00000e+00
 2.00000e+00
 2.00000e+00
 2.00000e+00
 2.00000e+00
 3.08730e+00
 3.07816e+00
 3.05825e+00
 3.02738e+00
 2.97957e+00
 2.90414e+00
 2.79382e+00
 2.65544e+00
 2.51773e+00
 2.35738e+00
 2.20865e+00
 2.10425e+00
 2.04386e+00
 2.01586e+00
 2.00516e+00
 2.00158e+00
 2.00047e+00
 2.00013e+00
 2.00004e+00
 2.00001e+00
 2.00000e+00
 2.00000e+00
 2.00000e+00
 2.00000e+00
 2.00000e+00
 3.08730e+00
 3.07816e+00
 3.05825e+00
 3.02738e+00
 2.97957e+00
 2.90414e+00
 2.79382e+00
 2.65544e+00
 2.51773e+00
 2.35738e+00
 2.20865e+00
 2.10425e+00
 2.04386e+00
 2.01586e+00
 2.00516e+00
 2.00158e+00
 2.00047e+00
 2.00013e+00
 2.00004e+00
 2.00001e+00
 2.00000e+00
 2.00000e+00
 2.00000e+00
 2.00000e+00
 2.00000e+00
 3.08730e+00
 3.07816e+00
 3.05825e+00
 3.02738e+00
 2.97957e+00
 2.90414e+00
 2.79382e+00
 2.65544e+00
 2.51773e+00
 2.35738e+00
 2.20865e+00
 2.10425e+00
 2.04386e+00
 2.01586e+00
 2.00516e+00
 2.00158e+00
 2.00047e+00
 2.00013e+00
 2.00004e+00
 2.00001e+00
 2.00000e+00
 2.00000e+00
 2.00000e+00
 2.00000e+00
 2.00000e+00
 3.08730e+00
 3.07816e+00
 3.05825e+00
 3.02738e+00
 2.97957e+00
 2.90414e+00
 2.79382e+00
 2.65544e+00
 2.51773e+00
 2.35738e+00
 2.20865e+00
 2.10425e+00
 2.04386e+00
 2.01586e+00
 2.00516e+00
 2.00158e+00
 2.00047e+00
 2.00013e+00
 2.00004e+00
 2.00001e+00
 2.00000e+00
 2.00000e+00
 2.00000e+00
 2.00000e+00
 2.00000e+00
 3.08730e+00
 3.07816e+00
 3.05825e+00
 3.02738e+00
 2.97957e+00
 2.90414e+00
 2.79382e+00
 2.65544e+00
 2.51773e+00
 2.35738e+00
 2.20865e+00
 2.10425e+00
 2.04386e+00
 2.01586e+00
 2.00516e+00
 2.00158e+00
 2.00047e+00
 2.00013e+00
 2.00004e+00
 2.00001e+00
 2.00000e+00
 2.00000e+00
 2.00000e+00
 2.00000e+00
 2.00000e+00
 3.08730e+00
 3.07816e+00
 3.05825e+00
 3.02738e+00
 2.97957e+00
 2.90414e+00
 2.79382e+00
 2.65544e+00
 2.51773e+00
 2.35738e+00
 2.20865e+00
 2.10425e+00
 2.04386e+00
 2.01586e+00
 2.00516e+00
 2.00158e+00
 2.00047e+00
 2.00013e+00
 2.00004e+00
 2.00001e+00
 2.00000e+00
 2.00000e+00
 2.00000e+00
 2.00000e+00
 2.00000e+00
 3.08730e+00
 3.07816e+00
 3.05825e+00
 3.02738e+00
 2.97957e+00
 2.90414e+00
 2.79382e+00
 2.65544e+00
 2.51773e+00
 2.35738e+00
 2.20865e+00
 2.10425e+00
 2.04386e+00
 2.01586e+00
 2.00516e+00
 2.00158e+00
 2.00047e+00
 2.00013e+00
 2.00004e+00
 2.00001e+00
 2.00000e+00
 2.00000e+00
 2.00000e+00
 2.00000e+00
 2.00000e+00
 3.08730e+00
 3.07816e+00
 3.05825e+00
 3.02738e+00
 2.97957e+00
 2.90414e+00
 2.79382e+00
 2.65544e+00
 2.51773e+00
 2.35738e+00
 2.20865e+00
 2.10425e+00
 2.04386e+00
 2.01586e+00
 2.00516e+00
 2.00158e+00
 2.00047e+00
 2.00013e+00
 2.00004e+00
 2.00001e+00
 2.00000e+00
 2.00000e+00
 2.00000e+00
 2.00000e+00
 2.00000e+00
 3.08730e+00
 3.07816e+00
 3.05825e+00
 3.02738e+00
 2.97957e+00
 2.90414e+00
 2.79382e+00
 2.65544e+00
 2.51773e+00
 2.35738e+00
 2.20865e+00
 2.10425e+00
 2.04386e+00
 2.01586e+00
 2.00516e+00
 2.00158e+00
 2.00047e+00
 2.00013e+00
 2.00004e+00
 2.00001e+00
 2.00000e+00
 2.00000e+00
 2.00000e+00
 2.00000e+00
 2.00000e+00
 3.08730e+00
 3.07816e+00
 3.05825e+00
 3.02738e+00
 2.97957e+00
 2.90414e+00
 2.79382e+00
 2.65544e+00
 2.51773e+00
 2.35738e+00
 2.20865e+00
 2.10425e+00
 2.04386e+00
 2.01586e+00
 2.00516e+00
 2.00158e+00
 2.00047e+00
 2.00013e+00
 2.00004e+00
 2.00001e+00
 2.00000e+00
 2.00000e+00
 2.00000e+00
 2.00000e+00
 2.00000e+00
 3.08730e+00
 3.07816e+00
 3.05825e+00
 3.02738e+00
 2.97957e+00
 2.90414e+00
 2.79382e+00
 2.65544e+00
 2.51773e+00
 2.35738e+00
 2.20865e+00
 2.10425e+00
 2.04386e+00
 2.01586e+00
 2.00516e+00
 2.00158e+00
 2.00047e+00
 2.00013e+00
 2.00004e+00
 2.00001e+00
 2.00000e+00
 2.00000e+00
 2.00000e+00
 2.00000e+00
 2.00000e+00
 3.08730e+00
 3.07816e+00
 3.05825e+00
 3.02738e+00
 2.97957e+00
 2.90414e+00
 2.79382e+00
 2.65544e+00
 2.51773e+00
 2.35738e+00
 2.20865e+00
 2.10425e+00
 2.04386e+00
 2.01586e+00
 2.00516e+00
 2.00158e+00
 2.00047e+00
 2.00013e+00
 2.00004e+00
 2.00001e+00
 2.00000e+00
 2.00000e+00
 2.00000e+00
 2.00000e+00
 2.00000e+00
 3.08730e+00
 3.07816e+00
 3.05825e+00
 3.02738e+00
 2.97957e+00
 2.90414e+00
 2.79382e+00
 2.65544e+00
 2.51773e+00
 2.35738e+00
 2.20865e+00
 2.10425e+00
 2.04386e+00
 2.01586e+00
 2.00516e+00
 2.00158e+00
 2.00047e+00
 2.00013e+00
 2.00004e+00
 2.00001e+00
 2.00000e+00
 2.00000e+00
 2.00000e+00
 2.00000e+00
 2.00000e+00
 3.08730e+00
 3.07816e+00
 3.05825e+00
 3.02738e+00
 2.97957e+00
 2.90414e+00
 2.79382e+00
 2.65544e+00
 2.51773e+00
 2.35738e+00
 2.20865e+00
 2.10425e+00
 2.04386e+00
 2.01586e+00
 2.00516e+00
 2.00158e+00
 2.00047e+00
 2.00013e+00
 2.00004e+00
 2.00001e+00
 2.00000e+00
 2.00000e+00
 2.00000e+00
 2.00000e+00
 2.00000e+00
 3.08730e+00
 3.07816e+00
 3.05825e+00
 3.02738e+00
 2.97957e+00
 2.90414e+00
 2.79382e+00
 2.65544e+00
 2.51773e+00
 2.35738e+00
 2.20865e+00
 2.10425e+00
 2.04386e+00
 2.01586e+00
 2.00516e+00
 2.00158e+00
 2.00047e+00
 2.00013e+00
 2.00004e+00
 2.00001e+00
 2.00000e+00
 2.00000e+00
 2.00000e+00
 2.00000e+00
 2.00000e+00
 3.08730e+00
 3.07816e+00
 3.05825e+00
 3.02738e+00
 2.97957e+00
 2.90414e+00
 2.79382e+00
 2.65544e+00
 2.51773e+00
 2.35738e+00
 2.20865e+00
 2.10425e+00
 2.04386e+00
 2.01586e+00
 2.00516e+00
 2.00158e+00
 2.00047e+00
 2.00013e+00
 2.00004e+00
 2.00001e+00
 2.00000e+00
 2.00000e+00
 2.00000e+00
 2.00000e+00
 2.00000e+00
 3.08730e+00
 3.07816e+00
 3.05825e+00
 3.02738e+00
 2.97957e+00
 2.90414e+00
 2.79382e+00
 2.65544e+00
 2.51773e+00
 2.35738e+00
 2.20865e+00
 2.10425e+00
 2.04386e+00
 2.01586e+00
 2.00516e+00
 2.00158e+00
 2.00047e+00
 2.00013e+00
 2.00004e+00
 2.00001e+00
 2.00000e+00
 2.00000e+00
 2.00000e+00
 2.00000e+00
 2.00000e+00
 3.08730e+00
 3.07816e+00
 3.05825e+00
 3.02738e+00
 2.97957e+00
 2.90414e+00
 2.79382e+00
 2.65544e+00
 2.51773e+00
 2.35738e+00
 2.20865e+00
 2.10425e+00
 2.04386e+00
 2.01586e+00
 2.00516e+00
 2.00158e+00
 2.00047e+00
 2.00013e+00
 2.00004e+00
 2.00001e+00
 2.00000e+00
 2.00000e+00
 2.00000e+00
 2.00000e+00
 2.00000e+00
 3.08730e+00
 3.07816e+00
 3.05825e+00
 3.02738e+00
 2.97957e+00
 2.90414e+00
 2.79382e+00
 2.65544e+00
 2.51773e+00
 2.35738e+00
 2.20865e+00
 2.10425e+00
 2.04386e+00
 2.01586e+00
 2.00516e+00
 2.00158e+00
 2.00047e+00
 2.00013e+00
 2.00004e+00
 2.00001e+00
 2.00000e+00
 2.00000e+00
 2.00000e+00
 2.00000e+00
 2.00000e+00
