Pressure
part
         1
hexa8
 1.00000e+00
 1.00000e+00
 1.00000e+00
 1.00000e+00
 1.00000e+00
 1.00000e+00
 1.00000e+00
 1.00000e+00
 1.00000e+00
 1.00000e+00
 1.00000e+00
 1.00000e+00
 1.00000e+00
 1.00000e+00
 1.00000e+00
 1.00000e+00
 1.00000e+00
 9.99998e-01
 9.99986e-01
 9.99928e-01
 9.99668e-01
 9.98640e-01
 9.95170e-01
 9.85541e-01
 9.64595e-01
 1.00000e+00
 1.00000e+00
 1.00000e+00
 1.00000e+00
 1.00000e+00
 1.00000e+00
 1.00000e+00
 1.00000e+00
 1.00000e+00
 1.00000e+00
 1.00000e+00
 1.00000e+00
 1.00000e+00
 1.00000e+00
 1.00000e+00
 1.00000e+00
 1.00000e+00
 9.99998e-01
 9.99986e-01
 9.99928e-01
 9.99668e-01
 9.98640e-01
 9.95170e-01
 9.85541e-01
 9.64595e-01
 1.00000e+00
 1.00000e+00
 1.00000e+00
 1.00000e+00
 1.00000e+00
 1.00000e+00
 1.00000e+00
 1.00000e+00
 1.00000e+00
 1.00000e+00
 1.00000e+00
 1.00000e+00
 1.00000e+00
 1.00000e+00
 1.00000e+00
 1.00000e+00
 1.00000e+00
 9.99998e-01
 9.99986e-01
 9.99928e-01
 9.99668e-01
 9.98640e-01
 9.95170e-01
 9.85541e-01
 9.64595e-01
 1.00000e+00
 1.00000e+00
 1.00000e+00
 1.00000e+00
 1.00000e+00
 1.00000e+00
 1.00000e+00
 1.00000e+00
 1.00000e+00
 1.00000e+00
 1.00000e+00
 1.00000e+00
 1.00000e+00
 1.00000e+00
 1.00000e+00
 1.00000e+00
 1.00000e+00
 9.99998e-01
 9.99986e-01
 9.99928e-01
 9.99668e-01
 9.98640e-01
 9.95170e-01
 9.85541e-01
 9.64595e-01
 1.00000e+00
 1.00000e+00
 1.00000e+00
 1.00000e+00
 1.00000e+00
 1.00000e+00
 1.00000e+00
 1.00000e+00
 1.00000e+00
 1.00000e+00
 1.00000e+00
 1.00000e+00
 1.00000e+00
 1.00000e+00
 1.00000e+00
 1.00000e+00
 1.00000e+00
 9.99998e-01
 9.99986e-01
 9.99928e-01
 9.99668e-01
 9.98640e-01
 9.95170e-01
 9.85541e-01
 9.64595e-01
 1.00000e+00
 1.00000e+00
 1.00000e+00
 1.00000e+00
 1.00000e+00
 1.00000e+00
 1.00000e+00
 1.00000e+00
 1.00000e+00
 1.00000e+00
 1.00000e+00
 1.00000e+00
 1.00000e+00
 1.00000e+00
 1.00000e+00
 1.00000e+00
 1.00000e+00
 9.99998e-01
 9.99986e-01
 9.99928e-01
 9.99668e-01
 9.98640e-01
 9.95170e-01
 9.85541e-01
 9.64595e-01
 1.00000e+00
 1.00000e+00
 1.00000e+00
 1.00000e+00
 1.00000e+00
 1.00000e+00
 1.00000e+00
 1.00000e+00
 1.00000e+00
 1.00000e+00
 1.00000e+00
 1.00000e+00
 1.00000e+00
 1.00000e+00
 1.00000e+00
 1.00000e+00
 1.00000e+00
 9.99998e-01
 9.99986e-01
 9.99928e-01
 9.99668e-01
 9.98640e-01
 9.95170e-01
 9.85541e-01
 9.64595e-01
 1.00000e+00
 1.00000e+00
 1.00000e+00
 1.00000e+00
 1.00000e+00
 1.00000e+00
 1.00000e+00
 1.00000e+00
 1.00000e+00
 1.00000e+00
 1.00000e+00
 1.00000e+00
 1.00000e+00
 1.00000e+00
 1.00000e+00
 1.00000e+00
 1.00000e+00
 9.99998e-01
 9.99986e-01
 9.99928e-01
 9.99668e-01
 9.98640e-01
 9.95170e-01
 9.85541e-01
 9.64595e-01
 1.00000e+00
 1.00000e+00
 1.00000e+00
 1.00000e+00
 1.00000e+00
 1.00000e+00
 1.00000e+00
 1.00000e+00
 1.00000e+00
 1.00000e+00
 1.00000e+00
 1.00000e+00
 1.00000e+00
 1.00000e+00
 1.00000e+00
 1.00000e+00
 1.00000e+00
 9.99998e-01
 9.99986e-01
 9.99928e-01
 9.99668e-01
 9.98640e-01
 9.95170e-01
 9.85541e-01
 9.64595e-01
 1.00000e+00
 1.00000e+00
 1.00000e+00
 1.00000e+00
 1.00000e+00
 1.00000e+00
 1.00000e+00
 1.00000e+00
 1.00000e+00
 1.00000e+00
 1.00000e+00
 1.00000e+00
 1.00000e+00
 1.00000e+00
 1.00000e+00
 1.00000e+00
 1.00000e+00
 9.99998e-01
 9.99986e-01
 9.99928e-01
 9.99668e-01
 9.98640e-01
 9.95170e-01
 9.85541e-01
 9.64595e-01
 1.00000e+00
 1.00000e+00
 1.00000e+00
 1.00000e+00
 1.00000e+00
 1.00000e+00
 1.00000e+00
 1.00000e+00
 1.00000e+00
 1.00000e+00
 1.00000e+00
 1.00000e+00
 1.00000e+00
 1.00000e+00
 1.00000e+00
 1.00000e+00
 1.00000e+00
 9.99998e-01
 9.99986e-01
 9.99928e-01
 9.99668e-01
 9.98640e-01
 9.95170e-01
 9.85541e-01
 9.64595e-01
 1.00000e+00
 1.00000e+00
 1.00000e+00
 1.00000e+00
 1.00000e+00
 1.00000e+00
 1.00000e+00
 1.00000e+00
 1.00000e+00
 1.00000e+00
 1.00000e+00
 1.00000e+00
 1.00000e+00
 1.00000e+00
 1.00000e+00
 1.00000e+00
 1.00000e+00
 9.99998e-01
 9.99986e-01
 9.99928e-01
 9.99668e-01
 9.98640e-01
 9.95170e-01
 9.85541e-01
 9.64595e-01
 1.00000e+00
 1.00000e+00
 1.00000e+00
 1.00000e+00
 1.00000e+00
 1.00000e+00
 1.00000e+00
 1.00000e+00
 1.00000e+00
 1.00000e+00
 1.00000e+00
 1.00000e+00
 1.00000e+00
 1.00000e+00
 1.00000e+00
 1.00000e+00
 1.00000e+00
 9.99998e-01
 9.99986e-01
 9.99928e-01
 9.99668e-01
 9.98640e-01
 9.95170e-01
 9.85541e-01
 9.64595e-01
 1.00000e+00
 1.00000e+00
 1.00000e+00
 1.00000e+00
 1.00000e+00
 1.00000e+00
 1.00000e+00
 1.00000e+00
 1.00000e+00
 1.00000e+00
 1.00000e+00
 1.00000e+00
 1.00000e+00
 1.00000e+00
 1.00000e+00
 1.00000e+00
 1.00000e+00
 9.99998e-01
 9.99986e-01
 9.99928e-01
 9.99668e-01
 9.98640e-01
 9.95170e-01
 9.85541e-01
 9.64595e-01
 1.00000e+00
 1.00000e+00
 1.00000e+00
 1.00000e+00
 1.00000e+00
 1.00000e+00
 1.00000e+00
 1.00000e+00
 1.00000e+00
 1.00000e+00
 1.00000e+00
 1.00000e+00
 1.00000e+00
 1.00000e+00
 1.00000e+00
 1.00000e+00
 1.00000e+00
 9.99998e-01
 9.99986e-01
 9.99928e-01
 9.99668e-01
 9.98640e-01
 9.95170e-01
 9.85541e-01
 9.64595e-01
 1.00000e+00
 1.00000e+00
 1.00000e+00
 1.00000e+00
 1.00000e+00
 1.00000e+00
 1.00000e+00
 1.00000e+00
 1.00000e+00
 1.00000e+00
 1.00000e+00
 1.00000e+00
 1.00000e+00
 1.00000e+00
 1.00000e+00
 1.00000e+00
 1.00000e+00
 9.99998e-01
 9.99986e-01
 9.99928e-01
 9.99668e-01
 9.98640e-01
 9.95170e-01
 9.85541e-01
 9.64595e-01
 1.00000e+00
 1.00000e+00
 1.00000e+00
 1.00000e+00
 1.00000e+00
 1.00000e+00
 1.00000e+00
 1.00000e+00
 1.00000e+00
 1.00000e+00
 1.00000e+00
 1.00000e+00
 1.00000e+00
 1.00000e+00
 1.00000e+00
 1.00000e+00
 1.00000e+00
 9.99998e-01
 9.99986e-01
 9.99928e-01
 9.99668e-01
 9.98640e-01
 9.95170e-01
 9.85541e-01
 9.64595e-01
 1.00000e+00
 1.00000e+00
 1.00000e+00
 1.00000e+00
 1.00000e+00
 1.00000e+00
 1.00000e+00
 1.00000e+00
 1.00000e+00
 1.00000e+00
 1.00000e+00
 1.00000e+00
 1.00000e+00
 1.00000e+00
 1.00000e+00
 1.00000e+00
 1.00000e+00
 9.99998e-01
 9.99986e-01
 9.99928e-01
 9.99668e-01
 9.98640e-01
 9.95170e-01
 9.85541e-01
 9.64595e-01
 1.00000e+00
 1.00000e+00
 1.00000e+00
 1.00000e+00
 1.00000e+00
 1.00000e+00
 1.00000e+00
 1.00000e+00
 1.00000e+00
 1.00000e+00
 1.00000e+00
 1.00000e+00
 1.00000e+00
 1.00000e+00
 1.00000e+00
 1.00000e+00
 1.00000e+00
 9.99998e-01
 9.99986e-01
 9.99928e-01
 9.99668e-01
 9.98640e-01
 9.95170e-01
 9.85541e-01
 9.64595e-01
 1.00000e+00
 1.00000e+00
 1.00000e+00
 1.00000e+00
 1.00000e+00
 1.00000e+00
 1.00000e+00
 1.00000e+00
 1.00000e+00
 1.00000e+00
 1.00000e+00
 1.00000e+00
 1.00000e+00
 1.00000e+00
 1.00000e+00
 1.00000e+00
 1.00000e+00
 9.99998e-01
 9.99986e-01
 9.99928e-01
 9.99668e-01
 9.98640e-01
 9.95170e-01
 9.85541e-01
 9.64595e-01
 1.00000e+00
 1.00000e+00
 1.00000e+00
 1.00000e+00
 1.00000e+00
 1.00000e+00
 1.00000e+00
 1.00000e+00
 1.00000e+00
 1.00000e+00
 1.00000e+00
 1.00000e+00
 1.00000e+00
 1.00000e+00
 1.00000e+00
 1.00000e+00
 1.00000e+00
 9.99998e-01
 9.99986e-01
 9.99928e-01
 9.99668e-01
 9.98640e-01
 9.95170e-01
 9.85541e-01
 9.64595e-01
 1.00000e+00
 1.00000e+00
 1.00000e+00
 1.00000e+00
 1.00000e+00
 1.00000e+00
 1.00000e+00
 1.00000e+00
 1.00000e+00
 1.00000e+00
 1.00000e+00
 1.00000e+00
 1.00000e+00
 1.00000e+00
 1.00000e+00
 1.00000e+00
 1.00000e+00
 9.99998e-01
 9.99986e-01
 9.99928e-01
 9.99668e-01
 9.98640e-01
 9.95170e-01
 9.85541e-01
 9.64595e-01
 1.00000e+00
 1.00000e+00
 1.00000e+00
 1.00000e+00
 1.00000e+00
 1.00000e+00
 1.00000e+00
 1.00000e+00
 1.00000e+00
 1.00000e+00
 1.00000e+00
 1.00000e+00
 1.00000e+00
 1.00000e+00
 1.00000e+00
 1.00000e+00
 1.00000e+00
 9.99998e-01
 9.99986e-01
 9.99928e-01
 9.99668e-01
 9.98640e-01
 9.95170e-01
 9.85541e-01
 9.64595e-01
 1.00000e+00
 1.00000e+00
 1.00000e+00
 1.00000e+00
 1.00000e+00
 1.00000e+00
 1.00000e+00
 1.00000e+00
 1.00000e+00
 1.00000e+00
 1.00000e+00
 1.00000e+00
 1.00000e+00
 1.00000e+00
 1.00000e+00
 1.00000e+00
 1.00000e+00
 9.99998e-01
 9.99986e-01
 9.99928e-01
 9.99668e-01
 9.98640e-01
 9.95170e-01
 9.85541e-01
 9.64595e-01
 1.00000e+00
 1.00000e+00
 1.00000e+00
 1.00000e+00
 1.00000e+00
 1.00000e+00
 1.00000e+00
 1.00000e+00
 1.00000e+00
 1.00000e+00
 1.00000e+00
 1.00000e+00
 1.00000e+00
 1.00000e+00
 1.00000e+00
 1.00000e+00
 1.00000e+00
 9.99998e-01
 9.99986e-01
 9.99928e-01
 9.99668e-01
 9.98640e-01
 9.95170e-01
 9.85541e-01
 9.64595e-01
part
         2
hexa8
 9.29772e-01
 8.84069e-01
 8.32871e-01
 7.80228e-01
 7.28344e-01
 6.78506e-01
 6.31443e-01
 5.87511e-01
 5.46878e-01
 5.09652e-01
 4.76004e-01
 4.46312e-01
 4.20843e-01
 3.99159e-01
 3.80922e-01
 3.69828e-01
 3.68798e-01
 3.68970e-01
 3.69407e-01
 3.69980e-01
 3.70486e-01
 3.70991e-01
 3.71539e-01
 3.72107e-01
 3.72638e-01
 9.29772e-01
 8.84069e-01
 8.32871e-01
 7.80228e-01
 7.28344e-01
 6.78506e-01
 6.31443e-01
 5.87511e-01
 5.46878e-01
 5.09652e-01
 4.76004e-01
 4.46312e-01
 4.20843e-01
 3.99159e-01
 3.80922e-01
 3.69828e-01
 3.68798e-01
 3.68970e-01
 3.69407e-01
 3.69980e-01
 3.70486e-01
 3.70991e-01
 3.71539e-01
 3.72107e-01
 3.72638e-01
 9.29772e-01
 8.84069e-01
 8.32871e-01
 7.80228e-01
 7.28344e-01
 6.78506e-01
 6.31443e-01
 5.87511e-01
 5.46878e-01
 5.09652e-01
 4.76004e-01
 4.46312e-01
 4.20843e-01
 3.99159e-01
 3.80922e-01
 3.69828e-01
 3.68798e-01
 3.68970e-01
 3.69407e-01
 3.69980e-01
 3.70486e-01
 3.70991e-01
 3.71539e-01
 3.72107e-01
 3.72638e-01
 9.29772e-01
 8.84069e-01
 8.32871e-01
 7.80228e-01
 7.28344e-01
 6.78506e-01
 6.31443e-01
 5.87511e-01
 5.46878e-01
 5.09652e-01
 4.76004e-01
 4.46312e-01
 4.20843e-01
 3.99159e-01
 3.80922e-01
 3.69828e-01
 3.68798e-01
 3.68970e-01
 3.69407e-01
 3.69980e-01
 3.70486e-01
 3.70991e-01
 3.71539e-01
 3.72107e-01
 3.72638e-01
 9.29772e-01
 8.84069e-01
 8.32871e-01
 7.80228e-01
 7.28344e-01
 6.78506e-01
 6.31443e-01
 5.87511e-01
 5.46878e-01
 5.09652e-01
 4.76004e-01
 4.46312e-01
 4.20843e-01
 3.99159e-01
 3.80922e-01
 3.69828e-01
 3.68798e-01
 3.68970e-01
 3.69407e-01
 3.69980e-01
 3.70486e-01
 3.70991e-01
 3.71539e-01
 3.72107e-01
 3.72638e-01
 9.29772e-01
 8.84069e-01
 8.32871e-01
 7.80228e-01
 7.28344e-01
 6.78506e-01
 6.31443e-01
 5.87511e-01
 5.46878e-01
 5.09652e-01
 4.76004e-01
 4.46312e-01
 4.20843e-01
 3.99159e-01
 3.80922e-01
 3.69828e-01
 3.68798e-01
 3.68970e-01
 3.69407e-01
 3.69980e-01
 3.70486e-01
 3.70991e-01
 3.71539e-01
 3.72107e-01
 3.72638e-01
 9.29772e-01
 8.84069e-01
 8.32871e-01
 7.80228e-01
 7.28344e-01
 6.78506e-01
 6.31443e-01
 5.87511e-01
 5.46878e-01
 5.09652e-01
 4.76004e-01
 4.46312e-01
 4.20843e-01
 3.99159e-01
 3.80922e-01
 3.69828e-01
 3.68798e-01
 3.68970e-01
 3.69407e-01
 3.69980e-01
 3.70486e-01
 3.70991e-01
 3.71539e-01
 3.72107e-01
 3.72638e-01
 9.29772e-01
 8.84069e-01
 8.32871e-01
 7.80228e-01
 7.28344e-01
 6.78506e-01
 6.31443e-01
 5.87511e-01
 5.46878e-01
 5.09652e-01
 4.76004e-01
 4.46312e-01
 4.20843e-01
 3.99159e-01
 3.80922e-01
 3.69828e-01
 3.68798e-01
 3.68970e-01
 3.69407e-01
 3.69980e-01
 3.70486e-01
 3.70991e-01
 3.71539e-01
 3.72107e-01
 3.72638e-01
 9.29772e-01
 8.84069e-01
 8.32871e-01
 7.80228e-01
 7.28344e-01
 6.78506e-01
 6.31443e-01
 5.87511e-01
 5.46878e-01
 5.09652e-01
 4.76004e-01
 4.46312e-01
 4.20843e-01
 3.99159e-01
 3.80922e-01
 3.69828e-01
 3.68798e-01
 3.68970e-01
 3.69407e-01
 3.69980e-01
 3.70486e-01
 3.70991e-01
 3.71539e-01
 3.72107e-01
 3.72638e-01
 9.29772e-01
 8.84069e-01
 8.32871e-01
 7.80228e-01
 7.28344e-01
 6.78506e-01
 6.31443e-01
 5.87511e-01
 5.46878e-01
 5.09652e-01
 4.76004e-01
 4.46312e-01
 4.20843e-01
 3.99159e-01
 3.80922e-01
 3.69828e-01
 3.68798e-01
 3.68970e-01
 3.69407e-01
 3.69980e-01
 3.70486e-01
 3.70991e-01
 3.71539e-01
 3.72107e-01
 3.72638e-01
 9.29772e-01
 8.84069e-01
 8.32871e-01
 7.80228e-01
 7.28344e-01
 6.78506e-01
 6.31443e-01
 5.87511e-01
 5.46878e-01
 5.09652e-01
 4.76004e-01
 4.46312e-01
 4.20843e-01
 3.99159e-01
 3.80922e-01
 3.69828e-01
 3.68798e-01
 3.68970e-01
 3.69407e-01
 3.69980e-01
 3.70486e-01
 3.70991e-01
 3.71539e-01
 3.72107e-01
 3.72638e-01
 9.29772e-01
 8.84069e-01
 8.32871e-01
 7.80228e-01
 7.28344e-01
 6.78506e-01
 6.31443e-01
 5.87511e-01
 5.46878e-01
 5.09652e-01
 4.76004e-01
 4.46312e-01
 4.20843e-01
 3.99159e-01
 3.80922e-01
 3.69828e-01
 3.68798e-01
 3.68970e-01
 3.69407e-01
 3.69980e-01
 3.70486e-01
 3.70991e-01
 3.71539e-01
 3.72107e-01
 3.72638e-01
 9.29772e-01
 8.84069e-01
 8.32871e-01
 7.80228e-01
 7.28344e-01
 6.78506e-01
 6.31443e-01
 5.87511e-01
 5.46878e-01
 5.09652e-01
 4.76004e-01
 4.46312e-01
 4.20843e-01
 3.99159e-01
 3.80922e-01
 3.69828e-01
 3.68798e-01
 3.68970e-01
 3.69407e-01
 3.69980e-01
 3.70486e-01
 3.70991e-01
 3.71539e-01
 3.72107e-01
 3.72638e-01
 9.29772e-01
 8.84069e-01
 8.32871e-01
 7.80228e-01
 7.28344e-01
 6.78506e-01
 6.31443e-01
 5.87511e-01
 5.46878e-01
 5.09652e-01
 4.76004e-01
 4.46312e-01
 4.20843e-01
 3.99159e-01
 3.80922e-01
 3.69828e-01
 3.68798e-01
 3.68970e-01
 3.69407e-01
 3.69980e-01
 3.70486e-01
 3.70991e-01
 3.71539e-01
 3.72107e-01
 3.72638e-01
 9.29772e-01
 8.84069e-01
 8.32871e-01
 7.80228e-01
 7.28344e-01
 6.78506e-01
 6.31443e-01
 5.87511e-01
 5.46878e-01
 5.09652e-01
 4.76004e-01
 4.46312e-01
 4.20843e-01
 3.99159e-01
 3.80922e-01
 3.69828e-01
 3.68798e-01
 3.68970e-01
 3.69407e-01
 3.69980e-01
 3.70486e-01
 3.70991e-01
 3.71539e-01
 3.72107e-01
 3.72638e-01
 9.29772e-01
 8.84069e-01
 8.32871e-01
 7.80228e-01
 7.28344e-01
 6.78506e-01
 6.31443e-01
 5.87511e-01
 5.46878e-01
 5.09652e-01
 4.76004e-01
 4.46312e-01
 4.20843e-01
 3.99159e-01
 3.80922e-01
 3.69828e-01
 3.68798e-01
 3.68970e-01
 3.69407e-01
 3.69980e-01
 3.70486e-01
 3.70991e-01
 3.71539e-01
 3.72107e-01
 3.72638e-01
 9.29772e-01
 8.84069e-01
 8.32871e-01
 7.80228e-01
 7.28344e-01
 6.78506e-01
 6.31443e-01
 5.87511e-01
 5.46878e-01
 5.09652e-01
 4.76004e-01
 4.46312e-01
 4.20843e-01
 3.99159e-01
 3.80922e-01
 3.69828e-01
 3.68798e-01
 3.68970e-01
 3.69407e-01
 3.69980e-01
 3.70486e-01
 3.70991e-01
 3.71539e-01
 3.72107e-01
 3.72638e-01
 9.29772e-01
 8.84069e-01
 8.32871e-01
 7.80228e-01
 7.28344e-01
 6.78506e-01
 6.31443e-01
 5.87511e-01
 5.46878e-01
 5.09652e-01
 4.76004e-01
 4.46312e-01
 4.20843e-01
 3.99159e-01
 3.80922e-01
 3.69828e-01
 3.68798e-01
 3.68970e-01
 3.69407e-01
 3.69980e-01
 3.70486e-01
 3.70991e-01
 3.71539e-01
 3.72107e-01
 3.72638e-01
 9.29772e-01
 8.84069e-01
 8.32871e-01
 7.80228e-01
 7.28344e-01
 6.78506e-01
 6.31443e-01
 5.87511e-01
 5.46878e-01
 5.09652e-01
 4.76004e-01
 4.46312e-01
 4.20843e-01
 3.99159e-01
 3.80922e-01
 3.69828e-01
 3.68798e-01
 3.68970e-01
 3.69407e-01
 3.69980e-01
 3.70486e-01
 3.70991e-01
 3.71539e-01
 3.72107e-01
 3.72638e-01
 9.29772e-01
 8.84069e-01
 8.32871e-01
 7.80228e-01
 7.28344e-01
 6.78506e-01
 6.31443e-01
 5.87511e-01
 5.46878e-01
 5.09652e-01
 4.76004e-01
 4.46312e-01
 4.20843e-01
 3.99159e-01
 3.80922e-01
 3.69828e-01
 3.68798e-01
 3.68970e-01
 3.69407e-01
 3.69980e-01
 3.70486e-01
 3.70991e-01
 3.71539e-01
 3.72107e-01
 3.72638e-01
 9.29772e-01
 8.84069e-01
 8.32871e-01
 7.80228e-01
 7.28344e-01
 6.78506e-01
 6.31443e-01
 5.87511e-01
 5.46878e-01
 5.09652e-01
 4.76004e-01
 4.46312e-01
 4.20843e-01
 3.99159e-01
 3.80922e-01
 3.69828e-01
 3.68798e-01
 3.68970e-01
 3.69407e-01
 3.69980e-01
 3.70486e-01
 3.70991e-01
 3.71539e-01
 3.72107e-01
 3.72638e-01
 9.29772e-01
 8.84069e-01
 8.32871e-01
 7.80228e-01
 7.28344e-01
 6.78506e-01
 6.31443e-01
 5.87511e-01
 5.46878e-01
 5.09652e-01
 4.76004e-01
 4.46312e-01
 4.20843e-01
 3.99159e-01
 3.80922e-01
 3.69828e-01
 3.68798e-01
 3.68970e-01
 3.69407e-01
 3.69980e-01
 3.70486e-01
 3.70991e-01
 3.71539e-01
 3.72107e-01
 3.72638e-01
 9.29772e-01
 8.84069e-01
 8.32871e-01
 7.80228e-01
 7.28344e-01
 6.78506e-01
 6.31443e-01
 5.87511e-01
 5.46878e-01
 5.09652e-01
 4.76004e-01
 4.46312e-01
 4.20843e-01
 3.99159e-01
 3.80922e-01
 3.69828e-01
 3.68798e-01
 3.68970e-01
 3.69407e-01
 3.69980e-01
 3.70486e-01
 3.70991e-01
 3.71539e-01
 3.72107e-01
 3.72638e-01
 9.29772e-01
 8.84069e-01
 8.32871e-01
 7.80228e-01
 7.28344e-01
 6.78506e-01
 6.31443e-01
 5.87511e-01
 5.46878e-01
 5.09652e-01
 4.76004e-01
 4.46312e-01
 4.20843e-01
 3.99159e-01
 3.80922e-01
 3.69828e-01
 3.68798e-01
 3.68970e-01
 3.69407e-01
 3.69980e-01
 3.70486e-01
 3.70991e-01
 3.71539e-01
 3.72107e-01
 3.72638e-01
 9.29772e-01
 8.84069e-01
 8.32871e-01
 7.80228e-01
 7.28344e-01
 6.78506e-01
 6.31443e-01
 5.87511e-01
 5.46878e-01
 5.09652e-01
 4.76004e-01
 4.46312e-01
 4.20843e-01
 3.99159e-01
 3.80922e-01
 3.69828e-01
 3.68798e-01
 3.68970e-01
 3.69407e-01
 3.69980e-01
 3.70486e-01
 3.70991e-01
 3.71539e-01
 3.72107e-01
 3.72638e-01
part
         3
hexa8
 3.73154e-01
 3.73646e-01
 3.74105e-01
 3.74533e-01
 3.74935e-01
 3.75315e-01
 3.75676e-01
 3.76016e-01
 3.76336e-01
 3.76643e-01
 3.76935e-01
 3.77215e-01
 3.77480e-01
 3.77699e-01
 3.77706e-01
 3.77292e-01
 3.76680e-01
 3.76662e-01
 3.79082e-01
 3.79358e-01
 3.78770e-01
 3.79003e-01
 3.79198e-01
 3.80055e-01
 3.80398e-01
 3.73154e-01
 3.73646e-01
 3.74105e-01
 3.74533e-01
 3.74935e-01
 3.75315e-01
 3.75676e-01
 3.76016e-01
 3.76336e-01
 3.76643e-01
 3.76935e-01
 3.77215e-01
 3.77480e-01
 3.77699e-01
 3.77706e-01
 3.77292e-01
 3.76680e-01
 3.76662e-01
 3.79082e-01
 3.79358e-01
 3.78770e-01
 3.79003e-01
 3.79198e-01
 3.80055e-01
 3.80398e-01
 3.73154e-01
 3.73646e-01
 3.74105e-01
 3.74533e-01
 3.74935e-01
 3.75315e-01
 3.75676e-01
 3.76016e-01
 3.76336e-01
 3.76643e-01
 3.76935e-01
 3.77215e-01
 3.77480e-01
 3.77699e-01
 3.77706e-01
 3.77292e-01
 3.76680e-01
 3.76662e-01
 3.79082e-01
 3.79358e-01
 3.78770e-01
 3.79003e-01
 3.79198e-01
 3.80055e-01
 3.80398e-01
 3.73154e-01
 3.73646e-01
 3.74105e-01
 3.74533e-01
 3.74935e-01
 3.75315e-01
 3.75676e-01
 3.76016e-01
 3.76336e-01
 3.76643e-01
 3.76935e-01
 3.77215e-01
 3.77480e-01
 3.77699e-01
 3.77706e-01
 3.77292e-01
 3.76680e-01
 3.76662e-01
 3.79082e-01
 3.79358e-01
 3.78770e-01
 3.79003e-01
 3.79198e-01
 3.80055e-01
 3.80398e-01
 3.73154e-01
 3.73646e-01
 3.74105e-01
 3.74533e-01
 3.74935e-01
 3.75315e-01
 3.75676e-01
 3.76016e-01
 3.76336e-01
 3.76643e-01
 3.76935e-01
 3.77215e-01
 3.77480e-01
 3.77699e-01
 3.77706e-01
 3.77292e-01
 3.76680e-01
 3.76662e-01
 3.79082e-01
 3.79358e-01
 3.78770e-01
 3.79003e-01
 3.79198e-01
 3.80055e-01
 3.80398e-01
 3.73154e-01
 3.73646e-01
 3.74105e-01
 3.74533e-01
 3.74935e-01
 3.75315e-01
 3.75676e-01
 3.76016e-01
 3.76336e-01
 3.76643e-01
 3.76935e-01
 3.77215e-01
 3.77480e-01
 3.77699e-01
 3.77706e-01
 3.77292e-01
 3.76680e-01
 3.76662e-01
 3.79082e-01
 3.79358e-01
 3.78770e-01
 3.79003e-01
 3.79198e-01
 3.80055e-01
 3.80398e-01
 3.73154e-01
 3.73646e-01
 3.74105e-01
 3.74533e-01
 3.74935e-01
 3.75315e-01
 3.75676e-01
 3.76016e-01
 3.76336e-01
 3.76643e-01
 3.76935e-01
 3.77215e-01
 3.77480e-01
 3.77699e-01
 3.77706e-01
 3.77292e-01
 3.76680e-01
 3.76662e-01
 3.79082e-01
 3.79358e-01
 3.78770e-01
 3.79003e-01
 3.79198e-01
 3.80055e-01
 3.80398e-01
 3.73154e-01
 3.73646e-01
 3.74105e-01
 3.74533e-01
 3.74935e-01
 3.75315e-01
 3.75676e-01
 3.76016e-01
 3.76336e-01
 3.76643e-01
 3.76935e-01
 3.77215e-01
 3.77480e-01
 3.77699e-01
 3.77706e-01
 3.77292e-01
 3.76680e-01
 3.76662e-01
 3.79082e-01
 3.79358e-01
 3.78770e-01
 3.79003e-01
 3.79198e-01
 3.80055e-01
 3.80398e-01
 3.73154e-01
 3.73646e-01
 3.74105e-01
 3.74533e-01
 3.74935e-01
 3.75315e-01
 3.75676e-01
 3.76016e-01
 3.76336e-01
 3.76643e-01
 3.76935e-01
 3.77215e-01
 3.77480e-01
 3.77699e-01
 3.77706e-01
 3.77292e-01
 3.76680e-01
 3.76662e-01
 3.79082e-01
 3.79358e-01
 3.78770e-01
 3.79003e-01
 3.79198e-01
 3.80055e-01
 3.80398e-01
 3.73154e-01
 3.73646e-01
 3.74105e-01
 3.74533e-01
 3.74935e-01
 3.75315e-01
 3.75676e-01
 3.76016e-01
 3.76336e-01
 3.76643e-01
 3.76935e-01
 3.77215e-01
 3.77480e-01
 3.77699e-01
 3.77706e-01
 3.77292e-01
 3.76680e-01
 3.76662e-01
 3.79082e-01
 3.79358e-01
 3.78770e-01
 3.79003e-01
 3.79198e-01
 3.80055e-01
 3.80398e-01
 3.73154e-01
 3.73646e-01
 3.74105e-01
 3.74533e-01
 3.74935e-01
 3.75315e-01
 3.75676e-01
 3.76016e-01
 3.76336e-01
 3.76643e-01
 3.76935e-01
 3.77215e-01
 3.77480e-01
 3.77699e-01
 3.77706e-01
 3.77292e-01
 3.76680e-01
 3.76662e-01
 3.79082e-01
 3.79358e-01
 3.78770e-01
 3.79003e-01
 3.79198e-01
 3.80055e-01
 3.80398e-01
 3.73154e-01
 3.73646e-01
 3.74105e-01
 3.74533e-01
 3.74935e-01
 3.75315e-01
 3.75676e-01
 3.76016e-01
 3.76336e-01
 3.76643e-01
 3.76935e-01
 3.77215e-01
 3.77480e-01
 3.77699e-01
 3.77706e-01
 3.77292e-01
 3.76680e-01
 3.76662e-01
 3.79082e-01
 3.79358e-01
 3.78770e-01
 3.79003e-01
 3.79198e-01
 3.80055e-01
 3.80398e-01
 3.73154e-01
 3.73646e-01
 3.74105e-01
 3.74533e-01
 3.74935e-01
 3.75315e-01
 3.75676e-01
 3.76016e-01
 3.76336e-01
 3.76643e-01
 3.76935e-01
 3.77215e-01
 3.77480e-01
 3.77699e-01
 3.77706e-01
 3.77292e-01
 3.76680e-01
 3.76662e-01
 3.79082e-01
 3.79358e-01
 3.78770e-01
 3.79003e-01
 3.79198e-01
 3.80055e-01
 3.80398e-01
 3.73154e-01
 3.73646e-01
 3.74105e-01
 3.74533e-01
 3.74935e-01
 3.75315e-01
 3.75676e-01
 3.76016e-01
 3.76336e-01
 3.76643e-01
 3.76935e-01
 3.77215e-01
 3.77480e-01
 3.77699e-01
 3.77706e-01
 3.77292e-01
 3.76680e-01
 3.76662e-01
 3.79082e-01
 3.79358e-01
 3.78770e-01
 3.79003e-01
 3.79198e-01
 3.80055e-01
 3.80398e-01
 3.73154e-01
 3.73646e-01
 3.74105e-01
 3.74533e-01
 3.74935e-01
 3.75315e-01
 3.75676e-01
 3.76016e-01
 3.76336e-01
 3.76643e-01
 3.76935e-01
 3.77215e-01
 3.77480e-01
 3.77699e-01
 3.77706e-01
 3.77292e-01
 3.76680e-01
 3.76662e-01
 3.79082e-01
 3.79358e-01
 3.78770e-01
 3.79003e-01
 3.79198e-01
 3.80055e-01
 3.80398e-01
 3.73154e-01
 3.73646e-01
 3.74105e-01
 3.74533e-01
 3.74935e-01
 3.75315e-01
 3.75676e-01
 3.76016e-01
 3.76336e-01
 3.76643e-01
 3.76935e-01
 3.77215e-01
 3.77480e-01
 3.77699e-01
 3.77706e-01
 3.77292e-01
 3.76680e-01
 3.76662e-01
 3.79082e-01
 3.79358e-01
 3.78770e-01
 3.79003e-01
 3.79198e-01
 3.80055e-01
 3.80398e-01
 3.73154e-01
 3.73646e-01
 3.74105e-01
 3.74533e-01
 3.74935e-01
 3.75315e-01
 3.75676e-01
 3.76016e-01
 3.76336e-01
 3.76643e-01
 3.76935e-01
 3.77215e-01
 3.77480e-01
 3.77699e-01
 3.77706e-01
 3.77292e-01
 3.76680e-01
 3.76662e-01
 3.79082e-01
 3.79358e-01
 3.78770e-01
 3.79003e-01
 3.79198e-01
 3.80055e-01
 3.80398e-01
 3.73154e-01
 3.73646e-01
 3.74105e-01
 3.74533e-01
 3.74935e-01
 3.75315e-01
 3.75676e-01
 3.76016e-01
 3.76336e-01
 3.76643e-01
 3.76935e-01
 3.77215e-01
 3.77480e-01
 3.77699e-01
 3.77706e-01
 3.77292e-01
 3.76680e-01
 3.76662e-01
 3.79082e-01
 3.79358e-01
 3.78770e-01
 3.79003e-01
 3.79198e-01
 3.80055e-01
 3.80398e-01
 3.73154e-01
 3.73646e-01
 3.74105e-01
 3.74533e-01
 3.74935e-01
 3.75315e-01
 3.75676e-01
 3.76016e-01
 3.76336e-01
 3.76643e-01
 3.76935e-01
 3.77215e-01
 3.77480e-01
 3.77699e-01
 3.77706e-01
 3.77292e-01
 3.76680e-01
 3.76662e-01
 3.79082e-01
 3.79358e-01
 3.78770e-01
 3.79003e-01
 3.79198e-01
 3.80055e-01
 3.80398e-01
 3.73154e-01
 3.73646e-01
 3.74105e-01
 3.74533e-01
 3.74935e-01
 3.75315e-01
 3.75676e-01
 3.76016e-01
 3.76336e-01
 3.76643e-01
 3.76935e-01
 3.77215e-01
 3.77480e-01
 3.77699e-01
 3.77706e-01
 3.77292e-01
 3.76680e-01
 3.76662e-01
 3.79082e-01
 3.79358e-01
 3.78770e-01
 3.79003e-01
 3.79198e-01
 3.80055e-01
 3.80398e-01
 3.73154e-01
 3.73646e-01
 3.74105e-01
 3.74533e-01
 3.74935e-01
 3.75315e-01
 3.75676e-01
 3.76016e-01
 3.76336e-01
 3.76643e-01
 3.76935e-01
 3.77215e-01
 3.77480e-01
 3.77699e-01
 3.77706e-01
 3.77292e-01
 3.76680e-01
 3.76662e-01
 3.79082e-01
 3.79358e-01
 3.78770e-01
 3.79003e-01
 3.79198e-01
 3.80055e-01
 3.80398e-01
 3.73154e-01
 3.73646e-01
 3.74105e-01
 3.74533e-01
 3.74935e-01
 3.75315e-01
 3.75676e-01
 3.76016e-01
 3.76336e-01
 3.76643e-01
 3.76935e-01
 3.77215e-01
 3.77480e-01
 3.77699e-01
 3.77706e-01
 3.77292e-01
 3.76680e-01
 3.76662e-01
 3.79082e-01
 3.79358e-01
 3.78770e-01
 3.79003e-01
 3.79198e-01
 3.80055e-01
 3.80398e-01
 3.73154e-01
 3.73646e-01
 3.74105e-01
 3.74533e-01
 3.74935e-01
 3.75315e-01
 3.75676e-01
 3.76016e-01
 3.76336e-01
 3.76643e-01
 3.76935e-01
 3.77215e-01
 3.77480e-01
 3.77699e-01
 3.77706e-01
 3.77292e-01
 3.76680e-01
 3.76662e-01
 3.79082e-01
 3.79358e-01
 3.78770e-01
 3.79003e-01
 3.79198e-01
 3.80055e-01
 3.80398e-01
 3.73154e-01
 3.73646e-01
 3.74105e-01
 3.74533e-01
 3.74935e-01
 3.75315e-01
 3.75676e-01
 3.76016e-01
 3.76336e-01
 3.76643e-01
 3.76935e-01
 3.77215e-01
 3.77480e-01
 3.77699e-01
 3.77706e-01
 3.77292e-01
 3.76680e-01
 3.76662e-01
 3.79082e-01
 3.79358e-01
 3.78770e-01
 3.79003e-01
 3.79198e-01
 3.80055e-01
 3.80398e-01
 3.73154e-01
 3.73646e-01
 3.74105e-01
 3.74533e-01
 3.74935e-01
 3.75315e-01
 3.75676e-01
 3.76016e-01
 3.76336e-01
 3.76643e-01
 3.76935e-01
 3.77215e-01
 3.77480e-01
 3.77699e-01
 3.77706e-01
 3.77292e-01
 3.76680e-01
 3.76662e-01
 3.79082e-01
 3.79358e-01
 3.78770e-01
 3.79003e-01
 3.79198e-01
 3.80055e-01
 3.80398e-01
part
         4
hexa8
 3.79542e-01
 3.77213e-01
 3.72501e-01
 3.62636e-01
 3.44671e-01
 3.16520e-01
 2.79192e-01
 2.38396e-01
 2.02971e-01
 1.66392e-01
 1.36963e-01
 1.18091e-01
 1.07607e-01
 1.02763e-01
 1.00902e-01
 1.00276e-01
 1.00082e-01
 1.00023e-01
 1.00007e-01
 1.00002e-01
 1.00000e-01
 1.00000e-01
 1.00000e-01
 1.00000e-01
 1.00000e-01
 3.79542e-01
 3.77213e-01
 3.72501e-01
 3.62636e-01
 3.44671e-01
 3.16520e-01
 2.79192e-01
 2.38396e-01
 2.02971e-01
 1.66392e-01
 1.36963e-01
 1.18091e-01
 1.07607e-01
 1.02763e-01
 1.00902e-01
 1.00276e-01
 1.00082e-01
 1.00023e-01
 1.00007e-01
 1.00002e-01
 1.00000e-01
 1.00000e-01
 1.00000e-01
 1.00000e-01
 1.00000e-01
 3.79542e-01
 3.77213e-01
 3.72501e-01
 3.62636e-01
 3.44671e-01
 3.16520e-01
 2.79192e-01
 2.38396e-01
 2.02971e-01
 1.66392e-01
 1.36963e-01
 1.18091e-01
 1.07607e-01
 1.02763e-01
 1.00902e-01
 1.00276e-01
 1.00082e-01
 1.00023e-01
 1.00007e-01
 1.00002e-01
 1.00000e-01
 1.00000e-01
 1.00000e-01
 1.00000e-01
 1.00000e-01
 3.79542e-01
 3.77213e-01
 3.72501e-01
 3.62636e-01
 3.44671e-01
 3.16520e-01
 2.79192e-01
 2.38396e-01
 2.02971e-01
 1.66392e-01
 1.36963e-01
 1.18091e-01
 1.07607e-01
 1.02763e-01
 1.00902e-01
 1.00276e-01
 1.00082e-01
 1.00023e-01
 1.00007e-01
 1.00002e-01
 1.00000e-01
 1.00000e-01
 1.00000e-01
 1.00000e-01
 1.00000e-01
 3.79542e-01
 3.77213e-01
 3.72501e-01
 3.62636e-01
 3.44671e-01
 3.16520e-01
 2.79192e-01
 2.38396e-01
 2.02971e-01
 1.66392e-01
 1.36963e-01
 1.18091e-01
 1.07607e-01
 1.02763e-01
 1.00902e-01
 1.00276e-01
 1.00082e-01
 1.00023e-01
 1.00007e-01
 1.00002e-01
 1.00000e-01
 1.00000e-01
 1.00000e-01
 1.00000e-01
 1.00000e-01
 3.79542e-01
 3.77213e-01
 3.72501e-01
 3.62636e-01
 3.44671e-01
 3.16520e-01
 2.79192e-01
 2.38396e-01
 2.02971e-01
 1.66392e-01
 1.36963e-01
 1.18091e-01
 1.07607e-01
 1.02763e-01
 1.00902e-01
 1.00276e-01
 1.00082e-01
 1.00023e-01
 1.00007e-01
 1.00002e-01
 1.00000e-01
 1.00000e-01
 1.00000e-01
 1.00000e-01
 1.00000e-01
 3.79542e-01
 3.77213e-01
 3.72501e-01
 3.62636e-01
 3.44671e-01
 3.16520e-01
 2.79192e-01
 2.38396e-01
 2.02971e-01
 1.66392e-01
 1.36963e-01
 1.18091e-01
 1.07607e-01
 1.02763e-01
 1.00902e-01
 1.00276e-01
 1.00082e-01
 1.00023e-01
 1.00007e-01
 1.00002e-01
 1.00000e-01
 1.00000e-01
 1.00000e-01
 1.00000e-01
 1.00000e-01
 3.79542e-01
 3.77213e-01
 3.72501e-01
 3.62636e-01
 3.44671e-01
 3.16520e-01
 2.79192e-01
 2.38396e-01
 2.02971e-01
 1.66392e-01
 1.36963e-01
 1.18091e-01
 1.07607e-01
 1.02763e-01
 1.00902e-01
 1.00276e-01
 1.00082e-01
 1.00023e-01
 1.00007e-01
 1.00002e-01
 1.00000e-01
 1.00000e-01
 1.00000e-01
 1.00000e-01
 1.00000e-01
 3.79542e-01
 3.77213e-01
 3.72501e-01
 3.62636e-01
 3.44671e-01
 3.16520e-01
 2.79192e-01
 2.38396e-01
 2.02971e-01
 1.66392e-01
 1.36963e-01
 1.18091e-01
 1.07607e-01
 1.02763e-01
 1.00902e-01
 1.00276e-01
 1.00082e-01
 1.00023e-01
 1.00007e-01
 1.00002e-01
 1.00000e-01
 1.00000e-01
 1.00000e-01
 1.00000e-01
 1.00000e-01
 3.79542e-01
 3.77213e-01
 3.72501e-01
 3.62636e-01
 3.44671e-01
 3.16520e-01
 2.79192e-01
 2.38396e-01
 2.02971e-01
 1.66392e-01
 1.36963e-01
 1.18091e-01
 1.07607e-01
 1.02763e-01
 1.00902e-01
 1.00276e-01
 1.00082e-01
 1.00023e-01
 1.00007e-01
 1.00002e-01
 1.00000e-01
 1.00000e-01
 1.00000e-01
 1.00000e-01
 1.00000e-01
 3.79542e-01
 3.77213e-01
 3.72501e-01
 3.62636e-01
 3.44671e-01
 3.16520e-01
 2.79192e-01
 2.38396e-01
 2.02971e-01
 1.66392e-01
 1.36963e-01
 1.18091e-01
 1.07607e-01
 1.02763e-01
 1.00902e-01
 1.00276e-01
 1.00082e-01
 1.00023e-01
 1.00007e-01
 1.00002e-01
 1.00000e-01
 1.00000e-01
 1.00000e-01
 1.00000e-01
 1.00000e-01
 3.79542e-01
 3.77213e-01
 3.72501e-01
 3.62636e-01
 3.44671e-01
 3.16520e-01
 2.79192e-01
 2.38396e-01
 2.02971e-01
 1.66392e-01
 1.36963e-01
 1.18091e-01
 1.07607e-01
 1.02763e-01
 1.00902e-01
 1.00276e-01
 1.00082e-01
 1.00023e-01
 1.00007e-01
 1.00002e-01
 1.00000e-01
 1.00000e-01
 1.00000e-01
 1.00000e-01
 1.00000e-01
 3.79542e-01
 3.77213e-01
 3.72501e-01
 3.62636e-01
 3.44671e-01
 3.16520e-01
 2.79192e-01
 2.38396e-01
 2.02971e-01
 1.66392e-01
 1.36963e-01
 1.18091e-01
 1.07607e-01
 1.02763e-01
 1.00902e-01
 1.00276e-01
 1.00082e-01
 1.00023e-01
 1.00007e-01
 1.00002e-01
 1.00000e-01
 1.00000e-01
 1.00000e-01
 1.00000e-01
 1.00000e-01
 3.79542e-01
 3.77213e-01
 3.72501e-01
 3.62636e-01
 3.44671e-01
 3.16520e-01
 2.79192e-01
 2.38396e-01
 2.02971e-01
 1.66392e-01
 1.36963e-01
 1.18091e-01
 1.07607e-01
 1.02763e-01
 1.00902e-01
 1.00276e-01
 1.00082e-01
 1.00023e-01
 1.00007e-01
 1.00002e-01
 1.00000e-01
 1.00000e-01
 1.00000e-01
 1.00000e-01
 1.00000e-01
 3.79542e-01
 3.77213e-01
 3.72501e-01
 3.62636e-01
 3.44671e-01
 3.16520e-01
 2.79192e-01
 2.38396e-01
 2.02971e-01
 1.66392e-01
 1.36963e-01
 1.18091e-01
 1.07607e-01
 1.02763e-01
 1.00902e-01
 1.00276e-01
 1.00082e-01
 1.00023e-01
 1.00007e-01
 1.00002e-01
 1.00000e-01
 1.00000e-01
 1.00000e-01
 1.00000e-01
 1.00000e-01
 3.79542e-01
 3.77213e-01
 3.72501e-01
 3.62636e-01
 3.44671e-01
 3.16520e-01
 2.79192e-01
 2.38396e-01
 2.02971e-01
 1.66392e-01
 1.36963e-01
 1.18091e-01
 1.07607e-01
 1.02763e-01
 1.00902e-01
 1.00276e-01
 1.00082e-01
 1.00023e-01
 1.00007e-01
 1.00002e-01
 1.00000e-01
 1.00000e-01
 1.00000e-01
 1.00000e-01
 1.00000e-01
 3.79542e-01
 3.77213e-01
 3.72501e-01
 3.62636e-01
 3.44671e-01
 3.16520e-01
 2.79192e-01
 2.38396e-01
 2.02971e-01
 1.66392e-01
 1.36963e-01
 1.18091e-01
 1.07607e-01
 1.02763e-01
 1.00902e-01
 1.00276e-01
 1.00082e-01
 1.00023e-01
 1.00007e-01
 1.00002e-01
 1.00000e-01
 1.00000e-01
 1.00000e-01
 1.00000e-01
 1.00000e-01
 3.79542e-01
 3.77213e-01
 3.72501e-01
 3.62636e-01
 3.44671e-01
 3.16520e-01
 2.79192e-01
 2.38396e-01
 2.02971e-01
 1.66392e-01
 1.36963e-01
 1.18091e-01
 1.07607e-01
 1.02763e-01
 1.00902e-01
 1.00276e-01
 1.00082e-01
 1.00023e-01
 1.00007e-01
 1.00002e-01
 1.00000e-01
 1.00000e-01
 1.00000e-01
 1.00000e-01
 1.00000e-01
 3.79542e-01
 3.77213e-01
 3.72501e-01
 3.62636e-01
 3.44671e-01
 3.16520e-01
 2.79192e-01
 2.38396e-01
 2.02971e-01
 1.66392e-01
 1.36963e-01
 1.18091e-01
 1.07607e-01
 1.02763e-01
 1.00902e-01
 1.00276e-01
 1.00082e-01
 1.00023e-01
 1.00007e-01
 1.00002e-01
 1.00000e-01
 1.00000e-01
 1.00000e-01
 1.00000e-01
 1.00000e-01
 3.79542e-01
 3.77213e-01
 3.72501e-01
 3.62636e-01
 3.44671e-01
 3.16520e-01
 2.79192e-01
 2.38396e-01
 2.02971e-01
 1.66392e-01
 1.36963e-01
 1.18091e-01
 1.07607e-01
 1.02763e-01
 1.00902e-01
 1.00276e-01
 1.00082e-01
 1.00023e-01
 1.00007e-01
 1.00002e-01
 1.00000e-01
 1.00000e-01
 1.00000e-01
 1.00000e-01
 1.00000e-01
 3.79542e-01
 3.77213e-01
 3.72501e-01
 3.62636e-01
 3.44671e-01
 3.16520e-01
 2.79192e-01
 2.38396e-01
 2.02971e-01
 1.66392e-01
 1.36963e-01
 1.18091e-01
 1.07607e-01
 1.02763e-01
 1.00902e-01
 1.00276e-01
 1.00082e-01
 1.00023e-01
 1.00007e-01
 1.00002e-01
 1.00000e-01
 1.00000e-01
 1.00000e-01
 1.00000e-01
 1.00000e-01
 3.79542e-01
 3.77213e-01
 3.72501e-01
 3.62636e-01
 3.44671e-01
 3.16520e-01
 2.79192e-01
 2.38396e-01
 2.02971e-01
 1.66392e-01
 1.36963e-01
 1.18091e-01
 1.07607e-01
 1.02763e-01
 1.00902e-01
 1.00276e-01
 1.00082e-01
 1.00023e-01
 1.00007e-01
 1.00002e-01
 1.00000e-01
 1.00000e-01
 1.00000e-01
 1.00000e-01
 1.00000e-01
 3.79542e-01
 3.77213e-01
 3.72501e-01
 3.62636e-01
 3.44671e-01
 3.16520e-01
 2.79192e-01
 2.38396e-01
 2.02971e-01
 1.66392e-01
 1.36963e-01
 1.18091e-01
 1.07607e-01
 1.02763e-01
 1.00902e-01
 1.00276e-01
 1.00082e-01
 1.00023e-01
 1.00007e-01
 1.00002e-01
 1.00000e-01
 1.00000e-01
 1.00000e-01
 1.00000e-01
 1.00000e-01
 3.79542e-01
 3.77213e-01
 3.72501e-01
 3.62636e-01
 3.44671e-01
 3.16520e-01
 2.79192e-01
 2.38396e-01
 2.02971e-01
 1.66392e-01
 1.36963e-01
 1.18091e-01
 1.07607e-01
 1.02763e-01
 1.00902e-01
 1.00276e-01
 1.00082e-01
 1.00023e-01
 1.00007e-01
 1.00002e-01
 1.00000e-01
 1.00000e-01
 1.00000e-01
 1.00000e-01
 1.00000e-01
 3.79542e-01
 3.77213e-01
 3.72501e-01
 3.62636e-01
 3.44671e-01
 3.16520e-01
 2.79192e-01
 2.38396e-01
 2.02971e-01
 1.66392e-01
 1.36963e-01
 1.18091e-01
 1.07607e-01
 1.02763e-01
 1.00902e-01
 1.00276e-01
 1.00082e-01
 1.00023e-01
 1.00007e-01
 1.00002e-01
 1.00000e-01
 1.00000e-01
 1.00000e-01
 1.00000e-01
 1.00000e-01
