PseudoViscosity
part
         1
hexa8
 2.02683e-15
 1.01341e-15
 0.00000e+00
 1.01341e-15
 2.64929e-31
 7.72060e-32
 2.02683e-15
 0.00000e+00
 0.00000e+00
 0.00000e+00
 1.01341e-15
 3.28526e-31
 1.01341e-15
 9.50104e-32
 0.00000e+00
 2.02683e-15
 1.01341e-15
 3.04024e-15
 3.68271e-31
 0.00000e+00
 1.47248e-31
 3.33534e-31
 3.27034e-31
 0.00000e+00
 0.00000e+00
 1.01341e-15
 1.01341e-15
 2.02683e-15
 0.00000e+00
 3.38353e-33
 0.00000e+00
 0.00000e+00
 0.00000e+00
 0.00000e+00
 0.00000e+00
 0.00000e+00
 0.00000e+00
 0.00000e+00
 0.00000e+00
 0.00000e+00
 0.00000e+00
 0.00000e+00
 0.00000e+00
 0.00000e+00
 0.00000e+00
 0.00000e+00
 0.00000e+00
 0.00000e+00
 0.00000e+00
 0.00000e+00
 0.00000e+00
 0.00000e+00
 0.00000e+00
 0.00000e+00
 0.00000e+00
 0.00000e+00
 0.00000e+00
 0.00000e+00
 0.00000e+00
 0.00000e+00
 0.00000e+00
 0.00000e+00
 0.00000e+00
 0.00000e+00
 0.00000e+00
 0.00000e+00
 0.00000e+00
 0.00000e+00
 0.00000e+00
 0.00000e+00
 0.00000e+00
 0.00000e+00
 0.00000e+00
 0.00000e+00
 0.00000e+00
 0.00000e+00
 0.00000e+00
 0.00000e+00
 0.00000e+00
 0.00000e+00
 0.00000e+00
 0.00000e+00
 0.00000e+00
 0.00000e+00
 0.00000e+00
 0.00000e+00
 0.00000e+00
 0.00000e+00
 0.00000e+00
 0.00000e+00
 0.00000e+00
 0.00000e+00
 0.00000e+00
 0.00000e+00
 0.00000e+00
 0.00000e+00
 0.00000e+00
 0.00000e+00
 0.00000e+00
 0.00000e+00
 0.00000e+00
 0.00000e+00
 0.00000e+00
 0.00000e+00
 0.00000e+00
 0.00000e+00
 0.00000e+00
 0.00000e+00
 0.00000e+00
 0.00000e+00
 0.00000e+00
 0.00000e+00
 0.00000e+00
 0.00000e+00
 0.00000e+00
 0.00000e+00
 0.00000e+00
 0.00000e+00
 0.00000e+00
 0.00000e+00
 0.00000e+00
 0.00000e+00
 0.00000e+00
 0.00000e+00
 0.00000e+00
 8.67652e-32
 2.75782e-31
 0.00000e+00
 1.24967e-31
 1.96680e-31
 0.00000e+00
 1.01341e-15
 3.04024e-15
 0.00000e+00
 0.00000e+00
 2.02683e-15
 5.12654e-31
 1.29928e-32
 3.12489e-31
 0.00000e+00
 1.01341e-15
 2.02683e-15
 1.01341e-15
 1.01341e-15
 0.00000e+00
 4.35739e-31
 5.18126e-31
 1.01341e-15
 0.00000e+00
 1.08988e-31
 2.02683e-15
 1.01341e-15
 1.53350e-31
 1.69054e-31
 1.01341e-15
 2.44670e-31
 0.00000e+00
 0.00000e+00
 0.00000e+00
 3.95293e-31
 0.00000e+00
 0.00000e+00
 0.00000e+00
 0.00000e+00
 0.00000e+00
 0.00000e+00
 0.00000e+00
 0.00000e+00
 0.00000e+00
 0.00000e+00
 0.00000e+00
 0.00000e+00
 0.00000e+00
 0.00000e+00
 0.00000e+00
 0.00000e+00
 0.00000e+00
 0.00000e+00
 0.00000e+00
 0.00000e+00
 0.00000e+00
 0.00000e+00
 0.00000e+00
 0.00000e+00
 0.00000e+00
 0.00000e+00
 0.00000e+00
 0.00000e+00
 0.00000e+00
 0.00000e+00
 0.00000e+00
 0.00000e+00
 0.00000e+00
 0.00000e+00
 0.00000e+00
 0.00000e+00
 0.00000e+00
 0.00000e+00
 0.00000e+00
 0.00000e+00
 0.00000e+00
 0.00000e+00
 0.00000e+00
 0.00000e+00
 0.00000e+00
 0.00000e+00
 0.00000e+00
 0.00000e+00
 0.00000e+00
 0.00000e+00
 0.00000e+00
 0.00000e+00
 0.00000e+00
 0.00000e+00
 0.00000e+00
 0.00000e+00
 0.00000e+00
 0.00000e+00
 0.00000e+00
 0.00000e+00
 0.00000e+00
 0.00000e+00
 0.00000e+00
 0.00000e+00
 0.00000e+00
 0.00000e+00
 0.00000e+00
 0.00000e+00
 0.00000e+00
 0.00000e+00
 0.00000e+00
 0.00000e+00
 0.00000e+00
 0.00000e+00
 0.00000e+00
 0.00000e+00
 0.00000e+00
 0.00000e+00
 0.00000e+00
 0.00000e+00
 0.00000e+00
 0.00000e+00
 0.00000e+00
 0.00000e+00
 0.00000e+00
 0.00000e+00
 0.00000e+00
 0.00000e+00
 0.00000e+00
 0.00000e+00
 0.00000e+00
 0.00000e+00
 1.31849e-31
 1.01341e-15
 2.02683e-15
 0.00000e+00
 0.00000e+00
 2.02683e-15
 1.01341e-15
 4.18099e-31
 2.38344e-32
 0.00000e+00
 1.10464e-31
 1.35118e-30
 0.00000e+00
 2.03912e-31
 0.00000e+00
 1.01341e-15
 3.04024e-15
 1.11775e-30
 1.01341e-15
 1.18085e-31
 1.01341e-15
 8.79665e-31
 2.02683e-15
 3.30361e-31
 1.01341e-15
 2.23284e-31
 2.02683e-15
 8.28908e-31
 0.00000e+00
 0.00000e+00
 7.07636e-32
 0.00000e+00
 0.00000e+00
 0.00000e+00
 0.00000e+00
 0.00000e+00
 0.00000e+00
 0.00000e+00
 0.00000e+00
 0.00000e+00
 0.00000e+00
 0.00000e+00
 0.00000e+00
 0.00000e+00
 0.00000e+00
 0.00000e+00
 0.00000e+00
 0.00000e+00
 0.00000e+00
 0.00000e+00
 0.00000e+00
 0.00000e+00
 0.00000e+00
 0.00000e+00
 0.00000e+00
 0.00000e+00
 0.00000e+00
 0.00000e+00
 0.00000e+00
 0.00000e+00
 0.00000e+00
 0.00000e+00
 0.00000e+00
 0.00000e+00
 0.00000e+00
 0.00000e+00
 0.00000e+00
 0.00000e+00
 0.00000e+00
 0.00000e+00
 0.00000e+00
 0.00000e+00
 0.00000e+00
 0.00000e+00
 0.00000e+00
 0.00000e+00
 0.00000e+00
 0.00000e+00
 0.00000e+00
 0.00000e+00
 0.00000e+00
 0.00000e+00
 0.00000e+00
 0.00000e+00
 0.00000e+00
 0.00000e+00
 0.00000e+00
 0.00000e+00
 0.00000e+00
 0.00000e+00
 0.00000e+00
 0.00000e+00
 0.00000e+00
 0.00000e+00
 0.00000e+00
 0.00000e+00
 0.00000e+00
 0.00000e+00
 0.00000e+00
 0.00000e+00
 0.00000e+00
 0.00000e+00
 0.00000e+00
 0.00000e+00
 0.00000e+00
 0.00000e+00
 0.00000e+00
 0.00000e+00
 0.00000e+00
 0.00000e+00
 0.00000e+00
 0.00000e+00
 0.00000e+00
 0.00000e+00
 0.00000e+00
 0.00000e+00
 0.00000e+00
 0.00000e+00
 0.00000e+00
 0.00000e+00
 0.00000e+00
 0.00000e+00
 0.00000e+00
 3.04024e-15
 2.02683e-15
 1.01341e-15
 0.00000e+00
 0.00000e+00
 0.00000e+00
 2.49725e-31
 1.01341e-15
 2.23264e-31
 1.01341e-15
 8.78995e-32
 1.01341e-15
 1.01341e-15
 1.01341e-15
 4.49197e-31
 0.00000e+00
 7.64888e-32
 1.01341e-15
 4.05365e-15
 3.04024e-15
 6.43635e-32
 2.63699e-31
 1.01341e-15
 1.01341e-15
 1.41579e-30
 0.00000e+00
 1.39638e-31
 0.00000e+00
 3.34795e-31
 1.16162e-31
 2.70247e-32
 0.00000e+00
 1.01341e-15
 5.98674e-33
 0.00000e+00
 0.00000e+00
 0.00000e+00
 2.50684e-32
 6.83655e-32
 0.00000e+00
 0.00000e+00
 0.00000e+00
 0.00000e+00
 0.00000e+00
 0.00000e+00
 0.00000e+00
 0.00000e+00
 0.00000e+00
 0.00000e+00
 0.00000e+00
 0.00000e+00
 0.00000e+00
 0.00000e+00
 0.00000e+00
 0.00000e+00
 0.00000e+00
 0.00000e+00
 0.00000e+00
 0.00000e+00
 0.00000e+00
 0.00000e+00
 0.00000e+00
 0.00000e+00
 0.00000e+00
 0.00000e+00
 0.00000e+00
 0.00000e+00
 0.00000e+00
 0.00000e+00
 0.00000e+00
 0.00000e+00
 0.00000e+00
 0.00000e+00
 0.00000e+00
 0.00000e+00
 0.00000e+00
 0.00000e+00
 0.00000e+00
 0.00000e+00
 0.00000e+00
 0.00000e+00
 0.00000e+00
 0.00000e+00
 0.00000e+00
 0.00000e+00
 0.00000e+00
 0.00000e+00
 0.00000e+00
 0.00000e+00
 0.00000e+00
 0.00000e+00
 0.00000e+00
 0.00000e+00
 0.00000e+00
 0.00000e+00
 0.00000e+00
 0.00000e+00
 0.00000e+00
 0.00000e+00
 0.00000e+00
 0.00000e+00
 0.00000e+00
 0.00000e+00
 0.00000e+00
 0.00000e+00
 0.00000e+00
 0.00000e+00
 0.00000e+00
 0.00000e+00
 0.00000e+00
 0.00000e+00
 0.00000e+00
 0.00000e+00
 0.00000e+00
 0.00000e+00
 0.00000e+00
 0.00000e+00
 0.00000e+00
 0.00000e+00
 0.00000e+00
 0.00000e+00
 0.00000e+00
 0.00000e+00
 0.00000e+00
 0.00000e+00
 1.38238e-31
 4.27391e-31
 1.01341e-15
 7.42880e-32
 0.00000e+00
 2.93535e-32
 1.01341e-15
 1.01341e-15
 1.54074e-31
 0.00000e+00
 0.00000e+00
 2.34032e-31
 1.01341e-15
 2.93160e-31
 0.00000e+00
 6.71238e-31
 1.01341e-15
 8.50317e-32
 0.00000e+00
 0.00000e+00
 2.02683e-15
 2.02683e-15
 0.00000e+00
 8.36758e-31
 0.00000e+00
 0.00000e+00
 1.01341e-15
 1.01341e-15
 3.04024e-15
 1.01341e-15
 1.01341e-15
 1.89955e-31
 1.01341e-15
 1.01341e-15
 6.41401e-31
 2.59463e-31
 0.00000e+00
 1.54074e-31
 1.01341e-15
 2.70378e-31
 0.00000e+00
 0.00000e+00
 0.00000e+00
 0.00000e+00
 0.00000e+00
 0.00000e+00
 0.00000e+00
 0.00000e+00
 0.00000e+00
 0.00000e+00
 0.00000e+00
 0.00000e+00
 0.00000e+00
 0.00000e+00
 0.00000e+00
 0.00000e+00
 0.00000e+00
 0.00000e+00
 0.00000e+00
 0.00000e+00
 0.00000e+00
 0.00000e+00
 0.00000e+00
 0.00000e+00
 0.00000e+00
 0.00000e+00
 0.00000e+00
 0.00000e+00
 0.00000e+00
 0.00000e+00
 0.00000e+00
 0.00000e+00
 0.00000e+00
 0.00000e+00
 0.00000e+00
 0.00000e+00
 0.00000e+00
 0.00000e+00
 0.00000e+00
 0.00000e+00
 0.00000e+00
 0.00000e+00
 0.00000e+00
 0.00000e+00
 0.00000e+00
 0.00000e+00
 0.00000e+00
 0.00000e+00
 0.00000e+00
 0.00000e+00
 0.00000e+00
 0.00000e+00
 0.00000e+00
 0.00000e+00
 0.00000e+00
 0.00000e+00
 0.00000e+00
 0.00000e+00
 0.00000e+00
 0.00000e+00
 0.00000e+00
 0.00000e+00
 0.00000e+00
 0.00000e+00
 0.00000e+00
 0.00000e+00
 0.00000e+00
 0.00000e+00
 0.00000e+00
 0.00000e+00
 0.00000e+00
 0.00000e+00
 0.00000e+00
 0.00000e+00
 0.00000e+00
 0.00000e+00
 0.00000e+00
 0.00000e+00
 0.00000e+00
 0.00000e+00
 0.00000e+00
 0.00000e+00
 0.00000e+00
 0.00000e+00
 0.00000e+00
part
         2
hexa8
 0.00000e+00
 0.00000e+00
 0.00000e+00
 0.00000e+00
 0.00000e+00
 0.00000e+00
 0.00000e+00
 0.00000e+00
 0.00000e+00
 0.00000e+00
 0.00000e+00
 0.00000e+00
 0.00000e+00
 0.00000e+00
 0.00000e+00
 0.00000e+00
 0.00000e+00
 0.00000e+00
 0.00000e+00
 0.00000e+00
 0.00000e+00
 0.00000e+00
 0.00000e+00
 0.00000e+00
 0.00000e+00
 0.00000e+00
 0.00000e+00
 0.00000e+00
 0.00000e+00
 0.00000e+00
 0.00000e+00
 0.00000e+00
 0.00000e+00
 0.00000e+00
 0.00000e+00
 0.00000e+00
 0.00000e+00
 0.00000e+00
 0.00000e+00
 0.00000e+00
 0.00000e+00
 0.00000e+00
 0.00000e+00
 0.00000e+00
 0.00000e+00
 0.00000e+00
 0.00000e+00
 0.00000e+00
 0.00000e+00
 0.00000e+00
 0.00000e+00
 0.00000e+00
 0.00000e+00
 0.00000e+00
 0.00000e+00
 0.00000e+00
 0.00000e+00
 0.00000e+00
 0.00000e+00
 0.00000e+00
 0.00000e+00
 0.00000e+00
 0.00000e+00
 0.00000e+00
 0.00000e+00
 0.00000e+00
 0.00000e+00
 0.00000e+00
 0.00000e+00
 0.00000e+00
 0.00000e+00
 0.00000e+00
 0.00000e+00
 0.00000e+00
 0.00000e+00
 0.00000e+00
 0.00000e+00
 0.00000e+00
 0.00000e+00
 0.00000e+00
 0.00000e+00
 0.00000e+00
 0.00000e+00
 0.00000e+00
 0.00000e+00
 0.00000e+00
 0.00000e+00
 0.00000e+00
 0.00000e+00
 0.00000e+00
 0.00000e+00
 0.00000e+00
 0.00000e+00
 0.00000e+00
 0.00000e+00
 4.56944e-04
 4.56944e-04
 4.56944e-04
 4.56944e-04
 4.56944e-04
 6.39512e-04
 6.39512e-04
 6.39512e-04
 6.39512e-04
 6.39512e-04
 7.72994e-04
 7.72994e-04
 7.72994e-04
 7.72994e-04
 7.72994e-04
 8.49801e-04
 8.49801e-04
 8.49801e-04
 8.49801e-04
 8.49801e-04
 8.84134e-04
 8.84134e-04
 8.84134e-04
 8.84134e-04
 8.84134e-04
 8.86023e-04
 8.86023e-04
 8.86023e-04
 8.86023e-04
 8.86023e-04
 0.00000e+00
 0.00000e+00
 0.00000e+00
 0.00000e+00
 0.00000e+00
 0.00000e+00
 0.00000e+00
 0.00000e+00
 0.00000e+00
 0.00000e+00
 0.00000e+00
 0.00000e+00
 0.00000e+00
 0.00000e+00
 0.00000e+00
 0.00000e+00
 0.00000e+00
 0.00000e+00
 0.00000e+00
 0.00000e+00
 0.00000e+00
 0.00000e+00
 0.00000e+00
 0.00000e+00
 0.00000e+00
 0.00000e+00
 0.00000e+00
 0.00000e+00
 0.00000e+00
 0.00000e+00
 0.00000e+00
 0.00000e+00
 0.00000e+00
 0.00000e+00
 0.00000e+00
 0.00000e+00
 0.00000e+00
 0.00000e+00
 0.00000e+00
 0.00000e+00
 0.00000e+00
 0.00000e+00
 0.00000e+00
 0.00000e+00
 0.00000e+00
 0.00000e+00
 0.00000e+00
 0.00000e+00
 0.00000e+00
 0.00000e+00
 0.00000e+00
 0.00000e+00
 0.00000e+00
 0.00000e+00
 0.00000e+00
 0.00000e+00
 0.00000e+00
 0.00000e+00
 0.00000e+00
 0.00000e+00
 0.00000e+00
 0.00000e+00
 0.00000e+00
 0.00000e+00
 0.00000e+00
 0.00000e+00
 0.00000e+00
 0.00000e+00
 0.00000e+00
 0.00000e+00
 0.00000e+00
 0.00000e+00
 0.00000e+00
 0.00000e+00
 0.00000e+00
 0.00000e+00
 0.00000e+00
 0.00000e+00
 0.00000e+00
 0.00000e+00
 0.00000e+00
 0.00000e+00
 0.00000e+00
 0.00000e+00
 0.00000e+00
 0.00000e+00
 0.00000e+00
 0.00000e+00
 0.00000e+00
 0.00000e+00
 0.00000e+00
 0.00000e+00
 0.00000e+00
 0.00000e+00
 0.00000e+00
 4.56944e-04
 4.56944e-04
 4.56944e-04
 4.56944e-04
 4.56944e-04
 6.39512e-04
 6.39512e-04
 6.39512e-04
 6.39512e-04
 6.39512e-04
 7.72994e-04
 7.72994e-04
 7.72994e-04
 7.72994e-04
 7.72994e-04
 8.49801e-04
 8.49801e-04
 8.49801e-04
 8.49801e-04
 8.49801e-04
 8.84134e-04
 8.84134e-04
 8.84134e-04
 8.84134e-04
 8.84134e-04
 8.86023e-04
 8.86023e-04
 8.86023e-04
 8.86023e-04
 8.86023e-04
 0.00000e+00
 0.00000e+00
 0.00000e+00
 0.00000e+00
 0.00000e+00
 0.00000e+00
 0.00000e+00
 0.00000e+00
 0.00000e+00
 0.00000e+00
 0.00000e+00
 0.00000e+00
 0.00000e+00
 0.00000e+00
 0.00000e+00
 0.00000e+00
 0.00000e+00
 0.00000e+00
 0.00000e+00
 0.00000e+00
 0.00000e+00
 0.00000e+00
 0.00000e+00
 0.00000e+00
 0.00000e+00
 0.00000e+00
 0.00000e+00
 0.00000e+00
 0.00000e+00
 0.00000e+00
 0.00000e+00
 0.00000e+00
 0.00000e+00
 0.00000e+00
 0.00000e+00
 0.00000e+00
 0.00000e+00
 0.00000e+00
 0.00000e+00
 0.00000e+00
 0.00000e+00
 0.00000e+00
 0.00000e+00
 0.00000e+00
 0.00000e+00
 0.00000e+00
 0.00000e+00
 0.00000e+00
 0.00000e+00
 0.00000e+00
 0.00000e+00
 0.00000e+00
 0.00000e+00
 0.00000e+00
 0.00000e+00
 0.00000e+00
 0.00000e+00
 0.00000e+00
 0.00000e+00
 0.00000e+00
 0.00000e+00
 0.00000e+00
 0.00000e+00
 0.00000e+00
 0.00000e+00
 0.00000e+00
 0.00000e+00
 0.00000e+00
 0.00000e+00
 0.00000e+00
 0.00000e+00
 0.00000e+00
 0.00000e+00
 0.00000e+00
 0.00000e+00
 0.00000e+00
 0.00000e+00
 0.00000e+00
 0.00000e+00
 0.00000e+00
 0.00000e+00
 0.00000e+00
 0.00000e+00
 0.00000e+00
 0.00000e+00
 0.00000e+00
 0.00000e+00
 0.00000e+00
 0.00000e+00
 0.00000e+00
 0.00000e+00
 0.00000e+00
 0.00000e+00
 0.00000e+00
 0.00000e+00
 4.56944e-04
 4.56944e-04
 4.56944e-04
 4.56944e-04
 4.56944e-04
 6.39512e-04
 6.39512e-04
 6.39512e-04
 6.39512e-04
 6.39512e-04
 7.72994e-04
 7.72994e-04
 7.72994e-04
 7.72994e-04
 7.72994e-04
 8.49801e-04
 8.49801e-04
 8.49801e-04
 8.49801e-04
 8.49801e-04
 8.84134e-04
 8.84134e-04
 8.84134e-04
 8.84134e-04
 8.84134e-04
 8.86023e-04
 8.86023e-04
 8.86023e-04
 8.86023e-04
 8.86023e-04
 0.00000e+00
 0.00000e+00
 0.00000e+00
 0.00000e+00
 0.00000e+00
 0.00000e+00
 0.00000e+00
 0.00000e+00
 0.00000e+00
 0.00000e+00
 0.00000e+00
 0.00000e+00
 0.00000e+00
 0.00000e+00
 0.00000e+00
 0.00000e+00
 0.00000e+00
 0.00000e+00
 0.00000e+00
 0.00000e+00
 0.00000e+00
 0.00000e+00
 0.00000e+00
 0.00000e+00
 0.00000e+00
 0.00000e+00
 0.00000e+00
 0.00000e+00
 0.00000e+00
 0.00000e+00
 0.00000e+00
 0.00000e+00
 0.00000e+00
 0.00000e+00
 0.00000e+00
 0.00000e+00
 0.00000e+00
 0.00000e+00
 0.00000e+00
 0.00000e+00
 0.00000e+00
 0.00000e+00
 0.00000e+00
 0.00000e+00
 0.00000e+00
 0.00000e+00
 0.00000e+00
 0.00000e+00
 0.00000e+00
 0.00000e+00
 0.00000e+00
 0.00000e+00
 0.00000e+00
 0.00000e+00
 0.00000e+00
 0.00000e+00
 0.00000e+00
 0.00000e+00
 0.00000e+00
 0.00000e+00
 0.00000e+00
 0.00000e+00
 0.00000e+00
 0.00000e+00
 0.00000e+00
 0.00000e+00
 0.00000e+00
 0.00000e+00
 0.00000e+00
 0.00000e+00
 0.00000e+00
 0.00000e+00
 0.00000e+00
 0.00000e+00
 0.00000e+00
 0.00000e+00
 0.00000e+00
 0.00000e+00
 0.00000e+00
 0.00000e+00
 0.00000e+00
 0.00000e+00
 0.00000e+00
 0.00000e+00
 0.00000e+00
 0.00000e+00
 0.00000e+00
 0.00000e+00
 0.00000e+00
 0.00000e+00
 0.00000e+00
 0.00000e+00
 0.00000e+00
 0.00000e+00
 0.00000e+00
 4.56944e-04
 4.56944e-04
 4.56944e-04
 4.56944e-04
 4.56944e-04
 6.39512e-04
 6.39512e-04
 6.39512e-04
 6.39512e-04
 6.39512e-04
 7.72994e-04
 7.72994e-04
 7.72994e-04
 7.72994e-04
 7.72994e-04
 8.49801e-04
 8.49801e-04
 8.49801e-04
 8.49801e-04
 8.49801e-04
 8.84134e-04
 8.84134e-04
 8.84134e-04
 8.84134e-04
 8.84134e-04
 8.86023e-04
 8.86023e-04
 8.86023e-04
 8.86023e-04
 8.86023e-04
 0.00000e+00
 0.00000e+00
 0.00000e+00
 0.00000e+00
 0.00000e+00
 0.00000e+00
 0.00000e+00
 0.00000e+00
 0.00000e+00
 0.00000e+00
 0.00000e+00
 0.00000e+00
 0.00000e+00
 0.00000e+00
 0.00000e+00
 0.00000e+00
 0.00000e+00
 0.00000e+00
 0.00000e+00
 0.00000e+00
 0.00000e+00
 0.00000e+00
 0.00000e+00
 0.00000e+00
 0.00000e+00
 0.00000e+00
 0.00000e+00
 0.00000e+00
 0.00000e+00
 0.00000e+00
 0.00000e+00
 0.00000e+00
 0.00000e+00
 0.00000e+00
 0.00000e+00
 0.00000e+00
 0.00000e+00
 0.00000e+00
 0.00000e+00
 0.00000e+00
 0.00000e+00
 0.00000e+00
 0.00000e+00
 0.00000e+00
 0.00000e+00
 0.00000e+00
 0.00000e+00
 0.00000e+00
 0.00000e+00
 0.00000e+00
 0.00000e+00
 0.00000e+00
 0.00000e+00
 0.00000e+00
 0.00000e+00
 0.00000e+00
 0.00000e+00
 0.00000e+00
 0.00000e+00
 0.00000e+00
 0.00000e+00
 0.00000e+00
 0.00000e+00
 0.00000e+00
 0.00000e+00
 0.00000e+00
 0.00000e+00
 0.00000e+00
 0.00000e+00
 0.00000e+00
 0.00000e+00
 0.00000e+00
 0.00000e+00
 0.00000e+00
 0.00000e+00
 0.00000e+00
 0.00000e+00
 0.00000e+00
 0.00000e+00
 0.00000e+00
 0.00000e+00
 0.00000e+00
 0.00000e+00
 0.00000e+00
 0.00000e+00
 0.00000e+00
 0.00000e+00
 0.00000e+00
 0.00000e+00
 0.00000e+00
 0.00000e+00
 0.00000e+00
 0.00000e+00
 0.00000e+00
 0.00000e+00
 4.56944e-04
 4.56944e-04
 4.56944e-04
 4.56944e-04
 4.56944e-04
 6.39512e-04
 6.39512e-04
 6.39512e-04
 6.39512e-04
 6.39512e-04
 7.72994e-04
 7.72994e-04
 7.72994e-04
 7.72994e-04
 7.72994e-04
 8.49801e-04
 8.49801e-04
 8.49801e-04
 8.49801e-04
 8.49801e-04
 8.84134e-04
 8.84134e-04
 8.84134e-04
 8.84134e-04
 8.84134e-04
 8.86023e-04
 8.86023e-04
 8.86023e-04
 8.86023e-04
 8.86023e-04
part
         3
hexa8
 8.62424e-04
 8.62424e-04
 8.62424e-04
 8.62424e-04
 8.62424e-04
 8.12964e-04
 8.12964e-04
 8.12964e-04
 8.12964e-04
 8.12964e-04
 7.54011e-04
 7.54011e-04
 7.54011e-04
 7.54011e-04
 7.54011e-04
 7.01703e-04
 7.01703e-04
 7.01703e-04
 7.01703e-04
 7.01703e-04
 6.41657e-04
 6.41657e-04
 6.41657e-04
 6.41657e-04
 6.41657e-04
 5.79035e-04
 5.79035e-04
 5.79035e-04
 5.79035e-04
 5.79035e-04
 5.17131e-04
 5.17131e-04
 5.17131e-04
 5.17131e-04
 5.17131e-04
 4.59149e-04
 4.59149e-04
 4.59149e-04
 4.59149e-04
 4.59149e-04
 4.05910e-04
 4.05910e-04
 4.05910e-04
 4.05910e-04
 4.05910e-04
 3.55395e-04
 3.55395e-04
 3.55395e-04
 3.55395e-04
 3.55395e-04
 3.03615e-04
 3.03615e-04
 3.03615e-04
 3.03615e-04
 3.03615e-04
 2.42281e-04
 2.42281e-04
 2.42281e-04
 2.42281e-04
 2.42281e-04
 1.44182e-04
 1.44182e-04
 1.44182e-04
 1.44182e-04
 1.44182e-04
 3.01066e-05
 3.01066e-05
 3.01066e-05
 3.01066e-05
 3.01066e-05
 1.98149e-06
 1.98149e-06
 1.98149e-06
 1.98149e-06
 1.98149e-06
 0.00000e+00
 0.00000e+00
 0.00000e+00
 0.00000e+00
 0.00000e+00
 0.00000e+00
 0.00000e+00
 0.00000e+00
 0.00000e+00
 0.00000e+00
 0.00000e+00
 0.00000e+00
 0.00000e+00
 0.00000e+00
 0.00000e+00
 0.00000e+00
 0.00000e+00
 0.00000e+00
 0.00000e+00
 0.00000e+00
 0.00000e+00
 0.00000e+00
 0.00000e+00
 0.00000e+00
 0.00000e+00
 7.44013e-04
 7.44013e-04
 7.44013e-04
 7.44013e-04
 7.44013e-04
 7.21931e-04
 7.21931e-04
 7.21931e-04
 7.21931e-04
 7.21931e-04
 5.03840e-04
 5.03840e-04
 5.03840e-04
 5.03840e-04
 5.03840e-04
 4.03795e-04
 4.03795e-04
 4.03795e-04
 4.03795e-04
 4.03795e-04
 5.60161e-04
 5.60161e-04
 5.60161e-04
 5.60161e-04
 5.60161e-04
 8.62424e-04
 8.62424e-04
 8.62424e-04
 8.62424e-04
 8.62424e-04
 8.12964e-04
 8.12964e-04
 8.12964e-04
 8.12964e-04
 8.12964e-04
 7.54011e-04
 7.54011e-04
 7.54011e-04
 7.54011e-04
 7.54011e-04
 7.01703e-04
 7.01703e-04
 7.01703e-04
 7.01703e-04
 7.01703e-04
 6.41657e-04
 6.41657e-04
 6.41657e-04
 6.41657e-04
 6.41657e-04
 5.79035e-04
 5.79035e-04
 5.79035e-04
 5.79035e-04
 5.79035e-04
 5.17131e-04
 5.17131e-04
 5.17131e-04
 5.17131e-04
 5.17131e-04
 4.59149e-04
 4.59149e-04
 4.59149e-04
 4.59149e-04
 4.59149e-04
 4.05910e-04
 4.05910e-04
 4.05910e-04
 4.05910e-04
 4.05910e-04
 3.55395e-04
 3.55395e-04
 3.55395e-04
 3.55395e-04
 3.55395e-04
 3.03615e-04
 3.03615e-04
 3.03615e-04
 3.03615e-04
 3.03615e-04
 2.42281e-04
 2.42281e-04
 2.42281e-04
 2.42281e-04
 2.42281e-04
 1.44182e-04
 1.44182e-04
 1.44182e-04
 1.44182e-04
 1.44182e-04
 3.01066e-05
 3.01066e-05
 3.01066e-05
 3.01066e-05
 3.01066e-05
 1.98149e-06
 1.98149e-06
 1.98149e-06
 1.98149e-06
 1.98149e-06
 0.00000e+00
 0.00000e+00
 0.00000e+00
 0.00000e+00
 0.00000e+00
 0.00000e+00
 0.00000e+00
 0.00000e+00
 0.00000e+00
 0.00000e+00
 0.00000e+00
 0.00000e+00
 0.00000e+00
 0.00000e+00
 0.00000e+00
 0.00000e+00
 0.00000e+00
 0.00000e+00
 0.00000e+00
 0.00000e+00
 0.00000e+00
 0.00000e+00
 0.00000e+00
 0.00000e+00
 0.00000e+00
 7.44013e-04
 7.44013e-04
 7.44013e-04
 7.44013e-04
 7.44013e-04
 7.21931e-04
 7.21931e-04
 7.21931e-04
 7.21931e-04
 7.21931e-04
 5.03840e-04
 5.03840e-04
 5.03840e-04
 5.03840e-04
 5.03840e-04
 4.03795e-04
 4.03795e-04
 4.03795e-04
 4.03795e-04
 4.03795e-04
 5.60161e-04
 5.60161e-04
 5.60161e-04
 5.60161e-04
 5.60161e-04
 8.62424e-04
 8.62424e-04
 8.62424e-04
 8.62424e-04
 8.62424e-04
 8.12964e-04
 8.12964e-04
 8.12964e-04
 8.12964e-04
 8.12964e-04
 7.54011e-04
 7.54011e-04
 7.54011e-04
 7.54011e-04
 7.54011e-04
 7.01703e-04
 7.01703e-04
 7.01703e-04
 7.01703e-04
 7.01703e-04
 6.41657e-04
 6.41657e-04
 6.41657e-04
 6.41657e-04
 6.41657e-04
 5.79035e-04
 5.79035e-04
 5.79035e-04
 5.79035e-04
 5.79035e-04
 5.17131e-04
 5.17131e-04
 5.17131e-04
 5.17131e-04
 5.17131e-04
 4.59149e-04
 4.59149e-04
 4.59149e-04
 4.59149e-04
 4.59149e-04
 4.05910e-04
 4.05910e-04
 4.05910e-04
 4.05910e-04
 4.05910e-04
 3.55395e-04
 3.55395e-04
 3.55395e-04
 3.55395e-04
 3.55395e-04
 3.03615e-04
 3.03615e-04
 3.03615e-04
 3.03615e-04
 3.03615e-04
 2.42281e-04
 2.42281e-04
 2.42281e-04
 2.42281e-04
 2.42281e-04
 1.44182e-04
 1.44182e-04
 1.44182e-04
 1.44182e-04
 1.44182e-04
 3.01066e-05
 3.01066e-05
 3.01066e-05
 3.01066e-05
 3.01066e-05
 1.98149e-06
 1.98149e-06
 1.98149e-06
 1.98149e-06
 1.98149e-06
 0.00000e+00
 0.00000e+00
 0.00000e+00
 0.00000e+00
 0.00000e+00
 0.00000e+00
 0.00000e+00
 0.00000e+00
 0.00000e+00
 0.00000e+00
 0.00000e+00
 0.00000e+00
 0.00000e+00
 0.00000e+00
 0.00000e+00
 0.00000e+00
 0.00000e+00
 0.00000e+00
 0.00000e+00
 0.00000e+00
 0.00000e+00
 0.00000e+00
 0.00000e+00
 0.00000e+00
 0.00000e+00
 7.44013e-04
 7.44013e-04
 7.44013e-04
 7.44013e-04
 7.44013e-04
 7.21931e-04
 7.21931e-04
 7.21931e-04
 7.21931e-04
 7.21931e-04
 5.03840e-04
 5.03840e-04
 5.03840e-04
 5.03840e-04
 5.03840e-04
 4.03795e-04
 4.03795e-04
 4.03795e-04
 4.03795e-04
 4.03795e-04
 5.60161e-04
 5.60161e-04
 5.60161e-04
 5.60161e-04
 5.60161e-04
 8.62424e-04
 8.62424e-04
 8.62424e-04
 8.62424e-04
 8.62424e-04
 8.12964e-04
 8.12964e-04
 8.12964e-04
 8.12964e-04
 8.12964e-04
 7.54011e-04
 7.54011e-04
 7.54011e-04
 7.54011e-04
 7.54011e-04
 7.01703e-04
 7.01703e-04
 7.01703e-04
 7.01703e-04
 7.01703e-04
 6.41657e-04
 6.41657e-04
 6.41657e-04
 6.41657e-04
 6.41657e-04
 5.79035e-04
 5.79035e-04
 5.79035e-04
 5.79035e-04
 5.79035e-04
 5.17131e-04
 5.17131e-04
 5.17131e-04
 5.17131e-04
 5.17131e-04
 4.59149e-04
 4.59149e-04
 4.59149e-04
 4.59149e-04
 4.59149e-04
 4.05910e-04
 4.05910e-04
 4.05910e-04
 4.05910e-04
 4.05910e-04
 3.55395e-04
 3.55395e-04
 3.55395e-04
 3.55395e-04
 3.55395e-04
 3.03615e-04
 3.03615e-04
 3.03615e-04
 3.03615e-04
 3.03615e-04
 2.42281e-04
 2.42281e-04
 2.42281e-04
 2.42281e-04
 2.42281e-04
 1.44182e-04
 1.44182e-04
 1.44182e-04
 1.44182e-04
 1.44182e-04
 3.01066e-05
 3.01066e-05
 3.01066e-05
 3.01066e-05
 3.01066e-05
 1.98149e-06
 1.98149e-06
 1.98149e-06
 1.98149e-06
 1.98149e-06
 0.00000e+00
 0.00000e+00
 0.00000e+00
 0.00000e+00
 0.00000e+00
 0.00000e+00
 0.00000e+00
 0.00000e+00
 0.00000e+00
 0.00000e+00
 0.00000e+00
 0.00000e+00
 0.00000e+00
 0.00000e+00
 0.00000e+00
 0.00000e+00
 0.00000e+00
 0.00000e+00
 0.00000e+00
 0.00000e+00
 0.00000e+00
 0.00000e+00
 0.00000e+00
 0.00000e+00
 0.00000e+00
 7.44013e-04
 7.44013e-04
 7.44013e-04
 7.44013e-04
 7.44013e-04
 7.21931e-04
 7.21931e-04
 7.21931e-04
 7.21931e-04
 7.21931e-04
 5.03840e-04
 5.03840e-04
 5.03840e-04
 5.03840e-04
 5.03840e-04
 4.03795e-04
 4.03795e-04
 4.03795e-04
 4.03795e-04
 4.03795e-04
 5.60161e-04
 5.60161e-04
 5.60161e-04
 5.60161e-04
 5.60161e-04
 8.62424e-04
 8.62424e-04
 8.62424e-04
 8.62424e-04
 8.62424e-04
 8.12964e-04
 8.12964e-04
 8.12964e-04
 8.12964e-04
 8.12964e-04
 7.54011e-04
 7.54011e-04
 7.54011e-04
 7.54011e-04
 7.54011e-04
 7.01703e-04
 7.01703e-04
 7.01703e-04
 7.01703e-04
 7.01703e-04
 6.41657e-04
 6.41657e-04
 6.41657e-04
 6.41657e-04
 6.41657e-04
 5.79035e-04
 5.79035e-04
 5.79035e-04
 5.79035e-04
 5.79035e-04
 5.17131e-04
 5.17131e-04
 5.17131e-04
 5.17131e-04
 5.17131e-04
 4.59149e-04
 4.59149e-04
 4.59149e-04
 4.59149e-04
 4.59149e-04
 4.05910e-04
 4.05910e-04
 4.05910e-04
 4.05910e-04
 4.05910e-04
 3.55395e-04
 3.55395e-04
 3.55395e-04
 3.55395e-04
 3.55395e-04
 3.03615e-04
 3.03615e-04
 3.03615e-04
 3.03615e-04
 3.03615e-04
 2.42281e-04
 2.42281e-04
 2.42281e-04
 2.42281e-04
 2.42281e-04
 1.44182e-04
 1.44182e-04
 1.44182e-04
 1.44182e-04
 1.44182e-04
 3.01066e-05
 3.01066e-05
 3.01066e-05
 3.01066e-05
 3.01066e-05
 1.98149e-06
 1.98149e-06
 1.98149e-06
 1.98149e-06
 1.98149e-06
 0.00000e+00
 0.00000e+00
 0.00000e+00
 0.00000e+00
 0.00000e+00
 0.00000e+00
 0.00000e+00
 0.00000e+00
 0.00000e+00
 0.00000e+00
 0.00000e+00
 0.00000e+00
 0.00000e+00
 0.00000e+00
 0.00000e+00
 0.00000e+00
 0.00000e+00
 0.00000e+00
 0.00000e+00
 0.00000e+00
 0.00000e+00
 0.00000e+00
 0.00000e+00
 0.00000e+00
 0.00000e+00
 7.44013e-04
 7.44013e-04
 7.44013e-04
 7.44013e-04
 7.44013e-04
 7.21931e-04
 7.21931e-04
 7.21931e-04
 7.21931e-04
 7.21931e-04
 5.03840e-04
 5.03840e-04
 5.03840e-04
 5.03840e-04
 5.03840e-04
 4.03795e-04
 4.03795e-04
 4.03795e-04
 4.03795e-04
 4.03795e-04
 5.60161e-04
 5.60161e-04
 5.60161e-04
 5.60161e-04
 5.60161e-04
part
         4
hexa8
 1.07889e-03
 1.07889e-03
 1.07889e-03
 1.07889e-03
 1.07889e-03
 2.13615e-03
 2.13615e-03
 2.13615e-03
 2.13615e-03
 2.13615e-03
 3.99420e-03
 3.99420e-03
 3.99420e-03
 3.99420e-03
 3.99420e-03
 6.96304e-03
 6.96304e-03
 6.96304e-03
 6.96304e-03
 6.96304e-03
 1.13678e-02
 1.13678e-02
 1.13678e-02
 1.13678e-02
 1.13678e-02
 1.72698e-02
 1.72698e-02
 1.72698e-02
 1.72698e-02
 1.72698e-02
 2.41575e-02
 2.41575e-02
 2.41575e-02
 2.41575e-02
 2.41575e-02
 3.05905e-02
 3.05905e-02
 3.05905e-02
 3.05905e-02
 3.05905e-02
 3.64749e-02
 3.64749e-02
 3.64749e-02
 3.64749e-02
 3.64749e-02
 3.51356e-02
 3.51356e-02
 3.51356e-02
 3.51356e-02
 3.51356e-02
 2.96074e-02
 2.96074e-02
 2.96074e-02
 2.96074e-02
 2.96074e-02
 2.00028e-02
 2.00028e-02
 2.00028e-02
 2.00028e-02
 2.00028e-02
 1.02287e-02
 1.02287e-02
 1.02287e-02
 1.02287e-02
 1.02287e-02
 4.02303e-03
 4.02303e-03
 4.02303e-03
 4.02303e-03
 4.02303e-03
 1.33023e-03
 1.33023e-03
 1.33023e-03
 1.33023e-03
 1.33023e-03
 4.04461e-04
 4.04461e-04
 4.04461e-04
 4.04461e-04
 4.04461e-04
 1.18187e-04
 1.18187e-04
 1.18187e-04
 1.18187e-04
 1.18187e-04
 3.36806e-05
 3.36806e-05
 3.36806e-05
 3.36806e-05
 3.36806e-05
 9.39221e-06
 9.39221e-06
 9.39221e-06
 9.39221e-06
 9.39221e-06
 2.56248e-06
 2.56248e-06
 2.56248e-06
 2.56248e-06
 2.56248e-06
 6.83255e-07
 6.83255e-07
 6.83255e-07
 6.83255e-07
 6.83255e-07
 1.77829e-07
 1.77829e-07
 1.77829e-07
 1.77829e-07
 1.77829e-07
 4.51507e-08
 4.51507e-08
 4.51507e-08
 4.51507e-08
 4.51507e-08
 1.12920e-08
 1.12920e-08
 1.12920e-08
 1.12920e-08
 1.12920e-08
 3.30782e-09
 3.30782e-09
 3.30782e-09
 3.30782e-09
 3.30782e-09
 1.07889e-03
 1.07889e-03
 1.07889e-03
 1.07889e-03
 1.07889e-03
 2.13615e-03
 2.13615e-03
 2.13615e-03
 2.13615e-03
 2.13615e-03
 3.99420e-03
 3.99420e-03
 3.99420e-03
 3.99420e-03
 3.99420e-03
 6.96304e-03
 6.96304e-03
 6.96304e-03
 6.96304e-03
 6.96304e-03
 1.13678e-02
 1.13678e-02
 1.13678e-02
 1.13678e-02
 1.13678e-02
 1.72698e-02
 1.72698e-02
 1.72698e-02
 1.72698e-02
 1.72698e-02
 2.41575e-02
 2.41575e-02
 2.41575e-02
 2.41575e-02
 2.41575e-02
 3.05905e-02
 3.05905e-02
 3.05905e-02
 3.05905e-02
 3.05905e-02
 3.64749e-02
 3.64749e-02
 3.64749e-02
 3.64749e-02
 3.64749e-02
 3.51356e-02
 3.51356e-02
 3.51356e-02
 3.51356e-02
 3.51356e-02
 2.96074e-02
 2.96074e-02
 2.96074e-02
 2.96074e-02
 2.96074e-02
 2.00028e-02
 2.00028e-02
 2.00028e-02
 2.00028e-02
 2.00028e-02
 1.02287e-02
 1.02287e-02
 1.02287e-02
 1.02287e-02
 1.02287e-02
 4.02303e-03
 4.02303e-03
 4.02303e-03
 4.02303e-03
 4.02303e-03
 1.33023e-03
 1.33023e-03
 1.33023e-03
 1.33023e-03
 1.33023e-03
 4.04461e-04
 4.04461e-04
 4.04461e-04
 4.04461e-04
 4.04461e-04
 1.18187e-04
 1.18187e-04
 1.18187e-04
 1.18187e-04
 1.18187e-04
 3.36806e-05
 3.36806e-05
 3.36806e-05
 3.36806e-05
 3.36806e-05
 9.39221e-06
 9.39221e-06
 9.39221e-06
 9.39221e-06
 9.39221e-06
 2.56248e-06
 2.56248e-06
 2.56248e-06
 2.56248e-06
 2.56248e-06
 6.83255e-07
 6.83255e-07
 6.83255e-07
 6.83255e-07
 6.83255e-07
 1.77829e-07
 1.77829e-07
 1.77829e-07
 1.77829e-07
 1.77829e-07
 4.51507e-08
 4.51507e-08
 4.51507e-08
 4.51507e-08
 4.51507e-08
 1.12920e-08
 1.12920e-08
 1.12920e-08
 1.12920e-08
 1.12920e-08
 3.30783e-09
 3.30782e-09
 3.30782e-09
 3.30782e-09
 3.30782e-09
 1.07889e-03
 1.07889e-03
 1.07889e-03
 1.07889e-03
 1.07889e-03
 2.13615e-03
 2.13615e-03
 2.13615e-03
 2.13615e-03
 2.13615e-03
 3.99420e-03
 3.99420e-03
 3.99420e-03
 3.99420e-03
 3.99420e-03
 6.96304e-03
 6.96304e-03
 6.96304e-03
 6.96304e-03
 6.96304e-03
 1.13678e-02
 1.13678e-02
 1.13678e-02
 1.13678e-02
 1.13678e-02
 1.72698e-02
 1.72698e-02
 1.72698e-02
 1.72698e-02
 1.72698e-02
 2.41575e-02
 2.41575e-02
 2.41575e-02
 2.41575e-02
 2.41575e-02
 3.05905e-02
 3.05905e-02
 3.05905e-02
 3.05905e-02
 3.05905e-02
 3.64749e-02
 3.64749e-02
 3.64749e-02
 3.64749e-02
 3.64749e-02
 3.51356e-02
 3.51356e-02
 3.51356e-02
 3.51356e-02
 3.51356e-02
 2.96074e-02
 2.96074e-02
 2.96074e-02
 2.96074e-02
 2.96074e-02
 2.00028e-02
 2.00028e-02
 2.00028e-02
 2.00028e-02
 2.00028e-02
 1.02287e-02
 1.02287e-02
 1.02287e-02
 1.02287e-02
 1.02287e-02
 4.02303e-03
 4.02303e-03
 4.02303e-03
 4.02303e-03
 4.02303e-03
 1.33023e-03
 1.33023e-03
 1.33023e-03
 1.33023e-03
 1.33023e-03
 4.04461e-04
 4.04461e-04
 4.04461e-04
 4.04461e-04
 4.04461e-04
 1.18187e-04
 1.18187e-04
 1.18187e-04
 1.18187e-04
 1.18187e-04
 3.36806e-05
 3.36806e-05
 3.36806e-05
 3.36806e-05
 3.36806e-05
 9.39221e-06
 9.39221e-06
 9.39221e-06
 9.39221e-06
 9.39221e-06
 2.56248e-06
 2.56248e-06
 2.56248e-06
 2.56248e-06
 2.56248e-06
 6.83255e-07
 6.83255e-07
 6.83255e-07
 6.83255e-07
 6.83255e-07
 1.77829e-07
 1.77829e-07
 1.77829e-07
 1.77829e-07
 1.77829e-07
 4.51507e-08
 4.51507e-08
 4.51507e-08
 4.51507e-08
 4.51507e-08
 1.12920e-08
 1.12920e-08
 1.12920e-08
 1.12920e-08
 1.12920e-08
 3.30783e-09
 3.30783e-09
 3.30783e-09
 3.30782e-09
 3.30783e-09
 1.07889e-03
 1.07889e-03
 1.07889e-03
 1.07889e-03
 1.07889e-03
 2.13615e-03
 2.13615e-03
 2.13615e-03
 2.13615e-03
 2.13615e-03
 3.99420e-03
 3.99420e-03
 3.99420e-03
 3.99420e-03
 3.99420e-03
 6.96304e-03
 6.96304e-03
 6.96304e-03
 6.96304e-03
 6.96304e-03
 1.13678e-02
 1.13678e-02
 1.13678e-02
 1.13678e-02
 1.13678e-02
 1.72698e-02
 1.72698e-02
 1.72698e-02
 1.72698e-02
 1.72698e-02
 2.41575e-02
 2.41575e-02
 2.41575e-02
 2.41575e-02
 2.41575e-02
 3.05905e-02
 3.05905e-02
 3.05905e-02
 3.05905e-02
 3.05905e-02
 3.64749e-02
 3.64749e-02
 3.64749e-02
 3.64749e-02
 3.64749e-02
 3.51356e-02
 3.51356e-02
 3.51356e-02
 3.51356e-02
 3.51356e-02
 2.96074e-02
 2.96074e-02
 2.96074e-02
 2.96074e-02
 2.96074e-02
 2.00028e-02
 2.00028e-02
 2.00028e-02
 2.00028e-02
 2.00028e-02
 1.02287e-02
 1.02287e-02
 1.02287e-02
 1.02287e-02
 1.02287e-02
 4.02303e-03
 4.02303e-03
 4.02303e-03
 4.02303e-03
 4.02303e-03
 1.33023e-03
 1.33023e-03
 1.33023e-03
 1.33023e-03
 1.33023e-03
 4.04461e-04
 4.04461e-04
 4.04461e-04
 4.04461e-04
 4.04461e-04
 1.18187e-04
 1.18187e-04
 1.18187e-04
 1.18187e-04
 1.18187e-04
 3.36806e-05
 3.36806e-05
 3.36806e-05
 3.36806e-05
 3.36806e-05
 9.39221e-06
 9.39221e-06
 9.39221e-06
 9.39221e-06
 9.39221e-06
 2.56248e-06
 2.56248e-06
 2.56248e-06
 2.56248e-06
 2.56248e-06
 6.83255e-07
 6.83255e-07
 6.83255e-07
 6.83255e-07
 6.83255e-07
 1.77829e-07
 1.77829e-07
 1.77829e-07
 1.77829e-07
 1.77829e-07
 4.51507e-08
 4.51507e-08
 4.51507e-08
 4.51507e-08
 4.51507e-08
 1.12920e-08
 1.12920e-08
 1.12920e-08
 1.12920e-08
 1.12920e-08
 3.30782e-09
 3.30782e-09
 3.30782e-09
 3.30782e-09
 3.30782e-09
 1.07889e-03
 1.07889e-03
 1.07889e-03
 1.07889e-03
 1.07889e-03
 2.13615e-03
 2.13615e-03
 2.13615e-03
 2.13615e-03
 2.13615e-03
 3.99420e-03
 3.99420e-03
 3.99420e-03
 3.99420e-03
 3.99420e-03
 6.96304e-03
 6.96304e-03
 6.96304e-03
 6.96304e-03
 6.96304e-03
 1.13678e-02
 1.13678e-02
 1.13678e-02
 1.13678e-02
 1.13678e-02
 1.72698e-02
 1.72698e-02
 1.72698e-02
 1.72698e-02
 1.72698e-02
 2.41575e-02
 2.41575e-02
 2.41575e-02
 2.41575e-02
 2.41575e-02
 3.05905e-02
 3.05905e-02
 3.05905e-02
 3.05905e-02
 3.05905e-02
 3.64749e-02
 3.64749e-02
 3.64749e-02
 3.64749e-02
 3.64749e-02
 3.51356e-02
 3.51356e-02
 3.51356e-02
 3.51356e-02
 3.51356e-02
 2.96074e-02
 2.96074e-02
 2.96074e-02
 2.96074e-02
 2.96074e-02
 2.00028e-02
 2.00028e-02
 2.00028e-02
 2.00028e-02
 2.00028e-02
 1.02287e-02
 1.02287e-02
 1.02287e-02
 1.02287e-02
 1.02287e-02
 4.02303e-03
 4.02303e-03
 4.02303e-03
 4.02303e-03
 4.02303e-03
 1.33023e-03
 1.33023e-03
 1.33023e-03
 1.33023e-03
 1.33023e-03
 4.04461e-04
 4.04461e-04
 4.04461e-04
 4.04461e-04
 4.04461e-04
 1.18187e-04
 1.18187e-04
 1.18187e-04
 1.18187e-04
 1.18187e-04
 3.36806e-05
 3.36806e-05
 3.36806e-05
 3.36806e-05
 3.36806e-05
 9.39221e-06
 9.39221e-06
 9.39221e-06
 9.39221e-06
 9.39221e-06
 2.56248e-06
 2.56248e-06
 2.56248e-06
 2.56248e-06
 2.56248e-06
 6.83255e-07
 6.83255e-07
 6.83255e-07
 6.83255e-07
 6.83255e-07
 1.77829e-07
 1.77829e-07
 1.77829e-07
 1.77829e-07
 1.77829e-07
 4.51507e-08
 4.51507e-08
 4.51507e-08
 4.51507e-08
 4.51507e-08
 1.12920e-08
 1.12920e-08
 1.12920e-08
 1.12920e-08
 1.12920e-08
 3.30783e-09
 3.30782e-09
 3.30782e-09
 3.30782e-09
 3.30783e-09
