NodeMass
part
         1
coordinates
 5.00000e-07
 1.00000e-06
 1.00000e-06
 1.00000e-06
 1.00000e-06
 1.00000e-06
 1.00000e-06
 1.00000e-06
 1.00000e-06
 1.00000e-06
 1.00000e-06
 1.00000e-06
 1.00000e-06
 1.00000e-06
 1.00000e-06
 1.00000e-06
 1.00000e-06
 9.99999e-07
 9.99994e-07
 9.99969e-07
 9.99856e-07
 9.99395e-07
 9.97788e-07
 9.93099e-07
 9.82116e-07
 9.61950e-07
 9.32537e-07
 8.96657e-07
 1.00000e-06
 2.00000e-06
 2.00000e-06
 2.00000e-06
 2.00000e-06
 2.00000e-06
 2.00000e-06
 2.00000e-06
 2.00000e-06
 2.00000e-06
 2.00000e-06
 2.00000e-06
 2.00000e-06
 2.00000e-06
 2.00000e-06
 2.00000e-06
 2.00000e-06
 2.00000e-06
 1.99999e-06
 1.99994e-06
 1.99971e-06
 1.99879e-06
 1.99558e-06
 1.98620e-06
 1.96423e-06
 1.92390e-06
 1.86507e-06
 1.79331e-06
 1.00000e-06
 2.00000e-06
 2.00000e-06
 2.00000e-06
 2.00000e-06
 2.00000e-06
 2.00000e-06
 2.00000e-06
 2.00000e-06
 2.00000e-06
 2.00000e-06
 2.00000e-06
 2.00000e-06
 2.00000e-06
 2.00000e-06
 2.00000e-06
 2.00000e-06
 2.00000e-06
 1.99999e-06
 1.99994e-06
 1.99971e-06
 1.99879e-06
 1.99558e-06
 1.98620e-06
 1.96423e-06
 1.92390e-06
 1.86507e-06
 1.79331e-06
 1.00000e-06
 2.00000e-06
 2.00000e-06
 2.00000e-06
 2.00000e-06
 2.00000e-06
 2.00000e-06
 2.00000e-06
 2.00000e-06
 2.00000e-06
 2.00000e-06
 2.00000e-06
 2.00000e-06
 2.00000e-06
 2.00000e-06
 2.00000e-06
 2.00000e-06
 2.00000e-06
 1.99999e-06
 1.99994e-06
 1.99971e-06
 1.99879e-06
 1.99558e-06
 1.98620e-06
 1.96423e-06
 1.92390e-06
 1.86507e-06
 1.79331e-06
 1.00000e-06
 2.00000e-06
 2.00000e-06
 2.00000e-06
 2.00000e-06
 2.00000e-06
 2.00000e-06
 2.00000e-06
 2.00000e-06
 2.00000e-06
 2.00000e-06
 2.00000e-06
 2.00000e-06
 2.00000e-06
 2.00000e-06
 2.00000e-06
 2.00000e-06
 2.00000e-06
 1.99999e-06
 1.99994e-06
 1.99971e-06
 1.99879e-06
 1.99558e-06
 1.98620e-06
 1.96423e-06
 1.92390e-06
 1.86507e-06
 1.79331e-06
 5.00000e-07
 1.00000e-06
 1.00000e-06
 1.00000e-06
 1.00000e-06
 1.00000e-06
 1.00000e-06
 1.00000e-06
 1.00000e-06
 1.00000e-06
 1.00000e-06
 1.00000e-06
 1.00000e-06
 1.00000e-06
 1.00000e-06
 1.00000e-06
 1.00000e-06
 9.99999e-07
 9.99994e-07
 9.99969e-07
 9.99856e-07
 9.99395e-07
 9.97788e-07
 9.93099e-07
 9.82116e-07
 9.61950e-07
 9.32537e-07
 8.96657e-07
 1.00000e-06
 2.00000e-06
 2.00000e-06
 2.00000e-06
 2.00000e-06
 2.00000e-06
 2.00000e-06
 2.00000e-06
 2.00000e-06
 2.00000e-06
 2.00000e-06
 2.00000e-06
 2.00000e-06
 2.00000e-06
 2.00000e-06
 2.00000e-06
 2.00000e-06
 2.00000e-06
 1.99999e-06
 1.99994e-06
 1.99971e-06
 1.99879e-06
 1.99558e-06
 1.98620e-06
 1.96423e-06
 1.92390e-06
 1.86507e-06
 1.79331e-06
 2.00000e-06
 4.00000e-06
 4.00000e-06
 4.00000e-06
 4.00000e-06
 4.00000e-06
 4.00000e-06
 4.00000e-06
 4.00000e-06
 4.00000e-06
 4.00000e-06
 4.00000e-06
 4.00000e-06
 4.00000e-06
 4.00000e-06
 4.00000e-06
 4.00000e-06
 4.00000e-06
 3.99998e-06
 3.99988e-06
 3.99942e-06
 3.99758e-06
 3.99115e-06
 3.97240e-06
 3.92846e-06
 3.84780e-06
 3.73015e-06
 3.58663e-06
 2.00000e-06
 4.00000e-06
 4.00000e-06
 4.00000e-06
 4.00000e-06
 4.00000e-06
 4.00000e-06
 4.00000e-06
 4.00000e-06
 4.00000e-06
 4.00000e-06
 4.00000e-06
 4.00000e-06
 4.00000e-06
 4.00000e-06
 4.00000e-06
 4.00000e-06
 4.00000e-06
 3.99998e-06
 3.99988e-06
 3.99942e-06
 3.99758e-06
 3.99115e-06
 3.97240e-06
 3.92846e-06
 3.84780e-06
 3.73015e-06
 3.58663e-06
 2.00000e-06
 4.00000e-06
 4.00000e-06
 4.00000e-06
 4.00000e-06
 4.00000e-06
 4.00000e-06
 4.00000e-06
 4.00000e-06
 4.00000e-06
 4.00000e-06
 4.00000e-06
 4.00000e-06
 4.00000e-06
 4.00000e-06
 4.00000e-06
 4.00000e-06
 4.00000e-06
 3.99998e-06
 3.99988e-06
 3.99942e-06
 3.99758e-06
 3.99115e-06
 3.97240e-06
 3.92846e-06
 3.84780e-06
 3.73015e-06
 3.58663e-06
 2.00000e-06
 4.00000e-06
 4.00000e-06
 4.00000e-06
 4.00000e-06
 4.00000e-06
 4.00000e-06
 4.00000e-06
 4.00000e-06
 4.00000e-06
 4.00000e-06
 4.00000e-06
 4.00000e-06
 4.00000e-06
 4.00000e-06
 4.00000e-06
 4.00000e-06
 4.00000e-06
 3.99998e-06
 3.99988e-06
 3.99942e-06
 3.99758e-06
 3.99115e-06
 3.97240e-06
 3.92846e-06
 3.84780e-06
 3.73015e-06
 3.58663e-06
 1.00000e-06
 2.00000e-06
 2.00000e-06
 2.00000e-06
 2.00000e-06
 2.00000e-06
 2.00000e-06
 2.00000e-06
 2.00000e-06
 2.00000e-06
 2.00000e-06
 2.00000e-06
 2.00000e-06
 2.00000e-06
 2.00000e-06
 2.00000e-06
 2.00000e-06
 2.00000e-06
 1.99999e-06
 1.99994e-06
 1.99971e-06
 1.99879e-06
 1.99558e-06
 1.98620e-06
 1.96423e-06
 1.92390e-06
 1.86507e-06
 1.79331e-06
 1.00000e-06
 2.00000e-06
 2.00000e-06
 2.00000e-06
 2.00000e-06
 2.00000e-06
 2.00000e-06
 2.00000e-06
 2.00000e-06
 2.00000e-06
 2.00000e-06
 2.00000e-06
 2.00000e-06
 2.00000e-06
 2.00000e-06
 2.00000e-06
 2.00000e-06
 2.00000e-06
 1.99999e-06
 1.99994e-06
 1.99971e-06
 1.99879e-06
 1.99558e-06
 1.98620e-06
 1.96423e-06
 1.92390e-06
 1.86507e-06
 1.79331e-06
 2.00000e-06
 4.00000e-06
 4.00000e-06
 4.00000e-06
 4.00000e-06
 4.00000e-06
 4.00000e-06
 4.00000e-06
 4.00000e-06
 4.00000e-06
 4.00000e-06
 4.00000e-06
 4.00000e-06
 4.00000e-06
 4.00000e-06
 4.00000e-06
 4.00000e-06
 4.00000e-06
 3.99998e-06
 3.99988e-06
 3.99942e-06
 3.99758e-06
 3.99115e-06
 3.97240e-06
 3.92846e-06
 3.84780e-06
 3.73015e-06
 3.58663e-06
 2.00000e-06
 4.00000e-06
 4.00000e-06
 4.00000e-06
 4.00000e-06
 4.00000e-06
 4.00000e-06
 4.00000e-06
 4.00000e-06
 4.00000e-06
 4.00000e-06
 4.00000e-06
 4.00000e-06
 4.00000e-06
 4.00000e-06
 4.00000e-06
 4.00000e-06
 4.00000e-06
 3.99998e-06
 3.99988e-06
 3.99942e-06
 3.99758e-06
 3.99115e-06
 3.97240e-06
 3.92846e-06
 3.84780e-06
 3.73015e-06
 3.58663e-06
 2.00000e-06
 4.00000e-06
 4.00000e-06
 4.00000e-06
 4.00000e-06
 4.00000e-06
 4.00000e-06
 4.00000e-06
 4.00000e-06
 4.00000e-06
 4.00000e-06
 4.00000e-06
 4.00000e-06
 4.00000e-06
 4.00000e-06
 4.00000e-06
 4.00000e-06
 4.00000e-06
 3.99998e-06
 3.99988e-06
 3.99942e-06
 3.99758e-06
 3.99115e-06
 3.97240e-06
 3.92846e-06
 3.84780e-06
 3.73015e-06
 3.58663e-06
 2.00000e-06
 4.00000e-06
 4.00000e-06
 4.00000e-06
 4.00000e-06
 4.00000e-06
 4.00000e-06
 4.00000e-06
 4.00000e-06
 4.00000e-06
 4.00000e-06
 4.00000e-06
 4.00000e-06
 4.00000e-06
 4.00000e-06
 4.00000e-06
 4.00000e-06
 4.00000e-06
 3.99998e-06
 3.99988e-06
 3.99942e-06
 3.99758e-06
 3.99115e-06
 3.97240e-06
 3.92846e-06
 3.84780e-06
 3.73015e-06
 3.58663e-06
 1.00000e-06
 2.00000e-06
 2.00000e-06
 2.00000e-06
 2.00000e-06
 2.00000e-06
 2.00000e-06
 2.00000e-06
 2.00000e-06
 2.00000e-06
 2.00000e-06
 2.00000e-06
 2.00000e-06
 2.00000e-06
 2.00000e-06
 2.00000e-06
 2.00000e-06
 2.00000e-06
 1.99999e-06
 1.99994e-06
 1.99971e-06
 1.99879e-06
 1.99558e-06
 1.98620e-06
 1.96423e-06
 1.92390e-06
 1.86507e-06
 1.79331e-06
 1.00000e-06
 2.00000e-06
 2.00000e-06
 2.00000e-06
 2.00000e-06
 2.00000e-06
 2.00000e-06
 2.00000e-06
 2.00000e-06
 2.00000e-06
 2.00000e-06
 2.00000e-06
 2.00000e-06
 2.00000e-06
 2.00000e-06
 2.00000e-06
 2.00000e-06
 2.00000e-06
 1.99999e-06
 1.99994e-06
 1.99971e-06
 1.99879e-06
 1.99558e-06
 1.98620e-06
 1.96423e-06
 1.92390e-06
 1.86507e-06
 1.79331e-06
 2.00000e-06
 4.00000e-06
 4.00000e-06
 4.00000e-06
 4.00000e-06
 4.00000e-06
 4.00000e-06
 4.00000e-06
 4.00000e-06
 4.00000e-06
 4.00000e-06
 4.00000e-06
 4.00000e-06
 4.00000e-06
 4.00000e-06
 4.00000e-06
 4.00000e-06
 4.00000e-06
 3.99998e-06
 3.99988e-06
 3.99942e-06
 3.99758e-06
 3.99115e-06
 3.97240e-06
 3.92846e-06
 3.84780e-06
 3.73015e-06
 3.58663e-06
 2.00000e-06
 4.00000e-06
 4.00000e-06
 4.00000e-06
 4.00000e-06
 4.00000e-06
 4.00000e-06
 4.00000e-06
 4.00000e-06
 4.00000e-06
 4.00000e-06
 4.00000e-06
 4.00000e-06
 4.00000e-06
 4.00000e-06
 4.00000e-06
 4.00000e-06
 4.00000e-06
 3.99998e-06
 3.99988e-06
 3.99942e-06
 3.99758e-06
 3.99115e-06
 3.97240e-06
 3.92846e-06
 3.84780e-06
 3.73015e-06
 3.58663e-06
 2.00000e-06
 4.00000e-06
 4.00000e-06
 4.00000e-06
 4.00000e-06
 4.00000e-06
 4.00000e-06
 4.00000e-06
 4.00000e-06
 4.00000e-06
 4.00000e-06
 4.00000e-06
 4.00000e-06
 4.00000e-06
 4.00000e-06
 4.00000e-06
 4.00000e-06
 4.00000e-06
 3.99998e-06
 3.99988e-06
 3.99942e-06
 3.99758e-06
 3.99115e-06
 3.97240e-06
 3.92846e-06
 3.84780e-06
 3.73015e-06
 3.58663e-06
 2.00000e-06
 4.00000e-06
 4.00000e-06
 4.00000e-06
 4.00000e-06
 4.00000e-06
 4.00000e-06
 4.00000e-06
 4.00000e-06
 4.00000e-06
 4.00000e-06
 4.00000e-06
 4.00000e-06
 4.00000e-06
 4.00000e-06
 4.00000e-06
 4.00000e-06
 4.00000e-06
 3.99998e-06
 3.99988e-06
 3.99942e-06
 3.99758e-06
 3.99115e-06
 3.97240e-06
 3.92846e-06
 3.84780e-06
 3.73015e-06
 3.58663e-06
 1.00000e-06
 2.00000e-06
 2.00000e-06
 2.00000e-06
 2.00000e-06
 2.00000e-06
 2.00000e-06
 2.00000e-06
 2.00000e-06
 2.00000e-06
 2.00000e-06
 2.00000e-06
 2.00000e-06
 2.00000e-06
 2.00000e-06
 2.00000e-06
 2.00000e-06
 2.00000e-06
 1.99999e-06
 1.99994e-06
 1.99971e-06
 1.99879e-06
 1.99558e-06
 1.98620e-06
 1.96423e-06
 1.92390e-06
 1.86507e-06
 1.79331e-06
 1.00000e-06
 2.00000e-06
 2.00000e-06
 2.00000e-06
 2.00000e-06
 2.00000e-06
 2.00000e-06
 2.00000e-06
 2.00000e-06
 2.00000e-06
 2.00000e-06
 2.00000e-06
 2.00000e-06
 2.00000e-06
 2.00000e-06
 2.00000e-06
 2.00000e-06
 2.00000e-06
 1.99999e-06
 1.99994e-06
 1.99971e-06
 1.99879e-06
 1.99558e-06
 1.98620e-06
 1.96423e-06
 1.92390e-06
 1.86507e-06
 1.79331e-06
 2.00000e-06
 4.00000e-06
 4.00000e-06
 4.00000e-06
 4.00000e-06
 4.00000e-06
 4.00000e-06
 4.00000e-06
 4.00000e-06
 4.00000e-06
 4.00000e-06
 4.00000e-06
 4.00000e-06
 4.00000e-06
 4.00000e-06
 4.00000e-06
 4.00000e-06
 4.00000e-06
 3.99998e-06
 3.99988e-06
 3.99942e-06
 3.99758e-06
 3.99115e-06
 3.97240e-06
 3.92846e-06
 3.84780e-06
 3.73015e-06
 3.58663e-06
 2.00000e-06
 4.00000e-06
 4.00000e-06
 4.00000e-06
 4.00000e-06
 4.00000e-06
 4.00000e-06
 4.00000e-06
 4.00000e-06
 4.00000e-06
 4.00000e-06
 4.00000e-06
 4.00000e-06
 4.00000e-06
 4.00000e-06
 4.00000e-06
 4.00000e-06
 4.00000e-06
 3.99998e-06
 3.99988e-06
 3.99942e-06
 3.99758e-06
 3.99115e-06
 3.97240e-06
 3.92846e-06
 3.84780e-06
 3.73015e-06
 3.58663e-06
 2.00000e-06
 4.00000e-06
 4.00000e-06
 4.00000e-06
 4.00000e-06
 4.00000e-06
 4.00000e-06
 4.00000e-06
 4.00000e-06
 4.00000e-06
 4.00000e-06
 4.00000e-06
 4.00000e-06
 4.00000e-06
 4.00000e-06
 4.00000e-06
 4.00000e-06
 4.00000e-06
 3.99998e-06
 3.99988e-06
 3.99942e-06
 3.99758e-06
 3.99115e-06
 3.97240e-06
 3.92846e-06
 3.84780e-06
 3.73015e-06
 3.58663e-06
 2.00000e-06
 4.00000e-06
 4.00000e-06
 4.00000e-06
 4.00000e-06
 4.00000e-06
 4.00000e-06
 4.00000e-06
 4.00000e-06
 4.00000e-06
 4.00000e-06
 4.00000e-06
 4.00000e-06
 4.00000e-06
 4.00000e-06
 4.00000e-06
 4.00000e-06
 4.00000e-06
 3.99998e-06
 3.99988e-06
 3.99942e-06
 3.99758e-06
 3.99115e-06
 3.97240e-06
 3.92846e-06
 3.84780e-06
 3.73015e-06
 3.58663e-06
 1.00000e-06
 2.00000e-06
 2.00000e-06
 2.00000e-06
 2.00000e-06
 2.00000e-06
 2.00000e-06
 2.00000e-06
 2.00000e-06
 2.00000e-06
 2.00000e-06
 2.00000e-06
 2.00000e-06
 2.00000e-06
 2.00000e-06
 2.00000e-06
 2.00000e-06
 2.00000e-06
 1.99999e-06
 1.99994e-06
 1.99971e-06
 1.99879e-06
 1.99558e-06
 1.98620e-06
 1.96423e-06
 1.92390e-06
 1.86507e-06
 1.79331e-06
 5.00000e-07
 1.00000e-06
 1.00000e-06
 1.00000e-06
 1.00000e-06
 1.00000e-06
 1.00000e-06
 1.00000e-06
 1.00000e-06
 1.00000e-06
 1.00000e-06
 1.00000e-06
 1.00000e-06
 1.00000e-06
 1.00000e-06
 1.00000e-06
 1.00000e-06
 9.99999e-07
 9.99994e-07
 9.99969e-07
 9.99856e-07
 9.99395e-07
 9.97788e-07
 9.93099e-07
 9.82116e-07
 9.61950e-07
 9.32537e-07
 8.96657e-07
 1.00000e-06
 2.00000e-06
 2.00000e-06
 2.00000e-06
 2.00000e-06
 2.00000e-06
 2.00000e-06
 2.00000e-06
 2.00000e-06
 2.00000e-06
 2.00000e-06
 2.00000e-06
 2.00000e-06
 2.00000e-06
 2.00000e-06
 2.00000e-06
 2.00000e-06
 2.00000e-06
 1.99999e-06
 1.99994e-06
 1.99971e-06
 1.99879e-06
 1.99558e-06
 1.98620e-06
 1.96423e-06
 1.92390e-06
 1.86507e-06
 1.79331e-06
 1.00000e-06
 2.00000e-06
 2.00000e-06
 2.00000e-06
 2.00000e-06
 2.00000e-06
 2.00000e-06
 2.00000e-06
 2.00000e-06
 2.00000e-06
 2.00000e-06
 2.00000e-06
 2.00000e-06
 2.00000e-06
 2.00000e-06
 2.00000e-06
 2.00000e-06
 2.00000e-06
 1.99999e-06
 1.99994e-06
 1.99971e-06
 1.99879e-06
 1.99558e-06
 1.98620e-06
 1.96423e-06
 1.92390e-06
 1.86507e-06
 1.79331e-06
 1.00000e-06
 2.00000e-06
 2.00000e-06
 2.00000e-06
 2.00000e-06
 2.00000e-06
 2.00000e-06
 2.00000e-06
 2.00000e-06
 2.00000e-06
 2.00000e-06
 2.00000e-06
 2.00000e-06
 2.00000e-06
 2.00000e-06
 2.00000e-06
 2.00000e-06
 2.00000e-06
 1.99999e-06
 1.99994e-06
 1.99971e-06
 1.99879e-06
 1.99558e-06
 1.98620e-06
 1.96423e-06
 1.92390e-06
 1.86507e-06
 1.79331e-06
 1.00000e-06
 2.00000e-06
 2.00000e-06
 2.00000e-06
 2.00000e-06
 2.00000e-06
 2.00000e-06
 2.00000e-06
 2.00000e-06
 2.00000e-06
 2.00000e-06
 2.00000e-06
 2.00000e-06
 2.00000e-06
 2.00000e-06
 2.00000e-06
 2.00000e-06
 2.00000e-06
 1.99999e-06
 1.99994e-06
 1.99971e-06
 1.99879e-06
 1.99558e-06
 1.98620e-06
 1.96423e-06
 1.92390e-06
 1.86507e-06
 1.79331e-06
 5.00000e-07
 1.00000e-06
 1.00000e-06
 1.00000e-06
 1.00000e-06
 1.00000e-06
 1.00000e-06
 1.00000e-06
 1.00000e-06
 1.00000e-06
 1.00000e-06
 1.00000e-06
 1.00000e-06
 1.00000e-06
 1.00000e-06
 1.00000e-06
 1.00000e-06
 9.99999e-07
 9.99994e-07
 9.99969e-07
 9.99856e-07
 9.99395e-07
 9.97788e-07
 9.93099e-07
 9.82116e-07
 9.61950e-07
 9.32537e-07
 8.96657e-07
part
         2
coordinates
 9.93099e-07
 9.82116e-07
 9.61950e-07
 9.32537e-07
 8.96657e-07
 8.57572e-07
 8.17495e-07
 7.77716e-07
 7.39056e-07
 7.02012e-07
 6.66871e-07
 6.33850e-07
 6.03183e-07
 5.75241e-07
 5.50459e-07
 5.28914e-07
 5.10396e-07
 4.96622e-07
 4.90886e-07
 4.90480e-07
 4.90769e-07
 4.91247e-07
 4.91755e-07
 4.92232e-07
 4.92731e-07
 4.93260e-07
 4.93777e-07
 4.94267e-07
 4.94744e-07
 4.95197e-07
 1.98620e-06
 1.96423e-06
 1.92390e-06
 1.86507e-06
 1.79331e-06
 1.71514e-06
 1.63499e-06
 1.55543e-06
 1.47811e-06
 1.40402e-06
 1.33374e-06
 1.26770e-06
 1.20637e-06
 1.15048e-06
 1.10092e-06
 1.05783e-06
 1.02079e-06
 9.93244e-07
 9.81772e-07
 9.80960e-07
 9.81539e-07
 9.82493e-07
 9.83509e-07
 9.84464e-07
 9.85463e-07
 9.86521e-07
 9.87554e-07
 9.88533e-07
 9.89488e-07
 9.90393e-07
 1.98620e-06
 1.96423e-06
 1.92390e-06
 1.86507e-06
 1.79331e-06
 1.71514e-06
 1.63499e-06
 1.55543e-06
 1.47811e-06
 1.40402e-06
 1.33374e-06
 1.26770e-06
 1.20637e-06
 1.15048e-06
 1.10092e-06
 1.05783e-06
 1.02079e-06
 9.93244e-07
 9.81772e-07
 9.80960e-07
 9.81539e-07
 9.82493e-07
 9.83509e-07
 9.84464e-07
 9.85463e-07
 9.86521e-07
 9.87554e-07
 9.88533e-07
 9.89488e-07
 9.90393e-07
 1.98620e-06
 1.96423e-06
 1.92390e-06
 1.86507e-06
 1.79331e-06
 1.71514e-06
 1.63499e-06
 1.55543e-06
 1.47811e-06
 1.40402e-06
 1.33374e-06
 1.26770e-06
 1.20637e-06
 1.15048e-06
 1.10092e-06
 1.05783e-06
 1.02079e-06
 9.93244e-07
 9.81772e-07
 9.80960e-07
 9.81539e-07
 9.82493e-07
 9.83509e-07
 9.84464e-07
 9.85463e-07
 9.86521e-07
 9.87554e-07
 9.88533e-07
 9.89488e-07
 9.90393e-07
 1.98620e-06
 1.96423e-06
 1.92390e-06
 1.86507e-06
 1.79331e-06
 1.71514e-06
 1.63499e-06
 1.55543e-06
 1.47811e-06
 1.40402e-06
 1.33374e-06
 1.26770e-06
 1.20637e-06
 1.15048e-06
 1.10092e-06
 1.05783e-06
 1.02079e-06
 9.93244e-07
 9.81772e-07
 9.80960e-07
 9.81539e-07
 9.82493e-07
 9.83509e-07
 9.84464e-07
 9.85463e-07
 9.86521e-07
 9.87554e-07
 9.88533e-07
 9.89488e-07
 9.90393e-07
 9.93099e-07
 9.82116e-07
 9.61950e-07
 9.32537e-07
 8.96657e-07
 8.57572e-07
 8.17495e-07
 7.77716e-07
 7.39056e-07
 7.02012e-07
 6.66871e-07
 6.33850e-07
 6.03183e-07
 5.75241e-07
 5.50459e-07
 5.28914e-07
 5.10396e-07
 4.96622e-07
 4.90886e-07
 4.90480e-07
 4.90769e-07
 4.91247e-07
 4.91755e-07
 4.92232e-07
 4.92731e-07
 4.93260e-07
 4.93777e-07
 4.94267e-07
 4.94744e-07
 4.95197e-07
 1.98620e-06
 1.96423e-06
 1.92390e-06
 1.86507e-06
 1.79331e-06
 1.71514e-06
 1.63499e-06
 1.55543e-06
 1.47811e-06
 1.40402e-06
 1.33374e-06
 1.26770e-06
 1.20637e-06
 1.15048e-06
 1.10092e-06
 1.05783e-06
 1.02079e-06
 9.93244e-07
 9.81772e-07
 9.80960e-07
 9.81539e-07
 9.82493e-07
 9.83509e-07
 9.84464e-07
 9.85463e-07
 9.86521e-07
 9.87554e-07
 9.88533e-07
 9.89488e-07
 9.90393e-07
 3.97240e-06
 3.92846e-06
 3.84780e-06
 3.73015e-06
 3.58663e-06
 3.43029e-06
 3.26998e-06
 3.11086e-06
 2.95622e-06
 2.80805e-06
 2.66748e-06
 2.53540e-06
 2.41273e-06
 2.30097e-06
 2.20183e-06
 2.11565e-06
 2.04158e-06
 1.98649e-06
 1.96354e-06
 1.96192e-06
 1.96308e-06
 1.96499e-06
 1.96702e-06
 1.96893e-06
 1.97093e-06
 1.97304e-06
 1.97511e-06
 1.97707e-06
 1.97898e-06
 1.98079e-06
 3.97240e-06
 3.92846e-06
 3.84780e-06
 3.73015e-06
 3.58663e-06
 3.43029e-06
 3.26998e-06
 3.11086e-06
 2.95622e-06
 2.80805e-06
 2.66748e-06
 2.53540e-06
 2.41273e-06
 2.30097e-06
 2.20183e-06
 2.11565e-06
 2.04158e-06
 1.98649e-06
 1.96354e-06
 1.96192e-06
 1.96308e-06
 1.96499e-06
 1.96702e-06
 1.96893e-06
 1.97093e-06
 1.97304e-06
 1.97511e-06
 1.97707e-06
 1.97898e-06
 1.98079e-06
 3.97240e-06
 3.92846e-06
 3.84780e-06
 3.73015e-06
 3.58663e-06
 3.43029e-06
 3.26998e-06
 3.11086e-06
 2.95622e-06
 2.80805e-06
 2.66748e-06
 2.53540e-06
 2.41273e-06
 2.30097e-06
 2.20183e-06
 2.11565e-06
 2.04158e-06
 1.98649e-06
 1.96354e-06
 1.96192e-06
 1.96308e-06
 1.96499e-06
 1.96702e-06
 1.96893e-06
 1.97093e-06
 1.97304e-06
 1.97511e-06
 1.97707e-06
 1.97898e-06
 1.98079e-06
 3.97240e-06
 3.92846e-06
 3.84780e-06
 3.73015e-06
 3.58663e-06
 3.43029e-06
 3.26998e-06
 3.11086e-06
 2.95622e-06
 2.80805e-06
 2.66748e-06
 2.53540e-06
 2.41273e-06
 2.30097e-06
 2.20183e-06
 2.11565e-06
 2.04158e-06
 1.98649e-06
 1.96354e-06
 1.96192e-06
 1.96308e-06
 1.96499e-06
 1.96702e-06
 1.96893e-06
 1.97093e-06
 1.97304e-06
 1.97511e-06
 1.97707e-06
 1.97898e-06
 1.98079e-06
 1.98620e-06
 1.96423e-06
 1.92390e-06
 1.86507e-06
 1.79331e-06
 1.71514e-06
 1.63499e-06
 1.55543e-06
 1.47811e-06
 1.40402e-06
 1.33374e-06
 1.26770e-06
 1.20637e-06
 1.15048e-06
 1.10092e-06
 1.05783e-06
 1.02079e-06
 9.93244e-07
 9.81772e-07
 9.80960e-07
 9.81539e-07
 9.82493e-07
 9.83509e-07
 9.84464e-07
 9.85463e-07
 9.86521e-07
 9.87554e-07
 9.88533e-07
 9.89488e-07
 9.90393e-07
 1.98620e-06
 1.96423e-06
 1.92390e-06
 1.86507e-06
 1.79331e-06
 1.71514e-06
 1.63499e-06
 1.55543e-06
 1.47811e-06
 1.40402e-06
 1.33374e-06
 1.26770e-06
 1.20637e-06
 1.15048e-06
 1.10092e-06
 1.05783e-06
 1.02079e-06
 9.93244e-07
 9.81772e-07
 9.80960e-07
 9.81539e-07
 9.82493e-07
 9.83509e-07
 9.84464e-07
 9.85463e-07
 9.86521e-07
 9.87554e-07
 9.88533e-07
 9.89488e-07
 9.90393e-07
 3.97240e-06
 3.92846e-06
 3.84780e-06
 3.73015e-06
 3.58663e-06
 3.43029e-06
 3.26998e-06
 3.11086e-06
 2.95622e-06
 2.80805e-06
 2.66748e-06
 2.53540e-06
 2.41273e-06
 2.30097e-06
 2.20183e-06
 2.11565e-06
 2.04158e-06
 1.98649e-06
 1.96354e-06
 1.96192e-06
 1.96308e-06
 1.96499e-06
 1.96702e-06
 1.96893e-06
 1.97093e-06
 1.97304e-06
 1.97511e-06
 1.97707e-06
 1.97898e-06
 1.98079e-06
 3.97240e-06
 3.92846e-06
 3.84780e-06
 3.73015e-06
 3.58663e-06
 3.43029e-06
 3.26998e-06
 3.11086e-06
 2.95622e-06
 2.80805e-06
 2.66748e-06
 2.53540e-06
 2.41273e-06
 2.30097e-06
 2.20183e-06
 2.11565e-06
 2.04158e-06
 1.98649e-06
 1.96354e-06
 1.96192e-06
 1.96308e-06
 1.96499e-06
 1.96702e-06
 1.96893e-06
 1.97093e-06
 1.97304e-06
 1.97511e-06
 1.97707e-06
 1.97898e-06
 1.98079e-06
 3.97240e-06
 3.92846e-06
 3.84780e-06
 3.73015e-06
 3.58663e-06
 3.43029e-06
 3.26998e-06
 3.11086e-06
 2.95622e-06
 2.80805e-06
 2.66748e-06
 2.53540e-06
 2.41273e-06
 2.30097e-06
 2.20183e-06
 2.11565e-06
 2.04158e-06
 1.98649e-06
 1.96354e-06
 1.96192e-06
 1.96308e-06
 1.96499e-06
 1.96702e-06
 1.96893e-06
 1.97093e-06
 1.97304e-06
 1.97511e-06
 1.97707e-06
 1.97898e-06
 1.98079e-06
 3.97240e-06
 3.92846e-06
 3.84780e-06
 3.73015e-06
 3.58663e-06
 3.43029e-06
 3.26998e-06
 3.11086e-06
 2.95622e-06
 2.80805e-06
 2.66748e-06
 2.53540e-06
 2.41273e-06
 2.30097e-06
 2.20183e-06
 2.11565e-06
 2.04158e-06
 1.98649e-06
 1.96354e-06
 1.96192e-06
 1.96308e-06
 1.96499e-06
 1.96702e-06
 1.96893e-06
 1.97093e-06
 1.97304e-06
 1.97511e-06
 1.97707e-06
 1.97898e-06
 1.98079e-06
 1.98620e-06
 1.96423e-06
 1.92390e-06
 1.86507e-06
 1.79331e-06
 1.71514e-06
 1.63499e-06
 1.55543e-06
 1.47811e-06
 1.40402e-06
 1.33374e-06
 1.26770e-06
 1.20637e-06
 1.15048e-06
 1.10092e-06
 1.05783e-06
 1.02079e-06
 9.93244e-07
 9.81772e-07
 9.80960e-07
 9.81539e-07
 9.82493e-07
 9.83509e-07
 9.84464e-07
 9.85463e-07
 9.86521e-07
 9.87554e-07
 9.88533e-07
 9.89488e-07
 9.90393e-07
 1.98620e-06
 1.96423e-06
 1.92390e-06
 1.86507e-06
 1.79331e-06
 1.71514e-06
 1.63499e-06
 1.55543e-06
 1.47811e-06
 1.40402e-06
 1.33374e-06
 1.26770e-06
 1.20637e-06
 1.15048e-06
 1.10092e-06
 1.05783e-06
 1.02079e-06
 9.93244e-07
 9.81772e-07
 9.80960e-07
 9.81539e-07
 9.82493e-07
 9.83509e-07
 9.84464e-07
 9.85463e-07
 9.86521e-07
 9.87554e-07
 9.88533e-07
 9.89488e-07
 9.90393e-07
 3.97240e-06
 3.92846e-06
 3.84780e-06
 3.73015e-06
 3.58663e-06
 3.43029e-06
 3.26998e-06
 3.11086e-06
 2.95622e-06
 2.80805e-06
 2.66748e-06
 2.53540e-06
 2.41273e-06
 2.30097e-06
 2.20183e-06
 2.11565e-06
 2.04158e-06
 1.98649e-06
 1.96354e-06
 1.96192e-06
 1.96308e-06
 1.96499e-06
 1.96702e-06
 1.96893e-06
 1.97093e-06
 1.97304e-06
 1.97511e-06
 1.97707e-06
 1.97898e-06
 1.98079e-06
 3.97240e-06
 3.92846e-06
 3.84780e-06
 3.73015e-06
 3.58663e-06
 3.43029e-06
 3.26998e-06
 3.11086e-06
 2.95622e-06
 2.80805e-06
 2.66748e-06
 2.53540e-06
 2.41273e-06
 2.30097e-06
 2.20183e-06
 2.11565e-06
 2.04158e-06
 1.98649e-06
 1.96354e-06
 1.96192e-06
 1.96308e-06
 1.96499e-06
 1.96702e-06
 1.96893e-06
 1.97093e-06
 1.97304e-06
 1.97511e-06
 1.97707e-06
 1.97898e-06
 1.98079e-06
 3.97240e-06
 3.92846e-06
 3.84780e-06
 3.73015e-06
 3.58663e-06
 3.43029e-06
 3.26998e-06
 3.11086e-06
 2.95622e-06
 2.80805e-06
 2.66748e-06
 2.53540e-06
 2.41273e-06
 2.30097e-06
 2.20183e-06
 2.11565e-06
 2.04158e-06
 1.98649e-06
 1.96354e-06
 1.96192e-06
 1.96308e-06
 1.96499e-06
 1.96702e-06
 1.96893e-06
 1.97093e-06
 1.97304e-06
 1.97511e-06
 1.97707e-06
 1.97898e-06
 1.98079e-06
 3.97240e-06
 3.92846e-06
 3.84780e-06
 3.73015e-06
 3.58663e-06
 3.43029e-06
 3.26998e-06
 3.11086e-06
 2.95622e-06
 2.80805e-06
 2.66748e-06
 2.53540e-06
 2.41273e-06
 2.30097e-06
 2.20183e-06
 2.11565e-06
 2.04158e-06
 1.98649e-06
 1.96354e-06
 1.96192e-06
 1.96308e-06
 1.96499e-06
 1.96702e-06
 1.96893e-06
 1.97093e-06
 1.97304e-06
 1.97511e-06
 1.97707e-06
 1.97898e-06
 1.98079e-06
 1.98620e-06
 1.96423e-06
 1.92390e-06
 1.86507e-06
 1.79331e-06
 1.71514e-06
 1.63499e-06
 1.55543e-06
 1.47811e-06
 1.40402e-06
 1.33374e-06
 1.26770e-06
 1.20637e-06
 1.15048e-06
 1.10092e-06
 1.05783e-06
 1.02079e-06
 9.93244e-07
 9.81772e-07
 9.80960e-07
 9.81539e-07
 9.82493e-07
 9.83509e-07
 9.84464e-07
 9.85463e-07
 9.86521e-07
 9.87554e-07
 9.88533e-07
 9.89488e-07
 9.90393e-07
 1.98620e-06
 1.96423e-06
 1.92390e-06
 1.86507e-06
 1.79331e-06
 1.71514e-06
 1.63499e-06
 1.55543e-06
 1.47811e-06
 1.40402e-06
 1.33374e-06
 1.26770e-06
 1.20637e-06
 1.15048e-06
 1.10092e-06
 1.05783e-06
 1.02079e-06
 9.93244e-07
 9.81772e-07
 9.80960e-07
 9.81539e-07
 9.82493e-07
 9.83509e-07
 9.84464e-07
 9.85463e-07
 9.86521e-07
 9.87554e-07
 9.88533e-07
 9.89488e-07
 9.90393e-07
 3.97240e-06
 3.92846e-06
 3.84780e-06
 3.73015e-06
 3.58663e-06
 3.43029e-06
 3.26998e-06
 3.11086e-06
 2.95622e-06
 2.80805e-06
 2.66748e-06
 2.53540e-06
 2.41273e-06
 2.30097e-06
 2.20183e-06
 2.11565e-06
 2.04158e-06
 1.98649e-06
 1.96354e-06
 1.96192e-06
 1.96308e-06
 1.96499e-06
 1.96702e-06
 1.96893e-06
 1.97093e-06
 1.97304e-06
 1.97511e-06
 1.97707e-06
 1.97898e-06
 1.98079e-06
 3.97240e-06
 3.92846e-06
 3.84780e-06
 3.73015e-06
 3.58663e-06
 3.43029e-06
 3.26998e-06
 3.11086e-06
 2.95622e-06
 2.80805e-06
 2.66748e-06
 2.53540e-06
 2.41273e-06
 2.30097e-06
 2.20183e-06
 2.11565e-06
 2.04158e-06
 1.98649e-06
 1.96354e-06
 1.96192e-06
 1.96308e-06
 1.96499e-06
 1.96702e-06
 1.96893e-06
 1.97093e-06
 1.97304e-06
 1.97511e-06
 1.97707e-06
 1.97898e-06
 1.98079e-06
 3.97240e-06
 3.92846e-06
 3.84780e-06
 3.73015e-06
 3.58663e-06
 3.43029e-06
 3.26998e-06
 3.11086e-06
 2.95622e-06
 2.80805e-06
 2.66748e-06
 2.53540e-06
 2.41273e-06
 2.30097e-06
 2.20183e-06
 2.11565e-06
 2.04158e-06
 1.98649e-06
 1.96354e-06
 1.96192e-06
 1.96308e-06
 1.96499e-06
 1.96702e-06
 1.96893e-06
 1.97093e-06
 1.97304e-06
 1.97511e-06
 1.97707e-06
 1.97898e-06
 1.98079e-06
 3.97240e-06
 3.92846e-06
 3.84780e-06
 3.73015e-06
 3.58663e-06
 3.43029e-06
 3.26998e-06
 3.11086e-06
 2.95622e-06
 2.80805e-06
 2.66748e-06
 2.53540e-06
 2.41273e-06
 2.30097e-06
 2.20183e-06
 2.11565e-06
 2.04158e-06
 1.98649e-06
 1.96354e-06
 1.96192e-06
 1.96308e-06
 1.96499e-06
 1.96702e-06
 1.96893e-06
 1.97093e-06
 1.97304e-06
 1.97511e-06
 1.97707e-06
 1.97898e-06
 1.98079e-06
 1.98620e-06
 1.96423e-06
 1.92390e-06
 1.86507e-06
 1.79331e-06
 1.71514e-06
 1.63499e-06
 1.55543e-06
 1.47811e-06
 1.40402e-06
 1.33374e-06
 1.26770e-06
 1.20637e-06
 1.15048e-06
 1.10092e-06
 1.05783e-06
 1.02079e-06
 9.93244e-07
 9.81772e-07
 9.80960e-07
 9.81539e-07
 9.82493e-07
 9.83509e-07
 9.84464e-07
 9.85463e-07
 9.86521e-07
 9.87554e-07
 9.88533e-07
 9.89488e-07
 9.90393e-07
 9.93099e-07
 9.82116e-07
 9.61950e-07
 9.32537e-07
 8.96657e-07
 8.57572e-07
 8.17495e-07
 7.77716e-07
 7.39056e-07
 7.02012e-07
 6.66871e-07
 6.33850e-07
 6.03183e-07
 5.75241e-07
 5.50459e-07
 5.28914e-07
 5.10396e-07
 4.96622e-07
 4.90886e-07
 4.90480e-07
 4.90769e-07
 4.91247e-07
 4.91755e-07
 4.92232e-07
 4.92731e-07
 4.93260e-07
 4.93777e-07
 4.94267e-07
 4.94744e-07
 4.95197e-07
 1.98620e-06
 1.96423e-06
 1.92390e-06
 1.86507e-06
 1.79331e-06
 1.71514e-06
 1.63499e-06
 1.55543e-06
 1.47811e-06
 1.40402e-06
 1.33374e-06
 1.26770e-06
 1.20637e-06
 1.15048e-06
 1.10092e-06
 1.05783e-06
 1.02079e-06
 9.93244e-07
 9.81772e-07
 9.80960e-07
 9.81539e-07
 9.82493e-07
 9.83509e-07
 9.84464e-07
 9.85463e-07
 9.86521e-07
 9.87554e-07
 9.88533e-07
 9.89488e-07
 9.90393e-07
 1.98620e-06
 1.96423e-06
 1.92390e-06
 1.86507e-06
 1.79331e-06
 1.71514e-06
 1.63499e-06
 1.55543e-06
 1.47811e-06
 1.40402e-06
 1.33374e-06
 1.26770e-06
 1.20637e-06
 1.15048e-06
 1.10092e-06
 1.05783e-06
 1.02079e-06
 9.93244e-07
 9.81772e-07
 9.80960e-07
 9.81539e-07
 9.82493e-07
 9.83509e-07
 9.84464e-07
 9.85463e-07
 9.86521e-07
 9.87554e-07
 9.88533e-07
 9.89488e-07
 9.90393e-07
 1.98620e-06
 1.96423e-06
 1.92390e-06
 1.86507e-06
 1.79331e-06
 1.71514e-06
 1.63499e-06
 1.55543e-06
 1.47811e-06
 1.40402e-06
 1.33374e-06
 1.26770e-06
 1.20637e-06
 1.15048e-06
 1.10092e-06
 1.05783e-06
 1.02079e-06
 9.93244e-07
 9.81772e-07
 9.80960e-07
 9.81539e-07
 9.82493e-07
 9.83509e-07
 9.84464e-07
 9.85463e-07
 9.86521e-07
 9.87554e-07
 9.88533e-07
 9.89488e-07
 9.90393e-07
 1.98620e-06
 1.96423e-06
 1.92390e-06
 1.86507e-06
 1.79331e-06
 1.71514e-06
 1.63499e-06
 1.55543e-06
 1.47811e-06
 1.40402e-06
 1.33374e-06
 1.26770e-06
 1.20637e-06
 1.15048e-06
 1.10092e-06
 1.05783e-06
 1.02079e-06
 9.93244e-07
 9.81772e-07
 9.80960e-07
 9.81539e-07
 9.82493e-07
 9.83509e-07
 9.84464e-07
 9.85463e-07
 9.86521e-07
 9.87554e-07
 9.88533e-07
 9.89488e-07
 9.90393e-07
 9.93099e-07
 9.82116e-07
 9.61950e-07
 9.32537e-07
 8.96657e-07
 8.57572e-07
 8.17495e-07
 7.77716e-07
 7.39056e-07
 7.02012e-07
 6.66871e-07
 6.33850e-07
 6.03183e-07
 5.75241e-07
 5.50459e-07
 5.28914e-07
 5.10396e-07
 4.96622e-07
 4.90886e-07
 4.90480e-07
 4.90769e-07
 4.91247e-07
 4.91755e-07
 4.92232e-07
 4.92731e-07
 4.93260e-07
 4.93777e-07
 4.94267e-07
 4.94744e-07
 4.95197e-07
part
         3
coordinates
 4.93260e-07
 4.93777e-07
 4.94267e-07
 4.94744e-07
 4.95197e-07
 4.95609e-07
 4.95989e-07
 4.96356e-07
 4.96708e-07
 4.97036e-07
 4.97336e-07
 4.97610e-07
 4.97852e-07
 4.98025e-07
 4.98030e-07
 4.97632e-07
 4.96290e-07
 4.92694e-07
 4.84433e-07
 4.68620e-07
 4.42892e-07
 4.05192e-07
 3.64738e-07
 3.35802e-07
 3.19720e-07
 3.12026e-07
 3.09032e-07
 3.07798e-07
 3.06852e-07
 3.05434e-07
 9.86521e-07
 9.87554e-07
 9.88533e-07
 9.89488e-07
 9.90393e-07
 9.91218e-07
 9.91979e-07
 9.92711e-07
 9.93416e-07
 9.94072e-07
 9.94671e-07
 9.95219e-07
 9.95703e-07
 9.96049e-07
 9.96060e-07
 9.95264e-07
 9.92581e-07
 9.85388e-07
 9.68865e-07
 9.37240e-07
 8.85784e-07
 8.10383e-07
 7.29476e-07
 6.71603e-07
 6.39440e-07
 6.24052e-07
 6.18065e-07
 6.15595e-07
 6.13704e-07
 6.10867e-07
 9.86521e-07
 9.87554e-07
 9.88533e-07
 9.89488e-07
 9.90393e-07
 9.91218e-07
 9.91979e-07
 9.92711e-07
 9.93416e-07
 9.94072e-07
 9.94671e-07
 9.95219e-07
 9.95703e-07
 9.96049e-07
 9.96060e-07
 9.95264e-07
 9.92581e-07
 9.85388e-07
 9.68865e-07
 9.37240e-07
 8.85784e-07
 8.10383e-07
 7.29476e-07
 6.71603e-07
 6.39440e-07
 6.24052e-07
 6.18065e-07
 6.15595e-07
 6.13704e-07
 6.10867e-07
 9.86521e-07
 9.87554e-07
 9.88533e-07
 9.89488e-07
 9.90393e-07
 9.91218e-07
 9.91979e-07
 9.92711e-07
 9.93416e-07
 9.94072e-07
 9.94671e-07
 9.95219e-07
 9.95703e-07
 9.96049e-07
 9.96060e-07
 9.95264e-07
 9.92581e-07
 9.85388e-07
 9.68865e-07
 9.37240e-07
 8.85784e-07
 8.10383e-07
 7.29476e-07
 6.71603e-07
 6.39440e-07
 6.24052e-07
 6.18065e-07
 6.15595e-07
 6.13704e-07
 6.10867e-07
 9.86521e-07
 9.87554e-07
 9.88533e-07
 9.89488e-07
 9.90393e-07
 9.91218e-07
 9.91979e-07
 9.92711e-07
 9.93416e-07
 9.94072e-07
 9.94671e-07
 9.95219e-07
 9.95703e-07
 9.96049e-07
 9.96060e-07
 9.95264e-07
 9.92581e-07
 9.85388e-07
 9.68865e-07
 9.37240e-07
 8.85784e-07
 8.10383e-07
 7.29476e-07
 6.71603e-07
 6.39440e-07
 6.24052e-07
 6.18065e-07
 6.15595e-07
 6.13704e-07
 6.10867e-07
 4.93260e-07
 4.93777e-07
 4.94267e-07
 4.94744e-07
 4.95197e-07
 4.95609e-07
 4.95989e-07
 4.96356e-07
 4.96708e-07
 4.97036e-07
 4.97336e-07
 4.97610e-07
 4.97852e-07
 4.98025e-07
 4.98030e-07
 4.97632e-07
 4.96290e-07
 4.92694e-07
 4.84433e-07
 4.68620e-07
 4.42892e-07
 4.05192e-07
 3.64738e-07
 3.35802e-07
 3.19720e-07
 3.12026e-07
 3.09032e-07
 3.07798e-07
 3.06852e-07
 3.05434e-07
 9.86521e-07
 9.87554e-07
 9.88533e-07
 9.89488e-07
 9.90393e-07
 9.91218e-07
 9.91979e-07
 9.92711e-07
 9.93416e-07
 9.94072e-07
 9.94671e-07
 9.95219e-07
 9.95703e-07
 9.96049e-07
 9.96060e-07
 9.95264e-07
 9.92581e-07
 9.85388e-07
 9.68865e-07
 9.37240e-07
 8.85784e-07
 8.10383e-07
 7.29476e-07
 6.71603e-07
 6.39440e-07
 6.24052e-07
 6.18065e-07
 6.15595e-07
 6.13704e-07
 6.10867e-07
 1.97304e-06
 1.97511e-06
 1.97707e-06
 1.97898e-06
 1.98079e-06
 1.98244e-06
 1.98396e-06
 1.98542e-06
 1.98683e-06
 1.98814e-06
 1.98934e-06
 1.99044e-06
 1.99141e-06
 1.99210e-06
 1.99212e-06
 1.99053e-06
 1.98516e-06
 1.97078e-06
 1.93773e-06
 1.87448e-06
 1.77157e-06
 1.62077e-06
 1.45895e-06
 1.34321e-06
 1.27888e-06
 1.24810e-06
 1.23613e-06
 1.23119e-06
 1.22741e-06
 1.22173e-06
 1.97304e-06
 1.97511e-06
 1.97707e-06
 1.97898e-06
 1.98079e-06
 1.98244e-06
 1.98396e-06
 1.98542e-06
 1.98683e-06
 1.98814e-06
 1.98934e-06
 1.99044e-06
 1.99141e-06
 1.99210e-06
 1.99212e-06
 1.99053e-06
 1.98516e-06
 1.97078e-06
 1.93773e-06
 1.87448e-06
 1.77157e-06
 1.62077e-06
 1.45895e-06
 1.34321e-06
 1.27888e-06
 1.24810e-06
 1.23613e-06
 1.23119e-06
 1.22741e-06
 1.22173e-06
 1.97304e-06
 1.97511e-06
 1.97707e-06
 1.97898e-06
 1.98079e-06
 1.98244e-06
 1.98396e-06
 1.98542e-06
 1.98683e-06
 1.98814e-06
 1.98934e-06
 1.99044e-06
 1.99141e-06
 1.99210e-06
 1.99212e-06
 1.99053e-06
 1.98516e-06
 1.97078e-06
 1.93773e-06
 1.87448e-06
 1.77157e-06
 1.62077e-06
 1.45895e-06
 1.34321e-06
 1.27888e-06
 1.24810e-06
 1.23613e-06
 1.23119e-06
 1.22741e-06
 1.22173e-06
 1.97304e-06
 1.97511e-06
 1.97707e-06
 1.97898e-06
 1.98079e-06
 1.98244e-06
 1.98396e-06
 1.98542e-06
 1.98683e-06
 1.98814e-06
 1.98934e-06
 1.99044e-06
 1.99141e-06
 1.99210e-06
 1.99212e-06
 1.99053e-06
 1.98516e-06
 1.97078e-06
 1.93773e-06
 1.87448e-06
 1.77157e-06
 1.62077e-06
 1.45895e-06
 1.34321e-06
 1.27888e-06
 1.24810e-06
 1.23613e-06
 1.23119e-06
 1.22741e-06
 1.22173e-06
 9.86521e-07
 9.87554e-07
 9.88533e-07
 9.89488e-07
 9.90393e-07
 9.91218e-07
 9.91979e-07
 9.92711e-07
 9.93416e-07
 9.94072e-07
 9.94671e-07
 9.95219e-07
 9.95703e-07
 9.96049e-07
 9.96060e-07
 9.95264e-07
 9.92581e-07
 9.85388e-07
 9.68865e-07
 9.37240e-07
 8.85784e-07
 8.10383e-07
 7.29476e-07
 6.71603e-07
 6.39440e-07
 6.24052e-07
 6.18065e-07
 6.15595e-07
 6.13704e-07
 6.10867e-07
 9.86521e-07
 9.87554e-07
 9.88533e-07
 9.89488e-07
 9.90393e-07
 9.91218e-07
 9.91979e-07
 9.92711e-07
 9.93416e-07
 9.94072e-07
 9.94671e-07
 9.95219e-07
 9.95703e-07
 9.96049e-07
 9.96060e-07
 9.95264e-07
 9.92581e-07
 9.85388e-07
 9.68865e-07
 9.37240e-07
 8.85784e-07
 8.10383e-07
 7.29476e-07
 6.71603e-07
 6.39440e-07
 6.24052e-07
 6.18065e-07
 6.15595e-07
 6.13704e-07
 6.10867e-07
 1.97304e-06
 1.97511e-06
 1.97707e-06
 1.97898e-06
 1.98079e-06
 1.98244e-06
 1.98396e-06
 1.98542e-06
 1.98683e-06
 1.98814e-06
 1.98934e-06
 1.99044e-06
 1.99141e-06
 1.99210e-06
 1.99212e-06
 1.99053e-06
 1.98516e-06
 1.97078e-06
 1.93773e-06
 1.87448e-06
 1.77157e-06
 1.62077e-06
 1.45895e-06
 1.34321e-06
 1.27888e-06
 1.24810e-06
 1.23613e-06
 1.23119e-06
 1.22741e-06
 1.22173e-06
 1.97304e-06
 1.97511e-06
 1.97707e-06
 1.97898e-06
 1.98079e-06
 1.98244e-06
 1.98396e-06
 1.98542e-06
 1.98683e-06
 1.98814e-06
 1.98934e-06
 1.99044e-06
 1.99141e-06
 1.99210e-06
 1.99212e-06
 1.99053e-06
 1.98516e-06
 1.97078e-06
 1.93773e-06
 1.87448e-06
 1.77157e-06
 1.62077e-06
 1.45895e-06
 1.34321e-06
 1.27888e-06
 1.24810e-06
 1.23613e-06
 1.23119e-06
 1.22741e-06
 1.22173e-06
 1.97304e-06
 1.97511e-06
 1.97707e-06
 1.97898e-06
 1.98079e-06
 1.98244e-06
 1.98396e-06
 1.98542e-06
 1.98683e-06
 1.98814e-06
 1.98934e-06
 1.99044e-06
 1.99141e-06
 1.99210e-06
 1.99212e-06
 1.99053e-06
 1.98516e-06
 1.97078e-06
 1.93773e-06
 1.87448e-06
 1.77157e-06
 1.62077e-06
 1.45895e-06
 1.34321e-06
 1.27888e-06
 1.24810e-06
 1.23613e-06
 1.23119e-06
 1.22741e-06
 1.22173e-06
 1.97304e-06
 1.97511e-06
 1.97707e-06
 1.97898e-06
 1.98079e-06
 1.98244e-06
 1.98396e-06
 1.98542e-06
 1.98683e-06
 1.98814e-06
 1.98934e-06
 1.99044e-06
 1.99141e-06
 1.99210e-06
 1.99212e-06
 1.99053e-06
 1.98516e-06
 1.97078e-06
 1.93773e-06
 1.87448e-06
 1.77157e-06
 1.62077e-06
 1.45895e-06
 1.34321e-06
 1.27888e-06
 1.24810e-06
 1.23613e-06
 1.23119e-06
 1.22741e-06
 1.22173e-06
 9.86521e-07
 9.87554e-07
 9.88533e-07
 9.89488e-07
 9.90393e-07
 9.91218e-07
 9.91979e-07
 9.92711e-07
 9.93416e-07
 9.94072e-07
 9.94671e-07
 9.95219e-07
 9.95703e-07
 9.96049e-07
 9.96060e-07
 9.95264e-07
 9.92581e-07
 9.85388e-07
 9.68865e-07
 9.37240e-07
 8.85784e-07
 8.10383e-07
 7.29476e-07
 6.71603e-07
 6.39440e-07
 6.24052e-07
 6.18065e-07
 6.15595e-07
 6.13704e-07
 6.10867e-07
 9.86521e-07
 9.87554e-07
 9.88533e-07
 9.89488e-07
 9.90393e-07
 9.91218e-07
 9.91979e-07
 9.92711e-07
 9.93416e-07
 9.94072e-07
 9.94671e-07
 9.95219e-07
 9.95703e-07
 9.96049e-07
 9.96060e-07
 9.95264e-07
 9.92581e-07
 9.85388e-07
 9.68865e-07
 9.37240e-07
 8.85784e-07
 8.10383e-07
 7.29476e-07
 6.71603e-07
 6.39440e-07
 6.24052e-07
 6.18065e-07
 6.15595e-07
 6.13704e-07
 6.10867e-07
 1.97304e-06
 1.97511e-06
 1.97707e-06
 1.97898e-06
 1.98079e-06
 1.98244e-06
 1.98396e-06
 1.98542e-06
 1.98683e-06
 1.98814e-06
 1.98934e-06
 1.99044e-06
 1.99141e-06
 1.99210e-06
 1.99212e-06
 1.99053e-06
 1.98516e-06
 1.97078e-06
 1.93773e-06
 1.87448e-06
 1.77157e-06
 1.62077e-06
 1.45895e-06
 1.34321e-06
 1.27888e-06
 1.24810e-06
 1.23613e-06
 1.23119e-06
 1.22741e-06
 1.22173e-06
 1.97304e-06
 1.97511e-06
 1.97707e-06
 1.97898e-06
 1.98079e-06
 1.98244e-06
 1.98396e-06
 1.98542e-06
 1.98683e-06
 1.98814e-06
 1.98934e-06
 1.99044e-06
 1.99141e-06
 1.99210e-06
 1.99212e-06
 1.99053e-06
 1.98516e-06
 1.97078e-06
 1.93773e-06
 1.87448e-06
 1.77157e-06
 1.62077e-06
 1.45895e-06
 1.34321e-06
 1.27888e-06
 1.24810e-06
 1.23613e-06
 1.23119e-06
 1.22741e-06
 1.22173e-06
 1.97304e-06
 1.97511e-06
 1.97707e-06
 1.97898e-06
 1.98079e-06
 1.98244e-06
 1.98396e-06
 1.98542e-06
 1.98683e-06
 1.98814e-06
 1.98934e-06
 1.99044e-06
 1.99141e-06
 1.99210e-06
 1.99212e-06
 1.99053e-06
 1.98516e-06
 1.97078e-06
 1.93773e-06
 1.87448e-06
 1.77157e-06
 1.62077e-06
 1.45895e-06
 1.34321e-06
 1.27888e-06
 1.24810e-06
 1.23613e-06
 1.23119e-06
 1.22741e-06
 1.22173e-06
 1.97304e-06
 1.97511e-06
 1.97707e-06
 1.97898e-06
 1.98079e-06
 1.98244e-06
 1.98396e-06
 1.98542e-06
 1.98683e-06
 1.98814e-06
 1.98934e-06
 1.99044e-06
 1.99141e-06
 1.99210e-06
 1.99212e-06
 1.99053e-06
 1.98516e-06
 1.97078e-06
 1.93773e-06
 1.87448e-06
 1.77157e-06
 1.62077e-06
 1.45895e-06
 1.34321e-06
 1.27888e-06
 1.24810e-06
 1.23613e-06
 1.23119e-06
 1.22741e-06
 1.22173e-06
 9.86521e-07
 9.87554e-07
 9.88533e-07
 9.89488e-07
 9.90393e-07
 9.91218e-07
 9.91979e-07
 9.92711e-07
 9.93416e-07
 9.94072e-07
 9.94671e-07
 9.95219e-07
 9.95703e-07
 9.96049e-07
 9.96060e-07
 9.95264e-07
 9.92581e-07
 9.85388e-07
 9.68865e-07
 9.37240e-07
 8.85784e-07
 8.10383e-07
 7.29476e-07
 6.71603e-07
 6.39440e-07
 6.24052e-07
 6.18065e-07
 6.15595e-07
 6.13704e-07
 6.10867e-07
 9.86521e-07
 9.87554e-07
 9.88533e-07
 9.89488e-07
 9.90393e-07
 9.91218e-07
 9.91979e-07
 9.92711e-07
 9.93416e-07
 9.94072e-07
 9.94671e-07
 9.95219e-07
 9.95703e-07
 9.96049e-07
 9.96060e-07
 9.95264e-07
 9.92581e-07
 9.85388e-07
 9.68865e-07
 9.37240e-07
 8.85784e-07
 8.10383e-07
 7.29476e-07
 6.71603e-07
 6.39440e-07
 6.24052e-07
 6.18065e-07
 6.15595e-07
 6.13704e-07
 6.10867e-07
 1.97304e-06
 1.97511e-06
 1.97707e-06
 1.97898e-06
 1.98079e-06
 1.98244e-06
 1.98396e-06
 1.98542e-06
 1.98683e-06
 1.98814e-06
 1.98934e-06
 1.99044e-06
 1.99141e-06
 1.99210e-06
 1.99212e-06
 1.99053e-06
 1.98516e-06
 1.97078e-06
 1.93773e-06
 1.87448e-06
 1.77157e-06
 1.62077e-06
 1.45895e-06
 1.34321e-06
 1.27888e-06
 1.24810e-06
 1.23613e-06
 1.23119e-06
 1.22741e-06
 1.22173e-06
 1.97304e-06
 1.97511e-06
 1.97707e-06
 1.97898e-06
 1.98079e-06
 1.98244e-06
 1.98396e-06
 1.98542e-06
 1.98683e-06
 1.98814e-06
 1.98934e-06
 1.99044e-06
 1.99141e-06
 1.99210e-06
 1.99212e-06
 1.99053e-06
 1.98516e-06
 1.97078e-06
 1.93773e-06
 1.87448e-06
 1.77157e-06
 1.62077e-06
 1.45895e-06
 1.34321e-06
 1.27888e-06
 1.24810e-06
 1.23613e-06
 1.23119e-06
 1.22741e-06
 1.22173e-06
 1.97304e-06
 1.97511e-06
 1.97707e-06
 1.97898e-06
 1.98079e-06
 1.98244e-06
 1.98396e-06
 1.98542e-06
 1.98683e-06
 1.98814e-06
 1.98934e-06
 1.99044e-06
 1.99141e-06
 1.99210e-06
 1.99212e-06
 1.99053e-06
 1.98516e-06
 1.97078e-06
 1.93773e-06
 1.87448e-06
 1.77157e-06
 1.62077e-06
 1.45895e-06
 1.34321e-06
 1.27888e-06
 1.24810e-06
 1.23613e-06
 1.23119e-06
 1.22741e-06
 1.22173e-06
 1.97304e-06
 1.97511e-06
 1.97707e-06
 1.97898e-06
 1.98079e-06
 1.98244e-06
 1.98396e-06
 1.98542e-06
 1.98683e-06
 1.98814e-06
 1.98934e-06
 1.99044e-06
 1.99141e-06
 1.99210e-06
 1.99212e-06
 1.99053e-06
 1.98516e-06
 1.97078e-06
 1.93773e-06
 1.87448e-06
 1.77157e-06
 1.62077e-06
 1.45895e-06
 1.34321e-06
 1.27888e-06
 1.24810e-06
 1.23613e-06
 1.23119e-06
 1.22741e-06
 1.22173e-06
 9.86521e-07
 9.87554e-07
 9.88533e-07
 9.89488e-07
 9.90393e-07
 9.91218e-07
 9.91979e-07
 9.92711e-07
 9.93416e-07
 9.94072e-07
 9.94671e-07
 9.95219e-07
 9.95703e-07
 9.96049e-07
 9.96060e-07
 9.95264e-07
 9.92581e-07
 9.85388e-07
 9.68865e-07
 9.37240e-07
 8.85784e-07
 8.10383e-07
 7.29476e-07
 6.71603e-07
 6.39440e-07
 6.24052e-07
 6.18065e-07
 6.15595e-07
 6.13704e-07
 6.10867e-07
 4.93260e-07
 4.93777e-07
 4.94267e-07
 4.94744e-07
 4.95197e-07
 4.95609e-07
 4.95989e-07
 4.96356e-07
 4.96708e-07
 4.97036e-07
 4.97336e-07
 4.97610e-07
 4.97852e-07
 4.98025e-07
 4.98030e-07
 4.97632e-07
 4.96290e-07
 4.92694e-07
 4.84433e-07
 4.68620e-07
 4.42892e-07
 4.05192e-07
 3.64738e-07
 3.35802e-07
 3.19720e-07
 3.12026e-07
 3.09032e-07
 3.07798e-07
 3.06852e-07
 3.05434e-07
 9.86521e-07
 9.87554e-07
 9.88533e-07
 9.89488e-07
 9.90393e-07
 9.91218e-07
 9.91979e-07
 9.92711e-07
 9.93416e-07
 9.94072e-07
 9.94671e-07
 9.95219e-07
 9.95703e-07
 9.96049e-07
 9.96060e-07
 9.95264e-07
 9.92581e-07
 9.85388e-07
 9.68865e-07
 9.37240e-07
 8.85784e-07
 8.10383e-07
 7.29476e-07
 6.71603e-07
 6.39440e-07
 6.24052e-07
 6.18065e-07
 6.15595e-07
 6.13704e-07
 6.10867e-07
 9.86521e-07
 9.87554e-07
 9.88533e-07
 9.89488e-07
 9.90393e-07
 9.91218e-07
 9.91979e-07
 9.92711e-07
 9.93416e-07
 9.94072e-07
 9.94671e-07
 9.95219e-07
 9.95703e-07
 9.96049e-07
 9.96060e-07
 9.95264e-07
 9.92581e-07
 9.85388e-07
 9.68865e-07
 9.37240e-07
 8.85784e-07
 8.10383e-07
 7.29476e-07
 6.71603e-07
 6.39440e-07
 6.24052e-07
 6.18065e-07
 6.15595e-07
 6.13704e-07
 6.10867e-07
 9.86521e-07
 9.87554e-07
 9.88533e-07
 9.89488e-07
 9.90393e-07
 9.91218e-07
 9.91979e-07
 9.92711e-07
 9.93416e-07
 9.94072e-07
 9.94671e-07
 9.95219e-07
 9.95703e-07
 9.96049e-07
 9.96060e-07
 9.95264e-07
 9.92581e-07
 9.85388e-07
 9.68865e-07
 9.37240e-07
 8.85784e-07
 8.10383e-07
 7.29476e-07
 6.71603e-07
 6.39440e-07
 6.24052e-07
 6.18065e-07
 6.15595e-07
 6.13704e-07
 6.10867e-07
 9.86521e-07
 9.87554e-07
 9.88533e-07
 9.89488e-07
 9.90393e-07
 9.91218e-07
 9.91979e-07
 9.92711e-07
 9.93416e-07
 9.94072e-07
 9.94671e-07
 9.95219e-07
 9.95703e-07
 9.96049e-07
 9.96060e-07
 9.95264e-07
 9.92581e-07
 9.85388e-07
 9.68865e-07
 9.37240e-07
 8.85784e-07
 8.10383e-07
 7.29476e-07
 6.71603e-07
 6.39440e-07
 6.24052e-07
 6.18065e-07
 6.15595e-07
 6.13704e-07
 6.10867e-07
 4.93260e-07
 4.93777e-07
 4.94267e-07
 4.94744e-07
 4.95197e-07
 4.95609e-07
 4.95989e-07
 4.96356e-07
 4.96708e-07
 4.97036e-07
 4.97336e-07
 4.97610e-07
 4.97852e-07
 4.98025e-07
 4.98030e-07
 4.97632e-07
 4.96290e-07
 4.92694e-07
 4.84433e-07
 4.68620e-07
 4.42892e-07
 4.05192e-07
 3.64738e-07
 3.35802e-07
 3.19720e-07
 3.12026e-07
 3.09032e-07
 3.07798e-07
 3.06852e-07
 3.05434e-07
part
         4
coordinates
 3.12026e-07
 3.09032e-07
 3.07798e-07
 3.06852e-07
 3.05434e-07
 3.01984e-07
 2.94330e-07
 2.80835e-07
 2.61152e-07
 2.37136e-07
 2.12992e-07
 1.89000e-07
 1.65744e-07
 1.47665e-07
 1.35961e-07
 1.29533e-07
 1.26623e-07
 1.25524e-07
 1.25160e-07
 1.25047e-07
 1.25013e-07
 1.25004e-07
 1.25001e-07
 1.25000e-07
 1.25000e-07
 1.25000e-07
 1.25000e-07
 6.25000e-08
 6.24052e-07
 6.18065e-07
 6.15595e-07
 6.13704e-07
 6.10867e-07
 6.03969e-07
 5.88660e-07
 5.61669e-07
 5.22303e-07
 4.74271e-07
 4.25983e-07
 3.78001e-07
 3.31489e-07
 2.95330e-07
 2.71922e-07
 2.59065e-07
 2.53246e-07
 2.51049e-07
 2.50319e-07
 2.50094e-07
 2.50027e-07
 2.50007e-07
 2.50002e-07
 2.50001e-07
 2.50000e-07
 2.50000e-07
 2.50000e-07
 1.25000e-07
 6.24052e-07
 6.18065e-07
 6.15595e-07
 6.13704e-07
 6.10867e-07
 6.03969e-07
 5.88660e-07
 5.61669e-07
 5.22303e-07
 4.74271e-07
 4.25983e-07
 3.78001e-07
 3.31489e-07
 2.95330e-07
 2.71922e-07
 2.59065e-07
 2.53246e-07
 2.51049e-07
 2.50319e-07
 2.50094e-07
 2.50027e-07
 2.50007e-07
 2.50002e-07
 2.50001e-07
 2.50000e-07
 2.50000e-07
 2.50000e-07
 1.25000e-07
 6.24052e-07
 6.18065e-07
 6.15595e-07
 6.13704e-07
 6.10867e-07
 6.03969e-07
 5.88660e-07
 5.61669e-07
 5.22303e-07
 4.74271e-07
 4.25983e-07
 3.78001e-07
 3.31489e-07
 2.95330e-07
 2.71922e-07
 2.59065e-07
 2.53246e-07
 2.51049e-07
 2.50319e-07
 2.50094e-07
 2.50027e-07
 2.50007e-07
 2.50002e-07
 2.50001e-07
 2.50000e-07
 2.50000e-07
 2.50000e-07
 1.25000e-07
 6.24052e-07
 6.18065e-07
 6.15595e-07
 6.13704e-07
 6.10867e-07
 6.03969e-07
 5.88660e-07
 5.61669e-07
 5.22303e-07
 4.74271e-07
 4.25983e-07
 3.78001e-07
 3.31489e-07
 2.95330e-07
 2.71922e-07
 2.59065e-07
 2.53246e-07
 2.51049e-07
 2.50319e-07
 2.50094e-07
 2.50027e-07
 2.50007e-07
 2.50002e-07
 2.50001e-07
 2.50000e-07
 2.50000e-07
 2.50000e-07
 1.25000e-07
 3.12026e-07
 3.09032e-07
 3.07798e-07
 3.06852e-07
 3.05434e-07
 3.01984e-07
 2.94330e-07
 2.80835e-07
 2.61152e-07
 2.37136e-07
 2.12992e-07
 1.89000e-07
 1.65744e-07
 1.47665e-07
 1.35961e-07
 1.29533e-07
 1.26623e-07
 1.25524e-07
 1.25160e-07
 1.25047e-07
 1.25013e-07
 1.25004e-07
 1.25001e-07
 1.25000e-07
 1.25000e-07
 1.25000e-07
 1.25000e-07
 6.25000e-08
 6.24052e-07
 6.18065e-07
 6.15595e-07
 6.13704e-07
 6.10867e-07
 6.03969e-07
 5.88660e-07
 5.61669e-07
 5.22303e-07
 4.74271e-07
 4.25983e-07
 3.78001e-07
 3.31489e-07
 2.95330e-07
 2.71922e-07
 2.59065e-07
 2.53246e-07
 2.51049e-07
 2.50319e-07
 2.50094e-07
 2.50027e-07
 2.50007e-07
 2.50002e-07
 2.50001e-07
 2.50000e-07
 2.50000e-07
 2.50000e-07
 1.25000e-07
 1.24810e-06
 1.23613e-06
 1.23119e-06
 1.22741e-06
 1.22173e-06
 1.20794e-06
 1.17732e-06
 1.12334e-06
 1.04461e-06
 9.48542e-07
 8.51966e-07
 7.56002e-07
 6.62978e-07
 5.90661e-07
 5.43845e-07
 5.18131e-07
 5.06491e-07
 5.02098e-07
 5.00639e-07
 5.00188e-07
 5.00054e-07
 5.00015e-07
 5.00004e-07
 5.00001e-07
 5.00000e-07
 5.00000e-07
 5.00000e-07
 2.50000e-07
 1.24810e-06
 1.23613e-06
 1.23119e-06
 1.22741e-06
 1.22173e-06
 1.20794e-06
 1.17732e-06
 1.12334e-06
 1.04461e-06
 9.48542e-07
 8.51966e-07
 7.56002e-07
 6.62978e-07
 5.90661e-07
 5.43845e-07
 5.18131e-07
 5.06491e-07
 5.02098e-07
 5.00639e-07
 5.00188e-07
 5.00054e-07
 5.00015e-07
 5.00004e-07
 5.00001e-07
 5.00000e-07
 5.00000e-07
 5.00000e-07
 2.50000e-07
 1.24810e-06
 1.23613e-06
 1.23119e-06
 1.22741e-06
 1.22173e-06
 1.20794e-06
 1.17732e-06
 1.12334e-06
 1.04461e-06
 9.48542e-07
 8.51966e-07
 7.56002e-07
 6.62978e-07
 5.90661e-07
 5.43845e-07
 5.18131e-07
 5.06491e-07
 5.02098e-07
 5.00639e-07
 5.00188e-07
 5.00054e-07
 5.00015e-07
 5.00004e-07
 5.00001e-07
 5.00000e-07
 5.00000e-07
 5.00000e-07
 2.50000e-07
 1.24810e-06
 1.23613e-06
 1.23119e-06
 1.22741e-06
 1.22173e-06
 1.20794e-06
 1.17732e-06
 1.12334e-06
 1.04461e-06
 9.48542e-07
 8.51966e-07
 7.56002e-07
 6.62978e-07
 5.90661e-07
 5.43845e-07
 5.18131e-07
 5.06491e-07
 5.02098e-07
 5.00639e-07
 5.00188e-07
 5.00054e-07
 5.00015e-07
 5.00004e-07
 5.00001e-07
 5.00000e-07
 5.00000e-07
 5.00000e-07
 2.50000e-07
 6.24052e-07
 6.18065e-07
 6.15595e-07
 6.13704e-07
 6.10867e-07
 6.03969e-07
 5.88660e-07
 5.61669e-07
 5.22303e-07
 4.74271e-07
 4.25983e-07
 3.78001e-07
 3.31489e-07
 2.95330e-07
 2.71922e-07
 2.59065e-07
 2.53246e-07
 2.51049e-07
 2.50319e-07
 2.50094e-07
 2.50027e-07
 2.50007e-07
 2.50002e-07
 2.50001e-07
 2.50000e-07
 2.50000e-07
 2.50000e-07
 1.25000e-07
 6.24052e-07
 6.18065e-07
 6.15595e-07
 6.13704e-07
 6.10867e-07
 6.03969e-07
 5.88660e-07
 5.61669e-07
 5.22303e-07
 4.74271e-07
 4.25983e-07
 3.78001e-07
 3.31489e-07
 2.95330e-07
 2.71922e-07
 2.59065e-07
 2.53246e-07
 2.51049e-07
 2.50319e-07
 2.50094e-07
 2.50027e-07
 2.50007e-07
 2.50002e-07
 2.50001e-07
 2.50000e-07
 2.50000e-07
 2.50000e-07
 1.25000e-07
 1.24810e-06
 1.23613e-06
 1.23119e-06
 1.22741e-06
 1.22173e-06
 1.20794e-06
 1.17732e-06
 1.12334e-06
 1.04461e-06
 9.48542e-07
 8.51966e-07
 7.56002e-07
 6.62978e-07
 5.90661e-07
 5.43845e-07
 5.18131e-07
 5.06491e-07
 5.02098e-07
 5.00639e-07
 5.00188e-07
 5.00054e-07
 5.00015e-07
 5.00004e-07
 5.00001e-07
 5.00000e-07
 5.00000e-07
 5.00000e-07
 2.50000e-07
 1.24810e-06
 1.23613e-06
 1.23119e-06
 1.22741e-06
 1.22173e-06
 1.20794e-06
 1.17732e-06
 1.12334e-06
 1.04461e-06
 9.48542e-07
 8.51966e-07
 7.56002e-07
 6.62978e-07
 5.90661e-07
 5.43845e-07
 5.18131e-07
 5.06491e-07
 5.02098e-07
 5.00639e-07
 5.00188e-07
 5.00054e-07
 5.00015e-07
 5.00004e-07
 5.00001e-07
 5.00000e-07
 5.00000e-07
 5.00000e-07
 2.50000e-07
 1.24810e-06
 1.23613e-06
 1.23119e-06
 1.22741e-06
 1.22173e-06
 1.20794e-06
 1.17732e-06
 1.12334e-06
 1.04461e-06
 9.48542e-07
 8.51966e-07
 7.56002e-07
 6.62978e-07
 5.90661e-07
 5.43845e-07
 5.18131e-07
 5.06491e-07
 5.02098e-07
 5.00639e-07
 5.00188e-07
 5.00054e-07
 5.00015e-07
 5.00004e-07
 5.00001e-07
 5.00000e-07
 5.00000e-07
 5.00000e-07
 2.50000e-07
 1.24810e-06
 1.23613e-06
 1.23119e-06
 1.22741e-06
 1.22173e-06
 1.20794e-06
 1.17732e-06
 1.12334e-06
 1.04461e-06
 9.48542e-07
 8.51966e-07
 7.56002e-07
 6.62978e-07
 5.90661e-07
 5.43845e-07
 5.18131e-07
 5.06491e-07
 5.02098e-07
 5.00639e-07
 5.00188e-07
 5.00054e-07
 5.00015e-07
 5.00004e-07
 5.00001e-07
 5.00000e-07
 5.00000e-07
 5.00000e-07
 2.50000e-07
 6.24052e-07
 6.18065e-07
 6.15595e-07
 6.13704e-07
 6.10867e-07
 6.03969e-07
 5.88660e-07
 5.61669e-07
 5.22303e-07
 4.74271e-07
 4.25983e-07
 3.78001e-07
 3.31489e-07
 2.95330e-07
 2.71922e-07
 2.59065e-07
 2.53246e-07
 2.51049e-07
 2.50319e-07
 2.50094e-07
 2.50027e-07
 2.50007e-07
 2.50002e-07
 2.50001e-07
 2.50000e-07
 2.50000e-07
 2.50000e-07
 1.25000e-07
 6.24052e-07
 6.18065e-07
 6.15595e-07
 6.13704e-07
 6.10867e-07
 6.03969e-07
 5.88660e-07
 5.61669e-07
 5.22303e-07
 4.74271e-07
 4.25983e-07
 3.78001e-07
 3.31489e-07
 2.95330e-07
 2.71922e-07
 2.59065e-07
 2.53246e-07
 2.51049e-07
 2.50319e-07
 2.50094e-07
 2.50027e-07
 2.50007e-07
 2.50002e-07
 2.50001e-07
 2.50000e-07
 2.50000e-07
 2.50000e-07
 1.25000e-07
 1.24810e-06
 1.23613e-06
 1.23119e-06
 1.22741e-06
 1.22173e-06
 1.20794e-06
 1.17732e-06
 1.12334e-06
 1.04461e-06
 9.48542e-07
 8.51966e-07
 7.56002e-07
 6.62978e-07
 5.90661e-07
 5.43845e-07
 5.18131e-07
 5.06491e-07
 5.02098e-07
 5.00639e-07
 5.00188e-07
 5.00054e-07
 5.00015e-07
 5.00004e-07
 5.00001e-07
 5.00000e-07
 5.00000e-07
 5.00000e-07
 2.50000e-07
 1.24810e-06
 1.23613e-06
 1.23119e-06
 1.22741e-06
 1.22173e-06
 1.20794e-06
 1.17732e-06
 1.12334e-06
 1.04461e-06
 9.48542e-07
 8.51966e-07
 7.56002e-07
 6.62978e-07
 5.90661e-07
 5.43845e-07
 5.18131e-07
 5.06491e-07
 5.02098e-07
 5.00639e-07
 5.00188e-07
 5.00054e-07
 5.00015e-07
 5.00004e-07
 5.00001e-07
 5.00000e-07
 5.00000e-07
 5.00000e-07
 2.50000e-07
 1.24810e-06
 1.23613e-06
 1.23119e-06
 1.22741e-06
 1.22173e-06
 1.20794e-06
 1.17732e-06
 1.12334e-06
 1.04461e-06
 9.48542e-07
 8.51966e-07
 7.56002e-07
 6.62978e-07
 5.90661e-07
 5.43845e-07
 5.18131e-07
 5.06491e-07
 5.02098e-07
 5.00639e-07
 5.00188e-07
 5.00054e-07
 5.00015e-07
 5.00004e-07
 5.00001e-07
 5.00000e-07
 5.00000e-07
 5.00000e-07
 2.50000e-07
 1.24810e-06
 1.23613e-06
 1.23119e-06
 1.22741e-06
 1.22173e-06
 1.20794e-06
 1.17732e-06
 1.12334e-06
 1.04461e-06
 9.48542e-07
 8.51966e-07
 7.56002e-07
 6.62978e-07
 5.90661e-07
 5.43845e-07
 5.18131e-07
 5.06491e-07
 5.02098e-07
 5.00639e-07
 5.00188e-07
 5.00054e-07
 5.00015e-07
 5.00004e-07
 5.00001e-07
 5.00000e-07
 5.00000e-07
 5.00000e-07
 2.50000e-07
 6.24052e-07
 6.18065e-07
 6.15595e-07
 6.13704e-07
 6.10867e-07
 6.03969e-07
 5.88660e-07
 5.61669e-07
 5.22303e-07
 4.74271e-07
 4.25983e-07
 3.78001e-07
 3.31489e-07
 2.95330e-07
 2.71922e-07
 2.59065e-07
 2.53246e-07
 2.51049e-07
 2.50319e-07
 2.50094e-07
 2.50027e-07
 2.50007e-07
 2.50002e-07
 2.50001e-07
 2.50000e-07
 2.50000e-07
 2.50000e-07
 1.25000e-07
 6.24052e-07
 6.18065e-07
 6.15595e-07
 6.13704e-07
 6.10867e-07
 6.03969e-07
 5.88660e-07
 5.61669e-07
 5.22303e-07
 4.74271e-07
 4.25983e-07
 3.78001e-07
 3.31489e-07
 2.95330e-07
 2.71922e-07
 2.59065e-07
 2.53246e-07
 2.51049e-07
 2.50319e-07
 2.50094e-07
 2.50027e-07
 2.50007e-07
 2.50002e-07
 2.50001e-07
 2.50000e-07
 2.50000e-07
 2.50000e-07
 1.25000e-07
 1.24810e-06
 1.23613e-06
 1.23119e-06
 1.22741e-06
 1.22173e-06
 1.20794e-06
 1.17732e-06
 1.12334e-06
 1.04461e-06
 9.48542e-07
 8.51966e-07
 7.56002e-07
 6.62978e-07
 5.90661e-07
 5.43845e-07
 5.18131e-07
 5.06491e-07
 5.02098e-07
 5.00639e-07
 5.00188e-07
 5.00054e-07
 5.00015e-07
 5.00004e-07
 5.00001e-07
 5.00000e-07
 5.00000e-07
 5.00000e-07
 2.50000e-07
 1.24810e-06
 1.23613e-06
 1.23119e-06
 1.22741e-06
 1.22173e-06
 1.20794e-06
 1.17732e-06
 1.12334e-06
 1.04461e-06
 9.48542e-07
 8.51966e-07
 7.56002e-07
 6.62978e-07
 5.90661e-07
 5.43845e-07
 5.18131e-07
 5.06491e-07
 5.02098e-07
 5.00639e-07
 5.00188e-07
 5.00054e-07
 5.00015e-07
 5.00004e-07
 5.00001e-07
 5.00000e-07
 5.00000e-07
 5.00000e-07
 2.50000e-07
 1.24810e-06
 1.23613e-06
 1.23119e-06
 1.22741e-06
 1.22173e-06
 1.20794e-06
 1.17732e-06
 1.12334e-06
 1.04461e-06
 9.48542e-07
 8.51966e-07
 7.56002e-07
 6.62978e-07
 5.90661e-07
 5.43845e-07
 5.18131e-07
 5.06491e-07
 5.02098e-07
 5.00639e-07
 5.00188e-07
 5.00054e-07
 5.00015e-07
 5.00004e-07
 5.00001e-07
 5.00000e-07
 5.00000e-07
 5.00000e-07
 2.50000e-07
 1.24810e-06
 1.23613e-06
 1.23119e-06
 1.22741e-06
 1.22173e-06
 1.20794e-06
 1.17732e-06
 1.12334e-06
 1.04461e-06
 9.48542e-07
 8.51966e-07
 7.56002e-07
 6.62978e-07
 5.90661e-07
 5.43845e-07
 5.18131e-07
 5.06491e-07
 5.02098e-07
 5.00639e-07
 5.00188e-07
 5.00054e-07
 5.00015e-07
 5.00004e-07
 5.00001e-07
 5.00000e-07
 5.00000e-07
 5.00000e-07
 2.50000e-07
 6.24052e-07
 6.18065e-07
 6.15595e-07
 6.13704e-07
 6.10867e-07
 6.03969e-07
 5.88660e-07
 5.61669e-07
 5.22303e-07
 4.74271e-07
 4.25983e-07
 3.78001e-07
 3.31489e-07
 2.95330e-07
 2.71922e-07
 2.59065e-07
 2.53246e-07
 2.51049e-07
 2.50319e-07
 2.50094e-07
 2.50027e-07
 2.50007e-07
 2.50002e-07
 2.50001e-07
 2.50000e-07
 2.50000e-07
 2.50000e-07
 1.25000e-07
 3.12026e-07
 3.09032e-07
 3.07798e-07
 3.06852e-07
 3.05434e-07
 3.01984e-07
 2.94330e-07
 2.80835e-07
 2.61152e-07
 2.37136e-07
 2.12992e-07
 1.89000e-07
 1.65744e-07
 1.47665e-07
 1.35961e-07
 1.29533e-07
 1.26623e-07
 1.25524e-07
 1.25160e-07
 1.25047e-07
 1.25013e-07
 1.25004e-07
 1.25001e-07
 1.25000e-07
 1.25000e-07
 1.25000e-07
 1.25000e-07
 6.25000e-08
 6.24052e-07
 6.18065e-07
 6.15595e-07
 6.13704e-07
 6.10867e-07
 6.03969e-07
 5.88660e-07
 5.61669e-07
 5.22303e-07
 4.74271e-07
 4.25983e-07
 3.78001e-07
 3.31489e-07
 2.95330e-07
 2.71922e-07
 2.59065e-07
 2.53246e-07
 2.51049e-07
 2.50319e-07
 2.50094e-07
 2.50027e-07
 2.50007e-07
 2.50002e-07
 2.50001e-07
 2.50000e-07
 2.50000e-07
 2.50000e-07
 1.25000e-07
 6.24052e-07
 6.18065e-07
 6.15595e-07
 6.13704e-07
 6.10867e-07
 6.03969e-07
 5.88660e-07
 5.61669e-07
 5.22303e-07
 4.74271e-07
 4.25983e-07
 3.78001e-07
 3.31489e-07
 2.95330e-07
 2.71922e-07
 2.59065e-07
 2.53246e-07
 2.51049e-07
 2.50319e-07
 2.50094e-07
 2.50027e-07
 2.50007e-07
 2.50002e-07
 2.50001e-07
 2.50000e-07
 2.50000e-07
 2.50000e-07
 1.25000e-07
 6.24052e-07
 6.18065e-07
 6.15595e-07
 6.13704e-07
 6.10867e-07
 6.03969e-07
 5.88660e-07
 5.61669e-07
 5.22303e-07
 4.74271e-07
 4.25983e-07
 3.78001e-07
 3.31489e-07
 2.95330e-07
 2.71922e-07
 2.59065e-07
 2.53246e-07
 2.51049e-07
 2.50319e-07
 2.50094e-07
 2.50027e-07
 2.50007e-07
 2.50002e-07
 2.50001e-07
 2.50000e-07
 2.50000e-07
 2.50000e-07
 1.25000e-07
 6.24052e-07
 6.18065e-07
 6.15595e-07
 6.13704e-07
 6.10867e-07
 6.03969e-07
 5.88660e-07
 5.61669e-07
 5.22303e-07
 4.74271e-07
 4.25983e-07
 3.78001e-07
 3.31489e-07
 2.95330e-07
 2.71922e-07
 2.59065e-07
 2.53246e-07
 2.51049e-07
 2.50319e-07
 2.50094e-07
 2.50027e-07
 2.50007e-07
 2.50002e-07
 2.50001e-07
 2.50000e-07
 2.50000e-07
 2.50000e-07
 1.25000e-07
 3.12026e-07
 3.09032e-07
 3.07798e-07
 3.06852e-07
 3.05434e-07
 3.01984e-07
 2.94330e-07
 2.80835e-07
 2.61152e-07
 2.37136e-07
 2.12992e-07
 1.89000e-07
 1.65744e-07
 1.47665e-07
 1.35961e-07
 1.29533e-07
 1.26623e-07
 1.25524e-07
 1.25160e-07
 1.25047e-07
 1.25013e-07
 1.25004e-07
 1.25001e-07
 1.25000e-07
 1.25000e-07
 1.25000e-07
 1.25000e-07
 6.25000e-08
