Density
part
         1
quad4
 5.90545e-03
 1.61566e-02
 1.72631e-02
 2.15239e-02
 2.57301e-02
 2.61883e-02
 2.72299e-02
 3.81337e-02
 4.09323e-02
 4.63736e-02
 5.13764e-02
 5.62910e-02
 6.17983e-02
 6.72109e-02
 7.31505e-02
 7.94643e-02
 8.63161e-02
 9.36665e-02
 1.01570e-01
 1.10046e-01
 1.19112e-01
 1.28799e-01
 1.39120e-01
 1.50096e-01
 1.61736e-01
 1.74053e-01
 1.87051e-01
 2.00732e-01
 2.15091e-01
 2.30122e-01
 2.45811e-01
 2.62142e-01
 2.79093e-01
 2.96641e-01
 3.14757e-01
 3.33410e-01
 3.52568e-01
 3.72198e-01
 3.92263e-01
 4.12733e-01
 4.33574e-01
 4.54757e-01
 4.76256e-01
 4.98050e-01
 5.20125e-01
 5.42476e-01
 5.65105e-01
 5.88027e-01
 6.11270e-01
 6.34883e-01
 6.58991e-01
 6.84013e-01
 7.11421e-01
 7.45777e-01
 8.01716e-01
 9.18125e-01
 1.19041e+00
 1.60174e+00
 7.33460e+00
 7.97976e+00
 1.61566e-02
 1.60769e-02
 1.70960e-02
 1.85685e-02
 2.49901e-02
 2.05371e-02
 2.07652e-02
 3.02120e-02
 3.19293e-02
 3.74538e-02
 4.22091e-02
 4.71979e-02
 5.31113e-02
 5.89806e-02
 6.57159e-02
 7.26931e-02
 8.03156e-02
 8.83705e-02
 9.70012e-02
 1.06151e-01
 1.15878e-01
 1.26175e-01
 1.37072e-01
 1.48573e-01
 1.60700e-01
 1.73453e-01
 1.86845e-01
 2.00870e-01
 2.15533e-01
 2.30820e-01
 2.46728e-01
 2.63236e-01
 2.80332e-01
 2.97987e-01
 3.16182e-01
 3.34885e-01
 3.54071e-01
 3.73703e-01
 3.93757e-01
 4.14195e-01
 4.34995e-01
 4.56123e-01
 4.77560e-01
 4.99286e-01
 5.21290e-01
 5.43564e-01
 5.66116e-01
 5.88962e-01
 6.12131e-01
 6.35669e-01
 6.59701e-01
 6.84650e-01
 7.11979e-01
 7.46220e-01
 8.01944e-01
 9.17949e-01
 1.18984e+00
 1.60350e+00
 7.32086e+00
 8.00127e+00
 1.72631e-02
 1.70960e-02
 1.66597e-02
 1.62609e-02
 2.11286e-02
 2.02449e-02
 2.04706e-02
 2.98748e-02
 3.04743e-02
 3.76968e-02
 4.08151e-02
 4.71185e-02
 5.24919e-02
 5.91463e-02
 6.58121e-02
 7.31769e-02
 8.08637e-02
 8.91170e-02
 9.78325e-02
 1.07112e-01
 1.16929e-01
 1.27333e-01
 1.38319e-01
 1.49917e-01
 1.62124e-01
 1.74960e-01
 1.88419e-01
 2.02511e-01
 2.17222e-01
 2.32555e-01
 2.48488e-01
 2.65016e-01
 2.82109e-01
 2.99758e-01
 3.17925e-01
 3.36596e-01
 3.55729e-01
 3.75308e-01
 3.95292e-01
 4.15661e-01
 4.36376e-01
 4.57423e-01
 4.78771e-01
 5.00409e-01
 5.22319e-01
 5.44505e-01
 5.66969e-01
 5.89728e-01
 6.12809e-01
 6.36266e-01
 6.60223e-01
 6.85091e-01
 7.12308e-01
 7.46360e-01
 8.01699e-01
 9.16896e-01
 1.18782e+00
 1.60562e+00
 7.28731e+00
 8.03463e+00
 2.15239e-02
 1.85685e-02
 1.62609e-02
 1.71038e-02
 2.02060e-02
 2.06238e-02
 2.53687e-02
 2.99361e-02
 3.41682e-02
 3.99618e-02
 4.51287e-02
 5.12368e-02
 5.73313e-02
 6.38717e-02
 7.07497e-02
 7.80312e-02
 8.57807e-02
 9.39855e-02
 1.02717e-01
 1.11959e-01
 1.21768e-01
 1.32131e-01
 1.43089e-01
 1.54634e-01
 1.66792e-01
 1.79558e-01
 1.92946e-01
 2.06945e-01
 2.21563e-01
 2.36781e-01
 2.52601e-01
 2.68995e-01
 2.85960e-01
 3.03459e-01
 3.21483e-01
 3.39993e-01
 3.58975e-01
 3.78385e-01
 3.98209e-01
 4.18405e-01
 4.38958e-01
 4.59834e-01
 4.81020e-01
 5.02491e-01
 5.24246e-01
 5.46276e-01
 5.68590e-01
 5.91204e-01
 6.14151e-01
 6.37479e-01
 6.61311e-01
 6.86044e-01
 7.13096e-01
 7.46881e-01
 8.01655e-01
 9.15654e-01
 1.18513e+00
 1.60924e+00
 7.23633e+00
 8.08311e+00
 2.57301e-02
 2.49901e-02
 2.11286e-02
 2.02060e-02
 2.09468e-02
 2.24886e-02
 2.61315e-02
 3.08089e-02
 3.57768e-02
 4.12327e-02
 4.68552e-02
 5.31326e-02
 5.94810e-02
 6.64307e-02
 7.35886e-02
 8.12653e-02
 8.92916e-02
 9.78161e-02
 1.06783e-01
 1.16265e-01
 1.26249e-01
 1.36782e-01
 1.47857e-01
 1.59505e-01
 1.71724e-01
 1.84533e-01
 1.97924e-01
 2.11913e-01
 2.26484e-01
 2.41645e-01
 2.57373e-01
 2.73670e-01
 2.90504e-01
 3.07874e-01
 3.25738e-01
 3.44094e-01
 3.62894e-01
 3.82133e-01
 4.01764e-01
 4.21778e-01
 4.42134e-01
 4.62823e-01
 4.83813e-01
 5.05101e-01
 5.26668e-01
 5.48519e-01
 5.70658e-01
 5.93107e-01
 6.15894e-01
 6.39070e-01
 6.62753e-01
 6.87333e-01
 7.14190e-01
 7.47636e-01
 8.01675e-01
 9.14109e-01
 1.18165e+00
 1.61436e+00
 7.16708e+00
 8.14978e+00
 2.61883e-02
 2.05371e-02
 2.02449e-02
 2.06238e-02
 2.24886e-02
 2.49764e-02
 2.92260e-02
 3.40070e-02
 3.94547e-02
 4.51457e-02
 5.12372e-02
 5.75913e-02
 6.43082e-02
 7.13500e-02
 7.87770e-02
 8.65787e-02
 9.48097e-02
 1.03460e-01
 1.12580e-01
 1.22165e-01
 1.32256e-01
 1.42852e-01
 1.53986e-01
 1.65656e-01
 1.77886e-01
 1.90672e-01
 2.04031e-01
 2.17952e-01
 2.32448e-01
 2.47498e-01
 2.63111e-01
 2.79258e-01
 2.95944e-01
 3.13130e-01
 3.30820e-01
 3.48966e-01
 3.67570e-01
 3.86584e-01
 4.06005e-01
 4.25786e-01
 4.45925e-01
 4.66382e-01
 4.87155e-01
 5.08218e-01
 5.29575e-01
 5.51215e-01
 5.73155e-01
 5.95410e-01
 6.18014e-01
 6.41014e-01
 6.64531e-01
 6.88937e-01
 7.15561e-01
 7.48601e-01
 8.01752e-01
 9.12285e-01
 1.17734e+00
 1.62092e+00
 7.07833e+00
 8.23672e+00
 2.72299e-02
 2.07652e-02
 2.04706e-02
 2.53687e-02
 2.61315e-02
 2.92260e-02
 3.36353e-02
 3.83754e-02
 4.38433e-02
 4.96998e-02
 5.59209e-02
 6.25671e-02
 6.95225e-02
 7.68722e-02
 8.45619e-02
 9.26447e-02
 1.01105e-01
 1.09985e-01
 1.19282e-01
 1.29033e-01
 1.39241e-01
 1.49936e-01
 1.61123e-01
 1.72827e-01
 1.85049e-01
 1.97810e-01
 2.11104e-01
 2.24947e-01
 2.39324e-01
 2.54251e-01
 2.69699e-01
 2.85683e-01
 3.02166e-01
 3.19158e-01
 3.36614e-01
 3.54542e-01
 3.72892e-01
 3.91671e-01
 4.10827e-01
 4.30364e-01
 4.50237e-01
 4.70448e-01
 4.90963e-01
 5.11784e-01
 5.32894e-01
 5.54304e-01
 5.76016e-01
 5.98058e-01
 6.20455e-01
 6.43262e-01
 6.66594e-01
 6.90804e-01
 7.17163e-01
 7.49741e-01
 8.01870e-01
 9.10187e-01
 1.17218e+00
 1.62874e+00
 6.96864e+00
 8.34439e+00
 3.81337e-02
 3.02120e-02
 2.98748e-02
 2.99361e-02
 3.08089e-02
 3.40070e-02
 3.83754e-02
 4.33990e-02
 4.89788e-02
 5.50566e-02
 6.15117e-02
 6.83916e-02
 7.56268e-02
 8.32342e-02
 9.12042e-02
 9.95371e-02
 1.08246e-01
 1.17336e-01
 1.26828e-01
 1.36732e-01
 1.47072e-01
 1.57855e-01
 1.69106e-01
 1.80830e-01
 1.93050e-01
 2.05763e-01
 2.18993e-01
 2.32727e-01
 2.46986e-01
 2.61748e-01
 2.77031e-01
 2.92804e-01
 3.09083e-01
 3.25826e-01
 3.43049e-01
 3.60702e-01
 3.78799e-01
 3.97287e-01
 4.16177e-01
 4.35418e-01
 4.55019e-01
 4.74939e-01
 4.95184e-01
 5.15726e-01
 5.36577e-01
 5.57726e-01
 5.79195e-01
 6.00999e-01
 6.23174e-01
 6.45770e-01
 6.68900e-01
 6.92896e-01
 7.18965e-01
 7.51035e-01
 8.02029e-01
 9.07853e-01
 1.16616e+00
 1.63764e+00
 6.83705e+00
 8.47333e+00
 4.09323e-02
 3.19293e-02
 3.04743e-02
 3.41682e-02
 3.57768e-02
 3.94547e-02
 4.38433e-02
 4.89788e-02
 5.47304e-02
 6.10050e-02
 6.77357e-02
 7.48946e-02
 8.24420e-02
 9.03550e-02
 9.86195e-02
 1.07231e-01
 1.16191e-01
 1.25506e-01
 1.35188e-01
 1.45250e-01
 1.55706e-01
 1.66577e-01
 1.77871e-01
 1.89612e-01
 2.01802e-01
 2.14466e-01
 2.27597e-01
 2.41221e-01
 2.55319e-01
 2.69918e-01
 2.84987e-01
 3.00553e-01
 3.16574e-01
 3.33075e-01
 3.50007e-01
 3.67393e-01
 3.85178e-01
 4.03382e-01
 4.21951e-01
 4.40899e-01
 4.60181e-01
 4.79808e-01
 4.99743e-01
 5.20000e-01
 5.40560e-01
 5.61438e-01
 5.82640e-01
 6.04193e-01
 6.26128e-01
 6.48500e-01
 6.71417e-01
 6.95187e-01
 7.20944e-01
 7.52470e-01
 8.02238e-01
 9.05334e-01
 1.15931e+00
 1.64732e+00
 6.68273e+00
 8.62457e+00
 4.63736e-02
 3.74538e-02
 3.76968e-02
 3.99618e-02
 4.12327e-02
 4.51457e-02
 4.96998e-02
 5.50566e-02
 6.10050e-02
 6.75369e-02
 7.45373e-02
 8.20044e-02
 8.98582e-02
 9.80938e-02
 1.06662e-01
 1.15564e-01
 1.24785e-01
 1.34332e-01
 1.44208e-01
 1.54429e-01
 1.65007e-01
 1.75955e-01
 1.87295e-01
 1.99034e-01
 2.11197e-01
 2.23782e-01
 2.36819e-01
 2.50295e-01
 2.64240e-01
 2.78629e-01
 2.93494e-01
 3.08799e-01
 3.24577e-01
 3.40778e-01
 3.57436e-01
 3.74495e-01
 3.91984e-01
 4.09847e-01
 4.28107e-01
 4.46712e-01
 4.65682e-01
 4.84973e-01
 5.04601e-01
 5.24540e-01
 5.44804e-01
 5.65387e-01
 5.86313e-01
 6.07600e-01
 6.29285e-01
 6.51422e-01
 6.74117e-01
 6.97650e-01
 7.23081e-01
 7.54040e-01
 8.02518e-01
 9.02709e-01
 1.15171e+00
 1.65738e+00
 6.50534e+00
 8.79842e+00
 5.13764e-02
 4.22091e-02
 4.08151e-02
 4.51287e-02
 4.68552e-02
 5.12372e-02
 5.59209e-02
 6.15117e-02
 6.77357e-02
 7.45373e-02
 8.18699e-02
 8.96466e-02
 9.78423e-02
 1.06392e-01
 1.15281e-01
 1.24466e-01
 1.33954e-01
 1.43726e-01
 1.53797e-01
 1.64170e-01
 1.74860e-01
 1.85885e-01
 1.97253e-01
 2.08991e-01
 2.21101e-01
 2.33614e-01
 2.46522e-01
 2.59860e-01
 2.73608e-01
 2.87804e-01
 3.02415e-01
 3.17481e-01
 3.32958e-01
 3.48884e-01
 3.65207e-01
 3.81965e-01
 3.99100e-01
 4.16644e-01
 4.34543e-01
 4.52822e-01
 4.71435e-01
 4.90401e-01
 5.09687e-01
 5.29310e-01
 5.49254e-01
 5.69539e-01
 5.90174e-01
 6.11187e-01
 6.32612e-01
 6.54507e-01
 6.76974e-01
 7.00266e-01
 7.25362e-01
 7.55744e-01
 8.02898e-01
 9.00063e-01
 1.14345e+00
 1.66730e+00
 6.30509e+00
 8.99521e+00
 5.62910e-02
 4.71979e-02
 4.71185e-02
 5.12368e-02
 5.31326e-02
 5.75913e-02
 6.25671e-02
 6.83916e-02
 7.48946e-02
 8.20044e-02
 8.96466e-02
 9.77694e-02
 1.06288e-01
 1.15174e-01
 1.24366e-01
 1.33848e-01
 1.43588e-01
 1.53591e-01
 1.63845e-01
 1.74367e-01
 1.85164e-01
 1.96250e-01
 2.07647e-01
 2.19361e-01
 2.31424e-01
 2.43832e-01
 2.56625e-01
 2.69784e-01
 2.83356e-01
 2.97309e-01
 3.11692e-01
 3.26463e-01
 3.41670e-01
 3.57262e-01
 3.73285e-01
 3.89682e-01
 4.06494e-01
 4.23665e-01
 4.41230e-01
 4.59135e-01
 4.77411e-01
 4.96015e-01
 5.14970e-01
 5.34252e-01
 5.53880e-01
 5.73850e-01
 5.94191e-01
 6.14921e-01
 6.36082e-01
 6.57732e-01
 6.79970e-01
 7.03021e-01
 7.27780e-01
 7.57585e-01
 8.03415e-01
 8.97503e-01
 1.13469e+00
 1.67642e+00
 6.08306e+00
 9.21478e+00
 6.17983e-02
 5.31113e-02
 5.24919e-02
 5.73313e-02
 5.94810e-02
 6.43082e-02
 6.95225e-02
 7.56268e-02
 8.24420e-02
 8.98582e-02
 9.78423e-02
 1.06288e-01
 1.15151e-01
 1.24348e-01
 1.33853e-01
 1.43610e-01
 1.53607e-01
 1.63820e-01
 1.74257e-01
 1.84915e-01
 1.95808e-01
 2.06953e-01
 2.18358e-01
 2.30054e-01
 2.42041e-01
 2.54359e-01
 2.66996e-01
 2.80001e-01
 2.93348e-01
 3.07090e-01
 3.21191e-01
 3.35705e-01
 3.50583e-01
 3.65882e-01
 3.81543e-01
 3.97621e-01
 4.14054e-01
 4.30889e-01
 4.48068e-01
 4.65631e-01
 4.83530e-01
 5.01792e-01
 5.20388e-01
 5.39340e-01
 5.58633e-01
 5.78293e-01
 5.98332e-01
 6.18779e-01
 6.39673e-01
 6.61078e-01
 6.83088e-01
 7.05899e-01
 7.30330e-01
 7.59569e-01
 8.04112e-01
 8.95145e-01
 1.12561e+00
 1.68390e+00
 5.84170e+00
 9.45552e+00
 6.72109e-02
 5.89806e-02
 5.91463e-02
 6.38717e-02
 6.64307e-02
 7.13500e-02
 7.68722e-02
 8.32342e-02
 9.03550e-02
 9.80938e-02
 1.06392e-01
 1.15174e-01
 1.24348e-01
 1.33868e-01
 1.43656e-01
 1.53689e-01
 1.63920e-01
 1.74341e-01
 1.84942e-01
 1.95727e-01
 2.06707e-01
 2.17891e-01
 2.29307e-01
 2.40956e-01
 2.52880e-01
 2.65070e-01
 2.77577e-01
 2.90380e-01
 3.03538e-01
 3.17015e-01
 3.30876e-01
 3.45073e-01
 3.59671e-01
 3.74615e-01
 3.89966e-01
 4.05664e-01
 4.21766e-01
 4.38211e-01
 4.55047e-01
 4.72223e-01
 4.89775e-01
 5.07665e-01
 5.25921e-01
 5.44523e-01
 5.63493e-01
 5.82834e-01
 6.02575e-01
 6.22736e-01
 6.43365e-01
 6.64529e-01
 6.86313e-01
 7.08891e-01
 7.33007e-01
 7.61707e-01
 8.05037e-01
 8.93116e-01
 1.11646e+00
 1.68882e+00
 5.58522e+00
 9.71459e+00
 7.31505e-02
 6.57159e-02
 6.58121e-02
 7.07497e-02
 7.35886e-02
 7.87770e-02
 8.45619e-02
 9.12042e-02
 9.86195e-02
 1.06662e-01
 1.15281e-01
 1.24366e-01
 1.33853e-01
 1.43656e-01
 1.53728e-01
 1.64005e-01
 1.74464e-01
 1.85071e-01
 1.95823e-01
 2.06722e-01
 2.17770e-01
 2.28992e-01
 2.40391e-01
 2.52006e-01
 2.63830e-01
 2.75915e-01
 2.88247e-01
 3.00885e-01
 3.13799e-01
 3.27059e-01
 3.40619e-01
 3.54554e-01
 3.68810e-01
 3.83457e-01
 3.98435e-01
 4.13811e-01
 4.29523e-01
 4.45630e-01
 4.62074e-01
 4.78905e-01
 4.96075e-01
 5.13621e-01
 5.31516e-01
 5.49786e-01
 5.68422e-01
 5.87453e-01
 6.06893e-01
 6.26774e-01
 6.47142e-01
 6.68070e-01
 6.89637e-01
 7.11989e-01
 7.35815e-01
 7.64017e-01
 8.06251e-01
 8.91554e-01
 1.10754e+00
 1.69021e+00
 5.31991e+00
 9.98712e+00
 7.94643e-02
 7.26931e-02
 7.31769e-02
 7.80312e-02
 8.12653e-02
 8.65787e-02
 9.26447e-02
 9.95371e-02
 1.07231e-01
 1.15564e-01
 1.24466e-01
 1.33848e-01
 1.43610e-01
 1.53689e-01
 1.64005e-01
 1.74515e-01
 1.85171e-01
 1.95950e-01
 2.06837e-01
 2.17827e-01
 2.28939e-01
 2.40170e-01
 2.51560e-01
 2.63102e-01
 2.74849e-01
 2.86786e-01
 2.98978e-01
 3.11396e-01
 3.24117e-01
 3.37097e-01
 3.50417e-01
 3.64025e-01
 3.78002e-01
 3.92287e-01
 4.06957e-01
 4.21950e-01
 4.37334e-01
 4.53049e-01
 4.69155e-01
 4.85599e-01
 5.02426e-01
 5.19603e-01
 5.37163e-01
 5.55088e-01
 5.73406e-01
 5.92126e-01
 6.11275e-01
 6.30878e-01
 6.50992e-01
 6.71694e-01
 6.93051e-01
 7.15188e-01
 7.38753e-01
 7.66527e-01
 8.07819e-01
 8.90607e-01
 1.09923e+00
 1.68713e+00
 5.05470e+00
 1.02656e+01
 8.63161e-02
 8.03156e-02
 8.08637e-02
 8.57807e-02
 8.92916e-02
 9.48097e-02
 1.01105e-01
 1.08246e-01
 1.16191e-01
 1.24785e-01
 1.33954e-01
 1.43588e-01
 1.53607e-01
 1.63920e-01
 1.74464e-01
 1.85171e-01
 1.96004e-01
 2.06930e-01
 2.17928e-01
 2.29001e-01
 2.40144e-01
 2.51390e-01
 2.62732e-01
 2.74221e-01
 2.85844e-01
 2.97667e-01
 3.09663e-01
 3.21913e-01
 3.34377e-01
 3.47139e-01
 3.60151e-01
 3.73503e-01
 3.87132e-01
 4.01126e-01
 4.15424e-01
 4.30103e-01
 4.45101e-01
 4.60487e-01
 4.76207e-01
 4.92314e-01
 5.08768e-01
 5.25612e-01
 5.42820e-01
 5.60422e-01
 5.78418e-01
 5.96840e-01
 6.15700e-01
 6.35035e-01
 6.54907e-01
 6.75392e-01
 6.96549e-01
 7.18484e-01
 7.41828e-01
 7.69272e-01
 8.09813e-01
 8.90431e-01
 1.09194e+00
 1.67903e+00
 4.80145e+00
 1.05397e+01
 9.36665e-02
 8.83705e-02
 8.91170e-02
 9.39855e-02
 9.78161e-02
 1.03460e-01
 1.09985e-01
 1.17336e-01
 1.25506e-01
 1.34332e-01
 1.43726e-01
 1.53591e-01
 1.63820e-01
 1.74341e-01
 1.85071e-01
 1.95950e-01
 2.06930e-01
 2.17971e-01
 2.29066e-01
 2.40188e-01
 2.51364e-01
 2.62583e-01
 2.73892e-01
 2.85280e-01
 2.96813e-01
 3.08463e-01
 3.20314e-01
 3.32330e-01
 3.44599e-01
 3.57074e-01
 3.69852e-01
 3.82873e-01
 3.96232e-01
 4.09868e-01
 4.23870e-01
 4.38171e-01
 4.52853e-01
 4.67859e-01
 4.83252e-01
 4.98985e-01
 5.15111e-01
 5.31600e-01
 5.48486e-01
 5.65759e-01
 5.83454e-01
 6.01580e-01
 6.20163e-01
 6.39239e-01
 6.58881e-01
 6.79163e-01
 7.00127e-01
 7.21876e-01
 7.45052e-01
 7.72299e-01
 8.12322e-01
 8.91208e-01
 1.08617e+00
 1.66587e+00
 4.57499e+00
 1.07954e+01
 1.01570e-01
 9.70012e-02
 9.78325e-02
 1.02717e-01
 1.06783e-01
 1.12580e-01
 1.19282e-01
 1.26828e-01
 1.35188e-01
 1.44208e-01
 1.53797e-01
 1.63845e-01
 1.74257e-01
 1.84942e-01
 1.95823e-01
 2.06837e-01
 2.17928e-01
 2.29066e-01
 2.40213e-01
 2.51381e-01
 2.62545e-01
 2.73750e-01
 2.84977e-01
 2.96293e-01
 3.07673e-01
 3.19200e-01
 3.30839e-01
 3.42682e-01
 3.54683e-01
 3.66946e-01
 3.79413e-01
 3.92185e-01
 4.05200e-01
 4.18560e-01
 4.32196e-01
 4.46197e-01
 4.60507e-01
 4.75200e-01
 4.90222e-01
 5.05635e-01
 5.21407e-01
 5.37578e-01
 5.54130e-01
 5.71100e-01
 5.88494e-01
 6.06340e-01
 6.24653e-01
 6.43485e-01
 6.62913e-01
 6.83004e-01
 7.03784e-01
 7.25365e-01
 7.48439e-01
 7.75661e-01
 8.15451e-01
 8.93127e-01
 1.08242e+00
 1.64873e+00
 4.39195e+00
 1.10156e+01
 1.10046e-01
 1.06151e-01
 1.07112e-01
 1.11959e-01
 1.16265e-01
 1.22165e-01
 1.29033e-01
 1.36732e-01
 1.45250e-01
 1.54429e-01
 1.64170e-01
 1.74367e-01
 1.84915e-01
 1.95727e-01
 2.06722e-01
 2.17827e-01
 2.29001e-01
 2.40188e-01
 2.51381e-01
 2.62543e-01
 2.73704e-01
 2.84839e-01
 2.96012e-01
 3.07192e-01
 3.18465e-01
 3.29798e-01
 3.41284e-01
 3.52877e-01
 3.64687e-01
 3.76658e-01
 3.88895e-01
 4.01339e-01
 4.14099e-01
 4.27106e-01
 4.40459e-01
 4.54099e-01
 4.68111e-01
 4.82439e-01
 4.97151e-01
 5.12213e-01
 5.27676e-01
 5.43513e-01
 5.59763e-01
 5.76428e-01
 5.93543e-01
 6.11113e-01
 6.29171e-01
 6.47774e-01
 6.67006e-01
 6.86917e-01
 7.07519e-01
 7.28956e-01
 7.52015e-01
 7.79427e-01
 8.19352e-01
 8.96404e-01
 1.08125e+00
 1.63014e+00
 4.27019e+00
 1.11799e+01
 1.19112e-01
 1.15878e-01
 1.16929e-01
 1.21768e-01
 1.26249e-01
 1.32256e-01
 1.39241e-01
 1.47072e-01
 1.55706e-01
 1.65007e-01
 1.74860e-01
 1.85164e-01
 1.95808e-01
 2.06707e-01
 2.17770e-01
 2.28939e-01
 2.40144e-01
 2.51364e-01
 2.62545e-01
 2.73704e-01
 2.84802e-01
 2.95892e-01
 3.06940e-01
 3.18028e-01
 3.29121e-01
 3.40317e-01
 3.51569e-01
 3.62989e-01
 3.74523e-01
 3.86282e-01
 3.98206e-01
 4.10413e-01
 4.22835e-01
 4.35577e-01
 4.48579e-01
 4.61938e-01
 4.75594e-01
 4.89625e-01
 5.03989e-01
 5.18753e-01
 5.33884e-01
 5.49423e-01
 5.65365e-01
 5.81754e-01
 5.98592e-01
 6.15902e-01
 6.33717e-01
 6.52112e-01
 6.71165e-01
 6.90904e-01
 7.11334e-01
 7.32658e-01
 7.55818e-01
 7.83682e-01
 8.24208e-01
 9.01270e-01
 1.08326e+00
 1.61386e+00
 4.21721e+00
 1.12770e+01
 1.28799e-01
 1.26175e-01
 1.27333e-01
 1.32131e-01
 1.36782e-01
 1.42852e-01
 1.49936e-01
 1.57855e-01
 1.66577e-01
 1.75955e-01
 1.85885e-01
 1.96250e-01
 2.06953e-01
 2.17891e-01
 2.28992e-01
 2.40170e-01
 2.51390e-01
 2.62583e-01
 2.73750e-01
 2.84839e-01
 2.95892e-01
 3.06863e-01
 3.17825e-01
 3.28744e-01
 3.39713e-01
 3.50687e-01
 3.61780e-01
 3.72937e-01
 3.84275e-01
 3.95734e-01
 4.07439e-01
 4.19322e-01
 4.31495e-01
 4.43895e-01
 4.56632e-01
 4.69645e-01
 4.83018e-01
 4.96705e-01
 5.10784e-01
 5.25220e-01
 5.40060e-01
 5.55288e-01
 5.70957e-01
 5.87070e-01
 6.03650e-01
 6.20708e-01
 6.38301e-01
 6.56509e-01
 6.75398e-01
 6.94970e-01
 7.15234e-01
 7.36491e-01
 7.59900e-01
 7.88541e-01
 8.30232e-01
 9.08019e-01
 1.08895e+00
 1.60317e+00
 4.17975e+00
 1.13519e+01
 1.39120e-01
 1.37072e-01
 1.38319e-01
 1.43089e-01
 1.47857e-01
 1.53986e-01
 1.61123e-01
 1.69106e-01
 1.77871e-01
 1.87295e-01
 1.97253e-01
 2.07647e-01
 2.18358e-01
 2.29307e-01
 2.40391e-01
 2.51560e-01
 2.62732e-01
 2.73892e-01
 2.84977e-01
 2.96012e-01
 3.06940e-01
 3.17825e-01
 3.28623e-01
 3.39423e-01
 3.50179e-01
 3.61003e-01
 3.71843e-01
 3.82818e-01
 3.93867e-01
 4.05121e-01
 4.16513e-01
 4.28161e-01
 4.40002e-01
 4.52152e-01
 4.64553e-01
 4.77296e-01
 4.90330e-01
 5.03742e-01
 5.17498e-01
 5.31654e-01
 5.46183e-01
 5.61140e-01
 5.76533e-01
 5.92394e-01
 6.08718e-01
 6.25542e-01
 6.42932e-01
 6.60977e-01
 6.79713e-01
 6.99117e-01
 7.19223e-01
 7.40484e-01
 7.64339e-01
 7.94151e-01
 8.37674e-01
 9.17060e-01
 1.09891e+00
 1.60002e+00
 4.14575e+00
 1.14138e+01
 1.50096e-01
 1.48573e-01
 1.49917e-01
 1.54634e-01
 1.59505e-01
 1.65656e-01
 1.72827e-01
 1.80830e-01
 1.89612e-01
 1.99034e-01
 2.08991e-01
 2.19361e-01
 2.30054e-01
 2.40956e-01
 2.52006e-01
 2.63102e-01
 2.74221e-01
 2.85280e-01
 2.96293e-01
 3.07192e-01
 3.18028e-01
 3.28744e-01
 3.39423e-01
 3.50012e-01
 3.60623e-01
 3.71201e-01
 3.81869e-01
 3.92563e-01
 4.03416e-01
 4.14366e-01
 4.25535e-01
 4.36859e-01
 4.48462e-01
 4.60284e-01
 4.72428e-01
 4.84837e-01
 4.97605e-01
 5.10700e-01
 5.24187e-01
 5.38033e-01
 5.52293e-01
 5.66974e-01
 5.82121e-01
 5.97727e-01
 6.13812e-01
 6.30417e-01
 6.47633e-01
 6.65533e-01
 6.84122e-01
 7.03349e-01
 7.23316e-01
 7.44683e-01
 7.69241e-01
 8.00701e-01
 8.46838e-01
 9.28922e-01
 1.11366e+00
 1.60616e+00
 4.11499e+00
 1.14616e+01
 1.61736e-01
 1.60700e-01
 1.62124e-01
 1.66792e-01
 1.71724e-01
 1.77886e-01
 1.85049e-01
 1.93050e-01
 2.01802e-01
 2.11197e-01
 2.21101e-01
 2.31424e-01
 2.42041e-01
 2.52880e-01
 2.63830e-01
 2.74849e-01
 2.85844e-01
 2.96813e-01
 3.07673e-01
 3.18465e-01
 3.29121e-01
 3.39713e-01
 3.50179e-01
 3.60623e-01
 3.70989e-01
 3.81398e-01
 3.91788e-01
 4.02293e-01
 4.12850e-01
 4.23587e-01
 4.34438e-01
 4.45533e-01
 4.56813e-01
 4.68391e-01
 4.80205e-01
 4.92355e-01
 5.04810e-01
 5.17647e-01
 5.30827e-01
 5.44406e-01
 5.58387e-01
 5.72827e-01
 5.87724e-01
 6.03090e-01
 6.18943e-01
 6.35357e-01
 6.52425e-01
 6.70195e-01
 6.88628e-01
 7.07671e-01
 7.27536e-01
 7.49162e-01
 7.74756e-01
 8.08439e-01
 8.58103e-01
 9.44249e-01
 1.13384e+00
 1.62291e+00
 4.08682e+00
 1.14930e+01
 1.74053e-01
 1.73453e-01
 1.74960e-01
 1.79558e-01
 1.84533e-01
 1.90672e-01
 1.97810e-01
 2.05763e-01
 2.14466e-01
 2.23782e-01
 2.33614e-01
 2.43832e-01
 2.54359e-01
 2.65070e-01
 2.75915e-01
 2.86786e-01
 2.97667e-01
 3.08463e-01
 3.19200e-01
 3.29798e-01
 3.40317e-01
 3.50687e-01
 3.61003e-01
 3.71201e-01
 3.81398e-01
 3.91530e-01
 4.01734e-01
 4.11945e-01
 4.22296e-01
 4.32718e-01
 4.43346e-01
 4.54124e-01
 4.65169e-01
 4.76419e-01
 4.87980e-01
 4.99819e-01
 5.12025e-01
 5.24558e-01
 5.37475e-01
 5.50771e-01
 5.64513e-01
 5.78707e-01
 5.93369e-01
 6.08495e-01
 6.24139e-01
 6.40390e-01
 6.57335e-01
 6.74979e-01
 6.93237e-01
 7.12090e-01
 7.31925e-01
 7.54031e-01
 7.81085e-01
 8.17678e-01
 8.71947e-01
 9.63794e-01
 1.16038e+00
 1.65232e+00
 4.06029e+00
 1.15059e+01
 1.87051e-01
 1.86845e-01
 1.88419e-01
 1.92946e-01
 1.97924e-01
 2.04031e-01
 2.11104e-01
 2.18993e-01
 2.27597e-01
 2.36819e-01
 2.46522e-01
 2.56625e-01
 2.66996e-01
 2.77577e-01
 2.88247e-01
 2.98978e-01
 3.09663e-01
 3.20314e-01
 3.30839e-01
 3.41284e-01
 3.51569e-01
 3.61780e-01
 3.71843e-01
 3.81869e-01
 3.91788e-01
 4.01734e-01
 4.11643e-01
 4.21650e-01
 4.31688e-01
 4.41891e-01
 4.52203e-01
 4.62752e-01
 4.73473e-01
 4.84475e-01
 4.95724e-01
 5.07321e-01
 5.19226e-01
 5.31499e-01
 5.44127e-01
 5.57184e-01
 5.70682e-01
 5.84649e-01
 5.99067e-01
 6.13970e-01
 6.29429e-01
 6.45552e-01
 6.62391e-01
 6.79893e-01
 6.97950e-01
 7.16624e-01
 7.36555e-01
 7.59448e-01
 7.88495e-01
 8.28824e-01
 8.88971e-01
 9.88504e-01
 1.19454e+00
 1.69623e+00
 4.03611e+00
 1.14944e+01
 2.00732e-01
 2.00870e-01
 2.02511e-01
 2.06945e-01
 2.11913e-01
 2.17952e-01
 2.24947e-01
 2.32727e-01
 2.41221e-01
 2.50295e-01
 2.59860e-01
 2.69784e-01
 2.80001e-01
 2.90380e-01
 3.00885e-01
 3.11396e-01
 3.21913e-01
 3.32330e-01
 3.42682e-01
 3.52877e-01
 3.62989e-01
 3.72937e-01
 3.82818e-01
 3.92563e-01
 4.02293e-01
 4.11945e-01
 4.21650e-01
 4.31344e-01
 4.41163e-01
 4.51050e-01
 4.61138e-01
 4.71364e-01
 4.81839e-01
 4.92527e-01
 5.03539e-01
 5.14837e-01
 5.26486e-01
 5.38464e-01
 5.50851e-01
 5.63662e-01
 5.76940e-01
 5.90663e-01
 6.04848e-01
 6.19544e-01
 6.34859e-01
 6.50881e-01
 6.67612e-01
 6.84940e-01
 7.02768e-01
 7.21311e-01
 7.41539e-01
 7.65634e-01
 7.97342e-01
 8.42395e-01
 9.09950e-01
 1.01961e+00
 1.23801e+00
 1.75653e+00
 4.01913e+00
 1.14504e+01
 2.15091e-01
 2.15533e-01
 2.17222e-01
 2.21563e-01
 2.26484e-01
 2.32448e-01
 2.39324e-01
 2.46986e-01
 2.55319e-01
 2.64240e-01
 2.73608e-01
 2.83356e-01
 2.93348e-01
 3.03538e-01
 3.13799e-01
 3.24117e-01
 3.34377e-01
 3.44599e-01
 3.54683e-01
 3.64687e-01
 3.74523e-01
 3.84275e-01
 3.93867e-01
 4.03416e-01
 4.12850e-01
 4.22296e-01
 4.31688e-01
 4.41163e-01
 4.50665e-01
 4.60330e-01
 4.70096e-01
 4.80076e-01
 4.90233e-01
 5.00688e-01
 5.11401e-01
 5.22446e-01
 5.33795e-01
 5.45528e-01
 5.57665e-01
 5.70261e-01
 5.83298e-01
 5.96783e-01
 6.10741e-01
 6.25269e-01
 6.40476e-01
 6.56414e-01
 6.73011e-01
 6.90116e-01
 7.07701e-01
 7.26220e-01
 7.47053e-01
 7.72897e-01
 8.08082e-01
 8.59063e-01
 9.35889e-01
 1.05871e+00
 1.29300e+00
 1.83500e+00
 4.01175e+00
 1.13639e+01
 2.30122e-01
 2.30820e-01
 2.32555e-01
 2.36781e-01
 2.41645e-01
 2.47498e-01
 2.54251e-01
 2.61748e-01
 2.69918e-01
 2.78629e-01
 2.87804e-01
 2.97309e-01
 3.07090e-01
 3.17015e-01
 3.27059e-01
 3.37097e-01
 3.47139e-01
 3.57074e-01
 3.66946e-01
 3.76658e-01
 3.86282e-01
 3.95734e-01
 4.05121e-01
 4.14366e-01
 4.23587e-01
 4.32718e-01
 4.41891e-01
 4.51050e-01
 4.60330e-01
 4.69674e-01
 4.79193e-01
 4.88852e-01
 4.98777e-01
 5.08934e-01
 5.19396e-01
 5.30136e-01
 5.41234e-01
 5.52711e-01
 5.64634e-01
 5.76993e-01
 5.89790e-01
 6.03030e-01
 6.16795e-01
 6.31198e-01
 6.46330e-01
 6.62171e-01
 6.78580e-01
 6.95410e-01
 7.12783e-01
 7.31479e-01
 7.53352e-01
 7.81640e-01
 8.21315e-01
 8.79700e-01
 9.68122e-01
 1.10784e+00
 1.36239e+00
 1.93320e+00
 4.01755e+00
 1.12238e+01
 2.45811e-01
 2.46728e-01
 2.48488e-01
 2.52601e-01
 2.57373e-01
 2.63111e-01
 2.69699e-01
 2.77031e-01
 2.84987e-01
 2.93494e-01
 3.02415e-01
 3.11692e-01
 3.21191e-01
 3.30876e-01
 3.40619e-01
 3.50417e-01
 3.60151e-01
 3.69852e-01
 3.79413e-01
 3.88895e-01
 3.98206e-01
 4.07439e-01
 4.16513e-01
 4.25535e-01
 4.34438e-01
 4.43346e-01
 4.52203e-01
 4.61138e-01
 4.70096e-01
 4.79193e-01
 4.88391e-01
 4.97819e-01
 5.07447e-01
 5.17352e-01
 5.27504e-01
 5.37988e-01
 5.48823e-01
 5.60087e-01
 5.71776e-01
 5.83894e-01
 5.96434e-01
 6.09457e-01
 6.23073e-01
 6.37397e-01
 6.52459e-01
 6.68155e-01
 6.84303e-01
 7.00827e-01
 7.18093e-01
 7.37293e-01
 7.60791e-01
 7.92403e-01
 8.37811e-01
 9.05461e-01
 1.00841e+00
 1.16969e+00
 1.44994e+00
 2.05243e+00
 4.03831e+00
 1.10151e+01
 2.62142e-01
 2.63236e-01
 2.65016e-01
 2.68995e-01
 2.73670e-01
 2.79258e-01
 2.85683e-01
 2.92804e-01
 3.00553e-01
 3.08799e-01
 3.17481e-01
 3.26463e-01
 3.35705e-01
 3.45073e-01
 3.54554e-01
 3.64025e-01
 3.73503e-01
 3.82873e-01
 3.92185e-01
 4.01339e-01
 4.10413e-01
 4.19322e-01
 4.28161e-01
 4.36859e-01
 4.45533e-01
 4.54124e-01
 4.62752e-01
 4.71364e-01
 4.80076e-01
 4.88852e-01
 4.97819e-01
 5.06950e-01
 5.16326e-01
 5.25918e-01
 5.35812e-01
 5.46027e-01
 5.56647e-01
 5.67676e-01
 5.79125e-01
 5.90977e-01
 6.03279e-01
 6.16127e-01
 6.29651e-01
 6.43919e-01
 6.58877e-01
 6.74348e-01
 6.90159e-01
 7.06404e-01
 7.23785e-01
 7.43971e-01
 7.69860e-01
 8.05882e-01
 8.58591e-01
 9.37888e-01
 1.05914e+00
 1.24777e+00
 1.56058e+00
 2.19294e+00
 4.07766e+00
 1.07204e+01
 2.79093e-01
 2.80332e-01
 2.82109e-01
 2.85960e-01
 2.90504e-01
 2.95944e-01
 3.02166e-01
 3.09083e-01
 3.16574e-01
 3.24577e-01
 3.32958e-01
 3.41670e-01
 3.50583e-01
 3.59671e-01
 3.68810e-01
 3.78002e-01
 3.87132e-01
 3.96232e-01
 4.05200e-01
 4.14099e-01
 4.22835e-01
 4.31495e-01
 4.40002e-01
 4.48462e-01
 4.56813e-01
 4.65169e-01
 4.73473e-01
 4.81839e-01
 4.90233e-01
 4.98777e-01
 5.07447e-01
 5.16326e-01
 5.25387e-01
 5.34720e-01
 5.44341e-01
 5.54338e-01
 5.64722e-01
 5.75513e-01
 5.86690e-01
 5.98287e-01
 6.10389e-01
 6.23126e-01
 6.36597e-01
 6.50794e-01
 6.65567e-01
 6.80709e-01
 6.96147e-01
 7.12240e-01
 7.30119e-01
 7.51952e-01
 7.81198e-01
 8.22996e-01
 8.85011e-01
 9.79074e-01
 1.12349e+00
 1.34662e+00
 1.70063e+00
 2.36125e+00
 4.12895e+00
 1.03192e+01
 2.96641e-01
 2.97987e-01
 2.99758e-01
 3.03459e-01
 3.07874e-01
 3.13130e-01
 3.19158e-01
 3.25826e-01
 3.33075e-01
 3.40778e-01
 3.48884e-01
 3.57262e-01
 3.65882e-01
 3.74615e-01
 3.83457e-01
 3.92287e-01
 4.01126e-01
 4.09868e-01
 4.18560e-01
 4.27106e-01
 4.35577e-01
 4.43895e-01
 4.52152e-01
 4.60284e-01
 4.68391e-01
 4.76419e-01
 4.84475e-01
 4.92527e-01
 5.00688e-01
 5.08934e-01
 5.17352e-01
 5.25918e-01
 5.34720e-01
 5.43777e-01
 5.53179e-01
 5.62940e-01
 5.73088e-01
 5.83602e-01
 5.94511e-01
 6.05885e-01
 6.17855e-01
 6.30536e-01
 6.43957e-01
 6.58010e-01
 6.72481e-01
 6.87209e-01
 7.02321e-01
 7.18547e-01
 7.37487e-01
 7.61835e-01
 7.95658e-01
 8.44961e-01
 9.18924e-01
 1.03189e+00
 1.20575e+00
 1.47200e+00
 1.87720e+00
 2.56529e+00
 4.18122e+00
 9.78803e+00
 3.14757e-01
 3.16182e-01
 3.17925e-01
 3.21483e-01
 3.25738e-01
 3.30820e-01
 3.36614e-01
 3.43049e-01
 3.50007e-01
 3.57436e-01
 3.65207e-01
 3.73285e-01
 3.81543e-01
 3.89966e-01
 3.98435e-01
 4.06957e-01
 4.15424e-01
 4.23870e-01
 4.32196e-01
 4.40459e-01
 4.48579e-01
 4.56632e-01
 4.64553e-01
 4.72428e-01
 4.80205e-01
 4.87980e-01
 4.95724e-01
 5.03539e-01
 5.11401e-01
 5.19396e-01
 5.27504e-01
 5.35812e-01
 5.44341e-01
 5.53179e-01
 5.62345e-01
 5.71871e-01
 5.81738e-01
 5.91976e-01
 6.02645e-01
 6.13871e-01
 6.25776e-01
 6.38419e-01
 6.51727e-01
 6.65510e-01
 6.79559e-01
 6.93855e-01
 7.08839e-01
 7.25675e-01
 7.46458e-01
 7.74428e-01
 8.14361e-01
 8.73440e-01
 9.62883e-01
 1.10026e+00
 1.31157e+00
 1.63091e+00
 2.09764e+00
 2.80448e+00
 4.22533e+00
 9.10268e+00
 3.33410e-01
 3.34885e-01
 3.36596e-01
 3.39993e-01
 3.44094e-01
 3.48966e-01
 3.54542e-01
 3.60702e-01
 3.67393e-01
 3.74495e-01
 3.81965e-01
 3.89682e-01
 3.97621e-01
 4.05664e-01
 4.13811e-01
 4.21950e-01
 4.30103e-01
 4.38171e-01
 4.46197e-01
 4.54099e-01
 4.61938e-01
 4.69645e-01
 4.77296e-01
 4.84837e-01
 4.92355e-01
 4.99819e-01
 5.07321e-01
 5.14837e-01
 5.22446e-01
 5.30136e-01
 5.37988e-01
 5.46027e-01
 5.54338e-01
 5.62940e-01
 5.71871e-01
 5.81116e-01
 5.90702e-01
 6.00691e-01
 6.11199e-01
 6.22350e-01
 6.34223e-01
 6.46777e-01
 6.59848e-01
 6.73215e-01
 6.86773e-01
 7.00759e-01
 7.16011e-01
 7.34159e-01
 7.57803e-01
 7.90795e-01
 8.38834e-01
 9.10737e-01
 1.02048e+00
 1.18958e+00
 1.44828e+00
 1.83131e+00
 2.36704e+00
 3.07100e+00
 4.24710e+00
 8.24557e+00
 3.52568e-01
 3.54071e-01
 3.55729e-01
 3.58975e-01
 3.62894e-01
 3.67570e-01
 3.72892e-01
 3.78799e-01
 3.85178e-01
 3.91984e-01
 3.99100e-01
 4.06494e-01
 4.14054e-01
 4.21766e-01
 4.29523e-01
 4.37334e-01
 4.45101e-01
 4.52853e-01
 4.60507e-01
 4.68111e-01
 4.75594e-01
 4.83018e-01
 4.90330e-01
 4.97605e-01
 5.04810e-01
 5.12025e-01
 5.19226e-01
 5.26486e-01
 5.33795e-01
 5.41234e-01
 5.48823e-01
 5.56647e-01
 5.64722e-01
 5.73088e-01
 5.81738e-01
 5.90702e-01
 6.00038e-01
 6.09858e-01
 6.20284e-01
 6.31403e-01
 6.43203e-01
 6.55545e-01
 6.68216e-01
 6.81063e-01
 6.94189e-01
 7.08192e-01
 7.24343e-01
 7.44754e-01
 7.72565e-01
 8.12376e-01
 8.71199e-01
 9.60137e-01
 1.09674e+00
 1.30708e+00
 1.62482e+00
 2.08188e+00
 2.68257e+00
 3.34672e+00
 4.22231e+00
 7.21603e+00
 3.72198e-01
 3.73703e-01
 3.75308e-01
 3.78385e-01
 3.82133e-01
 3.86584e-01
 3.91671e-01
 3.97287e-01
 4.03382e-01
 4.09847e-01
 4.16644e-01
 4.23665e-01
 4.30889e-01
 4.38211e-01
 4.45630e-01
 4.53049e-01
 4.60487e-01
 4.67859e-01
 4.75200e-01
 4.82439e-01
 4.89625e-01
 4.96705e-01
 5.03742e-01
 5.10700e-01
 5.17647e-01
 5.24558e-01
 5.31499e-01
 5.38464e-01
 5.45528e-01
 5.52711e-01
 5.60087e-01
 5.67676e-01
 5.75513e-01
 5.83602e-01
 5.91976e-01
 6.00691e-01
 6.09858e-01
 6.19592e-01
 6.29987e-01
 6.41042e-01
 6.52648e-01
 6.64607e-01
 6.76742e-01
 6.89079e-01
 7.02040e-01
 7.16631e-01
 7.34583e-01
 7.58492e-01
 7.92133e-01
 8.41164e-01
 9.14486e-01
 1.02632e+00
 1.19865e+00
 1.46216e+00
 1.85143e+00
 2.38853e+00
 3.02693e+00
 3.60304e+00
 4.13302e+00
 6.03552e+00
 3.92263e-01
 3.93757e-01
 3.95292e-01
 3.98209e-01
 4.01764e-01
 4.06005e-01
 4.10827e-01
 4.16177e-01
 4.21951e-01
 4.28107e-01
 4.34543e-01
 4.41230e-01
 4.48068e-01
 4.55047e-01
 4.62074e-01
 4.69155e-01
 4.76207e-01
 4.83252e-01
 4.90222e-01
 4.97151e-01
 5.03989e-01
 5.10784e-01
 5.17498e-01
 5.24187e-01
 5.30827e-01
 5.37475e-01
 5.44127e-01
 5.50851e-01
 5.57665e-01
 5.64634e-01
 5.71776e-01
 5.79125e-01
 5.86690e-01
 5.94511e-01
 6.02645e-01
 6.11199e-01
 6.20284e-01
 6.29987e-01
 6.40319e-01
 6.51191e-01
 6.62423e-01
 6.73840e-01
 6.85418e-01
 6.97465e-01
 7.10791e-01
 7.26833e-01
 7.47771e-01
 7.76754e-01
 8.18432e-01
 8.80023e-01
 9.73115e-01
 1.11601e+00
 1.33567e+00
 1.66621e+00
 2.13857e+00
 2.74693e+00
 3.36933e+00
 3.79837e+00
 3.94902e+00
 4.75618e+00
 4.12733e-01
 4.14195e-01
 4.15661e-01
 4.18405e-01
 4.21778e-01
 4.25786e-01
 4.30364e-01
 4.35418e-01
 4.40899e-01
 4.46712e-01
 4.52822e-01
 4.59135e-01
 4.65631e-01
 4.72223e-01
 4.78905e-01
 4.85599e-01
 4.92314e-01
 4.98985e-01
 5.05635e-01
 5.12213e-01
 5.18753e-01
 5.25220e-01
 5.31654e-01
 5.38033e-01
 5.44406e-01
 5.50771e-01
 5.57184e-01
 5.63662e-01
 5.70261e-01
 5.76993e-01
 5.83894e-01
 5.90977e-01
 5.98287e-01
 6.05885e-01
 6.13871e-01
 6.22350e-01
 6.31403e-01
 6.41042e-01
 6.51191e-01
 6.61692e-01
 6.72382e-01
 6.83216e-01
 6.94429e-01
 7.06688e-01
 7.21214e-01
 7.39864e-01
 7.65312e-01
 8.01448e-01
 8.54228e-01
 9.33176e-01
 1.05355e+00
 1.23859e+00
 1.52005e+00
 1.93198e+00
 2.49079e+00
 3.13187e+00
 3.66545e+00
 3.90373e+00
 3.60152e+00
 3.49511e+00
 4.33574e-01
 4.34995e-01
 4.36376e-01
 4.38958e-01
 4.42134e-01
 4.45925e-01
 4.50237e-01
 4.55019e-01
 4.60181e-01
 4.65682e-01
 4.71435e-01
 4.77411e-01
 4.83530e-01
 4.89775e-01
 4.96075e-01
 5.02426e-01
 5.08768e-01
 5.15111e-01
 5.21407e-01
 5.27676e-01
 5.33884e-01
 5.40060e-01
 5.46183e-01
 5.52293e-01
 5.58387e-01
 5.64513e-01
 5.70682e-01
 5.76940e-01
 5.83298e-01
 5.89790e-01
 5.96434e-01
 6.03279e-01
 6.10389e-01
 6.17855e-01
 6.25776e-01
 6.34223e-01
 6.43203e-01
 6.52648e-01
 6.62423e-01
 6.72382e-01
 6.82480e-01
 6.92912e-01
 7.04250e-01
 7.17549e-01
 7.34422e-01
 7.57181e-01
 7.89141e-01
 8.35309e-01
 9.03637e-01
 1.00692e+00
 1.16511e+00
 1.40679e+00
 1.76614e+00
 2.27026e+00
 2.89609e+00
 3.50031e+00
 3.87694e+00
 3.76073e+00
 3.11048e+00
 2.41185e+00
 4.54757e-01
 4.56123e-01
 4.57423e-01
 4.59834e-01
 4.62823e-01
 4.66382e-01
 4.70448e-01
 4.74939e-01
 4.79808e-01
 4.84973e-01
 4.90401e-01
 4.96015e-01
 5.01792e-01
 5.07665e-01
 5.13621e-01
 5.19603e-01
 5.25612e-01
 5.31600e-01
 5.37578e-01
 5.43513e-01
 5.49423e-01
 5.55288e-01
 5.61140e-01
 5.66974e-01
 5.72827e-01
 5.78707e-01
 5.84649e-01
 5.90663e-01
 5.96783e-01
 6.03030e-01
 6.09457e-01
 6.16127e-01
 6.23126e-01
 6.30536e-01
 6.38419e-01
 6.46777e-01
 6.55545e-01
 6.64607e-01
 6.73840e-01
 6.83216e-01
 6.92912e-01
 7.03441e-01
 7.15739e-01
 7.31233e-01
 7.51959e-01
 7.80793e-01
 8.22039e-01
 8.82443e-01
 9.72891e-01
 1.11056e+00
 1.32082e+00
 1.63642e+00
 2.08879e+00
 2.67981e+00
 3.31438e+00
 3.78821e+00
 3.92092e+00
 3.40591e+00
 2.47060e+00
 1.63565e+00
 4.76256e-01
 4.77560e-01
 4.78771e-01
 4.81020e-01
 4.83813e-01
 4.87155e-01
 4.90963e-01
 4.95184e-01
 4.99743e-01
 5.04601e-01
 5.09687e-01
 5.14970e-01
 5.20388e-01
 5.25921e-01
 5.31516e-01
 5.37163e-01
 5.42820e-01
 5.48486e-01
 5.54130e-01
 5.59763e-01
 5.65365e-01
 5.70957e-01
 5.76533e-01
 5.82121e-01
 5.87724e-01
 5.93369e-01
 5.99067e-01
 6.04848e-01
 6.10741e-01
 6.16795e-01
 6.23073e-01
 6.29651e-01
 6.36597e-01
 6.43957e-01
 6.51727e-01
 6.59848e-01
 6.68216e-01
 6.76742e-01
 6.85418e-01
 6.94429e-01
 7.04250e-01
 7.15739e-01
 7.30182e-01
 7.49403e-01
 7.75951e-01
 8.13597e-01
 8.68198e-01
 9.49150e-01
 1.07140e+00
 1.25745e+00
 1.53771e+00
 1.94482e+00
 2.49458e+00
 3.13078e+00
 3.68195e+00
 3.96039e+00
 3.64779e+00
 2.84482e+00
 1.81572e+00
 1.21410e+00
 4.98050e-01
 4.99286e-01
 5.00409e-01
 5.02491e-01
 5.05101e-01
 5.08218e-01
 5.11784e-01
 5.15726e-01
 5.20000e-01
 5.24540e-01
 5.29310e-01
 5.34252e-01
 5.39340e-01
 5.44523e-01
 5.49786e-01
 5.55088e-01
 5.60422e-01
 5.65759e-01
 5.71100e-01
 5.76428e-01
 5.81754e-01
 5.87070e-01
 5.92394e-01
 5.97727e-01
 6.03090e-01
 6.08495e-01
 6.13970e-01
 6.19544e-01
 6.25269e-01
 6.31198e-01
 6.37397e-01
 6.43919e-01
 6.50794e-01
 6.58010e-01
 6.65510e-01
 6.73215e-01
 6.81063e-01
 6.89079e-01
 6.97465e-01
 7.06688e-01
 7.17549e-01
 7.31233e-01
 7.49403e-01
 7.74363e-01
 8.09497e-01
 8.59983e-01
 9.34131e-01
 1.04510e+00
 1.21296e+00
 1.46563e+00
 1.83521e+00
 2.34472e+00
 2.96520e+00
 3.55996e+00
 3.93135e+00
 3.82125e+00
 3.16218e+00
 2.13670e+00
 1.33378e+00
 1.05223e+00
 5.20125e-01
 5.21290e-01
 5.22319e-01
 5.24246e-01
 5.26668e-01
 5.29575e-01
 5.32894e-01
 5.36577e-01
 5.40560e-01
 5.44804e-01
 5.49254e-01
 5.53880e-01
 5.58633e-01
 5.63493e-01
 5.68422e-01
 5.73406e-01
 5.78418e-01
 5.83454e-01
 5.88494e-01
 5.93543e-01
 5.98592e-01
 6.03650e-01
 6.08718e-01
 6.13812e-01
 6.18943e-01
 6.24139e-01
 6.29429e-01
 6.34859e-01
 6.40476e-01
 6.46330e-01
 6.52459e-01
 6.58877e-01
 6.65567e-01
 6.72481e-01
 6.79559e-01
 6.86773e-01
 6.94189e-01
 7.02040e-01
 7.10791e-01
 7.21214e-01
 7.34422e-01
 7.51959e-01
 7.75951e-01
 8.09497e-01
 8.57303e-01
 9.26851e-01
 1.02996e+00
 1.18471e+00
 1.41664e+00
 1.75654e+00
 2.23054e+00
 2.82684e+00
 3.44002e+00
 3.87458e+00
 3.94803e+00
 3.40393e+00
 2.44826e+00
 1.51946e+00
 1.09628e+00
 1.00904e+00
 5.42476e-01
 5.43564e-01
 5.44505e-01
 5.46276e-01
 5.48519e-01
 5.51215e-01
 5.54304e-01
 5.57726e-01
 5.61438e-01
 5.65387e-01
 5.69539e-01
 5.73850e-01
 5.78293e-01
 5.82834e-01
 5.87453e-01
 5.92126e-01
 5.96840e-01
 6.01580e-01
 6.06340e-01
 6.11113e-01
 6.15902e-01
 6.20708e-01
 6.25542e-01
 6.30417e-01
 6.35357e-01
 6.40390e-01
 6.45552e-01
 6.50881e-01
 6.56414e-01
 6.62171e-01
 6.68155e-01
 6.74348e-01
 6.80709e-01
 6.87209e-01
 6.93855e-01
 7.00759e-01
 7.08192e-01
 7.16631e-01
 7.26833e-01
 7.39864e-01
 7.57181e-01
 7.80793e-01
 8.13597e-01
 8.59983e-01
 9.26851e-01
 1.02502e+00
 1.17101e+00
 1.38828e+00
 1.70587e+00
 2.15070e+00
 2.72105e+00
 3.33587e+00
 3.81978e+00
 4.00653e+00
 3.58468e+00
 2.72354e+00
 1.72645e+00
 1.16531e+00
 1.01908e+00
 1.00104e+00
 5.65105e-01
 5.66116e-01
 5.66969e-01
 5.68590e-01
 5.70658e-01
 5.73155e-01
 5.76016e-01
 5.79195e-01
 5.82640e-01
 5.86313e-01
 5.90174e-01
 5.94191e-01
 5.98332e-01
 6.02575e-01
 6.06893e-01
 6.11275e-01
 6.15700e-01
 6.20163e-01
 6.24653e-01
 6.29171e-01
 6.33717e-01
 6.38301e-01
 6.42932e-01
 6.47633e-01
 6.52425e-01
 6.57335e-01
 6.62391e-01
 6.67612e-01
 6.73011e-01
 6.78580e-01
 6.84303e-01
 6.90159e-01
 6.96147e-01
 7.02321e-01
 7.08839e-01
 7.16011e-01
 7.24343e-01
 7.34583e-01
 7.47771e-01
 7.65312e-01
 7.89141e-01
 8.22039e-01
 8.68198e-01
 9.34131e-01
 1.02996e+00
 1.17101e+00
 1.37899e+00
 1.68106e+00
 2.10355e+00
 2.65006e+00
 3.25648e+00
 3.76869e+00
 4.02244e+00
 3.71411e+00
 2.94883e+00
 1.93175e+00
 1.25151e+00
 1.03564e+00
 1.00251e+00
 1.00007e+00
 5.88027e-01
 5.88962e-01
 5.89728e-01
 5.91204e-01
 5.93107e-01
 5.95410e-01
 5.98058e-01
 6.00999e-01
 6.04193e-01
 6.07600e-01
 6.11187e-01
 6.14921e-01
 6.18779e-01
 6.22736e-01
 6.26774e-01
 6.30878e-01
 6.35035e-01
 6.39239e-01
 6.43485e-01
 6.47774e-01
 6.52112e-01
 6.56509e-01
 6.60977e-01
 6.65533e-01
 6.70195e-01
 6.74979e-01
 6.79893e-01
 6.84940e-01
 6.90116e-01
 6.95410e-01
 7.00827e-01
 7.06404e-01
 7.12240e-01
 7.18547e-01
 7.25675e-01
 7.34159e-01
 7.44754e-01
 7.58492e-01
 7.76754e-01
 8.01448e-01
 8.35309e-01
 8.82443e-01
 9.49150e-01
 1.04510e+00
 1.18471e+00
 1.38828e+00
 1.68106e+00
 2.08798e+00
 2.61452e+00
 3.20713e+00
 3.72899e+00
 4.02063e+00
 3.80312e+00
 3.12033e+00
 2.11512e+00
 1.34558e+00
 1.05808e+00
 1.00506e+00
 1.00019e+00
 1.00000e+00
 6.11270e-01
 6.12131e-01
 6.12809e-01
 6.14151e-01
 6.15894e-01
 6.18014e-01
 6.20455e-01
 6.23174e-01
 6.26128e-01
 6.29285e-01
 6.32612e-01
 6.36082e-01
 6.39673e-01
 6.43365e-01
 6.47142e-01
 6.50992e-01
 6.54907e-01
 6.58881e-01
 6.62913e-01
 6.67006e-01
 6.71165e-01
 6.75398e-01
 6.79713e-01
 6.84122e-01
 6.88628e-01
 6.93237e-01
 6.97950e-01
 7.02768e-01
 7.07701e-01
 7.12783e-01
 7.18093e-01
 7.23785e-01
 7.30119e-01
 7.37487e-01
 7.46458e-01
 7.57803e-01
 7.72565e-01
 7.92133e-01
 8.18432e-01
 8.54228e-01
 9.03637e-01
 9.72891e-01
 1.07140e+00
 1.21296e+00
 1.41664e+00
 1.70587e+00
 2.10355e+00
 2.61452e+00
 3.19040e+00
 3.70746e+00
 4.01438e+00
 3.85843e+00
 3.23876e+00
 2.26200e+00
 1.43562e+00
 1.08393e+00
 1.00870e+00
 1.00043e+00
 1.00001e+00
 9.99998e-01
 6.34883e-01
 6.35669e-01
 6.36266e-01
 6.37479e-01
 6.39070e-01
 6.41014e-01
 6.43262e-01
 6.45770e-01
 6.48500e-01
 6.51422e-01
 6.54507e-01
 6.57732e-01
 6.61078e-01
 6.64529e-01
 6.68070e-01
 6.71694e-01
 6.75392e-01
 6.79163e-01
 6.83004e-01
 6.86917e-01
 6.90904e-01
 6.94970e-01
 6.99117e-01
 7.03349e-01
 7.07671e-01
 7.12090e-01
 7.16624e-01
 7.21311e-01
 7.26220e-01
 7.31479e-01
 7.37293e-01
 7.43971e-01
 7.51952e-01
 7.61835e-01
 7.74428e-01
 7.90795e-01
 8.12376e-01
 8.41164e-01
 8.80023e-01
 9.33176e-01
 1.00692e+00
 1.11056e+00
 1.25745e+00
 1.46563e+00
 1.75654e+00
 2.15070e+00
 2.65006e+00
 3.20713e+00
 3.70746e+00
 4.01143e+00
 3.88531e+00
 3.30783e+00
 2.36359e+00
 1.50970e+00
 1.10923e+00
 1.01300e+00
 1.00078e+00
 1.00002e+00
 1.00000e+00
 9.99998e-01
 6.58991e-01
 6.59701e-01
 6.60223e-01
 6.61311e-01
 6.62753e-01
 6.64531e-01
 6.66594e-01
 6.68900e-01
 6.71417e-01
 6.74117e-01
 6.76974e-01
 6.79970e-01
 6.83088e-01
 6.86313e-01
 6.89637e-01
 6.93051e-01
 6.96549e-01
 7.00127e-01
 7.03784e-01
 7.07519e-01
 7.11334e-01
 7.15234e-01
 7.19223e-01
 7.23316e-01
 7.27536e-01
 7.31925e-01
 7.36555e-01
 7.41539e-01
 7.47053e-01
 7.53352e-01
 7.60791e-01
 7.69860e-01
 7.81198e-01
 7.95658e-01
 8.14361e-01
 8.38834e-01
 8.71199e-01
 9.14486e-01
 9.73115e-01
 1.05355e+00
 1.16511e+00
 1.32082e+00
 1.53771e+00
 1.83521e+00
 2.23054e+00
 2.72105e+00
 3.25648e+00
 3.72899e+00
 4.01438e+00
 3.88531e+00
 3.33037e+00
 2.41530e+00
 1.55818e+00
 1.12946e+00
 1.01716e+00
 1.00120e+00
 1.00004e+00
 1.00000e+00
 1.00000e+00
 9.99998e-01
 6.84013e-01
 6.84650e-01
 6.85091e-01
 6.86044e-01
 6.87333e-01
 6.88937e-01
 6.90804e-01
 6.92896e-01
 6.95187e-01
 6.97650e-01
 7.00266e-01
 7.03021e-01
 7.05899e-01
 7.08891e-01
 7.11989e-01
 7.15188e-01
 7.18484e-01
 7.21876e-01
 7.25365e-01
 7.28956e-01
 7.32658e-01
 7.36491e-01
 7.40484e-01
 7.44683e-01
 7.49162e-01
 7.54031e-01
 7.59448e-01
 7.65634e-01
 7.72897e-01
 7.81640e-01
 7.92403e-01
 8.05882e-01
 8.22996e-01
 8.44961e-01
 8.73440e-01
 9.10737e-01
 9.60137e-01
 1.02632e+00
 1.11601e+00
 1.23859e+00
 1.40679e+00
 1.63642e+00
 1.94482e+00
 2.34472e+00
 2.82684e+00
 3.33587e+00
 3.76869e+00
 4.02063e+00
 3.85843e+00
 3.30783e+00
 2.41530e+00
 1.57502e+00
 1.14071e+00
 1.02019e+00
 1.00158e+00
 1.00006e+00
 1.00000e+00
 1.00000e+00
 1.00000e+00
 9.99998e-01
 7.11421e-01
 7.11979e-01
 7.12308e-01
 7.13096e-01
 7.14190e-01
 7.15561e-01
 7.17163e-01
 7.18965e-01
 7.20944e-01
 7.23081e-01
 7.25362e-01
 7.27780e-01
 7.30330e-01
 7.33007e-01
 7.35815e-01
 7.38753e-01
 7.41828e-01
 7.45052e-01
 7.48439e-01
 7.52015e-01
 7.55818e-01
 7.59900e-01
 7.64339e-01
 7.69241e-01
 7.74756e-01
 7.81085e-01
 7.88495e-01
 7.97342e-01
 8.08082e-01
 8.21315e-01
 8.37811e-01
 8.58591e-01
 8.85011e-01
 9.18924e-01
 9.62883e-01
 1.02048e+00
 1.09674e+00
 1.19865e+00
 1.33567e+00
 1.52005e+00
 1.76614e+00
 2.08879e+00
 2.49458e+00
 2.96520e+00
 3.44002e+00
 3.81978e+00
 4.02244e+00
 3.80312e+00
 3.23876e+00
 2.36359e+00
 1.55818e+00
 1.14071e+00
 1.02130e+00
 1.00182e+00
 1.00007e+00
 1.00000e+00
 1.00000e+00
 1.00000e+00
 1.00000e+00
 9.99998e-01
 7.45777e-01
 7.46220e-01
 7.46360e-01
 7.46881e-01
 7.47636e-01
 7.48601e-01
 7.49741e-01
 7.51035e-01
 7.52470e-01
 7.54040e-01
 7.55744e-01
 7.57585e-01
 7.59569e-01
 7.61707e-01
 7.64017e-01
 7.66527e-01
 7.69272e-01
 7.72299e-01
 7.75661e-01
 7.79427e-01
 7.83682e-01
 7.88541e-01
 7.94151e-01
 8.00701e-01
 8.08439e-01
 8.17678e-01
 8.28824e-01
 8.42395e-01
 8.59063e-01
 8.79700e-01
 9.05461e-01
 9.37888e-01
 9.79074e-01
 1.03189e+00
 1.10026e+00
 1.18958e+00
 1.30708e+00
 1.46216e+00
 1.66621e+00
 1.93198e+00
 2.27026e+00
 2.67981e+00
 3.13078e+00
 3.55996e+00
 3.87458e+00
 4.00653e+00
 3.71411e+00
 3.12033e+00
 2.26200e+00
 1.50970e+00
 1.12946e+00
 1.02019e+00
 1.00182e+00
 1.00008e+00
 1.00000e+00
 1.00000e+00
 1.00000e+00
 1.00000e+00
 1.00000e+00
 9.99998e-01
 8.01716e-01
 8.01944e-01
 8.01699e-01
 8.01655e-01
 8.01675e-01
 8.01752e-01
 8.01870e-01
 8.02029e-01
 8.02238e-01
 8.02518e-01
 8.02898e-01
 8.03415e-01
 8.04112e-01
 8.05037e-01
 8.06251e-01
 8.07819e-01
 8.09813e-01
 8.12322e-01
 8.15451e-01
 8.19352e-01
 8.24208e-01
 8.30232e-01
 8.37674e-01
 8.46838e-01
 8.58103e-01
 8.71947e-01
 8.88971e-01
 9.09950e-01
 9.35889e-01
 9.68122e-01
 1.00841e+00
 1.05914e+00
 1.12349e+00
 1.20575e+00
 1.31157e+00
 1.44828e+00
 1.62482e+00
 1.85143e+00
 2.13857e+00
 2.49079e+00
 2.89609e+00
 3.31438e+00
 3.68195e+00
 3.93135e+00
 3.94803e+00
 3.58468e+00
 2.94883e+00
 2.11512e+00
 1.43562e+00
 1.10923e+00
 1.01716e+00
 1.00158e+00
 1.00007e+00
 1.00000e+00
 1.00000e+00
 1.00000e+00
 1.00000e+00
 1.00000e+00
 1.00000e+00
 9.99998e-01
 9.18125e-01
 9.17949e-01
 9.16896e-01
 9.15654e-01
 9.14109e-01
 9.12285e-01
 9.10187e-01
 9.07853e-01
 9.05334e-01
 9.02709e-01
 9.00063e-01
 8.97503e-01
 8.95145e-01
 8.93116e-01
 8.91554e-01
 8.90607e-01
 8.90431e-01
 8.91208e-01
 8.93127e-01
 8.96404e-01
 9.01270e-01
 9.08019e-01
 9.17060e-01
 9.28922e-01
 9.44249e-01
 9.63794e-01
 9.88504e-01
 1.01961e+00
 1.05871e+00
 1.10784e+00
 1.16969e+00
 1.24777e+00
 1.34662e+00
 1.47200e+00
 1.63091e+00
 1.83131e+00
 2.08188e+00
 2.38853e+00
 2.74693e+00
 3.13187e+00
 3.50031e+00
 3.78821e+00
 3.96039e+00
 3.82125e+00
 3.40393e+00
 2.72354e+00
 1.93175e+00
 1.34558e+00
 1.08393e+00
 1.01300e+00
 1.00120e+00
 1.00006e+00
 1.00000e+00
 1.00000e+00
 1.00000e+00
 1.00000e+00
 1.00000e+00
 1.00000e+00
 1.00000e+00
 9.99998e-01
 1.19041e+00
 1.18984e+00
 1.18782e+00
 1.18513e+00
 1.18165e+00
 1.17734e+00
 1.17218e+00
 1.16616e+00
 1.15931e+00
 1.15171e+00
 1.14345e+00
 1.13469e+00
 1.12561e+00
 1.11646e+00
 1.10754e+00
 1.09923e+00
 1.09194e+00
 1.08617e+00
 1.08242e+00
 1.08125e+00
 1.08326e+00
 1.08895e+00
 1.09891e+00
 1.11366e+00
 1.13384e+00
 1.16038e+00
 1.19454e+00
 1.23801e+00
 1.29300e+00
 1.36239e+00
 1.44994e+00
 1.56058e+00
 1.70063e+00
 1.87720e+00
 2.09764e+00
 2.36704e+00
 2.68257e+00
 3.02693e+00
 3.36933e+00
 3.66545e+00
 3.87694e+00
 3.92092e+00
 3.64779e+00
 3.16218e+00
 2.44826e+00
 1.72645e+00
 1.25151e+00
 1.05808e+00
 1.00870e+00
 1.00078e+00
 1.00004e+00
 1.00000e+00
 1.00000e+00
 1.00000e+00
 1.00000e+00
 1.00000e+00
 1.00000e+00
 1.00000e+00
 1.00000e+00
 9.99998e-01
 1.60174e+00
 1.60350e+00
 1.60562e+00
 1.60924e+00
 1.61436e+00
 1.62092e+00
 1.62874e+00
 1.63764e+00
 1.64732e+00
 1.65738e+00
 1.66730e+00
 1.67642e+00
 1.68390e+00
 1.68882e+00
 1.69021e+00
 1.68713e+00
 1.67903e+00
 1.66587e+00
 1.64873e+00
 1.63014e+00
 1.61386e+00
 1.60317e+00
 1.60002e+00
 1.60616e+00
 1.62291e+00
 1.65232e+00
 1.69623e+00
 1.75653e+00
 1.83500e+00
 1.93320e+00
 2.05243e+00
 2.19294e+00
 2.36125e+00
 2.56529e+00
 2.80448e+00
 3.07100e+00
 3.34672e+00
 3.60304e+00
 3.79837e+00
 3.90373e+00
 3.76073e+00
 3.40591e+00
 2.84482e+00
 2.13670e+00
 1.51946e+00
 1.16531e+00
 1.03564e+00
 1.00506e+00
 1.00043e+00
 1.00002e+00
 1.00000e+00
 1.00000e+00
 1.00000e+00
 1.00000e+00
 1.00000e+00
 1.00000e+00
 1.00000e+00
 1.00000e+00
 1.00000e+00
 9.99998e-01
 7.33460e+00
 7.32086e+00
 7.28731e+00
 7.23633e+00
 7.16708e+00
 7.07833e+00
 6.96864e+00
 6.83705e+00
 6.68273e+00
 6.50534e+00
 6.30509e+00
 6.08306e+00
 5.84170e+00
 5.58522e+00
 5.31991e+00
 5.05470e+00
 4.80145e+00
 4.57499e+00
 4.39195e+00
 4.27019e+00
 4.21721e+00
 4.17975e+00
 4.14575e+00
 4.11499e+00
 4.08682e+00
 4.06029e+00
 4.03611e+00
 4.01913e+00
 4.01175e+00
 4.01755e+00
 4.03831e+00
 4.07766e+00
 4.12895e+00
 4.18122e+00
 4.22533e+00
 4.24710e+00
 4.22231e+00
 4.13302e+00
 3.94902e+00
 3.60152e+00
 3.11048e+00
 2.47060e+00
 1.81572e+00
 1.33378e+00
 1.09628e+00
 1.01908e+00
 1.00251e+00
 1.00019e+00
 1.00001e+00
 1.00000e+00
 1.00000e+00
 1.00000e+00
 1.00000e+00
 1.00000e+00
 1.00000e+00
 1.00000e+00
 1.00000e+00
 1.00000e+00
 1.00000e+00
 9.99998e-01
 7.97976e+00
 8.00127e+00
 8.03463e+00
 8.08311e+00
 8.14978e+00
 8.23672e+00
 8.34439e+00
 8.47333e+00
 8.62457e+00
 8.79842e+00
 8.99521e+00
 9.21478e+00
 9.45552e+00
 9.71459e+00
 9.98712e+00
 1.02656e+01
 1.05397e+01
 1.07954e+01
 1.10156e+01
 1.11799e+01
 1.12770e+01
 1.13519e+01
 1.14138e+01
 1.14616e+01
 1.14930e+01
 1.15059e+01
 1.14944e+01
 1.14504e+01
 1.13639e+01
 1.12238e+01
 1.10151e+01
 1.07204e+01
 1.03192e+01
 9.78803e+00
 9.10268e+00
 8.24557e+00
 7.21603e+00
 6.03552e+00
 4.75618e+00
 3.49511e+00
 2.41185e+00
 1.63565e+00
 1.21410e+00
 1.05223e+00
 1.00904e+00
 1.00104e+00
 1.00007e+00
 1.00000e+00
 9.99998e-01
 9.99998e-01
 9.99998e-01
 9.99998e-01
 9.99998e-01
 9.99998e-01
 9.99998e-01
 9.99998e-01
 9.99998e-01
 9.99998e-01
 9.99998e-01
 9.99996e-01
