Density
part
         1
quad4
 7.41600e-03
 1.85471e-02
 1.91980e-02
 2.20110e-02
 2.55074e-02
 3.57180e-02
 4.04721e-02
 4.32060e-02
 5.26063e-02
 5.68406e-02
 6.50124e-02
 7.20376e-02
 8.07208e-02
 8.97901e-02
 9.99966e-02
 1.11111e-01
 1.23348e-01
 1.36727e-01
 1.51316e-01
 1.67189e-01
 1.84396e-01
 2.02997e-01
 2.23043e-01
 2.44581e-01
 2.67658e-01
 2.92321e-01
 3.18624e-01
 3.46620e-01
 3.76393e-01
 4.08039e-01
 4.41708e-01
 4.77581e-01
 5.15961e-01
 5.57356e-01
 6.02295e-01
 6.52167e-01
 7.11933e-01
 7.93133e-01
 9.14547e-01
 1.10071e+00
 1.37889e+00
 1.77159e+00
 2.27438e+00
 2.75758e+00
 3.07050e+00
 2.99499e+00
 2.43926e+00
 1.61708e+00
 1.10338e+00
 1.00424e+00
 1.00003e+00
 1.00000e+00
 1.00000e+00
 1.00000e+00
 1.00000e+00
 1.00000e+00
 1.00000e+00
 1.00000e+00
 1.00000e+00
 9.99999e-01
 1.85471e-02
 1.89800e-02
 1.91419e-02
 1.97215e-02
 2.75959e-02
 3.05271e-02
 3.28657e-02
 3.92384e-02
 4.59789e-02
 5.23921e-02
 6.02261e-02
 6.80549e-02
 7.71608e-02
 8.68785e-02
 9.77090e-02
 1.09457e-01
 1.22320e-01
 1.36276e-01
 1.51427e-01
 1.67799e-01
 1.85459e-01
 2.04450e-01
 2.24835e-01
 2.46647e-01
 2.69956e-01
 2.94787e-01
 3.21214e-01
 3.49288e-01
 3.79108e-01
 4.10745e-01
 4.44393e-01
 4.80225e-01
 5.18547e-01
 5.59851e-01
 6.04708e-01
 6.54558e-01
 7.14429e-01
 7.95979e-01
 9.18216e-01
 1.10597e+00
 1.38671e+00
 1.78283e+00
 2.28807e+00
 2.77030e+00
 3.07945e+00
 2.99137e+00
 2.42815e+00
 1.60410e+00
 1.09910e+00
 1.00396e+00
 1.00003e+00
 1.00000e+00
 1.00000e+00
 1.00000e+00
 1.00000e+00
 1.00000e+00
 1.00000e+00
 1.00000e+00
 1.00000e+00
 9.99999e-01
 1.91980e-02
 1.91419e-02
 1.90438e-02
 1.89331e-02
 2.28956e-02
 2.58979e-02
 2.86978e-02
 3.85906e-02
 4.29758e-02
 5.20324e-02
 5.92761e-02
 6.85213e-02
 7.77714e-02
 8.81527e-02
 9.91929e-02
 1.11262e-01
 1.24282e-01
 1.38419e-01
 1.53682e-01
 1.70179e-01
 1.87933e-01
 2.07024e-01
 2.27472e-01
 2.49350e-01
 2.72678e-01
 2.97534e-01
 3.23946e-01
 3.52004e-01
 3.81765e-01
 4.13360e-01
 4.46940e-01
 4.82692e-01
 5.20919e-01
 5.62169e-01
 6.06976e-01
 6.56797e-01
 7.16865e-01
 7.99246e-01
 9.23329e-01
 1.11414e+00
 1.39907e+00
 1.80032e+00
 2.30836e+00
 2.78747e+00
 3.08923e+00
 2.97890e+00
 2.40229e+00
 1.57731e+00
 1.09079e+00
 1.00345e+00
 1.00002e+00
 1.00000e+00
 1.00000e+00
 1.00000e+00
 1.00000e+00
 1.00000e+00
 1.00000e+00
 1.00000e+00
 1.00000e+00
 9.99999e-01
 2.20110e-02
 1.97215e-02
 1.89331e-02
 2.28987e-02
 2.59185e-02
 3.04613e-02
 3.68131e-02
 4.32433e-02
 5.01443e-02
 5.77344e-02
 6.57166e-02
 7.44512e-02
 8.38714e-02
 9.41031e-02
 1.05224e-01
 1.17276e-01
 1.30361e-01
 1.44503e-01
 1.59801e-01
 1.76275e-01
 1.94010e-01
 2.13030e-01
 2.33408e-01
 2.55171e-01
 2.78390e-01
 3.03091e-01
 3.29360e-01
 3.57232e-01
 3.86832e-01
 4.18229e-01
 4.51630e-01
 4.87180e-01
 5.25254e-01
 5.66352e-01
 6.10995e-01
 6.60742e-01
 7.21222e-01
 8.05009e-01
 9.31894e-01
 1.12719e+00
 1.41834e+00
 1.82740e+00
 2.33955e+00
 2.81385e+00
 3.10383e+00
 2.95988e+00
 2.36173e+00
 1.53744e+00
 1.07917e+00
 1.00279e+00
 1.00002e+00
 1.00000e+00
 1.00000e+00
 1.00000e+00
 1.00000e+00
 1.00000e+00
 1.00000e+00
 1.00000e+00
 1.00000e+00
 9.99999e-01
 2.55074e-02
 2.75959e-02
 2.28956e-02
 2.59185e-02
 2.96194e-02
 3.43449e-02
 4.04182e-02
 4.69397e-02
 5.40672e-02
 6.18304e-02
 7.01287e-02
 7.92390e-02
 8.89584e-02
 9.95735e-02
 1.10957e-01
 1.23305e-01
 1.36588e-01
 1.50932e-01
 1.66356e-01
 1.82947e-01
 2.00735e-01
 2.19799e-01
 2.40156e-01
 2.61895e-01
 2.85023e-01
 3.09644e-01
 3.35763e-01
 3.63513e-01
 3.92925e-01
 4.24167e-01
 4.57371e-01
 4.92754e-01
 5.30659e-01
 5.71614e-01
 6.16099e-01
 6.65872e-01
 7.27047e-01
 8.12850e-01
 9.43634e-01
 1.14512e+00
 1.44479e+00
 1.86454e+00
 2.38159e+00
 2.84849e+00
 3.12114e+00
 2.93266e+00
 2.30447e+00
 1.48562e+00
 1.06540e+00
 1.00208e+00
 1.00001e+00
 1.00000e+00
 1.00000e+00
 1.00000e+00
 1.00000e+00
 1.00000e+00
 1.00000e+00
 1.00000e+00
 1.00000e+00
 9.99999e-01
 3.57180e-02
 3.05271e-02
 2.58979e-02
 3.04613e-02
 3.43449e-02
 3.94177e-02
 4.57627e-02
 5.24955e-02
 5.99929e-02
 6.80125e-02
 7.66969e-02
 8.60250e-02
 9.60802e-02
 1.06886e-01
 1.18527e-01
 1.31034e-01
 1.44496e-01
 1.58945e-01
 1.74470e-01
 1.91099e-01
 2.08923e-01
 2.27950e-01
 2.48282e-01
 2.69917e-01
 2.92962e-01
 3.17421e-01
 3.43408e-01
 3.70956e-01
 4.00198e-01
 4.31220e-01
 4.64243e-01
 4.99406e-01
 5.37152e-01
 5.77941e-01
 6.22281e-01
 6.72163e-01
 7.34359e-01
 8.22897e-01
 9.58816e-01
 1.16836e+00
 1.47899e+00
 1.91230e+00
 2.43427e+00
 2.89028e+00
 3.13863e+00
 2.89541e+00
 2.22880e+00
 1.42395e+00
 1.05088e+00
 1.00143e+00
 1.00001e+00
 1.00000e+00
 1.00000e+00
 1.00000e+00
 1.00000e+00
 1.00000e+00
 1.00000e+00
 1.00000e+00
 1.00000e+00
 9.99999e-01
 4.04721e-02
 3.28657e-02
 2.86978e-02
 3.68131e-02
 4.04182e-02
 4.57627e-02
 5.21241e-02
 5.89953e-02
 6.66809e-02
 7.50025e-02
 8.39828e-02
 9.36756e-02
 1.04045e-01
 1.15177e-01
 1.27083e-01
 1.39841e-01
 1.53483e-01
 1.68101e-01
 1.83715e-01
 2.00427e-01
 2.18248e-01
 2.37278e-01
 2.57526e-01
 2.79090e-01
 3.01982e-01
 3.26310e-01
 3.52086e-01
 3.79466e-01
 4.08459e-01
 4.39295e-01
 4.72069e-01
 5.07033e-01
 5.44593e-01
 5.85229e-01
 6.29422e-01
 6.79544e-01
 7.43173e-01
 8.35300e-01
 9.77768e-01
 1.19744e+00
 1.52160e+00
 1.97123e+00
 2.49724e+00
 2.93773e+00
 3.15273e+00
 2.84461e+00
 2.13463e+00
 1.35547e+00
 1.03698e+00
 1.00089e+00
 1.00000e+00
 1.00000e+00
 1.00000e+00
 1.00000e+00
 1.00000e+00
 1.00000e+00
 1.00000e+00
 1.00000e+00
 1.00000e+00
 9.99999e-01
 4.32060e-02
 3.92384e-02
 3.85906e-02
 4.32433e-02
 4.69397e-02
 5.24955e-02
 5.89953e-02
 6.62333e-02
 7.42096e-02
 8.28915e-02
 9.22324e-02
 1.02273e-01
 1.12999e-01
 1.24441e-01
 1.36643e-01
 1.49634e-01
 1.63496e-01
 1.78249e-01
 1.93993e-01
 2.10746e-01
 2.28603e-01
 2.47584e-01
 2.67786e-01
 2.89214e-01
 3.11997e-01
 3.36113e-01
 3.61734e-01
 3.88855e-01
 4.17652e-01
 4.48229e-01
 4.80786e-01
 5.15510e-01
 5.52919e-01
 5.93380e-01
 6.37453e-01
 6.87991e-01
 7.53589e-01
 8.50343e-01
 1.00100e+00
 1.23309e+00
 1.57363e+00
 2.04199e+00
 2.57009e+00
 2.98896e+00
 3.15909e+00
 2.77721e+00
 2.02196e+00
 1.28410e+00
 1.02487e+00
 1.00050e+00
 1.00000e+00
 1.00000e+00
 1.00000e+00
 1.00000e+00
 1.00000e+00
 1.00000e+00
 1.00000e+00
 1.00000e+00
 1.00000e+00
 9.99999e-01
 5.26063e-02
 4.59789e-02
 4.29758e-02
 5.01443e-02
 5.40672e-02
 5.99929e-02
 6.66809e-02
 7.42096e-02
 8.25276e-02
 9.15724e-02
 1.01309e-01
 1.11729e-01
 1.22824e-01
 1.34612e-01
 1.47103e-01
 1.60365e-01
 1.74416e-01
 1.89342e-01
 2.05174e-01
 2.21999e-01
 2.39843e-01
 2.58811e-01
 2.78896e-01
 3.00244e-01
 3.22824e-01
 3.46794e-01
 3.72165e-01
 3.99086e-01
 4.27607e-01
 4.57978e-01
 4.90252e-01
 5.24782e-01
 5.62025e-01
 6.02321e-01
 6.46304e-01
 6.97531e-01
 7.65804e-01
 8.68440e-01
 1.02920e+00
 1.27633e+00
 1.63643e+00
 2.12520e+00
 2.65220e+00
 3.04225e+00
 3.15132e+00
 2.69045e+00
 1.89204e+00
 1.21436e+00
 1.01534e+00
 1.00025e+00
 1.00000e+00
 1.00000e+00
 1.00000e+00
 1.00000e+00
 1.00000e+00
 1.00000e+00
 1.00000e+00
 1.00000e+00
 1.00000e+00
 9.99999e-01
 5.68406e-02
 5.23921e-02
 5.20324e-02
 5.77344e-02
 6.18304e-02
 6.80125e-02
 7.50025e-02
 8.28915e-02
 9.15724e-02
 1.01013e-01
 1.11142e-01
 1.21952e-01
 1.33424e-01
 1.45549e-01
 1.58360e-01
 1.71868e-01
 1.86141e-01
 2.01212e-01
 2.17162e-01
 2.34017e-01
 2.51893e-01
 2.70774e-01
 2.90810e-01
 3.11984e-01
 3.34433e-01
 3.58166e-01
 3.83357e-01
 4.09984e-01
 4.38309e-01
 4.68394e-01
 5.00435e-01
 5.34755e-01
 5.71873e-01
 6.11979e-01
 6.55955e-01
 7.08261e-01
 7.80115e-01
 8.90171e-01
 1.06327e+00
 1.32842e+00
 1.71166e+00
 2.22121e+00
 2.74227e+00
 3.10076e+00
 3.11579e+00
 2.58253e+00
 1.74811e+00
 1.15089e+00
 1.00863e+00
 1.00011e+00
 1.00000e+00
 1.00000e+00
 1.00000e+00
 1.00000e+00
 1.00000e+00
 1.00000e+00
 1.00000e+00
 1.00000e+00
 1.00000e+00
 9.99999e-01
 6.50124e-02
 6.02261e-02
 5.92761e-02
 6.57166e-02
 7.01287e-02
 7.66969e-02
 8.39828e-02
 9.22324e-02
 1.01309e-01
 1.11142e-01
 1.21681e-01
 1.32888e-01
 1.44725e-01
 1.57201e-01
 1.70307e-01
 1.84080e-01
 1.98550e-01
 2.13788e-01
 2.29812e-01
 2.46745e-01
 2.64574e-01
 2.83439e-01
 3.03340e-01
 3.24411e-01
 3.46635e-01
 3.70223e-01
 3.95122e-01
 4.21550e-01
 4.49601e-01
 4.79457e-01
 5.11221e-01
 5.45407e-01
 5.82387e-01
 6.22306e-01
 6.66407e-01
 7.20357e-01
 7.96963e-01
 9.16306e-01
 1.10442e+00
 1.39096e+00
 1.80129e+00
 2.33012e+00
 2.83807e+00
 3.16007e+00
 3.04948e+00
 2.44693e+00
 1.59619e+00
 1.09778e+00
 1.00438e+00
 1.00004e+00
 1.00000e+00
 1.00000e+00
 1.00000e+00
 1.00000e+00
 1.00000e+00
 1.00000e+00
 1.00000e+00
 1.00000e+00
 1.00000e+00
 9.99999e-01
 7.20376e-02
 6.80549e-02
 6.85213e-02
 7.44512e-02
 7.92390e-02
 8.60250e-02
 9.36756e-02
 1.02273e-01
 1.11729e-01
 1.21952e-01
 1.32888e-01
 1.44472e-01
 1.56678e-01
 1.69477e-01
 1.82883e-01
 1.96897e-01
 2.11580e-01
 2.26936e-01
 2.43086e-01
 2.60019e-01
 2.77866e-01
 2.96637e-01
 3.16476e-01
 3.37339e-01
 3.59451e-01
 3.82773e-01
 4.07478e-01
 4.33631e-01
 4.61490e-01
 4.91040e-01
 5.22613e-01
 5.56678e-01
 5.93538e-01
 6.33252e-01
 6.77728e-01
 7.34113e-01
 8.16978e-01
 9.47888e-01
 1.15419e+00
 1.46591e+00
 1.90744e+00
 2.45156e+00
 2.93650e+00
 3.20518e+00
 2.96216e+00
 2.27390e+00
 1.44553e+00
 1.05748e+00
 1.00198e+00
 1.00001e+00
 1.00000e+00
 1.00000e+00
 1.00000e+00
 1.00000e+00
 1.00000e+00
 1.00000e+00
 1.00000e+00
 1.00000e+00
 1.00000e+00
 9.99999e-01
 8.07208e-02
 7.71608e-02
 7.77714e-02
 8.38714e-02
 8.89584e-02
 9.60802e-02
 1.04045e-01
 1.12999e-01
 1.22824e-01
 1.33424e-01
 1.44725e-01
 1.56678e-01
 1.69220e-01
 1.82337e-01
 1.96010e-01
 2.10277e-01
 2.25116e-01
 2.40639e-01
 2.56838e-01
 2.73825e-01
 2.91618e-01
 3.10374e-01
 3.30033e-01
 3.50811e-01
 3.72696e-01
 3.95849e-01
 4.20267e-01
 4.46266e-01
 4.73838e-01
 5.03154e-01
 5.34549e-01
 5.68574e-01
 6.05264e-01
 6.44805e-01
 6.90065e-01
 7.49988e-01
 8.41010e-01
 9.86288e-01
 1.21454e+00
 1.55579e+00
 2.03197e+00
 2.58435e+00
 3.03311e+00
 3.22538e+00
 2.84384e+00
 2.07035e+00
 1.30745e+00
 1.03014e+00
 1.00078e+00
 1.00000e+00
 1.00000e+00
 1.00000e+00
 1.00000e+00
 1.00000e+00
 1.00000e+00
 1.00000e+00
 1.00000e+00
 1.00000e+00
 1.00000e+00
 9.99999e-01
 8.97901e-02
 8.68785e-02
 8.81527e-02
 9.41031e-02
 9.95735e-02
 1.06886e-01
 1.15177e-01
 1.24441e-01
 1.34612e-01
 1.45549e-01
 1.57201e-01
 1.69477e-01
 1.82337e-01
 1.95734e-01
 2.09677e-01
 2.24128e-01
 2.39168e-01
 2.54782e-01
 2.71071e-01
 2.88039e-01
 3.05862e-01
 3.24474e-01
 3.44071e-01
 3.64659e-01
 3.86418e-01
 4.09282e-01
 4.33563e-01
 4.59317e-01
 4.86665e-01
 5.15722e-01
 5.47074e-01
 5.81052e-01
 6.17525e-01
 6.56986e-01
 7.03694e-01
 7.68660e-01
 8.70248e-01
 1.03330e+00
 1.28801e+00
 1.66385e+00
 2.17575e+00
 2.72619e+00
 3.12412e+00
 3.20322e+00
 2.68811e+00
 1.84728e+00
 1.19233e+00
 1.01387e+00
 1.00026e+00
 1.00000e+00
 1.00000e+00
 1.00000e+00
 1.00000e+00
 1.00000e+00
 1.00000e+00
 1.00000e+00
 1.00000e+00
 1.00000e+00
 1.00000e+00
 9.99999e-01
 9.99966e-02
 9.77090e-02
 9.91929e-02
 1.05224e-01
 1.10957e-01
 1.18527e-01
 1.27083e-01
 1.36643e-01
 1.47103e-01
 1.58360e-01
 1.70307e-01
 1.82883e-01
 1.96010e-01
 2.09677e-01
 2.23814e-01
 2.38483e-01
 2.53645e-01
 2.69382e-01
 2.85680e-01
 3.02719e-01
 3.20436e-01
 3.39009e-01
 3.58447e-01
 3.78960e-01
 4.00445e-01
 4.23175e-01
 4.47245e-01
 4.72830e-01
 4.99873e-01
 5.28818e-01
 5.60178e-01
 5.94101e-01
 6.30265e-01
 6.69901e-01
 7.19094e-01
 7.91106e-01
 9.06288e-01
 1.09132e+00
 1.37770e+00
 1.79388e+00
 2.33816e+00
 2.87239e+00
 3.21525e+00
 3.11320e+00
 2.49199e+00
 1.61982e+00
 1.10674e+00
 1.00559e+00
 1.00007e+00
 1.00000e+00
 1.00000e+00
 1.00000e+00
 1.00000e+00
 1.00000e+00
 1.00000e+00
 1.00000e+00
 1.00000e+00
 1.00000e+00
 1.00000e+00
 9.99999e-01
 1.11111e-01
 1.09457e-01
 1.11262e-01
 1.17276e-01
 1.23305e-01
 1.31034e-01
 1.39841e-01
 1.49634e-01
 1.60365e-01
 1.71868e-01
 1.84080e-01
 1.96897e-01
 2.10277e-01
 2.24128e-01
 2.38483e-01
 2.53282e-01
 2.68585e-01
 2.84355e-01
 3.00755e-01
 3.17724e-01
 3.35425e-01
 3.53862e-01
 3.73272e-01
 3.93539e-01
 4.14893e-01
 4.37426e-01
 4.61397e-01
 4.86683e-01
 5.13538e-01
 5.42453e-01
 5.73913e-01
 6.07649e-01
 6.43467e-01
 6.83816e-01
 7.37031e-01
 8.18726e-01
 9.51295e-01
 1.16344e+00
 1.48747e+00
 1.94964e+00
 2.51692e+00
 3.01542e+00
 3.27552e+00
 2.97948e+00
 2.23791e+00
 1.40964e+00
 1.05146e+00
 1.00193e+00
 1.00002e+00
 1.00000e+00
 1.00000e+00
 1.00000e+00
 1.00000e+00
 1.00000e+00
 1.00000e+00
 1.00000e+00
 1.00000e+00
 1.00000e+00
 1.00000e+00
 9.99999e-01
 1.23348e-01
 1.22320e-01
 1.24282e-01
 1.30361e-01
 1.36588e-01
 1.44496e-01
 1.53483e-01
 1.63496e-01
 1.74416e-01
 1.86141e-01
 1.98550e-01
 2.11580e-01
 2.25116e-01
 2.39168e-01
 2.53645e-01
 2.68585e-01
 2.83928e-01
 2.99817e-01
 3.16177e-01
 3.33154e-01
 3.50735e-01
 3.69180e-01
 3.88378e-01
 4.08523e-01
 4.29679e-01
 4.52170e-01
 4.75888e-01
 5.00949e-01
 5.27679e-01
 5.56753e-01
 5.88242e-01
 6.21617e-01
 6.57190e-01
 6.99244e-01
 7.58672e-01
 8.53449e-01
 1.00816e+00
 1.25366e+00
 1.62226e+00
 2.13344e+00
 2.70761e+00
 3.14500e+00
 3.27798e+00
 2.79093e+00
 1.94777e+00
 1.23869e+00
 1.02105e+00
 1.00055e+00
 1.00000e+00
 1.00000e+00
 1.00000e+00
 1.00000e+00
 1.00000e+00
 1.00000e+00
 1.00000e+00
 1.00000e+00
 1.00000e+00
 1.00000e+00
 1.00000e+00
 9.99999e-01
 1.36727e-01
 1.36276e-01
 1.38419e-01
 1.44503e-01
 1.50932e-01
 1.58945e-01
 1.68101e-01
 1.78249e-01
 1.89342e-01
 2.01212e-01
 2.13788e-01
 2.26936e-01
 2.40639e-01
 2.54782e-01
 2.69382e-01
 2.84355e-01
 2.99817e-01
 3.15674e-01
 3.32058e-01
 3.48929e-01
 3.66547e-01
 3.84813e-01
 4.03902e-01
 4.23841e-01
 4.44992e-01
 4.67290e-01
 4.90789e-01
 5.15627e-01
 5.42484e-01
 5.71753e-01
 6.03104e-01
 6.35918e-01
 6.71697e-01
 7.17112e-01
 7.85751e-01
 8.97962e-01
 1.08076e+00
 1.36705e+00
 1.78793e+00
 2.34426e+00
 2.90229e+00
 3.26585e+00
 3.17782e+00
 2.54458e+00
 1.65283e+00
 1.11923e+00
 1.00727e+00
 1.00013e+00
 1.00000e+00
 1.00000e+00
 1.00000e+00
 1.00000e+00
 1.00000e+00
 1.00000e+00
 1.00000e+00
 1.00000e+00
 1.00000e+00
 1.00000e+00
 1.00000e+00
 9.99999e-01
 1.51316e-01
 1.51427e-01
 1.53682e-01
 1.59801e-01
 1.66356e-01
 1.74470e-01
 1.83715e-01
 1.93993e-01
 2.05174e-01
 2.17162e-01
 2.29812e-01
 2.43086e-01
 2.56838e-01
 2.71071e-01
 2.85680e-01
 3.00755e-01
 3.16177e-01
 3.32058e-01
 3.48341e-01
 3.65264e-01
 3.82729e-01
 4.00901e-01
 4.19778e-01
 4.39732e-01
 4.60741e-01
 4.82856e-01
 5.06063e-01
 5.30945e-01
 5.58067e-01
 5.87462e-01
 6.18326e-01
 6.50579e-01
 6.87614e-01
 7.38916e-01
 8.20740e-01
 9.55935e-01
 1.17426e+00
 1.50988e+00
 1.99002e+00
 2.57656e+00
 3.08700e+00
 3.33999e+00
 3.00269e+00
 2.22034e+00
 1.39170e+00
 1.04973e+00
 1.00207e+00
 1.00002e+00
 1.00000e+00
 1.00000e+00
 1.00000e+00
 1.00000e+00
 1.00000e+00
 1.00000e+00
 1.00000e+00
 1.00000e+00
 1.00000e+00
 1.00000e+00
 1.00000e+00
 9.99999e-01
 1.67189e-01
 1.67799e-01
 1.70179e-01
 1.76275e-01
 1.82947e-01
 1.91099e-01
 2.00427e-01
 2.10746e-01
 2.21999e-01
 2.34017e-01
 2.46745e-01
 2.60019e-01
 2.73825e-01
 2.88039e-01
 3.02719e-01
 3.17724e-01
 3.33154e-01
 3.48929e-01
 3.65264e-01
 3.82046e-01
 3.99431e-01
 4.17388e-01
 4.36288e-01
 4.56138e-01
 4.77008e-01
 4.98794e-01
 5.21957e-01
 5.47090e-01
 5.74544e-01
 6.03698e-01
 6.33761e-01
 6.65917e-01
 7.06171e-01
 7.66942e-01
 8.67130e-01
 1.03238e+00
 1.29535e+00
 1.69000e+00
 2.23069e+00
 2.82010e+00
 3.24590e+00
 3.31118e+00
 2.74753e+00
 1.85818e+00
 1.19821e+00
 1.01689e+00
 1.00047e+00
 1.00000e+00
 1.00000e+00
 1.00000e+00
 1.00000e+00
 1.00000e+00
 1.00000e+00
 1.00000e+00
 1.00000e+00
 1.00000e+00
 1.00000e+00
 1.00000e+00
 1.00000e+00
 9.99999e-01
 1.84396e-01
 1.85459e-01
 1.87933e-01
 1.94010e-01
 2.00735e-01
 2.08923e-01
 2.18248e-01
 2.28603e-01
 2.39843e-01
 2.51893e-01
 2.64574e-01
 2.77866e-01
 2.91618e-01
 3.05862e-01
 3.20436e-01
 3.35425e-01
 3.50735e-01
 3.66547e-01
 3.82729e-01
 3.99431e-01
 4.16601e-01
 4.34584e-01
 4.53409e-01
 4.73158e-01
 4.93684e-01
 5.15351e-01
 5.38712e-01
 5.64301e-01
 5.91781e-01
 6.20202e-01
 6.49429e-01
 6.82845e-01
 7.29450e-01
 8.04540e-01
 9.29773e-01
 1.13408e+00
 1.45238e+00
 1.91551e+00
 2.50455e+00
 3.05710e+00
 3.37421e+00
 3.14042e+00
 2.40470e+00
 1.51725e+00
 1.08182e+00
 1.00465e+00
 1.00008e+00
 1.00000e+00
 1.00000e+00
 1.00000e+00
 1.00000e+00
 1.00000e+00
 1.00000e+00
 1.00000e+00
 1.00000e+00
 1.00000e+00
 1.00000e+00
 1.00000e+00
 1.00000e+00
 9.99999e-01
 2.02997e-01
 2.04450e-01
 2.07024e-01
 2.13030e-01
 2.19799e-01
 2.27950e-01
 2.37278e-01
 2.47584e-01
 2.58811e-01
 2.70774e-01
 2.83439e-01
 2.96637e-01
 3.10374e-01
 3.24474e-01
 3.39009e-01
 3.53862e-01
 3.69180e-01
 3.84813e-01
 4.00901e-01
 4.17388e-01
 4.34584e-01
 4.52503e-01
 4.71247e-01
 4.90648e-01
 5.11008e-01
 5.32817e-01
 5.56683e-01
 5.82515e-01
 6.09461e-01
 6.36736e-01
 6.65913e-01
 7.03202e-01
 7.60691e-01
 8.56471e-01
 1.01541e+00
 1.27003e+00
 1.65572e+00
 2.19106e+00
 2.79661e+00
 3.26008e+00
 3.39091e+00
 2.86857e+00
 1.98336e+00
 1.25660e+00
 1.02675e+00
 1.00099e+00
 1.00001e+00
 1.00000e+00
 1.00000e+00
 1.00000e+00
 1.00000e+00
 1.00000e+00
 1.00000e+00
 1.00000e+00
 1.00000e+00
 1.00000e+00
 1.00000e+00
 1.00000e+00
 1.00000e+00
 9.99999e-01
 2.23043e-01
 2.24835e-01
 2.27472e-01
 2.33408e-01
 2.40156e-01
 2.48282e-01
 2.57526e-01
 2.67786e-01
 2.78896e-01
 2.90810e-01
 3.03340e-01
 3.16476e-01
 3.30033e-01
 3.44071e-01
 3.58447e-01
 3.73272e-01
 3.88378e-01
 4.03902e-01
 4.19778e-01
 4.36288e-01
 4.53409e-01
 4.71247e-01
 4.89642e-01
 5.08851e-01
 5.29313e-01
 5.51647e-01
 5.75900e-01
 6.01404e-01
 6.27143e-01
 6.53565e-01
 6.84783e-01
 7.30147e-01
 8.04657e-01
 9.29453e-01
 1.13329e+00
 1.45150e+00
 1.91601e+00
 2.51079e+00
 3.08179e+00
 3.42025e+00
 3.21485e+00
 2.48693e+00
 1.57581e+00
 1.10087e+00
 1.00686e+00
 1.00015e+00
 1.00000e+00
 1.00000e+00
 1.00000e+00
 1.00000e+00
 1.00000e+00
 1.00000e+00
 1.00000e+00
 1.00000e+00
 1.00000e+00
 1.00000e+00
 1.00000e+00
 1.00000e+00
 1.00000e+00
 9.99999e-01
 2.44581e-01
 2.46647e-01
 2.49350e-01
 2.55171e-01
 2.61895e-01
 2.69917e-01
 2.79090e-01
 2.89214e-01
 3.00244e-01
 3.11984e-01
 3.24411e-01
 3.37339e-01
 3.50811e-01
 3.64659e-01
 3.78960e-01
 3.93539e-01
 4.08523e-01
 4.23841e-01
 4.39732e-01
 4.56138e-01
 4.73158e-01
 4.90648e-01
 5.08851e-01
 5.28152e-01
 5.49140e-01
 5.71935e-01
 5.96019e-01
 6.20364e-01
 6.44812e-01
 6.72009e-01
 7.09123e-01
 7.68515e-01
 8.68140e-01
 1.03287e+00
 1.29564e+00
 1.69212e+00
 2.23827e+00
 2.85203e+00
 3.31962e+00
 3.44230e+00
 2.90491e+00
 2.00359e+00
 1.26843e+00
 1.03043e+00
 1.00132e+00
 1.00002e+00
 1.00000e+00
 1.00000e+00
 1.00000e+00
 1.00000e+00
 1.00000e+00
 1.00000e+00
 1.00000e+00
 1.00000e+00
 1.00000e+00
 1.00000e+00
 1.00000e+00
 1.00000e+00
 1.00000e+00
 9.99999e-01
 2.67658e-01
 2.69956e-01
 2.72678e-01
 2.78390e-01
 2.85023e-01
 2.92962e-01
 3.01982e-01
 3.11997e-01
 3.22824e-01
 3.34433e-01
 3.46635e-01
 3.59451e-01
 3.72696e-01
 3.86418e-01
 4.00445e-01
 4.14893e-01
 4.29679e-01
 4.44992e-01
 4.60741e-01
 4.77008e-01
 4.93684e-01
 5.11008e-01
 5.29313e-01
 5.49140e-01
 5.70611e-01
 5.93316e-01
 6.16305e-01
 6.39152e-01
 6.63568e-01
 6.95094e-01
 7.43924e-01
 8.25334e-01
 9.60768e-01
 1.17965e+00
 1.51763e+00
 2.00405e+00
 2.61116e+00
 3.17596e+00
 3.49007e+00
 3.22333e+00
 2.45364e+00
 1.54584e+00
 1.09561e+00
 1.00694e+00
 1.00018e+00
 1.00000e+00
 1.00000e+00
 1.00000e+00
 1.00000e+00
 1.00000e+00
 1.00000e+00
 1.00000e+00
 1.00000e+00
 1.00000e+00
 1.00000e+00
 1.00000e+00
 1.00000e+00
 1.00000e+00
 1.00000e+00
 9.99999e-01
 2.92321e-01
 2.94787e-01
 2.97534e-01
 3.03091e-01
 3.09644e-01
 3.17421e-01
 3.26310e-01
 3.36113e-01
 3.46794e-01
 3.58166e-01
 3.70223e-01
 3.82773e-01
 3.95849e-01
 4.09282e-01
 4.23175e-01
 4.37426e-01
 4.52170e-01
 4.67290e-01
 4.82856e-01
 4.98794e-01
 5.15351e-01
 5.32817e-01
 5.51647e-01
 5.71935e-01
 5.93316e-01
 6.14950e-01
 6.36364e-01
 6.58745e-01
 6.86481e-01
 7.28084e-01
 7.96613e-01
 9.10617e-01
 1.09603e+00
 1.38651e+00
 1.81610e+00
 2.38814e+00
 2.99779e+00
 3.42822e+00
 3.44642e+00
 2.83907e+00
 1.90380e+00
 1.22637e+00
 1.02520e+00
 1.00114e+00
 1.00002e+00
 1.00000e+00
 1.00000e+00
 1.00000e+00
 1.00000e+00
 1.00000e+00
 1.00000e+00
 1.00000e+00
 1.00000e+00
 1.00000e+00
 1.00000e+00
 1.00000e+00
 1.00000e+00
 1.00000e+00
 1.00000e+00
 9.99999e-01
 3.18624e-01
 3.21214e-01
 3.23946e-01
 3.29360e-01
 3.35763e-01
 3.43408e-01
 3.52086e-01
 3.61734e-01
 3.72165e-01
 3.83357e-01
 3.95122e-01
 4.07478e-01
 4.20267e-01
 4.33563e-01
 4.47245e-01
 4.61397e-01
 4.75888e-01
 4.90789e-01
 5.06063e-01
 5.21957e-01
 5.38712e-01
 5.56683e-01
 5.75900e-01
 5.96019e-01
 6.16305e-01
 6.36364e-01
 6.57174e-01
 6.82384e-01
 7.19225e-01
 7.78987e-01
 8.77825e-01
 1.03859e+00
 1.29213e+00
 1.67312e+00
 2.20058e+00
 2.81641e+00
 3.33463e+00
 3.55577e+00
 3.13773e+00
 2.28241e+00
 1.42988e+00
 1.06878e+00
 1.00483e+00
 1.00012e+00
 1.00000e+00
 1.00000e+00
 1.00000e+00
 1.00000e+00
 1.00000e+00
 1.00000e+00
 1.00000e+00
 1.00000e+00
 1.00000e+00
 1.00000e+00
 1.00000e+00
 1.00000e+00
 1.00000e+00
 1.00000e+00
 1.00000e+00
 9.99999e-01
 3.46620e-01
 3.49288e-01
 3.52004e-01
 3.57232e-01
 3.63513e-01
 3.70956e-01
 3.79466e-01
 3.88855e-01
 3.99086e-01
 4.09984e-01
 4.21550e-01
 4.33631e-01
 4.46266e-01
 4.59317e-01
 4.72830e-01
 4.86683e-01
 5.00949e-01
 5.15627e-01
 5.30945e-01
 5.47090e-01
 5.64301e-01
 5.82515e-01
 6.01404e-01
 6.20364e-01
 6.39152e-01
 6.58745e-01
 6.82384e-01
 7.16372e-01
 7.70606e-01
 8.59316e-01
 1.00274e+00
 1.22885e+00
 1.57108e+00
 2.05563e+00
 2.65511e+00
 3.22557e+00
 3.56254e+00
 3.35293e+00
 2.62733e+00
 1.68780e+00
 1.14813e+00
 1.01488e+00
 1.00063e+00
 1.00001e+00
 1.00000e+00
 1.00000e+00
 1.00000e+00
 1.00000e+00
 1.00000e+00
 1.00000e+00
 1.00000e+00
 1.00000e+00
 1.00000e+00
 1.00000e+00
 1.00000e+00
 1.00000e+00
 1.00000e+00
 1.00000e+00
 1.00000e+00
 9.99999e-01
 3.76393e-01
 3.79108e-01
 3.81765e-01
 3.86832e-01
 3.92925e-01
 4.00198e-01
 4.08459e-01
 4.17652e-01
 4.27607e-01
 4.38309e-01
 4.49601e-01
 4.61490e-01
 4.73838e-01
 4.86665e-01
 4.99873e-01
 5.13538e-01
 5.27679e-01
 5.42484e-01
 5.58067e-01
 5.74544e-01
 5.91781e-01
 6.09461e-01
 6.27143e-01
 6.44812e-01
 6.63568e-01
 6.86481e-01
 7.19225e-01
 7.70606e-01
 8.53336e-01
 9.85538e-01
 1.19254e+00
 1.50576e+00
 1.95379e+00
 2.52722e+00
 3.11792e+00
 3.52320e+00
 3.50724e+00
 2.90231e+00
 1.96395e+00
 1.26483e+00
 1.03575e+00
 1.00221e+00
 1.00005e+00
 1.00000e+00
 1.00000e+00
 1.00000e+00
 1.00000e+00
 1.00000e+00
 1.00000e+00
 1.00000e+00
 1.00000e+00
 1.00000e+00
 1.00000e+00
 1.00000e+00
 1.00000e+00
 1.00000e+00
 1.00000e+00
 1.00000e+00
 1.00000e+00
 9.99999e-01
 4.08039e-01
 4.10745e-01
 4.13360e-01
 4.18229e-01
 4.24167e-01
 4.31220e-01
 4.39295e-01
 4.48229e-01
 4.57978e-01
 4.68394e-01
 4.79457e-01
 4.91040e-01
 5.03154e-01
 5.15722e-01
 5.28818e-01
 5.42453e-01
 5.56753e-01
 5.71753e-01
 5.87462e-01
 6.03698e-01
 6.20202e-01
 6.36736e-01
 6.53565e-01
 6.72009e-01
 6.95094e-01
 7.28084e-01
 7.78987e-01
 8.59316e-01
 9.85538e-01
 1.18072e+00
 1.47396e+00
 1.89369e+00
 2.43978e+00
 3.02992e+00
 3.47915e+00
 3.60479e+00
 3.10526e+00
 2.22153e+00
 1.40785e+00
 1.07021e+00
 1.00588e+00
 1.00020e+00
 1.00000e+00
 1.00000e+00
 1.00000e+00
 1.00000e+00
 1.00000e+00
 1.00000e+00
 1.00000e+00
 1.00000e+00
 1.00000e+00
 1.00000e+00
 1.00000e+00
 1.00000e+00
 1.00000e+00
 1.00000e+00
 1.00000e+00
 1.00000e+00
 1.00000e+00
 9.99999e-01
 4.41708e-01
 4.44393e-01
 4.46940e-01
 4.51630e-01
 4.57371e-01
 4.64243e-01
 4.72069e-01
 4.80786e-01
 4.90252e-01
 5.00435e-01
 5.11221e-01
 5.22613e-01
 5.34549e-01
 5.47074e-01
 5.60178e-01
 5.73913e-01
 5.88242e-01
 6.03104e-01
 6.18326e-01
 6.33761e-01
 6.49429e-01
 6.65913e-01
 6.84783e-01
 7.09123e-01
 7.43924e-01
 7.96613e-01
 8.77825e-01
 1.00274e+00
 1.19254e+00
 1.47396e+00
 1.87385e+00
 2.39566e+00
 2.97321e+00
 3.44557e+00
 3.64268e+00
 3.24468e+00
 2.43464e+00
 1.55726e+00
 1.11640e+00
 1.01244e+00
 1.00061e+00
 1.00001e+00
 1.00000e+00
 1.00000e+00
 1.00000e+00
 1.00000e+00
 1.00000e+00
 1.00000e+00
 1.00000e+00
 1.00000e+00
 1.00000e+00
 1.00000e+00
 1.00000e+00
 1.00000e+00
 1.00000e+00
 1.00000e+00
 1.00000e+00
 1.00000e+00
 1.00000e+00
 9.99999e-01
 4.77581e-01
 4.80225e-01
 4.82692e-01
 4.87180e-01
 4.92754e-01
 4.99406e-01
 5.07033e-01
 5.15510e-01
 5.24782e-01
 5.34755e-01
 5.45407e-01
 5.56678e-01
 5.68574e-01
 5.81052e-01
 5.94101e-01
 6.07649e-01
 6.21617e-01
 6.35918e-01
 6.50579e-01
 6.65917e-01
 6.82845e-01
 7.03202e-01
 7.30147e-01
 7.68515e-01
 8.25334e-01
 9.10617e-01
 1.03859e+00
 1.22885e+00
 1.50576e+00
 1.89369e+00
 2.39566e+00
 2.95371e+00
 3.42602e+00
 3.65573e+00
 3.33290e+00
 2.59031e+00
 1.69076e+00
 1.16789e+00
 1.02176e+00
 1.00139e+00
 1.00003e+00
 1.00000e+00
 1.00000e+00
 1.00000e+00
 1.00000e+00
 1.00000e+00
 1.00000e+00
 1.00000e+00
 1.00000e+00
 1.00000e+00
 1.00000e+00
 1.00000e+00
 1.00000e+00
 1.00000e+00
 1.00000e+00
 1.00000e+00
 1.00000e+00
 1.00000e+00
 1.00000e+00
 9.99999e-01
 5.15961e-01
 5.18547e-01
 5.20919e-01
 5.25254e-01
 5.30659e-01
 5.37152e-01
 5.44593e-01
 5.52919e-01
 5.62025e-01
 5.71873e-01
 5.82387e-01
 5.93538e-01
 6.05264e-01
 6.17525e-01
 6.30265e-01
 6.43467e-01
 6.57190e-01
 6.71697e-01
 6.87614e-01
 7.06171e-01
 7.29450e-01
 7.60691e-01
 8.04657e-01
 8.68140e-01
 9.60768e-01
 1.09603e+00
 1.29213e+00
 1.57108e+00
 1.95379e+00
 2.43978e+00
 2.97321e+00
 3.42602e+00
 3.65860e+00
 3.37538e+00
 2.68403e+00
 1.78985e+00
 1.21508e+00
 1.03242e+00
 1.00254e+00
 1.00008e+00
 1.00000e+00
 1.00000e+00
 1.00000e+00
 1.00000e+00
 1.00000e+00
 1.00000e+00
 1.00000e+00
 1.00000e+00
 1.00000e+00
 1.00000e+00
 1.00000e+00
 1.00000e+00
 1.00000e+00
 1.00000e+00
 1.00000e+00
 1.00000e+00
 1.00000e+00
 1.00000e+00
 1.00000e+00
 9.99999e-01
 5.57356e-01
 5.59851e-01
 5.62169e-01
 5.66352e-01
 5.71614e-01
 5.77941e-01
 5.85229e-01
 5.93380e-01
 6.02321e-01
 6.11979e-01
 6.22306e-01
 6.33252e-01
 6.44805e-01
 6.56986e-01
 6.69901e-01
 6.83816e-01
 6.99244e-01
 7.17112e-01
 7.38916e-01
 7.66942e-01
 8.04540e-01
 8.56471e-01
 9.29453e-01
 1.03287e+00
 1.17965e+00
 1.38651e+00
 1.67312e+00
 2.05563e+00
 2.52722e+00
 3.02992e+00
 3.44557e+00
 3.65573e+00
 3.37538e+00
 2.71522e+00
 1.84231e+00
 1.24817e+00
 1.04188e+00
 1.00384e+00
 1.00016e+00
 1.00000e+00
 1.00000e+00
 1.00000e+00
 1.00000e+00
 1.00000e+00
 1.00000e+00
 1.00000e+00
 1.00000e+00
 1.00000e+00
 1.00000e+00
 1.00000e+00
 1.00000e+00
 1.00000e+00
 1.00000e+00
 1.00000e+00
 1.00000e+00
 1.00000e+00
 1.00000e+00
 1.00000e+00
 1.00000e+00
 9.99999e-01
 6.02295e-01
 6.04708e-01
 6.06976e-01
 6.10995e-01
 6.16099e-01
 6.22281e-01
 6.29422e-01
 6.37453e-01
 6.46304e-01
 6.55955e-01
 6.66407e-01
 6.77728e-01
 6.90065e-01
 7.03694e-01
 7.19094e-01
 7.37031e-01
 7.58672e-01
 7.85751e-01
 8.20740e-01
 8.67130e-01
 9.29773e-01
 1.01541e+00
 1.13329e+00
 1.29564e+00
 1.51763e+00
 1.81610e+00
 2.20058e+00
 2.65511e+00
 3.11792e+00
 3.47915e+00
 3.64268e+00
 3.33290e+00
 2.68403e+00
 1.84231e+00
 1.26005e+00
 1.04745e+00
 1.00488e+00
 1.00024e+00
 1.00000e+00
 1.00000e+00
 1.00000e+00
 1.00000e+00
 1.00000e+00
 1.00000e+00
 1.00000e+00
 1.00000e+00
 1.00000e+00
 1.00000e+00
 1.00000e+00
 1.00000e+00
 1.00000e+00
 1.00000e+00
 1.00000e+00
 1.00000e+00
 1.00000e+00
 1.00000e+00
 1.00000e+00
 1.00000e+00
 1.00000e+00
 9.99999e-01
 6.52167e-01
 6.54558e-01
 6.56797e-01
 6.60742e-01
 6.65872e-01
 6.72163e-01
 6.79544e-01
 6.87991e-01
 6.97531e-01
 7.08261e-01
 7.20357e-01
 7.34113e-01
 7.49988e-01
 7.68660e-01
 7.91106e-01
 8.18726e-01
 8.53449e-01
 8.97962e-01
 9.55935e-01
 1.03238e+00
 1.13408e+00
 1.27003e+00
 1.45150e+00
 1.69212e+00
 2.00405e+00
 2.38814e+00
 2.81641e+00
 3.22557e+00
 3.52320e+00
 3.60479e+00
 3.24468e+00
 2.59031e+00
 1.78985e+00
 1.24817e+00
 1.04745e+00
 1.00528e+00
 1.00030e+00
 1.00001e+00
 1.00000e+00
 1.00000e+00
 1.00000e+00
 1.00000e+00
 1.00000e+00
 1.00000e+00
 1.00000e+00
 1.00000e+00
 1.00000e+00
 1.00000e+00
 1.00000e+00
 1.00000e+00
 1.00000e+00
 1.00000e+00
 1.00000e+00
 1.00000e+00
 1.00000e+00
 1.00000e+00
 1.00000e+00
 1.00000e+00
 1.00000e+00
 9.99999e-01
 7.11933e-01
 7.14429e-01
 7.16865e-01
 7.21222e-01
 7.27047e-01
 7.34359e-01
 7.43173e-01
 7.53589e-01
 7.65804e-01
 7.80115e-01
 7.96963e-01
 8.16978e-01
 8.41010e-01
 8.70248e-01
 9.06288e-01
 9.51295e-01
 1.00816e+00
 1.08076e+00
 1.17426e+00
 1.29535e+00
 1.45238e+00
 1.65572e+00
 1.91601e+00
 2.23827e+00
 2.61116e+00
 2.99779e+00
 3.33463e+00
 3.56254e+00
 3.50724e+00
 3.10526e+00
 2.43464e+00
 1.69076e+00
 1.21508e+00
 1.04188e+00
 1.00488e+00
 1.00030e+00
 1.00001e+00
 1.00000e+00
 1.00000e+00
 1.00000e+00
 1.00000e+00
 1.00000e+00
 1.00000e+00
 1.00000e+00
 1.00000e+00
 1.00000e+00
 1.00000e+00
 1.00000e+00
 1.00000e+00
 1.00000e+00
 1.00000e+00
 1.00000e+00
 1.00000e+00
 1.00000e+00
 1.00000e+00
 1.00000e+00
 1.00000e+00
 1.00000e+00
 1.00000e+00
 9.99999e-01
 7.93133e-01
 7.95979e-01
 7.99246e-01
 8.05009e-01
 8.12850e-01
 8.22897e-01
 8.35300e-01
 8.50343e-01
 8.68440e-01
 8.90171e-01
 9.16306e-01
 9.47888e-01
 9.86288e-01
 1.03330e+00
 1.09132e+00
 1.16344e+00
 1.25366e+00
 1.36705e+00
 1.50988e+00
 1.69000e+00
 1.91551e+00
 2.19106e+00
 2.51079e+00
 2.85203e+00
 3.17596e+00
 3.42822e+00
 3.55577e+00
 3.35293e+00
 2.90231e+00
 2.22153e+00
 1.55726e+00
 1.16789e+00
 1.03242e+00
 1.00384e+00
 1.00024e+00
 1.00001e+00
 1.00000e+00
 1.00000e+00
 1.00000e+00
 1.00000e+00
 1.00000e+00
 1.00000e+00
 1.00000e+00
 1.00000e+00
 1.00000e+00
 1.00000e+00
 1.00000e+00
 1.00000e+00
 1.00000e+00
 1.00000e+00
 1.00000e+00
 1.00000e+00
 1.00000e+00
 1.00000e+00
 1.00000e+00
 1.00000e+00
 1.00000e+00
 1.00000e+00
 1.00000e+00
 9.99999e-01
 9.14547e-01
 9.18216e-01
 9.23329e-01
 9.31894e-01
 9.43634e-01
 9.58816e-01
 9.77768e-01
 1.00100e+00
 1.02920e+00
 1.06327e+00
 1.10442e+00
 1.15419e+00
 1.21454e+00
 1.28801e+00
 1.37770e+00
 1.48747e+00
 1.62226e+00
 1.78793e+00
 1.99002e+00
 2.23069e+00
 2.50455e+00
 2.79661e+00
 3.08179e+00
 3.31962e+00
 3.49007e+00
 3.44642e+00
 3.13773e+00
 2.62733e+00
 1.96395e+00
 1.40785e+00
 1.11640e+00
 1.02176e+00
 1.00254e+00
 1.00016e+00
 1.00000e+00
 1.00000e+00
 1.00000e+00
 1.00000e+00
 1.00000e+00
 1.00000e+00
 1.00000e+00
 1.00000e+00
 1.00000e+00
 1.00000e+00
 1.00000e+00
 1.00000e+00
 1.00000e+00
 1.00000e+00
 1.00000e+00
 1.00000e+00
 1.00000e+00
 1.00000e+00
 1.00000e+00
 1.00000e+00
 1.00000e+00
 1.00000e+00
 1.00000e+00
 1.00000e+00
 1.00000e+00
 9.99999e-01
 1.10071e+00
 1.10597e+00
 1.11414e+00
 1.12719e+00
 1.14512e+00
 1.16836e+00
 1.19744e+00
 1.23309e+00
 1.27633e+00
 1.32842e+00
 1.39096e+00
 1.46591e+00
 1.55579e+00
 1.66385e+00
 1.79388e+00
 1.94964e+00
 2.13344e+00
 2.34426e+00
 2.57656e+00
 2.82010e+00
 3.05710e+00
 3.26008e+00
 3.42025e+00
 3.44230e+00
 3.22333e+00
 2.83907e+00
 2.28241e+00
 1.68780e+00
 1.26483e+00
 1.07021e+00
 1.01244e+00
 1.00139e+00
 1.00008e+00
 1.00000e+00
 1.00000e+00
 1.00000e+00
 1.00000e+00
 1.00000e+00
 1.00000e+00
 1.00000e+00
 1.00000e+00
 1.00000e+00
 1.00000e+00
 1.00000e+00
 1.00000e+00
 1.00000e+00
 1.00000e+00
 1.00000e+00
 1.00000e+00
 1.00000e+00
 1.00000e+00
 1.00000e+00
 1.00000e+00
 1.00000e+00
 1.00000e+00
 1.00000e+00
 1.00000e+00
 1.00000e+00
 1.00000e+00
 9.99999e-01
 1.37889e+00
 1.38671e+00
 1.39907e+00
 1.41834e+00
 1.44479e+00
 1.47899e+00
 1.52160e+00
 1.57363e+00
 1.63643e+00
 1.71166e+00
 1.80129e+00
 1.90744e+00
 2.03197e+00
 2.17575e+00
 2.33816e+00
 2.51692e+00
 2.70761e+00
 2.90229e+00
 3.08700e+00
 3.24590e+00
 3.37421e+00
 3.39091e+00
 3.21485e+00
 2.90491e+00
 2.45364e+00
 1.90380e+00
 1.42988e+00
 1.14813e+00
 1.03575e+00
 1.00588e+00
 1.00061e+00
 1.00003e+00
 1.00000e+00
 1.00000e+00
 1.00000e+00
 1.00000e+00
 1.00000e+00
 1.00000e+00
 1.00000e+00
 1.00000e+00
 1.00000e+00
 1.00000e+00
 1.00000e+00
 1.00000e+00
 1.00000e+00
 1.00000e+00
 1.00000e+00
 1.00000e+00
 1.00000e+00
 1.00000e+00
 1.00000e+00
 1.00000e+00
 1.00000e+00
 1.00000e+00
 1.00000e+00
 1.00000e+00
 1.00000e+00
 1.00000e+00
 1.00000e+00
 9.99999e-01
 1.77159e+00
 1.78283e+00
 1.80032e+00
 1.82740e+00
 1.86454e+00
 1.91230e+00
 1.97123e+00
 2.04199e+00
 2.12520e+00
 2.22121e+00
 2.33012e+00
 2.45156e+00
 2.58435e+00
 2.72619e+00
 2.87239e+00
 3.01542e+00
 3.14500e+00
 3.26585e+00
 3.33999e+00
 3.31118e+00
 3.14042e+00
 2.86857e+00
 2.48693e+00
 2.00359e+00
 1.54584e+00
 1.22637e+00
 1.06878e+00
 1.01488e+00
 1.00221e+00
 1.00020e+00
 1.00001e+00
 1.00000e+00
 1.00000e+00
 1.00000e+00
 1.00000e+00
 1.00000e+00
 1.00000e+00
 1.00000e+00
 1.00000e+00
 1.00000e+00
 1.00000e+00
 1.00000e+00
 1.00000e+00
 1.00000e+00
 1.00000e+00
 1.00000e+00
 1.00000e+00
 1.00000e+00
 1.00000e+00
 1.00000e+00
 1.00000e+00
 1.00000e+00
 1.00000e+00
 1.00000e+00
 1.00000e+00
 1.00000e+00
 1.00000e+00
 1.00000e+00
 1.00000e+00
 9.99999e-01
 2.27438e+00
 2.28807e+00
 2.30836e+00
 2.33955e+00
 2.38159e+00
 2.43427e+00
 2.49724e+00
 2.57009e+00
 2.65220e+00
 2.74227e+00
 2.83807e+00
 2.93650e+00
 3.03311e+00
 3.12412e+00
 3.21525e+00
 3.27552e+00
 3.27798e+00
 3.17782e+00
 3.00269e+00
 2.74753e+00
 2.40470e+00
 1.98336e+00
 1.57581e+00
 1.26843e+00
 1.09561e+00
 1.02520e+00
 1.00483e+00
 1.00063e+00
 1.00005e+00
 1.00000e+00
 1.00000e+00
 1.00000e+00
 1.00000e+00
 1.00000e+00
 1.00000e+00
 1.00000e+00
 1.00000e+00
 1.00000e+00
 1.00000e+00
 1.00000e+00
 1.00000e+00
 1.00000e+00
 1.00000e+00
 1.00000e+00
 1.00000e+00
 1.00000e+00
 1.00000e+00
 1.00000e+00
 1.00000e+00
 1.00000e+00
 1.00000e+00
 1.00000e+00
 1.00000e+00
 1.00000e+00
 1.00000e+00
 1.00000e+00
 1.00000e+00
 1.00000e+00
 1.00000e+00
 9.99999e-01
 2.75758e+00
 2.77030e+00
 2.78747e+00
 2.81385e+00
 2.84849e+00
 2.89028e+00
 2.93773e+00
 2.98896e+00
 3.04225e+00
 3.10076e+00
 3.16007e+00
 3.20518e+00
 3.22538e+00
 3.20322e+00
 3.11320e+00
 2.97948e+00
 2.79093e+00
 2.54458e+00
 2.22034e+00
 1.85818e+00
 1.51725e+00
 1.25660e+00
 1.10087e+00
 1.03043e+00
 1.00694e+00
 1.00114e+00
 1.00012e+00
 1.00001e+00
 1.00000e+00
 1.00000e+00
 1.00000e+00
 1.00000e+00
 1.00000e+00
 1.00000e+00
 1.00000e+00
 1.00000e+00
 1.00000e+00
 1.00000e+00
 1.00000e+00
 1.00000e+00
 1.00000e+00
 1.00000e+00
 1.00000e+00
 1.00000e+00
 1.00000e+00
 1.00000e+00
 1.00000e+00
 1.00000e+00
 1.00000e+00
 1.00000e+00
 1.00000e+00
 1.00000e+00
 1.00000e+00
 1.00000e+00
 1.00000e+00
 1.00000e+00
 1.00000e+00
 1.00000e+00
 1.00000e+00
 9.99999e-01
 3.07050e+00
 3.07945e+00
 3.08923e+00
 3.10383e+00
 3.12114e+00
 3.13863e+00
 3.15273e+00
 3.15909e+00
 3.15132e+00
 3.11579e+00
 3.04948e+00
 2.96216e+00
 2.84384e+00
 2.68811e+00
 2.49199e+00
 2.23791e+00
 1.94777e+00
 1.65283e+00
 1.39170e+00
 1.19821e+00
 1.08182e+00
 1.02675e+00
 1.00686e+00
 1.00132e+00
 1.00018e+00
 1.00002e+00
 1.00000e+00
 1.00000e+00
 1.00000e+00
 1.00000e+00
 1.00000e+00
 1.00000e+00
 1.00000e+00
 1.00000e+00
 1.00000e+00
 1.00000e+00
 1.00000e+00
 1.00000e+00
 1.00000e+00
 1.00000e+00
 1.00000e+00
 1.00000e+00
 1.00000e+00
 1.00000e+00
 1.00000e+00
 1.00000e+00
 1.00000e+00
 1.00000e+00
 1.00000e+00
 1.00000e+00
 1.00000e+00
 1.00000e+00
 1.00000e+00
 1.00000e+00
 1.00000e+00
 1.00000e+00
 1.00000e+00
 1.00000e+00
 1.00000e+00
 9.99999e-01
 2.99499e+00
 2.99137e+00
 2.97890e+00
 2.95988e+00
 2.93266e+00
 2.89541e+00
 2.84461e+00
 2.77721e+00
 2.69045e+00
 2.58253e+00
 2.44693e+00
 2.27390e+00
 2.07035e+00
 1.84728e+00
 1.61982e+00
 1.40964e+00
 1.23869e+00
 1.11923e+00
 1.04973e+00
 1.01689e+00
 1.00465e+00
 1.00099e+00
 1.00015e+00
 1.00002e+00
 1.00000e+00
 1.00000e+00
 1.00000e+00
 1.00000e+00
 1.00000e+00
 1.00000e+00
 1.00000e+00
 1.00000e+00
 1.00000e+00
 1.00000e+00
 1.00000e+00
 1.00000e+00
 1.00000e+00
 1.00000e+00
 1.00000e+00
 1.00000e+00
 1.00000e+00
 1.00000e+00
 1.00000e+00
 1.00000e+00
 1.00000e+00
 1.00000e+00
 1.00000e+00
 1.00000e+00
 1.00000e+00
 1.00000e+00
 1.00000e+00
 1.00000e+00
 1.00000e+00
 1.00000e+00
 1.00000e+00
 1.00000e+00
 1.00000e+00
 1.00000e+00
 1.00000e+00
 9.99999e-01
 2.43926e+00
 2.42815e+00
 2.40229e+00
 2.36173e+00
 2.30447e+00
 2.22880e+00
 2.13463e+00
 2.02196e+00
 1.89204e+00
 1.74811e+00
 1.59619e+00
 1.44553e+00
 1.30745e+00
 1.19233e+00
 1.10674e+00
 1.05146e+00
 1.02105e+00
 1.00727e+00
 1.00207e+00
 1.00047e+00
 1.00008e+00
 1.00001e+00
 1.00000e+00
 1.00000e+00
 1.00000e+00
 1.00000e+00
 1.00000e+00
 1.00000e+00
 1.00000e+00
 1.00000e+00
 1.00000e+00
 1.00000e+00
 1.00000e+00
 1.00000e+00
 1.00000e+00
 1.00000e+00
 1.00000e+00
 1.00000e+00
 1.00000e+00
 1.00000e+00
 1.00000e+00
 1.00000e+00
 1.00000e+00
 1.00000e+00
 1.00000e+00
 1.00000e+00
 1.00000e+00
 1.00000e+00
 1.00000e+00
 1.00000e+00
 1.00000e+00
 1.00000e+00
 1.00000e+00
 1.00000e+00
 1.00000e+00
 1.00000e+00
 1.00000e+00
 1.00000e+00
 1.00000e+00
 9.99999e-01
 1.61708e+00
 1.60410e+00
 1.57731e+00
 1.53744e+00
 1.48562e+00
 1.42395e+00
 1.35547e+00
 1.28410e+00
 1.21436e+00
 1.15089e+00
 1.09778e+00
 1.05748e+00
 1.03014e+00
 1.01387e+00
 1.00559e+00
 1.00193e+00
 1.00055e+00
 1.00013e+00
 1.00002e+00
 1.00000e+00
 1.00000e+00
 1.00000e+00
 1.00000e+00
 1.00000e+00
 1.00000e+00
 1.00000e+00
 1.00000e+00
 1.00000e+00
 1.00000e+00
 1.00000e+00
 1.00000e+00
 1.00000e+00
 1.00000e+00
 1.00000e+00
 1.00000e+00
 1.00000e+00
 1.00000e+00
 1.00000e+00
 1.00000e+00
 1.00000e+00
 1.00000e+00
 1.00000e+00
 1.00000e+00
 1.00000e+00
 1.00000e+00
 1.00000e+00
 1.00000e+00
 1.00000e+00
 1.00000e+00
 1.00000e+00
 1.00000e+00
 1.00000e+00
 1.00000e+00
 1.00000e+00
 1.00000e+00
 1.00000e+00
 1.00000e+00
 1.00000e+00
 1.00000e+00
 9.99999e-01
 1.10338e+00
 1.09910e+00
 1.09079e+00
 1.07917e+00
 1.06540e+00
 1.05088e+00
 1.03698e+00
 1.02487e+00
 1.01534e+00
 1.00863e+00
 1.00438e+00
 1.00198e+00
 1.00078e+00
 1.00026e+00
 1.00007e+00
 1.00002e+00
 1.00000e+00
 1.00000e+00
 1.00000e+00
 1.00000e+00
 1.00000e+00
 1.00000e+00
 1.00000e+00
 1.00000e+00
 1.00000e+00
 1.00000e+00
 1.00000e+00
 1.00000e+00
 1.00000e+00
 1.00000e+00
 1.00000e+00
 1.00000e+00
 1.00000e+00
 1.00000e+00
 1.00000e+00
 1.00000e+00
 1.00000e+00
 1.00000e+00
 1.00000e+00
 1.00000e+00
 1.00000e+00
 1.00000e+00
 1.00000e+00
 1.00000e+00
 1.00000e+00
 1.00000e+00
 1.00000e+00
 1.00000e+00
 1.00000e+00
 1.00000e+00
 1.00000e+00
 1.00000e+00
 1.00000e+00
 1.00000e+00
 1.00000e+00
 1.00000e+00
 1.00000e+00
 1.00000e+00
 1.00000e+00
 9.99999e-01
 1.00424e+00
 1.00396e+00
 1.00345e+00
 1.00279e+00
 1.00208e+00
 1.00143e+00
 1.00089e+00
 1.00050e+00
 1.00025e+00
 1.00011e+00
 1.00004e+00
 1.00001e+00
 1.00000e+00
 1.00000e+00
 1.00000e+00
 1.00000e+00
 1.00000e+00
 1.00000e+00
 1.00000e+00
 1.00000e+00
 1.00000e+00
 1.00000e+00
 1.00000e+00
 1.00000e+00
 1.00000e+00
 1.00000e+00
 1.00000e+00
 1.00000e+00
 1.00000e+00
 1.00000e+00
 1.00000e+00
 1.00000e+00
 1.00000e+00
 1.00000e+00
 1.00000e+00
 1.00000e+00
 1.00000e+00
 1.00000e+00
 1.00000e+00
 1.00000e+00
 1.00000e+00
 1.00000e+00
 1.00000e+00
 1.00000e+00
 1.00000e+00
 1.00000e+00
 1.00000e+00
 1.00000e+00
 1.00000e+00
 1.00000e+00
 1.00000e+00
 1.00000e+00
 1.00000e+00
 1.00000e+00
 1.00000e+00
 1.00000e+00
 1.00000e+00
 1.00000e+00
 1.00000e+00
 9.99999e-01
 1.00003e+00
 1.00003e+00
 1.00002e+00
 1.00002e+00
 1.00001e+00
 1.00001e+00
 1.00000e+00
 1.00000e+00
 1.00000e+00
 1.00000e+00
 1.00000e+00
 1.00000e+00
 1.00000e+00
 1.00000e+00
 1.00000e+00
 1.00000e+00
 1.00000e+00
 1.00000e+00
 1.00000e+00
 1.00000e+00
 1.00000e+00
 1.00000e+00
 1.00000e+00
 1.00000e+00
 1.00000e+00
 1.00000e+00
 1.00000e+00
 1.00000e+00
 1.00000e+00
 1.00000e+00
 1.00000e+00
 1.00000e+00
 1.00000e+00
 1.00000e+00
 1.00000e+00
 1.00000e+00
 1.00000e+00
 1.00000e+00
 1.00000e+00
 1.00000e+00
 1.00000e+00
 1.00000e+00
 1.00000e+00
 1.00000e+00
 1.00000e+00
 1.00000e+00
 1.00000e+00
 1.00000e+00
 1.00000e+00
 1.00000e+00
 1.00000e+00
 1.00000e+00
 1.00000e+00
 1.00000e+00
 1.00000e+00
 1.00000e+00
 1.00000e+00
 1.00000e+00
 1.00000e+00
 9.99999e-01
 1.00000e+00
 1.00000e+00
 1.00000e+00
 1.00000e+00
 1.00000e+00
 1.00000e+00
 1.00000e+00
 1.00000e+00
 1.00000e+00
 1.00000e+00
 1.00000e+00
 1.00000e+00
 1.00000e+00
 1.00000e+00
 1.00000e+00
 1.00000e+00
 1.00000e+00
 1.00000e+00
 1.00000e+00
 1.00000e+00
 1.00000e+00
 1.00000e+00
 1.00000e+00
 1.00000e+00
 1.00000e+00
 1.00000e+00
 1.00000e+00
 1.00000e+00
 1.00000e+00
 1.00000e+00
 1.00000e+00
 1.00000e+00
 1.00000e+00
 1.00000e+00
 1.00000e+00
 1.00000e+00
 1.00000e+00
 1.00000e+00
 1.00000e+00
 1.00000e+00
 1.00000e+00
 1.00000e+00
 1.00000e+00
 1.00000e+00
 1.00000e+00
 1.00000e+00
 1.00000e+00
 1.00000e+00
 1.00000e+00
 1.00000e+00
 1.00000e+00
 1.00000e+00
 1.00000e+00
 1.00000e+00
 1.00000e+00
 1.00000e+00
 1.00000e+00
 1.00000e+00
 1.00000e+00
 9.99999e-01
 1.00000e+00
 1.00000e+00
 1.00000e+00
 1.00000e+00
 1.00000e+00
 1.00000e+00
 1.00000e+00
 1.00000e+00
 1.00000e+00
 1.00000e+00
 1.00000e+00
 1.00000e+00
 1.00000e+00
 1.00000e+00
 1.00000e+00
 1.00000e+00
 1.00000e+00
 1.00000e+00
 1.00000e+00
 1.00000e+00
 1.00000e+00
 1.00000e+00
 1.00000e+00
 1.00000e+00
 1.00000e+00
 1.00000e+00
 1.00000e+00
 1.00000e+00
 1.00000e+00
 1.00000e+00
 1.00000e+00
 1.00000e+00
 1.00000e+00
 1.00000e+00
 1.00000e+00
 1.00000e+00
 1.00000e+00
 1.00000e+00
 1.00000e+00
 1.00000e+00
 1.00000e+00
 1.00000e+00
 1.00000e+00
 1.00000e+00
 1.00000e+00
 1.00000e+00
 1.00000e+00
 1.00000e+00
 1.00000e+00
 1.00000e+00
 1.00000e+00
 1.00000e+00
 1.00000e+00
 1.00000e+00
 1.00000e+00
 1.00000e+00
 1.00000e+00
 1.00000e+00
 1.00000e+00
 9.99999e-01
 1.00000e+00
 1.00000e+00
 1.00000e+00
 1.00000e+00
 1.00000e+00
 1.00000e+00
 1.00000e+00
 1.00000e+00
 1.00000e+00
 1.00000e+00
 1.00000e+00
 1.00000e+00
 1.00000e+00
 1.00000e+00
 1.00000e+00
 1.00000e+00
 1.00000e+00
 1.00000e+00
 1.00000e+00
 1.00000e+00
 1.00000e+00
 1.00000e+00
 1.00000e+00
 1.00000e+00
 1.00000e+00
 1.00000e+00
 1.00000e+00
 1.00000e+00
 1.00000e+00
 1.00000e+00
 1.00000e+00
 1.00000e+00
 1.00000e+00
 1.00000e+00
 1.00000e+00
 1.00000e+00
 1.00000e+00
 1.00000e+00
 1.00000e+00
 1.00000e+00
 1.00000e+00
 1.00000e+00
 1.00000e+00
 1.00000e+00
 1.00000e+00
 1.00000e+00
 1.00000e+00
 1.00000e+00
 1.00000e+00
 1.00000e+00
 1.00000e+00
 1.00000e+00
 1.00000e+00
 1.00000e+00
 1.00000e+00
 1.00000e+00
 1.00000e+00
 1.00000e+00
 1.00000e+00
 9.99999e-01
 1.00000e+00
 1.00000e+00
 1.00000e+00
 1.00000e+00
 1.00000e+00
 1.00000e+00
 1.00000e+00
 1.00000e+00
 1.00000e+00
 1.00000e+00
 1.00000e+00
 1.00000e+00
 1.00000e+00
 1.00000e+00
 1.00000e+00
 1.00000e+00
 1.00000e+00
 1.00000e+00
 1.00000e+00
 1.00000e+00
 1.00000e+00
 1.00000e+00
 1.00000e+00
 1.00000e+00
 1.00000e+00
 1.00000e+00
 1.00000e+00
 1.00000e+00
 1.00000e+00
 1.00000e+00
 1.00000e+00
 1.00000e+00
 1.00000e+00
 1.00000e+00
 1.00000e+00
 1.00000e+00
 1.00000e+00
 1.00000e+00
 1.00000e+00
 1.00000e+00
 1.00000e+00
 1.00000e+00
 1.00000e+00
 1.00000e+00
 1.00000e+00
 1.00000e+00
 1.00000e+00
 1.00000e+00
 1.00000e+00
 1.00000e+00
 1.00000e+00
 1.00000e+00
 1.00000e+00
 1.00000e+00
 1.00000e+00
 1.00000e+00
 1.00000e+00
 1.00000e+00
 1.00000e+00
 9.99999e-01
 1.00000e+00
 1.00000e+00
 1.00000e+00
 1.00000e+00
 1.00000e+00
 1.00000e+00
 1.00000e+00
 1.00000e+00
 1.00000e+00
 1.00000e+00
 1.00000e+00
 1.00000e+00
 1.00000e+00
 1.00000e+00
 1.00000e+00
 1.00000e+00
 1.00000e+00
 1.00000e+00
 1.00000e+00
 1.00000e+00
 1.00000e+00
 1.00000e+00
 1.00000e+00
 1.00000e+00
 1.00000e+00
 1.00000e+00
 1.00000e+00
 1.00000e+00
 1.00000e+00
 1.00000e+00
 1.00000e+00
 1.00000e+00
 1.00000e+00
 1.00000e+00
 1.00000e+00
 1.00000e+00
 1.00000e+00
 1.00000e+00
 1.00000e+00
 1.00000e+00
 1.00000e+00
 1.00000e+00
 1.00000e+00
 1.00000e+00
 1.00000e+00
 1.00000e+00
 1.00000e+00
 1.00000e+00
 1.00000e+00
 1.00000e+00
 1.00000e+00
 1.00000e+00
 1.00000e+00
 1.00000e+00
 1.00000e+00
 1.00000e+00
 1.00000e+00
 1.00000e+00
 1.00000e+00
 9.99999e-01
 1.00000e+00
 1.00000e+00
 1.00000e+00
 1.00000e+00
 1.00000e+00
 1.00000e+00
 1.00000e+00
 1.00000e+00
 1.00000e+00
 1.00000e+00
 1.00000e+00
 1.00000e+00
 1.00000e+00
 1.00000e+00
 1.00000e+00
 1.00000e+00
 1.00000e+00
 1.00000e+00
 1.00000e+00
 1.00000e+00
 1.00000e+00
 1.00000e+00
 1.00000e+00
 1.00000e+00
 1.00000e+00
 1.00000e+00
 1.00000e+00
 1.00000e+00
 1.00000e+00
 1.00000e+00
 1.00000e+00
 1.00000e+00
 1.00000e+00
 1.00000e+00
 1.00000e+00
 1.00000e+00
 1.00000e+00
 1.00000e+00
 1.00000e+00
 1.00000e+00
 1.00000e+00
 1.00000e+00
 1.00000e+00
 1.00000e+00
 1.00000e+00
 1.00000e+00
 1.00000e+00
 1.00000e+00
 1.00000e+00
 1.00000e+00
 1.00000e+00
 1.00000e+00
 1.00000e+00
 1.00000e+00
 1.00000e+00
 1.00000e+00
 1.00000e+00
 1.00000e+00
 1.00000e+00
 9.99999e-01
 1.00000e+00
 1.00000e+00
 1.00000e+00
 1.00000e+00
 1.00000e+00
 1.00000e+00
 1.00000e+00
 1.00000e+00
 1.00000e+00
 1.00000e+00
 1.00000e+00
 1.00000e+00
 1.00000e+00
 1.00000e+00
 1.00000e+00
 1.00000e+00
 1.00000e+00
 1.00000e+00
 1.00000e+00
 1.00000e+00
 1.00000e+00
 1.00000e+00
 1.00000e+00
 1.00000e+00
 1.00000e+00
 1.00000e+00
 1.00000e+00
 1.00000e+00
 1.00000e+00
 1.00000e+00
 1.00000e+00
 1.00000e+00
 1.00000e+00
 1.00000e+00
 1.00000e+00
 1.00000e+00
 1.00000e+00
 1.00000e+00
 1.00000e+00
 1.00000e+00
 1.00000e+00
 1.00000e+00
 1.00000e+00
 1.00000e+00
 1.00000e+00
 1.00000e+00
 1.00000e+00
 1.00000e+00
 1.00000e+00
 1.00000e+00
 1.00000e+00
 1.00000e+00
 1.00000e+00
 1.00000e+00
 1.00000e+00
 1.00000e+00
 1.00000e+00
 1.00000e+00
 1.00000e+00
 9.99999e-01
 1.00000e+00
 1.00000e+00
 1.00000e+00
 1.00000e+00
 1.00000e+00
 1.00000e+00
 1.00000e+00
 1.00000e+00
 1.00000e+00
 1.00000e+00
 1.00000e+00
 1.00000e+00
 1.00000e+00
 1.00000e+00
 1.00000e+00
 1.00000e+00
 1.00000e+00
 1.00000e+00
 1.00000e+00
 1.00000e+00
 1.00000e+00
 1.00000e+00
 1.00000e+00
 1.00000e+00
 1.00000e+00
 1.00000e+00
 1.00000e+00
 1.00000e+00
 1.00000e+00
 1.00000e+00
 1.00000e+00
 1.00000e+00
 1.00000e+00
 1.00000e+00
 1.00000e+00
 1.00000e+00
 1.00000e+00
 1.00000e+00
 1.00000e+00
 1.00000e+00
 1.00000e+00
 1.00000e+00
 1.00000e+00
 1.00000e+00
 1.00000e+00
 1.00000e+00
 1.00000e+00
 1.00000e+00
 1.00000e+00
 1.00000e+00
 1.00000e+00
 1.00000e+00
 1.00000e+00
 1.00000e+00
 1.00000e+00
 1.00000e+00
 1.00000e+00
 1.00000e+00
 1.00000e+00
 9.99999e-01
 9.99999e-01
 9.99999e-01
 9.99999e-01
 9.99999e-01
 9.99999e-01
 9.99999e-01
 9.99999e-01
 9.99999e-01
 9.99999e-01
 9.99999e-01
 9.99999e-01
 9.99999e-01
 9.99999e-01
 9.99999e-01
 9.99999e-01
 9.99999e-01
 9.99999e-01
 9.99999e-01
 9.99999e-01
 9.99999e-01
 9.99999e-01
 9.99999e-01
 9.99999e-01
 9.99999e-01
 9.99999e-01
 9.99999e-01
 9.99999e-01
 9.99999e-01
 9.99999e-01
 9.99999e-01
 9.99999e-01
 9.99999e-01
 9.99999e-01
 9.99999e-01
 9.99999e-01
 9.99999e-01
 9.99999e-01
 9.99999e-01
 9.99999e-01
 9.99999e-01
 9.99999e-01
 9.99999e-01
 9.99999e-01
 9.99999e-01
 9.99999e-01
 9.99999e-01
 9.99999e-01
 9.99999e-01
 9.99999e-01
 9.99999e-01
 9.99999e-01
 9.99999e-01
 9.99999e-01
 9.99999e-01
 9.99999e-01
 9.99999e-01
 9.99999e-01
 9.99999e-01
 9.99999e-01
 9.99998e-01
