PseudoViscosity
part
         1
quad4
 6.46561e-08
 2.52765e-07
 2.28800e-07
 2.48310e-07
 2.93967e-07
 3.16165e-07
 4.58439e-07
 4.41045e-07
 4.74560e-07
 6.12780e-07
 6.59037e-07
 7.17423e-07
 8.59722e-07
 1.03748e-06
 1.13655e-06
 1.15529e-06
 1.25810e-06
 1.39811e-06
 1.58896e-06
 1.79707e-06
 2.01919e-06
 2.28991e-06
 2.58027e-06
 2.92337e-06
 3.34027e-06
 3.86219e-06
 4.51029e-06
 5.26390e-06
 6.21420e-06
 7.41328e-06
 8.89837e-06
 1.08308e-05
 1.32804e-05
 1.67715e-05
 2.16296e-05
 2.78900e-05
 3.93740e-05
 6.00605e-05
 8.25713e-05
 8.48128e-05
 4.45646e-05
 3.38839e-07
 0.00000e+00
 0.00000e+00
 0.00000e+00
 0.00000e+00
 0.00000e+00
 0.00000e+00
 0.00000e+00
 0.00000e+00
 2.68808e-03
 3.71325e-03
 9.50869e-04
 1.03669e-04
 7.22247e-10
 2.70622e-14
 0.00000e+00
 0.00000e+00
 0.00000e+00
 0.00000e+00
 2.52734e-07
 1.99634e-07
 2.76204e-07
 2.43288e-07
 2.61546e-07
 3.01808e-07
 4.39022e-07
 3.88272e-07
 3.30478e-07
 4.62443e-07
 5.36505e-07
 5.42923e-07
 5.41452e-07
 6.93828e-07
 7.84300e-07
 8.22264e-07
 8.99530e-07
 1.05233e-06
 1.21700e-06
 1.41611e-06
 1.66316e-06
 1.94053e-06
 2.24761e-06
 2.60669e-06
 3.03141e-06
 3.55959e-06
 4.19804e-06
 4.99074e-06
 5.93102e-06
 7.14712e-06
 8.63324e-06
 1.05733e-05
 1.30635e-05
 1.65466e-05
 2.14864e-05
 2.77460e-05
 3.93844e-05
 6.00992e-05
 8.24205e-05
 8.41441e-05
 4.32768e-05
 3.31901e-07
 0.00000e+00
 0.00000e+00
 0.00000e+00
 0.00000e+00
 0.00000e+00
 0.00000e+00
 0.00000e+00
 0.00000e+00
 2.75761e-03
 3.65829e-03
 9.12357e-04
 9.93006e-05
 3.82025e-10
 1.89651e-14
 0.00000e+00
 0.00000e+00
 0.00000e+00
 0.00000e+00
 2.28812e-07
 2.76177e-07
 2.31844e-07
 2.23490e-07
 2.49281e-07
 2.27009e-07
 3.20491e-07
 3.73803e-07
 3.58550e-07
 4.22812e-07
 4.55997e-07
 5.48037e-07
 5.88257e-07
 6.44357e-07
 7.76565e-07
 8.27769e-07
 9.30611e-07
 1.07022e-06
 1.22705e-06
 1.44510e-06
 1.65380e-06
 1.93720e-06
 2.24825e-06
 2.59403e-06
 3.01902e-06
 3.54170e-06
 4.20695e-06
 4.95537e-06
 5.95687e-06
 7.12608e-06
 8.68445e-06
 1.06602e-05
 1.31122e-05
 1.67078e-05
 2.15742e-05
 2.80436e-05
 3.98764e-05
 6.09479e-05
 8.29276e-05
 8.32012e-05
 4.00662e-05
 3.14707e-07
 0.00000e+00
 0.00000e+00
 0.00000e+00
 0.00000e+00
 0.00000e+00
 0.00000e+00
 0.00000e+00
 0.00000e+00
 2.92022e-03
 3.57284e-03
 8.52157e-04
 2.23961e-08
 3.48699e-10
 8.09709e-15
 0.00000e+00
 0.00000e+00
 0.00000e+00
 0.00000e+00
 2.48289e-07
 2.43304e-07
 2.23480e-07
 2.11922e-07
 2.37621e-07
 2.49285e-07
 2.67101e-07
 2.81517e-07
 3.01529e-07
 3.47885e-07
 4.34751e-07
 5.23608e-07
 5.21207e-07
 6.77508e-07
 8.05690e-07
 8.57721e-07
 9.40850e-07
 1.10628e-06
 1.26363e-06
 1.44604e-06
 1.71720e-06
 1.98991e-06
 2.29546e-06
 2.66552e-06
 3.08299e-06
 3.63109e-06
 4.27210e-06
 5.09311e-06
 6.03301e-06
 7.30508e-06
 8.79799e-06
 1.08164e-05
 1.33606e-05
 1.69615e-05
 2.20671e-05
 2.85126e-05
 4.10302e-05
 6.25118e-05
 8.38261e-05
 8.17315e-05
 3.55597e-05
 2.89866e-07
 0.00000e+00
 0.00000e+00
 0.00000e+00
 0.00000e+00
 0.00000e+00
 0.00000e+00
 0.00000e+00
 0.00000e+00
 3.15062e-03
 3.42799e-03
 7.62465e-04
 1.81652e-08
 1.68628e-11
 3.77032e-15
 0.00000e+00
 0.00000e+00
 0.00000e+00
 0.00000e+00
 2.93981e-07
 2.61529e-07
 2.49292e-07
 2.37617e-07
 2.29204e-07
 2.47009e-07
 2.63097e-07
 2.46085e-07
 2.99870e-07
 3.19483e-07
 4.08991e-07
 4.85081e-07
 5.42548e-07
 6.08814e-07
 7.63292e-07
 8.15521e-07
 9.64823e-07
 1.10540e-06
 1.25576e-06
 1.48591e-06
 1.71867e-06
 2.00021e-06
 2.31650e-06
 2.67966e-06
 3.13873e-06
 3.64909e-06
 4.36548e-06
 5.12369e-06
 6.16238e-06
 7.41433e-06
 8.98012e-06
 1.10491e-05
 1.35985e-05
 1.75160e-05
 2.24450e-05
 2.94243e-05
 4.25147e-05
 6.45936e-05
 8.50211e-05
 8.01594e-05
 3.02122e-05
 2.60374e-07
 0.00000e+00
 0.00000e+00
 0.00000e+00
 0.00000e+00
 0.00000e+00
 0.00000e+00
 0.00000e+00
 0.00000e+00
 3.43316e-03
 3.21811e-03
 6.58594e-04
 1.37579e-08
 1.20348e-11
 1.66939e-15
 0.00000e+00
 0.00000e+00
 0.00000e+00
 0.00000e+00
 3.16157e-07
 3.01809e-07
 2.27004e-07
 2.49288e-07
 2.47008e-07
 2.60864e-07
 2.62126e-07
 2.81258e-07
 2.77374e-07
 3.43318e-07
 4.34680e-07
 5.00753e-07
 5.39447e-07
 6.86540e-07
 7.77344e-07
 8.80290e-07
 9.91813e-07
 1.13582e-06
 1.30781e-06
 1.48439e-06
 1.77164e-06
 2.05512e-06
 2.36551e-06
 2.75292e-06
 3.18691e-06
 3.78405e-06
 4.41730e-06
 5.32377e-06
 6.24568e-06
 7.63497e-06
 9.19682e-06
 1.13206e-05
 1.40686e-05
 1.79165e-05
 2.32959e-05
 3.03825e-05
 4.45786e-05
 6.72590e-05
 8.66363e-05
 7.81591e-05
 2.31497e-05
 2.21221e-07
 0.00000e+00
 0.00000e+00
 0.00000e+00
 0.00000e+00
 0.00000e+00
 0.00000e+00
 0.00000e+00
 0.00000e+00
 3.73153e-03
 2.93408e-03
 5.44842e-04
 9.71650e-09
 7.78536e-12
 8.85797e-16
 0.00000e+00
 0.00000e+00
 0.00000e+00
 0.00000e+00
 4.58437e-07
 4.39019e-07
 3.20492e-07
 2.67099e-07
 2.63097e-07
 2.62124e-07
 2.85507e-07
 2.85563e-07
 3.15187e-07
 3.74150e-07
 4.62537e-07
 5.06452e-07
 6.01989e-07
 6.87842e-07
 8.05478e-07
 8.85777e-07
 1.03353e-06
 1.17573e-06
 1.30353e-06
 1.56324e-06
 1.81987e-06
 2.11040e-06
 2.45080e-06
 2.81151e-06
 3.31050e-06
 3.84715e-06
 4.61502e-06
 5.39682e-06
 6.53958e-06
 7.82166e-06
 9.51512e-06
 1.17458e-05
 1.44480e-05
 1.88439e-05
 2.39623e-05
 3.19066e-05
 4.71350e-05
 7.06862e-05
 8.85060e-05
 7.53134e-05
 1.37989e-05
 1.40785e-07
 0.00000e+00
 0.00000e+00
 0.00000e+00
 0.00000e+00
 0.00000e+00
 0.00000e+00
 0.00000e+00
 0.00000e+00
 3.99483e-03
 2.57839e-03
 4.30231e-04
 6.41151e-09
 4.52246e-12
 2.27127e-16
 0.00000e+00
 0.00000e+00
 0.00000e+00
 0.00000e+00
 4.41042e-07
 3.88271e-07
 3.73800e-07
 2.81517e-07
 2.46084e-07
 2.81259e-07
 2.85563e-07
 3.16089e-07
 3.36263e-07
 4.23574e-07
 4.72799e-07
 5.66459e-07
 6.25972e-07
 7.39557e-07
 8.03765e-07
 9.58404e-07
 1.06939e-06
 1.19180e-06
 1.40115e-06
 1.60901e-06
 1.88997e-06
 2.19675e-06
 2.51831e-06
 2.94112e-06
 3.38219e-06
 4.04841e-06
 4.69433e-06
 5.67392e-06
 6.70792e-06
 8.15862e-06
 9.90990e-06
 1.21362e-05
 1.52709e-05
 1.94807e-05
 2.52281e-05
 3.36081e-05
 5.05489e-05
 7.47950e-05
 9.04030e-05
 7.16788e-05
 1.45735e-06
 1.04208e-08
 0.00000e+00
 0.00000e+00
 0.00000e+00
 0.00000e+00
 0.00000e+00
 0.00000e+00
 0.00000e+00
 1.32063e-05
 4.18946e-03
 2.16292e-03
 3.23261e-04
 3.97955e-09
 2.31943e-12
 2.15771e-16
 0.00000e+00
 0.00000e+00
 0.00000e+00
 0.00000e+00
 4.74560e-07
 3.30478e-07
 3.58549e-07
 3.01528e-07
 2.99871e-07
 2.77374e-07
 3.15186e-07
 3.36263e-07
 4.03681e-07
 4.52425e-07
 5.54022e-07
 6.01493e-07
 6.87856e-07
 7.42300e-07
 8.98112e-07
 9.96508e-07
 1.11313e-06
 1.28648e-06
 1.43598e-06
 1.70863e-06
 1.97968e-06
 2.27319e-06
 2.64736e-06
 3.02350e-06
 3.59012e-06
 4.13875e-06
 5.00262e-06
 5.81593e-06
 7.08090e-06
 8.46801e-06
 1.03538e-05
 1.28013e-05
 1.58399e-05
 2.08152e-05
 2.63166e-05
 3.61017e-05
 5.47178e-05
 7.96190e-05
 9.19553e-05
 6.61289e-05
 4.53488e-07
 0.00000e+00
 0.00000e+00
 0.00000e+00
 0.00000e+00
 0.00000e+00
 0.00000e+00
 0.00000e+00
 0.00000e+00
 1.04321e-03
 4.21238e-03
 1.71701e-03
 2.30971e-04
 2.35443e-09
 1.01542e-12
 3.40691e-16
 0.00000e+00
 0.00000e+00
 0.00000e+00
 0.00000e+00
 6.12779e-07
 4.62443e-07
 4.22811e-07
 3.47884e-07
 3.19482e-07
 3.43318e-07
 3.74150e-07
 4.23574e-07
 4.52425e-07
 5.57187e-07
 6.02107e-07
 6.70474e-07
 7.07227e-07
 8.55807e-07
 9.34835e-07
 1.05715e-06
 1.19849e-06
 1.31051e-06
 1.55913e-06
 1.79940e-06
 2.07693e-06
 2.41493e-06
 2.74552e-06
 3.22576e-06
 3.69586e-06
 4.45325e-06
 5.13770e-06
 6.21693e-06
 7.37320e-06
 8.94340e-06
 1.09543e-05
 1.32885e-05
 1.71536e-05
 2.17598e-05
 2.81411e-05
 3.90898e-05
 5.99997e-05
 8.49394e-05
 9.26470e-05
 5.84091e-05
 4.14316e-07
 0.00000e+00
 0.00000e+00
 0.00000e+00
 0.00000e+00
 0.00000e+00
 0.00000e+00
 0.00000e+00
 0.00000e+00
 2.13112e-03
 4.03552e-03
 1.27418e-03
 1.57725e-04
 1.01422e-09
 3.56000e-13
 2.36402e-31
 0.00000e+00
 0.00000e+00
 0.00000e+00
 0.00000e+00
 6.59037e-07
 5.36504e-07
 4.55997e-07
 4.34750e-07
 4.08991e-07
 4.34679e-07
 4.62537e-07
 4.72799e-07
 5.54022e-07
 6.02107e-07
 6.63138e-07
 6.96465e-07
 8.19633e-07
 8.85505e-07
 1.02148e-06
 1.14069e-06
 1.22843e-06
 1.45027e-06
 1.65330e-06
 1.91438e-06
 2.22289e-06
 2.52344e-06
 2.94753e-06
 3.33906e-06
 4.00236e-06
 4.57545e-06
 5.55039e-06
 6.46727e-06
 7.86971e-06
 9.47582e-06
 1.14871e-05
 1.43711e-05
 1.80398e-05
 2.35025e-05
 2.99981e-05
 4.32249e-05
 6.62976e-05
 9.05239e-05
 9.17705e-05
 4.69937e-05
 3.55911e-07
 0.00000e+00
 0.00000e+00
 0.00000e+00
 0.00000e+00
 0.00000e+00
 0.00000e+00
 0.00000e+00
 0.00000e+00
 3.13685e-03
 3.60683e-03
 8.87785e-04
 2.55306e-08
 5.53161e-10
 8.65015e-14
 0.00000e+00
 0.00000e+00
 0.00000e+00
 0.00000e+00
 0.00000e+00
 7.17423e-07
 5.42923e-07
 5.48037e-07
 5.23607e-07
 4.85080e-07
 5.00753e-07
 5.06452e-07
 5.66459e-07
 6.01492e-07
 6.70474e-07
 6.96465e-07
 8.00503e-07
 8.59263e-07
 1.00340e-06
 1.10794e-06
 1.18055e-06
 1.37455e-06
 1.54080e-06
 1.78732e-06
 2.06479e-06
 2.34257e-06
 2.72881e-06
 3.06340e-06
 3.64850e-06
 4.12899e-06
 5.01509e-06
 5.75049e-06
 6.99900e-06
 8.30592e-06
 1.00659e-05
 1.24344e-05
 1.51036e-05
 1.98665e-05
 2.48923e-05
 3.28442e-05
 4.83848e-05
 7.38088e-05
 9.59076e-05
 8.83183e-05
 3.05225e-05
 2.67709e-07
 0.00000e+00
 0.00000e+00
 0.00000e+00
 0.00000e+00
 0.00000e+00
 0.00000e+00
 0.00000e+00
 0.00000e+00
 3.90853e-03
 2.96876e-03
 5.74207e-04
 1.13107e-08
 1.21132e-11
 1.24239e-14
 0.00000e+00
 0.00000e+00
 0.00000e+00
 0.00000e+00
 0.00000e+00
 8.59722e-07
 5.41452e-07
 5.88257e-07
 5.21207e-07
 5.42548e-07
 5.39446e-07
 6.01989e-07
 6.25972e-07
 6.87856e-07
 7.07227e-07
 8.19633e-07
 8.59263e-07
 1.00246e-06
 1.08850e-06
 1.15645e-06
 1.32983e-06
 1.46232e-06
 1.69231e-06
 1.94174e-06
 2.19953e-06
 2.55703e-06
 2.85326e-06
 3.36982e-06
 3.78378e-06
 4.58100e-06
 5.20480e-06
 6.31261e-06
 7.41222e-06
 8.91706e-06
 1.09447e-05
 1.30870e-05
 1.68054e-05
 2.11706e-05
 2.71570e-05
 3.62701e-05
 5.51740e-05
 8.22776e-05
 1.00349e-04
 8.19481e-05
 7.79484e-06
 7.51927e-08
 0.00000e+00
 0.00000e+00
 0.00000e+00
 0.00000e+00
 0.00000e+00
 0.00000e+00
 0.00000e+00
 2.26591e-04
 4.31768e-03
 2.21875e-03
 3.51003e-04
 4.83840e-09
 3.98699e-12
 1.01908e-24
 0.00000e+00
 0.00000e+00
 0.00000e+00
 0.00000e+00
 0.00000e+00
 1.03748e-06
 6.93828e-07
 6.44356e-07
 6.77508e-07
 6.08813e-07
 6.86540e-07
 6.87841e-07
 7.39557e-07
 7.42300e-07
 8.55807e-07
 8.85505e-07
 1.00340e-06
 1.08850e-06
 1.14777e-06
 1.30651e-06
 1.41671e-06
 1.63273e-06
 1.85578e-06
 2.09384e-06
 2.42578e-06
 2.69482e-06
 3.16020e-06
 3.51860e-06
 4.22822e-06
 4.77185e-06
 5.76234e-06
 6.68996e-06
 8.04172e-06
 9.69815e-06
 1.16101e-05
 1.45565e-05
 1.80107e-05
 2.34498e-05
 2.94165e-05
 4.12492e-05
 6.35717e-05
 9.14392e-05
 1.02750e-04
 7.06621e-05
 5.02234e-07
 0.00000e+00
 0.00000e+00
 0.00000e+00
 0.00000e+00
 0.00000e+00
 0.00000e+00
 0.00000e+00
 0.00000e+00
 1.94175e-03
 4.19859e-03
 1.48935e-03
 2.02816e-04
 1.70187e-09
 1.05885e-12
 1.13564e-16
 0.00000e+00
 0.00000e+00
 0.00000e+00
 0.00000e+00
 0.00000e+00
 1.13655e-06
 7.84299e-07
 7.76565e-07
 8.05690e-07
 7.63292e-07
 7.77344e-07
 8.05478e-07
 8.03764e-07
 8.98112e-07
 9.34835e-07
 1.02148e-06
 1.10794e-06
 1.15645e-06
 1.30651e-06
 1.40155e-06
 1.60239e-06
 1.80415e-06
 2.02603e-06
 2.33264e-06
 2.58092e-06
 3.00721e-06
 3.32103e-06
 3.96161e-06
 4.42875e-06
 5.34420e-06
 6.10553e-06
 7.35438e-06
 8.71791e-06
 1.04309e-05
 1.29029e-05
 1.55762e-05
 2.04082e-05
 2.53110e-05
 3.29017e-05
 4.77790e-05
 7.38884e-05
 1.00443e-04
 1.01584e-04
 5.27153e-05
 3.88873e-07
 0.00000e+00
 0.00000e+00
 0.00000e+00
 0.00000e+00
 0.00000e+00
 0.00000e+00
 0.00000e+00
 0.00000e+00
 3.40287e-03
 3.60693e-03
 9.01632e-04
 2.77261e-08
 7.13374e-10
 1.99623e-13
 1.57601e-31
 0.00000e+00
 0.00000e+00
 0.00000e+00
 0.00000e+00
 0.00000e+00
 1.15529e-06
 8.22264e-07
 8.27769e-07
 8.57721e-07
 8.15521e-07
 8.80290e-07
 8.85777e-07
 9.58404e-07
 9.96508e-07
 1.05715e-06
 1.14069e-06
 1.18055e-06
 1.32983e-06
 1.41671e-06
 1.60239e-06
 1.78715e-06
 1.99024e-06
 2.27445e-06
 2.50545e-06
 2.89868e-06
 3.17893e-06
 3.76683e-06
 4.17003e-06
 5.02736e-06
 5.66021e-06
 6.83254e-06
 7.97520e-06
 9.52990e-06
 1.17101e-05
 1.37410e-05
 1.78268e-05
 2.22420e-05
 2.81867e-05
 3.73503e-05
 5.67366e-05
 8.57728e-05
 1.08132e-04
 9.52760e-05
 2.54093e-05
 2.44632e-07
 0.00000e+00
 0.00000e+00
 0.00000e+00
 0.00000e+00
 0.00000e+00
 0.00000e+00
 0.00000e+00
 0.00000e+00
 4.29814e-03
 2.68120e-03
 4.93681e-04
 9.10819e-09
 1.14706e-11
 2.12364e-14
 0.00000e+00
 0.00000e+00
 0.00000e+00
 0.00000e+00
 0.00000e+00
 0.00000e+00
 1.25810e-06
 8.99530e-07
 9.30611e-07
 9.40850e-07
 9.64823e-07
 9.91813e-07
 1.03353e-06
 1.06939e-06
 1.11313e-06
 1.19849e-06
 1.22843e-06
 1.37455e-06
 1.46232e-06
 1.63273e-06
 1.80415e-06
 1.99024e-06
 2.25647e-06
 2.47060e-06
 2.83976e-06
 3.09191e-06
 3.63761e-06
 3.98469e-06
 4.78887e-06
 5.33263e-06
 6.41114e-06
 7.42032e-06
 8.77629e-06
 1.07303e-05
 1.25377e-05
 1.57973e-05
 1.95186e-05
 2.51080e-05
 3.13249e-05
 4.40628e-05
 6.82427e-05
 9.85991e-05
 1.12437e-04
 8.17895e-05
 6.09139e-07
 0.00000e+00
 0.00000e+00
 0.00000e+00
 0.00000e+00
 0.00000e+00
 0.00000e+00
 0.00000e+00
 0.00000e+00
 1.76053e-03
 4.34936e-03
 1.70708e-03
 2.54281e-04
 2.66314e-09
 2.53170e-12
 2.83909e-16
 0.00000e+00
 0.00000e+00
 0.00000e+00
 0.00000e+00
 0.00000e+00
 0.00000e+00
 1.39811e-06
 1.05233e-06
 1.07022e-06
 1.10628e-06
 1.10540e-06
 1.13582e-06
 1.17573e-06
 1.19180e-06
 1.28648e-06
 1.31051e-06
 1.45027e-06
 1.54080e-06
 1.69231e-06
 1.85578e-06
 2.02603e-06
 2.27445e-06
 2.47060e-06
 2.82173e-06
 3.04604e-06
 3.55963e-06
 3.86613e-06
 4.62257e-06
 5.09876e-06
 6.09860e-06
 6.99291e-06
 8.22648e-06
 9.91634e-06
 1.15563e-05
 1.43636e-05
 1.74649e-05
 2.26112e-05
 2.76577e-05
 3.61609e-05
 5.34348e-05
 8.25027e-05
 1.10768e-04
 1.10783e-04
 5.65132e-05
 4.09266e-07
 0.00000e+00
 0.00000e+00
 0.00000e+00
 0.00000e+00
 0.00000e+00
 0.00000e+00
 0.00000e+00
 0.00000e+00
 3.60461e-03
 3.64178e-03
 9.39888e-04
 3.12975e-08
 9.00062e-10
 4.00972e-13
 4.45404e-27
 0.00000e+00
 0.00000e+00
 0.00000e+00
 0.00000e+00
 0.00000e+00
 0.00000e+00
 1.58896e-06
 1.21700e-06
 1.22705e-06
 1.26363e-06
 1.25576e-06
 1.30781e-06
 1.30353e-06
 1.40115e-06
 1.43598e-06
 1.55913e-06
 1.65330e-06
 1.78732e-06
 1.94174e-06
 2.09384e-06
 2.33264e-06
 2.50545e-06
 2.83976e-06
 3.04604e-06
 3.53046e-06
 3.81208e-06
 4.52538e-06
 4.94974e-06
 5.88499e-06
 6.68048e-06
 7.84268e-06
 9.30154e-06
 1.08983e-05
 1.33657e-05
 1.57148e-05
 2.05166e-05
 2.51733e-05
 3.15221e-05
 4.30734e-05
 6.65139e-05
 9.86522e-05
 1.19732e-04
 1.00556e-04
 1.87244e-05
 1.78368e-07
 0.00000e+00
 0.00000e+00
 0.00000e+00
 0.00000e+00
 0.00000e+00
 0.00000e+00
 0.00000e+00
 2.95162e-04
 4.49746e-03
 2.50168e-03
 4.55290e-04
 8.31048e-09
 1.23693e-11
 3.53751e-14
 0.00000e+00
 0.00000e+00
 0.00000e+00
 0.00000e+00
 0.00000e+00
 0.00000e+00
 0.00000e+00
 1.79707e-06
 1.41611e-06
 1.44510e-06
 1.44604e-06
 1.48591e-06
 1.48439e-06
 1.56324e-06
 1.60901e-06
 1.70863e-06
 1.79940e-06
 1.91438e-06
 2.06479e-06
 2.19953e-06
 2.42578e-06
 2.58092e-06
 2.89868e-06
 3.09191e-06
 3.55963e-06
 3.81208e-06
 4.49355e-06
 4.87460e-06
 5.76199e-06
 6.47840e-06
 7.57851e-06
 8.87686e-06
 1.03542e-05
 1.26294e-05
 1.45921e-05
 1.88259e-05
 2.30430e-05
 2.86852e-05
 3.66422e-05
 5.38211e-05
 8.33134e-05
 1.14787e-04
 1.21700e-04
 7.60172e-05
 5.81227e-07
 0.00000e+00
 0.00000e+00
 0.00000e+00
 0.00000e+00
 0.00000e+00
 0.00000e+00
 0.00000e+00
 0.00000e+00
 2.82997e-03
 4.17624e-03
 1.40251e-03
 2.07627e-04
 2.11791e-09
 2.03918e-12
 2.15771e-16
 0.00000e+00
 0.00000e+00
 0.00000e+00
 0.00000e+00
 0.00000e+00
 0.00000e+00
 0.00000e+00
 2.01919e-06
 1.66316e-06
 1.65380e-06
 1.71720e-06
 1.71867e-06
 1.77164e-06
 1.81987e-06
 1.88997e-06
 1.97968e-06
 2.07693e-06
 2.22289e-06
 2.34257e-06
 2.55703e-06
 2.69482e-06
 3.00721e-06
 3.17893e-06
 3.63761e-06
 3.86613e-06
 4.52538e-06
 4.87460e-06
 5.72070e-06
 6.37989e-06
 7.42382e-06
 8.60791e-06
 9.96512e-06
 1.21291e-05
 1.37799e-05
 1.74588e-05
 2.14099e-05
 2.67896e-05
 3.27427e-05
 4.50261e-05
 6.92033e-05
 1.02975e-04
 1.27142e-04
 1.12389e-04
 3.42285e-05
 2.94760e-07
 0.00000e+00
 0.00000e+00
 0.00000e+00
 0.00000e+00
 0.00000e+00
 0.00000e+00
 0.00000e+00
 0.00000e+00
 4.40474e-03
 3.04006e-03
 6.62129e-04
 1.72622e-08
 7.21557e-10
 2.17316e-13
 2.41389e-27
 0.00000e+00
 0.00000e+00
 0.00000e+00
 0.00000e+00
 0.00000e+00
 0.00000e+00
 0.00000e+00
 2.28991e-06
 1.94053e-06
 1.93720e-06
 1.98991e-06
 2.00021e-06
 2.05512e-06
 2.11040e-06
 2.19675e-06
 2.27319e-06
 2.41493e-06
 2.52344e-06
 2.72881e-06
 2.85326e-06
 3.16020e-06
 3.32103e-06
 3.76683e-06
 3.98469e-06
 4.62257e-06
 4.94974e-06
 5.76199e-06
 6.37989e-06
 7.37239e-06
 8.47547e-06
 9.74555e-06
 1.17799e-05
 1.32629e-05
 1.65811e-05
 2.00887e-05
 2.52759e-05
 3.03862e-05
 3.94513e-05
 5.81651e-05
 8.95943e-05
 1.22459e-04
 1.30184e-04
 8.44894e-05
 6.79340e-07
 0.00000e+00
 0.00000e+00
 0.00000e+00
 0.00000e+00
 0.00000e+00
 0.00000e+00
 0.00000e+00
 0.00000e+00
 2.43282e-03
 4.41899e-03
 1.71579e-03
 2.78656e-04
 3.58662e-09
 5.20619e-12
 1.07091e-14
 0.00000e+00
 0.00000e+00
 0.00000e+00
 0.00000e+00
 0.00000e+00
 0.00000e+00
 0.00000e+00
 0.00000e+00
 2.58027e-06
 2.24761e-06
 2.24825e-06
 2.29546e-06
 2.31650e-06
 2.36551e-06
 2.45080e-06
 2.51831e-06
 2.64736e-06
 2.74552e-06
 2.94753e-06
 3.06340e-06
 3.36982e-06
 3.51860e-06
 3.96161e-06
 4.17003e-06
 4.78887e-06
 5.09876e-06
 5.88499e-06
 6.47840e-06
 7.42382e-06
 8.47547e-06
 9.67601e-06
 1.16035e-05
 1.29775e-05
 1.60231e-05
 1.91573e-05
 2.42118e-05
 2.88610e-05
 3.59978e-05
 5.03849e-05
 7.76461e-05
 1.13007e-04
 1.36084e-04
 1.17886e-04
 3.00442e-05
 2.73512e-07
 0.00000e+00
 0.00000e+00
 0.00000e+00
 0.00000e+00
 0.00000e+00
 0.00000e+00
 0.00000e+00
 0.00000e+00
 4.41156e-03
 3.25780e-03
 7.75125e-04
 2.42144e-08
 9.80911e-10
 5.52909e-13
 1.25148e-26
 0.00000e+00
 0.00000e+00
 0.00000e+00
 0.00000e+00
 0.00000e+00
 0.00000e+00
 0.00000e+00
 0.00000e+00
 2.92337e-06
 2.60669e-06
 2.59403e-06
 2.66552e-06
 2.67966e-06
 2.75292e-06
 2.81151e-06
 2.94112e-06
 3.02350e-06
 3.22576e-06
 3.33906e-06
 3.64850e-06
 3.78378e-06
 4.22822e-06
 4.42875e-06
 5.02736e-06
 5.33263e-06
 6.09860e-06
 6.68048e-06
 7.57851e-06
 8.60791e-06
 9.74555e-06
 1.16035e-05
 1.28942e-05
 1.57789e-05
 1.86115e-05
 2.34557e-05
 2.78526e-05
 3.39542e-05
 4.53022e-05
 6.83344e-05
 1.02716e-04
 1.34331e-04
 1.35450e-04
 7.93296e-05
 6.55283e-07
 0.00000e+00
 0.00000e+00
 0.00000e+00
 0.00000e+00
 0.00000e+00
 0.00000e+00
 0.00000e+00
 0.00000e+00
 2.62063e-03
 4.47276e-03
 1.77800e-03
 3.02980e-04
 4.33834e-09
 7.82715e-12
 2.95606e-14
 0.00000e+00
 0.00000e+00
 0.00000e+00
 0.00000e+00
 0.00000e+00
 0.00000e+00
 0.00000e+00
 0.00000e+00
 0.00000e+00
 3.34028e-06
 3.03141e-06
 3.01902e-06
 3.08299e-06
 3.13873e-06
 3.18691e-06
 3.31050e-06
 3.38219e-06
 3.59012e-06
 3.69586e-06
 4.00236e-06
 4.12899e-06
 4.58100e-06
 4.77185e-06
 5.34420e-06
 5.66021e-06
 6.41114e-06
 6.99291e-06
 7.84268e-06
 8.87686e-06
 9.96512e-06
 1.17799e-05
 1.29775e-05
 1.57789e-05
 1.84477e-05
 2.30666e-05
 2.72633e-05
 3.28131e-05
 4.22175e-05
 6.18023e-05
 9.37513e-05
 1.29117e-04
 1.44354e-04
 1.12064e-04
 9.57450e-07
 0.00000e+00
 0.00000e+00
 0.00000e+00
 0.00000e+00
 0.00000e+00
 0.00000e+00
 0.00000e+00
 0.00000e+00
 0.00000e+00
 4.60786e-03
 3.14856e-03
 7.46379e-04
 2.37525e-08
 1.06864e-09
 7.28128e-13
 1.13564e-16
 0.00000e+00
 0.00000e+00
 0.00000e+00
 0.00000e+00
 0.00000e+00
 0.00000e+00
 0.00000e+00
 0.00000e+00
 0.00000e+00
 3.86219e-06
 3.55959e-06
 3.54170e-06
 3.63110e-06
 3.64909e-06
 3.78405e-06
 3.84715e-06
 4.04841e-06
 4.13875e-06
 4.45325e-06
 4.57545e-06
 5.01509e-06
 5.20480e-06
 5.76234e-06
 6.10553e-06
 6.83254e-06
 7.42032e-06
 8.22648e-06
 9.30154e-06
 1.03542e-05
 1.21291e-05
 1.32629e-05
 1.60231e-05
 1.86115e-05
 2.30666e-05
 2.70841e-05
 3.23057e-05
 4.05728e-05
 5.77532e-05
 8.71060e-05
 1.23296e-04
 1.47291e-04
 1.32412e-04
 4.77260e-05
 3.51373e-07
 0.00000e+00
 0.00000e+00
 0.00000e+00
 0.00000e+00
 0.00000e+00
 0.00000e+00
 0.00000e+00
 0.00000e+00
 3.40805e-03
 4.30681e-03
 1.56825e-03
 2.69445e-04
 3.79646e-09
 7.34998e-12
 3.20477e-14
 0.00000e+00
 0.00000e+00
 0.00000e+00
 0.00000e+00
 0.00000e+00
 0.00000e+00
 0.00000e+00
 0.00000e+00
 0.00000e+00
 0.00000e+00
 4.51029e-06
 4.19804e-06
 4.20695e-06
 4.27210e-06
 4.36548e-06
 4.41730e-06
 4.61502e-06
 4.69433e-06
 5.00262e-06
 5.13770e-06
 5.55039e-06
 5.75049e-06
 6.31261e-06
 6.68996e-06
 7.35438e-06
 7.97520e-06
 8.77629e-06
 9.91634e-06
 1.08983e-05
 1.26294e-05
 1.37799e-05
 1.65811e-05
 1.91573e-05
 2.34557e-05
 2.72633e-05
 3.23057e-05
 4.00607e-05
 5.58359e-05
 8.31031e-05
 1.18671e-04
 1.47151e-04
 1.43703e-04
 8.32898e-05
 7.52997e-07
 0.00000e+00
 0.00000e+00
 0.00000e+00
 0.00000e+00
 0.00000e+00
 0.00000e+00
 0.00000e+00
 0.00000e+00
 1.27779e-03
 4.79873e-03
 2.69292e-03
 5.90495e-04
 1.58650e-08
 9.40963e-10
 5.34603e-13
 2.18409e-26
 0.00000e+00
 0.00000e+00
 0.00000e+00
 0.00000e+00
 0.00000e+00
 0.00000e+00
 0.00000e+00
 0.00000e+00
 0.00000e+00
 0.00000e+00
 5.26390e-06
 4.99074e-06
 4.95537e-06
 5.09311e-06
 5.12369e-06
 5.32377e-06
 5.39682e-06
 5.67392e-06
 5.81593e-06
 6.21693e-06
 6.46727e-06
 6.99900e-06
 7.41222e-06
 8.04173e-06
 8.71791e-06
 9.52990e-06
 1.07303e-05
 1.15563e-05
 1.33657e-05
 1.45921e-05
 1.74588e-05
 2.00887e-05
 2.42118e-05
 2.78526e-05
 3.28131e-05
 4.05728e-05
 5.58359e-05
 8.17741e-05
 1.16167e-04
 1.46277e-04
 1.49371e-04
 1.02421e-04
 9.70934e-07
 0.00000e+00
 0.00000e+00
 0.00000e+00
 0.00000e+00
 0.00000e+00
 0.00000e+00
 0.00000e+00
 0.00000e+00
 0.00000e+00
 4.39429e-03
 3.80263e-03
 1.15038e-03
 5.69237e-08
 2.18424e-09
 4.38581e-12
 1.27532e-14
 0.00000e+00
 0.00000e+00
 0.00000e+00
 0.00000e+00
 0.00000e+00
 0.00000e+00
 0.00000e+00
 0.00000e+00
 0.00000e+00
 0.00000e+00
 0.00000e+00
 6.21420e-06
 5.93102e-06
 5.95687e-06
 6.03301e-06
 6.16238e-06
 6.24568e-06
 6.53958e-06
 6.70792e-06
 7.08090e-06
 7.37320e-06
 7.86971e-06
 8.30592e-06
 8.91706e-06
 9.69815e-06
 1.04309e-05
 1.17101e-05
 1.25377e-05
 1.43636e-05
 1.57148e-05
 1.88259e-05
 2.14099e-05
 2.52759e-05
 2.88610e-05
 3.39542e-05
 4.22175e-05
 5.77532e-05
 8.31031e-05
 1.16167e-04
 1.45867e-04
 1.51652e-04
 1.12548e-04
 1.08762e-06
 0.00000e+00
 0.00000e+00
 0.00000e+00
 0.00000e+00
 0.00000e+00
 0.00000e+00
 0.00000e+00
 0.00000e+00
 0.00000e+00
 3.24106e-03
 4.58197e-03
 1.94299e-03
 3.76510e-04
 7.16964e-09
 2.28212e-11
 2.28899e-13
 4.02432e-27
 0.00000e+00
 0.00000e+00
 0.00000e+00
 0.00000e+00
 0.00000e+00
 0.00000e+00
 0.00000e+00
 0.00000e+00
 0.00000e+00
 0.00000e+00
 0.00000e+00
 7.41328e-06
 7.14712e-06
 7.12607e-06
 7.30508e-06
 7.41433e-06
 7.63497e-06
 7.82166e-06
 8.15862e-06
 8.46801e-06
 8.94341e-06
 9.47582e-06
 1.00659e-05
 1.09447e-05
 1.16101e-05
 1.29029e-05
 1.37410e-05
 1.57973e-05
 1.74649e-05
 2.05166e-05
 2.30430e-05
 2.67896e-05
 3.03862e-05
 3.59978e-05
 4.53022e-05
 6.18023e-05
 8.71060e-05
 1.18671e-04
 1.46277e-04
 1.51652e-04
 1.15955e-04
 1.13091e-06
 0.00000e+00
 0.00000e+00
 0.00000e+00
 0.00000e+00
 0.00000e+00
 0.00000e+00
 0.00000e+00
 0.00000e+00
 0.00000e+00
 1.66222e-03
 4.88944e-03
 2.82847e-03
 6.79058e-04
 2.29653e-08
 1.33818e-09
 1.56074e-12
 4.99680e-16
 0.00000e+00
 0.00000e+00
 0.00000e+00
 0.00000e+00
 0.00000e+00
 0.00000e+00
 0.00000e+00
 0.00000e+00
 0.00000e+00
 0.00000e+00
 0.00000e+00
 0.00000e+00
 8.89837e-06
 8.63324e-06
 8.68445e-06
 8.79799e-06
 8.98012e-06
 9.19682e-06
 9.51512e-06
 9.90990e-06
 1.03538e-05
 1.09543e-05
 1.14871e-05
 1.24344e-05
 1.30870e-05
 1.45565e-05
 1.55762e-05
 1.78268e-05
 1.95186e-05
 2.26112e-05
 2.51733e-05
 2.86852e-05
 3.27427e-05
 3.94513e-05
 5.03849e-05
 6.83344e-05
 9.37513e-05
 1.23296e-04
 1.47151e-04
 1.49371e-04
 1.12548e-04
 1.13091e-06
 0.00000e+00
 0.00000e+00
 0.00000e+00
 0.00000e+00
 0.00000e+00
 0.00000e+00
 0.00000e+00
 0.00000e+00
 0.00000e+00
 1.15808e-04
 4.74311e-03
 3.63083e-03
 1.09681e-03
 5.78224e-08
 2.53141e-09
 6.87173e-12
 4.25864e-14
 2.39176e-28
 0.00000e+00
 0.00000e+00
 0.00000e+00
 0.00000e+00
 0.00000e+00
 0.00000e+00
 0.00000e+00
 0.00000e+00
 0.00000e+00
 0.00000e+00
 0.00000e+00
 0.00000e+00
 1.08308e-05
 1.05733e-05
 1.06602e-05
 1.08164e-05
 1.10491e-05
 1.13206e-05
 1.17458e-05
 1.21362e-05
 1.28013e-05
 1.32885e-05
 1.43711e-05
 1.51036e-05
 1.68054e-05
 1.80107e-05
 2.04082e-05
 2.22420e-05
 2.51080e-05
 2.76577e-05
 3.15221e-05
 3.66422e-05
 4.50261e-05
 5.81651e-05
 7.76461e-05
 1.02716e-04
 1.29117e-04
 1.47291e-04
 1.43703e-04
 1.02421e-04
 1.08762e-06
 0.00000e+00
 0.00000e+00
 0.00000e+00
 0.00000e+00
 0.00000e+00
 0.00000e+00
 0.00000e+00
 0.00000e+00
 0.00000e+00
 0.00000e+00
 4.30055e-03
 4.22954e-03
 1.59745e-03
 3.21705e-04
 5.93947e-09
 2.24609e-11
 2.90723e-13
 9.25121e-27
 0.00000e+00
 0.00000e+00
 0.00000e+00
 0.00000e+00
 0.00000e+00
 0.00000e+00
 0.00000e+00
 0.00000e+00
 0.00000e+00
 0.00000e+00
 0.00000e+00
 0.00000e+00
 0.00000e+00
 1.32804e-05
 1.30635e-05
 1.31122e-05
 1.33606e-05
 1.35985e-05
 1.40686e-05
 1.44480e-05
 1.52709e-05
 1.58399e-05
 1.71536e-05
 1.80398e-05
 1.98665e-05
 2.11706e-05
 2.34498e-05
 2.53110e-05
 2.81867e-05
 3.13249e-05
 3.61609e-05
 4.30734e-05
 5.38211e-05
 6.92033e-05
 8.95943e-05
 1.13007e-04
 1.34331e-04
 1.44354e-04
 1.32412e-04
 8.32898e-05
 9.70934e-07
 0.00000e+00
 0.00000e+00
 0.00000e+00
 0.00000e+00
 0.00000e+00
 0.00000e+00
 0.00000e+00
 0.00000e+00
 0.00000e+00
 0.00000e+00
 3.73942e-03
 4.63544e-03
 2.10843e-03
 4.72436e-04
 1.37337e-08
 1.06886e-09
 1.09804e-12
 5.56462e-16
 0.00000e+00
 0.00000e+00
 0.00000e+00
 0.00000e+00
 0.00000e+00
 0.00000e+00
 0.00000e+00
 0.00000e+00
 0.00000e+00
 0.00000e+00
 0.00000e+00
 0.00000e+00
 0.00000e+00
 0.00000e+00
 1.67715e-05
 1.65467e-05
 1.67078e-05
 1.69615e-05
 1.75160e-05
 1.79165e-05
 1.88439e-05
 1.94807e-05
 2.08152e-05
 2.17598e-05
 2.35025e-05
 2.48923e-05
 2.71570e-05
 2.94165e-05
 3.29017e-05
 3.73503e-05
 4.40628e-05
 5.34348e-05
 6.65139e-05
 8.33134e-05
 1.02975e-04
 1.22459e-04
 1.36084e-04
 1.35450e-04
 1.12064e-04
 4.77260e-05
 7.52997e-07
 0.00000e+00
 0.00000e+00
 0.00000e+00
 0.00000e+00
 0.00000e+00
 0.00000e+00
 0.00000e+00
 0.00000e+00
 0.00000e+00
 0.00000e+00
 3.21496e-03
 4.85436e-03
 2.55644e-03
 6.41756e-04
 2.49389e-08
 1.72280e-09
 3.23445e-12
 7.25672e-15
 0.00000e+00
 0.00000e+00
 0.00000e+00
 0.00000e+00
 0.00000e+00
 0.00000e+00
 0.00000e+00
 0.00000e+00
 0.00000e+00
 0.00000e+00
 0.00000e+00
 0.00000e+00
 0.00000e+00
 0.00000e+00
 0.00000e+00
 2.16296e-05
 2.14864e-05
 2.15742e-05
 2.20671e-05
 2.24450e-05
 2.32959e-05
 2.39623e-05
 2.52281e-05
 2.63166e-05
 2.81411e-05
 2.99981e-05
 3.28442e-05
 3.62701e-05
 4.12492e-05
 4.77790e-05
 5.67366e-05
 6.82427e-05
 8.25027e-05
 9.86522e-05
 1.14787e-04
 1.27142e-04
 1.30184e-04
 1.17886e-04
 7.93296e-05
 9.57450e-07
 3.51373e-07
 0.00000e+00
 0.00000e+00
 0.00000e+00
 0.00000e+00
 0.00000e+00
 0.00000e+00
 0.00000e+00
 0.00000e+00
 0.00000e+00
 0.00000e+00
 2.85076e-03
 4.94853e-03
 2.89307e-03
 8.02389e-04
 3.91152e-08
 2.36001e-09
 7.27311e-12
 6.51515e-14
 4.01947e-28
 0.00000e+00
 0.00000e+00
 0.00000e+00
 0.00000e+00
 0.00000e+00
 0.00000e+00
 0.00000e+00
 0.00000e+00
 0.00000e+00
 0.00000e+00
 0.00000e+00
 0.00000e+00
 0.00000e+00
 0.00000e+00
 0.00000e+00
 2.78900e-05
 2.77460e-05
 2.80436e-05
 2.85126e-05
 2.94243e-05
 3.03825e-05
 3.19066e-05
 3.36081e-05
 3.61017e-05
 3.90898e-05
 4.32249e-05
 4.83848e-05
 5.51740e-05
 6.35717e-05
 7.38884e-05
 8.57728e-05
 9.85991e-05
 1.10768e-04
 1.19732e-04
 1.21700e-04
 1.12389e-04
 8.44894e-05
 3.00442e-05
 6.55283e-07
 0.00000e+00
 0.00000e+00
 0.00000e+00
 0.00000e+00
 0.00000e+00
 0.00000e+00
 0.00000e+00
 0.00000e+00
 0.00000e+00
 0.00000e+00
 0.00000e+00
 2.72070e-03
 4.97842e-03
 3.09760e-03
 9.30048e-04
 5.38631e-08
 3.02098e-09
 1.32617e-11
 1.93808e-13
 5.75006e-27
 0.00000e+00
 0.00000e+00
 0.00000e+00
 0.00000e+00
 0.00000e+00
 0.00000e+00
 0.00000e+00
 0.00000e+00
 0.00000e+00
 0.00000e+00
 0.00000e+00
 0.00000e+00
 0.00000e+00
 0.00000e+00
 0.00000e+00
 0.00000e+00
 3.93740e-05
 3.93844e-05
 3.98764e-05
 4.10302e-05
 4.25147e-05
 4.45786e-05
 4.71350e-05
 5.05489e-05
 5.47178e-05
 5.99997e-05
 6.62976e-05
 7.38088e-05
 8.22776e-05
 9.14392e-05
 1.00443e-04
 1.08132e-04
 1.12437e-04
 1.10783e-04
 1.00556e-04
 7.60172e-05
 3.42285e-05
 6.79340e-07
 2.73512e-07
 0.00000e+00
 0.00000e+00
 0.00000e+00
 0.00000e+00
 0.00000e+00
 0.00000e+00
 0.00000e+00
 0.00000e+00
 0.00000e+00
 0.00000e+00
 0.00000e+00
 2.85076e-03
 4.97842e-03
 3.16578e-03
 1.00051e-03
 6.51956e-08
 3.56161e-09
 2.00970e-11
 3.87718e-13
 3.97473e-16
 0.00000e+00
 0.00000e+00
 0.00000e+00
 0.00000e+00
 0.00000e+00
 0.00000e+00
 0.00000e+00
 0.00000e+00
 0.00000e+00
 0.00000e+00
 0.00000e+00
 0.00000e+00
 0.00000e+00
 0.00000e+00
 0.00000e+00
 0.00000e+00
 0.00000e+00
 6.00605e-05
 6.00992e-05
 6.09479e-05
 6.25118e-05
 6.45936e-05
 6.72590e-05
 7.06862e-05
 7.47950e-05
 7.96190e-05
 8.49394e-05
 9.05239e-05
 9.59077e-05
 1.00349e-04
 1.02750e-04
 1.01584e-04
 9.52760e-05
 8.17895e-05
 5.65132e-05
 1.87244e-05
 5.81227e-07
 2.94760e-07
 0.00000e+00
 0.00000e+00
 0.00000e+00
 0.00000e+00
 0.00000e+00
 0.00000e+00
 0.00000e+00
 0.00000e+00
 0.00000e+00
 0.00000e+00
 0.00000e+00
 0.00000e+00
 3.21496e-03
 4.94853e-03
 3.09760e-03
 1.00051e-03
 6.94969e-08
 3.86718e-09
 2.56677e-11
 5.91169e-13
 2.15771e-16
 0.00000e+00
 0.00000e+00
 0.00000e+00
 0.00000e+00
 0.00000e+00
 0.00000e+00
 0.00000e+00
 0.00000e+00
 0.00000e+00
 0.00000e+00
 0.00000e+00
 0.00000e+00
 0.00000e+00
 0.00000e+00
 0.00000e+00
 0.00000e+00
 0.00000e+00
 0.00000e+00
 8.25713e-05
 8.24205e-05
 8.29276e-05
 8.38261e-05
 8.50211e-05
 8.66363e-05
 8.85060e-05
 9.04030e-05
 9.19553e-05
 9.26470e-05
 9.17705e-05
 8.83183e-05
 8.19481e-05
 7.06621e-05
 5.27153e-05
 2.54093e-05
 6.09139e-07
 4.09266e-07
 1.78368e-07
 0.00000e+00
 0.00000e+00
 0.00000e+00
 0.00000e+00
 0.00000e+00
 0.00000e+00
 0.00000e+00
 0.00000e+00
 0.00000e+00
 0.00000e+00
 0.00000e+00
 0.00000e+00
 0.00000e+00
 3.73942e-03
 4.85436e-03
 2.89307e-03
 9.30048e-04
 6.51956e-08
 3.86718e-09
 2.78439e-11
 7.24465e-13
 5.56462e-16
 0.00000e+00
 0.00000e+00
 0.00000e+00
 0.00000e+00
 0.00000e+00
 0.00000e+00
 0.00000e+00
 0.00000e+00
 0.00000e+00
 0.00000e+00
 0.00000e+00
 0.00000e+00
 0.00000e+00
 0.00000e+00
 0.00000e+00
 0.00000e+00
 0.00000e+00
 0.00000e+00
 0.00000e+00
 8.48128e-05
 8.41441e-05
 8.32012e-05
 8.17315e-05
 8.01594e-05
 7.81591e-05
 7.53134e-05
 7.16788e-05
 6.61289e-05
 5.84091e-05
 4.69937e-05
 3.05225e-05
 7.79484e-06
 5.02234e-07
 3.88873e-07
 2.44632e-07
 0.00000e+00
 0.00000e+00
 0.00000e+00
 0.00000e+00
 0.00000e+00
 0.00000e+00
 0.00000e+00
 0.00000e+00
 0.00000e+00
 0.00000e+00
 0.00000e+00
 0.00000e+00
 0.00000e+00
 0.00000e+00
 1.15808e-04
 4.30055e-03
 4.63544e-03
 2.55644e-03
 8.02389e-04
 5.38631e-08
 3.56161e-09
 2.56678e-11
 7.24408e-13
 6.01888e-16
 0.00000e+00
 0.00000e+00
 0.00000e+00
 0.00000e+00
 0.00000e+00
 0.00000e+00
 0.00000e+00
 0.00000e+00
 0.00000e+00
 0.00000e+00
 0.00000e+00
 0.00000e+00
 0.00000e+00
 0.00000e+00
 0.00000e+00
 0.00000e+00
 0.00000e+00
 0.00000e+00
 0.00000e+00
 0.00000e+00
 4.45646e-05
 4.32768e-05
 4.00662e-05
 3.55597e-05
 3.02122e-05
 2.31497e-05
 1.37989e-05
 1.45735e-06
 4.53488e-07
 4.14316e-07
 3.55911e-07
 2.67709e-07
 7.51927e-08
 0.00000e+00
 0.00000e+00
 0.00000e+00
 0.00000e+00
 0.00000e+00
 0.00000e+00
 0.00000e+00
 0.00000e+00
 0.00000e+00
 0.00000e+00
 0.00000e+00
 0.00000e+00
 0.00000e+00
 0.00000e+00
 0.00000e+00
 0.00000e+00
 1.66222e-03
 4.74311e-03
 4.22954e-03
 2.10843e-03
 6.41756e-04
 3.91152e-08
 3.02098e-09
 2.00971e-11
 5.91169e-13
 3.29335e-16
 0.00000e+00
 0.00000e+00
 0.00000e+00
 0.00000e+00
 0.00000e+00
 0.00000e+00
 0.00000e+00
 0.00000e+00
 0.00000e+00
 0.00000e+00
 0.00000e+00
 0.00000e+00
 0.00000e+00
 0.00000e+00
 0.00000e+00
 0.00000e+00
 0.00000e+00
 0.00000e+00
 0.00000e+00
 0.00000e+00
 0.00000e+00
 3.38839e-07
 3.31901e-07
 3.14707e-07
 2.89866e-07
 2.60374e-07
 2.21221e-07
 1.40785e-07
 1.04208e-08
 0.00000e+00
 0.00000e+00
 0.00000e+00
 0.00000e+00
 0.00000e+00
 0.00000e+00
 0.00000e+00
 0.00000e+00
 0.00000e+00
 0.00000e+00
 0.00000e+00
 0.00000e+00
 0.00000e+00
 0.00000e+00
 0.00000e+00
 0.00000e+00
 0.00000e+00
 0.00000e+00
 0.00000e+00
 0.00000e+00
 3.24106e-03
 4.88944e-03
 3.63083e-03
 1.59745e-03
 4.72436e-04
 2.49389e-08
 2.36001e-09
 1.32618e-11
 3.87662e-13
 1.13564e-16
 0.00000e+00
 0.00000e+00
 0.00000e+00
 0.00000e+00
 0.00000e+00
 0.00000e+00
 0.00000e+00
 0.00000e+00
 0.00000e+00
 0.00000e+00
 0.00000e+00
 0.00000e+00
 0.00000e+00
 0.00000e+00
 0.00000e+00
 0.00000e+00
 0.00000e+00
 0.00000e+00
 0.00000e+00
 0.00000e+00
 0.00000e+00
 0.00000e+00
 0.00000e+00
 0.00000e+00
 0.00000e+00
 0.00000e+00
 0.00000e+00
 0.00000e+00
 0.00000e+00
 0.00000e+00
 0.00000e+00
 0.00000e+00
 0.00000e+00
 0.00000e+00
 0.00000e+00
 0.00000e+00
 0.00000e+00
 0.00000e+00
 0.00000e+00
 0.00000e+00
 0.00000e+00
 0.00000e+00
 0.00000e+00
 0.00000e+00
 0.00000e+00
 0.00000e+00
 0.00000e+00
 0.00000e+00
 1.27779e-03
 4.39429e-03
 4.58197e-03
 2.82847e-03
 1.09681e-03
 3.21705e-04
 1.37337e-08
 1.72280e-09
 7.27305e-12
 1.93853e-13
 5.56462e-16
 0.00000e+00
 0.00000e+00
 0.00000e+00
 0.00000e+00
 0.00000e+00
 0.00000e+00
 0.00000e+00
 0.00000e+00
 0.00000e+00
 0.00000e+00
 0.00000e+00
 0.00000e+00
 0.00000e+00
 0.00000e+00
 0.00000e+00
 0.00000e+00
 0.00000e+00
 0.00000e+00
 0.00000e+00
 0.00000e+00
 0.00000e+00
 0.00000e+00
 0.00000e+00
 0.00000e+00
 0.00000e+00
 0.00000e+00
 0.00000e+00
 0.00000e+00
 0.00000e+00
 0.00000e+00
 0.00000e+00
 0.00000e+00
 0.00000e+00
 0.00000e+00
 0.00000e+00
 0.00000e+00
 0.00000e+00
 0.00000e+00
 0.00000e+00
 0.00000e+00
 0.00000e+00
 0.00000e+00
 0.00000e+00
 0.00000e+00
 0.00000e+00
 0.00000e+00
 0.00000e+00
 0.00000e+00
 3.40805e-03
 4.79873e-03
 3.80263e-03
 1.94299e-03
 6.79058e-04
 5.78224e-08
 5.93947e-09
 1.06886e-09
 3.23450e-12
 6.50947e-14
 5.74980e-27
 0.00000e+00
 0.00000e+00
 0.00000e+00
 0.00000e+00
 0.00000e+00
 0.00000e+00
 0.00000e+00
 0.00000e+00
 0.00000e+00
 0.00000e+00
 0.00000e+00
 0.00000e+00
 0.00000e+00
 0.00000e+00
 0.00000e+00
 0.00000e+00
 0.00000e+00
 0.00000e+00
 0.00000e+00
 0.00000e+00
 0.00000e+00
 0.00000e+00
 0.00000e+00
 0.00000e+00
 0.00000e+00
 0.00000e+00
 0.00000e+00
 0.00000e+00
 0.00000e+00
 0.00000e+00
 0.00000e+00
 0.00000e+00
 0.00000e+00
 0.00000e+00
 0.00000e+00
 0.00000e+00
 0.00000e+00
 0.00000e+00
 0.00000e+00
 0.00000e+00
 0.00000e+00
 0.00000e+00
 0.00000e+00
 0.00000e+00
 0.00000e+00
 0.00000e+00
 0.00000e+00
 2.62063e-03
 4.60786e-03
 4.30681e-03
 2.69292e-03
 1.15038e-03
 3.76510e-04
 2.29653e-08
 2.53141e-09
 2.24612e-11
 1.09800e-12
 7.31350e-15
 4.01947e-28
 0.00000e+00
 0.00000e+00
 0.00000e+00
 0.00000e+00
 0.00000e+00
 0.00000e+00
 0.00000e+00
 0.00000e+00
 0.00000e+00
 0.00000e+00
 0.00000e+00
 0.00000e+00
 0.00000e+00
 0.00000e+00
 0.00000e+00
 0.00000e+00
 0.00000e+00
 0.00000e+00
 0.00000e+00
 0.00000e+00
 0.00000e+00
 0.00000e+00
 0.00000e+00
 0.00000e+00
 0.00000e+00
 0.00000e+00
 0.00000e+00
 0.00000e+00
 0.00000e+00
 0.00000e+00
 0.00000e+00
 0.00000e+00
 0.00000e+00
 0.00000e+00
 0.00000e+00
 0.00000e+00
 0.00000e+00
 0.00000e+00
 0.00000e+00
 0.00000e+00
 0.00000e+00
 0.00000e+00
 0.00000e+00
 0.00000e+00
 0.00000e+00
 0.00000e+00
 2.43282e-03
 4.41156e-03
 4.47276e-03
 3.14856e-03
 1.56825e-03
 5.90495e-04
 5.69237e-08
 7.16964e-09
 1.33818e-09
 6.87173e-12
 2.90792e-13
 4.42899e-16
 0.00000e+00
 0.00000e+00
 0.00000e+00
 0.00000e+00
 0.00000e+00
 0.00000e+00
 0.00000e+00
 0.00000e+00
 0.00000e+00
 0.00000e+00
 0.00000e+00
 0.00000e+00
 0.00000e+00
 0.00000e+00
 0.00000e+00
 0.00000e+00
 0.00000e+00
 0.00000e+00
 0.00000e+00
 0.00000e+00
 0.00000e+00
 0.00000e+00
 0.00000e+00
 0.00000e+00
 0.00000e+00
 0.00000e+00
 0.00000e+00
 0.00000e+00
 0.00000e+00
 0.00000e+00
 0.00000e+00
 0.00000e+00
 0.00000e+00
 0.00000e+00
 0.00000e+00
 0.00000e+00
 0.00000e+00
 0.00000e+00
 0.00000e+00
 0.00000e+00
 0.00000e+00
 0.00000e+00
 0.00000e+00
 0.00000e+00
 0.00000e+00
 2.95162e-04
 2.82997e-03
 4.40474e-03
 4.41899e-03
 3.25780e-03
 1.77800e-03
 7.46379e-04
 2.69445e-04
 1.58650e-08
 2.18424e-09
 2.28213e-11
 1.56074e-12
 4.26432e-14
 9.25467e-27
 0.00000e+00
 0.00000e+00
 0.00000e+00
 0.00000e+00
 0.00000e+00
 0.00000e+00
 0.00000e+00
 0.00000e+00
 0.00000e+00
 0.00000e+00
 0.00000e+00
 0.00000e+00
 0.00000e+00
 0.00000e+00
 0.00000e+00
 0.00000e+00
 0.00000e+00
 0.00000e+00
 0.00000e+00
 0.00000e+00
 0.00000e+00
 0.00000e+00
 0.00000e+00
 0.00000e+00
 0.00000e+00
 0.00000e+00
 0.00000e+00
 0.00000e+00
 0.00000e+00
 0.00000e+00
 0.00000e+00
 0.00000e+00
 0.00000e+00
 0.00000e+00
 0.00000e+00
 0.00000e+00
 0.00000e+00
 0.00000e+00
 0.00000e+00
 0.00000e+00
 0.00000e+00
 0.00000e+00
 0.00000e+00
 0.00000e+00
 1.76053e-03
 3.60461e-03
 4.49746e-03
 4.17624e-03
 3.04006e-03
 1.71579e-03
 7.75125e-04
 3.02980e-04
 2.37525e-08
 3.79646e-09
 9.40963e-10
 4.38591e-12
 2.28797e-13
 6.70026e-16
 2.40437e-28
 0.00000e+00
 0.00000e+00
 0.00000e+00
 0.00000e+00
 0.00000e+00
 0.00000e+00
 0.00000e+00
 0.00000e+00
 0.00000e+00
 0.00000e+00
 0.00000e+00
 0.00000e+00
 0.00000e+00
 0.00000e+00
 0.00000e+00
 0.00000e+00
 0.00000e+00
 0.00000e+00
 0.00000e+00
 0.00000e+00
 0.00000e+00
 0.00000e+00
 0.00000e+00
 0.00000e+00
 0.00000e+00
 0.00000e+00
 0.00000e+00
 0.00000e+00
 0.00000e+00
 0.00000e+00
 0.00000e+00
 0.00000e+00
 0.00000e+00
 0.00000e+00
 0.00000e+00
 0.00000e+00
 0.00000e+00
 0.00000e+00
 0.00000e+00
 0.00000e+00
 0.00000e+00
 2.26591e-04
 1.94175e-03
 3.40287e-03
 4.29814e-03
 4.34936e-03
 3.64178e-03
 2.50168e-03
 1.40251e-03
 6.62129e-04
 2.78656e-04
 2.42144e-08
 4.33834e-09
 1.06864e-09
 7.34996e-12
 5.34773e-13
 1.27532e-14
 4.02262e-27
 0.00000e+00
 0.00000e+00
 0.00000e+00
 0.00000e+00
 0.00000e+00
 0.00000e+00
 0.00000e+00
 0.00000e+00
 0.00000e+00
 0.00000e+00
 0.00000e+00
 0.00000e+00
 0.00000e+00
 0.00000e+00
 0.00000e+00
 0.00000e+00
 0.00000e+00
 0.00000e+00
 0.00000e+00
 0.00000e+00
 0.00000e+00
 0.00000e+00
 0.00000e+00
 0.00000e+00
 0.00000e+00
 0.00000e+00
 0.00000e+00
 0.00000e+00
 0.00000e+00
 0.00000e+00
 0.00000e+00
 0.00000e+00
 0.00000e+00
 0.00000e+00
 0.00000e+00
 0.00000e+00
 0.00000e+00
 0.00000e+00
 1.32063e-05
 1.04321e-03
 2.13112e-03
 3.13685e-03
 3.90853e-03
 4.31768e-03
 4.19859e-03
 3.60693e-03
 2.68120e-03
 1.70708e-03
 9.39888e-04
 4.55290e-04
 2.07627e-04
 1.72622e-08
 3.58662e-09
 9.80911e-10
 7.82738e-12
 7.28014e-13
 3.19455e-14
 2.18441e-26
 0.00000e+00
 0.00000e+00
 0.00000e+00
 0.00000e+00
 0.00000e+00
 0.00000e+00
 0.00000e+00
 0.00000e+00
 0.00000e+00
 0.00000e+00
 0.00000e+00
 0.00000e+00
 0.00000e+00
 0.00000e+00
 0.00000e+00
 0.00000e+00
 0.00000e+00
 0.00000e+00
 0.00000e+00
 0.00000e+00
 0.00000e+00
 0.00000e+00
 0.00000e+00
 0.00000e+00
 0.00000e+00
 0.00000e+00
 0.00000e+00
 0.00000e+00
 0.00000e+00
 0.00000e+00
 0.00000e+00
 0.00000e+00
 0.00000e+00
 2.68808e-03
 2.75761e-03
 2.92022e-03
 3.15062e-03
 3.43316e-03
 3.73153e-03
 3.99483e-03
 4.18946e-03
 4.21238e-03
 4.03552e-03
 3.60683e-03
 2.96876e-03
 2.21875e-03
 1.48935e-03
 9.01632e-04
 4.93681e-04
 2.54281e-04
 3.12975e-08
 8.31048e-09
 2.11791e-09
 7.21557e-10
 5.20623e-12
 5.52898e-13
 2.96061e-14
 1.13564e-16
 0.00000e+00
 0.00000e+00
 0.00000e+00
 0.00000e+00
 0.00000e+00
 0.00000e+00
 0.00000e+00
 0.00000e+00
 0.00000e+00
 0.00000e+00
 0.00000e+00
 0.00000e+00
 0.00000e+00
 0.00000e+00
 0.00000e+00
 0.00000e+00
 0.00000e+00
 0.00000e+00
 0.00000e+00
 0.00000e+00
 0.00000e+00
 0.00000e+00
 0.00000e+00
 0.00000e+00
 0.00000e+00
 0.00000e+00
 0.00000e+00
 0.00000e+00
 0.00000e+00
 0.00000e+00
 0.00000e+00
 0.00000e+00
 0.00000e+00
 0.00000e+00
 0.00000e+00
 3.71325e-03
 3.65829e-03
 3.57284e-03
 3.42799e-03
 3.21811e-03
 2.93408e-03
 2.57839e-03
 2.16292e-03
 1.71701e-03
 1.27418e-03
 8.87785e-04
 5.74207e-04
 3.51003e-04
 2.02816e-04
 2.77261e-08
 9.10819e-09
 2.66314e-09
 9.00062e-10
 1.23695e-11
 2.03918e-12
 2.17373e-13
 1.06523e-14
 1.25133e-26
 0.00000e+00
 0.00000e+00
 0.00000e+00
 0.00000e+00
 0.00000e+00
 0.00000e+00
 0.00000e+00
 0.00000e+00
 0.00000e+00
 0.00000e+00
 0.00000e+00
 0.00000e+00
 0.00000e+00
 0.00000e+00
 0.00000e+00
 0.00000e+00
 0.00000e+00
 0.00000e+00
 0.00000e+00
 0.00000e+00
 0.00000e+00
 0.00000e+00
 0.00000e+00
 0.00000e+00
 0.00000e+00
 0.00000e+00
 0.00000e+00
 0.00000e+00
 0.00000e+00
 0.00000e+00
 0.00000e+00
 0.00000e+00
 0.00000e+00
 0.00000e+00
 0.00000e+00
 0.00000e+00
 0.00000e+00
 9.50869e-04
 9.12357e-04
 8.52157e-04
 7.62465e-04
 6.58594e-04
 5.44842e-04
 4.30231e-04
 3.23261e-04
 2.30971e-04
 1.57725e-04
 2.55306e-08
 1.13107e-08
 4.83840e-09
 1.70187e-09
 7.13374e-10
 1.14706e-11
 2.53180e-12
 4.01028e-13
 3.53297e-14
 2.15771e-16
 2.41452e-27
 0.00000e+00
 0.00000e+00
 0.00000e+00
 0.00000e+00
 0.00000e+00
 0.00000e+00
 0.00000e+00
 0.00000e+00
 0.00000e+00
 0.00000e+00
 0.00000e+00
 0.00000e+00
 0.00000e+00
 0.00000e+00
 0.00000e+00
 0.00000e+00
 0.00000e+00
 0.00000e+00
 0.00000e+00
 0.00000e+00
 0.00000e+00
 0.00000e+00
 0.00000e+00
 0.00000e+00
 0.00000e+00
 0.00000e+00
 0.00000e+00
 0.00000e+00
 0.00000e+00
 0.00000e+00
 0.00000e+00
 0.00000e+00
 0.00000e+00
 0.00000e+00
 0.00000e+00
 0.00000e+00
 0.00000e+00
 0.00000e+00
 0.00000e+00
 1.03669e-04
 9.93007e-05
 2.23961e-08
 1.81652e-08
 1.37579e-08
 9.71650e-09
 6.41151e-09
 3.97955e-09
 2.35443e-09
 1.01422e-09
 5.53161e-10
 1.21132e-11
 3.98699e-12
 1.05890e-12
 1.99623e-13
 2.12932e-14
 4.99680e-16
 4.45647e-27
 0.00000e+00
 0.00000e+00
 0.00000e+00
 0.00000e+00
 0.00000e+00
 0.00000e+00
 0.00000e+00
 0.00000e+00
 0.00000e+00
 0.00000e+00
 0.00000e+00
 0.00000e+00
 0.00000e+00
 0.00000e+00
 0.00000e+00
 0.00000e+00
 0.00000e+00
 0.00000e+00
 0.00000e+00
 0.00000e+00
 0.00000e+00
 0.00000e+00
 0.00000e+00
 0.00000e+00
 0.00000e+00
 0.00000e+00
 0.00000e+00
 0.00000e+00
 0.00000e+00
 0.00000e+00
 0.00000e+00
 0.00000e+00
 0.00000e+00
 0.00000e+00
 0.00000e+00
 0.00000e+00
 0.00000e+00
 0.00000e+00
 0.00000e+00
 0.00000e+00
 0.00000e+00
 0.00000e+00
 7.22247e-10
 3.82025e-10
 3.48699e-10
 1.68628e-11
 1.20348e-11
 7.78547e-12
 4.52267e-12
 2.31954e-12
 1.01531e-12
 3.55989e-13
 8.65015e-14
 1.23103e-14
 1.01907e-24
 2.27127e-16
 3.15203e-31
 0.00000e+00
 0.00000e+00
 0.00000e+00
 0.00000e+00
 0.00000e+00
 0.00000e+00
 0.00000e+00
 0.00000e+00
 0.00000e+00
 0.00000e+00
 0.00000e+00
 0.00000e+00
 0.00000e+00
 0.00000e+00
 0.00000e+00
 0.00000e+00
 0.00000e+00
 0.00000e+00
 0.00000e+00
 0.00000e+00
 0.00000e+00
 0.00000e+00
 0.00000e+00
 0.00000e+00
 0.00000e+00
 0.00000e+00
 0.00000e+00
 0.00000e+00
 0.00000e+00
 0.00000e+00
 0.00000e+00
 0.00000e+00
 0.00000e+00
 0.00000e+00
 0.00000e+00
 0.00000e+00
 0.00000e+00
 0.00000e+00
 0.00000e+00
 0.00000e+00
 0.00000e+00
 0.00000e+00
 0.00000e+00
 0.00000e+00
 0.00000e+00
 2.70622e-14
 1.90787e-14
 8.21066e-15
 3.77032e-15
 1.65803e-15
 8.85797e-16
 9.54037e-25
 3.29335e-16
 4.42899e-16
 3.07323e-31
 0.00000e+00
 0.00000e+00
 0.00000e+00
 0.00000e+00
 0.00000e+00
 0.00000e+00
 0.00000e+00
 0.00000e+00
 0.00000e+00
 0.00000e+00
 0.00000e+00
 0.00000e+00
 0.00000e+00
 0.00000e+00
 0.00000e+00
 0.00000e+00
 0.00000e+00
 0.00000e+00
 0.00000e+00
 0.00000e+00
 0.00000e+00
 0.00000e+00
 0.00000e+00
 0.00000e+00
 0.00000e+00
 0.00000e+00
 0.00000e+00
 0.00000e+00
 0.00000e+00
 0.00000e+00
 0.00000e+00
 0.00000e+00
 0.00000e+00
 0.00000e+00
 0.00000e+00
 0.00000e+00
 0.00000e+00
 0.00000e+00
 0.00000e+00
 0.00000e+00
 0.00000e+00
 0.00000e+00
 0.00000e+00
 0.00000e+00
 0.00000e+00
 0.00000e+00
 0.00000e+00
 0.00000e+00
 0.00000e+00
 0.00000e+00
 0.00000e+00
 0.00000e+00
 0.00000e+00
 0.00000e+00
 0.00000e+00
 0.00000e+00
 0.00000e+00
 0.00000e+00
 0.00000e+00
 0.00000e+00
 0.00000e+00
 0.00000e+00
 0.00000e+00
 0.00000e+00
 0.00000e+00
 0.00000e+00
 0.00000e+00
 0.00000e+00
 0.00000e+00
 0.00000e+00
 0.00000e+00
 0.00000e+00
 0.00000e+00
 0.00000e+00
 0.00000e+00
 0.00000e+00
 0.00000e+00
 0.00000e+00
 0.00000e+00
 0.00000e+00
 0.00000e+00
 0.00000e+00
 0.00000e+00
 0.00000e+00
 0.00000e+00
 0.00000e+00
 0.00000e+00
 0.00000e+00
 0.00000e+00
 0.00000e+00
 0.00000e+00
 0.00000e+00
 0.00000e+00
 0.00000e+00
 0.00000e+00
 0.00000e+00
 0.00000e+00
 0.00000e+00
 0.00000e+00
 0.00000e+00
 0.00000e+00
 0.00000e+00
 0.00000e+00
 0.00000e+00
 0.00000e+00
 0.00000e+00
 0.00000e+00
 0.00000e+00
 0.00000e+00
 0.00000e+00
 0.00000e+00
 0.00000e+00
 0.00000e+00
 0.00000e+00
 0.00000e+00
 0.00000e+00
 0.00000e+00
 0.00000e+00
 0.00000e+00
 0.00000e+00
 0.00000e+00
 0.00000e+00
 0.00000e+00
 0.00000e+00
 0.00000e+00
 0.00000e+00
 0.00000e+00
 0.00000e+00
 0.00000e+00
 0.00000e+00
 0.00000e+00
 0.00000e+00
 0.00000e+00
 0.00000e+00
 0.00000e+00
 0.00000e+00
 0.00000e+00
 0.00000e+00
 0.00000e+00
 0.00000e+00
 0.00000e+00
 0.00000e+00
 0.00000e+00
 0.00000e+00
 0.00000e+00
 0.00000e+00
 0.00000e+00
 0.00000e+00
 0.00000e+00
 0.00000e+00
 0.00000e+00
 0.00000e+00
 0.00000e+00
 0.00000e+00
 0.00000e+00
 0.00000e+00
 0.00000e+00
 0.00000e+00
 0.00000e+00
 0.00000e+00
 0.00000e+00
 0.00000e+00
 0.00000e+00
 0.00000e+00
 0.00000e+00
 0.00000e+00
 0.00000e+00
 0.00000e+00
 0.00000e+00
 0.00000e+00
 0.00000e+00
 0.00000e+00
 0.00000e+00
 0.00000e+00
 0.00000e+00
 0.00000e+00
 0.00000e+00
 0.00000e+00
 0.00000e+00
 0.00000e+00
 0.00000e+00
 0.00000e+00
 0.00000e+00
 0.00000e+00
 0.00000e+00
 0.00000e+00
 0.00000e+00
 0.00000e+00
 0.00000e+00
 0.00000e+00
 0.00000e+00
 0.00000e+00
 0.00000e+00
 0.00000e+00
 0.00000e+00
 0.00000e+00
 0.00000e+00
 0.00000e+00
 0.00000e+00
 0.00000e+00
 0.00000e+00
 0.00000e+00
 0.00000e+00
 0.00000e+00
 0.00000e+00
 0.00000e+00
 0.00000e+00
 0.00000e+00
 0.00000e+00
 0.00000e+00
 0.00000e+00
 0.00000e+00
 0.00000e+00
 0.00000e+00
 0.00000e+00
 0.00000e+00
 0.00000e+00
 0.00000e+00
 0.00000e+00
 0.00000e+00
 0.00000e+00
 0.00000e+00
 0.00000e+00
 0.00000e+00
 0.00000e+00
 0.00000e+00
 0.00000e+00
 0.00000e+00
 0.00000e+00
 0.00000e+00
 0.00000e+00
 0.00000e+00
 0.00000e+00
 0.00000e+00
 0.00000e+00
 0.00000e+00
 0.00000e+00
 0.00000e+00
 0.00000e+00
 0.00000e+00
 0.00000e+00
 0.00000e+00
 0.00000e+00
 0.00000e+00
 0.00000e+00
 0.00000e+00
 0.00000e+00
 0.00000e+00
 0.00000e+00
 0.00000e+00
 0.00000e+00
 0.00000e+00
 0.00000e+00
 0.00000e+00
 0.00000e+00
 0.00000e+00
 0.00000e+00
 0.00000e+00
 0.00000e+00
 0.00000e+00
 0.00000e+00
 0.00000e+00
 0.00000e+00
 0.00000e+00
 0.00000e+00
 0.00000e+00
 0.00000e+00
 0.00000e+00
 0.00000e+00
 0.00000e+00
 0.00000e+00
 0.00000e+00
 0.00000e+00
 0.00000e+00
 0.00000e+00
 0.00000e+00
 0.00000e+00
 0.00000e+00
 0.00000e+00
 0.00000e+00
 0.00000e+00
 0.00000e+00
 0.00000e+00
 0.00000e+00
 0.00000e+00
 0.00000e+00
 0.00000e+00
 0.00000e+00
 0.00000e+00
 0.00000e+00
