PseudoViscosity
part
         1
quad4
 1.26735e-07
 3.36911e-07
 3.60344e-07
 4.46609e-07
 4.43051e-07
 6.05050e-07
 6.79754e-07
 6.89821e-07
 7.32172e-07
 9.49057e-07
 1.07897e-06
 1.24263e-06
 1.40384e-06
 1.53108e-06
 1.74831e-06
 2.00795e-06
 2.21624e-06
 2.45816e-06
 2.82520e-06
 3.20792e-06
 3.63445e-06
 4.17159e-06
 4.86328e-06
 5.67742e-06
 6.63778e-06
 7.83169e-06
 9.38447e-06
 1.13104e-05
 1.40789e-05
 1.74205e-05
 2.24754e-05
 2.91635e-05
 3.79151e-05
 5.70524e-05
 8.91235e-05
 1.14015e-04
 9.51898e-05
 1.00348e-05
 1.08694e-07
 0.00000e+00
 0.00000e+00
 0.00000e+00
 0.00000e+00
 0.00000e+00
 0.00000e+00
 0.00000e+00
 1.73487e-03
 4.89677e-03
 1.72990e-03
 2.12892e-04
 1.90702e-09
 4.63410e-13
 0.00000e+00
 0.00000e+00
 0.00000e+00
 0.00000e+00
 0.00000e+00
 0.00000e+00
 0.00000e+00
 0.00000e+00
 3.36911e-07
 2.70420e-07
 4.76392e-07
 3.45116e-07
 4.59092e-07
 3.47589e-07
 4.54228e-07
 6.16346e-07
 5.90510e-07
 7.21457e-07
 7.86573e-07
 8.76282e-07
 9.97055e-07
 1.09787e-06
 1.24707e-06
 1.47988e-06
 1.74906e-06
 1.97183e-06
 2.31397e-06
 2.73074e-06
 3.16225e-06
 3.72518e-06
 4.41380e-06
 5.28481e-06
 6.22689e-06
 7.44074e-06
 8.97175e-06
 1.09323e-05
 1.37209e-05
 1.70851e-05
 2.22029e-05
 2.88481e-05
 3.78424e-05
 5.70926e-05
 8.92089e-05
 1.13603e-04
 9.38269e-05
 7.63175e-06
 8.11209e-08
 0.00000e+00
 0.00000e+00
 0.00000e+00
 0.00000e+00
 0.00000e+00
 0.00000e+00
 0.00000e+00
 1.86057e-03
 4.85645e-03
 1.66942e-03
 2.03362e-04
 1.78309e-09
 4.02845e-13
 0.00000e+00
 0.00000e+00
 0.00000e+00
 0.00000e+00
 0.00000e+00
 0.00000e+00
 0.00000e+00
 0.00000e+00
 3.60344e-07
 4.76392e-07
 2.35917e-07
 3.84116e-07
 3.40230e-07
 3.78377e-07
 4.26383e-07
 5.73094e-07
 5.59674e-07
 7.54516e-07
 7.26094e-07
 8.48596e-07
 9.86499e-07
 1.15024e-06
 1.29053e-06
 1.46606e-06
 1.70398e-06
 1.96349e-06
 2.32180e-06
 2.71593e-06
 3.17777e-06
 3.70771e-06
 4.41348e-06
 5.22709e-06
 6.25124e-06
 7.43086e-06
 9.07304e-06
 1.09891e-05
 1.38419e-05
 1.72138e-05
 2.23539e-05
 2.92038e-05
 3.81666e-05
 5.81691e-05
 9.05195e-05
 1.13750e-04
 9.12466e-05
 9.49721e-07
 3.69204e-09
 0.00000e+00
 0.00000e+00
 0.00000e+00
 0.00000e+00
 0.00000e+00
 0.00000e+00
 0.00000e+00
 2.13838e-03
 4.80804e-03
 1.56375e-03
 1.86699e-04
 1.56738e-09
 3.01747e-13
 0.00000e+00
 0.00000e+00
 0.00000e+00
 0.00000e+00
 0.00000e+00
 0.00000e+00
 0.00000e+00
 0.00000e+00
 4.46609e-07
 3.45116e-07
 3.84116e-07
 2.81073e-07
 3.85302e-07
 4.17170e-07
 4.37565e-07
 4.47250e-07
 5.17043e-07
 5.95909e-07
 7.33216e-07
 8.40357e-07
 9.69397e-07
 1.12736e-06
 1.29057e-06
 1.52505e-06
 1.82003e-06
 2.06391e-06
 2.38539e-06
 2.79403e-06
 3.25060e-06
 3.83699e-06
 4.49570e-06
 5.39625e-06
 6.35322e-06
 7.63379e-06
 9.16231e-06
 1.12686e-05
 1.40819e-05
 1.75364e-05
 2.30028e-05
 2.95628e-05
 3.92992e-05
 6.01728e-05
 9.29401e-05
 1.14026e-04
 8.75154e-05
 6.32493e-07
 0.00000e+00
 0.00000e+00
 0.00000e+00
 0.00000e+00
 0.00000e+00
 0.00000e+00
 0.00000e+00
 0.00000e+00
 2.54833e-03
 4.70107e-03
 1.40963e-03
 1.63780e-04
 1.30241e-09
 1.87952e-13
 0.00000e+00
 0.00000e+00
 0.00000e+00
 0.00000e+00
 0.00000e+00
 0.00000e+00
 0.00000e+00
 0.00000e+00
 4.43051e-07
 4.59092e-07
 3.40230e-07
 3.85302e-07
 3.35529e-07
 4.08481e-07
 3.98948e-07
 4.57844e-07
 5.15362e-07
 6.16074e-07
 7.00905e-07
 8.40382e-07
 9.32457e-07
 1.15187e-06
 1.30209e-06
 1.53791e-06
 1.77452e-06
 2.04863e-06
 2.42565e-06
 2.81213e-06
 3.30203e-06
 3.85262e-06
 4.60215e-06
 5.42851e-06
 6.53645e-06
 7.70350e-06
 9.45607e-06
 1.14452e-05
 1.44416e-05
 1.80517e-05
 2.35051e-05
 3.05881e-05
 4.05859e-05
 6.30482e-05
 9.59496e-05
 1.14622e-04
 8.36134e-05
 6.23272e-07
 0.00000e+00
 0.00000e+00
 0.00000e+00
 0.00000e+00
 0.00000e+00
 0.00000e+00
 0.00000e+00
 0.00000e+00
 3.06176e-03
 4.51741e-03
 1.21417e-03
 1.37397e-04
 6.55986e-10
 9.22265e-14
 0.00000e+00
 0.00000e+00
 0.00000e+00
 0.00000e+00
 0.00000e+00
 0.00000e+00
 0.00000e+00
 0.00000e+00
 6.05050e-07
 3.47589e-07
 3.78377e-07
 4.17170e-07
 4.08481e-07
 3.74736e-07
 4.40321e-07
 4.75389e-07
 5.47170e-07
 6.49948e-07
 7.54786e-07
 8.68726e-07
 1.02069e-06
 1.19914e-06
 1.35058e-06
 1.58849e-06
 1.84454e-06
 2.15098e-06
 2.49275e-06
 2.92533e-06
 3.38361e-06
 4.03085e-06
 4.70086e-06
 5.63929e-06
 6.65013e-06
 8.03721e-06
 9.65246e-06
 1.19318e-05
 1.49016e-05
 1.85759e-05
 2.46647e-05
 3.13085e-05
 4.27319e-05
 6.65879e-05
 1.00000e-04
 1.15407e-04
 7.83990e-05
 5.96914e-07
 0.00000e+00
 0.00000e+00
 0.00000e+00
 0.00000e+00
 0.00000e+00
 0.00000e+00
 0.00000e+00
 0.00000e+00
 3.63310e-03
 4.22635e-03
 1.00258e-03
 2.84794e-08
 4.86726e-10
 3.01141e-14
 0.00000e+00
 0.00000e+00
 0.00000e+00
 0.00000e+00
 0.00000e+00
 0.00000e+00
 0.00000e+00
 0.00000e+00
 6.79754e-07
 4.54228e-07
 4.26383e-07
 4.37565e-07
 3.98948e-07
 4.40321e-07
 4.67562e-07
 5.27505e-07
 5.80216e-07
 6.75182e-07
 7.44021e-07
 9.10059e-07
 1.06323e-06
 1.22517e-06
 1.40509e-06
 1.65929e-06
 1.90990e-06
 2.22148e-06
 2.60846e-06
 2.99187e-06
 3.55401e-06
 4.09918e-06
 4.94459e-06
 5.75509e-06
 6.99867e-06
 8.18294e-06
 1.01279e-05
 1.23484e-05
 1.54512e-05
 1.95842e-05
 2.54486e-05
 3.29490e-05
 4.51247e-05
 7.14646e-05
 1.04901e-04
 1.15943e-04
 7.10313e-05
 5.58004e-07
 0.00000e+00
 0.00000e+00
 0.00000e+00
 0.00000e+00
 0.00000e+00
 0.00000e+00
 0.00000e+00
 0.00000e+00
 4.20596e-03
 3.81112e-03
 7.82752e-04
 1.78041e-08
 1.57720e-11
 7.12195e-15
 0.00000e+00
 0.00000e+00
 0.00000e+00
 0.00000e+00
 0.00000e+00
 0.00000e+00
 0.00000e+00
 0.00000e+00
 6.89821e-07
 6.16346e-07
 5.73094e-07
 4.47250e-07
 4.57844e-07
 4.75389e-07
 5.27505e-07
 5.56770e-07
 6.57227e-07
 7.26054e-07
 8.71914e-07
 9.93391e-07
 1.15116e-06
 1.28378e-06
 1.50598e-06
 1.72824e-06
 2.00797e-06
 2.35527e-06
 2.68952e-06
 3.16498e-06
 3.63835e-06
 4.36610e-06
 5.06751e-06
 6.14259e-06
 7.11690e-06
 8.75704e-06
 1.04101e-05
 1.30355e-05
 1.62128e-05
 2.04171e-05
 2.72108e-05
 3.42480e-05
 4.88391e-05
 7.74132e-05
 1.10643e-04
 1.15566e-04
 6.05824e-05
 5.00220e-07
 0.00000e+00
 0.00000e+00
 0.00000e+00
 0.00000e+00
 0.00000e+00
 0.00000e+00
 0.00000e+00
 0.00000e+00
 4.69164e-03
 3.27631e-03
 5.82869e-04
 1.03565e-08
 8.12002e-12
 7.73881e-16
 0.00000e+00
 0.00000e+00
 0.00000e+00
 0.00000e+00
 0.00000e+00
 0.00000e+00
 0.00000e+00
 0.00000e+00
 7.32172e-07
 5.90510e-07
 5.59674e-07
 5.17043e-07
 5.15362e-07
 5.47170e-07
 5.80216e-07
 6.57227e-07
 7.24512e-07
 8.31115e-07
 9.30233e-07
 1.08278e-06
 1.21244e-06
 1.39355e-06
 1.59779e-06
 1.85148e-06
 2.16191e-06
 2.45729e-06
 2.87703e-06
 3.28204e-06
 3.91050e-06
 4.50779e-06
 5.43343e-06
 6.30401e-06
 7.65341e-06
 9.04293e-06
 1.11286e-05
 1.37395e-05
 1.69207e-05
 2.21909e-05
 2.83223e-05
 3.67662e-05
 5.32830e-05
 8.50077e-05
 1.16764e-04
 1.13420e-04
 4.57587e-05
 4.14812e-07
 0.00000e+00
 0.00000e+00
 0.00000e+00
 0.00000e+00
 0.00000e+00
 0.00000e+00
 0.00000e+00
 1.68033e-06
 5.02359e-03
 2.65262e-03
 4.10502e-04
 5.65484e-09
 3.64285e-12
 3.25254e-16
 0.00000e+00
 0.00000e+00
 0.00000e+00
 0.00000e+00
 0.00000e+00
 0.00000e+00
 0.00000e+00
 0.00000e+00
 9.49057e-07
 7.21457e-07
 7.54516e-07
 5.95909e-07
 6.16074e-07
 6.49948e-07
 6.75182e-07
 7.26054e-07
 8.31115e-07
 9.09175e-07
 1.03792e-06
 1.17549e-06
 1.33289e-06
 1.49391e-06
 1.72408e-06
 1.99848e-06
 2.28716e-06
 2.65433e-06
 3.00019e-06
 3.56035e-06
 4.06113e-06
 4.89087e-06
 5.61761e-06
 6.83412e-06
 7.90750e-06
 9.76652e-06
 1.16873e-05
 1.45947e-05
 1.82982e-05
 2.33795e-05
 3.06421e-05
 3.92643e-05
 5.96363e-05
 9.39294e-05
 1.22888e-04
 1.08443e-04
 2.51391e-05
 2.78365e-07
 0.00000e+00
 0.00000e+00
 0.00000e+00
 0.00000e+00
 0.00000e+00
 0.00000e+00
 0.00000e+00
 1.46620e-03
 5.03960e-03
 2.00175e-03
 2.73393e-04
 2.94946e-09
 1.37294e-12
 3.04879e-26
 0.00000e+00
 0.00000e+00
 0.00000e+00
 0.00000e+00
 0.00000e+00
 0.00000e+00
 0.00000e+00
 0.00000e+00
 1.07897e-06
 7.86573e-07
 7.26094e-07
 7.33216e-07
 7.00905e-07
 7.54786e-07
 7.44021e-07
 8.71914e-07
 9.30233e-07
 1.03792e-06
 1.16259e-06
 1.30862e-06
 1.43995e-06
 1.64541e-06
 1.88950e-06
 2.15795e-06
 2.49623e-06
 2.78662e-06
 3.29419e-06
 3.72251e-06
 4.46817e-06
 5.07993e-06
 6.19016e-06
 7.06056e-06
 8.70638e-06
 1.01808e-05
 1.26793e-05
 1.57524e-05
 1.93637e-05
 2.59503e-05
 3.22769e-05
 4.35030e-05
 6.75298e-05
 1.04415e-04
 1.27975e-04
 1.00251e-04
 7.49717e-07
 0.00000e+00
 0.00000e+00
 0.00000e+00
 0.00000e+00
 0.00000e+00
 0.00000e+00
 0.00000e+00
 0.00000e+00
 3.01740e-03
 4.70287e-03
 1.39014e-03
 1.73260e-04
 1.17585e-09
 4.02845e-13
 0.00000e+00
 0.00000e+00
 0.00000e+00
 0.00000e+00
 0.00000e+00
 0.00000e+00
 0.00000e+00
 0.00000e+00
 0.00000e+00
 1.24263e-06
 8.76282e-07
 8.48596e-07
 8.40357e-07
 8.40382e-07
 8.68726e-07
 9.10059e-07
 9.93391e-07
 1.08278e-06
 1.17549e-06
 1.30862e-06
 1.42028e-06
 1.60071e-06
 1.82417e-06
 2.07655e-06
 2.38415e-06
 2.63792e-06
 3.09411e-06
 3.46695e-06
 4.13621e-06
 4.66488e-06
 5.65328e-06
 6.42083e-06
 7.85937e-06
 9.10028e-06
 1.11805e-05
 1.37805e-05
 1.66574e-05
 2.17284e-05
 2.76040e-05
 3.53880e-05
 4.86645e-05
 7.79848e-05
 1.15800e-04
 1.30877e-04
 8.61100e-05
 6.48392e-07
 0.00000e+00
 0.00000e+00
 0.00000e+00
 0.00000e+00
 0.00000e+00
 0.00000e+00
 0.00000e+00
 0.00000e+00
 4.29694e-03
 3.98864e-03
 8.93856e-04
 2.42295e-08
 6.08521e-10
 7.90817e-14
 0.00000e+00
 0.00000e+00
 0.00000e+00
 0.00000e+00
 0.00000e+00
 0.00000e+00
 0.00000e+00
 0.00000e+00
 0.00000e+00
 1.40384e-06
 9.97055e-07
 9.86499e-07
 9.69397e-07
 9.32457e-07
 1.02069e-06
 1.06323e-06
 1.15116e-06
 1.21244e-06
 1.33289e-06
 1.43995e-06
 1.60071e-06
 1.80394e-06
 2.03724e-06
 2.31401e-06
 2.54418e-06
 2.95895e-06
 3.28389e-06
 3.89436e-06
 4.35853e-06
 5.23847e-06
 5.91437e-06
 7.19555e-06
 8.23873e-06
 1.00684e-05
 1.21030e-05
 1.48245e-05
 1.85821e-05
 2.34083e-05
 3.07636e-05
 3.84054e-05
 5.65470e-05
 9.06958e-05
 1.27445e-04
 1.29690e-04
 6.43093e-05
 5.29046e-07
 0.00000e+00
 0.00000e+00
 0.00000e+00
 0.00000e+00
 0.00000e+00
 0.00000e+00
 0.00000e+00
 0.00000e+00
 5.08593e-03
 3.02682e-03
 5.28544e-04
 9.26852e-09
 9.14566e-12
 8.87160e-15
 0.00000e+00
 0.00000e+00
 0.00000e+00
 0.00000e+00
 0.00000e+00
 0.00000e+00
 0.00000e+00
 0.00000e+00
 0.00000e+00
 1.53108e-06
 1.09787e-06
 1.15024e-06
 1.12736e-06
 1.15187e-06
 1.19914e-06
 1.22517e-06
 1.28378e-06
 1.39355e-06
 1.49391e-06
 1.64541e-06
 1.82417e-06
 2.03724e-06
 2.28921e-06
 2.49382e-06
 2.88072e-06
 3.16405e-06
 3.73119e-06
 4.14308e-06
 4.93711e-06
 5.52628e-06
 6.71501e-06
 7.56661e-06
 9.28260e-06
 1.08191e-05
 1.33308e-05
 1.65005e-05
 2.00715e-05
 2.68712e-05
 3.30118e-05
 4.36663e-05
 6.69418e-05
 1.05994e-04
 1.37809e-04
 1.22522e-04
 3.16633e-05
 3.40017e-07
 0.00000e+00
 0.00000e+00
 0.00000e+00
 0.00000e+00
 0.00000e+00
 0.00000e+00
 0.00000e+00
 1.86253e-03
 5.13971e-03
 2.02803e-03
 2.95178e-04
 2.99302e-09
 2.38352e-12
 1.12157e-16
 0.00000e+00
 0.00000e+00
 0.00000e+00
 0.00000e+00
 0.00000e+00
 0.00000e+00
 0.00000e+00
 0.00000e+00
 0.00000e+00
 1.74831e-06
 1.24707e-06
 1.29053e-06
 1.29057e-06
 1.30209e-06
 1.35058e-06
 1.40509e-06
 1.50598e-06
 1.59779e-06
 1.72408e-06
 1.88950e-06
 2.07655e-06
 2.31401e-06
 2.49382e-06
 2.85799e-06
 3.11065e-06
 3.63527e-06
 4.00008e-06
 4.73569e-06
 5.24897e-06
 6.35494e-06
 7.07618e-06
 8.67903e-06
 9.92553e-06
 1.21494e-05
 1.49483e-05
 1.76859e-05
 2.34896e-05
 2.92456e-05
 3.69416e-05
 5.06182e-05
 8.12856e-05
 1.22854e-04
 1.44598e-04
 1.06921e-04
 8.58155e-07
 0.00000e+00
 0.00000e+00
 0.00000e+00
 0.00000e+00
 0.00000e+00
 0.00000e+00
 0.00000e+00
 0.00000e+00
 3.90644e-03
 4.47503e-03
 1.20373e-03
 4.45872e-08
 1.06101e-09
 4.48359e-13
 4.97840e-27
 0.00000e+00
 0.00000e+00
 0.00000e+00
 0.00000e+00
 0.00000e+00
 0.00000e+00
 0.00000e+00
 0.00000e+00
 0.00000e+00
 2.00795e-06
 1.47988e-06
 1.46606e-06
 1.52505e-06
 1.53791e-06
 1.58849e-06
 1.65929e-06
 1.72824e-06
 1.85148e-06
 1.99848e-06
 2.15795e-06
 2.38415e-06
 2.54418e-06
 2.88072e-06
 3.11065e-06
 3.60437e-06
 3.93324e-06
 4.61601e-06
 5.07153e-06
 6.10406e-06
 6.72760e-06
 8.21674e-06
 9.29227e-06
 1.12101e-05
 1.37227e-05
 1.61295e-05
 2.06068e-05
 2.59192e-05
 3.32489e-05
 4.14038e-05
 6.16970e-05
 9.93362e-05
 1.39792e-04
 1.44567e-04
 7.72967e-05
 6.04522e-07
 0.00000e+00
 0.00000e+00
 0.00000e+00
 0.00000e+00
 0.00000e+00
 0.00000e+00
 0.00000e+00
 0.00000e+00
 5.15527e-03
 3.30140e-03
 6.34529e-04
 1.35065e-08
 1.83044e-11
 4.71507e-14
 0.00000e+00
 0.00000e+00
 0.00000e+00
 0.00000e+00
 0.00000e+00
 0.00000e+00
 0.00000e+00
 0.00000e+00
 0.00000e+00
 0.00000e+00
 2.21624e-06
 1.74906e-06
 1.70398e-06
 1.82003e-06
 1.77452e-06
 1.84454e-06
 1.90990e-06
 2.00797e-06
 2.16191e-06
 2.28716e-06
 2.49623e-06
 2.63792e-06
 2.95895e-06
 3.16405e-06
 3.63527e-06
 3.93324e-06
 4.57273e-06
 4.98154e-06
 5.96016e-06
 6.50619e-06
 7.89604e-06
 8.84057e-06
 1.05846e-05
 1.27085e-05
 1.50481e-05
 1.87788e-05
 2.30566e-05
 3.02613e-05
 3.64973e-05
 4.92424e-05
 7.72888e-05
 1.20909e-04
 1.53600e-04
 1.34179e-04
 3.25788e-05
 3.43217e-07
 0.00000e+00
 0.00000e+00
 0.00000e+00
 0.00000e+00
 0.00000e+00
 0.00000e+00
 0.00000e+00
 2.30140e-03
 5.20832e-03
 2.03951e-03
 3.12360e-04
 3.61321e-09
 3.74619e-12
 3.81333e-16
 0.00000e+00
 0.00000e+00
 0.00000e+00
 0.00000e+00
 0.00000e+00
 0.00000e+00
 0.00000e+00
 0.00000e+00
 0.00000e+00
 0.00000e+00
 2.45816e-06
 1.97183e-06
 1.96349e-06
 2.06391e-06
 2.04863e-06
 2.15098e-06
 2.22148e-06
 2.35527e-06
 2.45729e-06
 2.65433e-06
 2.78662e-06
 3.09411e-06
 3.28389e-06
 3.73119e-06
 4.00008e-06
 4.61601e-06
 4.98154e-06
 5.91256e-06
 6.39511e-06
 7.70942e-06
 8.55117e-06
 1.01777e-05
 1.19946e-05
 1.42737e-05
 1.74981e-05
 2.08355e-05
 2.78026e-05
 3.34914e-05
 4.21739e-05
 6.10233e-05
 9.88029e-05
 1.43622e-04
 1.59659e-04
 1.06975e-04
 8.90853e-07
 0.00000e+00
 0.00000e+00
 0.00000e+00
 0.00000e+00
 0.00000e+00
 0.00000e+00
 0.00000e+00
 0.00000e+00
 4.60675e-03
 4.22825e-03
 1.06819e-03
 3.79642e-08
 1.11705e-09
 5.45128e-13
 9.08243e-27
 0.00000e+00
 0.00000e+00
 0.00000e+00
 0.00000e+00
 0.00000e+00
 0.00000e+00
 0.00000e+00
 0.00000e+00
 0.00000e+00
 0.00000e+00
 2.82520e-06
 2.31397e-06
 2.32180e-06
 2.38539e-06
 2.42565e-06
 2.49275e-06
 2.60846e-06
 2.68952e-06
 2.87703e-06
 3.00019e-06
 3.29419e-06
 3.46695e-06
 3.89436e-06
 4.14308e-06
 4.73569e-06
 5.07153e-06
 5.96016e-06
 6.39511e-06
 7.64581e-06
 8.41192e-06
 9.94774e-06
 1.15434e-05
 1.36807e-05
 1.66710e-05
 1.93619e-05
 2.56012e-05
 3.11947e-05
 3.84386e-05
 5.07031e-05
 7.97644e-05
 1.25199e-04
 1.63174e-04
 1.51931e-04
 5.77227e-05
 4.95995e-07
 0.00000e+00
 0.00000e+00
 0.00000e+00
 0.00000e+00
 0.00000e+00
 0.00000e+00
 0.00000e+00
 1.17843e-03
 5.44897e-03
 2.73147e-03
 4.87896e-04
 8.19612e-09
 1.33069e-11
 4.38084e-14
 0.00000e+00
 0.00000e+00
 0.00000e+00
 0.00000e+00
 0.00000e+00
 0.00000e+00
 0.00000e+00
 0.00000e+00
 0.00000e+00
 0.00000e+00
 0.00000e+00
 3.20792e-06
 2.73074e-06
 2.71593e-06
 2.79403e-06
 2.81213e-06
 2.92533e-06
 2.99187e-06
 3.16498e-06
 3.28204e-06
 3.56035e-06
 3.72251e-06
 4.13621e-06
 4.35853e-06
 4.93711e-06
 5.24897e-06
 6.10406e-06
 6.50619e-06
 7.70942e-06
 8.41192e-06
 9.87105e-06
 1.13253e-05
 1.33314e-05
 1.61487e-05
 1.84133e-05
 2.39745e-05
 2.93814e-05
 3.62095e-05
 4.46978e-05
 6.59480e-05
 1.05971e-04
 1.53471e-04
 1.72330e-04
 1.22099e-04
 1.06963e-06
 0.00000e+00
 0.00000e+00
 0.00000e+00
 0.00000e+00
 0.00000e+00
 0.00000e+00
 0.00000e+00
 0.00000e+00
 4.18384e-03
 4.70634e-03
 1.41629e-03
 2.52895e-04
 2.18350e-09
 1.87328e-12
 3.25254e-16
 0.00000e+00
 0.00000e+00
 0.00000e+00
 0.00000e+00
 0.00000e+00
 0.00000e+00
 0.00000e+00
 0.00000e+00
 0.00000e+00
 0.00000e+00
 0.00000e+00
 3.63445e-06
 3.16225e-06
 3.17777e-06
 3.25060e-06
 3.30203e-06
 3.38361e-06
 3.55401e-06
 3.63835e-06
 3.91050e-06
 4.06113e-06
 4.46817e-06
 4.66488e-06
 5.23847e-06
 5.52628e-06
 6.35494e-06
 6.72760e-06
 7.89604e-06
 8.55117e-06
 9.94774e-06
 1.13253e-05
 1.32196e-05
 1.58775e-05
 1.79061e-05
 2.29660e-05
 2.79806e-05
 3.47461e-05
 4.13683e-05
 5.69358e-05
 8.99043e-05
 1.38471e-04
 1.76308e-04
 1.62337e-04
 5.93925e-05
 5.02905e-07
 0.00000e+00
 0.00000e+00
 0.00000e+00
 0.00000e+00
 0.00000e+00
 0.00000e+00
 0.00000e+00
 8.48389e-04
 5.53380e-03
 3.09365e-03
 6.06403e-04
 1.46775e-08
 2.71074e-11
 1.49785e-13
 8.33281e-28
 0.00000e+00
 0.00000e+00
 0.00000e+00
 0.00000e+00
 0.00000e+00
 0.00000e+00
 0.00000e+00
 0.00000e+00
 0.00000e+00
 0.00000e+00
 0.00000e+00
 4.17159e-06
 3.72518e-06
 3.70771e-06
 3.83699e-06
 3.85262e-06
 4.03085e-06
 4.09918e-06
 4.36610e-06
 4.50779e-06
 4.89087e-06
 5.07993e-06
 5.65328e-06
 5.91437e-06
 6.71501e-06
 7.07618e-06
 8.21674e-06
 8.84057e-06
 1.01777e-05
 1.15434e-05
 1.33314e-05
 1.58775e-05
 1.77655e-05
 2.24833e-05
 2.70994e-05
 3.38105e-05
 3.95244e-05
 5.15042e-05
 7.82035e-05
 1.23636e-04
 1.70899e-04
 1.82117e-04
 1.19516e-04
 1.08825e-06
 0.00000e+00
 0.00000e+00
 0.00000e+00
 0.00000e+00
 0.00000e+00
 0.00000e+00
 0.00000e+00
 0.00000e+00
 4.30164e-03
 4.82099e-03
 1.53412e-03
 2.31159e-04
 2.75597e-09
 3.40566e-12
 8.74822e-16
 0.00000e+00
 0.00000e+00
 0.00000e+00
 0.00000e+00
 0.00000e+00
 0.00000e+00
 0.00000e+00
 0.00000e+00
 0.00000e+00
 0.00000e+00
 0.00000e+00
 0.00000e+00
 4.86328e-06
 4.41380e-06
 4.41348e-06
 4.49570e-06
 4.60215e-06
 4.70086e-06
 4.94459e-06
 5.06751e-06
 5.43343e-06
 5.61761e-06
 6.19016e-06
 6.42083e-06
 7.19555e-06
 7.56661e-06
 8.67903e-06
 9.29227e-06
 1.05846e-05
 1.19946e-05
 1.36807e-05
 1.61487e-05
 1.79061e-05
 2.24833e-05
 2.68347e-05
 3.33141e-05
 3.85677e-05
 4.85437e-05
 7.06157e-05
 1.11656e-04
 1.61995e-04
 1.90961e-04
 1.59345e-04
 1.66342e-05
 1.51994e-07
 0.00000e+00
 0.00000e+00
 0.00000e+00
 0.00000e+00
 0.00000e+00
 0.00000e+00
 0.00000e+00
 1.46982e-03
 5.63266e-03
 3.01720e-03
 6.21553e-04
 1.47443e-08
 1.01049e-09
 2.47755e-13
 1.12157e-16
 0.00000e+00
 0.00000e+00
 0.00000e+00
 0.00000e+00
 0.00000e+00
 0.00000e+00
 0.00000e+00
 0.00000e+00
 0.00000e+00
 0.00000e+00
 0.00000e+00
 0.00000e+00
 5.67742e-06
 5.28481e-06
 5.22709e-06
 5.39625e-06
 5.42851e-06
 5.63929e-06
 5.75509e-06
 6.14259e-06
 6.30401e-06
 6.83412e-06
 7.06056e-06
 7.85937e-06
 8.23873e-06
 9.28260e-06
 9.92553e-06
 1.12101e-05
 1.27085e-05
 1.42737e-05
 1.66710e-05
 1.84133e-05
 2.29660e-05
 2.70994e-05
 3.33141e-05
 3.82879e-05
 4.72677e-05
 6.64413e-05
 1.03574e-04
 1.53553e-04
 1.92397e-04
 1.82598e-04
 8.40717e-05
 7.21096e-07
 0.00000e+00
 0.00000e+00
 0.00000e+00
 0.00000e+00
 0.00000e+00
 0.00000e+00
 0.00000e+00
 0.00000e+00
 4.95258e-03
 4.58275e-03
 1.37226e-03
 6.93282e-08
 2.25741e-09
 3.62309e-12
 1.08792e-15
 0.00000e+00
 0.00000e+00
 0.00000e+00
 0.00000e+00
 0.00000e+00
 0.00000e+00
 0.00000e+00
 0.00000e+00
 0.00000e+00
 0.00000e+00
 0.00000e+00
 0.00000e+00
 0.00000e+00
 6.63778e-06
 6.22689e-06
 6.25124e-06
 6.35322e-06
 6.53645e-06
 6.65013e-06
 6.99867e-06
 7.11690e-06
 7.65341e-06
 7.90750e-06
 8.70638e-06
 9.10028e-06
 1.00684e-05
 1.08191e-05
 1.21494e-05
 1.37227e-05
 1.50481e-05
 1.74981e-05
 1.93619e-05
 2.39745e-05
 2.79806e-05
 3.38105e-05
 3.85677e-05
 4.72677e-05
 6.51187e-05
 9.95715e-05
 1.47808e-04
 1.90962e-04
 1.94594e-04
 1.25145e-04
 1.24338e-06
 0.00000e+00
 0.00000e+00
 0.00000e+00
 0.00000e+00
 0.00000e+00
 0.00000e+00
 0.00000e+00
 0.00000e+00
 2.91121e-03
 5.58011e-03
 2.54795e-03
 4.91093e-04
 9.87746e-09
 2.64562e-11
 2.19278e-13
 2.44655e-27
 0.00000e+00
 0.00000e+00
 0.00000e+00
 0.00000e+00
 0.00000e+00
 0.00000e+00
 0.00000e+00
 0.00000e+00
 0.00000e+00
 0.00000e+00
 0.00000e+00
 0.00000e+00
 0.00000e+00
 7.83169e-06
 7.44074e-06
 7.43086e-06
 7.63379e-06
 7.70350e-06
 8.03721e-06
 8.18294e-06
 8.75704e-06
 9.04293e-06
 9.76652e-06
 1.01808e-05
 1.11805e-05
 1.21030e-05
 1.33308e-05
 1.49483e-05
 1.61295e-05
 1.87788e-05
 2.08355e-05
 2.56013e-05
 2.93814e-05
 3.47461e-05
 3.95244e-05
 4.85437e-05
 6.64413e-05
 9.95715e-05
 1.45796e-04
 1.89604e-04
 1.99947e-04
 1.46469e-04
 1.51206e-06
 0.00000e+00
 0.00000e+00
 0.00000e+00
 0.00000e+00
 0.00000e+00
 0.00000e+00
 0.00000e+00
 0.00000e+00
 3.87118e-04
 5.65878e-03
 3.88067e-03
 9.99219e-04
 4.11788e-08
 1.78387e-09
 2.25066e-12
 6.61725e-16
 0.00000e+00
 0.00000e+00
 0.00000e+00
 0.00000e+00
 0.00000e+00
 0.00000e+00
 0.00000e+00
 0.00000e+00
 0.00000e+00
 0.00000e+00
 0.00000e+00
 0.00000e+00
 0.00000e+00
 0.00000e+00
 9.38447e-06
 8.97175e-06
 9.07304e-06
 9.16231e-06
 9.45607e-06
 9.65246e-06
 1.01279e-05
 1.04101e-05
 1.11286e-05
 1.16873e-05
 1.26793e-05
 1.37805e-05
 1.48245e-05
 1.65005e-05
 1.76859e-05
 2.06068e-05
 2.30566e-05
 2.78026e-05
 3.11947e-05
 3.62095e-05
 4.13683e-05
 5.15042e-05
 7.06157e-05
 1.03574e-04
 1.47808e-04
 1.89604e-04
 2.01439e-04
 1.56090e-04
 1.62198e-06
 0.00000e+00
 0.00000e+00
 0.00000e+00
 0.00000e+00
 0.00000e+00
 0.00000e+00
 0.00000e+00
 0.00000e+00
 0.00000e+00
 4.85692e-03
 4.98177e-03
 1.76457e-03
 3.27358e-04
 5.18921e-09
 1.27772e-11
 9.57819e-14
 5.35369e-28
 0.00000e+00
 0.00000e+00
 0.00000e+00
 0.00000e+00
 0.00000e+00
 0.00000e+00
 0.00000e+00
 0.00000e+00
 0.00000e+00
 0.00000e+00
 0.00000e+00
 0.00000e+00
 0.00000e+00
 0.00000e+00
 1.13104e-05
 1.09323e-05
 1.09891e-05
 1.12686e-05
 1.14452e-05
 1.19318e-05
 1.23484e-05
 1.30355e-05
 1.37395e-05
 1.45947e-05
 1.57524e-05
 1.66574e-05
 1.85821e-05
 2.00715e-05
 2.34896e-05
 2.59192e-05
 3.02613e-05
 3.34914e-05
 3.84386e-05
 4.46978e-05
 5.69358e-05
 7.82035e-05
 1.11656e-04
 1.53553e-04
 1.90962e-04
 1.99947e-04
 1.56090e-04
 1.63623e-06
 0.00000e+00
 0.00000e+00
 0.00000e+00
 0.00000e+00
 0.00000e+00
 0.00000e+00
 0.00000e+00
 0.00000e+00
 0.00000e+00
 3.43490e-03
 5.66743e-03
 2.70205e-03
 5.81006e-04
 1.62036e-08
 1.09071e-09
 7.32632e-13
 2.13098e-16
 0.00000e+00
 0.00000e+00
 0.00000e+00
 0.00000e+00
 0.00000e+00
 0.00000e+00
 0.00000e+00
 0.00000e+00
 0.00000e+00
 0.00000e+00
 0.00000e+00
 0.00000e+00
 0.00000e+00
 0.00000e+00
 0.00000e+00
 1.40789e-05
 1.37209e-05
 1.38419e-05
 1.40819e-05
 1.44416e-05
 1.49016e-05
 1.54512e-05
 1.62128e-05
 1.69206e-05
 1.82982e-05
 1.93637e-05
 2.17284e-05
 2.34083e-05
 2.68712e-05
 2.92456e-05
 3.32489e-05
 3.64973e-05
 4.21739e-05
 5.07031e-05
 6.59480e-05
 8.99043e-05
 1.23636e-04
 1.61995e-04
 1.92397e-04
 1.94594e-04
 1.46469e-04
 1.62198e-06
 0.00000e+00
 0.00000e+00
 0.00000e+00
 0.00000e+00
 0.00000e+00
 0.00000e+00
 0.00000e+00
 0.00000e+00
 0.00000e+00
 1.86680e-03
 5.86679e-03
 3.62629e-03
 9.47466e-04
 4.12092e-08
 2.15183e-09
 3.73873e-12
 7.06587e-15
 0.00000e+00
 0.00000e+00
 0.00000e+00
 0.00000e+00
 0.00000e+00
 0.00000e+00
 0.00000e+00
 0.00000e+00
 0.00000e+00
 0.00000e+00
 0.00000e+00
 0.00000e+00
 0.00000e+00
 0.00000e+00
 0.00000e+00
 0.00000e+00
 1.74205e-05
 1.70851e-05
 1.72138e-05
 1.75364e-05
 1.80517e-05
 1.85759e-05
 1.95842e-05
 2.04171e-05
 2.21909e-05
 2.33795e-05
 2.59503e-05
 2.76040e-05
 3.07636e-05
 3.30118e-05
 3.69416e-05
 4.14038e-05
 4.92424e-05
 6.10233e-05
 7.97644e-05
 1.05971e-04
 1.38471e-04
 1.70899e-04
 1.90962e-04
 1.82598e-04
 1.25145e-04
 1.51206e-06
 0.00000e+00
 0.00000e+00
 0.00000e+00
 0.00000e+00
 0.00000e+00
 0.00000e+00
 0.00000e+00
 0.00000e+00
 0.00000e+00
 4.50917e-04
 5.70980e-03
 4.41212e-03
 1.39837e-03
 8.98621e-08
 3.62699e-09
 1.27968e-11
 1.21354e-13
 1.42574e-27
 0.00000e+00
 0.00000e+00
 0.00000e+00
 0.00000e+00
 0.00000e+00
 0.00000e+00
 0.00000e+00
 0.00000e+00
 0.00000e+00
 0.00000e+00
 0.00000e+00
 0.00000e+00
 0.00000e+00
 0.00000e+00
 0.00000e+00
 0.00000e+00
 2.24754e-05
 2.22029e-05
 2.23539e-05
 2.30028e-05
 2.35051e-05
 2.46647e-05
 2.54486e-05
 2.72108e-05
 2.83223e-05
 3.06421e-05
 3.22769e-05
 3.53880e-05
 3.84054e-05
 4.36663e-05
 5.06182e-05
 6.16970e-05
 7.72888e-05
 9.88029e-05
 1.25199e-04
 1.53471e-04
 1.76308e-04
 1.82117e-04
 1.59345e-04
 8.40717e-05
 1.24338e-06
 0.00000e+00
 0.00000e+00
 0.00000e+00
 0.00000e+00
 0.00000e+00
 0.00000e+00
 0.00000e+00
 0.00000e+00
 0.00000e+00
 0.00000e+00
 5.38716e-03
 4.94776e-03
 1.87324e-03
 3.70543e-04
 7.87864e-09
 3.39800e-11
 5.37669e-13
 3.95678e-26
 0.00000e+00
 0.00000e+00
 0.00000e+00
 0.00000e+00
 0.00000e+00
 0.00000e+00
 0.00000e+00
 0.00000e+00
 0.00000e+00
 0.00000e+00
 0.00000e+00
 0.00000e+00
 0.00000e+00
 0.00000e+00
 0.00000e+00
 0.00000e+00
 0.00000e+00
 2.91635e-05
 2.88481e-05
 2.92038e-05
 2.95628e-05
 3.05881e-05
 3.13085e-05
 3.29490e-05
 3.42480e-05
 3.67662e-05
 3.92643e-05
 4.35030e-05
 4.86645e-05
 5.65470e-05
 6.69418e-05
 8.12856e-05
 9.93362e-05
 1.20909e-04
 1.43622e-04
 1.63174e-04
 1.72330e-04
 1.62337e-04
 1.19516e-04
 1.66342e-05
 7.21096e-07
 0.00000e+00
 0.00000e+00
 0.00000e+00
 0.00000e+00
 0.00000e+00
 0.00000e+00
 0.00000e+00
 0.00000e+00
 0.00000e+00
 0.00000e+00
 5.06631e-03
 5.30297e-03
 2.29631e-03
 5.35240e-04
 1.65021e-08
 1.64268e-09
 1.55493e-12
 6.05646e-16
 0.00000e+00
 0.00000e+00
 0.00000e+00
 0.00000e+00
 0.00000e+00
 0.00000e+00
 0.00000e+00
 0.00000e+00
 0.00000e+00
 0.00000e+00
 0.00000e+00
 0.00000e+00
 0.00000e+00
 0.00000e+00
 0.00000e+00
 0.00000e+00
 0.00000e+00
 0.00000e+00
 3.79151e-05
 3.78424e-05
 3.81666e-05
 3.92992e-05
 4.05859e-05
 4.27319e-05
 4.51247e-05
 4.88391e-05
 5.32830e-05
 5.96363e-05
 6.75298e-05
 7.79848e-05
 9.06958e-05
 1.05994e-04
 1.22854e-04
 1.39792e-04
 1.53600e-04
 1.59659e-04
 1.51931e-04
 1.22099e-04
 5.93925e-05
 1.08825e-06
 1.51994e-07
 0.00000e+00
 0.00000e+00
 0.00000e+00
 0.00000e+00
 0.00000e+00
 0.00000e+00
 0.00000e+00
 0.00000e+00
 0.00000e+00
 0.00000e+00
 4.87344e-03
 5.49571e-03
 2.60692e-03
 6.44644e-04
 2.54741e-08
 1.85008e-09
 3.56842e-12
 2.73662e-15
 0.00000e+00
 0.00000e+00
 0.00000e+00
 0.00000e+00
 0.00000e+00
 0.00000e+00
 0.00000e+00
 0.00000e+00
 0.00000e+00
 0.00000e+00
 0.00000e+00
 0.00000e+00
 0.00000e+00
 0.00000e+00
 0.00000e+00
 0.00000e+00
 0.00000e+00
 0.00000e+00
 0.00000e+00
 5.70524e-05
 5.70926e-05
 5.81691e-05
 6.01728e-05
 6.30482e-05
 6.65879e-05
 7.14646e-05
 7.74131e-05
 8.50077e-05
 9.39294e-05
 1.04415e-04
 1.15800e-04
 1.27445e-04
 1.37809e-04
 1.44598e-04
 1.44567e-04
 1.34179e-04
 1.06975e-04
 5.77227e-05
 1.06963e-06
 5.02905e-07
 0.00000e+00
 0.00000e+00
 0.00000e+00
 0.00000e+00
 0.00000e+00
 0.00000e+00
 0.00000e+00
 0.00000e+00
 0.00000e+00
 0.00000e+00
 0.00000e+00
 4.87344e-03
 5.55453e-03
 2.76964e-03
 7.28033e-04
 3.36822e-08
 2.36464e-09
 6.43471e-12
 5.15360e-14
 3.01274e-28
 0.00000e+00
 0.00000e+00
 0.00000e+00
 0.00000e+00
 0.00000e+00
 0.00000e+00
 0.00000e+00
 0.00000e+00
 0.00000e+00
 0.00000e+00
 0.00000e+00
 0.00000e+00
 0.00000e+00
 0.00000e+00
 0.00000e+00
 0.00000e+00
 0.00000e+00
 0.00000e+00
 0.00000e+00
 8.91235e-05
 8.92089e-05
 9.05195e-05
 9.29401e-05
 9.59496e-05
 1.00000e-04
 1.04901e-04
 1.10643e-04
 1.16764e-04
 1.22887e-04
 1.27975e-04
 1.30877e-04
 1.29690e-04
 1.22522e-04
 1.06921e-04
 7.72967e-05
 3.25788e-05
 8.90853e-07
 4.95995e-07
 0.00000e+00
 0.00000e+00
 0.00000e+00
 0.00000e+00
 0.00000e+00
 0.00000e+00
 0.00000e+00
 0.00000e+00
 0.00000e+00
 0.00000e+00
 0.00000e+00
 0.00000e+00
 5.06631e-03
 5.49571e-03
 2.76964e-03
 7.57855e-04
 3.87281e-08
 2.69807e-09
 9.38564e-12
 1.21578e-13
 2.88293e-27
 0.00000e+00
 0.00000e+00
 0.00000e+00
 0.00000e+00
 0.00000e+00
 0.00000e+00
 0.00000e+00
 0.00000e+00
 0.00000e+00
 0.00000e+00
 0.00000e+00
 0.00000e+00
 0.00000e+00
 0.00000e+00
 0.00000e+00
 0.00000e+00
 0.00000e+00
 0.00000e+00
 0.00000e+00
 0.00000e+00
 1.14015e-04
 1.13603e-04
 1.13750e-04
 1.14026e-04
 1.14622e-04
 1.15407e-04
 1.15943e-04
 1.15566e-04
 1.13420e-04
 1.08443e-04
 1.00251e-04
 8.61100e-05
 6.43093e-05
 3.16633e-05
 8.58155e-07
 6.04522e-07
 3.43217e-07
 0.00000e+00
 0.00000e+00
 0.00000e+00
 0.00000e+00
 0.00000e+00
 0.00000e+00
 0.00000e+00
 0.00000e+00
 0.00000e+00
 0.00000e+00
 0.00000e+00
 0.00000e+00
 4.50917e-04
 5.38716e-03
 5.30297e-03
 2.60692e-03
 7.28033e-04
 3.87281e-08
 2.81862e-09
 1.12889e-11
 1.88883e-13
 8.61703e-27
 0.00000e+00
 0.00000e+00
 0.00000e+00
 0.00000e+00
 0.00000e+00
 0.00000e+00
 0.00000e+00
 0.00000e+00
 0.00000e+00
 0.00000e+00
 0.00000e+00
 0.00000e+00
 0.00000e+00
 0.00000e+00
 0.00000e+00
 0.00000e+00
 0.00000e+00
 0.00000e+00
 0.00000e+00
 0.00000e+00
 0.00000e+00
 9.51898e-05
 9.38269e-05
 9.12466e-05
 8.75154e-05
 8.36134e-05
 7.83990e-05
 7.10313e-05
 6.05824e-05
 4.57587e-05
 2.51391e-05
 7.49717e-07
 6.48392e-07
 5.29046e-07
 3.40017e-07
 0.00000e+00
 0.00000e+00
 0.00000e+00
 0.00000e+00
 0.00000e+00
 0.00000e+00
 0.00000e+00
 0.00000e+00
 0.00000e+00
 0.00000e+00
 0.00000e+00
 0.00000e+00
 0.00000e+00
 0.00000e+00
 1.86680e-03
 5.70980e-03
 4.94776e-03
 2.29631e-03
 6.44644e-04
 3.36822e-08
 2.69807e-09
 1.12889e-11
 2.15274e-13
 1.57047e-26
 0.00000e+00
 0.00000e+00
 0.00000e+00
 0.00000e+00
 0.00000e+00
 0.00000e+00
 0.00000e+00
 0.00000e+00
 0.00000e+00
 0.00000e+00
 0.00000e+00
 0.00000e+00
 0.00000e+00
 0.00000e+00
 0.00000e+00
 0.00000e+00
 0.00000e+00
 0.00000e+00
 0.00000e+00
 0.00000e+00
 0.00000e+00
 0.00000e+00
 1.00348e-05
 7.63175e-06
 9.49719e-07
 6.32493e-07
 6.23272e-07
 5.96914e-07
 5.58004e-07
 5.00220e-07
 4.14812e-07
 2.78365e-07
 0.00000e+00
 0.00000e+00
 0.00000e+00
 0.00000e+00
 0.00000e+00
 0.00000e+00
 0.00000e+00
 0.00000e+00
 0.00000e+00
 0.00000e+00
 0.00000e+00
 0.00000e+00
 0.00000e+00
 0.00000e+00
 0.00000e+00
 0.00000e+00
 0.00000e+00
 3.43490e-03
 5.86679e-03
 4.41212e-03
 1.87324e-03
 5.35240e-04
 2.54741e-08
 2.36464e-09
 9.38564e-12
 1.88939e-13
 1.57068e-26
 0.00000e+00
 0.00000e+00
 0.00000e+00
 0.00000e+00
 0.00000e+00
 0.00000e+00
 0.00000e+00
 0.00000e+00
 0.00000e+00
 0.00000e+00
 0.00000e+00
 0.00000e+00
 0.00000e+00
 0.00000e+00
 0.00000e+00
 0.00000e+00
 0.00000e+00
 0.00000e+00
 0.00000e+00
 0.00000e+00
 0.00000e+00
 0.00000e+00
 0.00000e+00
 1.08694e-07
 8.11209e-08
 3.69201e-09
 0.00000e+00
 0.00000e+00
 0.00000e+00
 0.00000e+00
 0.00000e+00
 0.00000e+00
 0.00000e+00
 0.00000e+00
 0.00000e+00
 0.00000e+00
 0.00000e+00
 0.00000e+00
 0.00000e+00
 0.00000e+00
 0.00000e+00
 0.00000e+00
 0.00000e+00
 0.00000e+00
 0.00000e+00
 0.00000e+00
 0.00000e+00
 0.00000e+00
 3.87118e-04
 4.85692e-03
 5.66743e-03
 3.62629e-03
 1.39837e-03
 3.70543e-04
 1.65021e-08
 1.85008e-09
 6.43477e-12
 1.21634e-13
 8.62014e-27
 0.00000e+00
 0.00000e+00
 0.00000e+00
 0.00000e+00
 0.00000e+00
 0.00000e+00
 0.00000e+00
 0.00000e+00
 0.00000e+00
 0.00000e+00
 0.00000e+00
 0.00000e+00
 0.00000e+00
 0.00000e+00
 0.00000e+00
 0.00000e+00
 0.00000e+00
 0.00000e+00
 0.00000e+00
 0.00000e+00
 0.00000e+00
 0.00000e+00
 0.00000e+00
 0.00000e+00
 0.00000e+00
 0.00000e+00
 0.00000e+00
 0.00000e+00
 0.00000e+00
 0.00000e+00
 0.00000e+00
 0.00000e+00
 0.00000e+00
 0.00000e+00
 0.00000e+00
 0.00000e+00
 0.00000e+00
 0.00000e+00
 0.00000e+00
 0.00000e+00
 0.00000e+00
 0.00000e+00
 0.00000e+00
 0.00000e+00
 0.00000e+00
 0.00000e+00
 0.00000e+00
 0.00000e+00
 2.91121e-03
 5.65878e-03
 4.98177e-03
 2.70205e-03
 9.47466e-04
 8.98621e-08
 7.87864e-09
 1.64268e-09
 3.56847e-12
 5.13678e-14
 2.88106e-27
 0.00000e+00
 0.00000e+00
 0.00000e+00
 0.00000e+00
 0.00000e+00
 0.00000e+00
 0.00000e+00
 0.00000e+00
 0.00000e+00
 0.00000e+00
 0.00000e+00
 0.00000e+00
 0.00000e+00
 0.00000e+00
 0.00000e+00
 0.00000e+00
 0.00000e+00
 0.00000e+00
 0.00000e+00
 0.00000e+00
 0.00000e+00
 0.00000e+00
 0.00000e+00
 0.00000e+00
 0.00000e+00
 0.00000e+00
 0.00000e+00
 0.00000e+00
 0.00000e+00
 0.00000e+00
 0.00000e+00
 0.00000e+00
 0.00000e+00
 0.00000e+00
 0.00000e+00
 0.00000e+00
 0.00000e+00
 0.00000e+00
 0.00000e+00
 0.00000e+00
 0.00000e+00
 0.00000e+00
 0.00000e+00
 0.00000e+00
 0.00000e+00
 0.00000e+00
 0.00000e+00
 1.46982e-03
 4.95258e-03
 5.58011e-03
 3.88067e-03
 1.76457e-03
 5.81006e-04
 4.12092e-08
 3.62699e-09
 3.39798e-11
 1.55493e-12
 2.84878e-15
 3.00962e-28
 0.00000e+00
 0.00000e+00
 0.00000e+00
 0.00000e+00
 0.00000e+00
 0.00000e+00
 0.00000e+00
 0.00000e+00
 0.00000e+00
 0.00000e+00
 0.00000e+00
 0.00000e+00
 0.00000e+00
 0.00000e+00
 0.00000e+00
 0.00000e+00
 0.00000e+00
 0.00000e+00
 0.00000e+00
 0.00000e+00
 0.00000e+00
 0.00000e+00
 0.00000e+00
 0.00000e+00
 0.00000e+00
 0.00000e+00
 0.00000e+00
 0.00000e+00
 0.00000e+00
 0.00000e+00
 0.00000e+00
 0.00000e+00
 0.00000e+00
 0.00000e+00
 0.00000e+00
 0.00000e+00
 0.00000e+00
 0.00000e+00
 0.00000e+00
 0.00000e+00
 0.00000e+00
 0.00000e+00
 0.00000e+00
 0.00000e+00
 0.00000e+00
 0.00000e+00
 8.48389e-04
 4.30164e-03
 5.63266e-03
 4.58275e-03
 2.54795e-03
 9.99219e-04
 3.27358e-04
 1.62036e-08
 2.15183e-09
 1.27968e-11
 5.37837e-13
 7.06587e-16
 0.00000e+00
 0.00000e+00
 0.00000e+00
 0.00000e+00
 0.00000e+00
 0.00000e+00
 0.00000e+00
 0.00000e+00
 0.00000e+00
 0.00000e+00
 0.00000e+00
 0.00000e+00
 0.00000e+00
 0.00000e+00
 0.00000e+00
 0.00000e+00
 0.00000e+00
 0.00000e+00
 0.00000e+00
 0.00000e+00
 0.00000e+00
 0.00000e+00
 0.00000e+00
 0.00000e+00
 0.00000e+00
 0.00000e+00
 0.00000e+00
 0.00000e+00
 0.00000e+00
 0.00000e+00
 0.00000e+00
 0.00000e+00
 0.00000e+00
 0.00000e+00
 0.00000e+00
 0.00000e+00
 0.00000e+00
 0.00000e+00
 0.00000e+00
 0.00000e+00
 0.00000e+00
 0.00000e+00
 0.00000e+00
 0.00000e+00
 0.00000e+00
 0.00000e+00
 1.17843e-03
 4.18384e-03
 5.53380e-03
 4.82099e-03
 3.01720e-03
 1.37226e-03
 4.91093e-04
 4.11788e-08
 5.18921e-09
 1.09071e-09
 3.73880e-12
 1.21522e-13
 5.60784e-17
 0.00000e+00
 0.00000e+00
 0.00000e+00
 0.00000e+00
 0.00000e+00
 0.00000e+00
 0.00000e+00
 0.00000e+00
 0.00000e+00
 0.00000e+00
 0.00000e+00
 0.00000e+00
 0.00000e+00
 0.00000e+00
 0.00000e+00
 0.00000e+00
 0.00000e+00
 0.00000e+00
 0.00000e+00
 0.00000e+00
 0.00000e+00
 0.00000e+00
 0.00000e+00
 0.00000e+00
 0.00000e+00
 0.00000e+00
 0.00000e+00
 0.00000e+00
 0.00000e+00
 0.00000e+00
 0.00000e+00
 0.00000e+00
 0.00000e+00
 0.00000e+00
 0.00000e+00
 0.00000e+00
 0.00000e+00
 0.00000e+00
 0.00000e+00
 0.00000e+00
 0.00000e+00
 0.00000e+00
 0.00000e+00
 0.00000e+00
 0.00000e+00
 2.30140e-03
 4.60675e-03
 5.44897e-03
 4.70634e-03
 3.09365e-03
 1.53412e-03
 6.21553e-04
 6.93282e-08
 9.87746e-09
 1.78387e-09
 1.27775e-11
 7.32576e-13
 7.00980e-15
 1.42699e-27
 0.00000e+00
 0.00000e+00
 0.00000e+00
 0.00000e+00
 0.00000e+00
 0.00000e+00
 0.00000e+00
 0.00000e+00
 0.00000e+00
 0.00000e+00
 0.00000e+00
 0.00000e+00
 0.00000e+00
 0.00000e+00
 0.00000e+00
 0.00000e+00
 0.00000e+00
 0.00000e+00
 0.00000e+00
 0.00000e+00
 0.00000e+00
 0.00000e+00
 0.00000e+00
 0.00000e+00
 0.00000e+00
 0.00000e+00
 0.00000e+00
 0.00000e+00
 0.00000e+00
 0.00000e+00
 0.00000e+00
 0.00000e+00
 0.00000e+00
 0.00000e+00
 0.00000e+00
 0.00000e+00
 0.00000e+00
 0.00000e+00
 0.00000e+00
 0.00000e+00
 0.00000e+00
 0.00000e+00
 0.00000e+00
 1.86253e-03
 3.90644e-03
 5.15527e-03
 5.20832e-03
 4.22825e-03
 2.73147e-03
 1.41629e-03
 6.06403e-04
 2.31159e-04
 1.47443e-08
 2.25741e-09
 2.64560e-11
 2.25071e-12
 9.58379e-14
 1.68235e-16
 0.00000e+00
 0.00000e+00
 0.00000e+00
 0.00000e+00
 0.00000e+00
 0.00000e+00
 0.00000e+00
 0.00000e+00
 0.00000e+00
 0.00000e+00
 0.00000e+00
 0.00000e+00
 0.00000e+00
 0.00000e+00
 0.00000e+00
 0.00000e+00
 0.00000e+00
 0.00000e+00
 0.00000e+00
 0.00000e+00
 0.00000e+00
 0.00000e+00
 0.00000e+00
 0.00000e+00
 0.00000e+00
 0.00000e+00
 0.00000e+00
 0.00000e+00
 0.00000e+00
 0.00000e+00
 0.00000e+00
 0.00000e+00
 0.00000e+00
 0.00000e+00
 0.00000e+00
 0.00000e+00
 0.00000e+00
 0.00000e+00
 0.00000e+00
 0.00000e+00
 1.68033e-06
 1.46620e-03
 3.01740e-03
 4.29694e-03
 5.08593e-03
 5.13971e-03
 4.47503e-03
 3.30140e-03
 2.03951e-03
 1.06819e-03
 4.87896e-04
 2.52895e-04
 1.46775e-08
 2.75597e-09
 1.01049e-09
 3.62319e-12
 2.19278e-13
 5.49568e-16
 5.35058e-28
 0.00000e+00
 0.00000e+00
 0.00000e+00
 0.00000e+00
 0.00000e+00
 0.00000e+00
 0.00000e+00
 0.00000e+00
 0.00000e+00
 0.00000e+00
 0.00000e+00
 0.00000e+00
 0.00000e+00
 0.00000e+00
 0.00000e+00
 0.00000e+00
 0.00000e+00
 0.00000e+00
 0.00000e+00
 0.00000e+00
 0.00000e+00
 0.00000e+00
 0.00000e+00
 0.00000e+00
 0.00000e+00
 0.00000e+00
 0.00000e+00
 0.00000e+00
 0.00000e+00
 0.00000e+00
 0.00000e+00
 0.00000e+00
 0.00000e+00
 1.73487e-03
 1.86057e-03
 2.13838e-03
 2.54833e-03
 3.06176e-03
 3.63310e-03
 4.20596e-03
 4.69164e-03
 5.02359e-03
 5.03960e-03
 4.70287e-03
 3.98864e-03
 3.02682e-03
 2.02803e-03
 1.20373e-03
 6.34529e-04
 3.12360e-04
 3.79642e-08
 8.19612e-09
 2.18350e-09
 2.71075e-11
 3.40565e-12
 2.47642e-13
 1.15521e-15
 2.44730e-27
 0.00000e+00
 0.00000e+00
 0.00000e+00
 0.00000e+00
 0.00000e+00
 0.00000e+00
 0.00000e+00
 0.00000e+00
 0.00000e+00
 0.00000e+00
 0.00000e+00
 0.00000e+00
 0.00000e+00
 0.00000e+00
 0.00000e+00
 0.00000e+00
 0.00000e+00
 0.00000e+00
 0.00000e+00
 0.00000e+00
 0.00000e+00
 0.00000e+00
 0.00000e+00
 0.00000e+00
 0.00000e+00
 0.00000e+00
 0.00000e+00
 0.00000e+00
 0.00000e+00
 0.00000e+00
 0.00000e+00
 0.00000e+00
 0.00000e+00
 0.00000e+00
 0.00000e+00
 4.89677e-03
 4.85645e-03
 4.80804e-03
 4.70107e-03
 4.51741e-03
 4.22635e-03
 3.81112e-03
 3.27631e-03
 2.65262e-03
 2.00175e-03
 1.39014e-03
 8.93856e-04
 5.28544e-04
 2.95178e-04
 4.45872e-08
 1.35065e-08
 3.61321e-09
 1.11705e-09
 1.33068e-11
 1.87327e-12
 1.49942e-13
 8.74822e-16
 2.75909e-27
 0.00000e+00
 0.00000e+00
 0.00000e+00
 0.00000e+00
 0.00000e+00
 0.00000e+00
 0.00000e+00
 0.00000e+00
 0.00000e+00
 0.00000e+00
 0.00000e+00
 0.00000e+00
 0.00000e+00
 0.00000e+00
 0.00000e+00
 0.00000e+00
 0.00000e+00
 0.00000e+00
 0.00000e+00
 0.00000e+00
 0.00000e+00
 0.00000e+00
 0.00000e+00
 0.00000e+00
 0.00000e+00
 0.00000e+00
 0.00000e+00
 0.00000e+00
 0.00000e+00
 0.00000e+00
 0.00000e+00
 0.00000e+00
 0.00000e+00
 0.00000e+00
 0.00000e+00
 0.00000e+00
 0.00000e+00
 1.72990e-03
 1.66942e-03
 1.56375e-03
 1.40963e-03
 1.21417e-03
 1.00258e-03
 7.82752e-04
 5.82869e-04
 4.10502e-04
 2.73393e-04
 1.73260e-04
 2.42295e-08
 9.26852e-09
 2.99302e-09
 1.06101e-09
 1.83041e-11
 3.74614e-12
 5.45005e-13
 4.38084e-14
 3.25254e-16
 8.34153e-28
 0.00000e+00
 0.00000e+00
 0.00000e+00
 0.00000e+00
 0.00000e+00
 0.00000e+00
 0.00000e+00
 0.00000e+00
 0.00000e+00
 0.00000e+00
 0.00000e+00
 0.00000e+00
 0.00000e+00
 0.00000e+00
 0.00000e+00
 0.00000e+00
 0.00000e+00
 0.00000e+00
 0.00000e+00
 0.00000e+00
 0.00000e+00
 0.00000e+00
 0.00000e+00
 0.00000e+00
 0.00000e+00
 0.00000e+00
 0.00000e+00
 0.00000e+00
 0.00000e+00
 0.00000e+00
 0.00000e+00
 0.00000e+00
 0.00000e+00
 0.00000e+00
 0.00000e+00
 0.00000e+00
 0.00000e+00
 0.00000e+00
 0.00000e+00
 2.12892e-04
 2.03362e-04
 1.86699e-04
 1.63780e-04
 1.37397e-04
 2.84794e-08
 1.78041e-08
 1.03565e-08
 5.65484e-09
 2.94946e-09
 1.17585e-09
 6.08521e-10
 9.14588e-12
 2.38362e-12
 4.48460e-13
 4.69825e-14
 5.49568e-16
 9.08224e-27
 0.00000e+00
 0.00000e+00
 0.00000e+00
 0.00000e+00
 0.00000e+00
 0.00000e+00
 0.00000e+00
 0.00000e+00
 0.00000e+00
 0.00000e+00
 0.00000e+00
 0.00000e+00
 0.00000e+00
 0.00000e+00
 0.00000e+00
 0.00000e+00
 0.00000e+00
 0.00000e+00
 0.00000e+00
 0.00000e+00
 0.00000e+00
 0.00000e+00
 0.00000e+00
 0.00000e+00
 0.00000e+00
 0.00000e+00
 0.00000e+00
 0.00000e+00
 0.00000e+00
 0.00000e+00
 0.00000e+00
 0.00000e+00
 0.00000e+00
 0.00000e+00
 0.00000e+00
 0.00000e+00
 0.00000e+00
 0.00000e+00
 0.00000e+00
 0.00000e+00
 0.00000e+00
 0.00000e+00
 1.90702e-09
 1.78309e-09
 1.56738e-09
 1.30241e-09
 6.55985e-10
 4.86726e-10
 1.57720e-11
 8.11991e-12
 3.64274e-12
 1.37305e-12
 4.02733e-13
 7.91827e-14
 8.92768e-15
 1.12157e-16
 4.97952e-27
 0.00000e+00
 0.00000e+00
 0.00000e+00
 0.00000e+00
 0.00000e+00
 0.00000e+00
 0.00000e+00
 0.00000e+00
 0.00000e+00
 0.00000e+00
 0.00000e+00
 0.00000e+00
 0.00000e+00
 0.00000e+00
 0.00000e+00
 0.00000e+00
 0.00000e+00
 0.00000e+00
 0.00000e+00
 0.00000e+00
 0.00000e+00
 0.00000e+00
 0.00000e+00
 0.00000e+00
 0.00000e+00
 0.00000e+00
 0.00000e+00
 0.00000e+00
 0.00000e+00
 0.00000e+00
 0.00000e+00
 0.00000e+00
 0.00000e+00
 0.00000e+00
 0.00000e+00
 0.00000e+00
 0.00000e+00
 0.00000e+00
 0.00000e+00
 0.00000e+00
 0.00000e+00
 0.00000e+00
 0.00000e+00
 0.00000e+00
 0.00000e+00
 4.63635e-13
 4.02958e-13
 3.01635e-13
 1.87840e-13
 9.22153e-14
 3.01141e-14
 7.00980e-15
 9.86979e-16
 2.24313e-16
 3.04900e-26
 0.00000e+00
 0.00000e+00
 0.00000e+00
 0.00000e+00
 0.00000e+00
 0.00000e+00
 0.00000e+00
 0.00000e+00
 0.00000e+00
 0.00000e+00
 0.00000e+00
 0.00000e+00
 0.00000e+00
 0.00000e+00
 0.00000e+00
 0.00000e+00
 0.00000e+00
 0.00000e+00
 0.00000e+00
 0.00000e+00
 0.00000e+00
 0.00000e+00
 0.00000e+00
 0.00000e+00
 0.00000e+00
 0.00000e+00
 0.00000e+00
 0.00000e+00
 0.00000e+00
 0.00000e+00
 0.00000e+00
 0.00000e+00
 0.00000e+00
 0.00000e+00
 0.00000e+00
 0.00000e+00
 0.00000e+00
 0.00000e+00
 0.00000e+00
 0.00000e+00
 0.00000e+00
 0.00000e+00
 0.00000e+00
 0.00000e+00
 0.00000e+00
 0.00000e+00
 0.00000e+00
 0.00000e+00
 0.00000e+00
 0.00000e+00
 0.00000e+00
 0.00000e+00
 0.00000e+00
 0.00000e+00
 0.00000e+00
 0.00000e+00
 0.00000e+00
 0.00000e+00
 0.00000e+00
 0.00000e+00
 0.00000e+00
 0.00000e+00
 0.00000e+00
 0.00000e+00
 0.00000e+00
 0.00000e+00
 0.00000e+00
 0.00000e+00
 0.00000e+00
 0.00000e+00
 0.00000e+00
 0.00000e+00
 0.00000e+00
 0.00000e+00
 0.00000e+00
 0.00000e+00
 0.00000e+00
 0.00000e+00
 0.00000e+00
 0.00000e+00
 0.00000e+00
 0.00000e+00
 0.00000e+00
 0.00000e+00
 0.00000e+00
 0.00000e+00
 0.00000e+00
 0.00000e+00
 0.00000e+00
 0.00000e+00
 0.00000e+00
 0.00000e+00
 0.00000e+00
 0.00000e+00
 0.00000e+00
 0.00000e+00
 0.00000e+00
 0.00000e+00
 0.00000e+00
 0.00000e+00
 0.00000e+00
 0.00000e+00
 0.00000e+00
 0.00000e+00
 0.00000e+00
 0.00000e+00
 0.00000e+00
 0.00000e+00
 0.00000e+00
 0.00000e+00
 0.00000e+00
 0.00000e+00
 0.00000e+00
 0.00000e+00
 0.00000e+00
 0.00000e+00
 0.00000e+00
 0.00000e+00
 0.00000e+00
 0.00000e+00
 0.00000e+00
 0.00000e+00
 0.00000e+00
 0.00000e+00
 0.00000e+00
 0.00000e+00
 0.00000e+00
 0.00000e+00
 0.00000e+00
 0.00000e+00
 0.00000e+00
 0.00000e+00
 0.00000e+00
 0.00000e+00
 0.00000e+00
 0.00000e+00
 0.00000e+00
 0.00000e+00
 0.00000e+00
 0.00000e+00
 0.00000e+00
 0.00000e+00
 0.00000e+00
 0.00000e+00
 0.00000e+00
 0.00000e+00
 0.00000e+00
 0.00000e+00
 0.00000e+00
 0.00000e+00
 0.00000e+00
 0.00000e+00
 0.00000e+00
 0.00000e+00
 0.00000e+00
 0.00000e+00
 0.00000e+00
 0.00000e+00
 0.00000e+00
 0.00000e+00
 0.00000e+00
 0.00000e+00
 0.00000e+00
 0.00000e+00
 0.00000e+00
 0.00000e+00
 0.00000e+00
 0.00000e+00
 0.00000e+00
 0.00000e+00
 0.00000e+00
 0.00000e+00
 0.00000e+00
 0.00000e+00
 0.00000e+00
 0.00000e+00
 0.00000e+00
 0.00000e+00
 0.00000e+00
 0.00000e+00
 0.00000e+00
 0.00000e+00
 0.00000e+00
 0.00000e+00
 0.00000e+00
 0.00000e+00
 0.00000e+00
 0.00000e+00
 0.00000e+00
 0.00000e+00
 0.00000e+00
 0.00000e+00
 0.00000e+00
 0.00000e+00
 0.00000e+00
 0.00000e+00
 0.00000e+00
 0.00000e+00
 0.00000e+00
 0.00000e+00
 0.00000e+00
 0.00000e+00
 0.00000e+00
 0.00000e+00
 0.00000e+00
 0.00000e+00
 0.00000e+00
 0.00000e+00
 0.00000e+00
 0.00000e+00
 0.00000e+00
 0.00000e+00
 0.00000e+00
 0.00000e+00
 0.00000e+00
 0.00000e+00
 0.00000e+00
 0.00000e+00
 0.00000e+00
 0.00000e+00
 0.00000e+00
 0.00000e+00
 0.00000e+00
 0.00000e+00
 0.00000e+00
 0.00000e+00
 0.00000e+00
 0.00000e+00
 0.00000e+00
 0.00000e+00
 0.00000e+00
 0.00000e+00
 0.00000e+00
 0.00000e+00
 0.00000e+00
 0.00000e+00
 0.00000e+00
 0.00000e+00
 0.00000e+00
 0.00000e+00
 0.00000e+00
 0.00000e+00
 0.00000e+00
 0.00000e+00
 0.00000e+00
 0.00000e+00
 0.00000e+00
 0.00000e+00
 0.00000e+00
 0.00000e+00
 0.00000e+00
 0.00000e+00
 0.00000e+00
 0.00000e+00
 0.00000e+00
 0.00000e+00
 0.00000e+00
 0.00000e+00
 0.00000e+00
 0.00000e+00
 0.00000e+00
 0.00000e+00
 0.00000e+00
 0.00000e+00
 0.00000e+00
 0.00000e+00
 0.00000e+00
 0.00000e+00
 0.00000e+00
 0.00000e+00
 0.00000e+00
 0.00000e+00
 0.00000e+00
 0.00000e+00
 0.00000e+00
 0.00000e+00
 0.00000e+00
 0.00000e+00
 0.00000e+00
 0.00000e+00
 0.00000e+00
 0.00000e+00
 0.00000e+00
 0.00000e+00
 0.00000e+00
 0.00000e+00
 0.00000e+00
 0.00000e+00
 0.00000e+00
 0.00000e+00
 0.00000e+00
 0.00000e+00
 0.00000e+00
 0.00000e+00
 0.00000e+00
 0.00000e+00
 0.00000e+00
 0.00000e+00
 0.00000e+00
 0.00000e+00
 0.00000e+00
 0.00000e+00
 0.00000e+00
 0.00000e+00
 0.00000e+00
 0.00000e+00
 0.00000e+00
 0.00000e+00
 0.00000e+00
 0.00000e+00
 0.00000e+00
 0.00000e+00
 0.00000e+00
 0.00000e+00
 0.00000e+00
 0.00000e+00
 0.00000e+00
 0.00000e+00
 0.00000e+00
 0.00000e+00
 0.00000e+00
 0.00000e+00
 0.00000e+00
 0.00000e+00
 0.00000e+00
 0.00000e+00
 0.00000e+00
 0.00000e+00
 0.00000e+00
 0.00000e+00
 0.00000e+00
 0.00000e+00
 0.00000e+00
 0.00000e+00
 0.00000e+00
 0.00000e+00
 0.00000e+00
 0.00000e+00
 0.00000e+00
 0.00000e+00
 0.00000e+00
 0.00000e+00
 0.00000e+00
 0.00000e+00
 0.00000e+00
 0.00000e+00
 0.00000e+00
 0.00000e+00
 0.00000e+00
 0.00000e+00
 0.00000e+00
 0.00000e+00
 0.00000e+00
 0.00000e+00
 0.00000e+00
 0.00000e+00
 0.00000e+00
 0.00000e+00
 0.00000e+00
 0.00000e+00
 0.00000e+00
 0.00000e+00
 0.00000e+00
 0.00000e+00
 0.00000e+00
 0.00000e+00
 0.00000e+00
 0.00000e+00
 0.00000e+00
 0.00000e+00
 0.00000e+00
 0.00000e+00
 0.00000e+00
 0.00000e+00
 0.00000e+00
 0.00000e+00
 0.00000e+00
 0.00000e+00
 0.00000e+00
 0.00000e+00
 0.00000e+00
 0.00000e+00
 0.00000e+00
 0.00000e+00
 0.00000e+00
 0.00000e+00
 0.00000e+00
 0.00000e+00
 0.00000e+00
 0.00000e+00
 0.00000e+00
 0.00000e+00
 0.00000e+00
 0.00000e+00
 0.00000e+00
 0.00000e+00
 0.00000e+00
 0.00000e+00
 0.00000e+00
 0.00000e+00
 0.00000e+00
 0.00000e+00
 0.00000e+00
 0.00000e+00
 0.00000e+00
 0.00000e+00
 0.00000e+00
 0.00000e+00
 0.00000e+00
 0.00000e+00
 0.00000e+00
 0.00000e+00
 0.00000e+00
 0.00000e+00
 0.00000e+00
 0.00000e+00
 0.00000e+00
 0.00000e+00
 0.00000e+00
 0.00000e+00
 0.00000e+00
 0.00000e+00
 0.00000e+00
 0.00000e+00
 0.00000e+00
 0.00000e+00
 0.00000e+00
 0.00000e+00
 0.00000e+00
 0.00000e+00
 0.00000e+00
 0.00000e+00
 0.00000e+00
 0.00000e+00
 0.00000e+00
 0.00000e+00
 0.00000e+00
 0.00000e+00
 0.00000e+00
 0.00000e+00
 0.00000e+00
 0.00000e+00
 0.00000e+00
 0.00000e+00
 0.00000e+00
 0.00000e+00
 0.00000e+00
 0.00000e+00
 0.00000e+00
 0.00000e+00
 0.00000e+00
 0.00000e+00
 0.00000e+00
 0.00000e+00
 0.00000e+00
 0.00000e+00
 0.00000e+00
 0.00000e+00
 0.00000e+00
 0.00000e+00
 0.00000e+00
 0.00000e+00
 0.00000e+00
 0.00000e+00
 0.00000e+00
 0.00000e+00
 0.00000e+00
 0.00000e+00
 0.00000e+00
 0.00000e+00
 0.00000e+00
 0.00000e+00
 0.00000e+00
 0.00000e+00
 0.00000e+00
 0.00000e+00
 0.00000e+00
 0.00000e+00
 0.00000e+00
 0.00000e+00
 0.00000e+00
 0.00000e+00
 0.00000e+00
 0.00000e+00
 0.00000e+00
 0.00000e+00
 0.00000e+00
 0.00000e+00
 0.00000e+00
 0.00000e+00
 0.00000e+00
 0.00000e+00
 0.00000e+00
 0.00000e+00
 0.00000e+00
 0.00000e+00
 0.00000e+00
 0.00000e+00
 0.00000e+00
 0.00000e+00
 0.00000e+00
 0.00000e+00
 0.00000e+00
 0.00000e+00
 0.00000e+00
 0.00000e+00
 0.00000e+00
 0.00000e+00
 0.00000e+00
 0.00000e+00
 0.00000e+00
 0.00000e+00
 0.00000e+00
 0.00000e+00
 0.00000e+00
 0.00000e+00
 0.00000e+00
 0.00000e+00
 0.00000e+00
 0.00000e+00
 0.00000e+00
 0.00000e+00
 0.00000e+00
 0.00000e+00
 0.00000e+00
 0.00000e+00
 0.00000e+00
 0.00000e+00
 0.00000e+00
 0.00000e+00
