PseudoViscosity
part
         1
quad4
 2.81050e-07
 5.48134e-07
 5.69861e-07
 6.19334e-07
 7.73684e-07
 9.55898e-07
 1.08260e-06
 1.24829e-06
 1.37711e-06
 1.65884e-06
 2.05161e-06
 2.20086e-06
 2.45295e-06
 2.83230e-06
 3.20044e-06
 3.56893e-06
 4.17017e-06
 4.78403e-06
 5.49595e-06
 6.43750e-06
 7.63422e-06
 9.07404e-06
 1.08441e-05
 1.31988e-05
 1.59776e-05
 2.02138e-05
 2.51444e-05
 3.39391e-05
 4.30675e-05
 6.18010e-05
 1.03896e-04
 1.49315e-04
 1.44033e-04
 4.82779e-05
 5.22203e-07
 0.00000e+00
 0.00000e+00
 0.00000e+00
 0.00000e+00
 0.00000e+00
 0.00000e+00
 0.00000e+00
 3.44535e-03
 5.63329e-03
 1.57851e-03
 1.79124e-04
 1.38713e-09
 1.49539e-13
 0.00000e+00
 0.00000e+00
 0.00000e+00
 0.00000e+00
 0.00000e+00
 0.00000e+00
 0.00000e+00
 0.00000e+00
 0.00000e+00
 0.00000e+00
 0.00000e+00
 0.00000e+00
 5.48134e-07
 6.34396e-07
 5.72125e-07
 5.91122e-07
 8.15134e-07
 6.17634e-07
 7.10857e-07
 9.42748e-07
 9.95681e-07
 1.27032e-06
 1.41769e-06
 1.60796e-06
 1.79157e-06
 2.13853e-06
 2.54896e-06
 2.91782e-06
 3.45875e-06
 4.12767e-06
 4.80668e-06
 5.73801e-06
 6.96166e-06
 8.48423e-06
 1.02316e-05
 1.27415e-05
 1.54116e-05
 1.97488e-05
 2.47133e-05
 3.35000e-05
 4.28746e-05
 6.17762e-05
 1.04260e-04
 1.49134e-04
 1.42469e-04
 4.49377e-05
 5.00360e-07
 0.00000e+00
 0.00000e+00
 0.00000e+00
 0.00000e+00
 0.00000e+00
 0.00000e+00
 0.00000e+00
 3.58962e-03
 5.55159e-03
 1.51457e-03
 1.70166e-04
 1.29379e-09
 1.16214e-13
 0.00000e+00
 0.00000e+00
 0.00000e+00
 0.00000e+00
 0.00000e+00
 0.00000e+00
 0.00000e+00
 0.00000e+00
 0.00000e+00
 0.00000e+00
 0.00000e+00
 0.00000e+00
 5.69861e-07
 5.72125e-07
 5.33545e-07
 5.35961e-07
 6.05101e-07
 6.58061e-07
 6.35183e-07
 9.56854e-07
 9.24207e-07
 1.34526e-06
 1.35785e-06
 1.66322e-06
 1.81138e-06
 2.16346e-06
 2.43167e-06
 2.83914e-06
 3.40989e-06
 4.08223e-06
 4.87209e-06
 5.79719e-06
 7.10243e-06
 8.44929e-06
 1.02729e-05
 1.26423e-05
 1.55687e-05
 1.98395e-05
 2.49591e-05
 3.39861e-05
 4.30614e-05
 6.33041e-05
 1.06636e-04
 1.50407e-04
 1.39183e-04
 3.59476e-05
 4.40088e-07
 0.00000e+00
 0.00000e+00
 0.00000e+00
 0.00000e+00
 0.00000e+00
 0.00000e+00
 0.00000e+00
 3.91822e-03
 5.42652e-03
 1.40503e-03
 1.55029e-04
 1.22485e-09
 6.90590e-14
 0.00000e+00
 0.00000e+00
 0.00000e+00
 0.00000e+00
 0.00000e+00
 0.00000e+00
 0.00000e+00
 0.00000e+00
 0.00000e+00
 0.00000e+00
 0.00000e+00
 0.00000e+00
 6.19334e-07
 5.91122e-07
 5.35961e-07
 5.42731e-07
 6.75210e-07
 6.51102e-07
 7.60821e-07
 8.30544e-07
 9.94311e-07
 1.14610e-06
 1.38526e-06
 1.63877e-06
 1.83257e-06
 2.22897e-06
 2.66829e-06
 3.08579e-06
 3.63524e-06
 4.23935e-06
 5.03523e-06
 6.01199e-06
 7.11857e-06
 8.85046e-06
 1.04526e-05
 1.31252e-05
 1.59499e-05
 2.02805e-05
 2.58131e-05
 3.46375e-05
 4.44360e-05
 6.58895e-05
 1.11021e-04
 1.52248e-04
 1.34661e-04
 2.46391e-05
 3.01617e-07
 0.00000e+00
 0.00000e+00
 0.00000e+00
 0.00000e+00
 0.00000e+00
 0.00000e+00
 0.00000e+00
 4.37781e-03
 5.19752e-03
 1.23722e-03
 1.28293e-04
 5.72982e-10
 2.69009e-14
 0.00000e+00
 0.00000e+00
 0.00000e+00
 0.00000e+00
 0.00000e+00
 0.00000e+00
 0.00000e+00
 0.00000e+00
 0.00000e+00
 0.00000e+00
 0.00000e+00
 0.00000e+00
 7.73684e-07
 8.15134e-07
 6.05101e-07
 6.75210e-07
 6.79033e-07
 7.06853e-07
 7.17148e-07
 8.63159e-07
 9.98519e-07
 1.16758e-06
 1.35449e-06
 1.56586e-06
 1.88327e-06
 2.33502e-06
 2.61232e-06
 3.06557e-06
 3.62215e-06
 4.24605e-06
 5.15610e-06
 6.09163e-06
 7.41690e-06
 8.86814e-06
 1.10159e-05
 1.31933e-05
 1.66524e-05
 2.07933e-05
 2.66736e-05
 3.60886e-05
 4.56009e-05
 7.00620e-05
 1.16326e-04
 1.55029e-04
 1.30075e-04
 1.09734e-05
 1.27874e-07
 0.00000e+00
 0.00000e+00
 0.00000e+00
 0.00000e+00
 0.00000e+00
 0.00000e+00
 0.00000e+00
 4.91010e-03
 4.85064e-03
 1.04737e-03
 2.74431e-08
 5.66121e-10
 8.05242e-15
 0.00000e+00
 0.00000e+00
 0.00000e+00
 0.00000e+00
 0.00000e+00
 0.00000e+00
 0.00000e+00
 0.00000e+00
 0.00000e+00
 0.00000e+00
 0.00000e+00
 0.00000e+00
 9.55898e-07
 6.17634e-07
 6.58061e-07
 6.51102e-07
 7.06853e-07
 7.11402e-07
 8.29249e-07
 8.89339e-07
 1.11034e-06
 1.22606e-06
 1.53266e-06
 1.70960e-06
 2.07418e-06
 2.32257e-06
 2.74109e-06
 3.25651e-06
 3.77977e-06
 4.51131e-06
 5.27959e-06
 6.46033e-06
 7.52294e-06
 9.40186e-06
 1.11401e-05
 1.38433e-05
 1.72413e-05
 2.14486e-05
 2.82243e-05
 3.70384e-05
 4.82667e-05
 7.49002e-05
 1.23658e-04
 1.58387e-04
 1.24190e-04
 9.74646e-07
 0.00000e+00
 0.00000e+00
 0.00000e+00
 0.00000e+00
 0.00000e+00
 0.00000e+00
 0.00000e+00
 0.00000e+00
 5.44541e-03
 4.36378e-03
 8.32726e-04
 1.78644e-08
 1.34986e-11
 1.20452e-15
 0.00000e+00
 0.00000e+00
 0.00000e+00
 0.00000e+00
 0.00000e+00
 0.00000e+00
 0.00000e+00
 0.00000e+00
 0.00000e+00
 0.00000e+00
 0.00000e+00
 0.00000e+00
 1.08260e-06
 7.10857e-07
 6.35183e-07
 7.60821e-07
 7.17148e-07
 8.29249e-07
 8.35153e-07
 1.06502e-06
 1.14456e-06
 1.39862e-06
 1.55041e-06
 1.79867e-06
 2.08855e-06
 2.48543e-06
 2.87303e-06
 3.40860e-06
 3.98040e-06
 4.63045e-06
 5.65271e-06
 6.55541e-06
 8.21337e-06
 9.46880e-06
 1.20378e-05
 1.42053e-05
 1.82253e-05
 2.25478e-05
 2.96863e-05
 3.93630e-05
 5.06982e-05
 8.22553e-05
 1.32498e-04
 1.61969e-04
 1.15676e-04
 9.48677e-07
 0.00000e+00
 0.00000e+00
 0.00000e+00
 0.00000e+00
 0.00000e+00
 0.00000e+00
 0.00000e+00
 0.00000e+00
 5.90836e-03
 3.74460e-03
 6.31186e-04
 1.07862e-08
 7.24053e-12
 5.46494e-16
 0.00000e+00
 0.00000e+00
 0.00000e+00
 0.00000e+00
 0.00000e+00
 0.00000e+00
 0.00000e+00
 0.00000e+00
 0.00000e+00
 0.00000e+00
 0.00000e+00
 0.00000e+00
 1.24829e-06
 9.42749e-07
 9.56854e-07
 8.30544e-07
 8.63159e-07
 8.89339e-07
 1.06502e-06
 1.16966e-06
 1.30367e-06
 1.46063e-06
 1.65707e-06
 1.96093e-06
 2.35769e-06
 2.64240e-06
 3.13488e-06
 3.62955e-06
 4.15625e-06
 5.02967e-06
 5.82336e-06
 7.17474e-06
 8.29507e-06
 1.04122e-05
 1.23260e-05
 1.53373e-05
 1.91923e-05
 2.36881e-05
 3.23920e-05
 4.06723e-05
 5.55252e-05
 9.11544e-05
 1.43394e-04
 1.64506e-04
 1.03212e-04
 8.79555e-07
 0.00000e+00
 0.00000e+00
 0.00000e+00
 0.00000e+00
 0.00000e+00
 0.00000e+00
 0.00000e+00
 5.35115e-04
 6.18244e-03
 3.02871e-03
 4.51028e-04
 6.04615e-09
 3.35458e-12
 3.23435e-16
 0.00000e+00
 0.00000e+00
 0.00000e+00
 0.00000e+00
 0.00000e+00
 0.00000e+00
 0.00000e+00
 0.00000e+00
 0.00000e+00
 0.00000e+00
 0.00000e+00
 0.00000e+00
 1.37711e-06
 9.95681e-07
 9.24207e-07
 9.94311e-07
 9.98519e-07
 1.11034e-06
 1.14456e-06
 1.30367e-06
 1.44964e-06
 1.65511e-06
 1.85641e-06
 2.25525e-06
 2.51273e-06
 2.92889e-06
 3.33936e-06
 3.82227e-06
 4.57077e-06
 5.25875e-06
 6.42311e-06
 7.32741e-06
 9.20807e-06
 1.06907e-05
 1.33833e-05
 1.62270e-05
 2.03105e-05
 2.59121e-05
 3.41945e-05
 4.39875e-05
 6.09347e-05
 1.03423e-04
 1.55223e-04
 1.64765e-04
 8.41500e-05
 7.65719e-07
 0.00000e+00
 0.00000e+00
 0.00000e+00
 0.00000e+00
 0.00000e+00
 0.00000e+00
 0.00000e+00
 2.19123e-03
 6.12152e-03
 2.28305e-03
 3.03954e-04
 3.20785e-09
 1.28412e-12
 5.57647e-17
 0.00000e+00
 0.00000e+00
 0.00000e+00
 0.00000e+00
 0.00000e+00
 0.00000e+00
 0.00000e+00
 0.00000e+00
 0.00000e+00
 0.00000e+00
 0.00000e+00
 0.00000e+00
 1.65884e-06
 1.27032e-06
 1.34526e-06
 1.14610e-06
 1.16758e-06
 1.22606e-06
 1.39862e-06
 1.46063e-06
 1.65511e-06
 1.85908e-06
 2.17051e-06
 2.37626e-06
 2.76795e-06
 3.13533e-06
 3.57662e-06
 4.22501e-06
 4.81455e-06
 5.87322e-06
 6.58379e-06
 8.33044e-06
 9.39435e-06
 1.20374e-05
 1.39402e-05
 1.77484e-05
 2.18870e-05
 2.79182e-05
 3.79010e-05
 4.64811e-05
 7.00491e-05
 1.18096e-04
 1.67742e-04
 1.60602e-04
 5.60025e-05
 5.87736e-07
 0.00000e+00
 0.00000e+00
 0.00000e+00
 0.00000e+00
 0.00000e+00
 0.00000e+00
 0.00000e+00
 3.98278e-03
 5.63764e-03
 1.58391e-03
 1.94299e-04
 1.28643e-09
 3.74282e-13
 2.07776e-27
 0.00000e+00
 0.00000e+00
 0.00000e+00
 0.00000e+00
 0.00000e+00
 0.00000e+00
 0.00000e+00
 0.00000e+00
 0.00000e+00
 0.00000e+00
 0.00000e+00
 0.00000e+00
 2.05161e-06
 1.41769e-06
 1.35785e-06
 1.38526e-06
 1.35449e-06
 1.53266e-06
 1.55041e-06
 1.65707e-06
 1.85641e-06
 2.17051e-06
 2.30438e-06
 2.70229e-06
 3.06649e-06
 3.44739e-06
 3.98271e-06
 4.49941e-06
 5.47458e-06
 6.04793e-06
 7.61827e-06
 8.47614e-06
 1.08698e-05
 1.24402e-05
 1.55406e-05
 1.93021e-05
 2.33379e-05
 3.18592e-05
 3.99411e-05
 5.20705e-05
 8.15460e-05
 1.36318e-04
 1.78979e-04
 1.50749e-04
 1.78134e-05
 2.08131e-07
 0.00000e+00
 0.00000e+00
 0.00000e+00
 0.00000e+00
 0.00000e+00
 0.00000e+00
 0.00000e+00
 5.46096e-03
 4.71805e-03
 1.01617e-03
 2.77674e-08
 6.82740e-10
 7.04643e-14
 0.00000e+00
 0.00000e+00
 0.00000e+00
 0.00000e+00
 0.00000e+00
 0.00000e+00
 0.00000e+00
 0.00000e+00
 0.00000e+00
 0.00000e+00
 0.00000e+00
 0.00000e+00
 0.00000e+00
 2.20086e-06
 1.60796e-06
 1.66322e-06
 1.63877e-06
 1.56586e-06
 1.70960e-06
 1.79867e-06
 1.96093e-06
 2.25525e-06
 2.37626e-06
 2.70229e-06
 3.05179e-06
 3.39931e-06
 3.86048e-06
 4.30317e-06
 5.20166e-06
 5.68331e-06
 7.09164e-06
 7.81045e-06
 9.93183e-06
 1.13056e-05
 1.39262e-05
 1.70389e-05
 2.07229e-05
 2.65792e-05
 3.45707e-05
 4.44117e-05
 5.85825e-05
 9.83726e-05
 1.56580e-04
 1.86908e-04
 1.31298e-04
 1.11709e-06
 0.00000e+00
 0.00000e+00
 0.00000e+00
 0.00000e+00
 0.00000e+00
 0.00000e+00
 0.00000e+00
 3.28097e-05
 6.30746e-03
 3.52642e-03
 5.98343e-04
 1.05146e-08
 9.40809e-12
 8.16395e-15
 0.00000e+00
 0.00000e+00
 0.00000e+00
 0.00000e+00
 0.00000e+00
 0.00000e+00
 0.00000e+00
 0.00000e+00
 0.00000e+00
 0.00000e+00
 0.00000e+00
 0.00000e+00
 0.00000e+00
 2.45295e-06
 1.79157e-06
 1.81138e-06
 1.83257e-06
 1.88327e-06
 2.07418e-06
 2.08855e-06
 2.35769e-06
 2.51273e-06
 2.76795e-06
 3.06649e-06
 3.39931e-06
 3.82138e-06
 4.20126e-06
 5.03026e-06
 5.45886e-06
 6.72436e-06
 7.33216e-06
 9.27713e-06
 1.04044e-05
 1.29121e-05
 1.51780e-05
 1.88645e-05
 2.32466e-05
 2.94798e-05
 3.96964e-05
 4.77318e-05
 7.04406e-05
 1.19578e-04
 1.78078e-04
 1.87880e-04
 9.79080e-05
 8.62135e-07
 0.00000e+00
 0.00000e+00
 0.00000e+00
 0.00000e+00
 0.00000e+00
 0.00000e+00
 0.00000e+00
 2.72644e-03
 6.22530e-03
 2.32248e-03
 3.32065e-04
 3.35234e-09
 2.41903e-12
 1.67294e-16
 0.00000e+00
 0.00000e+00
 0.00000e+00
 0.00000e+00
 0.00000e+00
 0.00000e+00
 0.00000e+00
 0.00000e+00
 0.00000e+00
 0.00000e+00
 0.00000e+00
 0.00000e+00
 0.00000e+00
 2.83230e-06
 2.13853e-06
 2.16346e-06
 2.22897e-06
 2.33501e-06
 2.32257e-06
 2.48543e-06
 2.64240e-06
 2.92889e-06
 3.13533e-06
 3.44739e-06
 3.86048e-06
 4.20126e-06
 4.97663e-06
 5.35118e-06
 6.52153e-06
 7.03071e-06
 8.83766e-06
 9.74770e-06
 1.21978e-05
 1.38974e-05
 1.73471e-05
 2.11435e-05
 2.54949e-05
 3.53030e-05
 4.26342e-05
 5.51235e-05
 8.69146e-05
 1.46425e-04
 1.97296e-04
 1.78045e-04
 4.76395e-05
 5.47438e-07
 0.00000e+00
 0.00000e+00
 0.00000e+00
 0.00000e+00
 0.00000e+00
 0.00000e+00
 0.00000e+00
 5.10404e-03
 5.29433e-03
 1.35132e-03
 5.09814e-08
 1.19190e-09
 4.42527e-13
 2.45745e-27
 0.00000e+00
 0.00000e+00
 0.00000e+00
 0.00000e+00
 0.00000e+00
 0.00000e+00
 0.00000e+00
 0.00000e+00
 0.00000e+00
 0.00000e+00
 0.00000e+00
 0.00000e+00
 0.00000e+00
 3.20044e-06
 2.54896e-06
 2.43167e-06
 2.66829e-06
 2.61232e-06
 2.74109e-06
 2.87303e-06
 3.13488e-06
 3.33936e-06
 3.57662e-06
 3.98271e-06
 4.30317e-06
 5.03026e-06
 5.35118e-06
 6.45575e-06
 6.87446e-06
 8.57646e-06
 9.31793e-06
 1.16879e-05
 1.30541e-05
 1.60945e-05
 1.97083e-05
 2.30068e-05
 3.08580e-05
 3.88800e-05
 4.84374e-05
 6.56839e-05
 1.11817e-04
 1.76368e-04
 2.09704e-04
 1.51294e-04
 1.35521e-06
 0.00000e+00
 0.00000e+00
 0.00000e+00
 0.00000e+00
 0.00000e+00
 0.00000e+00
 0.00000e+00
 2.75416e-05
 6.46011e-03
 3.78137e-03
 6.98337e-04
 1.46349e-08
 1.81601e-11
 4.48237e-14
 0.00000e+00
 0.00000e+00
 0.00000e+00
 0.00000e+00
 0.00000e+00
 0.00000e+00
 0.00000e+00
 0.00000e+00
 0.00000e+00
 0.00000e+00
 0.00000e+00
 0.00000e+00
 0.00000e+00
 0.00000e+00
 3.56893e-06
 2.91782e-06
 2.83914e-06
 3.08579e-06
 3.06557e-06
 3.25651e-06
 3.40860e-06
 3.62955e-06
 3.82227e-06
 4.22501e-06
 4.49941e-06
 5.20166e-06
 5.45886e-06
 6.52153e-06
 6.87446e-06
 8.48858e-06
 9.10969e-06
 1.13844e-05
 1.25498e-05
 1.52829e-05
 1.85496e-05
 2.15300e-05
 2.78192e-05
 3.53464e-05
 4.48803e-05
 5.44500e-05
 8.50660e-05
 1.44232e-04
 2.06044e-04
 2.07583e-04
 9.91109e-05
 8.72848e-07
 0.00000e+00
 0.00000e+00
 0.00000e+00
 0.00000e+00
 0.00000e+00
 0.00000e+00
 0.00000e+00
 3.52203e-03
 6.23725e-03
 2.25013e-03
 3.37147e-04
 3.80966e-09
 3.54111e-12
 4.34964e-16
 0.00000e+00
 0.00000e+00
 0.00000e+00
 0.00000e+00
 0.00000e+00
 0.00000e+00
 0.00000e+00
 0.00000e+00
 0.00000e+00
 0.00000e+00
 0.00000e+00
 0.00000e+00
 0.00000e+00
 0.00000e+00
 4.17017e-06
 3.45875e-06
 3.40989e-06
 3.63524e-06
 3.62215e-06
 3.77977e-06
 3.98040e-06
 4.15625e-06
 4.57077e-06
 4.81455e-06
 5.47458e-06
 5.68331e-06
 6.72436e-06
 7.03071e-06
 8.57646e-06
 9.10969e-06
 1.12818e-05
 1.23023e-05
 1.48378e-05
 1.77887e-05
 2.06929e-05
 2.58090e-05
 3.21591e-05
 4.24244e-05
 4.91908e-05
 6.81199e-05
 1.14062e-04
 1.83208e-04
 2.27519e-04
 1.84719e-04
 1.66745e-06
 0.00000e+00
 0.00000e+00
 0.00000e+00
 0.00000e+00
 0.00000e+00
 0.00000e+00
 0.00000e+00
 0.00000e+00
 6.09226e-03
 4.82649e-03
 1.13222e-03
 3.86041e-08
 1.20086e-09
 4.76555e-13
 5.29444e-27
 0.00000e+00
 0.00000e+00
 0.00000e+00
 0.00000e+00
 0.00000e+00
 0.00000e+00
 0.00000e+00
 0.00000e+00
 0.00000e+00
 0.00000e+00
 0.00000e+00
 0.00000e+00
 0.00000e+00
 0.00000e+00
 4.78403e-06
 4.12767e-06
 4.08223e-06
 4.23935e-06
 4.24605e-06
 4.51131e-06
 4.63045e-06
 5.02967e-06
 5.25875e-06
 5.87322e-06
 6.04793e-06
 7.09164e-06
 7.33216e-06
 8.83766e-06
 9.31793e-06
 1.13844e-05
 1.23023e-05
 1.46898e-05
 1.74061e-05
 2.01726e-05
 2.46463e-05
 3.00144e-05
 4.02186e-05
 4.64180e-05
 5.89668e-05
 9.15911e-05
 1.55269e-04
 2.21614e-04
 2.29388e-04
 1.24499e-04
 1.01796e-06
 0.00000e+00
 0.00000e+00
 0.00000e+00
 0.00000e+00
 0.00000e+00
 0.00000e+00
 0.00000e+00
 2.55928e-03
 6.63541e-03
 2.93388e-03
 5.00407e-04
 7.95961e-09
 1.15826e-11
 3.44737e-14
 0.00000e+00
 0.00000e+00
 0.00000e+00
 0.00000e+00
 0.00000e+00
 0.00000e+00
 0.00000e+00
 0.00000e+00
 0.00000e+00
 0.00000e+00
 0.00000e+00
 0.00000e+00
 0.00000e+00
 0.00000e+00
 0.00000e+00
 5.49595e-06
 4.80668e-06
 4.87209e-06
 5.03523e-06
 5.15610e-06
 5.27959e-06
 5.65271e-06
 5.82336e-06
 6.42311e-06
 6.58379e-06
 7.61827e-06
 7.81045e-06
 9.27713e-06
 9.74770e-06
 1.16879e-05
 1.25498e-05
 1.48378e-05
 1.74061e-05
 1.99999e-05
 2.41034e-05
 2.87219e-05
 3.85456e-05
 4.49183e-05
 5.44346e-05
 7.70318e-05
 1.30645e-04
 2.03572e-04
 2.47432e-04
 1.99898e-04
 1.89658e-06
 0.00000e+00
 0.00000e+00
 0.00000e+00
 0.00000e+00
 0.00000e+00
 0.00000e+00
 0.00000e+00
 0.00000e+00
 5.90597e-03
 5.30775e-03
 1.42368e-03
 6.23903e-08
 1.82270e-09
 1.49460e-12
 2.23059e-16
 0.00000e+00
 0.00000e+00
 0.00000e+00
 0.00000e+00
 0.00000e+00
 0.00000e+00
 0.00000e+00
 0.00000e+00
 0.00000e+00
 0.00000e+00
 0.00000e+00
 0.00000e+00
 0.00000e+00
 0.00000e+00
 0.00000e+00
 6.43750e-06
 5.73801e-06
 5.79719e-06
 6.01199e-06
 6.09163e-06
 6.46033e-06
 6.55541e-06
 7.17474e-06
 7.32741e-06
 8.33044e-06
 8.47614e-06
 9.93183e-06
 1.04044e-05
 1.21978e-05
 1.30541e-05
 1.52829e-05
 1.77887e-05
 2.01726e-05
 2.41034e-05
 2.83515e-05
 3.76728e-05
 4.39197e-05
 5.22339e-05
 6.87226e-05
 1.12662e-04
 1.83280e-04
 2.47206e-04
 2.43183e-04
 1.14753e-04
 9.49967e-07
 0.00000e+00
 0.00000e+00
 0.00000e+00
 0.00000e+00
 0.00000e+00
 0.00000e+00
 0.00000e+00
 2.65644e-03
 6.77826e-03
 3.16524e-03
 5.79365e-04
 1.09299e-08
 2.06406e-11
 1.06901e-13
 5.94038e-28
 0.00000e+00
 0.00000e+00
 0.00000e+00
 0.00000e+00
 0.00000e+00
 0.00000e+00
 0.00000e+00
 0.00000e+00
 0.00000e+00
 0.00000e+00
 0.00000e+00
 0.00000e+00
 0.00000e+00
 0.00000e+00
 0.00000e+00
 7.63422e-06
 6.96166e-06
 7.10243e-06
 7.11857e-06
 7.41690e-06
 7.52294e-06
 8.21337e-06
 8.29507e-06
 9.20807e-06
 9.39435e-06
 1.08698e-05
 1.13056e-05
 1.29121e-05
 1.38974e-05
 1.60945e-05
 1.85496e-05
 2.06929e-05
 2.46463e-05
 2.87219e-05
 3.76728e-05
 4.36092e-05
 5.13433e-05
 6.45874e-05
 1.01426e-04
 1.66658e-04
 2.39142e-04
 2.63329e-04
 1.86088e-04
 1.91930e-06
 0.00000e+00
 0.00000e+00
 0.00000e+00
 0.00000e+00
 0.00000e+00
 0.00000e+00
 0.00000e+00
 0.00000e+00
 6.28473e-03
 5.25825e-03
 1.43066e-03
 6.65141e-08
 2.12458e-09
 2.30233e-12
 7.58400e-16
 0.00000e+00
 0.00000e+00
 0.00000e+00
 0.00000e+00
 0.00000e+00
 0.00000e+00
 0.00000e+00
 0.00000e+00
 0.00000e+00
 0.00000e+00
 0.00000e+00
 0.00000e+00
 0.00000e+00
 0.00000e+00
 0.00000e+00
 0.00000e+00
 9.07404e-06
 8.48423e-06
 8.44929e-06
 8.85046e-06
 8.86814e-06
 9.40186e-06
 9.46880e-06
 1.04122e-05
 1.06907e-05
 1.20374e-05
 1.24402e-05
 1.39262e-05
 1.51780e-05
 1.73471e-05
 1.97083e-05
 2.15301e-05
 2.58090e-05
 3.00144e-05
 3.85456e-05
 4.39197e-05
 5.13433e-05
 6.33657e-05
 9.61084e-05
 1.56176e-04
 2.30364e-04
 2.72743e-04
 2.29154e-04
 1.76309e-05
 1.64110e-07
 0.00000e+00
 0.00000e+00
 0.00000e+00
 0.00000e+00
 0.00000e+00
 0.00000e+00
 0.00000e+00
 3.84338e-03
 6.70809e-03
 2.87856e-03
 5.29884e-04
 9.95606e-09
 2.15562e-11
 1.40772e-13
 7.85654e-28
 0.00000e+00
 0.00000e+00
 0.00000e+00
 0.00000e+00
 0.00000e+00
 0.00000e+00
 0.00000e+00
 0.00000e+00
 0.00000e+00
 0.00000e+00
 0.00000e+00
 0.00000e+00
 0.00000e+00
 0.00000e+00
 0.00000e+00
 0.00000e+00
 1.08441e-05
 1.02316e-05
 1.02729e-05
 1.04526e-05
 1.10159e-05
 1.11401e-05
 1.20378e-05
 1.23260e-05
 1.33833e-05
 1.39402e-05
 1.55406e-05
 1.70389e-05
 1.88645e-05
 2.11435e-05
 2.30068e-05
 2.78192e-05
 3.21591e-05
 4.02186e-05
 4.49183e-05
 5.22339e-05
 6.45874e-05
 9.61084e-05
 1.52637e-04
 2.25042e-04
 2.75566e-04
 2.54152e-04
 8.99780e-05
 8.98237e-07
 0.00000e+00
 0.00000e+00
 0.00000e+00
 0.00000e+00
 0.00000e+00
 0.00000e+00
 0.00000e+00
 4.94407e-04
 6.91373e-03
 4.63490e-03
 1.15031e-03
 4.74309e-08
 1.91970e-09
 1.93550e-12
 4.90729e-16
 0.00000e+00
 0.00000e+00
 0.00000e+00
 0.00000e+00
 0.00000e+00
 0.00000e+00
 0.00000e+00
 0.00000e+00
 0.00000e+00
 0.00000e+00
 0.00000e+00
 0.00000e+00
 0.00000e+00
 0.00000e+00
 0.00000e+00
 0.00000e+00
 0.00000e+00
 1.31988e-05
 1.27415e-05
 1.26423e-05
 1.31252e-05
 1.31933e-05
 1.38433e-05
 1.42053e-05
 1.53373e-05
 1.62270e-05
 1.77484e-05
 1.93021e-05
 2.07229e-05
 2.32466e-05
 2.54949e-05
 3.08580e-05
 3.53464e-05
 4.24244e-05
 4.64180e-05
 5.44346e-05
 6.87226e-05
 1.01426e-04
 1.56176e-04
 2.25042e-04
 2.76004e-04
 2.64921e-04
 1.32392e-04
 1.58597e-06
 0.00000e+00
 0.00000e+00
 0.00000e+00
 0.00000e+00
 0.00000e+00
 0.00000e+00
 0.00000e+00
 0.00000e+00
 5.79465e-03
 6.10355e-03
 2.14542e-03
 3.86356e-04
 6.13937e-09
 1.32372e-11
 8.58776e-14
 4.78079e-28
 0.00000e+00
 0.00000e+00
 0.00000e+00
 0.00000e+00
 0.00000e+00
 0.00000e+00
 0.00000e+00
 0.00000e+00
 0.00000e+00
 0.00000e+00
 0.00000e+00
 0.00000e+00
 0.00000e+00
 0.00000e+00
 0.00000e+00
 0.00000e+00
 0.00000e+00
 1.59776e-05
 1.54116e-05
 1.55687e-05
 1.59499e-05
 1.66524e-05
 1.72413e-05
 1.82253e-05
 1.91923e-05
 2.03105e-05
 2.18870e-05
 2.33379e-05
 2.65792e-05
 2.94798e-05
 3.53030e-05
 3.88800e-05
 4.48803e-05
 4.91908e-05
 5.89668e-05
 7.70317e-05
 1.12662e-04
 1.66658e-04
 2.30364e-04
 2.75566e-04
 2.64921e-04
 1.45812e-04
 1.85644e-06
 0.00000e+00
 0.00000e+00
 0.00000e+00
 0.00000e+00
 0.00000e+00
 0.00000e+00
 0.00000e+00
 0.00000e+00
 3.86880e-03
 6.97890e-03
 3.40099e-03
 7.32161e-04
 2.15606e-08
 1.36212e-09
 8.19811e-13
 5.50650e-26
 0.00000e+00
 0.00000e+00
 0.00000e+00
 0.00000e+00
 0.00000e+00
 0.00000e+00
 0.00000e+00
 0.00000e+00
 0.00000e+00
 0.00000e+00
 0.00000e+00
 0.00000e+00
 0.00000e+00
 0.00000e+00
 0.00000e+00
 0.00000e+00
 0.00000e+00
 0.00000e+00
 2.02138e-05
 1.97488e-05
 1.98395e-05
 2.02805e-05
 2.07933e-05
 2.14486e-05
 2.25478e-05
 2.36881e-05
 2.59121e-05
 2.79182e-05
 3.18592e-05
 3.45707e-05
 3.96964e-05
 4.26342e-05
 4.84374e-05
 5.44500e-05
 6.81199e-05
 9.15911e-05
 1.30645e-04
 1.83280e-04
 2.39142e-04
 2.72743e-04
 2.54152e-04
 1.32392e-04
 1.85644e-06
 0.00000e+00
 0.00000e+00
 0.00000e+00
 0.00000e+00
 0.00000e+00
 0.00000e+00
 0.00000e+00
 0.00000e+00
 1.69523e-03
 7.14253e-03
 4.64483e-03
 1.24181e-03
 6.02033e-08
 2.70511e-09
 4.81066e-12
 1.02942e-14
 0.00000e+00
 0.00000e+00
 0.00000e+00
 0.00000e+00
 0.00000e+00
 0.00000e+00
 0.00000e+00
 0.00000e+00
 0.00000e+00
 0.00000e+00
 0.00000e+00
 0.00000e+00
 0.00000e+00
 0.00000e+00
 0.00000e+00
 0.00000e+00
 0.00000e+00
 0.00000e+00
 0.00000e+00
 2.51444e-05
 2.47133e-05
 2.49591e-05
 2.58131e-05
 2.66736e-05
 2.82243e-05
 2.96863e-05
 3.23920e-05
 3.41945e-05
 3.79010e-05
 3.99411e-05
 4.44117e-05
 4.77318e-05
 5.51235e-05
 6.56839e-05
 8.50660e-05
 1.14062e-04
 1.55269e-04
 2.03572e-04
 2.47206e-04
 2.63329e-04
 2.29154e-04
 8.99780e-05
 1.58597e-06
 0.00000e+00
 0.00000e+00
 0.00000e+00
 0.00000e+00
 0.00000e+00
 0.00000e+00
 0.00000e+00
 0.00000e+00
 0.00000e+00
 6.80086e-03
 5.66619e-03
 1.88824e-03
 1.40913e-07
 4.84130e-09
 1.80680e-11
 1.80644e-13
 2.11984e-27
 0.00000e+00
 0.00000e+00
 0.00000e+00
 0.00000e+00
 0.00000e+00
 0.00000e+00
 0.00000e+00
 0.00000e+00
 0.00000e+00
 0.00000e+00
 0.00000e+00
 0.00000e+00
 0.00000e+00
 0.00000e+00
 0.00000e+00
 0.00000e+00
 0.00000e+00
 0.00000e+00
 0.00000e+00
 3.39391e-05
 3.35000e-05
 3.39861e-05
 3.46375e-05
 3.60886e-05
 3.70384e-05
 3.93630e-05
 4.06723e-05
 4.39875e-05
 4.64811e-05
 5.20705e-05
 5.85825e-05
 7.04406e-05
 8.69146e-05
 1.11817e-04
 1.44232e-04
 1.83208e-04
 2.21614e-04
 2.47432e-04
 2.43183e-04
 1.86088e-04
 1.76309e-05
 8.98237e-07
 0.00000e+00
 0.00000e+00
 0.00000e+00
 0.00000e+00
 0.00000e+00
 0.00000e+00
 0.00000e+00
 0.00000e+00
 0.00000e+00
 6.21853e-03
 6.35535e-03
 2.57313e-03
 5.39170e-04
 1.25097e-08
 5.21080e-11
 8.40833e-13
 1.11529e-16
 0.00000e+00
 0.00000e+00
 0.00000e+00
 0.00000e+00
 0.00000e+00
 0.00000e+00
 0.00000e+00
 0.00000e+00
 0.00000e+00
 0.00000e+00
 0.00000e+00
 0.00000e+00
 0.00000e+00
 0.00000e+00
 0.00000e+00
 0.00000e+00
 0.00000e+00
 0.00000e+00
 0.00000e+00
 0.00000e+00
 4.30675e-05
 4.28746e-05
 4.30614e-05
 4.44360e-05
 4.56009e-05
 4.82667e-05
 5.06982e-05
 5.55252e-05
 6.09347e-05
 7.00491e-05
 8.15460e-05
 9.83726e-05
 1.19578e-04
 1.46425e-04
 1.76368e-04
 2.06044e-04
 2.27519e-04
 2.29388e-04
 1.99898e-04
 1.14753e-04
 1.91930e-06
 1.64110e-07
 0.00000e+00
 0.00000e+00
 0.00000e+00
 0.00000e+00
 0.00000e+00
 0.00000e+00
 0.00000e+00
 0.00000e+00
 0.00000e+00
 5.66338e-03
 6.79088e-03
 3.17905e-03
 7.52153e-04
 2.80513e-08
 1.94146e-09
 2.68380e-12
 1.52795e-15
 0.00000e+00
 0.00000e+00
 0.00000e+00
 0.00000e+00
 0.00000e+00
 0.00000e+00
 0.00000e+00
 0.00000e+00
 0.00000e+00
 0.00000e+00
 0.00000e+00
 0.00000e+00
 0.00000e+00
 0.00000e+00
 0.00000e+00
 0.00000e+00
 0.00000e+00
 0.00000e+00
 0.00000e+00
 0.00000e+00
 0.00000e+00
 6.18010e-05
 6.17762e-05
 6.33041e-05
 6.58895e-05
 7.00620e-05
 7.49002e-05
 8.22553e-05
 9.11544e-05
 1.03423e-04
 1.18096e-04
 1.36318e-04
 1.56580e-04
 1.78078e-04
 1.97296e-04
 2.09704e-04
 2.07583e-04
 1.84719e-04
 1.24499e-04
 1.89658e-06
 9.49967e-07
 0.00000e+00
 0.00000e+00
 0.00000e+00
 0.00000e+00
 0.00000e+00
 0.00000e+00
 0.00000e+00
 0.00000e+00
 0.00000e+00
 0.00000e+00
 5.32818e-03
 7.00122e-03
 3.61850e-03
 9.37361e-04
 4.50654e-08
 2.76594e-09
 6.42126e-12
 3.59459e-14
 2.08022e-28
 0.00000e+00
 0.00000e+00
 0.00000e+00
 0.00000e+00
 0.00000e+00
 0.00000e+00
 0.00000e+00
 0.00000e+00
 0.00000e+00
 0.00000e+00
 0.00000e+00
 0.00000e+00
 0.00000e+00
 0.00000e+00
 0.00000e+00
 0.00000e+00
 0.00000e+00
 0.00000e+00
 0.00000e+00
 0.00000e+00
 0.00000e+00
 1.03896e-04
 1.04260e-04
 1.06636e-04
 1.11021e-04
 1.16326e-04
 1.23658e-04
 1.32498e-04
 1.43394e-04
 1.55223e-04
 1.67742e-04
 1.78979e-04
 1.86908e-04
 1.87880e-04
 1.78045e-04
 1.51294e-04
 9.91109e-05
 1.66745e-06
 1.01796e-06
 0.00000e+00
 0.00000e+00
 0.00000e+00
 0.00000e+00
 0.00000e+00
 0.00000e+00
 0.00000e+00
 0.00000e+00
 0.00000e+00
 0.00000e+00
 0.00000e+00
 5.32818e-03
 7.06152e-03
 3.84599e-03
 1.06855e-03
 6.12863e-08
 3.51547e-09
 1.18826e-11
 1.39902e-13
 4.90729e-16
 0.00000e+00
 0.00000e+00
 0.00000e+00
 0.00000e+00
 0.00000e+00
 0.00000e+00
 0.00000e+00
 0.00000e+00
 0.00000e+00
 0.00000e+00
 0.00000e+00
 0.00000e+00
 0.00000e+00
 0.00000e+00
 0.00000e+00
 0.00000e+00
 0.00000e+00
 0.00000e+00
 0.00000e+00
 0.00000e+00
 0.00000e+00
 0.00000e+00
 1.49315e-04
 1.49134e-04
 1.50407e-04
 1.52248e-04
 1.55029e-04
 1.58387e-04
 1.61969e-04
 1.64506e-04
 1.64765e-04
 1.60602e-04
 1.50749e-04
 1.31298e-04
 9.79080e-05
 4.76395e-05
 1.35521e-06
 8.72848e-07
 0.00000e+00
 0.00000e+00
 0.00000e+00
 0.00000e+00
 0.00000e+00
 0.00000e+00
 0.00000e+00
 0.00000e+00
 0.00000e+00
 0.00000e+00
 0.00000e+00
 0.00000e+00
 5.66338e-03
 7.00122e-03
 3.84599e-03
 1.11604e-03
 7.14396e-08
 4.05865e-09
 1.76856e-11
 2.94293e-13
 1.56141e-16
 0.00000e+00
 0.00000e+00
 0.00000e+00
 0.00000e+00
 0.00000e+00
 0.00000e+00
 0.00000e+00
 0.00000e+00
 0.00000e+00
 0.00000e+00
 0.00000e+00
 0.00000e+00
 0.00000e+00
 0.00000e+00
 0.00000e+00
 0.00000e+00
 0.00000e+00
 0.00000e+00
 0.00000e+00
 0.00000e+00
 0.00000e+00
 0.00000e+00
 0.00000e+00
 1.44033e-04
 1.42469e-04
 1.39183e-04
 1.34661e-04
 1.30075e-04
 1.24190e-04
 1.15676e-04
 1.03212e-04
 8.41500e-05
 5.60025e-05
 1.78134e-05
 1.11709e-06
 8.62135e-07
 5.47438e-07
 0.00000e+00
 0.00000e+00
 0.00000e+00
 0.00000e+00
 0.00000e+00
 0.00000e+00
 0.00000e+00
 0.00000e+00
 0.00000e+00
 0.00000e+00
 0.00000e+00
 0.00000e+00
 0.00000e+00
 6.21853e-03
 6.79088e-03
 3.61850e-03
 1.06855e-03
 7.14396e-08
 4.25854e-09
 2.14981e-11
 4.45248e-13
 1.67294e-16
 0.00000e+00
 0.00000e+00
 0.00000e+00
 0.00000e+00
 0.00000e+00
 0.00000e+00
 0.00000e+00
 0.00000e+00
 0.00000e+00
 0.00000e+00
 0.00000e+00
 0.00000e+00
 0.00000e+00
 0.00000e+00
 0.00000e+00
 0.00000e+00
 0.00000e+00
 0.00000e+00
 0.00000e+00
 0.00000e+00
 0.00000e+00
 0.00000e+00
 0.00000e+00
 0.00000e+00
 4.82779e-05
 4.49377e-05
 3.59476e-05
 2.46391e-05
 1.09734e-05
 9.74646e-07
 9.48677e-07
 8.79555e-07
 7.65719e-07
 5.87736e-07
 2.08131e-07
 0.00000e+00
 0.00000e+00
 0.00000e+00
 0.00000e+00
 0.00000e+00
 0.00000e+00
 0.00000e+00
 0.00000e+00
 0.00000e+00
 0.00000e+00
 0.00000e+00
 0.00000e+00
 0.00000e+00
 0.00000e+00
 1.69523e-03
 6.80086e-03
 6.35535e-03
 3.17905e-03
 9.37361e-04
 6.12863e-08
 4.05865e-09
 2.14981e-11
 5.05095e-13
 2.67670e-16
 0.00000e+00
 0.00000e+00
 0.00000e+00
 0.00000e+00
 0.00000e+00
 0.00000e+00
 0.00000e+00
 0.00000e+00
 0.00000e+00
 0.00000e+00
 0.00000e+00
 0.00000e+00
 0.00000e+00
 0.00000e+00
 0.00000e+00
 0.00000e+00
 0.00000e+00
 0.00000e+00
 0.00000e+00
 0.00000e+00
 0.00000e+00
 0.00000e+00
 0.00000e+00
 0.00000e+00
 0.00000e+00
 5.22203e-07
 5.00360e-07
 4.40088e-07
 3.01617e-07
 1.27874e-07
 0.00000e+00
 0.00000e+00
 0.00000e+00
 0.00000e+00
 0.00000e+00
 0.00000e+00
 0.00000e+00
 0.00000e+00
 0.00000e+00
 0.00000e+00
 0.00000e+00
 0.00000e+00
 0.00000e+00
 0.00000e+00
 0.00000e+00
 0.00000e+00
 0.00000e+00
 0.00000e+00
 0.00000e+00
 3.86880e-03
 7.14253e-03
 5.66619e-03
 2.57313e-03
 7.52153e-04
 4.50654e-08
 3.51547e-09
 1.76857e-11
 4.45248e-13
 3.79200e-16
 0.00000e+00
 0.00000e+00
 0.00000e+00
 0.00000e+00
 0.00000e+00
 0.00000e+00
 0.00000e+00
 0.00000e+00
 0.00000e+00
 0.00000e+00
 0.00000e+00
 0.00000e+00
 0.00000e+00
 0.00000e+00
 0.00000e+00
 0.00000e+00
 0.00000e+00
 0.00000e+00
 0.00000e+00
 0.00000e+00
 0.00000e+00
 0.00000e+00
 0.00000e+00
 0.00000e+00
 0.00000e+00
 0.00000e+00
 0.00000e+00
 0.00000e+00
 0.00000e+00
 0.00000e+00
 0.00000e+00
 0.00000e+00
 0.00000e+00
 0.00000e+00
 0.00000e+00
 0.00000e+00
 0.00000e+00
 0.00000e+00
 0.00000e+00
 0.00000e+00
 0.00000e+00
 0.00000e+00
 0.00000e+00
 0.00000e+00
 0.00000e+00
 0.00000e+00
 0.00000e+00
 0.00000e+00
 4.94407e-04
 5.79465e-03
 6.97890e-03
 4.64483e-03
 1.88824e-03
 5.39170e-04
 2.80513e-08
 2.76594e-09
 1.18826e-11
 2.94393e-13
 1.56141e-16
 0.00000e+00
 0.00000e+00
 0.00000e+00
 0.00000e+00
 0.00000e+00
 0.00000e+00
 0.00000e+00
 0.00000e+00
 0.00000e+00
 0.00000e+00
 0.00000e+00
 0.00000e+00
 0.00000e+00
 0.00000e+00
 0.00000e+00
 0.00000e+00
 0.00000e+00
 0.00000e+00
 0.00000e+00
 0.00000e+00
 0.00000e+00
 0.00000e+00
 0.00000e+00
 0.00000e+00
 0.00000e+00
 0.00000e+00
 0.00000e+00
 0.00000e+00
 0.00000e+00
 0.00000e+00
 0.00000e+00
 0.00000e+00
 0.00000e+00
 0.00000e+00
 0.00000e+00
 0.00000e+00
 0.00000e+00
 0.00000e+00
 0.00000e+00
 0.00000e+00
 0.00000e+00
 0.00000e+00
 0.00000e+00
 0.00000e+00
 0.00000e+00
 0.00000e+00
 0.00000e+00
 0.00000e+00
 3.84338e-03
 6.91373e-03
 6.10355e-03
 3.40099e-03
 1.24181e-03
 1.40913e-07
 1.25097e-08
 1.94146e-09
 6.42126e-12
 1.40003e-13
 2.11906e-16
 0.00000e+00
 0.00000e+00
 0.00000e+00
 0.00000e+00
 0.00000e+00
 0.00000e+00
 0.00000e+00
 0.00000e+00
 0.00000e+00
 0.00000e+00
 0.00000e+00
 0.00000e+00
 0.00000e+00
 0.00000e+00
 0.00000e+00
 0.00000e+00
 0.00000e+00
 0.00000e+00
 0.00000e+00
 0.00000e+00
 0.00000e+00
 0.00000e+00
 0.00000e+00
 0.00000e+00
 0.00000e+00
 0.00000e+00
 0.00000e+00
 0.00000e+00
 0.00000e+00
 0.00000e+00
 0.00000e+00
 0.00000e+00
 0.00000e+00
 0.00000e+00
 0.00000e+00
 0.00000e+00
 0.00000e+00
 0.00000e+00
 0.00000e+00
 0.00000e+00
 0.00000e+00
 0.00000e+00
 0.00000e+00
 0.00000e+00
 0.00000e+00
 0.00000e+00
 0.00000e+00
 2.65644e-03
 6.28473e-03
 6.70809e-03
 4.63490e-03
 2.14542e-03
 7.32161e-04
 6.02033e-08
 4.84130e-09
 5.21080e-11
 2.68376e-12
 3.58901e-14
 3.79200e-16
 0.00000e+00
 0.00000e+00
 0.00000e+00
 0.00000e+00
 0.00000e+00
 0.00000e+00
 0.00000e+00
 0.00000e+00
 0.00000e+00
 0.00000e+00
 0.00000e+00
 0.00000e+00
 0.00000e+00
 0.00000e+00
 0.00000e+00
 0.00000e+00
 0.00000e+00
 0.00000e+00
 0.00000e+00
 0.00000e+00
 0.00000e+00
 0.00000e+00
 0.00000e+00
 0.00000e+00
 0.00000e+00
 0.00000e+00
 0.00000e+00
 0.00000e+00
 0.00000e+00
 0.00000e+00
 0.00000e+00
 0.00000e+00
 0.00000e+00
 0.00000e+00
 0.00000e+00
 0.00000e+00
 0.00000e+00
 0.00000e+00
 0.00000e+00
 0.00000e+00
 0.00000e+00
 0.00000e+00
 0.00000e+00
 0.00000e+00
 0.00000e+00
 0.00000e+00
 2.55928e-03
 5.90597e-03
 6.77826e-03
 5.25825e-03
 2.87856e-03
 1.15031e-03
 3.86356e-04
 2.15606e-08
 2.70511e-09
 1.80682e-11
 8.41001e-13
 1.68409e-15
 2.08579e-28
 0.00000e+00
 0.00000e+00
 0.00000e+00
 0.00000e+00
 0.00000e+00
 0.00000e+00
 0.00000e+00
 0.00000e+00
 0.00000e+00
 0.00000e+00
 0.00000e+00
 0.00000e+00
 0.00000e+00
 0.00000e+00
 0.00000e+00
 0.00000e+00
 0.00000e+00
 0.00000e+00
 0.00000e+00
 0.00000e+00
 0.00000e+00
 0.00000e+00
 0.00000e+00
 0.00000e+00
 0.00000e+00
 0.00000e+00
 0.00000e+00
 0.00000e+00
 0.00000e+00
 0.00000e+00
 0.00000e+00
 0.00000e+00
 0.00000e+00
 0.00000e+00
 0.00000e+00
 0.00000e+00
 0.00000e+00
 0.00000e+00
 0.00000e+00
 0.00000e+00
 0.00000e+00
 0.00000e+00
 0.00000e+00
 0.00000e+00
 2.75416e-05
 3.52203e-03
 6.09226e-03
 6.63541e-03
 5.30775e-03
 3.16524e-03
 1.43066e-03
 5.29884e-04
 4.74309e-08
 6.13937e-09
 1.36212e-09
 4.81066e-12
 1.80633e-13
 1.11529e-16
 0.00000e+00
 0.00000e+00
 0.00000e+00
 0.00000e+00
 0.00000e+00
 0.00000e+00
 0.00000e+00
 0.00000e+00
 0.00000e+00
 0.00000e+00
 0.00000e+00
 0.00000e+00
 0.00000e+00
 0.00000e+00
 0.00000e+00
 0.00000e+00
 0.00000e+00
 0.00000e+00
 0.00000e+00
 0.00000e+00
 0.00000e+00
 0.00000e+00
 0.00000e+00
 0.00000e+00
 0.00000e+00
 0.00000e+00
 0.00000e+00
 0.00000e+00
 0.00000e+00
 0.00000e+00
 0.00000e+00
 0.00000e+00
 0.00000e+00
 0.00000e+00
 0.00000e+00
 0.00000e+00
 0.00000e+00
 0.00000e+00
 0.00000e+00
 0.00000e+00
 0.00000e+00
 0.00000e+00
 0.00000e+00
 3.28097e-05
 2.72644e-03
 5.10404e-03
 6.46011e-03
 6.23725e-03
 4.82649e-03
 2.93388e-03
 1.42368e-03
 5.79365e-04
 6.65141e-08
 9.95606e-09
 1.91970e-09
 1.32373e-11
 8.19866e-13
 1.02384e-14
 2.11910e-27
 0.00000e+00
 0.00000e+00
 0.00000e+00
 0.00000e+00
 0.00000e+00
 0.00000e+00
 0.00000e+00
 0.00000e+00
 0.00000e+00
 0.00000e+00
 0.00000e+00
 0.00000e+00
 0.00000e+00
 0.00000e+00
 0.00000e+00
 0.00000e+00
 0.00000e+00
 0.00000e+00
 0.00000e+00
 0.00000e+00
 0.00000e+00
 0.00000e+00
 0.00000e+00
 0.00000e+00
 0.00000e+00
 0.00000e+00
 0.00000e+00
 0.00000e+00
 0.00000e+00
 0.00000e+00
 0.00000e+00
 0.00000e+00
 0.00000e+00
 0.00000e+00
 0.00000e+00
 0.00000e+00
 0.00000e+00
 0.00000e+00
 0.00000e+00
 0.00000e+00
 5.35115e-04
 2.19123e-03
 3.98278e-03
 5.46096e-03
 6.30746e-03
 6.22530e-03
 5.29433e-03
 3.78137e-03
 2.25013e-03
 1.13222e-03
 5.00407e-04
 6.23903e-08
 1.09299e-08
 2.12458e-09
 2.15563e-11
 1.93561e-12
 8.58776e-14
 1.11529e-16
 0.00000e+00
 0.00000e+00
 0.00000e+00
 0.00000e+00
 0.00000e+00
 0.00000e+00
 0.00000e+00
 0.00000e+00
 0.00000e+00
 0.00000e+00
 0.00000e+00
 0.00000e+00
 0.00000e+00
 0.00000e+00
 0.00000e+00
 0.00000e+00
 0.00000e+00
 0.00000e+00
 0.00000e+00
 0.00000e+00
 0.00000e+00
 0.00000e+00
 0.00000e+00
 0.00000e+00
 0.00000e+00
 0.00000e+00
 0.00000e+00
 0.00000e+00
 0.00000e+00
 0.00000e+00
 0.00000e+00
 0.00000e+00
 0.00000e+00
 0.00000e+00
 0.00000e+00
 3.44535e-03
 3.58962e-03
 3.91822e-03
 4.37781e-03
 4.91010e-03
 5.44541e-03
 5.90836e-03
 6.18244e-03
 6.12152e-03
 5.63764e-03
 4.71805e-03
 3.52642e-03
 2.32248e-03
 1.35132e-03
 6.98337e-04
 3.37147e-04
 3.86041e-08
 7.95961e-09
 1.82270e-09
 2.06406e-11
 2.30222e-12
 1.40661e-13
 3.79200e-16
 4.77769e-28
 0.00000e+00
 0.00000e+00
 0.00000e+00
 0.00000e+00
 0.00000e+00
 0.00000e+00
 0.00000e+00
 0.00000e+00
 0.00000e+00
 0.00000e+00
 0.00000e+00
 0.00000e+00
 0.00000e+00
 0.00000e+00
 0.00000e+00
 0.00000e+00
 0.00000e+00
 0.00000e+00
 0.00000e+00
 0.00000e+00
 0.00000e+00
 0.00000e+00
 0.00000e+00
 0.00000e+00
 0.00000e+00
 0.00000e+00
 0.00000e+00
 0.00000e+00
 0.00000e+00
 0.00000e+00
 0.00000e+00
 0.00000e+00
 0.00000e+00
 0.00000e+00
 0.00000e+00
 0.00000e+00
 5.63329e-03
 5.55159e-03
 5.42652e-03
 5.19752e-03
 4.85064e-03
 4.36377e-03
 3.74460e-03
 3.02871e-03
 2.28305e-03
 1.58391e-03
 1.01617e-03
 5.98343e-04
 3.32065e-04
 5.09814e-08
 1.46349e-08
 3.80966e-09
 1.20086e-09
 1.15826e-11
 1.49449e-12
 1.07057e-13
 8.14164e-16
 7.85344e-28
 0.00000e+00
 0.00000e+00
 0.00000e+00
 0.00000e+00
 0.00000e+00
 0.00000e+00
 0.00000e+00
 0.00000e+00
 0.00000e+00
 0.00000e+00
 0.00000e+00
 0.00000e+00
 0.00000e+00
 0.00000e+00
 0.00000e+00
 0.00000e+00
 0.00000e+00
 0.00000e+00
 0.00000e+00
 0.00000e+00
 0.00000e+00
 0.00000e+00
 0.00000e+00
 0.00000e+00
 0.00000e+00
 0.00000e+00
 0.00000e+00
 0.00000e+00
 0.00000e+00
 0.00000e+00
 0.00000e+00
 0.00000e+00
 0.00000e+00
 0.00000e+00
 0.00000e+00
 0.00000e+00
 0.00000e+00
 0.00000e+00
 1.57851e-03
 1.51457e-03
 1.40503e-03
 1.23722e-03
 1.04737e-03
 8.32726e-04
 6.31186e-04
 4.51028e-04
 3.03954e-04
 1.94299e-04
 2.77674e-08
 1.05146e-08
 3.35234e-09
 1.19190e-09
 1.81600e-11
 3.54100e-12
 4.76778e-13
 3.44737e-14
 1.67294e-16
 5.94750e-28
 0.00000e+00
 0.00000e+00
 0.00000e+00
 0.00000e+00
 0.00000e+00
 0.00000e+00
 0.00000e+00
 0.00000e+00
 0.00000e+00
 0.00000e+00
 0.00000e+00
 0.00000e+00
 0.00000e+00
 0.00000e+00
 0.00000e+00
 0.00000e+00
 0.00000e+00
 0.00000e+00
 0.00000e+00
 0.00000e+00
 0.00000e+00
 0.00000e+00
 0.00000e+00
 0.00000e+00
 0.00000e+00
 0.00000e+00
 0.00000e+00
 0.00000e+00
 0.00000e+00
 0.00000e+00
 0.00000e+00
 0.00000e+00
 0.00000e+00
 0.00000e+00
 0.00000e+00
 0.00000e+00
 0.00000e+00
 0.00000e+00
 0.00000e+00
 0.00000e+00
 1.79124e-04
 1.70166e-04
 1.55029e-04
 1.28293e-04
 2.74431e-08
 1.78644e-08
 1.07862e-08
 6.04615e-09
 3.20785e-09
 1.28643e-09
 6.82740e-10
 9.40792e-12
 2.41903e-12
 4.42583e-13
 4.47121e-14
 5.46494e-16
 5.29785e-27
 0.00000e+00
 0.00000e+00
 0.00000e+00
 0.00000e+00
 0.00000e+00
 0.00000e+00
 0.00000e+00
 0.00000e+00
 0.00000e+00
 0.00000e+00
 0.00000e+00
 0.00000e+00
 0.00000e+00
 0.00000e+00
 0.00000e+00
 0.00000e+00
 0.00000e+00
 0.00000e+00
 0.00000e+00
 0.00000e+00
 0.00000e+00
 0.00000e+00
 0.00000e+00
 0.00000e+00
 0.00000e+00
 0.00000e+00
 0.00000e+00
 0.00000e+00
 0.00000e+00
 0.00000e+00
 0.00000e+00
 0.00000e+00
 0.00000e+00
 0.00000e+00
 0.00000e+00
 0.00000e+00
 0.00000e+00
 0.00000e+00
 0.00000e+00
 0.00000e+00
 0.00000e+00
 0.00000e+00
 0.00000e+00
 1.38713e-09
 1.29379e-09
 1.22485e-09
 5.72982e-10
 5.66121e-10
 1.34986e-11
 7.24048e-12
 3.35464e-12
 1.28401e-12
 3.74394e-13
 7.04643e-14
 8.06357e-15
 1.11529e-16
 2.45745e-27
 0.00000e+00
 0.00000e+00
 0.00000e+00
 0.00000e+00
 0.00000e+00
 0.00000e+00
 0.00000e+00
 0.00000e+00
 0.00000e+00
 0.00000e+00
 0.00000e+00
 0.00000e+00
 0.00000e+00
 0.00000e+00
 0.00000e+00
 0.00000e+00
 0.00000e+00
 0.00000e+00
 0.00000e+00
 0.00000e+00
 0.00000e+00
 0.00000e+00
 0.00000e+00
 0.00000e+00
 0.00000e+00
 0.00000e+00
 0.00000e+00
 0.00000e+00
 0.00000e+00
 0.00000e+00
 0.00000e+00
 0.00000e+00
 0.00000e+00
 0.00000e+00
 0.00000e+00
 0.00000e+00
 0.00000e+00
 0.00000e+00
 0.00000e+00
 0.00000e+00
 0.00000e+00
 0.00000e+00
 0.00000e+00
 0.00000e+00
 0.00000e+00
 0.00000e+00
 1.49539e-13
 1.16102e-13
 6.91594e-14
 2.66778e-14
 8.06357e-15
 1.30489e-15
 5.46494e-16
 3.23435e-16
 2.23059e-16
 2.07851e-27
 0.00000e+00
 0.00000e+00
 0.00000e+00
 0.00000e+00
 0.00000e+00
 0.00000e+00
 0.00000e+00
 0.00000e+00
 0.00000e+00
 0.00000e+00
 0.00000e+00
 0.00000e+00
 0.00000e+00
 0.00000e+00
 0.00000e+00
 0.00000e+00
 0.00000e+00
 0.00000e+00
 0.00000e+00
 0.00000e+00
 0.00000e+00
 0.00000e+00
 0.00000e+00
 0.00000e+00
 0.00000e+00
 0.00000e+00
 0.00000e+00
 0.00000e+00
 0.00000e+00
 0.00000e+00
 0.00000e+00
 0.00000e+00
 0.00000e+00
 0.00000e+00
 0.00000e+00
 0.00000e+00
 0.00000e+00
 0.00000e+00
 0.00000e+00
 0.00000e+00
 0.00000e+00
 0.00000e+00
 0.00000e+00
 0.00000e+00
 0.00000e+00
 0.00000e+00
 0.00000e+00
 0.00000e+00
 0.00000e+00
 0.00000e+00
 0.00000e+00
 0.00000e+00
 0.00000e+00
 0.00000e+00
 0.00000e+00
 0.00000e+00
 0.00000e+00
 0.00000e+00
 0.00000e+00
 0.00000e+00
 0.00000e+00
 0.00000e+00
 0.00000e+00
 0.00000e+00
 0.00000e+00
 0.00000e+00
 0.00000e+00
 0.00000e+00
 0.00000e+00
 0.00000e+00
 0.00000e+00
 0.00000e+00
 0.00000e+00
 0.00000e+00
 0.00000e+00
 0.00000e+00
 0.00000e+00
 0.00000e+00
 0.00000e+00
 0.00000e+00
 0.00000e+00
 0.00000e+00
 0.00000e+00
 0.00000e+00
 0.00000e+00
 0.00000e+00
 0.00000e+00
 0.00000e+00
 0.00000e+00
 0.00000e+00
 0.00000e+00
 0.00000e+00
 0.00000e+00
 0.00000e+00
 0.00000e+00
 0.00000e+00
 0.00000e+00
 0.00000e+00
 0.00000e+00
 0.00000e+00
 0.00000e+00
 0.00000e+00
 0.00000e+00
 0.00000e+00
 0.00000e+00
 0.00000e+00
 0.00000e+00
 0.00000e+00
 0.00000e+00
 0.00000e+00
 0.00000e+00
 0.00000e+00
 0.00000e+00
 0.00000e+00
 0.00000e+00
 0.00000e+00
 0.00000e+00
 0.00000e+00
 0.00000e+00
 0.00000e+00
 0.00000e+00
 0.00000e+00
 0.00000e+00
 0.00000e+00
 0.00000e+00
 0.00000e+00
 0.00000e+00
 0.00000e+00
 0.00000e+00
 0.00000e+00
 0.00000e+00
 0.00000e+00
 0.00000e+00
 0.00000e+00
 0.00000e+00
 0.00000e+00
 0.00000e+00
 0.00000e+00
 0.00000e+00
 0.00000e+00
 0.00000e+00
 0.00000e+00
 0.00000e+00
 0.00000e+00
 0.00000e+00
 0.00000e+00
 0.00000e+00
 0.00000e+00
 0.00000e+00
 0.00000e+00
 0.00000e+00
 0.00000e+00
 0.00000e+00
 0.00000e+00
 0.00000e+00
 0.00000e+00
 0.00000e+00
 0.00000e+00
 0.00000e+00
 0.00000e+00
 0.00000e+00
 0.00000e+00
 0.00000e+00
 0.00000e+00
 0.00000e+00
 0.00000e+00
 0.00000e+00
 0.00000e+00
 0.00000e+00
 0.00000e+00
 0.00000e+00
 0.00000e+00
 0.00000e+00
 0.00000e+00
 0.00000e+00
 0.00000e+00
 0.00000e+00
 0.00000e+00
 0.00000e+00
 0.00000e+00
 0.00000e+00
 0.00000e+00
 0.00000e+00
 0.00000e+00
 0.00000e+00
 0.00000e+00
 0.00000e+00
 0.00000e+00
 0.00000e+00
 0.00000e+00
 0.00000e+00
 0.00000e+00
 0.00000e+00
 0.00000e+00
 0.00000e+00
 0.00000e+00
 0.00000e+00
 0.00000e+00
 0.00000e+00
 0.00000e+00
 0.00000e+00
 0.00000e+00
 0.00000e+00
 0.00000e+00
 0.00000e+00
 0.00000e+00
 0.00000e+00
 0.00000e+00
 0.00000e+00
 0.00000e+00
 0.00000e+00
 0.00000e+00
 0.00000e+00
 0.00000e+00
 0.00000e+00
 0.00000e+00
 0.00000e+00
 0.00000e+00
 0.00000e+00
 0.00000e+00
 0.00000e+00
 0.00000e+00
 0.00000e+00
 0.00000e+00
 0.00000e+00
 0.00000e+00
 0.00000e+00
 0.00000e+00
 0.00000e+00
 0.00000e+00
 0.00000e+00
 0.00000e+00
 0.00000e+00
 0.00000e+00
 0.00000e+00
 0.00000e+00
 0.00000e+00
 0.00000e+00
 0.00000e+00
 0.00000e+00
 0.00000e+00
 0.00000e+00
 0.00000e+00
 0.00000e+00
 0.00000e+00
 0.00000e+00
 0.00000e+00
 0.00000e+00
 0.00000e+00
 0.00000e+00
 0.00000e+00
 0.00000e+00
 0.00000e+00
 0.00000e+00
 0.00000e+00
 0.00000e+00
 0.00000e+00
 0.00000e+00
 0.00000e+00
 0.00000e+00
 0.00000e+00
 0.00000e+00
 0.00000e+00
 0.00000e+00
 0.00000e+00
 0.00000e+00
 0.00000e+00
 0.00000e+00
 0.00000e+00
 0.00000e+00
 0.00000e+00
 0.00000e+00
 0.00000e+00
 0.00000e+00
 0.00000e+00
 0.00000e+00
 0.00000e+00
 0.00000e+00
 0.00000e+00
 0.00000e+00
 0.00000e+00
 0.00000e+00
 0.00000e+00
 0.00000e+00
 0.00000e+00
 0.00000e+00
 0.00000e+00
 0.00000e+00
 0.00000e+00
 0.00000e+00
 0.00000e+00
 0.00000e+00
 0.00000e+00
 0.00000e+00
 0.00000e+00
 0.00000e+00
 0.00000e+00
 0.00000e+00
 0.00000e+00
 0.00000e+00
 0.00000e+00
 0.00000e+00
 0.00000e+00
 0.00000e+00
 0.00000e+00
 0.00000e+00
 0.00000e+00
 0.00000e+00
 0.00000e+00
 0.00000e+00
 0.00000e+00
 0.00000e+00
 0.00000e+00
 0.00000e+00
 0.00000e+00
 0.00000e+00
 0.00000e+00
 0.00000e+00
 0.00000e+00
 0.00000e+00
 0.00000e+00
 0.00000e+00
 0.00000e+00
 0.00000e+00
 0.00000e+00
 0.00000e+00
 0.00000e+00
 0.00000e+00
 0.00000e+00
 0.00000e+00
 0.00000e+00
 0.00000e+00
 0.00000e+00
 0.00000e+00
 0.00000e+00
 0.00000e+00
 0.00000e+00
 0.00000e+00
 0.00000e+00
 0.00000e+00
 0.00000e+00
 0.00000e+00
 0.00000e+00
 0.00000e+00
 0.00000e+00
 0.00000e+00
 0.00000e+00
 0.00000e+00
 0.00000e+00
 0.00000e+00
 0.00000e+00
 0.00000e+00
 0.00000e+00
 0.00000e+00
 0.00000e+00
 0.00000e+00
 0.00000e+00
 0.00000e+00
 0.00000e+00
 0.00000e+00
 0.00000e+00
 0.00000e+00
 0.00000e+00
 0.00000e+00
 0.00000e+00
 0.00000e+00
 0.00000e+00
 0.00000e+00
 0.00000e+00
 0.00000e+00
 0.00000e+00
 0.00000e+00
 0.00000e+00
 0.00000e+00
 0.00000e+00
 0.00000e+00
 0.00000e+00
 0.00000e+00
 0.00000e+00
 0.00000e+00
 0.00000e+00
 0.00000e+00
 0.00000e+00
 0.00000e+00
 0.00000e+00
 0.00000e+00
 0.00000e+00
 0.00000e+00
 0.00000e+00
 0.00000e+00
 0.00000e+00
 0.00000e+00
 0.00000e+00
 0.00000e+00
 0.00000e+00
 0.00000e+00
 0.00000e+00
 0.00000e+00
 0.00000e+00
 0.00000e+00
 0.00000e+00
 0.00000e+00
 0.00000e+00
 0.00000e+00
 0.00000e+00
 0.00000e+00
 0.00000e+00
 0.00000e+00
 0.00000e+00
 0.00000e+00
 0.00000e+00
 0.00000e+00
 0.00000e+00
 0.00000e+00
 0.00000e+00
 0.00000e+00
 0.00000e+00
 0.00000e+00
 0.00000e+00
 0.00000e+00
 0.00000e+00
 0.00000e+00
 0.00000e+00
 0.00000e+00
 0.00000e+00
 0.00000e+00
 0.00000e+00
 0.00000e+00
 0.00000e+00
 0.00000e+00
 0.00000e+00
 0.00000e+00
 0.00000e+00
 0.00000e+00
 0.00000e+00
 0.00000e+00
 0.00000e+00
 0.00000e+00
 0.00000e+00
 0.00000e+00
 0.00000e+00
 0.00000e+00
 0.00000e+00
 0.00000e+00
 0.00000e+00
 0.00000e+00
 0.00000e+00
 0.00000e+00
 0.00000e+00
 0.00000e+00
 0.00000e+00
 0.00000e+00
 0.00000e+00
 0.00000e+00
 0.00000e+00
 0.00000e+00
 0.00000e+00
 0.00000e+00
 0.00000e+00
 0.00000e+00
 0.00000e+00
 0.00000e+00
 0.00000e+00
 0.00000e+00
 0.00000e+00
 0.00000e+00
 0.00000e+00
 0.00000e+00
 0.00000e+00
 0.00000e+00
 0.00000e+00
 0.00000e+00
 0.00000e+00
 0.00000e+00
 0.00000e+00
 0.00000e+00
 0.00000e+00
 0.00000e+00
 0.00000e+00
 0.00000e+00
 0.00000e+00
 0.00000e+00
 0.00000e+00
 0.00000e+00
 0.00000e+00
 0.00000e+00
 0.00000e+00
 0.00000e+00
 0.00000e+00
 0.00000e+00
 0.00000e+00
 0.00000e+00
 0.00000e+00
 0.00000e+00
 0.00000e+00
 0.00000e+00
 0.00000e+00
 0.00000e+00
 0.00000e+00
 0.00000e+00
 0.00000e+00
 0.00000e+00
 0.00000e+00
 0.00000e+00
 0.00000e+00
 0.00000e+00
 0.00000e+00
 0.00000e+00
 0.00000e+00
 0.00000e+00
 0.00000e+00
 0.00000e+00
 0.00000e+00
 0.00000e+00
 0.00000e+00
 0.00000e+00
 0.00000e+00
 0.00000e+00
 0.00000e+00
 0.00000e+00
 0.00000e+00
 0.00000e+00
 0.00000e+00
 0.00000e+00
 0.00000e+00
 0.00000e+00
 0.00000e+00
 0.00000e+00
 0.00000e+00
 0.00000e+00
 0.00000e+00
 0.00000e+00
 0.00000e+00
 0.00000e+00
 0.00000e+00
 0.00000e+00
 0.00000e+00
 0.00000e+00
 0.00000e+00
 0.00000e+00
 0.00000e+00
 0.00000e+00
 0.00000e+00
 0.00000e+00
 0.00000e+00
 0.00000e+00
 0.00000e+00
 0.00000e+00
 0.00000e+00
 0.00000e+00
 0.00000e+00
 0.00000e+00
 0.00000e+00
 0.00000e+00
 0.00000e+00
 0.00000e+00
 0.00000e+00
 0.00000e+00
 0.00000e+00
 0.00000e+00
 0.00000e+00
 0.00000e+00
 0.00000e+00
 0.00000e+00
 0.00000e+00
 0.00000e+00
 0.00000e+00
 0.00000e+00
 0.00000e+00
 0.00000e+00
 0.00000e+00
 0.00000e+00
 0.00000e+00
 0.00000e+00
 0.00000e+00
 0.00000e+00
 0.00000e+00
 0.00000e+00
 0.00000e+00
 0.00000e+00
 0.00000e+00
 0.00000e+00
 0.00000e+00
 0.00000e+00
 0.00000e+00
 0.00000e+00
 0.00000e+00
 0.00000e+00
 0.00000e+00
 0.00000e+00
 0.00000e+00
 0.00000e+00
 0.00000e+00
 0.00000e+00
 0.00000e+00
 0.00000e+00
 0.00000e+00
 0.00000e+00
 0.00000e+00
 0.00000e+00
 0.00000e+00
 0.00000e+00
 0.00000e+00
 0.00000e+00
 0.00000e+00
 0.00000e+00
 0.00000e+00
 0.00000e+00
 0.00000e+00
 0.00000e+00
 0.00000e+00
 0.00000e+00
 0.00000e+00
 0.00000e+00
 0.00000e+00
 0.00000e+00
 0.00000e+00
 0.00000e+00
 0.00000e+00
 0.00000e+00
 0.00000e+00
 0.00000e+00
 0.00000e+00
 0.00000e+00
 0.00000e+00
 0.00000e+00
 0.00000e+00
 0.00000e+00
 0.00000e+00
 0.00000e+00
 0.00000e+00
 0.00000e+00
 0.00000e+00
 0.00000e+00
 0.00000e+00
 0.00000e+00
 0.00000e+00
 0.00000e+00
 0.00000e+00
 0.00000e+00
 0.00000e+00
 0.00000e+00
 0.00000e+00
 0.00000e+00
 0.00000e+00
 0.00000e+00
 0.00000e+00
 0.00000e+00
 0.00000e+00
 0.00000e+00
 0.00000e+00
 0.00000e+00
 0.00000e+00
 0.00000e+00
 0.00000e+00
 0.00000e+00
 0.00000e+00
 0.00000e+00
 0.00000e+00
 0.00000e+00
 0.00000e+00
 0.00000e+00
 0.00000e+00
 0.00000e+00
 0.00000e+00
 0.00000e+00
 0.00000e+00
 0.00000e+00
 0.00000e+00
 0.00000e+00
 0.00000e+00
 0.00000e+00
 0.00000e+00
 0.00000e+00
 0.00000e+00
 0.00000e+00
 0.00000e+00
 0.00000e+00
 0.00000e+00
 0.00000e+00
 0.00000e+00
 0.00000e+00
 0.00000e+00
 0.00000e+00
 0.00000e+00
 0.00000e+00
 0.00000e+00
 0.00000e+00
 0.00000e+00
 0.00000e+00
 0.00000e+00
 0.00000e+00
 0.00000e+00
 0.00000e+00
 0.00000e+00
 0.00000e+00
 0.00000e+00
 0.00000e+00
 0.00000e+00
 0.00000e+00
 0.00000e+00
 0.00000e+00
 0.00000e+00
 0.00000e+00
 0.00000e+00
 0.00000e+00
 0.00000e+00
 0.00000e+00
 0.00000e+00
 0.00000e+00
 0.00000e+00
 0.00000e+00
 0.00000e+00
 0.00000e+00
 0.00000e+00
 0.00000e+00
 0.00000e+00
 0.00000e+00
 0.00000e+00
 0.00000e+00
 0.00000e+00
 0.00000e+00
 0.00000e+00
 0.00000e+00
 0.00000e+00
 0.00000e+00
 0.00000e+00
 0.00000e+00
 0.00000e+00
 0.00000e+00
 0.00000e+00
 0.00000e+00
 0.00000e+00
 0.00000e+00
 0.00000e+00
 0.00000e+00
 0.00000e+00
 0.00000e+00
 0.00000e+00
 0.00000e+00
 0.00000e+00
 0.00000e+00
 0.00000e+00
 0.00000e+00
 0.00000e+00
 0.00000e+00
 0.00000e+00
 0.00000e+00
 0.00000e+00
 0.00000e+00
 0.00000e+00
 0.00000e+00
 0.00000e+00
 0.00000e+00
 0.00000e+00
 0.00000e+00
 0.00000e+00
 0.00000e+00
 0.00000e+00
 0.00000e+00
 0.00000e+00
 0.00000e+00
 0.00000e+00
 0.00000e+00
 0.00000e+00
 0.00000e+00
 0.00000e+00
 0.00000e+00
 0.00000e+00
 0.00000e+00
