PseudoViscosity
part
         1
quad4
 1.87499e-07
 1.07447e-06
 1.39445e-06
 1.16194e-06
 1.99924e-06
 2.40323e-06
 1.94208e-06
 2.30061e-06
 3.51580e-06
 3.47812e-06
 4.40009e-06
 5.04983e-06
 5.78663e-06
 6.54259e-06
 7.75225e-06
 9.05682e-06
 1.06193e-05
 1.25093e-05
 1.54184e-05
 1.88801e-05
 2.24506e-05
 2.93757e-05
 3.55435e-05
 5.00519e-05
 6.32291e-05
 9.03310e-05
 1.62510e-04
 2.35118e-04
 2.08514e-04
 3.52948e-05
 4.82333e-07
 0.00000e+00
 0.00000e+00
 0.00000e+00
 0.00000e+00
 0.00000e+00
 0.00000e+00
 1.08106e-03
 7.79275e-03
 3.59275e-03
 4.99138e-04
 6.25145e-09
 2.37357e-12
 7.90556e-26
 0.00000e+00
 0.00000e+00
 0.00000e+00
 0.00000e+00
 0.00000e+00
 0.00000e+00
 0.00000e+00
 0.00000e+00
 0.00000e+00
 0.00000e+00
 0.00000e+00
 0.00000e+00
 0.00000e+00
 0.00000e+00
 0.00000e+00
 0.00000e+00
 1.07447e-06
 1.48501e-06
 9.48486e-07
 1.33834e-06
 1.58036e-06
 1.50714e-06
 1.68888e-06
 2.34425e-06
 2.43599e-06
 2.74213e-06
 3.24069e-06
 3.89568e-06
 4.55391e-06
 5.58834e-06
 6.22478e-06
 8.09965e-06
 9.76693e-06
 1.15121e-05
 1.42079e-05
 1.77524e-05
 2.16070e-05
 2.86590e-05
 3.49773e-05
 4.96550e-05
 6.28887e-05
 9.04570e-05
 1.63706e-04
 2.35112e-04
 2.05500e-04
 2.91187e-05
 3.95566e-07
 0.00000e+00
 0.00000e+00
 0.00000e+00
 0.00000e+00
 0.00000e+00
 0.00000e+00
 1.29743e-03
 7.77013e-03
 3.46052e-03
 4.73266e-04
 5.72256e-09
 2.09054e-12
 5.80239e-26
 0.00000e+00
 0.00000e+00
 0.00000e+00
 0.00000e+00
 0.00000e+00
 0.00000e+00
 0.00000e+00
 0.00000e+00
 0.00000e+00
 0.00000e+00
 0.00000e+00
 0.00000e+00
 0.00000e+00
 0.00000e+00
 0.00000e+00
 0.00000e+00
 1.39445e-06
 9.48486e-07
 1.14515e-06
 1.01641e-06
 1.25525e-06
 1.42617e-06
 1.66270e-06
 2.21374e-06
 2.18647e-06
 2.79202e-06
 3.52231e-06
 4.04023e-06
 4.82658e-06
 5.65606e-06
 6.62536e-06
 7.93872e-06
 9.79968e-06
 1.15605e-05
 1.45397e-05
 1.82022e-05
 2.19419e-05
 2.86309e-05
 3.52869e-05
 5.02845e-05
 6.29198e-05
 9.37537e-05
 1.68763e-04
 2.37152e-04
 1.98095e-04
 1.27904e-05
 1.61284e-07
 0.00000e+00
 0.00000e+00
 0.00000e+00
 0.00000e+00
 0.00000e+00
 0.00000e+00
 1.76782e-03
 7.78087e-03
 3.22884e-03
 4.28119e-04
 4.83380e-09
 1.61598e-12
 2.69113e-26
 0.00000e+00
 0.00000e+00
 0.00000e+00
 0.00000e+00
 0.00000e+00
 0.00000e+00
 0.00000e+00
 0.00000e+00
 0.00000e+00
 0.00000e+00
 0.00000e+00
 0.00000e+00
 0.00000e+00
 0.00000e+00
 0.00000e+00
 0.00000e+00
 1.16194e-06
 1.33834e-06
 1.01641e-06
 1.00649e-06
 1.26297e-06
 1.42122e-06
 1.87269e-06
 2.01190e-06
 2.06514e-06
 2.93637e-06
 3.39660e-06
 3.94081e-06
 4.86866e-06
 5.75616e-06
 6.84597e-06
 8.31983e-06
 9.96509e-06
 1.24532e-05
 1.46814e-05
 1.88911e-05
 2.25371e-05
 2.97621e-05
 3.68677e-05
 5.21378e-05
 6.52402e-05
 9.89986e-05
 1.77659e-04
 2.39737e-04
 1.89248e-04
 1.64662e-06
 0.00000e+00
 0.00000e+00
 0.00000e+00
 0.00000e+00
 0.00000e+00
 0.00000e+00
 0.00000e+00
 2.46932e-03
 7.72187e-03
 2.88223e-03
 3.66999e-04
 3.77550e-09
 1.08092e-12
 2.21661e-16
 0.00000e+00
 0.00000e+00
 0.00000e+00
 0.00000e+00
 0.00000e+00
 0.00000e+00
 0.00000e+00
 0.00000e+00
 0.00000e+00
 0.00000e+00
 0.00000e+00
 0.00000e+00
 0.00000e+00
 0.00000e+00
 0.00000e+00
 0.00000e+00
 1.99924e-06
 1.58036e-06
 1.25525e-06
 1.26297e-06
 1.42027e-06
 1.43827e-06
 1.75418e-06
 1.76901e-06
 2.37736e-06
 2.94315e-06
 3.50594e-06
 4.14361e-06
 5.13735e-06
 5.76703e-06
 7.26229e-06
 8.49368e-06
 1.04032e-05
 1.26278e-05
 1.52892e-05
 1.91809e-05
 2.36866e-05
 3.04308e-05
 3.86558e-05
 5.44523e-05
 6.70715e-05
 1.07544e-04
 1.88068e-04
 2.44229e-04
 1.79959e-04
 1.64615e-06
 0.00000e+00
 0.00000e+00
 0.00000e+00
 0.00000e+00
 0.00000e+00
 0.00000e+00
 0.00000e+00
 3.42924e-03
 7.53892e-03
 2.44810e-03
 2.97034e-04
 2.72677e-09
 5.99184e-13
 2.21661e-16
 0.00000e+00
 0.00000e+00
 0.00000e+00
 0.00000e+00
 0.00000e+00
 0.00000e+00
 0.00000e+00
 0.00000e+00
 0.00000e+00
 0.00000e+00
 0.00000e+00
 0.00000e+00
 0.00000e+00
 0.00000e+00
 0.00000e+00
 0.00000e+00
 2.40323e-06
 1.50714e-06
 1.42617e-06
 1.42122e-06
 1.43827e-06
 1.62846e-06
 1.90667e-06
 2.62882e-06
 2.69608e-06
 3.42462e-06
 3.78955e-06
 4.86416e-06
 5.26632e-06
 6.41356e-06
 7.47442e-06
 9.24465e-06
 1.07409e-05
 1.33645e-05
 1.60753e-05
 2.00829e-05
 2.52008e-05
 3.15483e-05
 4.14518e-05
 5.65965e-05
 7.17947e-05
 1.17446e-04
 2.02872e-04
 2.48911e-04
 1.67100e-04
 1.57232e-06
 0.00000e+00
 0.00000e+00
 0.00000e+00
 0.00000e+00
 0.00000e+00
 0.00000e+00
 0.00000e+00
 4.69925e-03
 7.13281e-03
 1.95458e-03
 2.27051e-04
 1.28854e-09
 2.56994e-13
 7.69041e-32
 0.00000e+00
 0.00000e+00
 0.00000e+00
 0.00000e+00
 0.00000e+00
 0.00000e+00
 0.00000e+00
 0.00000e+00
 0.00000e+00
 0.00000e+00
 0.00000e+00
 0.00000e+00
 0.00000e+00
 0.00000e+00
 0.00000e+00
 0.00000e+00
 1.94208e-06
 1.68888e-06
 1.66270e-06
 1.87269e-06
 1.75418e-06
 1.90667e-06
 2.60913e-06
 2.64345e-06
 3.02381e-06
 3.55299e-06
 4.34835e-06
 5.01388e-06
 5.71689e-06
 6.49919e-06
 8.28008e-06
 9.38535e-06
 1.18322e-05
 1.37385e-05
 1.76876e-05
 2.08568e-05
 2.75254e-05
 3.30277e-05
 4.51753e-05
 6.03386e-05
 7.61204e-05
 1.33212e-04
 2.19957e-04
 2.52829e-04
 1.47302e-04
 1.44831e-06
 0.00000e+00
 0.00000e+00
 0.00000e+00
 0.00000e+00
 0.00000e+00
 0.00000e+00
 0.00000e+00
 6.11676e-03
 6.42820e-03
 1.46843e-03
 4.75301e-08
 8.06697e-10
 7.30595e-14
 0.00000e+00
 0.00000e+00
 0.00000e+00
 0.00000e+00
 0.00000e+00
 0.00000e+00
 0.00000e+00
 0.00000e+00
 0.00000e+00
 0.00000e+00
 0.00000e+00
 0.00000e+00
 0.00000e+00
 0.00000e+00
 0.00000e+00
 0.00000e+00
 0.00000e+00
 2.30061e-06
 2.34425e-06
 2.21374e-06
 2.01190e-06
 1.76901e-06
 2.62882e-06
 2.64345e-06
 2.82874e-06
 3.33653e-06
 4.06488e-06
 4.63288e-06
 5.40411e-06
 5.77814e-06
 7.53277e-06
 8.51804e-06
 1.05752e-05
 1.22778e-05
 1.52843e-05
 1.84866e-05
 2.29340e-05
 2.91061e-05
 3.53749e-05
 5.01675e-05
 6.24047e-05
 8.59978e-05
 1.52162e-04
 2.40550e-04
 2.52737e-04
 1.17259e-04
 1.24464e-06
 0.00000e+00
 0.00000e+00
 0.00000e+00
 0.00000e+00
 0.00000e+00
 0.00000e+00
 0.00000e+00
 7.30844e-03
 5.41927e-03
 1.02235e-03
 2.37588e-08
 1.85814e-11
 1.27677e-14
 0.00000e+00
 0.00000e+00
 0.00000e+00
 0.00000e+00
 0.00000e+00
 0.00000e+00
 0.00000e+00
 0.00000e+00
 0.00000e+00
 0.00000e+00
 0.00000e+00
 0.00000e+00
 0.00000e+00
 0.00000e+00
 0.00000e+00
 0.00000e+00
 0.00000e+00
 3.51580e-06
 2.43599e-06
 2.18647e-06
 2.06514e-06
 2.37736e-06
 2.69608e-06
 3.02381e-06
 3.33653e-06
 4.03276e-06
 4.34002e-06
 5.28089e-06
 5.51761e-06
 6.97952e-06
 7.88552e-06
 9.69978e-06
 1.11714e-05
 1.36725e-05
 1.64543e-05
 2.01008e-05
 2.49967e-05
 3.10431e-05
 3.94411e-05
 5.44411e-05
 6.79254e-05
 9.76698e-05
 1.78645e-04
 2.61352e-04
 2.45627e-04
 7.44494e-05
 9.37015e-07
 0.00000e+00
 0.00000e+00
 0.00000e+00
 0.00000e+00
 0.00000e+00
 0.00000e+00
 4.01195e-04
 7.99701e-03
 4.19890e-03
 6.67676e-04
 1.09675e-08
 7.26864e-12
 8.64477e-16
 0.00000e+00
 0.00000e+00
 0.00000e+00
 0.00000e+00
 0.00000e+00
 0.00000e+00
 0.00000e+00
 0.00000e+00
 0.00000e+00
 0.00000e+00
 0.00000e+00
 0.00000e+00
 0.00000e+00
 0.00000e+00
 0.00000e+00
 0.00000e+00
 0.00000e+00
 3.47812e-06
 2.74213e-06
 2.79202e-06
 2.93637e-06
 2.94315e-06
 3.42462e-06
 3.55299e-06
 4.06488e-06
 4.34002e-06
 5.23504e-06
 5.49285e-06
 6.68843e-06
 7.38729e-06
 9.12109e-06
 1.03588e-05
 1.26319e-05
 1.47845e-05
 1.84342e-05
 2.16569e-05
 2.80594e-05
 3.33580e-05
 4.46688e-05
 6.07215e-05
 7.22474e-05
 1.18777e-04
 2.09596e-04
 2.81084e-04
 2.28765e-04
 1.47053e-05
 1.79274e-07
 0.00000e+00
 0.00000e+00
 0.00000e+00
 0.00000e+00
 0.00000e+00
 0.00000e+00
 3.11519e-03
 7.90410e-03
 2.95348e-03
 4.07305e-04
 4.79237e-09
 2.30056e-12
 5.54152e-17
 0.00000e+00
 0.00000e+00
 0.00000e+00
 0.00000e+00
 0.00000e+00
 0.00000e+00
 0.00000e+00
 0.00000e+00
 0.00000e+00
 0.00000e+00
 0.00000e+00
 0.00000e+00
 0.00000e+00
 0.00000e+00
 0.00000e+00
 0.00000e+00
 0.00000e+00
 4.40009e-06
 3.24069e-06
 3.52231e-06
 3.39660e-06
 3.50594e-06
 3.78955e-06
 4.34835e-06
 4.63288e-06
 5.28089e-06
 5.49285e-06
 6.60722e-06
 7.10705e-06
 8.77146e-06
 9.84455e-06
 1.19534e-05
 1.36257e-05
 1.70755e-05
 1.95968e-05
 2.50200e-05
 3.03234e-05
 3.71214e-05
 5.26797e-05
 6.37725e-05
 8.42901e-05
 1.46063e-04
 2.46731e-04
 2.93972e-04
 1.94325e-04
 1.84755e-06
 0.00000e+00
 0.00000e+00
 0.00000e+00
 0.00000e+00
 0.00000e+00
 0.00000e+00
 0.00000e+00
 5.83829e-03
 6.99374e-03
 1.86083e-03
 2.33345e-04
 1.68890e-09
 5.30070e-13
 2.94271e-27
 0.00000e+00
 0.00000e+00
 0.00000e+00
 0.00000e+00
 0.00000e+00
 0.00000e+00
 0.00000e+00
 0.00000e+00
 0.00000e+00
 0.00000e+00
 0.00000e+00
 0.00000e+00
 0.00000e+00
 0.00000e+00
 0.00000e+00
 0.00000e+00
 0.00000e+00
 5.04983e-06
 3.89568e-06
 4.04023e-06
 3.94081e-06
 4.14361e-06
 4.86416e-06
 5.01388e-06
 5.40411e-06
 5.51761e-06
 6.68843e-06
 7.10705e-06
 8.63897e-06
 9.60094e-06
 1.15962e-05
 1.29448e-05
 1.60729e-05
 1.82838e-05
 2.26885e-05
 2.79292e-05
 3.30382e-05
 4.41354e-05
 5.85898e-05
 7.13936e-05
 1.00755e-04
 1.86163e-04
 2.84554e-04
 2.94002e-04
 1.37850e-04
 1.41552e-06
 0.00000e+00
 0.00000e+00
 0.00000e+00
 0.00000e+00
 0.00000e+00
 0.00000e+00
 0.00000e+00
 7.83306e-03
 5.37786e-03
 1.06449e-03
 2.76407e-08
 8.29138e-10
 6.99673e-14
 0.00000e+00
 0.00000e+00
 0.00000e+00
 0.00000e+00
 0.00000e+00
 0.00000e+00
 0.00000e+00
 0.00000e+00
 0.00000e+00
 0.00000e+00
 0.00000e+00
 0.00000e+00
 0.00000e+00
 0.00000e+00
 0.00000e+00
 0.00000e+00
 0.00000e+00
 0.00000e+00
 5.78663e-06
 4.55391e-06
 4.82658e-06
 4.86866e-06
 5.13735e-06
 5.26632e-06
 5.71689e-06
 5.77814e-06
 6.97952e-06
 7.38729e-06
 8.77146e-06
 9.60094e-06
 1.14620e-05
 1.26062e-05
 1.54719e-05
 1.74572e-05
 2.12480e-05
 2.59160e-05
 3.12323e-05
 3.84312e-05
 5.16832e-05
 6.66557e-05
 7.86559e-05
 1.32774e-04
 2.34905e-04
 3.18454e-04
 2.73861e-04
 4.03053e-05
 5.19351e-07
 0.00000e+00
 0.00000e+00
 0.00000e+00
 0.00000e+00
 0.00000e+00
 0.00000e+00
 2.64283e-03
 8.25287e-03
 3.53772e-03
 5.51905e-04
 8.40998e-09
 7.02505e-12
 4.75463e-15
 0.00000e+00
 0.00000e+00
 0.00000e+00
 0.00000e+00
 0.00000e+00
 0.00000e+00
 0.00000e+00
 0.00000e+00
 0.00000e+00
 0.00000e+00
 0.00000e+00
 0.00000e+00
 0.00000e+00
 0.00000e+00
 0.00000e+00
 0.00000e+00
 0.00000e+00
 0.00000e+00
 6.54259e-06
 5.58834e-06
 5.65606e-06
 5.75616e-06
 5.76703e-06
 6.41356e-06
 6.49919e-06
 7.53277e-06
 7.88552e-06
 9.12109e-06
 9.84455e-06
 1.15962e-05
 1.26062e-05
 1.52907e-05
 1.70378e-05
 2.04536e-05
 2.45615e-05
 2.99339e-05
 3.52328e-05
 4.59194e-05
 6.26499e-05
 7.01415e-05
 9.92809e-05
 1.78746e-04
 2.91374e-04
 3.36459e-04
 2.18004e-04
 2.17307e-06
 0.00000e+00
 0.00000e+00
 0.00000e+00
 0.00000e+00
 0.00000e+00
 0.00000e+00
 0.00000e+00
 6.32594e-03
 7.10909e-03
 1.97765e-03
 2.73888e-04
 2.39068e-09
 1.24539e-12
 4.15852e-26
 0.00000e+00
 0.00000e+00
 0.00000e+00
 0.00000e+00
 0.00000e+00
 0.00000e+00
 0.00000e+00
 0.00000e+00
 0.00000e+00
 0.00000e+00
 0.00000e+00
 0.00000e+00
 0.00000e+00
 0.00000e+00
 0.00000e+00
 0.00000e+00
 0.00000e+00
 0.00000e+00
 7.75225e-06
 6.22478e-06
 6.62536e-06
 6.84597e-06
 7.26229e-06
 7.47442e-06
 8.28008e-06
 8.51804e-06
 9.69978e-06
 1.03588e-05
 1.19534e-05
 1.29448e-05
 1.54719e-05
 1.70378e-05
 2.02004e-05
 2.38722e-05
 2.91301e-05
 3.36326e-05
 4.17768e-05
 5.81735e-05
 6.72729e-05
 8.32139e-05
 1.34700e-04
 2.43347e-04
 3.43038e-04
 3.25341e-04
 1.10179e-04
 1.23786e-06
 0.00000e+00
 0.00000e+00
 0.00000e+00
 0.00000e+00
 0.00000e+00
 0.00000e+00
 3.46267e-04
 8.43087e-03
 4.95500e-03
 9.64231e-04
 2.47699e-08
 9.04868e-10
 1.25870e-13
 0.00000e+00
 0.00000e+00
 0.00000e+00
 0.00000e+00
 0.00000e+00
 0.00000e+00
 0.00000e+00
 0.00000e+00
 0.00000e+00
 0.00000e+00
 0.00000e+00
 0.00000e+00
 0.00000e+00
 0.00000e+00
 0.00000e+00
 0.00000e+00
 0.00000e+00
 0.00000e+00
 0.00000e+00
 9.05682e-06
 8.09965e-06
 7.93872e-06
 8.31983e-06
 8.49368e-06
 9.24465e-06
 9.38535e-06
 1.05752e-05
 1.11714e-05
 1.26319e-05
 1.36257e-05
 1.60729e-05
 1.74572e-05
 2.04536e-05
 2.38722e-05
 2.88773e-05
 3.29375e-05
 3.96400e-05
 5.47530e-05
 6.52593e-05
 7.66971e-05
 1.07326e-04
 1.96946e-04
 3.16803e-04
 3.72415e-04
 2.63202e-04
 2.79298e-06
 0.00000e+00
 0.00000e+00
 0.00000e+00
 0.00000e+00
 0.00000e+00
 0.00000e+00
 0.00000e+00
 5.34232e-03
 7.91713e-03
 2.76316e-03
 4.26284e-04
 5.36868e-09
 5.46550e-12
 5.46394e-15
 0.00000e+00
 0.00000e+00
 0.00000e+00
 0.00000e+00
 0.00000e+00
 0.00000e+00
 0.00000e+00
 0.00000e+00
 0.00000e+00
 0.00000e+00
 0.00000e+00
 0.00000e+00
 0.00000e+00
 0.00000e+00
 0.00000e+00
 0.00000e+00
 0.00000e+00
 0.00000e+00
 0.00000e+00
 1.06193e-05
 9.76693e-06
 9.79968e-06
 9.96509e-06
 1.04032e-05
 1.07409e-05
 1.18322e-05
 1.22778e-05
 1.36725e-05
 1.47845e-05
 1.70755e-05
 1.82838e-05
 2.12480e-05
 2.45615e-05
 2.91301e-05
 3.29375e-05
 3.89719e-05
 5.29578e-05
 6.38452e-05
 7.43759e-05
 9.27945e-05
 1.62261e-04
 2.80321e-04
 3.81546e-04
 3.55770e-04
 1.04778e-04
 1.20408e-06
 0.00000e+00
 0.00000e+00
 0.00000e+00
 0.00000e+00
 0.00000e+00
 0.00000e+00
 0.00000e+00
 8.42550e-03
 5.66858e-03
 1.26387e-03
 4.38200e-08
 1.51866e-09
 6.12916e-13
 1.02829e-26
 0.00000e+00
 0.00000e+00
 0.00000e+00
 0.00000e+00
 0.00000e+00
 0.00000e+00
 0.00000e+00
 0.00000e+00
 0.00000e+00
 0.00000e+00
 0.00000e+00
 0.00000e+00
 0.00000e+00
 0.00000e+00
 0.00000e+00
 0.00000e+00
 0.00000e+00
 0.00000e+00
 0.00000e+00
 1.25093e-05
 1.15121e-05
 1.15605e-05
 1.24532e-05
 1.26278e-05
 1.33645e-05
 1.37385e-05
 1.52843e-05
 1.64543e-05
 1.84342e-05
 1.95968e-05
 2.26885e-05
 2.59160e-05
 2.99339e-05
 3.36326e-05
 3.96400e-05
 5.29578e-05
 6.32974e-05
 7.35865e-05
 8.62203e-05
 1.41031e-04
 2.48503e-04
 3.69650e-04
 4.01552e-04
 2.59384e-04
 2.83572e-06
 0.00000e+00
 0.00000e+00
 0.00000e+00
 0.00000e+00
 0.00000e+00
 0.00000e+00
 0.00000e+00
 5.53520e-03
 8.14662e-03
 3.04254e-03
 5.07059e-04
 7.69721e-09
 1.08831e-11
 3.44129e-14
 0.00000e+00
 0.00000e+00
 0.00000e+00
 0.00000e+00
 0.00000e+00
 0.00000e+00
 0.00000e+00
 0.00000e+00
 0.00000e+00
 0.00000e+00
 0.00000e+00
 0.00000e+00
 0.00000e+00
 0.00000e+00
 0.00000e+00
 0.00000e+00
 0.00000e+00
 0.00000e+00
 0.00000e+00
 0.00000e+00
 1.54184e-05
 1.42079e-05
 1.45397e-05
 1.46814e-05
 1.52892e-05
 1.60753e-05
 1.76876e-05
 1.84866e-05
 2.01008e-05
 2.16569e-05
 2.50200e-05
 2.79292e-05
 3.12323e-05
 3.52328e-05
 4.17768e-05
 5.47530e-05
 6.38452e-05
 7.35865e-05
 8.43580e-05
 1.31357e-04
 2.28092e-04
 3.53656e-04
 4.21679e-04
 3.41639e-04
 3.89590e-06
 0.00000e+00
 0.00000e+00
 0.00000e+00
 0.00000e+00
 0.00000e+00
 0.00000e+00
 0.00000e+00
 6.00344e-04
 8.75800e-03
 5.57668e-03
 1.27309e-03
 4.74969e-08
 1.81714e-09
 1.06519e-12
 5.54152e-17
 0.00000e+00
 0.00000e+00
 0.00000e+00
 0.00000e+00
 0.00000e+00
 0.00000e+00
 0.00000e+00
 0.00000e+00
 0.00000e+00
 0.00000e+00
 0.00000e+00
 0.00000e+00
 0.00000e+00
 0.00000e+00
 0.00000e+00
 0.00000e+00
 0.00000e+00
 0.00000e+00
 0.00000e+00
 0.00000e+00
 1.88801e-05
 1.77524e-05
 1.82022e-05
 1.88911e-05
 1.91809e-05
 2.00829e-05
 2.08568e-05
 2.29340e-05
 2.49967e-05
 2.80594e-05
 3.03234e-05
 3.30382e-05
 3.84312e-05
 4.59194e-05
 5.81735e-05
 6.52593e-05
 7.43760e-05
 8.62203e-05
 1.31357e-04
 2.21174e-04
 3.43461e-04
 4.28386e-04
 3.89069e-04
 9.87611e-05
 1.11579e-06
 0.00000e+00
 0.00000e+00
 0.00000e+00
 0.00000e+00
 0.00000e+00
 0.00000e+00
 0.00000e+00
 6.92378e-03
 7.80867e-03
 2.69539e-03
 4.62005e-04
 7.00916e-09
 1.14986e-11
 4.93085e-14
 0.00000e+00
 0.00000e+00
 0.00000e+00
 0.00000e+00
 0.00000e+00
 0.00000e+00
 0.00000e+00
 0.00000e+00
 0.00000e+00
 0.00000e+00
 0.00000e+00
 0.00000e+00
 0.00000e+00
 0.00000e+00
 0.00000e+00
 0.00000e+00
 0.00000e+00
 0.00000e+00
 0.00000e+00
 0.00000e+00
 0.00000e+00
 2.24506e-05
 2.16070e-05
 2.19419e-05
 2.25371e-05
 2.36866e-05
 2.52008e-05
 2.75254e-05
 2.91061e-05
 3.10431e-05
 3.33580e-05
 3.71214e-05
 4.41354e-05
 5.16832e-05
 6.26499e-05
 6.72729e-05
 7.66971e-05
 9.27945e-05
 1.41031e-04
 2.28092e-04
 3.43461e-04
 4.29556e-04
 4.10877e-04
 1.76293e-04
 2.40158e-06
 0.00000e+00
 0.00000e+00
 0.00000e+00
 0.00000e+00
 0.00000e+00
 0.00000e+00
 0.00000e+00
 3.64685e-03
 8.97828e-03
 4.64140e-03
 9.92833e-04
 3.11291e-08
 1.64118e-09
 8.43035e-13
 3.32491e-16
 0.00000e+00
 0.00000e+00
 0.00000e+00
 0.00000e+00
 0.00000e+00
 0.00000e+00
 0.00000e+00
 0.00000e+00
 0.00000e+00
 0.00000e+00
 0.00000e+00
 0.00000e+00
 0.00000e+00
 0.00000e+00
 0.00000e+00
 0.00000e+00
 0.00000e+00
 0.00000e+00
 0.00000e+00
 0.00000e+00
 0.00000e+00
 2.93757e-05
 2.86591e-05
 2.86309e-05
 2.97621e-05
 3.04308e-05
 3.15483e-05
 3.30277e-05
 3.53749e-05
 3.94411e-05
 4.46688e-05
 5.26797e-05
 5.85898e-05
 6.66557e-05
 7.01415e-05
 8.32139e-05
 1.07326e-04
 1.62261e-04
 2.48503e-04
 3.53656e-04
 4.28386e-04
 4.10877e-04
 2.01846e-04
 2.96353e-06
 0.00000e+00
 0.00000e+00
 0.00000e+00
 0.00000e+00
 0.00000e+00
 0.00000e+00
 0.00000e+00
 0.00000e+00
 8.75233e-03
 6.60312e-03
 1.87171e-03
 1.10986e-07
 3.72032e-09
 6.74471e-12
 1.89963e-14
 0.00000e+00
 0.00000e+00
 0.00000e+00
 0.00000e+00
 0.00000e+00
 0.00000e+00
 0.00000e+00
 0.00000e+00
 0.00000e+00
 0.00000e+00
 0.00000e+00
 0.00000e+00
 0.00000e+00
 0.00000e+00
 0.00000e+00
 0.00000e+00
 0.00000e+00
 0.00000e+00
 0.00000e+00
 0.00000e+00
 0.00000e+00
 0.00000e+00
 3.55435e-05
 3.49773e-05
 3.52869e-05
 3.68677e-05
 3.86558e-05
 4.14518e-05
 4.51753e-05
 5.01675e-05
 5.44411e-05
 6.07215e-05
 6.37725e-05
 7.13936e-05
 7.86559e-05
 9.92809e-05
 1.34700e-04
 1.96946e-04
 2.80321e-04
 3.69650e-04
 4.21679e-04
 3.89069e-04
 1.76293e-04
 2.96353e-06
 0.00000e+00
 0.00000e+00
 0.00000e+00
 0.00000e+00
 0.00000e+00
 0.00000e+00
 0.00000e+00
 0.00000e+00
 7.46631e-03
 8.04588e-03
 3.06027e-03
 5.89730e-04
 1.19024e-08
 3.24408e-11
 3.33256e-13
 1.10830e-16
 0.00000e+00
 0.00000e+00
 0.00000e+00
 0.00000e+00
 0.00000e+00
 0.00000e+00
 0.00000e+00
 0.00000e+00
 0.00000e+00
 0.00000e+00
 0.00000e+00
 0.00000e+00
 0.00000e+00
 0.00000e+00
 0.00000e+00
 0.00000e+00
 0.00000e+00
 0.00000e+00
 0.00000e+00
 0.00000e+00
 0.00000e+00
 0.00000e+00
 5.00519e-05
 4.96550e-05
 5.02845e-05
 5.21378e-05
 5.44523e-05
 5.65965e-05
 6.03386e-05
 6.24047e-05
 6.79254e-05
 7.22474e-05
 8.42901e-05
 1.00755e-04
 1.32774e-04
 1.78746e-04
 2.43347e-04
 3.16803e-04
 3.81546e-04
 4.01552e-04
 3.41639e-04
 9.87611e-05
 2.40158e-06
 0.00000e+00
 0.00000e+00
 0.00000e+00
 0.00000e+00
 0.00000e+00
 0.00000e+00
 0.00000e+00
 0.00000e+00
 5.84270e-03
 8.92856e-03
 4.34332e-03
 9.83279e-04
 3.58573e-08
 2.11721e-09
 1.98236e-12
 6.42816e-16
 0.00000e+00
 0.00000e+00
 0.00000e+00
 0.00000e+00
 0.00000e+00
 0.00000e+00
 0.00000e+00
 0.00000e+00
 0.00000e+00
 0.00000e+00
 0.00000e+00
 0.00000e+00
 0.00000e+00
 0.00000e+00
 0.00000e+00
 0.00000e+00
 0.00000e+00
 0.00000e+00
 0.00000e+00
 0.00000e+00
 0.00000e+00
 0.00000e+00
 0.00000e+00
 6.32291e-05
 6.28887e-05
 6.29198e-05
 6.52402e-05
 6.70715e-05
 7.17947e-05
 7.61204e-05
 8.59978e-05
 9.76698e-05
 1.18777e-04
 1.46063e-04
 1.86163e-04
 2.34905e-04
 2.91374e-04
 3.43038e-04
 3.72415e-04
 3.55770e-04
 2.59384e-04
 3.89590e-06
 1.11579e-06
 0.00000e+00
 0.00000e+00
 0.00000e+00
 0.00000e+00
 0.00000e+00
 0.00000e+00
 0.00000e+00
 0.00000e+00
 4.33077e-03
 9.25556e-03
 5.47722e-03
 1.45424e-03
 7.98250e-08
 3.65651e-09
 7.68108e-12
 3.56652e-14
 1.78417e-30
 0.00000e+00
 0.00000e+00
 0.00000e+00
 0.00000e+00
 0.00000e+00
 0.00000e+00
 0.00000e+00
 0.00000e+00
 0.00000e+00
 0.00000e+00
 0.00000e+00
 0.00000e+00
 0.00000e+00
 0.00000e+00
 0.00000e+00
 0.00000e+00
 0.00000e+00
 0.00000e+00
 0.00000e+00
 0.00000e+00
 0.00000e+00
 0.00000e+00
 0.00000e+00
 9.03310e-05
 9.04570e-05
 9.37537e-05
 9.89986e-05
 1.07544e-04
 1.17446e-04
 1.33212e-04
 1.52162e-04
 1.78645e-04
 2.09596e-04
 2.46731e-04
 2.84554e-04
 3.18454e-04
 3.36459e-04
 3.25341e-04
 2.63202e-04
 1.04778e-04
 2.83572e-06
 0.00000e+00
 0.00000e+00
 0.00000e+00
 0.00000e+00
 0.00000e+00
 0.00000e+00
 0.00000e+00
 0.00000e+00
 0.00000e+00
 3.28853e-03
 9.28269e-03
 6.30826e-03
 1.93637e-03
 1.45144e-07
 5.62658e-09
 2.10797e-11
 2.44825e-13
 4.67109e-27
 0.00000e+00
 0.00000e+00
 0.00000e+00
 0.00000e+00
 0.00000e+00
 0.00000e+00
 0.00000e+00
 0.00000e+00
 0.00000e+00
 0.00000e+00
 0.00000e+00
 0.00000e+00
 0.00000e+00
 0.00000e+00
 0.00000e+00
 0.00000e+00
 0.00000e+00
 0.00000e+00
 0.00000e+00
 0.00000e+00
 0.00000e+00
 0.00000e+00
 0.00000e+00
 0.00000e+00
 1.62510e-04
 1.63706e-04
 1.68763e-04
 1.77659e-04
 1.88068e-04
 2.02872e-04
 2.19957e-04
 2.40550e-04
 2.61352e-04
 2.81084e-04
 2.93972e-04
 2.94002e-04
 2.73861e-04
 2.18004e-04
 1.10179e-04
 2.79298e-06
 1.20408e-06
 0.00000e+00
 0.00000e+00
 0.00000e+00
 0.00000e+00
 0.00000e+00
 0.00000e+00
 0.00000e+00
 0.00000e+00
 0.00000e+00
 2.91588e-03
 9.23335e-03
 6.79697e-03
 2.32964e-03
 2.21122e-07
 7.78068e-09
 4.44811e-11
 7.88904e-13
 2.77076e-16
 0.00000e+00
 0.00000e+00
 0.00000e+00
 0.00000e+00
 0.00000e+00
 0.00000e+00
 0.00000e+00
 0.00000e+00
 0.00000e+00
 0.00000e+00
 0.00000e+00
 0.00000e+00
 0.00000e+00
 0.00000e+00
 0.00000e+00
 0.00000e+00
 0.00000e+00
 0.00000e+00
 0.00000e+00
 0.00000e+00
 0.00000e+00
 0.00000e+00
 0.00000e+00
 0.00000e+00
 0.00000e+00
 2.35118e-04
 2.35112e-04
 2.37152e-04
 2.39737e-04
 2.44229e-04
 2.48911e-04
 2.52829e-04
 2.52737e-04
 2.45627e-04
 2.28765e-04
 1.94325e-04
 1.37850e-04
 4.03053e-05
 2.17307e-06
 1.23786e-06
 0.00000e+00
 0.00000e+00
 0.00000e+00
 0.00000e+00
 0.00000e+00
 0.00000e+00
 0.00000e+00
 0.00000e+00
 0.00000e+00
 0.00000e+00
 3.28853e-03
 9.23335e-03
 6.95627e-03
 2.54913e-03
 2.83919e-07
 9.65436e-09
 7.46501e-11
 1.70754e-12
 7.09315e-16
 0.00000e+00
 0.00000e+00
 0.00000e+00
 0.00000e+00
 0.00000e+00
 0.00000e+00
 0.00000e+00
 0.00000e+00
 0.00000e+00
 0.00000e+00
 0.00000e+00
 0.00000e+00
 0.00000e+00
 0.00000e+00
 0.00000e+00
 0.00000e+00
 0.00000e+00
 0.00000e+00
 0.00000e+00
 0.00000e+00
 0.00000e+00
 0.00000e+00
 0.00000e+00
 0.00000e+00
 0.00000e+00
 0.00000e+00
 2.08514e-04
 2.05500e-04
 1.98095e-04
 1.89248e-04
 1.79959e-04
 1.67100e-04
 1.47302e-04
 1.17259e-04
 7.44494e-05
 1.47053e-05
 1.84755e-06
 1.41552e-06
 5.19351e-07
 0.00000e+00
 0.00000e+00
 0.00000e+00
 0.00000e+00
 0.00000e+00
 0.00000e+00
 0.00000e+00
 0.00000e+00
 0.00000e+00
 0.00000e+00
 0.00000e+00
 4.33077e-03
 9.28269e-03
 6.79697e-03
 2.54913e-03
 3.08538e-07
 1.07495e-08
 1.01401e-10
 2.77522e-12
 1.89520e-15
 0.00000e+00
 0.00000e+00
 0.00000e+00
 0.00000e+00
 0.00000e+00
 0.00000e+00
 0.00000e+00
 0.00000e+00
 0.00000e+00
 0.00000e+00
 0.00000e+00
 0.00000e+00
 0.00000e+00
 0.00000e+00
 0.00000e+00
 0.00000e+00
 0.00000e+00
 0.00000e+00
 0.00000e+00
 0.00000e+00
 0.00000e+00
 0.00000e+00
 0.00000e+00
 0.00000e+00
 0.00000e+00
 0.00000e+00
 0.00000e+00
 3.52948e-05
 2.91187e-05
 1.27904e-05
 1.64662e-06
 1.64615e-06
 1.57232e-06
 1.44831e-06
 1.24464e-06
 9.37015e-07
 1.79274e-07
 0.00000e+00
 0.00000e+00
 0.00000e+00
 0.00000e+00
 0.00000e+00
 0.00000e+00
 0.00000e+00
 0.00000e+00
 0.00000e+00
 0.00000e+00
 0.00000e+00
 0.00000e+00
 0.00000e+00
 5.84270e-03
 9.25556e-03
 6.30826e-03
 2.32964e-03
 2.83919e-07
 1.07495e-08
 1.12263e-10
 3.52621e-12
 3.08109e-15
 2.76239e-29
 0.00000e+00
 0.00000e+00
 0.00000e+00
 0.00000e+00
 0.00000e+00
 0.00000e+00
 0.00000e+00
 0.00000e+00
 0.00000e+00
 0.00000e+00
 0.00000e+00
 0.00000e+00
 0.00000e+00
 0.00000e+00
 0.00000e+00
 0.00000e+00
 0.00000e+00
 0.00000e+00
 0.00000e+00
 0.00000e+00
 0.00000e+00
 0.00000e+00
 0.00000e+00
 0.00000e+00
 0.00000e+00
 0.00000e+00
 0.00000e+00
 4.82333e-07
 3.95566e-07
 1.61284e-07
 0.00000e+00
 0.00000e+00
 0.00000e+00
 0.00000e+00
 0.00000e+00
 0.00000e+00
 0.00000e+00
 0.00000e+00
 0.00000e+00
 0.00000e+00
 0.00000e+00
 0.00000e+00
 0.00000e+00
 0.00000e+00
 0.00000e+00
 0.00000e+00
 0.00000e+00
 0.00000e+00
 0.00000e+00
 7.46631e-03
 8.92856e-03
 5.47722e-03
 1.93637e-03
 2.21122e-07
 9.65436e-09
 1.01401e-10
 3.52627e-12
 3.73499e-15
 3.78368e-29
 0.00000e+00
 0.00000e+00
 0.00000e+00
 0.00000e+00
 0.00000e+00
 0.00000e+00
 0.00000e+00
 0.00000e+00
 0.00000e+00
 0.00000e+00
 0.00000e+00
 0.00000e+00
 0.00000e+00
 0.00000e+00
 0.00000e+00
 0.00000e+00
 0.00000e+00
 0.00000e+00
 0.00000e+00
 0.00000e+00
 0.00000e+00
 0.00000e+00
 0.00000e+00
 0.00000e+00
 0.00000e+00
 0.00000e+00
 0.00000e+00
 0.00000e+00
 0.00000e+00
 0.00000e+00
 0.00000e+00
 0.00000e+00
 0.00000e+00
 0.00000e+00
 0.00000e+00
 0.00000e+00
 0.00000e+00
 0.00000e+00
 0.00000e+00
 0.00000e+00
 0.00000e+00
 0.00000e+00
 0.00000e+00
 0.00000e+00
 0.00000e+00
 0.00000e+00
 0.00000e+00
 0.00000e+00
 3.64685e-03
 8.75233e-03
 8.04588e-03
 4.34332e-03
 1.45424e-03
 1.45144e-07
 7.78068e-09
 7.46500e-11
 2.77528e-12
 3.08109e-15
 3.78368e-29
 0.00000e+00
 0.00000e+00
 0.00000e+00
 0.00000e+00
 0.00000e+00
 0.00000e+00
 0.00000e+00
 0.00000e+00
 0.00000e+00
 0.00000e+00
 0.00000e+00
 0.00000e+00
 0.00000e+00
 0.00000e+00
 0.00000e+00
 0.00000e+00
 0.00000e+00
 0.00000e+00
 0.00000e+00
 0.00000e+00
 0.00000e+00
 0.00000e+00
 0.00000e+00
 0.00000e+00
 0.00000e+00
 0.00000e+00
 0.00000e+00
 0.00000e+00
 0.00000e+00
 0.00000e+00
 0.00000e+00
 0.00000e+00
 0.00000e+00
 0.00000e+00
 0.00000e+00
 0.00000e+00
 0.00000e+00
 0.00000e+00
 0.00000e+00
 0.00000e+00
 0.00000e+00
 0.00000e+00
 0.00000e+00
 0.00000e+00
 0.00000e+00
 0.00000e+00
 0.00000e+00
 6.00344e-04
 6.92378e-03
 8.97828e-03
 6.60312e-03
 3.06027e-03
 9.83279e-04
 7.98250e-08
 5.62658e-09
 4.44809e-11
 1.70749e-12
 1.83979e-15
 2.73163e-29
 0.00000e+00
 0.00000e+00
 0.00000e+00
 0.00000e+00
 0.00000e+00
 0.00000e+00
 0.00000e+00
 0.00000e+00
 0.00000e+00
 0.00000e+00
 0.00000e+00
 0.00000e+00
 0.00000e+00
 0.00000e+00
 0.00000e+00
 0.00000e+00
 0.00000e+00
 0.00000e+00
 0.00000e+00
 0.00000e+00
 0.00000e+00
 0.00000e+00
 0.00000e+00
 0.00000e+00
 0.00000e+00
 0.00000e+00
 0.00000e+00
 0.00000e+00
 0.00000e+00
 0.00000e+00
 0.00000e+00
 0.00000e+00
 0.00000e+00
 0.00000e+00
 0.00000e+00
 0.00000e+00
 0.00000e+00
 0.00000e+00
 0.00000e+00
 0.00000e+00
 0.00000e+00
 0.00000e+00
 0.00000e+00
 0.00000e+00
 0.00000e+00
 0.00000e+00
 0.00000e+00
 5.53520e-03
 8.75800e-03
 7.80867e-03
 4.64140e-03
 1.87171e-03
 5.89730e-04
 3.58573e-08
 3.65651e-09
 2.10797e-11
 7.88804e-13
 5.98484e-16
 0.00000e+00
 0.00000e+00
 0.00000e+00
 0.00000e+00
 0.00000e+00
 0.00000e+00
 0.00000e+00
 0.00000e+00
 0.00000e+00
 0.00000e+00
 0.00000e+00
 0.00000e+00
 0.00000e+00
 0.00000e+00
 0.00000e+00
 0.00000e+00
 0.00000e+00
 0.00000e+00
 0.00000e+00
 0.00000e+00
 0.00000e+00
 0.00000e+00
 0.00000e+00
 0.00000e+00
 0.00000e+00
 0.00000e+00
 0.00000e+00
 0.00000e+00
 0.00000e+00
 0.00000e+00
 0.00000e+00
 0.00000e+00
 0.00000e+00
 0.00000e+00
 0.00000e+00
 0.00000e+00
 0.00000e+00
 0.00000e+00
 0.00000e+00
 0.00000e+00
 0.00000e+00
 0.00000e+00
 0.00000e+00
 0.00000e+00
 0.00000e+00
 0.00000e+00
 3.46267e-04
 5.34232e-03
 8.42550e-03
 8.14662e-03
 5.57668e-03
 2.69539e-03
 9.92833e-04
 1.10986e-07
 1.19024e-08
 2.11721e-09
 7.68113e-12
 2.44769e-13
 2.21661e-16
 0.00000e+00
 0.00000e+00
 0.00000e+00
 0.00000e+00
 0.00000e+00
 0.00000e+00
 0.00000e+00
 0.00000e+00
 0.00000e+00
 0.00000e+00
 0.00000e+00
 0.00000e+00
 0.00000e+00
 0.00000e+00
 0.00000e+00
 0.00000e+00
 0.00000e+00
 0.00000e+00
 0.00000e+00
 0.00000e+00
 0.00000e+00
 0.00000e+00
 0.00000e+00
 0.00000e+00
 0.00000e+00
 0.00000e+00
 0.00000e+00
 0.00000e+00
 0.00000e+00
 0.00000e+00
 0.00000e+00
 0.00000e+00
 0.00000e+00
 0.00000e+00
 0.00000e+00
 0.00000e+00
 0.00000e+00
 0.00000e+00
 0.00000e+00
 0.00000e+00
 0.00000e+00
 0.00000e+00
 0.00000e+00
 0.00000e+00
 0.00000e+00
 2.64283e-03
 6.32594e-03
 8.43087e-03
 7.91713e-03
 5.66858e-03
 3.04254e-03
 1.27309e-03
 4.62005e-04
 3.11291e-08
 3.72032e-09
 3.24407e-11
 1.98231e-12
 3.57096e-14
 4.67091e-27
 0.00000e+00
 0.00000e+00
 0.00000e+00
 0.00000e+00
 0.00000e+00
 0.00000e+00
 0.00000e+00
 0.00000e+00
 0.00000e+00
 0.00000e+00
 0.00000e+00
 0.00000e+00
 0.00000e+00
 0.00000e+00
 0.00000e+00
 0.00000e+00
 0.00000e+00
 0.00000e+00
 0.00000e+00
 0.00000e+00
 0.00000e+00
 0.00000e+00
 0.00000e+00
 0.00000e+00
 0.00000e+00
 0.00000e+00
 0.00000e+00
 0.00000e+00
 0.00000e+00
 0.00000e+00
 0.00000e+00
 0.00000e+00
 0.00000e+00
 0.00000e+00
 0.00000e+00
 0.00000e+00
 0.00000e+00
 0.00000e+00
 0.00000e+00
 0.00000e+00
 0.00000e+00
 0.00000e+00
 4.01195e-04
 3.11519e-03
 5.83829e-03
 7.83306e-03
 8.25287e-03
 7.10909e-03
 4.95500e-03
 2.76316e-03
 1.26387e-03
 5.07059e-04
 4.74969e-08
 7.00916e-09
 1.64118e-09
 6.74487e-12
 3.33201e-13
 6.53900e-16
 1.81494e-30
 0.00000e+00
 0.00000e+00
 0.00000e+00
 0.00000e+00
 0.00000e+00
 0.00000e+00
 0.00000e+00
 0.00000e+00
 0.00000e+00
 0.00000e+00
 0.00000e+00
 0.00000e+00
 0.00000e+00
 0.00000e+00
 0.00000e+00
 0.00000e+00
 0.00000e+00
 0.00000e+00
 0.00000e+00
 0.00000e+00
 0.00000e+00
 0.00000e+00
 0.00000e+00
 0.00000e+00
 0.00000e+00
 0.00000e+00
 0.00000e+00
 0.00000e+00
 0.00000e+00
 0.00000e+00
 0.00000e+00
 0.00000e+00
 0.00000e+00
 0.00000e+00
 0.00000e+00
 1.08106e-03
 1.29743e-03
 1.76782e-03
 2.46932e-03
 3.42924e-03
 4.69925e-03
 6.11676e-03
 7.30844e-03
 7.99701e-03
 7.90410e-03
 6.99374e-03
 5.37786e-03
 3.53772e-03
 1.97765e-03
 9.64231e-04
 4.26284e-04
 4.38200e-08
 7.69721e-09
 1.81714e-09
 1.14985e-11
 8.42979e-13
 1.88855e-14
 2.10578e-16
 0.00000e+00
 0.00000e+00
 0.00000e+00
 0.00000e+00
 0.00000e+00
 0.00000e+00
 0.00000e+00
 0.00000e+00
 0.00000e+00
 0.00000e+00
 0.00000e+00
 0.00000e+00
 0.00000e+00
 0.00000e+00
 0.00000e+00
 0.00000e+00
 0.00000e+00
 0.00000e+00
 0.00000e+00
 0.00000e+00
 0.00000e+00
 0.00000e+00
 0.00000e+00
 0.00000e+00
 0.00000e+00
 0.00000e+00
 0.00000e+00
 0.00000e+00
 0.00000e+00
 0.00000e+00
 0.00000e+00
 0.00000e+00
 0.00000e+00
 0.00000e+00
 0.00000e+00
 0.00000e+00
 0.00000e+00
 7.79275e-03
 7.77013e-03
 7.78087e-03
 7.72187e-03
 7.53892e-03
 7.13281e-03
 6.42820e-03
 5.41927e-03
 4.19890e-03
 2.95348e-03
 1.86083e-03
 1.06449e-03
 5.51905e-04
 2.73888e-04
 2.47699e-08
 5.36868e-09
 1.51866e-09
 1.08832e-11
 1.06506e-12
 4.93528e-14
 3.32491e-16
 0.00000e+00
 0.00000e+00
 0.00000e+00
 0.00000e+00
 0.00000e+00
 0.00000e+00
 0.00000e+00
 0.00000e+00
 0.00000e+00
 0.00000e+00
 0.00000e+00
 0.00000e+00
 0.00000e+00
 0.00000e+00
 0.00000e+00
 0.00000e+00
 0.00000e+00
 0.00000e+00
 0.00000e+00
 0.00000e+00
 0.00000e+00
 0.00000e+00
 0.00000e+00
 0.00000e+00
 0.00000e+00
 0.00000e+00
 0.00000e+00
 0.00000e+00
 0.00000e+00
 0.00000e+00
 0.00000e+00
 0.00000e+00
 0.00000e+00
 0.00000e+00
 0.00000e+00
 0.00000e+00
 0.00000e+00
 0.00000e+00
 0.00000e+00
 3.59275e-03
 3.46052e-03
 3.22884e-03
 2.88223e-03
 2.44810e-03
 1.95458e-03
 1.46843e-03
 1.02235e-03
 6.67676e-04
 4.07305e-04
 2.33345e-04
 2.76407e-08
 8.40998e-09
 2.39068e-09
 9.04869e-10
 5.46555e-12
 6.12927e-13
 3.44683e-14
 9.97474e-17
 0.00000e+00
 0.00000e+00
 0.00000e+00
 0.00000e+00
 0.00000e+00
 0.00000e+00
 0.00000e+00
 0.00000e+00
 0.00000e+00
 0.00000e+00
 0.00000e+00
 0.00000e+00
 0.00000e+00
 0.00000e+00
 0.00000e+00
 0.00000e+00
 0.00000e+00
 0.00000e+00
 0.00000e+00
 0.00000e+00
 0.00000e+00
 0.00000e+00
 0.00000e+00
 0.00000e+00
 0.00000e+00
 0.00000e+00
 0.00000e+00
 0.00000e+00
 0.00000e+00
 0.00000e+00
 0.00000e+00
 0.00000e+00
 0.00000e+00
 0.00000e+00
 0.00000e+00
 0.00000e+00
 0.00000e+00
 0.00000e+00
 0.00000e+00
 0.00000e+00
 0.00000e+00
 4.99138e-04
 4.73266e-04
 4.28119e-04
 3.66999e-04
 2.97034e-04
 2.27051e-04
 4.75301e-08
 2.37588e-08
 1.09675e-08
 4.79237e-09
 1.68890e-09
 8.29138e-10
 7.02499e-12
 1.24550e-12
 1.25826e-13
 5.57477e-15
 1.02846e-26
 0.00000e+00
 0.00000e+00
 0.00000e+00
 0.00000e+00
 0.00000e+00
 0.00000e+00
 0.00000e+00
 0.00000e+00
 0.00000e+00
 0.00000e+00
 0.00000e+00
 0.00000e+00
 0.00000e+00
 0.00000e+00
 0.00000e+00
 0.00000e+00
 0.00000e+00
 0.00000e+00
 0.00000e+00
 0.00000e+00
 0.00000e+00
 0.00000e+00
 0.00000e+00
 0.00000e+00
 0.00000e+00
 0.00000e+00
 0.00000e+00
 0.00000e+00
 0.00000e+00
 0.00000e+00
 0.00000e+00
 0.00000e+00
 0.00000e+00
 0.00000e+00
 0.00000e+00
 0.00000e+00
 0.00000e+00
 0.00000e+00
 0.00000e+00
 0.00000e+00
 0.00000e+00
 0.00000e+00
 0.00000e+00
 6.25145e-09
 5.72256e-09
 4.83380e-09
 3.77550e-09
 2.72677e-09
 1.28854e-09
 8.06697e-10
 1.85815e-11
 7.26870e-12
 2.30062e-12
 5.30070e-13
 6.99673e-14
 4.65488e-15
 1.10830e-16
 3.07616e-31
 0.00000e+00
 0.00000e+00
 0.00000e+00
 0.00000e+00
 0.00000e+00
 0.00000e+00
 0.00000e+00
 0.00000e+00
 0.00000e+00
 0.00000e+00
 0.00000e+00
 0.00000e+00
 0.00000e+00
 0.00000e+00
 0.00000e+00
 0.00000e+00
 0.00000e+00
 0.00000e+00
 0.00000e+00
 0.00000e+00
 0.00000e+00
 0.00000e+00
 0.00000e+00
 0.00000e+00
 0.00000e+00
 0.00000e+00
 0.00000e+00
 0.00000e+00
 0.00000e+00
 0.00000e+00
 0.00000e+00
 0.00000e+00
 0.00000e+00
 0.00000e+00
 0.00000e+00
 0.00000e+00
 0.00000e+00
 0.00000e+00
 0.00000e+00
 0.00000e+00
 0.00000e+00
 0.00000e+00
 0.00000e+00
 0.00000e+00
 0.00000e+00
 2.37335e-12
 2.09043e-12
 1.61615e-12
 1.08093e-12
 5.99184e-13
 2.57005e-13
 7.29486e-14
 1.27123e-14
 8.64477e-16
 1.27728e-25
 2.94248e-27
 0.00000e+00
 0.00000e+00
 0.00000e+00
 0.00000e+00
 0.00000e+00
 0.00000e+00
 0.00000e+00
 0.00000e+00
 0.00000e+00
 0.00000e+00
 0.00000e+00
 0.00000e+00
 0.00000e+00
 0.00000e+00
 0.00000e+00
 0.00000e+00
 0.00000e+00
 0.00000e+00
 0.00000e+00
 0.00000e+00
 0.00000e+00
 0.00000e+00
 0.00000e+00
 0.00000e+00
 0.00000e+00
 0.00000e+00
 0.00000e+00
 0.00000e+00
 0.00000e+00
 0.00000e+00
 0.00000e+00
 0.00000e+00
 0.00000e+00
 0.00000e+00
 0.00000e+00
 0.00000e+00
 0.00000e+00
 0.00000e+00
 0.00000e+00
 0.00000e+00
 0.00000e+00
 0.00000e+00
 0.00000e+00
 0.00000e+00
 0.00000e+00
 0.00000e+00
 0.00000e+00
 0.00000e+00
 0.00000e+00
 7.90482e-26
 5.80208e-26
 2.69143e-26
 2.10578e-16
 2.21661e-16
 7.69041e-32
 0.00000e+00
 0.00000e+00
 0.00000e+00
 0.00000e+00
 0.00000e+00
 0.00000e+00
 0.00000e+00
 0.00000e+00
 0.00000e+00
 0.00000e+00
 0.00000e+00
 0.00000e+00
 0.00000e+00
 0.00000e+00
 0.00000e+00
 0.00000e+00
 0.00000e+00
 0.00000e+00
 0.00000e+00
 0.00000e+00
 0.00000e+00
 0.00000e+00
 0.00000e+00
 0.00000e+00
 0.00000e+00
 0.00000e+00
 0.00000e+00
 0.00000e+00
 0.00000e+00
 0.00000e+00
 0.00000e+00
 0.00000e+00
 0.00000e+00
 0.00000e+00
 0.00000e+00
 0.00000e+00
 0.00000e+00
 0.00000e+00
 0.00000e+00
 0.00000e+00
 0.00000e+00
 0.00000e+00
 0.00000e+00
 0.00000e+00
 0.00000e+00
 0.00000e+00
 0.00000e+00
 0.00000e+00
 0.00000e+00
 0.00000e+00
 0.00000e+00
 0.00000e+00
 0.00000e+00
 0.00000e+00
 0.00000e+00
 0.00000e+00
 0.00000e+00
 0.00000e+00
 0.00000e+00
 0.00000e+00
 0.00000e+00
 0.00000e+00
 0.00000e+00
 0.00000e+00
 0.00000e+00
 0.00000e+00
 0.00000e+00
 0.00000e+00
 0.00000e+00
 0.00000e+00
 0.00000e+00
 0.00000e+00
 0.00000e+00
 0.00000e+00
 0.00000e+00
 0.00000e+00
 0.00000e+00
 0.00000e+00
 0.00000e+00
 0.00000e+00
 0.00000e+00
 0.00000e+00
 0.00000e+00
 0.00000e+00
 0.00000e+00
 0.00000e+00
 0.00000e+00
 0.00000e+00
 0.00000e+00
 0.00000e+00
 0.00000e+00
 0.00000e+00
 0.00000e+00
 0.00000e+00
 0.00000e+00
 0.00000e+00
 0.00000e+00
 0.00000e+00
 0.00000e+00
 0.00000e+00
 0.00000e+00
 0.00000e+00
 0.00000e+00
 0.00000e+00
 0.00000e+00
 0.00000e+00
 0.00000e+00
 0.00000e+00
 0.00000e+00
 0.00000e+00
 0.00000e+00
 0.00000e+00
 0.00000e+00
 0.00000e+00
 0.00000e+00
 0.00000e+00
 0.00000e+00
 0.00000e+00
 0.00000e+00
 0.00000e+00
 0.00000e+00
 0.00000e+00
 0.00000e+00
 0.00000e+00
 0.00000e+00
 0.00000e+00
 0.00000e+00
 0.00000e+00
 0.00000e+00
 0.00000e+00
 0.00000e+00
 0.00000e+00
 0.00000e+00
 0.00000e+00
 0.00000e+00
 0.00000e+00
 0.00000e+00
 0.00000e+00
 0.00000e+00
 0.00000e+00
 0.00000e+00
 0.00000e+00
 0.00000e+00
 0.00000e+00
 0.00000e+00
 0.00000e+00
 0.00000e+00
 0.00000e+00
 0.00000e+00
 0.00000e+00
 0.00000e+00
 0.00000e+00
 0.00000e+00
 0.00000e+00
 0.00000e+00
 0.00000e+00
 0.00000e+00
 0.00000e+00
 0.00000e+00
 0.00000e+00
 0.00000e+00
 0.00000e+00
 0.00000e+00
 0.00000e+00
 0.00000e+00
 0.00000e+00
 0.00000e+00
 0.00000e+00
 0.00000e+00
 0.00000e+00
 0.00000e+00
 0.00000e+00
 0.00000e+00
 0.00000e+00
 0.00000e+00
 0.00000e+00
 0.00000e+00
 0.00000e+00
 0.00000e+00
 0.00000e+00
 0.00000e+00
 0.00000e+00
 0.00000e+00
 0.00000e+00
 0.00000e+00
 0.00000e+00
 0.00000e+00
 0.00000e+00
 0.00000e+00
 0.00000e+00
 0.00000e+00
 0.00000e+00
 0.00000e+00
 0.00000e+00
 0.00000e+00
 0.00000e+00
 0.00000e+00
 0.00000e+00
 0.00000e+00
 0.00000e+00
 0.00000e+00
 0.00000e+00
 0.00000e+00
 0.00000e+00
 0.00000e+00
 0.00000e+00
 0.00000e+00
 0.00000e+00
 0.00000e+00
 0.00000e+00
 0.00000e+00
 0.00000e+00
 0.00000e+00
 0.00000e+00
 0.00000e+00
 0.00000e+00
 0.00000e+00
 0.00000e+00
 0.00000e+00
 0.00000e+00
 0.00000e+00
 0.00000e+00
 0.00000e+00
 0.00000e+00
 0.00000e+00
 0.00000e+00
 0.00000e+00
 0.00000e+00
 0.00000e+00
 0.00000e+00
 0.00000e+00
 0.00000e+00
 0.00000e+00
 0.00000e+00
 0.00000e+00
 0.00000e+00
 0.00000e+00
 0.00000e+00
 0.00000e+00
 0.00000e+00
 0.00000e+00
 0.00000e+00
 0.00000e+00
 0.00000e+00
 0.00000e+00
 0.00000e+00
 0.00000e+00
 0.00000e+00
 0.00000e+00
 0.00000e+00
 0.00000e+00
 0.00000e+00
 0.00000e+00
 0.00000e+00
 0.00000e+00
 0.00000e+00
 0.00000e+00
 0.00000e+00
 0.00000e+00
 0.00000e+00
 0.00000e+00
 0.00000e+00
 0.00000e+00
 0.00000e+00
 0.00000e+00
 0.00000e+00
 0.00000e+00
 0.00000e+00
 0.00000e+00
 0.00000e+00
 0.00000e+00
 0.00000e+00
 0.00000e+00
 0.00000e+00
 0.00000e+00
 0.00000e+00
 0.00000e+00
 0.00000e+00
 0.00000e+00
 0.00000e+00
 0.00000e+00
 0.00000e+00
 0.00000e+00
 0.00000e+00
 0.00000e+00
 0.00000e+00
 0.00000e+00
 0.00000e+00
 0.00000e+00
 0.00000e+00
 0.00000e+00
 0.00000e+00
 0.00000e+00
 0.00000e+00
 0.00000e+00
 0.00000e+00
 0.00000e+00
 0.00000e+00
 0.00000e+00
 0.00000e+00
 0.00000e+00
 0.00000e+00
 0.00000e+00
 0.00000e+00
 0.00000e+00
 0.00000e+00
 0.00000e+00
 0.00000e+00
 0.00000e+00
 0.00000e+00
 0.00000e+00
 0.00000e+00
 0.00000e+00
 0.00000e+00
 0.00000e+00
 0.00000e+00
 0.00000e+00
 0.00000e+00
 0.00000e+00
 0.00000e+00
 0.00000e+00
 0.00000e+00
 0.00000e+00
 0.00000e+00
 0.00000e+00
 0.00000e+00
 0.00000e+00
 0.00000e+00
 0.00000e+00
 0.00000e+00
 0.00000e+00
 0.00000e+00
 0.00000e+00
 0.00000e+00
 0.00000e+00
 0.00000e+00
 0.00000e+00
 0.00000e+00
 0.00000e+00
 0.00000e+00
 0.00000e+00
 0.00000e+00
 0.00000e+00
 0.00000e+00
 0.00000e+00
 0.00000e+00
 0.00000e+00
 0.00000e+00
 0.00000e+00
 0.00000e+00
 0.00000e+00
 0.00000e+00
 0.00000e+00
 0.00000e+00
 0.00000e+00
 0.00000e+00
 0.00000e+00
 0.00000e+00
 0.00000e+00
 0.00000e+00
 0.00000e+00
 0.00000e+00
 0.00000e+00
 0.00000e+00
 0.00000e+00
 0.00000e+00
 0.00000e+00
 0.00000e+00
 0.00000e+00
 0.00000e+00
 0.00000e+00
 0.00000e+00
 0.00000e+00
 0.00000e+00
 0.00000e+00
 0.00000e+00
 0.00000e+00
 0.00000e+00
 0.00000e+00
 0.00000e+00
 0.00000e+00
 0.00000e+00
 0.00000e+00
 0.00000e+00
 0.00000e+00
 0.00000e+00
 0.00000e+00
 0.00000e+00
 0.00000e+00
 0.00000e+00
 0.00000e+00
 0.00000e+00
 0.00000e+00
 0.00000e+00
 0.00000e+00
 0.00000e+00
 0.00000e+00
 0.00000e+00
 0.00000e+00
 0.00000e+00
 0.00000e+00
 0.00000e+00
 0.00000e+00
 0.00000e+00
 0.00000e+00
 0.00000e+00
 0.00000e+00
 0.00000e+00
 0.00000e+00
 0.00000e+00
 0.00000e+00
 0.00000e+00
 0.00000e+00
 0.00000e+00
 0.00000e+00
 0.00000e+00
 0.00000e+00
 0.00000e+00
 0.00000e+00
 0.00000e+00
 0.00000e+00
 0.00000e+00
 0.00000e+00
 0.00000e+00
 0.00000e+00
 0.00000e+00
 0.00000e+00
 0.00000e+00
 0.00000e+00
 0.00000e+00
 0.00000e+00
 0.00000e+00
 0.00000e+00
 0.00000e+00
 0.00000e+00
 0.00000e+00
 0.00000e+00
 0.00000e+00
 0.00000e+00
 0.00000e+00
 0.00000e+00
 0.00000e+00
 0.00000e+00
 0.00000e+00
 0.00000e+00
 0.00000e+00
 0.00000e+00
 0.00000e+00
 0.00000e+00
 0.00000e+00
 0.00000e+00
 0.00000e+00
 0.00000e+00
 0.00000e+00
 0.00000e+00
 0.00000e+00
 0.00000e+00
 0.00000e+00
 0.00000e+00
 0.00000e+00
 0.00000e+00
 0.00000e+00
 0.00000e+00
 0.00000e+00
 0.00000e+00
 0.00000e+00
 0.00000e+00
 0.00000e+00
 0.00000e+00
 0.00000e+00
 0.00000e+00
 0.00000e+00
 0.00000e+00
 0.00000e+00
 0.00000e+00
 0.00000e+00
 0.00000e+00
 0.00000e+00
 0.00000e+00
 0.00000e+00
 0.00000e+00
 0.00000e+00
 0.00000e+00
 0.00000e+00
 0.00000e+00
 0.00000e+00
 0.00000e+00
 0.00000e+00
 0.00000e+00
 0.00000e+00
 0.00000e+00
 0.00000e+00
 0.00000e+00
 0.00000e+00
 0.00000e+00
 0.00000e+00
 0.00000e+00
 0.00000e+00
 0.00000e+00
 0.00000e+00
 0.00000e+00
 0.00000e+00
 0.00000e+00
 0.00000e+00
 0.00000e+00
 0.00000e+00
 0.00000e+00
 0.00000e+00
 0.00000e+00
 0.00000e+00
 0.00000e+00
 0.00000e+00
 0.00000e+00
 0.00000e+00
 0.00000e+00
 0.00000e+00
 0.00000e+00
 0.00000e+00
 0.00000e+00
 0.00000e+00
 0.00000e+00
 0.00000e+00
 0.00000e+00
 0.00000e+00
 0.00000e+00
 0.00000e+00
 0.00000e+00
 0.00000e+00
 0.00000e+00
 0.00000e+00
 0.00000e+00
 0.00000e+00
 0.00000e+00
 0.00000e+00
 0.00000e+00
 0.00000e+00
 0.00000e+00
 0.00000e+00
 0.00000e+00
 0.00000e+00
 0.00000e+00
 0.00000e+00
 0.00000e+00
 0.00000e+00
 0.00000e+00
 0.00000e+00
 0.00000e+00
 0.00000e+00
 0.00000e+00
 0.00000e+00
 0.00000e+00
 0.00000e+00
 0.00000e+00
 0.00000e+00
 0.00000e+00
 0.00000e+00
 0.00000e+00
 0.00000e+00
 0.00000e+00
 0.00000e+00
 0.00000e+00
 0.00000e+00
 0.00000e+00
 0.00000e+00
 0.00000e+00
 0.00000e+00
 0.00000e+00
 0.00000e+00
 0.00000e+00
 0.00000e+00
 0.00000e+00
 0.00000e+00
 0.00000e+00
 0.00000e+00
 0.00000e+00
 0.00000e+00
 0.00000e+00
 0.00000e+00
 0.00000e+00
 0.00000e+00
 0.00000e+00
 0.00000e+00
 0.00000e+00
 0.00000e+00
 0.00000e+00
 0.00000e+00
 0.00000e+00
 0.00000e+00
 0.00000e+00
 0.00000e+00
 0.00000e+00
 0.00000e+00
 0.00000e+00
 0.00000e+00
 0.00000e+00
 0.00000e+00
 0.00000e+00
 0.00000e+00
 0.00000e+00
 0.00000e+00
 0.00000e+00
 0.00000e+00
 0.00000e+00
 0.00000e+00
 0.00000e+00
 0.00000e+00
 0.00000e+00
 0.00000e+00
 0.00000e+00
 0.00000e+00
 0.00000e+00
 0.00000e+00
 0.00000e+00
 0.00000e+00
 0.00000e+00
 0.00000e+00
 0.00000e+00
 0.00000e+00
 0.00000e+00
 0.00000e+00
 0.00000e+00
 0.00000e+00
 0.00000e+00
 0.00000e+00
 0.00000e+00
 0.00000e+00
 0.00000e+00
 0.00000e+00
 0.00000e+00
 0.00000e+00
 0.00000e+00
 0.00000e+00
 0.00000e+00
 0.00000e+00
 0.00000e+00
 0.00000e+00
 0.00000e+00
 0.00000e+00
 0.00000e+00
 0.00000e+00
 0.00000e+00
 0.00000e+00
 0.00000e+00
 0.00000e+00
 0.00000e+00
 0.00000e+00
 0.00000e+00
 0.00000e+00
 0.00000e+00
 0.00000e+00
 0.00000e+00
 0.00000e+00
 0.00000e+00
 0.00000e+00
 0.00000e+00
 0.00000e+00
 0.00000e+00
 0.00000e+00
 0.00000e+00
 0.00000e+00
 0.00000e+00
 0.00000e+00
 0.00000e+00
 0.00000e+00
 0.00000e+00
 0.00000e+00
 0.00000e+00
 0.00000e+00
 0.00000e+00
 0.00000e+00
 0.00000e+00
 0.00000e+00
 0.00000e+00
 0.00000e+00
 0.00000e+00
 0.00000e+00
 0.00000e+00
 0.00000e+00
 0.00000e+00
 0.00000e+00
 0.00000e+00
 0.00000e+00
 0.00000e+00
 0.00000e+00
 0.00000e+00
 0.00000e+00
 0.00000e+00
 0.00000e+00
 0.00000e+00
 0.00000e+00
 0.00000e+00
 0.00000e+00
 0.00000e+00
 0.00000e+00
 0.00000e+00
 0.00000e+00
 0.00000e+00
 0.00000e+00
 0.00000e+00
 0.00000e+00
 0.00000e+00
 0.00000e+00
 0.00000e+00
 0.00000e+00
 0.00000e+00
 0.00000e+00
 0.00000e+00
 0.00000e+00
 0.00000e+00
 0.00000e+00
 0.00000e+00
 0.00000e+00
 0.00000e+00
 0.00000e+00
 0.00000e+00
 0.00000e+00
 0.00000e+00
 0.00000e+00
 0.00000e+00
 0.00000e+00
 0.00000e+00
 0.00000e+00
 0.00000e+00
 0.00000e+00
 0.00000e+00
 0.00000e+00
 0.00000e+00
 0.00000e+00
 0.00000e+00
 0.00000e+00
 0.00000e+00
 0.00000e+00
 0.00000e+00
 0.00000e+00
 0.00000e+00
 0.00000e+00
 0.00000e+00
 0.00000e+00
 0.00000e+00
 0.00000e+00
 0.00000e+00
 0.00000e+00
 0.00000e+00
 0.00000e+00
 0.00000e+00
 0.00000e+00
 0.00000e+00
 0.00000e+00
 0.00000e+00
 0.00000e+00
 0.00000e+00
 0.00000e+00
 0.00000e+00
 0.00000e+00
 0.00000e+00
 0.00000e+00
 0.00000e+00
 0.00000e+00
 0.00000e+00
 0.00000e+00
 0.00000e+00
 0.00000e+00
 0.00000e+00
 0.00000e+00
 0.00000e+00
 0.00000e+00
 0.00000e+00
 0.00000e+00
 0.00000e+00
 0.00000e+00
 0.00000e+00
 0.00000e+00
 0.00000e+00
 0.00000e+00
 0.00000e+00
 0.00000e+00
 0.00000e+00
 0.00000e+00
 0.00000e+00
 0.00000e+00
 0.00000e+00
 0.00000e+00
 0.00000e+00
 0.00000e+00
 0.00000e+00
 0.00000e+00
 0.00000e+00
 0.00000e+00
 0.00000e+00
 0.00000e+00
 0.00000e+00
 0.00000e+00
 0.00000e+00
 0.00000e+00
 0.00000e+00
 0.00000e+00
 0.00000e+00
 0.00000e+00
 0.00000e+00
 0.00000e+00
 0.00000e+00
 0.00000e+00
 0.00000e+00
 0.00000e+00
 0.00000e+00
 0.00000e+00
 0.00000e+00
 0.00000e+00
 0.00000e+00
 0.00000e+00
 0.00000e+00
 0.00000e+00
 0.00000e+00
 0.00000e+00
 0.00000e+00
 0.00000e+00
 0.00000e+00
 0.00000e+00
 0.00000e+00
 0.00000e+00
 0.00000e+00
 0.00000e+00
 0.00000e+00
 0.00000e+00
 0.00000e+00
 0.00000e+00
 0.00000e+00
 0.00000e+00
 0.00000e+00
 0.00000e+00
 0.00000e+00
 0.00000e+00
 0.00000e+00
 0.00000e+00
 0.00000e+00
 0.00000e+00
 0.00000e+00
 0.00000e+00
 0.00000e+00
 0.00000e+00
 0.00000e+00
 0.00000e+00
 0.00000e+00
 0.00000e+00
 0.00000e+00
 0.00000e+00
 0.00000e+00
 0.00000e+00
 0.00000e+00
 0.00000e+00
 0.00000e+00
 0.00000e+00
 0.00000e+00
 0.00000e+00
 0.00000e+00
 0.00000e+00
 0.00000e+00
 0.00000e+00
 0.00000e+00
 0.00000e+00
 0.00000e+00
 0.00000e+00
 0.00000e+00
 0.00000e+00
 0.00000e+00
 0.00000e+00
 0.00000e+00
 0.00000e+00
 0.00000e+00
 0.00000e+00
 0.00000e+00
 0.00000e+00
 0.00000e+00
 0.00000e+00
 0.00000e+00
 0.00000e+00
 0.00000e+00
 0.00000e+00
 0.00000e+00
 0.00000e+00
 0.00000e+00
 0.00000e+00
 0.00000e+00
 0.00000e+00
 0.00000e+00
 0.00000e+00
 0.00000e+00
 0.00000e+00
 0.00000e+00
 0.00000e+00
 0.00000e+00
 0.00000e+00
 0.00000e+00
 0.00000e+00
 0.00000e+00
 0.00000e+00
 0.00000e+00
 0.00000e+00
 0.00000e+00
 0.00000e+00
 0.00000e+00
 0.00000e+00
 0.00000e+00
 0.00000e+00
 0.00000e+00
 0.00000e+00
 0.00000e+00
 0.00000e+00
 0.00000e+00
 0.00000e+00
 0.00000e+00
 0.00000e+00
 0.00000e+00
 0.00000e+00
 0.00000e+00
 0.00000e+00
 0.00000e+00
 0.00000e+00
 0.00000e+00
 0.00000e+00
 0.00000e+00
 0.00000e+00
 0.00000e+00
 0.00000e+00
 0.00000e+00
 0.00000e+00
 0.00000e+00
 0.00000e+00
 0.00000e+00
 0.00000e+00
 0.00000e+00
 0.00000e+00
 0.00000e+00
 0.00000e+00
 0.00000e+00
 0.00000e+00
 0.00000e+00
 0.00000e+00
 0.00000e+00
 0.00000e+00
 0.00000e+00
 0.00000e+00
 0.00000e+00
 0.00000e+00
 0.00000e+00
 0.00000e+00
 0.00000e+00
 0.00000e+00
 0.00000e+00
 0.00000e+00
 0.00000e+00
 0.00000e+00
 0.00000e+00
 0.00000e+00
 0.00000e+00
 0.00000e+00
 0.00000e+00
 0.00000e+00
 0.00000e+00
 0.00000e+00
 0.00000e+00
 0.00000e+00
 0.00000e+00
 0.00000e+00
 0.00000e+00
 0.00000e+00
 0.00000e+00
 0.00000e+00
 0.00000e+00
 0.00000e+00
 0.00000e+00
 0.00000e+00
 0.00000e+00
 0.00000e+00
 0.00000e+00
 0.00000e+00
 0.00000e+00
 0.00000e+00
 0.00000e+00
 0.00000e+00
 0.00000e+00
 0.00000e+00
 0.00000e+00
 0.00000e+00
 0.00000e+00
 0.00000e+00
 0.00000e+00
 0.00000e+00
 0.00000e+00
 0.00000e+00
 0.00000e+00
 0.00000e+00
 0.00000e+00
 0.00000e+00
 0.00000e+00
 0.00000e+00
 0.00000e+00
 0.00000e+00
 0.00000e+00
 0.00000e+00
 0.00000e+00
 0.00000e+00
 0.00000e+00
 0.00000e+00
 0.00000e+00
 0.00000e+00
 0.00000e+00
 0.00000e+00
 0.00000e+00
 0.00000e+00
 0.00000e+00
 0.00000e+00
 0.00000e+00
 0.00000e+00
