NodeMass
part
         1
coordinates
 5.00000e-07
 1.00000e-06
 1.00000e-06
 1.00000e-06
 1.00000e-06
 1.00000e-06
 1.00000e-06
 1.00000e-06
 1.00000e-06
 1.00000e-06
 1.00000e-06
 1.00000e-06
 1.00000e-06
 1.00000e-06
 1.00000e-06
 1.00000e-06
 1.00000e-06
 9.99999e-07
 9.99992e-07
 9.99957e-07
 9.99797e-07
 9.99146e-07
 9.96873e-07
 9.90337e-07
 9.75569e-07
 9.50060e-07
 9.15697e-07
 8.77140e-07
 1.00000e-06
 2.00000e-06
 2.00000e-06
 2.00000e-06
 2.00000e-06
 2.00000e-06
 2.00000e-06
 2.00000e-06
 2.00000e-06
 2.00000e-06
 2.00000e-06
 2.00000e-06
 2.00000e-06
 2.00000e-06
 2.00000e-06
 2.00000e-06
 2.00000e-06
 2.00000e-06
 1.99998e-06
 1.99991e-06
 1.99959e-06
 1.99829e-06
 1.99375e-06
 1.98067e-06
 1.95114e-06
 1.90012e-06
 1.83139e-06
 1.75428e-06
 1.00000e-06
 2.00000e-06
 2.00000e-06
 2.00000e-06
 2.00000e-06
 2.00000e-06
 2.00000e-06
 2.00000e-06
 2.00000e-06
 2.00000e-06
 2.00000e-06
 2.00000e-06
 2.00000e-06
 2.00000e-06
 2.00000e-06
 2.00000e-06
 2.00000e-06
 2.00000e-06
 1.99998e-06
 1.99991e-06
 1.99959e-06
 1.99829e-06
 1.99375e-06
 1.98067e-06
 1.95114e-06
 1.90012e-06
 1.83139e-06
 1.75428e-06
 1.00000e-06
 2.00000e-06
 2.00000e-06
 2.00000e-06
 2.00000e-06
 2.00000e-06
 2.00000e-06
 2.00000e-06
 2.00000e-06
 2.00000e-06
 2.00000e-06
 2.00000e-06
 2.00000e-06
 2.00000e-06
 2.00000e-06
 2.00000e-06
 2.00000e-06
 2.00000e-06
 1.99998e-06
 1.99991e-06
 1.99959e-06
 1.99829e-06
 1.99375e-06
 1.98067e-06
 1.95114e-06
 1.90012e-06
 1.83139e-06
 1.75428e-06
 1.00000e-06
 2.00000e-06
 2.00000e-06
 2.00000e-06
 2.00000e-06
 2.00000e-06
 2.00000e-06
 2.00000e-06
 2.00000e-06
 2.00000e-06
 2.00000e-06
 2.00000e-06
 2.00000e-06
 2.00000e-06
 2.00000e-06
 2.00000e-06
 2.00000e-06
 2.00000e-06
 1.99998e-06
 1.99991e-06
 1.99959e-06
 1.99829e-06
 1.99375e-06
 1.98067e-06
 1.95114e-06
 1.90012e-06
 1.83139e-06
 1.75428e-06
 5.00000e-07
 1.00000e-06
 1.00000e-06
 1.00000e-06
 1.00000e-06
 1.00000e-06
 1.00000e-06
 1.00000e-06
 1.00000e-06
 1.00000e-06
 1.00000e-06
 1.00000e-06
 1.00000e-06
 1.00000e-06
 1.00000e-06
 1.00000e-06
 1.00000e-06
 9.99999e-07
 9.99992e-07
 9.99957e-07
 9.99797e-07
 9.99146e-07
 9.96873e-07
 9.90337e-07
 9.75569e-07
 9.50060e-07
 9.15697e-07
 8.77140e-07
 1.00000e-06
 2.00000e-06
 2.00000e-06
 2.00000e-06
 2.00000e-06
 2.00000e-06
 2.00000e-06
 2.00000e-06
 2.00000e-06
 2.00000e-06
 2.00000e-06
 2.00000e-06
 2.00000e-06
 2.00000e-06
 2.00000e-06
 2.00000e-06
 2.00000e-06
 2.00000e-06
 1.99998e-06
 1.99991e-06
 1.99959e-06
 1.99829e-06
 1.99375e-06
 1.98067e-06
 1.95114e-06
 1.90012e-06
 1.83139e-06
 1.75428e-06
 2.00000e-06
 4.00000e-06
 4.00000e-06
 4.00000e-06
 4.00000e-06
 4.00000e-06
 4.00000e-06
 4.00000e-06
 4.00000e-06
 4.00000e-06
 4.00000e-06
 4.00000e-06
 4.00000e-06
 4.00000e-06
 4.00000e-06
 4.00000e-06
 4.00000e-06
 3.99999e-06
 3.99997e-06
 3.99983e-06
 3.99919e-06
 3.99658e-06
 3.98749e-06
 3.96135e-06
 3.90228e-06
 3.80024e-06
 3.66279e-06
 3.50856e-06
 2.00000e-06
 4.00000e-06
 4.00000e-06
 4.00000e-06
 4.00000e-06
 4.00000e-06
 4.00000e-06
 4.00000e-06
 4.00000e-06
 4.00000e-06
 4.00000e-06
 4.00000e-06
 4.00000e-06
 4.00000e-06
 4.00000e-06
 4.00000e-06
 4.00000e-06
 3.99999e-06
 3.99997e-06
 3.99983e-06
 3.99919e-06
 3.99658e-06
 3.98749e-06
 3.96135e-06
 3.90228e-06
 3.80024e-06
 3.66279e-06
 3.50856e-06
 2.00000e-06
 4.00000e-06
 4.00000e-06
 4.00000e-06
 4.00000e-06
 4.00000e-06
 4.00000e-06
 4.00000e-06
 4.00000e-06
 4.00000e-06
 4.00000e-06
 4.00000e-06
 4.00000e-06
 4.00000e-06
 4.00000e-06
 4.00000e-06
 4.00000e-06
 3.99999e-06
 3.99997e-06
 3.99983e-06
 3.99919e-06
 3.99658e-06
 3.98749e-06
 3.96135e-06
 3.90228e-06
 3.80024e-06
 3.66279e-06
 3.50856e-06
 2.00000e-06
 4.00000e-06
 4.00000e-06
 4.00000e-06
 4.00000e-06
 4.00000e-06
 4.00000e-06
 4.00000e-06
 4.00000e-06
 4.00000e-06
 4.00000e-06
 4.00000e-06
 4.00000e-06
 4.00000e-06
 4.00000e-06
 4.00000e-06
 4.00000e-06
 3.99999e-06
 3.99997e-06
 3.99983e-06
 3.99919e-06
 3.99658e-06
 3.98749e-06
 3.96135e-06
 3.90228e-06
 3.80024e-06
 3.66279e-06
 3.50856e-06
 1.00000e-06
 2.00000e-06
 2.00000e-06
 2.00000e-06
 2.00000e-06
 2.00000e-06
 2.00000e-06
 2.00000e-06
 2.00000e-06
 2.00000e-06
 2.00000e-06
 2.00000e-06
 2.00000e-06
 2.00000e-06
 2.00000e-06
 2.00000e-06
 2.00000e-06
 2.00000e-06
 1.99998e-06
 1.99991e-06
 1.99959e-06
 1.99829e-06
 1.99375e-06
 1.98067e-06
 1.95114e-06
 1.90012e-06
 1.83139e-06
 1.75428e-06
 1.00000e-06
 2.00000e-06
 2.00000e-06
 2.00000e-06
 2.00000e-06
 2.00000e-06
 2.00000e-06
 2.00000e-06
 2.00000e-06
 2.00000e-06
 2.00000e-06
 2.00000e-06
 2.00000e-06
 2.00000e-06
 2.00000e-06
 2.00000e-06
 2.00000e-06
 2.00000e-06
 1.99998e-06
 1.99991e-06
 1.99959e-06
 1.99829e-06
 1.99375e-06
 1.98067e-06
 1.95114e-06
 1.90012e-06
 1.83139e-06
 1.75428e-06
 2.00000e-06
 4.00000e-06
 4.00000e-06
 4.00000e-06
 4.00000e-06
 4.00000e-06
 4.00000e-06
 4.00000e-06
 4.00000e-06
 4.00000e-06
 4.00000e-06
 4.00000e-06
 4.00000e-06
 4.00000e-06
 4.00000e-06
 4.00000e-06
 4.00000e-06
 3.99999e-06
 3.99997e-06
 3.99983e-06
 3.99919e-06
 3.99658e-06
 3.98749e-06
 3.96135e-06
 3.90228e-06
 3.80024e-06
 3.66279e-06
 3.50856e-06
 2.00000e-06
 4.00000e-06
 4.00000e-06
 4.00000e-06
 4.00000e-06
 4.00000e-06
 4.00000e-06
 4.00000e-06
 4.00000e-06
 4.00000e-06
 4.00000e-06
 4.00000e-06
 4.00000e-06
 4.00000e-06
 4.00000e-06
 4.00000e-06
 4.00000e-06
 3.99999e-06
 3.99997e-06
 3.99983e-06
 3.99919e-06
 3.99658e-06
 3.98749e-06
 3.96135e-06
 3.90228e-06
 3.80024e-06
 3.66279e-06
 3.50856e-06
 2.00000e-06
 4.00000e-06
 4.00000e-06
 4.00000e-06
 4.00000e-06
 4.00000e-06
 4.00000e-06
 4.00000e-06
 4.00000e-06
 4.00000e-06
 4.00000e-06
 4.00000e-06
 4.00000e-06
 4.00000e-06
 4.00000e-06
 4.00000e-06
 4.00000e-06
 3.99999e-06
 3.99997e-06
 3.99983e-06
 3.99919e-06
 3.99658e-06
 3.98749e-06
 3.96135e-06
 3.90228e-06
 3.80024e-06
 3.66279e-06
 3.50856e-06
 2.00000e-06
 4.00000e-06
 4.00000e-06
 4.00000e-06
 4.00000e-06
 4.00000e-06
 4.00000e-06
 4.00000e-06
 4.00000e-06
 4.00000e-06
 4.00000e-06
 4.00000e-06
 4.00000e-06
 4.00000e-06
 4.00000e-06
 4.00000e-06
 4.00000e-06
 3.99999e-06
 3.99997e-06
 3.99983e-06
 3.99919e-06
 3.99658e-06
 3.98749e-06
 3.96135e-06
 3.90228e-06
 3.80024e-06
 3.66279e-06
 3.50856e-06
 1.00000e-06
 2.00000e-06
 2.00000e-06
 2.00000e-06
 2.00000e-06
 2.00000e-06
 2.00000e-06
 2.00000e-06
 2.00000e-06
 2.00000e-06
 2.00000e-06
 2.00000e-06
 2.00000e-06
 2.00000e-06
 2.00000e-06
 2.00000e-06
 2.00000e-06
 2.00000e-06
 1.99998e-06
 1.99991e-06
 1.99959e-06
 1.99829e-06
 1.99375e-06
 1.98067e-06
 1.95114e-06
 1.90012e-06
 1.83139e-06
 1.75428e-06
 1.00000e-06
 2.00000e-06
 2.00000e-06
 2.00000e-06
 2.00000e-06
 2.00000e-06
 2.00000e-06
 2.00000e-06
 2.00000e-06
 2.00000e-06
 2.00000e-06
 2.00000e-06
 2.00000e-06
 2.00000e-06
 2.00000e-06
 2.00000e-06
 2.00000e-06
 2.00000e-06
 1.99998e-06
 1.99991e-06
 1.99959e-06
 1.99829e-06
 1.99375e-06
 1.98067e-06
 1.95114e-06
 1.90012e-06
 1.83139e-06
 1.75428e-06
 2.00000e-06
 4.00000e-06
 4.00000e-06
 4.00000e-06
 4.00000e-06
 4.00000e-06
 4.00000e-06
 4.00000e-06
 4.00000e-06
 4.00000e-06
 4.00000e-06
 4.00000e-06
 4.00000e-06
 4.00000e-06
 4.00000e-06
 4.00000e-06
 4.00000e-06
 3.99999e-06
 3.99997e-06
 3.99983e-06
 3.99919e-06
 3.99658e-06
 3.98749e-06
 3.96135e-06
 3.90228e-06
 3.80024e-06
 3.66279e-06
 3.50856e-06
 2.00000e-06
 4.00000e-06
 4.00000e-06
 4.00000e-06
 4.00000e-06
 4.00000e-06
 4.00000e-06
 4.00000e-06
 4.00000e-06
 4.00000e-06
 4.00000e-06
 4.00000e-06
 4.00000e-06
 4.00000e-06
 4.00000e-06
 4.00000e-06
 4.00000e-06
 3.99999e-06
 3.99997e-06
 3.99983e-06
 3.99919e-06
 3.99658e-06
 3.98749e-06
 3.96135e-06
 3.90228e-06
 3.80024e-06
 3.66279e-06
 3.50856e-06
 2.00000e-06
 4.00000e-06
 4.00000e-06
 4.00000e-06
 4.00000e-06
 4.00000e-06
 4.00000e-06
 4.00000e-06
 4.00000e-06
 4.00000e-06
 4.00000e-06
 4.00000e-06
 4.00000e-06
 4.00000e-06
 4.00000e-06
 4.00000e-06
 4.00000e-06
 3.99999e-06
 3.99997e-06
 3.99983e-06
 3.99919e-06
 3.99658e-06
 3.98749e-06
 3.96135e-06
 3.90228e-06
 3.80024e-06
 3.66279e-06
 3.50856e-06
 2.00000e-06
 4.00000e-06
 4.00000e-06
 4.00000e-06
 4.00000e-06
 4.00000e-06
 4.00000e-06
 4.00000e-06
 4.00000e-06
 4.00000e-06
 4.00000e-06
 4.00000e-06
 4.00000e-06
 4.00000e-06
 4.00000e-06
 4.00000e-06
 4.00000e-06
 3.99999e-06
 3.99997e-06
 3.99983e-06
 3.99919e-06
 3.99658e-06
 3.98749e-06
 3.96135e-06
 3.90228e-06
 3.80024e-06
 3.66279e-06
 3.50856e-06
 1.00000e-06
 2.00000e-06
 2.00000e-06
 2.00000e-06
 2.00000e-06
 2.00000e-06
 2.00000e-06
 2.00000e-06
 2.00000e-06
 2.00000e-06
 2.00000e-06
 2.00000e-06
 2.00000e-06
 2.00000e-06
 2.00000e-06
 2.00000e-06
 2.00000e-06
 2.00000e-06
 1.99998e-06
 1.99991e-06
 1.99959e-06
 1.99829e-06
 1.99375e-06
 1.98067e-06
 1.95114e-06
 1.90012e-06
 1.83139e-06
 1.75428e-06
 1.00000e-06
 2.00000e-06
 2.00000e-06
 2.00000e-06
 2.00000e-06
 2.00000e-06
 2.00000e-06
 2.00000e-06
 2.00000e-06
 2.00000e-06
 2.00000e-06
 2.00000e-06
 2.00000e-06
 2.00000e-06
 2.00000e-06
 2.00000e-06
 2.00000e-06
 2.00000e-06
 1.99998e-06
 1.99991e-06
 1.99959e-06
 1.99829e-06
 1.99375e-06
 1.98067e-06
 1.95114e-06
 1.90012e-06
 1.83139e-06
 1.75428e-06
 2.00000e-06
 4.00000e-06
 4.00000e-06
 4.00000e-06
 4.00000e-06
 4.00000e-06
 4.00000e-06
 4.00000e-06
 4.00000e-06
 4.00000e-06
 4.00000e-06
 4.00000e-06
 4.00000e-06
 4.00000e-06
 4.00000e-06
 4.00000e-06
 4.00000e-06
 3.99999e-06
 3.99997e-06
 3.99983e-06
 3.99919e-06
 3.99658e-06
 3.98749e-06
 3.96135e-06
 3.90228e-06
 3.80024e-06
 3.66279e-06
 3.50856e-06
 2.00000e-06
 4.00000e-06
 4.00000e-06
 4.00000e-06
 4.00000e-06
 4.00000e-06
 4.00000e-06
 4.00000e-06
 4.00000e-06
 4.00000e-06
 4.00000e-06
 4.00000e-06
 4.00000e-06
 4.00000e-06
 4.00000e-06
 4.00000e-06
 4.00000e-06
 3.99999e-06
 3.99997e-06
 3.99983e-06
 3.99919e-06
 3.99658e-06
 3.98749e-06
 3.96135e-06
 3.90228e-06
 3.80024e-06
 3.66279e-06
 3.50856e-06
 2.00000e-06
 4.00000e-06
 4.00000e-06
 4.00000e-06
 4.00000e-06
 4.00000e-06
 4.00000e-06
 4.00000e-06
 4.00000e-06
 4.00000e-06
 4.00000e-06
 4.00000e-06
 4.00000e-06
 4.00000e-06
 4.00000e-06
 4.00000e-06
 4.00000e-06
 3.99999e-06
 3.99997e-06
 3.99983e-06
 3.99919e-06
 3.99658e-06
 3.98749e-06
 3.96135e-06
 3.90228e-06
 3.80024e-06
 3.66279e-06
 3.50856e-06
 2.00000e-06
 4.00000e-06
 4.00000e-06
 4.00000e-06
 4.00000e-06
 4.00000e-06
 4.00000e-06
 4.00000e-06
 4.00000e-06
 4.00000e-06
 4.00000e-06
 4.00000e-06
 4.00000e-06
 4.00000e-06
 4.00000e-06
 4.00000e-06
 4.00000e-06
 3.99999e-06
 3.99997e-06
 3.99983e-06
 3.99919e-06
 3.99658e-06
 3.98749e-06
 3.96135e-06
 3.90228e-06
 3.80024e-06
 3.66279e-06
 3.50856e-06
 1.00000e-06
 2.00000e-06
 2.00000e-06
 2.00000e-06
 2.00000e-06
 2.00000e-06
 2.00000e-06
 2.00000e-06
 2.00000e-06
 2.00000e-06
 2.00000e-06
 2.00000e-06
 2.00000e-06
 2.00000e-06
 2.00000e-06
 2.00000e-06
 2.00000e-06
 2.00000e-06
 1.99998e-06
 1.99991e-06
 1.99959e-06
 1.99829e-06
 1.99375e-06
 1.98067e-06
 1.95114e-06
 1.90012e-06
 1.83139e-06
 1.75428e-06
 5.00000e-07
 1.00000e-06
 1.00000e-06
 1.00000e-06
 1.00000e-06
 1.00000e-06
 1.00000e-06
 1.00000e-06
 1.00000e-06
 1.00000e-06
 1.00000e-06
 1.00000e-06
 1.00000e-06
 1.00000e-06
 1.00000e-06
 1.00000e-06
 1.00000e-06
 9.99999e-07
 9.99992e-07
 9.99957e-07
 9.99797e-07
 9.99146e-07
 9.96873e-07
 9.90337e-07
 9.75569e-07
 9.50060e-07
 9.15697e-07
 8.77140e-07
 1.00000e-06
 2.00000e-06
 2.00000e-06
 2.00000e-06
 2.00000e-06
 2.00000e-06
 2.00000e-06
 2.00000e-06
 2.00000e-06
 2.00000e-06
 2.00000e-06
 2.00000e-06
 2.00000e-06
 2.00000e-06
 2.00000e-06
 2.00000e-06
 2.00000e-06
 2.00000e-06
 1.99998e-06
 1.99991e-06
 1.99959e-06
 1.99829e-06
 1.99375e-06
 1.98067e-06
 1.95114e-06
 1.90012e-06
 1.83139e-06
 1.75428e-06
 1.00000e-06
 2.00000e-06
 2.00000e-06
 2.00000e-06
 2.00000e-06
 2.00000e-06
 2.00000e-06
 2.00000e-06
 2.00000e-06
 2.00000e-06
 2.00000e-06
 2.00000e-06
 2.00000e-06
 2.00000e-06
 2.00000e-06
 2.00000e-06
 2.00000e-06
 2.00000e-06
 1.99998e-06
 1.99991e-06
 1.99959e-06
 1.99829e-06
 1.99375e-06
 1.98067e-06
 1.95114e-06
 1.90012e-06
 1.83139e-06
 1.75428e-06
 1.00000e-06
 2.00000e-06
 2.00000e-06
 2.00000e-06
 2.00000e-06
 2.00000e-06
 2.00000e-06
 2.00000e-06
 2.00000e-06
 2.00000e-06
 2.00000e-06
 2.00000e-06
 2.00000e-06
 2.00000e-06
 2.00000e-06
 2.00000e-06
 2.00000e-06
 2.00000e-06
 1.99998e-06
 1.99991e-06
 1.99959e-06
 1.99829e-06
 1.99375e-06
 1.98067e-06
 1.95114e-06
 1.90012e-06
 1.83139e-06
 1.75428e-06
 1.00000e-06
 2.00000e-06
 2.00000e-06
 2.00000e-06
 2.00000e-06
 2.00000e-06
 2.00000e-06
 2.00000e-06
 2.00000e-06
 2.00000e-06
 2.00000e-06
 2.00000e-06
 2.00000e-06
 2.00000e-06
 2.00000e-06
 2.00000e-06
 2.00000e-06
 2.00000e-06
 1.99998e-06
 1.99991e-06
 1.99959e-06
 1.99829e-06
 1.99375e-06
 1.98067e-06
 1.95114e-06
 1.90012e-06
 1.83139e-06
 1.75428e-06
 5.00000e-07
 1.00000e-06
 1.00000e-06
 1.00000e-06
 1.00000e-06
 1.00000e-06
 1.00000e-06
 1.00000e-06
 1.00000e-06
 1.00000e-06
 1.00000e-06
 1.00000e-06
 1.00000e-06
 1.00000e-06
 1.00000e-06
 1.00000e-06
 1.00000e-06
 9.99999e-07
 9.99992e-07
 9.99957e-07
 9.99797e-07
 9.99146e-07
 9.96873e-07
 9.90337e-07
 9.75569e-07
 9.50060e-07
 9.15697e-07
 8.77140e-07
part
         2
coordinates
 9.90337e-07
 9.75569e-07
 9.50060e-07
 9.15697e-07
 8.77140e-07
 8.38007e-07
 7.99861e-07
 7.63192e-07
 7.28166e-07
 6.94879e-07
 6.63418e-07
 6.33876e-07
 6.06365e-07
 5.81031e-07
 5.58066e-07
 5.37725e-07
 5.20332e-07
 5.06272e-07
 4.95924e-07
 4.89520e-07
 4.86872e-07
 4.86604e-07
 4.87057e-07
 4.87653e-07
 4.88323e-07
 4.89049e-07
 4.89815e-07
 4.90591e-07
 4.91352e-07
 4.92082e-07
 1.98067e-06
 1.95114e-06
 1.90012e-06
 1.83139e-06
 1.75428e-06
 1.67601e-06
 1.59972e-06
 1.52638e-06
 1.45633e-06
 1.38976e-06
 1.32684e-06
 1.26775e-06
 1.21273e-06
 1.16206e-06
 1.11613e-06
 1.07545e-06
 1.04066e-06
 1.01254e-06
 9.91848e-07
 9.79041e-07
 9.73744e-07
 9.73208e-07
 9.74113e-07
 9.75306e-07
 9.76647e-07
 9.78098e-07
 9.79629e-07
 9.81182e-07
 9.82704e-07
 9.84164e-07
 1.98067e-06
 1.95114e-06
 1.90012e-06
 1.83139e-06
 1.75428e-06
 1.67601e-06
 1.59972e-06
 1.52638e-06
 1.45633e-06
 1.38976e-06
 1.32684e-06
 1.26775e-06
 1.21273e-06
 1.16206e-06
 1.11613e-06
 1.07545e-06
 1.04066e-06
 1.01254e-06
 9.91848e-07
 9.79041e-07
 9.73744e-07
 9.73208e-07
 9.74113e-07
 9.75306e-07
 9.76647e-07
 9.78098e-07
 9.79629e-07
 9.81182e-07
 9.82704e-07
 9.84164e-07
 1.98067e-06
 1.95114e-06
 1.90012e-06
 1.83139e-06
 1.75428e-06
 1.67601e-06
 1.59972e-06
 1.52638e-06
 1.45633e-06
 1.38976e-06
 1.32684e-06
 1.26775e-06
 1.21273e-06
 1.16206e-06
 1.11613e-06
 1.07545e-06
 1.04066e-06
 1.01254e-06
 9.91848e-07
 9.79041e-07
 9.73744e-07
 9.73208e-07
 9.74113e-07
 9.75306e-07
 9.76647e-07
 9.78098e-07
 9.79629e-07
 9.81182e-07
 9.82704e-07
 9.84164e-07
 1.98067e-06
 1.95114e-06
 1.90012e-06
 1.83139e-06
 1.75428e-06
 1.67601e-06
 1.59972e-06
 1.52638e-06
 1.45633e-06
 1.38976e-06
 1.32684e-06
 1.26775e-06
 1.21273e-06
 1.16206e-06
 1.11613e-06
 1.07545e-06
 1.04066e-06
 1.01254e-06
 9.91848e-07
 9.79041e-07
 9.73744e-07
 9.73208e-07
 9.74113e-07
 9.75306e-07
 9.76647e-07
 9.78098e-07
 9.79629e-07
 9.81182e-07
 9.82704e-07
 9.84164e-07
 9.90337e-07
 9.75569e-07
 9.50060e-07
 9.15697e-07
 8.77140e-07
 8.38007e-07
 7.99861e-07
 7.63192e-07
 7.28166e-07
 6.94879e-07
 6.63418e-07
 6.33876e-07
 6.06365e-07
 5.81031e-07
 5.58066e-07
 5.37725e-07
 5.20332e-07
 5.06272e-07
 4.95924e-07
 4.89520e-07
 4.86872e-07
 4.86604e-07
 4.87057e-07
 4.87653e-07
 4.88323e-07
 4.89049e-07
 4.89815e-07
 4.90591e-07
 4.91352e-07
 4.92082e-07
 1.98067e-06
 1.95114e-06
 1.90012e-06
 1.83139e-06
 1.75428e-06
 1.67601e-06
 1.59972e-06
 1.52638e-06
 1.45633e-06
 1.38976e-06
 1.32684e-06
 1.26775e-06
 1.21273e-06
 1.16206e-06
 1.11613e-06
 1.07545e-06
 1.04066e-06
 1.01254e-06
 9.91848e-07
 9.79041e-07
 9.73744e-07
 9.73208e-07
 9.74113e-07
 9.75306e-07
 9.76647e-07
 9.78098e-07
 9.79629e-07
 9.81182e-07
 9.82704e-07
 9.84164e-07
 3.96135e-06
 3.90228e-06
 3.80024e-06
 3.66279e-06
 3.50856e-06
 3.35203e-06
 3.19944e-06
 3.05277e-06
 2.91266e-06
 2.77952e-06
 2.65367e-06
 2.53550e-06
 2.42546e-06
 2.32412e-06
 2.23226e-06
 2.15090e-06
 2.08133e-06
 2.02509e-06
 1.98370e-06
 1.95808e-06
 1.94749e-06
 1.94642e-06
 1.94823e-06
 1.95061e-06
 1.95329e-06
 1.95620e-06
 1.95926e-06
 1.96236e-06
 1.96541e-06
 1.96833e-06
 3.96135e-06
 3.90228e-06
 3.80024e-06
 3.66279e-06
 3.50856e-06
 3.35203e-06
 3.19944e-06
 3.05277e-06
 2.91266e-06
 2.77952e-06
 2.65367e-06
 2.53550e-06
 2.42546e-06
 2.32412e-06
 2.23226e-06
 2.15090e-06
 2.08133e-06
 2.02509e-06
 1.98370e-06
 1.95808e-06
 1.94749e-06
 1.94642e-06
 1.94823e-06
 1.95061e-06
 1.95329e-06
 1.95620e-06
 1.95926e-06
 1.96236e-06
 1.96541e-06
 1.96833e-06
 3.96135e-06
 3.90228e-06
 3.80024e-06
 3.66279e-06
 3.50856e-06
 3.35203e-06
 3.19944e-06
 3.05277e-06
 2.91266e-06
 2.77952e-06
 2.65367e-06
 2.53550e-06
 2.42546e-06
 2.32412e-06
 2.23226e-06
 2.15090e-06
 2.08133e-06
 2.02509e-06
 1.98370e-06
 1.95808e-06
 1.94749e-06
 1.94642e-06
 1.94823e-06
 1.95061e-06
 1.95329e-06
 1.95620e-06
 1.95926e-06
 1.96236e-06
 1.96541e-06
 1.96833e-06
 3.96135e-06
 3.90228e-06
 3.80024e-06
 3.66279e-06
 3.50856e-06
 3.35203e-06
 3.19944e-06
 3.05277e-06
 2.91266e-06
 2.77952e-06
 2.65367e-06
 2.53550e-06
 2.42546e-06
 2.32412e-06
 2.23226e-06
 2.15090e-06
 2.08133e-06
 2.02509e-06
 1.98370e-06
 1.95808e-06
 1.94749e-06
 1.94642e-06
 1.94823e-06
 1.95061e-06
 1.95329e-06
 1.95620e-06
 1.95926e-06
 1.96236e-06
 1.96541e-06
 1.96833e-06
 1.98067e-06
 1.95114e-06
 1.90012e-06
 1.83139e-06
 1.75428e-06
 1.67601e-06
 1.59972e-06
 1.52638e-06
 1.45633e-06
 1.38976e-06
 1.32684e-06
 1.26775e-06
 1.21273e-06
 1.16206e-06
 1.11613e-06
 1.07545e-06
 1.04066e-06
 1.01254e-06
 9.91848e-07
 9.79041e-07
 9.73744e-07
 9.73208e-07
 9.74113e-07
 9.75306e-07
 9.76647e-07
 9.78098e-07
 9.79629e-07
 9.81182e-07
 9.82704e-07
 9.84164e-07
 1.98067e-06
 1.95114e-06
 1.90012e-06
 1.83139e-06
 1.75428e-06
 1.67601e-06
 1.59972e-06
 1.52638e-06
 1.45633e-06
 1.38976e-06
 1.32684e-06
 1.26775e-06
 1.21273e-06
 1.16206e-06
 1.11613e-06
 1.07545e-06
 1.04066e-06
 1.01254e-06
 9.91848e-07
 9.79041e-07
 9.73744e-07
 9.73208e-07
 9.74113e-07
 9.75306e-07
 9.76647e-07
 9.78098e-07
 9.79629e-07
 9.81182e-07
 9.82704e-07
 9.84164e-07
 3.96135e-06
 3.90228e-06
 3.80024e-06
 3.66279e-06
 3.50856e-06
 3.35203e-06
 3.19944e-06
 3.05277e-06
 2.91266e-06
 2.77952e-06
 2.65367e-06
 2.53550e-06
 2.42546e-06
 2.32412e-06
 2.23226e-06
 2.15090e-06
 2.08133e-06
 2.02509e-06
 1.98370e-06
 1.95808e-06
 1.94749e-06
 1.94642e-06
 1.94823e-06
 1.95061e-06
 1.95329e-06
 1.95620e-06
 1.95926e-06
 1.96236e-06
 1.96541e-06
 1.96833e-06
 3.96135e-06
 3.90228e-06
 3.80024e-06
 3.66279e-06
 3.50856e-06
 3.35203e-06
 3.19944e-06
 3.05277e-06
 2.91266e-06
 2.77952e-06
 2.65367e-06
 2.53550e-06
 2.42546e-06
 2.32412e-06
 2.23226e-06
 2.15090e-06
 2.08133e-06
 2.02509e-06
 1.98370e-06
 1.95808e-06
 1.94749e-06
 1.94642e-06
 1.94823e-06
 1.95061e-06
 1.95329e-06
 1.95620e-06
 1.95926e-06
 1.96236e-06
 1.96541e-06
 1.96833e-06
 3.96135e-06
 3.90228e-06
 3.80024e-06
 3.66279e-06
 3.50856e-06
 3.35203e-06
 3.19944e-06
 3.05277e-06
 2.91266e-06
 2.77952e-06
 2.65367e-06
 2.53550e-06
 2.42546e-06
 2.32412e-06
 2.23226e-06
 2.15090e-06
 2.08133e-06
 2.02509e-06
 1.98370e-06
 1.95808e-06
 1.94749e-06
 1.94642e-06
 1.94823e-06
 1.95061e-06
 1.95329e-06
 1.95620e-06
 1.95926e-06
 1.96236e-06
 1.96541e-06
 1.96833e-06
 3.96135e-06
 3.90228e-06
 3.80024e-06
 3.66279e-06
 3.50856e-06
 3.35203e-06
 3.19944e-06
 3.05277e-06
 2.91266e-06
 2.77952e-06
 2.65367e-06
 2.53550e-06
 2.42546e-06
 2.32412e-06
 2.23226e-06
 2.15090e-06
 2.08133e-06
 2.02509e-06
 1.98370e-06
 1.95808e-06
 1.94749e-06
 1.94642e-06
 1.94823e-06
 1.95061e-06
 1.95329e-06
 1.95620e-06
 1.95926e-06
 1.96236e-06
 1.96541e-06
 1.96833e-06
 1.98067e-06
 1.95114e-06
 1.90012e-06
 1.83139e-06
 1.75428e-06
 1.67601e-06
 1.59972e-06
 1.52638e-06
 1.45633e-06
 1.38976e-06
 1.32684e-06
 1.26775e-06
 1.21273e-06
 1.16206e-06
 1.11613e-06
 1.07545e-06
 1.04066e-06
 1.01254e-06
 9.91848e-07
 9.79041e-07
 9.73744e-07
 9.73208e-07
 9.74113e-07
 9.75306e-07
 9.76647e-07
 9.78098e-07
 9.79629e-07
 9.81182e-07
 9.82704e-07
 9.84164e-07
 1.98067e-06
 1.95114e-06
 1.90012e-06
 1.83139e-06
 1.75428e-06
 1.67601e-06
 1.59972e-06
 1.52638e-06
 1.45633e-06
 1.38976e-06
 1.32684e-06
 1.26775e-06
 1.21273e-06
 1.16206e-06
 1.11613e-06
 1.07545e-06
 1.04066e-06
 1.01254e-06
 9.91848e-07
 9.79041e-07
 9.73744e-07
 9.73208e-07
 9.74113e-07
 9.75306e-07
 9.76647e-07
 9.78098e-07
 9.79629e-07
 9.81182e-07
 9.82704e-07
 9.84164e-07
 3.96135e-06
 3.90228e-06
 3.80024e-06
 3.66279e-06
 3.50856e-06
 3.35203e-06
 3.19944e-06
 3.05277e-06
 2.91266e-06
 2.77952e-06
 2.65367e-06
 2.53550e-06
 2.42546e-06
 2.32412e-06
 2.23226e-06
 2.15090e-06
 2.08133e-06
 2.02509e-06
 1.98370e-06
 1.95808e-06
 1.94749e-06
 1.94642e-06
 1.94823e-06
 1.95061e-06
 1.95329e-06
 1.95620e-06
 1.95926e-06
 1.96236e-06
 1.96541e-06
 1.96833e-06
 3.96135e-06
 3.90228e-06
 3.80024e-06
 3.66279e-06
 3.50856e-06
 3.35203e-06
 3.19944e-06
 3.05277e-06
 2.91266e-06
 2.77952e-06
 2.65367e-06
 2.53550e-06
 2.42546e-06
 2.32412e-06
 2.23226e-06
 2.15090e-06
 2.08133e-06
 2.02509e-06
 1.98370e-06
 1.95808e-06
 1.94749e-06
 1.94642e-06
 1.94823e-06
 1.95061e-06
 1.95329e-06
 1.95620e-06
 1.95926e-06
 1.96236e-06
 1.96541e-06
 1.96833e-06
 3.96135e-06
 3.90228e-06
 3.80024e-06
 3.66279e-06
 3.50856e-06
 3.35203e-06
 3.19944e-06
 3.05277e-06
 2.91266e-06
 2.77952e-06
 2.65367e-06
 2.53550e-06
 2.42546e-06
 2.32412e-06
 2.23226e-06
 2.15090e-06
 2.08133e-06
 2.02509e-06
 1.98370e-06
 1.95808e-06
 1.94749e-06
 1.94642e-06
 1.94823e-06
 1.95061e-06
 1.95329e-06
 1.95620e-06
 1.95926e-06
 1.96236e-06
 1.96541e-06
 1.96833e-06
 3.96135e-06
 3.90228e-06
 3.80024e-06
 3.66279e-06
 3.50856e-06
 3.35203e-06
 3.19944e-06
 3.05277e-06
 2.91266e-06
 2.77952e-06
 2.65367e-06
 2.53550e-06
 2.42546e-06
 2.32412e-06
 2.23226e-06
 2.15090e-06
 2.08133e-06
 2.02509e-06
 1.98370e-06
 1.95808e-06
 1.94749e-06
 1.94642e-06
 1.94823e-06
 1.95061e-06
 1.95329e-06
 1.95620e-06
 1.95926e-06
 1.96236e-06
 1.96541e-06
 1.96833e-06
 1.98067e-06
 1.95114e-06
 1.90012e-06
 1.83139e-06
 1.75428e-06
 1.67601e-06
 1.59972e-06
 1.52638e-06
 1.45633e-06
 1.38976e-06
 1.32684e-06
 1.26775e-06
 1.21273e-06
 1.16206e-06
 1.11613e-06
 1.07545e-06
 1.04066e-06
 1.01254e-06
 9.91848e-07
 9.79041e-07
 9.73744e-07
 9.73208e-07
 9.74113e-07
 9.75306e-07
 9.76647e-07
 9.78098e-07
 9.79629e-07
 9.81182e-07
 9.82704e-07
 9.84164e-07
 1.98067e-06
 1.95114e-06
 1.90012e-06
 1.83139e-06
 1.75428e-06
 1.67601e-06
 1.59972e-06
 1.52638e-06
 1.45633e-06
 1.38976e-06
 1.32684e-06
 1.26775e-06
 1.21273e-06
 1.16206e-06
 1.11613e-06
 1.07545e-06
 1.04066e-06
 1.01254e-06
 9.91848e-07
 9.79041e-07
 9.73744e-07
 9.73208e-07
 9.74113e-07
 9.75306e-07
 9.76647e-07
 9.78098e-07
 9.79629e-07
 9.81182e-07
 9.82704e-07
 9.84164e-07
 3.96135e-06
 3.90228e-06
 3.80024e-06
 3.66279e-06
 3.50856e-06
 3.35203e-06
 3.19944e-06
 3.05277e-06
 2.91266e-06
 2.77952e-06
 2.65367e-06
 2.53550e-06
 2.42546e-06
 2.32412e-06
 2.23226e-06
 2.15090e-06
 2.08133e-06
 2.02509e-06
 1.98370e-06
 1.95808e-06
 1.94749e-06
 1.94642e-06
 1.94823e-06
 1.95061e-06
 1.95329e-06
 1.95620e-06
 1.95926e-06
 1.96236e-06
 1.96541e-06
 1.96833e-06
 3.96135e-06
 3.90228e-06
 3.80024e-06
 3.66279e-06
 3.50856e-06
 3.35203e-06
 3.19944e-06
 3.05277e-06
 2.91266e-06
 2.77952e-06
 2.65367e-06
 2.53550e-06
 2.42546e-06
 2.32412e-06
 2.23226e-06
 2.15090e-06
 2.08133e-06
 2.02509e-06
 1.98370e-06
 1.95808e-06
 1.94749e-06
 1.94642e-06
 1.94823e-06
 1.95061e-06
 1.95329e-06
 1.95620e-06
 1.95926e-06
 1.96236e-06
 1.96541e-06
 1.96833e-06
 3.96135e-06
 3.90228e-06
 3.80024e-06
 3.66279e-06
 3.50856e-06
 3.35203e-06
 3.19944e-06
 3.05277e-06
 2.91266e-06
 2.77952e-06
 2.65367e-06
 2.53550e-06
 2.42546e-06
 2.32412e-06
 2.23226e-06
 2.15090e-06
 2.08133e-06
 2.02509e-06
 1.98370e-06
 1.95808e-06
 1.94749e-06
 1.94642e-06
 1.94823e-06
 1.95061e-06
 1.95329e-06
 1.95620e-06
 1.95926e-06
 1.96236e-06
 1.96541e-06
 1.96833e-06
 3.96135e-06
 3.90228e-06
 3.80024e-06
 3.66279e-06
 3.50856e-06
 3.35203e-06
 3.19944e-06
 3.05277e-06
 2.91266e-06
 2.77952e-06
 2.65367e-06
 2.53550e-06
 2.42546e-06
 2.32412e-06
 2.23226e-06
 2.15090e-06
 2.08133e-06
 2.02509e-06
 1.98370e-06
 1.95808e-06
 1.94749e-06
 1.94642e-06
 1.94823e-06
 1.95061e-06
 1.95329e-06
 1.95620e-06
 1.95926e-06
 1.96236e-06
 1.96541e-06
 1.96833e-06
 1.98067e-06
 1.95114e-06
 1.90012e-06
 1.83139e-06
 1.75428e-06
 1.67601e-06
 1.59972e-06
 1.52638e-06
 1.45633e-06
 1.38976e-06
 1.32684e-06
 1.26775e-06
 1.21273e-06
 1.16206e-06
 1.11613e-06
 1.07545e-06
 1.04066e-06
 1.01254e-06
 9.91848e-07
 9.79041e-07
 9.73744e-07
 9.73208e-07
 9.74113e-07
 9.75306e-07
 9.76647e-07
 9.78098e-07
 9.79629e-07
 9.81182e-07
 9.82704e-07
 9.84164e-07
 9.90337e-07
 9.75569e-07
 9.50060e-07
 9.15697e-07
 8.77140e-07
 8.38007e-07
 7.99861e-07
 7.63192e-07
 7.28166e-07
 6.94879e-07
 6.63418e-07
 6.33876e-07
 6.06365e-07
 5.81031e-07
 5.58066e-07
 5.37725e-07
 5.20332e-07
 5.06272e-07
 4.95924e-07
 4.89520e-07
 4.86872e-07
 4.86604e-07
 4.87057e-07
 4.87653e-07
 4.88323e-07
 4.89049e-07
 4.89815e-07
 4.90591e-07
 4.91352e-07
 4.92082e-07
 1.98067e-06
 1.95114e-06
 1.90012e-06
 1.83139e-06
 1.75428e-06
 1.67601e-06
 1.59972e-06
 1.52638e-06
 1.45633e-06
 1.38976e-06
 1.32684e-06
 1.26775e-06
 1.21273e-06
 1.16206e-06
 1.11613e-06
 1.07545e-06
 1.04066e-06
 1.01254e-06
 9.91848e-07
 9.79041e-07
 9.73744e-07
 9.73208e-07
 9.74113e-07
 9.75306e-07
 9.76647e-07
 9.78098e-07
 9.79629e-07
 9.81182e-07
 9.82704e-07
 9.84164e-07
 1.98067e-06
 1.95114e-06
 1.90012e-06
 1.83139e-06
 1.75428e-06
 1.67601e-06
 1.59972e-06
 1.52638e-06
 1.45633e-06
 1.38976e-06
 1.32684e-06
 1.26775e-06
 1.21273e-06
 1.16206e-06
 1.11613e-06
 1.07545e-06
 1.04066e-06
 1.01254e-06
 9.91848e-07
 9.79041e-07
 9.73744e-07
 9.73208e-07
 9.74113e-07
 9.75306e-07
 9.76647e-07
 9.78098e-07
 9.79629e-07
 9.81182e-07
 9.82704e-07
 9.84164e-07
 1.98067e-06
 1.95114e-06
 1.90012e-06
 1.83139e-06
 1.75428e-06
 1.67601e-06
 1.59972e-06
 1.52638e-06
 1.45633e-06
 1.38976e-06
 1.32684e-06
 1.26775e-06
 1.21273e-06
 1.16206e-06
 1.11613e-06
 1.07545e-06
 1.04066e-06
 1.01254e-06
 9.91848e-07
 9.79041e-07
 9.73744e-07
 9.73208e-07
 9.74113e-07
 9.75306e-07
 9.76647e-07
 9.78098e-07
 9.79629e-07
 9.81182e-07
 9.82704e-07
 9.84164e-07
 1.98067e-06
 1.95114e-06
 1.90012e-06
 1.83139e-06
 1.75428e-06
 1.67601e-06
 1.59972e-06
 1.52638e-06
 1.45633e-06
 1.38976e-06
 1.32684e-06
 1.26775e-06
 1.21273e-06
 1.16206e-06
 1.11613e-06
 1.07545e-06
 1.04066e-06
 1.01254e-06
 9.91848e-07
 9.79041e-07
 9.73744e-07
 9.73208e-07
 9.74113e-07
 9.75306e-07
 9.76647e-07
 9.78098e-07
 9.79629e-07
 9.81182e-07
 9.82704e-07
 9.84164e-07
 9.90337e-07
 9.75569e-07
 9.50060e-07
 9.15697e-07
 8.77140e-07
 8.38007e-07
 7.99861e-07
 7.63192e-07
 7.28166e-07
 6.94879e-07
 6.63418e-07
 6.33876e-07
 6.06365e-07
 5.81031e-07
 5.58066e-07
 5.37725e-07
 5.20332e-07
 5.06272e-07
 4.95924e-07
 4.89520e-07
 4.86872e-07
 4.86604e-07
 4.87057e-07
 4.87653e-07
 4.88323e-07
 4.89049e-07
 4.89815e-07
 4.90591e-07
 4.91352e-07
 4.92082e-07
part
         3
coordinates
 4.89049e-07
 4.89815e-07
 4.90591e-07
 4.91352e-07
 4.92082e-07
 4.92766e-07
 4.93400e-07
 4.93989e-07
 4.94532e-07
 4.95029e-07
 4.95477e-07
 4.95865e-07
 4.96169e-07
 4.96336e-07
 4.96258e-07
 4.95702e-07
 4.94206e-07
 4.90996e-07
 4.84812e-07
 4.73664e-07
 4.55157e-07
 4.26643e-07
 3.87930e-07
 3.51736e-07
 3.29276e-07
 3.17794e-07
 3.12759e-07
 3.10751e-07
 3.09493e-07
 3.07443e-07
 9.78098e-07
 9.79629e-07
 9.81182e-07
 9.82704e-07
 9.84164e-07
 9.85532e-07
 9.86800e-07
 9.87978e-07
 9.89065e-07
 9.90058e-07
 9.90953e-07
 9.91730e-07
 9.92339e-07
 9.92672e-07
 9.92515e-07
 9.91405e-07
 9.88412e-07
 9.81993e-07
 9.69625e-07
 9.47329e-07
 9.10313e-07
 8.53286e-07
 7.75859e-07
 7.03471e-07
 6.58551e-07
 6.35589e-07
 6.25517e-07
 6.21501e-07
 6.18986e-07
 6.14887e-07
 9.78098e-07
 9.79629e-07
 9.81182e-07
 9.82704e-07
 9.84164e-07
 9.85532e-07
 9.86800e-07
 9.87978e-07
 9.89065e-07
 9.90058e-07
 9.90953e-07
 9.91730e-07
 9.92339e-07
 9.92672e-07
 9.92515e-07
 9.91405e-07
 9.88412e-07
 9.81993e-07
 9.69625e-07
 9.47329e-07
 9.10313e-07
 8.53286e-07
 7.75859e-07
 7.03471e-07
 6.58551e-07
 6.35589e-07
 6.25517e-07
 6.21501e-07
 6.18986e-07
 6.14887e-07
 9.78098e-07
 9.79629e-07
 9.81182e-07
 9.82704e-07
 9.84164e-07
 9.85532e-07
 9.86800e-07
 9.87978e-07
 9.89065e-07
 9.90058e-07
 9.90953e-07
 9.91730e-07
 9.92339e-07
 9.92672e-07
 9.92515e-07
 9.91405e-07
 9.88412e-07
 9.81993e-07
 9.69625e-07
 9.47329e-07
 9.10313e-07
 8.53286e-07
 7.75859e-07
 7.03471e-07
 6.58551e-07
 6.35589e-07
 6.25517e-07
 6.21501e-07
 6.18986e-07
 6.14887e-07
 9.78098e-07
 9.79629e-07
 9.81182e-07
 9.82704e-07
 9.84164e-07
 9.85532e-07
 9.86800e-07
 9.87978e-07
 9.89065e-07
 9.90058e-07
 9.90953e-07
 9.91730e-07
 9.92339e-07
 9.92672e-07
 9.92515e-07
 9.91405e-07
 9.88412e-07
 9.81993e-07
 9.69625e-07
 9.47329e-07
 9.10313e-07
 8.53286e-07
 7.75859e-07
 7.03471e-07
 6.58551e-07
 6.35589e-07
 6.25517e-07
 6.21501e-07
 6.18986e-07
 6.14887e-07
 4.89049e-07
 4.89815e-07
 4.90591e-07
 4.91352e-07
 4.92082e-07
 4.92766e-07
 4.93400e-07
 4.93989e-07
 4.94532e-07
 4.95029e-07
 4.95477e-07
 4.95865e-07
 4.96169e-07
 4.96336e-07
 4.96258e-07
 4.95702e-07
 4.94206e-07
 4.90996e-07
 4.84812e-07
 4.73664e-07
 4.55157e-07
 4.26643e-07
 3.87930e-07
 3.51736e-07
 3.29276e-07
 3.17794e-07
 3.12759e-07
 3.10751e-07
 3.09493e-07
 3.07443e-07
 9.78098e-07
 9.79629e-07
 9.81182e-07
 9.82704e-07
 9.84164e-07
 9.85532e-07
 9.86800e-07
 9.87978e-07
 9.89065e-07
 9.90058e-07
 9.90953e-07
 9.91730e-07
 9.92339e-07
 9.92672e-07
 9.92515e-07
 9.91405e-07
 9.88412e-07
 9.81993e-07
 9.69625e-07
 9.47329e-07
 9.10313e-07
 8.53286e-07
 7.75859e-07
 7.03471e-07
 6.58551e-07
 6.35589e-07
 6.25517e-07
 6.21501e-07
 6.18986e-07
 6.14887e-07
 1.95620e-06
 1.95926e-06
 1.96236e-06
 1.96541e-06
 1.96833e-06
 1.97106e-06
 1.97360e-06
 1.97596e-06
 1.97813e-06
 1.98012e-06
 1.98191e-06
 1.98346e-06
 1.98468e-06
 1.98534e-06
 1.98503e-06
 1.98281e-06
 1.97682e-06
 1.96399e-06
 1.93925e-06
 1.89466e-06
 1.82063e-06
 1.70657e-06
 1.55172e-06
 1.40694e-06
 1.31710e-06
 1.27118e-06
 1.25103e-06
 1.24300e-06
 1.23797e-06
 1.22977e-06
 1.95620e-06
 1.95926e-06
 1.96236e-06
 1.96541e-06
 1.96833e-06
 1.97106e-06
 1.97360e-06
 1.97596e-06
 1.97813e-06
 1.98012e-06
 1.98191e-06
 1.98346e-06
 1.98468e-06
 1.98534e-06
 1.98503e-06
 1.98281e-06
 1.97682e-06
 1.96399e-06
 1.93925e-06
 1.89466e-06
 1.82063e-06
 1.70657e-06
 1.55172e-06
 1.40694e-06
 1.31710e-06
 1.27118e-06
 1.25103e-06
 1.24300e-06
 1.23797e-06
 1.22977e-06
 1.95620e-06
 1.95926e-06
 1.96236e-06
 1.96541e-06
 1.96833e-06
 1.97106e-06
 1.97360e-06
 1.97596e-06
 1.97813e-06
 1.98012e-06
 1.98191e-06
 1.98346e-06
 1.98468e-06
 1.98534e-06
 1.98503e-06
 1.98281e-06
 1.97682e-06
 1.96399e-06
 1.93925e-06
 1.89466e-06
 1.82063e-06
 1.70657e-06
 1.55172e-06
 1.40694e-06
 1.31710e-06
 1.27118e-06
 1.25103e-06
 1.24300e-06
 1.23797e-06
 1.22977e-06
 1.95620e-06
 1.95926e-06
 1.96236e-06
 1.96541e-06
 1.96833e-06
 1.97106e-06
 1.97360e-06
 1.97596e-06
 1.97813e-06
 1.98012e-06
 1.98191e-06
 1.98346e-06
 1.98468e-06
 1.98534e-06
 1.98503e-06
 1.98281e-06
 1.97682e-06
 1.96399e-06
 1.93925e-06
 1.89466e-06
 1.82063e-06
 1.70657e-06
 1.55172e-06
 1.40694e-06
 1.31710e-06
 1.27118e-06
 1.25103e-06
 1.24300e-06
 1.23797e-06
 1.22977e-06
 9.78098e-07
 9.79629e-07
 9.81182e-07
 9.82704e-07
 9.84164e-07
 9.85532e-07
 9.86800e-07
 9.87978e-07
 9.89065e-07
 9.90058e-07
 9.90953e-07
 9.91730e-07
 9.92339e-07
 9.92672e-07
 9.92515e-07
 9.91405e-07
 9.88412e-07
 9.81993e-07
 9.69625e-07
 9.47329e-07
 9.10313e-07
 8.53286e-07
 7.75859e-07
 7.03471e-07
 6.58551e-07
 6.35589e-07
 6.25517e-07
 6.21501e-07
 6.18986e-07
 6.14887e-07
 9.78098e-07
 9.79629e-07
 9.81182e-07
 9.82704e-07
 9.84164e-07
 9.85532e-07
 9.86800e-07
 9.87978e-07
 9.89065e-07
 9.90058e-07
 9.90953e-07
 9.91730e-07
 9.92339e-07
 9.92672e-07
 9.92515e-07
 9.91405e-07
 9.88412e-07
 9.81993e-07
 9.69625e-07
 9.47329e-07
 9.10313e-07
 8.53286e-07
 7.75859e-07
 7.03471e-07
 6.58551e-07
 6.35589e-07
 6.25517e-07
 6.21501e-07
 6.18986e-07
 6.14887e-07
 1.95620e-06
 1.95926e-06
 1.96236e-06
 1.96541e-06
 1.96833e-06
 1.97106e-06
 1.97360e-06
 1.97596e-06
 1.97813e-06
 1.98012e-06
 1.98191e-06
 1.98346e-06
 1.98468e-06
 1.98534e-06
 1.98503e-06
 1.98281e-06
 1.97682e-06
 1.96399e-06
 1.93925e-06
 1.89466e-06
 1.82063e-06
 1.70657e-06
 1.55172e-06
 1.40694e-06
 1.31710e-06
 1.27118e-06
 1.25103e-06
 1.24300e-06
 1.23797e-06
 1.22977e-06
 1.95620e-06
 1.95926e-06
 1.96236e-06
 1.96541e-06
 1.96833e-06
 1.97106e-06
 1.97360e-06
 1.97596e-06
 1.97813e-06
 1.98012e-06
 1.98191e-06
 1.98346e-06
 1.98468e-06
 1.98534e-06
 1.98503e-06
 1.98281e-06
 1.97682e-06
 1.96399e-06
 1.93925e-06
 1.89466e-06
 1.82063e-06
 1.70657e-06
 1.55172e-06
 1.40694e-06
 1.31710e-06
 1.27118e-06
 1.25103e-06
 1.24300e-06
 1.23797e-06
 1.22977e-06
 1.95620e-06
 1.95926e-06
 1.96236e-06
 1.96541e-06
 1.96833e-06
 1.97106e-06
 1.97360e-06
 1.97596e-06
 1.97813e-06
 1.98012e-06
 1.98191e-06
 1.98346e-06
 1.98468e-06
 1.98534e-06
 1.98503e-06
 1.98281e-06
 1.97682e-06
 1.96399e-06
 1.93925e-06
 1.89466e-06
 1.82063e-06
 1.70657e-06
 1.55172e-06
 1.40694e-06
 1.31710e-06
 1.27118e-06
 1.25103e-06
 1.24300e-06
 1.23797e-06
 1.22977e-06
 1.95620e-06
 1.95926e-06
 1.96236e-06
 1.96541e-06
 1.96833e-06
 1.97106e-06
 1.97360e-06
 1.97596e-06
 1.97813e-06
 1.98012e-06
 1.98191e-06
 1.98346e-06
 1.98468e-06
 1.98534e-06
 1.98503e-06
 1.98281e-06
 1.97682e-06
 1.96399e-06
 1.93925e-06
 1.89466e-06
 1.82063e-06
 1.70657e-06
 1.55172e-06
 1.40694e-06
 1.31710e-06
 1.27118e-06
 1.25103e-06
 1.24300e-06
 1.23797e-06
 1.22977e-06
 9.78098e-07
 9.79629e-07
 9.81182e-07
 9.82704e-07
 9.84164e-07
 9.85532e-07
 9.86800e-07
 9.87978e-07
 9.89065e-07
 9.90058e-07
 9.90953e-07
 9.91730e-07
 9.92339e-07
 9.92672e-07
 9.92515e-07
 9.91405e-07
 9.88412e-07
 9.81993e-07
 9.69625e-07
 9.47329e-07
 9.10313e-07
 8.53286e-07
 7.75859e-07
 7.03471e-07
 6.58551e-07
 6.35589e-07
 6.25517e-07
 6.21501e-07
 6.18986e-07
 6.14887e-07
 9.78098e-07
 9.79629e-07
 9.81182e-07
 9.82704e-07
 9.84164e-07
 9.85532e-07
 9.86800e-07
 9.87978e-07
 9.89065e-07
 9.90058e-07
 9.90953e-07
 9.91730e-07
 9.92339e-07
 9.92672e-07
 9.92515e-07
 9.91405e-07
 9.88412e-07
 9.81993e-07
 9.69625e-07
 9.47329e-07
 9.10313e-07
 8.53286e-07
 7.75859e-07
 7.03471e-07
 6.58551e-07
 6.35589e-07
 6.25517e-07
 6.21501e-07
 6.18986e-07
 6.14887e-07
 1.95620e-06
 1.95926e-06
 1.96236e-06
 1.96541e-06
 1.96833e-06
 1.97106e-06
 1.97360e-06
 1.97596e-06
 1.97813e-06
 1.98012e-06
 1.98191e-06
 1.98346e-06
 1.98468e-06
 1.98534e-06
 1.98503e-06
 1.98281e-06
 1.97682e-06
 1.96399e-06
 1.93925e-06
 1.89466e-06
 1.82063e-06
 1.70657e-06
 1.55172e-06
 1.40694e-06
 1.31710e-06
 1.27118e-06
 1.25103e-06
 1.24300e-06
 1.23797e-06
 1.22977e-06
 1.95620e-06
 1.95926e-06
 1.96236e-06
 1.96541e-06
 1.96833e-06
 1.97106e-06
 1.97360e-06
 1.97596e-06
 1.97813e-06
 1.98012e-06
 1.98191e-06
 1.98346e-06
 1.98468e-06
 1.98534e-06
 1.98503e-06
 1.98281e-06
 1.97682e-06
 1.96399e-06
 1.93925e-06
 1.89466e-06
 1.82063e-06
 1.70657e-06
 1.55172e-06
 1.40694e-06
 1.31710e-06
 1.27118e-06
 1.25103e-06
 1.24300e-06
 1.23797e-06
 1.22977e-06
 1.95620e-06
 1.95926e-06
 1.96236e-06
 1.96541e-06
 1.96833e-06
 1.97106e-06
 1.97360e-06
 1.97596e-06
 1.97813e-06
 1.98012e-06
 1.98191e-06
 1.98346e-06
 1.98468e-06
 1.98534e-06
 1.98503e-06
 1.98281e-06
 1.97682e-06
 1.96399e-06
 1.93925e-06
 1.89466e-06
 1.82063e-06
 1.70657e-06
 1.55172e-06
 1.40694e-06
 1.31710e-06
 1.27118e-06
 1.25103e-06
 1.24300e-06
 1.23797e-06
 1.22977e-06
 1.95620e-06
 1.95926e-06
 1.96236e-06
 1.96541e-06
 1.96833e-06
 1.97106e-06
 1.97360e-06
 1.97596e-06
 1.97813e-06
 1.98012e-06
 1.98191e-06
 1.98346e-06
 1.98468e-06
 1.98534e-06
 1.98503e-06
 1.98281e-06
 1.97682e-06
 1.96399e-06
 1.93925e-06
 1.89466e-06
 1.82063e-06
 1.70657e-06
 1.55172e-06
 1.40694e-06
 1.31710e-06
 1.27118e-06
 1.25103e-06
 1.24300e-06
 1.23797e-06
 1.22977e-06
 9.78098e-07
 9.79629e-07
 9.81182e-07
 9.82704e-07
 9.84164e-07
 9.85532e-07
 9.86800e-07
 9.87978e-07
 9.89065e-07
 9.90058e-07
 9.90953e-07
 9.91730e-07
 9.92339e-07
 9.92672e-07
 9.92515e-07
 9.91405e-07
 9.88412e-07
 9.81993e-07
 9.69625e-07
 9.47329e-07
 9.10313e-07
 8.53286e-07
 7.75859e-07
 7.03471e-07
 6.58551e-07
 6.35589e-07
 6.25517e-07
 6.21501e-07
 6.18986e-07
 6.14887e-07
 9.78098e-07
 9.79629e-07
 9.81182e-07
 9.82704e-07
 9.84164e-07
 9.85532e-07
 9.86800e-07
 9.87978e-07
 9.89065e-07
 9.90058e-07
 9.90953e-07
 9.91730e-07
 9.92339e-07
 9.92672e-07
 9.92515e-07
 9.91405e-07
 9.88412e-07
 9.81993e-07
 9.69625e-07
 9.47329e-07
 9.10313e-07
 8.53286e-07
 7.75859e-07
 7.03471e-07
 6.58551e-07
 6.35589e-07
 6.25517e-07
 6.21501e-07
 6.18986e-07
 6.14887e-07
 1.95620e-06
 1.95926e-06
 1.96236e-06
 1.96541e-06
 1.96833e-06
 1.97106e-06
 1.97360e-06
 1.97596e-06
 1.97813e-06
 1.98012e-06
 1.98191e-06
 1.98346e-06
 1.98468e-06
 1.98534e-06
 1.98503e-06
 1.98281e-06
 1.97682e-06
 1.96399e-06
 1.93925e-06
 1.89466e-06
 1.82063e-06
 1.70657e-06
 1.55172e-06
 1.40694e-06
 1.31710e-06
 1.27118e-06
 1.25103e-06
 1.24300e-06
 1.23797e-06
 1.22977e-06
 1.95620e-06
 1.95926e-06
 1.96236e-06
 1.96541e-06
 1.96833e-06
 1.97106e-06
 1.97360e-06
 1.97596e-06
 1.97813e-06
 1.98012e-06
 1.98191e-06
 1.98346e-06
 1.98468e-06
 1.98534e-06
 1.98503e-06
 1.98281e-06
 1.97682e-06
 1.96399e-06
 1.93925e-06
 1.89466e-06
 1.82063e-06
 1.70657e-06
 1.55172e-06
 1.40694e-06
 1.31710e-06
 1.27118e-06
 1.25103e-06
 1.24300e-06
 1.23797e-06
 1.22977e-06
 1.95620e-06
 1.95926e-06
 1.96236e-06
 1.96541e-06
 1.96833e-06
 1.97106e-06
 1.97360e-06
 1.97596e-06
 1.97813e-06
 1.98012e-06
 1.98191e-06
 1.98346e-06
 1.98468e-06
 1.98534e-06
 1.98503e-06
 1.98281e-06
 1.97682e-06
 1.96399e-06
 1.93925e-06
 1.89466e-06
 1.82063e-06
 1.70657e-06
 1.55172e-06
 1.40694e-06
 1.31710e-06
 1.27118e-06
 1.25103e-06
 1.24300e-06
 1.23797e-06
 1.22977e-06
 1.95620e-06
 1.95926e-06
 1.96236e-06
 1.96541e-06
 1.96833e-06
 1.97106e-06
 1.97360e-06
 1.97596e-06
 1.97813e-06
 1.98012e-06
 1.98191e-06
 1.98346e-06
 1.98468e-06
 1.98534e-06
 1.98503e-06
 1.98281e-06
 1.97682e-06
 1.96399e-06
 1.93925e-06
 1.89466e-06
 1.82063e-06
 1.70657e-06
 1.55172e-06
 1.40694e-06
 1.31710e-06
 1.27118e-06
 1.25103e-06
 1.24300e-06
 1.23797e-06
 1.22977e-06
 9.78098e-07
 9.79629e-07
 9.81182e-07
 9.82704e-07
 9.84164e-07
 9.85532e-07
 9.86800e-07
 9.87978e-07
 9.89065e-07
 9.90058e-07
 9.90953e-07
 9.91730e-07
 9.92339e-07
 9.92672e-07
 9.92515e-07
 9.91405e-07
 9.88412e-07
 9.81993e-07
 9.69625e-07
 9.47329e-07
 9.10313e-07
 8.53286e-07
 7.75859e-07
 7.03471e-07
 6.58551e-07
 6.35589e-07
 6.25517e-07
 6.21501e-07
 6.18986e-07
 6.14887e-07
 4.89049e-07
 4.89815e-07
 4.90591e-07
 4.91352e-07
 4.92082e-07
 4.92766e-07
 4.93400e-07
 4.93989e-07
 4.94532e-07
 4.95029e-07
 4.95477e-07
 4.95865e-07
 4.96169e-07
 4.96336e-07
 4.96258e-07
 4.95702e-07
 4.94206e-07
 4.90996e-07
 4.84812e-07
 4.73664e-07
 4.55157e-07
 4.26643e-07
 3.87930e-07
 3.51736e-07
 3.29276e-07
 3.17794e-07
 3.12759e-07
 3.10751e-07
 3.09493e-07
 3.07443e-07
 9.78098e-07
 9.79629e-07
 9.81182e-07
 9.82704e-07
 9.84164e-07
 9.85532e-07
 9.86800e-07
 9.87978e-07
 9.89065e-07
 9.90058e-07
 9.90953e-07
 9.91730e-07
 9.92339e-07
 9.92672e-07
 9.92515e-07
 9.91405e-07
 9.88412e-07
 9.81993e-07
 9.69625e-07
 9.47329e-07
 9.10313e-07
 8.53286e-07
 7.75859e-07
 7.03471e-07
 6.58551e-07
 6.35589e-07
 6.25517e-07
 6.21501e-07
 6.18986e-07
 6.14887e-07
 9.78098e-07
 9.79629e-07
 9.81182e-07
 9.82704e-07
 9.84164e-07
 9.85532e-07
 9.86800e-07
 9.87978e-07
 9.89065e-07
 9.90058e-07
 9.90953e-07
 9.91730e-07
 9.92339e-07
 9.92672e-07
 9.92515e-07
 9.91405e-07
 9.88412e-07
 9.81993e-07
 9.69625e-07
 9.47329e-07
 9.10313e-07
 8.53286e-07
 7.75859e-07
 7.03471e-07
 6.58551e-07
 6.35589e-07
 6.25517e-07
 6.21501e-07
 6.18986e-07
 6.14887e-07
 9.78098e-07
 9.79629e-07
 9.81182e-07
 9.82704e-07
 9.84164e-07
 9.85532e-07
 9.86800e-07
 9.87978e-07
 9.89065e-07
 9.90058e-07
 9.90953e-07
 9.91730e-07
 9.92339e-07
 9.92672e-07
 9.92515e-07
 9.91405e-07
 9.88412e-07
 9.81993e-07
 9.69625e-07
 9.47329e-07
 9.10313e-07
 8.53286e-07
 7.75859e-07
 7.03471e-07
 6.58551e-07
 6.35589e-07
 6.25517e-07
 6.21501e-07
 6.18986e-07
 6.14887e-07
 9.78098e-07
 9.79629e-07
 9.81182e-07
 9.82704e-07
 9.84164e-07
 9.85532e-07
 9.86800e-07
 9.87978e-07
 9.89065e-07
 9.90058e-07
 9.90953e-07
 9.91730e-07
 9.92339e-07
 9.92672e-07
 9.92515e-07
 9.91405e-07
 9.88412e-07
 9.81993e-07
 9.69625e-07
 9.47329e-07
 9.10313e-07
 8.53286e-07
 7.75859e-07
 7.03471e-07
 6.58551e-07
 6.35589e-07
 6.25517e-07
 6.21501e-07
 6.18986e-07
 6.14887e-07
 4.89049e-07
 4.89815e-07
 4.90591e-07
 4.91352e-07
 4.92082e-07
 4.92766e-07
 4.93400e-07
 4.93989e-07
 4.94532e-07
 4.95029e-07
 4.95477e-07
 4.95865e-07
 4.96169e-07
 4.96336e-07
 4.96258e-07
 4.95702e-07
 4.94206e-07
 4.90996e-07
 4.84812e-07
 4.73664e-07
 4.55157e-07
 4.26643e-07
 3.87930e-07
 3.51736e-07
 3.29276e-07
 3.17794e-07
 3.12759e-07
 3.10751e-07
 3.09493e-07
 3.07443e-07
part
         4
coordinates
 3.17794e-07
 3.12759e-07
 3.10751e-07
 3.09493e-07
 3.07443e-07
 3.03356e-07
 2.96025e-07
 2.84299e-07
 2.67365e-07
 2.45369e-07
 2.20178e-07
 1.94307e-07
 1.70398e-07
 1.51184e-07
 1.37996e-07
 1.30442e-07
 1.26936e-07
 1.25612e-07
 1.25181e-07
 1.25052e-07
 1.25014e-07
 1.25004e-07
 1.25001e-07
 1.25000e-07
 1.25000e-07
 1.25000e-07
 1.25000e-07
 6.25000e-08
 6.35589e-07
 6.25517e-07
 6.21501e-07
 6.18986e-07
 6.14887e-07
 6.06711e-07
 5.92051e-07
 5.68597e-07
 5.34731e-07
 4.90738e-07
 4.40357e-07
 3.88614e-07
 3.40795e-07
 3.02367e-07
 2.75992e-07
 2.60885e-07
 2.53872e-07
 2.51224e-07
 2.50362e-07
 2.50103e-07
 2.50029e-07
 2.50008e-07
 2.50002e-07
 2.50001e-07
 2.50000e-07
 2.50000e-07
 2.50000e-07
 1.25000e-07
 6.35589e-07
 6.25517e-07
 6.21501e-07
 6.18986e-07
 6.14887e-07
 6.06711e-07
 5.92051e-07
 5.68597e-07
 5.34731e-07
 4.90738e-07
 4.40357e-07
 3.88614e-07
 3.40795e-07
 3.02367e-07
 2.75992e-07
 2.60885e-07
 2.53872e-07
 2.51224e-07
 2.50362e-07
 2.50103e-07
 2.50029e-07
 2.50008e-07
 2.50002e-07
 2.50001e-07
 2.50000e-07
 2.50000e-07
 2.50000e-07
 1.25000e-07
 6.35589e-07
 6.25517e-07
 6.21501e-07
 6.18986e-07
 6.14887e-07
 6.06711e-07
 5.92051e-07
 5.68597e-07
 5.34731e-07
 4.90738e-07
 4.40357e-07
 3.88614e-07
 3.40795e-07
 3.02367e-07
 2.75992e-07
 2.60885e-07
 2.53872e-07
 2.51224e-07
 2.50362e-07
 2.50103e-07
 2.50029e-07
 2.50008e-07
 2.50002e-07
 2.50001e-07
 2.50000e-07
 2.50000e-07
 2.50000e-07
 1.25000e-07
 6.35589e-07
 6.25517e-07
 6.21501e-07
 6.18986e-07
 6.14887e-07
 6.06711e-07
 5.92051e-07
 5.68597e-07
 5.34731e-07
 4.90738e-07
 4.40357e-07
 3.88614e-07
 3.40795e-07
 3.02367e-07
 2.75992e-07
 2.60885e-07
 2.53872e-07
 2.51224e-07
 2.50362e-07
 2.50103e-07
 2.50029e-07
 2.50008e-07
 2.50002e-07
 2.50001e-07
 2.50000e-07
 2.50000e-07
 2.50000e-07
 1.25000e-07
 3.17794e-07
 3.12759e-07
 3.10751e-07
 3.09493e-07
 3.07443e-07
 3.03356e-07
 2.96025e-07
 2.84299e-07
 2.67365e-07
 2.45369e-07
 2.20178e-07
 1.94307e-07
 1.70398e-07
 1.51184e-07
 1.37996e-07
 1.30442e-07
 1.26936e-07
 1.25612e-07
 1.25181e-07
 1.25052e-07
 1.25014e-07
 1.25004e-07
 1.25001e-07
 1.25000e-07
 1.25000e-07
 1.25000e-07
 1.25000e-07
 6.25000e-08
 6.35589e-07
 6.25517e-07
 6.21501e-07
 6.18986e-07
 6.14887e-07
 6.06711e-07
 5.92051e-07
 5.68597e-07
 5.34731e-07
 4.90738e-07
 4.40357e-07
 3.88614e-07
 3.40795e-07
 3.02367e-07
 2.75992e-07
 2.60885e-07
 2.53872e-07
 2.51224e-07
 2.50362e-07
 2.50103e-07
 2.50029e-07
 2.50008e-07
 2.50002e-07
 2.50001e-07
 2.50000e-07
 2.50000e-07
 2.50000e-07
 1.25000e-07
 1.27118e-06
 1.25103e-06
 1.24300e-06
 1.23797e-06
 1.22977e-06
 1.21342e-06
 1.18410e-06
 1.13719e-06
 1.06946e-06
 9.81477e-07
 8.80713e-07
 7.77228e-07
 6.81590e-07
 6.04734e-07
 5.51983e-07
 5.21770e-07
 5.07745e-07
 5.02448e-07
 5.00725e-07
 5.00207e-07
 5.00058e-07
 5.00016e-07
 5.00004e-07
 5.00001e-07
 5.00000e-07
 5.00000e-07
 5.00000e-07
 2.50000e-07
 1.27118e-06
 1.25103e-06
 1.24300e-06
 1.23797e-06
 1.22977e-06
 1.21342e-06
 1.18410e-06
 1.13719e-06
 1.06946e-06
 9.81477e-07
 8.80713e-07
 7.77228e-07
 6.81590e-07
 6.04734e-07
 5.51983e-07
 5.21770e-07
 5.07745e-07
 5.02448e-07
 5.00725e-07
 5.00207e-07
 5.00058e-07
 5.00016e-07
 5.00004e-07
 5.00001e-07
 5.00000e-07
 5.00000e-07
 5.00000e-07
 2.50000e-07
 1.27118e-06
 1.25103e-06
 1.24300e-06
 1.23797e-06
 1.22977e-06
 1.21342e-06
 1.18410e-06
 1.13719e-06
 1.06946e-06
 9.81477e-07
 8.80713e-07
 7.77228e-07
 6.81590e-07
 6.04734e-07
 5.51983e-07
 5.21770e-07
 5.07745e-07
 5.02448e-07
 5.00725e-07
 5.00207e-07
 5.00058e-07
 5.00016e-07
 5.00004e-07
 5.00001e-07
 5.00000e-07
 5.00000e-07
 5.00000e-07
 2.50000e-07
 1.27118e-06
 1.25103e-06
 1.24300e-06
 1.23797e-06
 1.22977e-06
 1.21342e-06
 1.18410e-06
 1.13719e-06
 1.06946e-06
 9.81477e-07
 8.80713e-07
 7.77228e-07
 6.81590e-07
 6.04734e-07
 5.51983e-07
 5.21770e-07
 5.07745e-07
 5.02448e-07
 5.00725e-07
 5.00207e-07
 5.00058e-07
 5.00016e-07
 5.00004e-07
 5.00001e-07
 5.00000e-07
 5.00000e-07
 5.00000e-07
 2.50000e-07
 6.35589e-07
 6.25517e-07
 6.21501e-07
 6.18986e-07
 6.14887e-07
 6.06711e-07
 5.92051e-07
 5.68597e-07
 5.34731e-07
 4.90738e-07
 4.40357e-07
 3.88614e-07
 3.40795e-07
 3.02367e-07
 2.75992e-07
 2.60885e-07
 2.53872e-07
 2.51224e-07
 2.50362e-07
 2.50103e-07
 2.50029e-07
 2.50008e-07
 2.50002e-07
 2.50001e-07
 2.50000e-07
 2.50000e-07
 2.50000e-07
 1.25000e-07
 6.35589e-07
 6.25517e-07
 6.21501e-07
 6.18986e-07
 6.14887e-07
 6.06711e-07
 5.92051e-07
 5.68597e-07
 5.34731e-07
 4.90738e-07
 4.40357e-07
 3.88614e-07
 3.40795e-07
 3.02367e-07
 2.75992e-07
 2.60885e-07
 2.53872e-07
 2.51224e-07
 2.50362e-07
 2.50103e-07
 2.50029e-07
 2.50008e-07
 2.50002e-07
 2.50001e-07
 2.50000e-07
 2.50000e-07
 2.50000e-07
 1.25000e-07
 1.27118e-06
 1.25103e-06
 1.24300e-06
 1.23797e-06
 1.22977e-06
 1.21342e-06
 1.18410e-06
 1.13719e-06
 1.06946e-06
 9.81477e-07
 8.80713e-07
 7.77228e-07
 6.81590e-07
 6.04734e-07
 5.51983e-07
 5.21770e-07
 5.07745e-07
 5.02448e-07
 5.00725e-07
 5.00207e-07
 5.00058e-07
 5.00016e-07
 5.00004e-07
 5.00001e-07
 5.00000e-07
 5.00000e-07
 5.00000e-07
 2.50000e-07
 1.27118e-06
 1.25103e-06
 1.24300e-06
 1.23797e-06
 1.22977e-06
 1.21342e-06
 1.18410e-06
 1.13719e-06
 1.06946e-06
 9.81477e-07
 8.80713e-07
 7.77228e-07
 6.81590e-07
 6.04734e-07
 5.51983e-07
 5.21770e-07
 5.07745e-07
 5.02448e-07
 5.00725e-07
 5.00207e-07
 5.00058e-07
 5.00016e-07
 5.00004e-07
 5.00001e-07
 5.00000e-07
 5.00000e-07
 5.00000e-07
 2.50000e-07
 1.27118e-06
 1.25103e-06
 1.24300e-06
 1.23797e-06
 1.22977e-06
 1.21342e-06
 1.18410e-06
 1.13719e-06
 1.06946e-06
 9.81477e-07
 8.80713e-07
 7.77228e-07
 6.81590e-07
 6.04734e-07
 5.51983e-07
 5.21770e-07
 5.07745e-07
 5.02448e-07
 5.00725e-07
 5.00207e-07
 5.00058e-07
 5.00016e-07
 5.00004e-07
 5.00001e-07
 5.00000e-07
 5.00000e-07
 5.00000e-07
 2.50000e-07
 1.27118e-06
 1.25103e-06
 1.24300e-06
 1.23797e-06
 1.22977e-06
 1.21342e-06
 1.18410e-06
 1.13719e-06
 1.06946e-06
 9.81477e-07
 8.80713e-07
 7.77228e-07
 6.81590e-07
 6.04734e-07
 5.51983e-07
 5.21770e-07
 5.07745e-07
 5.02448e-07
 5.00725e-07
 5.00207e-07
 5.00058e-07
 5.00016e-07
 5.00004e-07
 5.00001e-07
 5.00000e-07
 5.00000e-07
 5.00000e-07
 2.50000e-07
 6.35589e-07
 6.25517e-07
 6.21501e-07
 6.18986e-07
 6.14887e-07
 6.06711e-07
 5.92051e-07
 5.68597e-07
 5.34731e-07
 4.90738e-07
 4.40357e-07
 3.88614e-07
 3.40795e-07
 3.02367e-07
 2.75992e-07
 2.60885e-07
 2.53872e-07
 2.51224e-07
 2.50362e-07
 2.50103e-07
 2.50029e-07
 2.50008e-07
 2.50002e-07
 2.50001e-07
 2.50000e-07
 2.50000e-07
 2.50000e-07
 1.25000e-07
 6.35589e-07
 6.25517e-07
 6.21501e-07
 6.18986e-07
 6.14887e-07
 6.06711e-07
 5.92051e-07
 5.68597e-07
 5.34731e-07
 4.90738e-07
 4.40357e-07
 3.88614e-07
 3.40795e-07
 3.02367e-07
 2.75992e-07
 2.60885e-07
 2.53872e-07
 2.51224e-07
 2.50362e-07
 2.50103e-07
 2.50029e-07
 2.50008e-07
 2.50002e-07
 2.50001e-07
 2.50000e-07
 2.50000e-07
 2.50000e-07
 1.25000e-07
 1.27118e-06
 1.25103e-06
 1.24300e-06
 1.23797e-06
 1.22977e-06
 1.21342e-06
 1.18410e-06
 1.13719e-06
 1.06946e-06
 9.81477e-07
 8.80713e-07
 7.77228e-07
 6.81590e-07
 6.04734e-07
 5.51983e-07
 5.21770e-07
 5.07745e-07
 5.02448e-07
 5.00725e-07
 5.00207e-07
 5.00058e-07
 5.00016e-07
 5.00004e-07
 5.00001e-07
 5.00000e-07
 5.00000e-07
 5.00000e-07
 2.50000e-07
 1.27118e-06
 1.25103e-06
 1.24300e-06
 1.23797e-06
 1.22977e-06
 1.21342e-06
 1.18410e-06
 1.13719e-06
 1.06946e-06
 9.81477e-07
 8.80713e-07
 7.77228e-07
 6.81590e-07
 6.04734e-07
 5.51983e-07
 5.21770e-07
 5.07745e-07
 5.02448e-07
 5.00725e-07
 5.00207e-07
 5.00058e-07
 5.00016e-07
 5.00004e-07
 5.00001e-07
 5.00000e-07
 5.00000e-07
 5.00000e-07
 2.50000e-07
 1.27118e-06
 1.25103e-06
 1.24300e-06
 1.23797e-06
 1.22977e-06
 1.21342e-06
 1.18410e-06
 1.13719e-06
 1.06946e-06
 9.81477e-07
 8.80713e-07
 7.77228e-07
 6.81590e-07
 6.04734e-07
 5.51983e-07
 5.21770e-07
 5.07745e-07
 5.02448e-07
 5.00725e-07
 5.00207e-07
 5.00058e-07
 5.00016e-07
 5.00004e-07
 5.00001e-07
 5.00000e-07
 5.00000e-07
 5.00000e-07
 2.50000e-07
 1.27118e-06
 1.25103e-06
 1.24300e-06
 1.23797e-06
 1.22977e-06
 1.21342e-06
 1.18410e-06
 1.13719e-06
 1.06946e-06
 9.81477e-07
 8.80713e-07
 7.77228e-07
 6.81590e-07
 6.04734e-07
 5.51983e-07
 5.21770e-07
 5.07745e-07
 5.02448e-07
 5.00725e-07
 5.00207e-07
 5.00058e-07
 5.00016e-07
 5.00004e-07
 5.00001e-07
 5.00000e-07
 5.00000e-07
 5.00000e-07
 2.50000e-07
 6.35589e-07
 6.25517e-07
 6.21501e-07
 6.18986e-07
 6.14887e-07
 6.06711e-07
 5.92051e-07
 5.68597e-07
 5.34731e-07
 4.90738e-07
 4.40357e-07
 3.88614e-07
 3.40795e-07
 3.02367e-07
 2.75992e-07
 2.60885e-07
 2.53872e-07
 2.51224e-07
 2.50362e-07
 2.50103e-07
 2.50029e-07
 2.50008e-07
 2.50002e-07
 2.50001e-07
 2.50000e-07
 2.50000e-07
 2.50000e-07
 1.25000e-07
 6.35589e-07
 6.25517e-07
 6.21501e-07
 6.18986e-07
 6.14887e-07
 6.06711e-07
 5.92051e-07
 5.68597e-07
 5.34731e-07
 4.90738e-07
 4.40357e-07
 3.88614e-07
 3.40795e-07
 3.02367e-07
 2.75992e-07
 2.60885e-07
 2.53872e-07
 2.51224e-07
 2.50362e-07
 2.50103e-07
 2.50029e-07
 2.50008e-07
 2.50002e-07
 2.50001e-07
 2.50000e-07
 2.50000e-07
 2.50000e-07
 1.25000e-07
 1.27118e-06
 1.25103e-06
 1.24300e-06
 1.23797e-06
 1.22977e-06
 1.21342e-06
 1.18410e-06
 1.13719e-06
 1.06946e-06
 9.81477e-07
 8.80713e-07
 7.77228e-07
 6.81590e-07
 6.04734e-07
 5.51983e-07
 5.21770e-07
 5.07745e-07
 5.02448e-07
 5.00725e-07
 5.00207e-07
 5.00058e-07
 5.00016e-07
 5.00004e-07
 5.00001e-07
 5.00000e-07
 5.00000e-07
 5.00000e-07
 2.50000e-07
 1.27118e-06
 1.25103e-06
 1.24300e-06
 1.23797e-06
 1.22977e-06
 1.21342e-06
 1.18410e-06
 1.13719e-06
 1.06946e-06
 9.81477e-07
 8.80713e-07
 7.77228e-07
 6.81590e-07
 6.04734e-07
 5.51983e-07
 5.21770e-07
 5.07745e-07
 5.02448e-07
 5.00725e-07
 5.00207e-07
 5.00058e-07
 5.00016e-07
 5.00004e-07
 5.00001e-07
 5.00000e-07
 5.00000e-07
 5.00000e-07
 2.50000e-07
 1.27118e-06
 1.25103e-06
 1.24300e-06
 1.23797e-06
 1.22977e-06
 1.21342e-06
 1.18410e-06
 1.13719e-06
 1.06946e-06
 9.81477e-07
 8.80713e-07
 7.77228e-07
 6.81590e-07
 6.04734e-07
 5.51983e-07
 5.21770e-07
 5.07745e-07
 5.02448e-07
 5.00725e-07
 5.00207e-07
 5.00058e-07
 5.00016e-07
 5.00004e-07
 5.00001e-07
 5.00000e-07
 5.00000e-07
 5.00000e-07
 2.50000e-07
 1.27118e-06
 1.25103e-06
 1.24300e-06
 1.23797e-06
 1.22977e-06
 1.21342e-06
 1.18410e-06
 1.13719e-06
 1.06946e-06
 9.81477e-07
 8.80713e-07
 7.77228e-07
 6.81590e-07
 6.04734e-07
 5.51983e-07
 5.21770e-07
 5.07745e-07
 5.02448e-07
 5.00725e-07
 5.00207e-07
 5.00058e-07
 5.00016e-07
 5.00004e-07
 5.00001e-07
 5.00000e-07
 5.00000e-07
 5.00000e-07
 2.50000e-07
 6.35589e-07
 6.25517e-07
 6.21501e-07
 6.18986e-07
 6.14887e-07
 6.06711e-07
 5.92051e-07
 5.68597e-07
 5.34731e-07
 4.90738e-07
 4.40357e-07
 3.88614e-07
 3.40795e-07
 3.02367e-07
 2.75992e-07
 2.60885e-07
 2.53872e-07
 2.51224e-07
 2.50362e-07
 2.50103e-07
 2.50029e-07
 2.50008e-07
 2.50002e-07
 2.50001e-07
 2.50000e-07
 2.50000e-07
 2.50000e-07
 1.25000e-07
 3.17794e-07
 3.12759e-07
 3.10751e-07
 3.09493e-07
 3.07443e-07
 3.03356e-07
 2.96025e-07
 2.84299e-07
 2.67365e-07
 2.45369e-07
 2.20178e-07
 1.94307e-07
 1.70398e-07
 1.51184e-07
 1.37996e-07
 1.30442e-07
 1.26936e-07
 1.25612e-07
 1.25181e-07
 1.25052e-07
 1.25014e-07
 1.25004e-07
 1.25001e-07
 1.25000e-07
 1.25000e-07
 1.25000e-07
 1.25000e-07
 6.25000e-08
 6.35589e-07
 6.25517e-07
 6.21501e-07
 6.18986e-07
 6.14887e-07
 6.06711e-07
 5.92051e-07
 5.68597e-07
 5.34731e-07
 4.90738e-07
 4.40357e-07
 3.88614e-07
 3.40795e-07
 3.02367e-07
 2.75992e-07
 2.60885e-07
 2.53872e-07
 2.51224e-07
 2.50362e-07
 2.50103e-07
 2.50029e-07
 2.50008e-07
 2.50002e-07
 2.50001e-07
 2.50000e-07
 2.50000e-07
 2.50000e-07
 1.25000e-07
 6.35589e-07
 6.25517e-07
 6.21501e-07
 6.18986e-07
 6.14887e-07
 6.06711e-07
 5.92051e-07
 5.68597e-07
 5.34731e-07
 4.90738e-07
 4.40357e-07
 3.88614e-07
 3.40795e-07
 3.02367e-07
 2.75992e-07
 2.60885e-07
 2.53872e-07
 2.51224e-07
 2.50362e-07
 2.50103e-07
 2.50029e-07
 2.50008e-07
 2.50002e-07
 2.50001e-07
 2.50000e-07
 2.50000e-07
 2.50000e-07
 1.25000e-07
 6.35589e-07
 6.25517e-07
 6.21501e-07
 6.18986e-07
 6.14887e-07
 6.06711e-07
 5.92051e-07
 5.68597e-07
 5.34731e-07
 4.90738e-07
 4.40357e-07
 3.88614e-07
 3.40795e-07
 3.02367e-07
 2.75992e-07
 2.60885e-07
 2.53872e-07
 2.51224e-07
 2.50362e-07
 2.50103e-07
 2.50029e-07
 2.50008e-07
 2.50002e-07
 2.50001e-07
 2.50000e-07
 2.50000e-07
 2.50000e-07
 1.25000e-07
 6.35589e-07
 6.25517e-07
 6.21501e-07
 6.18986e-07
 6.14887e-07
 6.06711e-07
 5.92051e-07
 5.68597e-07
 5.34731e-07
 4.90738e-07
 4.40357e-07
 3.88614e-07
 3.40795e-07
 3.02367e-07
 2.75992e-07
 2.60885e-07
 2.53872e-07
 2.51224e-07
 2.50362e-07
 2.50103e-07
 2.50029e-07
 2.50008e-07
 2.50002e-07
 2.50001e-07
 2.50000e-07
 2.50000e-07
 2.50000e-07
 1.25000e-07
 3.17794e-07
 3.12759e-07
 3.10751e-07
 3.09493e-07
 3.07443e-07
 3.03356e-07
 2.96025e-07
 2.84299e-07
 2.67365e-07
 2.45369e-07
 2.20178e-07
 1.94307e-07
 1.70398e-07
 1.51184e-07
 1.37996e-07
 1.30442e-07
 1.26936e-07
 1.25612e-07
 1.25181e-07
 1.25052e-07
 1.25014e-07
 1.25004e-07
 1.25001e-07
 1.25000e-07
 1.25000e-07
 1.25000e-07
 1.25000e-07
 6.25000e-08
