NodeMass
part
         1
coordinates
 5.00000e-07
 1.00000e-06
 1.00000e-06
 1.00000e-06
 1.00000e-06
 5.00000e-07
 1.00000e-06
 2.00000e-06
 2.00000e-06
 2.00000e-06
 2.00000e-06
 1.00000e-06
 1.00000e-06
 2.00000e-06
 2.00000e-06
 2.00000e-06
 2.00000e-06
 1.00000e-06
 1.00000e-06
 2.00000e-06
 2.00000e-06
 2.00000e-06
 2.00000e-06
 1.00000e-06
 1.00000e-06
 2.00000e-06
 2.00000e-06
 2.00000e-06
 2.00000e-06
 1.00000e-06
 1.00000e-06
 2.00000e-06
 2.00000e-06
 2.00000e-06
 2.00000e-06
 1.00000e-06
 1.00000e-06
 2.00000e-06
 2.00000e-06
 2.00000e-06
 2.00000e-06
 1.00000e-06
 1.00000e-06
 2.00000e-06
 2.00000e-06
 2.00000e-06
 2.00000e-06
 1.00000e-06
 1.00000e-06
 2.00000e-06
 2.00000e-06
 2.00000e-06
 2.00000e-06
 1.00000e-06
 1.00000e-06
 2.00000e-06
 2.00000e-06
 2.00000e-06
 2.00000e-06
 1.00000e-06
 1.00000e-06
 2.00000e-06
 2.00000e-06
 2.00000e-06
 2.00000e-06
 1.00000e-06
 1.00000e-06
 2.00000e-06
 2.00000e-06
 2.00000e-06
 2.00000e-06
 1.00000e-06
 1.00000e-06
 2.00000e-06
 2.00000e-06
 2.00000e-06
 2.00000e-06
 1.00000e-06
 1.00000e-06
 2.00000e-06
 2.00000e-06
 2.00000e-06
 2.00000e-06
 1.00000e-06
 1.00000e-06
 2.00000e-06
 2.00000e-06
 2.00000e-06
 2.00000e-06
 1.00000e-06
 1.00000e-06
 2.00000e-06
 2.00000e-06
 2.00000e-06
 2.00000e-06
 1.00000e-06
 1.00000e-06
 2.00000e-06
 2.00000e-06
 2.00000e-06
 2.00000e-06
 1.00000e-06
 9.99999e-07
 2.00000e-06
 2.00000e-06
 2.00000e-06
 2.00000e-06
 9.99999e-07
 9.99992e-07
 1.99998e-06
 1.99998e-06
 1.99998e-06
 1.99998e-06
 9.99992e-07
 9.99958e-07
 1.99992e-06
 1.99992e-06
 1.99992e-06
 1.99992e-06
 9.99958e-07
 9.99796e-07
 1.99959e-06
 1.99959e-06
 1.99959e-06
 1.99959e-06
 9.99796e-07
 9.99123e-07
 1.99825e-06
 1.99825e-06
 1.99825e-06
 1.99825e-06
 9.99123e-07
 9.96734e-07
 1.99347e-06
 1.99347e-06
 1.99347e-06
 1.99347e-06
 9.96734e-07
 9.89855e-07
 1.97971e-06
 1.97971e-06
 1.97971e-06
 1.97971e-06
 9.89855e-07
 9.74561e-07
 1.94912e-06
 1.94912e-06
 1.94912e-06
 1.94912e-06
 9.74561e-07
 9.48716e-07
 1.89743e-06
 1.89743e-06
 1.89743e-06
 1.89743e-06
 9.48716e-07
 9.14540e-07
 1.82908e-06
 1.82908e-06
 1.82908e-06
 1.82908e-06
 9.14540e-07
 8.76607e-07
 1.75321e-06
 1.75321e-06
 1.75321e-06
 1.75321e-06
 8.76607e-07
 1.00000e-06
 2.00000e-06
 2.00000e-06
 2.00000e-06
 2.00000e-06
 1.00000e-06
 2.00000e-06
 4.00000e-06
 4.00000e-06
 4.00000e-06
 4.00000e-06
 2.00000e-06
 2.00000e-06
 4.00000e-06
 4.00000e-06
 4.00000e-06
 4.00000e-06
 2.00000e-06
 2.00000e-06
 4.00000e-06
 4.00000e-06
 4.00000e-06
 4.00000e-06
 2.00000e-06
 2.00000e-06
 4.00000e-06
 4.00000e-06
 4.00000e-06
 4.00000e-06
 2.00000e-06
 2.00000e-06
 4.00000e-06
 4.00000e-06
 4.00000e-06
 4.00000e-06
 2.00000e-06
 2.00000e-06
 4.00000e-06
 4.00000e-06
 4.00000e-06
 4.00000e-06
 2.00000e-06
 2.00000e-06
 4.00000e-06
 4.00000e-06
 4.00000e-06
 4.00000e-06
 2.00000e-06
 2.00000e-06
 4.00000e-06
 4.00000e-06
 4.00000e-06
 4.00000e-06
 2.00000e-06
 2.00000e-06
 4.00000e-06
 4.00000e-06
 4.00000e-06
 4.00000e-06
 2.00000e-06
 2.00000e-06
 4.00000e-06
 4.00000e-06
 4.00000e-06
 4.00000e-06
 2.00000e-06
 2.00000e-06
 4.00000e-06
 4.00000e-06
 4.00000e-06
 4.00000e-06
 2.00000e-06
 2.00000e-06
 4.00000e-06
 4.00000e-06
 4.00000e-06
 4.00000e-06
 2.00000e-06
 2.00000e-06
 4.00000e-06
 4.00000e-06
 4.00000e-06
 4.00000e-06
 2.00000e-06
 2.00000e-06
 4.00000e-06
 4.00000e-06
 4.00000e-06
 4.00000e-06
 2.00000e-06
 2.00000e-06
 4.00000e-06
 4.00000e-06
 4.00000e-06
 4.00000e-06
 2.00000e-06
 2.00000e-06
 4.00000e-06
 4.00000e-06
 4.00000e-06
 4.00000e-06
 2.00000e-06
 2.00000e-06
 3.99999e-06
 3.99999e-06
 3.99999e-06
 3.99999e-06
 2.00000e-06
 1.99998e-06
 3.99997e-06
 3.99997e-06
 3.99997e-06
 3.99997e-06
 1.99998e-06
 1.99992e-06
 3.99983e-06
 3.99983e-06
 3.99983e-06
 3.99983e-06
 1.99992e-06
 1.99959e-06
 3.99919e-06
 3.99919e-06
 3.99919e-06
 3.99919e-06
 1.99959e-06
 1.99825e-06
 3.99649e-06
 3.99649e-06
 3.99649e-06
 3.99649e-06
 1.99825e-06
 1.99347e-06
 3.98694e-06
 3.98694e-06
 3.98694e-06
 3.98694e-06
 1.99347e-06
 1.97971e-06
 3.95942e-06
 3.95942e-06
 3.95942e-06
 3.95942e-06
 1.97971e-06
 1.94912e-06
 3.89824e-06
 3.89824e-06
 3.89824e-06
 3.89824e-06
 1.94912e-06
 1.89743e-06
 3.79486e-06
 3.79486e-06
 3.79486e-06
 3.79486e-06
 1.89743e-06
 1.82908e-06
 3.65816e-06
 3.65816e-06
 3.65816e-06
 3.65816e-06
 1.82908e-06
 1.75321e-06
 3.50643e-06
 3.50643e-06
 3.50643e-06
 3.50643e-06
 1.75321e-06
 1.00000e-06
 2.00000e-06
 2.00000e-06
 2.00000e-06
 2.00000e-06
 1.00000e-06
 2.00000e-06
 4.00000e-06
 4.00000e-06
 4.00000e-06
 4.00000e-06
 2.00000e-06
 2.00000e-06
 4.00000e-06
 4.00000e-06
 4.00000e-06
 4.00000e-06
 2.00000e-06
 2.00000e-06
 4.00000e-06
 4.00000e-06
 4.00000e-06
 4.00000e-06
 2.00000e-06
 2.00000e-06
 4.00000e-06
 4.00000e-06
 4.00000e-06
 4.00000e-06
 2.00000e-06
 2.00000e-06
 4.00000e-06
 4.00000e-06
 4.00000e-06
 4.00000e-06
 2.00000e-06
 2.00000e-06
 4.00000e-06
 4.00000e-06
 4.00000e-06
 4.00000e-06
 2.00000e-06
 2.00000e-06
 4.00000e-06
 4.00000e-06
 4.00000e-06
 4.00000e-06
 2.00000e-06
 2.00000e-06
 4.00000e-06
 4.00000e-06
 4.00000e-06
 4.00000e-06
 2.00000e-06
 2.00000e-06
 4.00000e-06
 4.00000e-06
 4.00000e-06
 4.00000e-06
 2.00000e-06
 2.00000e-06
 4.00000e-06
 4.00000e-06
 4.00000e-06
 4.00000e-06
 2.00000e-06
 2.00000e-06
 4.00000e-06
 4.00000e-06
 4.00000e-06
 4.00000e-06
 2.00000e-06
 2.00000e-06
 4.00000e-06
 4.00000e-06
 4.00000e-06
 4.00000e-06
 2.00000e-06
 2.00000e-06
 4.00000e-06
 4.00000e-06
 4.00000e-06
 4.00000e-06
 2.00000e-06
 2.00000e-06
 4.00000e-06
 4.00000e-06
 4.00000e-06
 4.00000e-06
 2.00000e-06
 2.00000e-06
 4.00000e-06
 4.00000e-06
 4.00000e-06
 4.00000e-06
 2.00000e-06
 2.00000e-06
 4.00000e-06
 4.00000e-06
 4.00000e-06
 4.00000e-06
 2.00000e-06
 2.00000e-06
 3.99999e-06
 3.99999e-06
 3.99999e-06
 3.99999e-06
 2.00000e-06
 1.99998e-06
 3.99997e-06
 3.99997e-06
 3.99997e-06
 3.99997e-06
 1.99998e-06
 1.99992e-06
 3.99983e-06
 3.99983e-06
 3.99983e-06
 3.99983e-06
 1.99992e-06
 1.99959e-06
 3.99919e-06
 3.99919e-06
 3.99919e-06
 3.99919e-06
 1.99959e-06
 1.99825e-06
 3.99649e-06
 3.99649e-06
 3.99649e-06
 3.99649e-06
 1.99825e-06
 1.99347e-06
 3.98694e-06
 3.98694e-06
 3.98694e-06
 3.98694e-06
 1.99347e-06
 1.97971e-06
 3.95942e-06
 3.95942e-06
 3.95942e-06
 3.95942e-06
 1.97971e-06
 1.94912e-06
 3.89824e-06
 3.89824e-06
 3.89824e-06
 3.89824e-06
 1.94912e-06
 1.89743e-06
 3.79486e-06
 3.79486e-06
 3.79486e-06
 3.79486e-06
 1.89743e-06
 1.82908e-06
 3.65816e-06
 3.65816e-06
 3.65816e-06
 3.65816e-06
 1.82908e-06
 1.75321e-06
 3.50643e-06
 3.50643e-06
 3.50643e-06
 3.50643e-06
 1.75321e-06
 1.00000e-06
 2.00000e-06
 2.00000e-06
 2.00000e-06
 2.00000e-06
 1.00000e-06
 2.00000e-06
 4.00000e-06
 4.00000e-06
 4.00000e-06
 4.00000e-06
 2.00000e-06
 2.00000e-06
 4.00000e-06
 4.00000e-06
 4.00000e-06
 4.00000e-06
 2.00000e-06
 2.00000e-06
 4.00000e-06
 4.00000e-06
 4.00000e-06
 4.00000e-06
 2.00000e-06
 2.00000e-06
 4.00000e-06
 4.00000e-06
 4.00000e-06
 4.00000e-06
 2.00000e-06
 2.00000e-06
 4.00000e-06
 4.00000e-06
 4.00000e-06
 4.00000e-06
 2.00000e-06
 2.00000e-06
 4.00000e-06
 4.00000e-06
 4.00000e-06
 4.00000e-06
 2.00000e-06
 2.00000e-06
 4.00000e-06
 4.00000e-06
 4.00000e-06
 4.00000e-06
 2.00000e-06
 2.00000e-06
 4.00000e-06
 4.00000e-06
 4.00000e-06
 4.00000e-06
 2.00000e-06
 2.00000e-06
 4.00000e-06
 4.00000e-06
 4.00000e-06
 4.00000e-06
 2.00000e-06
 2.00000e-06
 4.00000e-06
 4.00000e-06
 4.00000e-06
 4.00000e-06
 2.00000e-06
 2.00000e-06
 4.00000e-06
 4.00000e-06
 4.00000e-06
 4.00000e-06
 2.00000e-06
 2.00000e-06
 4.00000e-06
 4.00000e-06
 4.00000e-06
 4.00000e-06
 2.00000e-06
 2.00000e-06
 4.00000e-06
 4.00000e-06
 4.00000e-06
 4.00000e-06
 2.00000e-06
 2.00000e-06
 4.00000e-06
 4.00000e-06
 4.00000e-06
 4.00000e-06
 2.00000e-06
 2.00000e-06
 4.00000e-06
 4.00000e-06
 4.00000e-06
 4.00000e-06
 2.00000e-06
 2.00000e-06
 4.00000e-06
 4.00000e-06
 4.00000e-06
 4.00000e-06
 2.00000e-06
 2.00000e-06
 3.99999e-06
 3.99999e-06
 3.99999e-06
 3.99999e-06
 2.00000e-06
 1.99998e-06
 3.99997e-06
 3.99997e-06
 3.99997e-06
 3.99997e-06
 1.99998e-06
 1.99992e-06
 3.99983e-06
 3.99983e-06
 3.99983e-06
 3.99983e-06
 1.99992e-06
 1.99959e-06
 3.99919e-06
 3.99919e-06
 3.99919e-06
 3.99919e-06
 1.99959e-06
 1.99825e-06
 3.99649e-06
 3.99649e-06
 3.99649e-06
 3.99649e-06
 1.99825e-06
 1.99347e-06
 3.98694e-06
 3.98694e-06
 3.98694e-06
 3.98694e-06
 1.99347e-06
 1.97971e-06
 3.95942e-06
 3.95942e-06
 3.95942e-06
 3.95942e-06
 1.97971e-06
 1.94912e-06
 3.89824e-06
 3.89824e-06
 3.89824e-06
 3.89824e-06
 1.94912e-06
 1.89743e-06
 3.79486e-06
 3.79486e-06
 3.79486e-06
 3.79486e-06
 1.89743e-06
 1.82908e-06
 3.65816e-06
 3.65816e-06
 3.65816e-06
 3.65816e-06
 1.82908e-06
 1.75321e-06
 3.50643e-06
 3.50643e-06
 3.50643e-06
 3.50643e-06
 1.75321e-06
 1.00000e-06
 2.00000e-06
 2.00000e-06
 2.00000e-06
 2.00000e-06
 1.00000e-06
 2.00000e-06
 4.00000e-06
 4.00000e-06
 4.00000e-06
 4.00000e-06
 2.00000e-06
 2.00000e-06
 4.00000e-06
 4.00000e-06
 4.00000e-06
 4.00000e-06
 2.00000e-06
 2.00000e-06
 4.00000e-06
 4.00000e-06
 4.00000e-06
 4.00000e-06
 2.00000e-06
 2.00000e-06
 4.00000e-06
 4.00000e-06
 4.00000e-06
 4.00000e-06
 2.00000e-06
 2.00000e-06
 4.00000e-06
 4.00000e-06
 4.00000e-06
 4.00000e-06
 2.00000e-06
 2.00000e-06
 4.00000e-06
 4.00000e-06
 4.00000e-06
 4.00000e-06
 2.00000e-06
 2.00000e-06
 4.00000e-06
 4.00000e-06
 4.00000e-06
 4.00000e-06
 2.00000e-06
 2.00000e-06
 4.00000e-06
 4.00000e-06
 4.00000e-06
 4.00000e-06
 2.00000e-06
 2.00000e-06
 4.00000e-06
 4.00000e-06
 4.00000e-06
 4.00000e-06
 2.00000e-06
 2.00000e-06
 4.00000e-06
 4.00000e-06
 4.00000e-06
 4.00000e-06
 2.00000e-06
 2.00000e-06
 4.00000e-06
 4.00000e-06
 4.00000e-06
 4.00000e-06
 2.00000e-06
 2.00000e-06
 4.00000e-06
 4.00000e-06
 4.00000e-06
 4.00000e-06
 2.00000e-06
 2.00000e-06
 4.00000e-06
 4.00000e-06
 4.00000e-06
 4.00000e-06
 2.00000e-06
 2.00000e-06
 4.00000e-06
 4.00000e-06
 4.00000e-06
 4.00000e-06
 2.00000e-06
 2.00000e-06
 4.00000e-06
 4.00000e-06
 4.00000e-06
 4.00000e-06
 2.00000e-06
 2.00000e-06
 4.00000e-06
 4.00000e-06
 4.00000e-06
 4.00000e-06
 2.00000e-06
 2.00000e-06
 3.99999e-06
 3.99999e-06
 3.99999e-06
 3.99999e-06
 2.00000e-06
 1.99998e-06
 3.99997e-06
 3.99997e-06
 3.99997e-06
 3.99997e-06
 1.99998e-06
 1.99992e-06
 3.99983e-06
 3.99983e-06
 3.99983e-06
 3.99983e-06
 1.99992e-06
 1.99959e-06
 3.99919e-06
 3.99919e-06
 3.99919e-06
 3.99919e-06
 1.99959e-06
 1.99825e-06
 3.99649e-06
 3.99649e-06
 3.99649e-06
 3.99649e-06
 1.99825e-06
 1.99347e-06
 3.98694e-06
 3.98694e-06
 3.98694e-06
 3.98694e-06
 1.99347e-06
 1.97971e-06
 3.95942e-06
 3.95942e-06
 3.95942e-06
 3.95942e-06
 1.97971e-06
 1.94912e-06
 3.89824e-06
 3.89824e-06
 3.89824e-06
 3.89824e-06
 1.94912e-06
 1.89743e-06
 3.79486e-06
 3.79486e-06
 3.79486e-06
 3.79486e-06
 1.89743e-06
 1.82908e-06
 3.65816e-06
 3.65816e-06
 3.65816e-06
 3.65816e-06
 1.82908e-06
 1.75321e-06
 3.50643e-06
 3.50643e-06
 3.50643e-06
 3.50643e-06
 1.75321e-06
 5.00000e-07
 1.00000e-06
 1.00000e-06
 1.00000e-06
 1.00000e-06
 5.00000e-07
 1.00000e-06
 2.00000e-06
 2.00000e-06
 2.00000e-06
 2.00000e-06
 1.00000e-06
 1.00000e-06
 2.00000e-06
 2.00000e-06
 2.00000e-06
 2.00000e-06
 1.00000e-06
 1.00000e-06
 2.00000e-06
 2.00000e-06
 2.00000e-06
 2.00000e-06
 1.00000e-06
 1.00000e-06
 2.00000e-06
 2.00000e-06
 2.00000e-06
 2.00000e-06
 1.00000e-06
 1.00000e-06
 2.00000e-06
 2.00000e-06
 2.00000e-06
 2.00000e-06
 1.00000e-06
 1.00000e-06
 2.00000e-06
 2.00000e-06
 2.00000e-06
 2.00000e-06
 1.00000e-06
 1.00000e-06
 2.00000e-06
 2.00000e-06
 2.00000e-06
 2.00000e-06
 1.00000e-06
 1.00000e-06
 2.00000e-06
 2.00000e-06
 2.00000e-06
 2.00000e-06
 1.00000e-06
 1.00000e-06
 2.00000e-06
 2.00000e-06
 2.00000e-06
 2.00000e-06
 1.00000e-06
 1.00000e-06
 2.00000e-06
 2.00000e-06
 2.00000e-06
 2.00000e-06
 1.00000e-06
 1.00000e-06
 2.00000e-06
 2.00000e-06
 2.00000e-06
 2.00000e-06
 1.00000e-06
 1.00000e-06
 2.00000e-06
 2.00000e-06
 2.00000e-06
 2.00000e-06
 1.00000e-06
 1.00000e-06
 2.00000e-06
 2.00000e-06
 2.00000e-06
 2.00000e-06
 1.00000e-06
 1.00000e-06
 2.00000e-06
 2.00000e-06
 2.00000e-06
 2.00000e-06
 1.00000e-06
 1.00000e-06
 2.00000e-06
 2.00000e-06
 2.00000e-06
 2.00000e-06
 1.00000e-06
 1.00000e-06
 2.00000e-06
 2.00000e-06
 2.00000e-06
 2.00000e-06
 1.00000e-06
 9.99999e-07
 2.00000e-06
 2.00000e-06
 2.00000e-06
 2.00000e-06
 9.99999e-07
 9.99992e-07
 1.99998e-06
 1.99998e-06
 1.99998e-06
 1.99998e-06
 9.99992e-07
 9.99958e-07
 1.99992e-06
 1.99992e-06
 1.99992e-06
 1.99992e-06
 9.99958e-07
 9.99796e-07
 1.99959e-06
 1.99959e-06
 1.99959e-06
 1.99959e-06
 9.99796e-07
 9.99123e-07
 1.99825e-06
 1.99825e-06
 1.99825e-06
 1.99825e-06
 9.99123e-07
 9.96734e-07
 1.99347e-06
 1.99347e-06
 1.99347e-06
 1.99347e-06
 9.96734e-07
 9.89855e-07
 1.97971e-06
 1.97971e-06
 1.97971e-06
 1.97971e-06
 9.89855e-07
 9.74561e-07
 1.94912e-06
 1.94912e-06
 1.94912e-06
 1.94912e-06
 9.74561e-07
 9.48716e-07
 1.89743e-06
 1.89743e-06
 1.89743e-06
 1.89743e-06
 9.48716e-07
 9.14540e-07
 1.82908e-06
 1.82908e-06
 1.82908e-06
 1.82908e-06
 9.14540e-07
 8.76607e-07
 1.75321e-06
 1.75321e-06
 1.75321e-06
 1.75321e-06
 8.76607e-07
part
         2
coordinates
 9.89855e-07
 1.97971e-06
 1.97971e-06
 1.97971e-06
 1.97971e-06
 9.89855e-07
 9.74561e-07
 1.94912e-06
 1.94912e-06
 1.94912e-06
 1.94912e-06
 9.74561e-07
 9.48716e-07
 1.89743e-06
 1.89743e-06
 1.89743e-06
 1.89743e-06
 9.48716e-07
 9.14540e-07
 1.82908e-06
 1.82908e-06
 1.82908e-06
 1.82908e-06
 9.14540e-07
 8.76607e-07
 1.75321e-06
 1.75321e-06
 1.75321e-06
 1.75321e-06
 8.76607e-07
 8.38189e-07
 1.67638e-06
 1.67638e-06
 1.67638e-06
 1.67638e-06
 8.38189e-07
 8.00591e-07
 1.60118e-06
 1.60118e-06
 1.60118e-06
 1.60118e-06
 8.00591e-07
 7.64233e-07
 1.52847e-06
 1.52847e-06
 1.52847e-06
 1.52847e-06
 7.64233e-07
 7.29295e-07
 1.45859e-06
 1.45859e-06
 1.45859e-06
 1.45859e-06
 7.29295e-07
 6.95889e-07
 1.39178e-06
 1.39178e-06
 1.39178e-06
 1.39178e-06
 6.95889e-07
 6.64098e-07
 1.32820e-06
 1.32820e-06
 1.32820e-06
 1.32820e-06
 6.64098e-07
 6.33997e-07
 1.26799e-06
 1.26799e-06
 1.26799e-06
 1.26799e-06
 6.33997e-07
 6.05673e-07
 1.21135e-06
 1.21135e-06
 1.21135e-06
 1.21135e-06
 6.05673e-07
 5.79243e-07
 1.15849e-06
 1.15849e-06
 1.15849e-06
 1.15849e-06
 5.79243e-07
 5.54871e-07
 1.10974e-06
 1.10974e-06
 1.10974e-06
 1.10974e-06
 5.54871e-07
 5.32791e-07
 1.06558e-06
 1.06558e-06
 1.06558e-06
 1.06558e-06
 5.32791e-07
 5.13341e-07
 1.02668e-06
 1.02668e-06
 1.02668e-06
 1.02668e-06
 5.13341e-07
 4.96984e-07
 9.93967e-07
 9.93967e-07
 9.93967e-07
 9.93967e-07
 4.96984e-07
 4.84341e-07
 9.68682e-07
 9.68682e-07
 9.68682e-07
 9.68682e-07
 4.84341e-07
 4.76137e-07
 9.52274e-07
 9.52274e-07
 9.52274e-07
 9.52274e-07
 4.76137e-07
 4.72880e-07
 9.45759e-07
 9.45759e-07
 9.45759e-07
 9.45759e-07
 4.72880e-07
 4.72927e-07
 9.45854e-07
 9.45854e-07
 9.45854e-07
 9.45854e-07
 4.72927e-07
 4.73942e-07
 9.47883e-07
 9.47883e-07
 9.47883e-07
 9.47883e-07
 4.73942e-07
 4.75322e-07
 9.50644e-07
 9.50644e-07
 9.50644e-07
 9.50644e-07
 4.75322e-07
 4.76941e-07
 9.53883e-07
 9.53883e-07
 9.53883e-07
 9.53883e-07
 4.76941e-07
 4.78692e-07
 9.57383e-07
 9.57383e-07
 9.57383e-07
 9.57383e-07
 4.78692e-07
 4.80519e-07
 9.61038e-07
 9.61038e-07
 9.61038e-07
 9.61038e-07
 4.80519e-07
 4.82351e-07
 9.64703e-07
 9.64703e-07
 9.64703e-07
 9.64703e-07
 4.82351e-07
 4.84125e-07
 9.68250e-07
 9.68250e-07
 9.68250e-07
 9.68250e-07
 4.84125e-07
 4.85796e-07
 9.71591e-07
 9.71591e-07
 9.71591e-07
 9.71591e-07
 4.85796e-07
 1.97971e-06
 3.95942e-06
 3.95942e-06
 3.95942e-06
 3.95942e-06
 1.97971e-06
 1.94912e-06
 3.89824e-06
 3.89824e-06
 3.89824e-06
 3.89824e-06
 1.94912e-06
 1.89743e-06
 3.79486e-06
 3.79486e-06
 3.79486e-06
 3.79486e-06
 1.89743e-06
 1.82908e-06
 3.65816e-06
 3.65816e-06
 3.65816e-06
 3.65816e-06
 1.82908e-06
 1.75321e-06
 3.50643e-06
 3.50643e-06
 3.50643e-06
 3.50643e-06
 1.75321e-06
 1.67638e-06
 3.35276e-06
 3.35276e-06
 3.35276e-06
 3.35276e-06
 1.67638e-06
 1.60118e-06
 3.20237e-06
 3.20237e-06
 3.20237e-06
 3.20237e-06
 1.60118e-06
 1.52847e-06
 3.05693e-06
 3.05693e-06
 3.05693e-06
 3.05693e-06
 1.52847e-06
 1.45859e-06
 2.91718e-06
 2.91718e-06
 2.91718e-06
 2.91718e-06
 1.45859e-06
 1.39178e-06
 2.78356e-06
 2.78356e-06
 2.78356e-06
 2.78356e-06
 1.39178e-06
 1.32820e-06
 2.65639e-06
 2.65639e-06
 2.65639e-06
 2.65639e-06
 1.32820e-06
 1.26799e-06
 2.53599e-06
 2.53599e-06
 2.53599e-06
 2.53599e-06
 1.26799e-06
 1.21135e-06
 2.42269e-06
 2.42269e-06
 2.42269e-06
 2.42269e-06
 1.21135e-06
 1.15849e-06
 2.31697e-06
 2.31697e-06
 2.31697e-06
 2.31697e-06
 1.15849e-06
 1.10974e-06
 2.21948e-06
 2.21948e-06
 2.21948e-06
 2.21948e-06
 1.10974e-06
 1.06558e-06
 2.13117e-06
 2.13117e-06
 2.13117e-06
 2.13117e-06
 1.06558e-06
 1.02668e-06
 2.05336e-06
 2.05336e-06
 2.05336e-06
 2.05336e-06
 1.02668e-06
 9.93967e-07
 1.98793e-06
 1.98793e-06
 1.98793e-06
 1.98793e-06
 9.93967e-07
 9.68682e-07
 1.93736e-06
 1.93736e-06
 1.93736e-06
 1.93736e-06
 9.68682e-07
 9.52274e-07
 1.90455e-06
 1.90455e-06
 1.90455e-06
 1.90455e-06
 9.52274e-07
 9.45759e-07
 1.89152e-06
 1.89152e-06
 1.89152e-06
 1.89152e-06
 9.45759e-07
 9.45854e-07
 1.89171e-06
 1.89171e-06
 1.89171e-06
 1.89171e-06
 9.45854e-07
 9.47883e-07
 1.89577e-06
 1.89577e-06
 1.89577e-06
 1.89577e-06
 9.47883e-07
 9.50644e-07
 1.90129e-06
 1.90129e-06
 1.90129e-06
 1.90129e-06
 9.50644e-07
 9.53883e-07
 1.90777e-06
 1.90777e-06
 1.90777e-06
 1.90777e-06
 9.53883e-07
 9.57383e-07
 1.91477e-06
 1.91477e-06
 1.91477e-06
 1.91477e-06
 9.57383e-07
 9.61038e-07
 1.92208e-06
 1.92208e-06
 1.92208e-06
 1.92208e-06
 9.61038e-07
 9.64703e-07
 1.92941e-06
 1.92941e-06
 1.92941e-06
 1.92941e-06
 9.64703e-07
 9.68250e-07
 1.93650e-06
 1.93650e-06
 1.93650e-06
 1.93650e-06
 9.68250e-07
 9.71591e-07
 1.94318e-06
 1.94318e-06
 1.94318e-06
 1.94318e-06
 9.71591e-07
 1.97971e-06
 3.95942e-06
 3.95942e-06
 3.95942e-06
 3.95942e-06
 1.97971e-06
 1.94912e-06
 3.89824e-06
 3.89824e-06
 3.89824e-06
 3.89824e-06
 1.94912e-06
 1.89743e-06
 3.79486e-06
 3.79486e-06
 3.79486e-06
 3.79486e-06
 1.89743e-06
 1.82908e-06
 3.65816e-06
 3.65816e-06
 3.65816e-06
 3.65816e-06
 1.82908e-06
 1.75321e-06
 3.50643e-06
 3.50643e-06
 3.50643e-06
 3.50643e-06
 1.75321e-06
 1.67638e-06
 3.35276e-06
 3.35276e-06
 3.35276e-06
 3.35276e-06
 1.67638e-06
 1.60118e-06
 3.20237e-06
 3.20237e-06
 3.20237e-06
 3.20237e-06
 1.60118e-06
 1.52847e-06
 3.05693e-06
 3.05693e-06
 3.05693e-06
 3.05693e-06
 1.52847e-06
 1.45859e-06
 2.91718e-06
 2.91718e-06
 2.91718e-06
 2.91718e-06
 1.45859e-06
 1.39178e-06
 2.78356e-06
 2.78356e-06
 2.78356e-06
 2.78356e-06
 1.39178e-06
 1.32820e-06
 2.65639e-06
 2.65639e-06
 2.65639e-06
 2.65639e-06
 1.32820e-06
 1.26799e-06
 2.53599e-06
 2.53599e-06
 2.53599e-06
 2.53599e-06
 1.26799e-06
 1.21135e-06
 2.42269e-06
 2.42269e-06
 2.42269e-06
 2.42269e-06
 1.21135e-06
 1.15849e-06
 2.31697e-06
 2.31697e-06
 2.31697e-06
 2.31697e-06
 1.15849e-06
 1.10974e-06
 2.21948e-06
 2.21948e-06
 2.21948e-06
 2.21948e-06
 1.10974e-06
 1.06558e-06
 2.13117e-06
 2.13117e-06
 2.13117e-06
 2.13117e-06
 1.06558e-06
 1.02668e-06
 2.05336e-06
 2.05336e-06
 2.05336e-06
 2.05336e-06
 1.02668e-06
 9.93967e-07
 1.98793e-06
 1.98793e-06
 1.98793e-06
 1.98793e-06
 9.93967e-07
 9.68682e-07
 1.93736e-06
 1.93736e-06
 1.93736e-06
 1.93736e-06
 9.68682e-07
 9.52274e-07
 1.90455e-06
 1.90455e-06
 1.90455e-06
 1.90455e-06
 9.52274e-07
 9.45759e-07
 1.89152e-06
 1.89152e-06
 1.89152e-06
 1.89152e-06
 9.45759e-07
 9.45854e-07
 1.89171e-06
 1.89171e-06
 1.89171e-06
 1.89171e-06
 9.45854e-07
 9.47883e-07
 1.89577e-06
 1.89577e-06
 1.89577e-06
 1.89577e-06
 9.47883e-07
 9.50644e-07
 1.90129e-06
 1.90129e-06
 1.90129e-06
 1.90129e-06
 9.50644e-07
 9.53883e-07
 1.90777e-06
 1.90777e-06
 1.90777e-06
 1.90777e-06
 9.53883e-07
 9.57383e-07
 1.91477e-06
 1.91477e-06
 1.91477e-06
 1.91477e-06
 9.57383e-07
 9.61038e-07
 1.92208e-06
 1.92208e-06
 1.92208e-06
 1.92208e-06
 9.61038e-07
 9.64703e-07
 1.92941e-06
 1.92941e-06
 1.92941e-06
 1.92941e-06
 9.64703e-07
 9.68250e-07
 1.93650e-06
 1.93650e-06
 1.93650e-06
 1.93650e-06
 9.68250e-07
 9.71591e-07
 1.94318e-06
 1.94318e-06
 1.94318e-06
 1.94318e-06
 9.71591e-07
 1.97971e-06
 3.95942e-06
 3.95942e-06
 3.95942e-06
 3.95942e-06
 1.97971e-06
 1.94912e-06
 3.89824e-06
 3.89824e-06
 3.89824e-06
 3.89824e-06
 1.94912e-06
 1.89743e-06
 3.79486e-06
 3.79486e-06
 3.79486e-06
 3.79486e-06
 1.89743e-06
 1.82908e-06
 3.65816e-06
 3.65816e-06
 3.65816e-06
 3.65816e-06
 1.82908e-06
 1.75321e-06
 3.50643e-06
 3.50643e-06
 3.50643e-06
 3.50643e-06
 1.75321e-06
 1.67638e-06
 3.35276e-06
 3.35276e-06
 3.35276e-06
 3.35276e-06
 1.67638e-06
 1.60118e-06
 3.20237e-06
 3.20237e-06
 3.20237e-06
 3.20237e-06
 1.60118e-06
 1.52847e-06
 3.05693e-06
 3.05693e-06
 3.05693e-06
 3.05693e-06
 1.52847e-06
 1.45859e-06
 2.91718e-06
 2.91718e-06
 2.91718e-06
 2.91718e-06
 1.45859e-06
 1.39178e-06
 2.78356e-06
 2.78356e-06
 2.78356e-06
 2.78356e-06
 1.39178e-06
 1.32820e-06
 2.65639e-06
 2.65639e-06
 2.65639e-06
 2.65639e-06
 1.32820e-06
 1.26799e-06
 2.53599e-06
 2.53599e-06
 2.53599e-06
 2.53599e-06
 1.26799e-06
 1.21135e-06
 2.42269e-06
 2.42269e-06
 2.42269e-06
 2.42269e-06
 1.21135e-06
 1.15849e-06
 2.31697e-06
 2.31697e-06
 2.31697e-06
 2.31697e-06
 1.15849e-06
 1.10974e-06
 2.21948e-06
 2.21948e-06
 2.21948e-06
 2.21948e-06
 1.10974e-06
 1.06558e-06
 2.13117e-06
 2.13117e-06
 2.13117e-06
 2.13117e-06
 1.06558e-06
 1.02668e-06
 2.05336e-06
 2.05336e-06
 2.05336e-06
 2.05336e-06
 1.02668e-06
 9.93967e-07
 1.98793e-06
 1.98793e-06
 1.98793e-06
 1.98793e-06
 9.93967e-07
 9.68682e-07
 1.93736e-06
 1.93736e-06
 1.93736e-06
 1.93736e-06
 9.68682e-07
 9.52274e-07
 1.90455e-06
 1.90455e-06
 1.90455e-06
 1.90455e-06
 9.52274e-07
 9.45759e-07
 1.89152e-06
 1.89152e-06
 1.89152e-06
 1.89152e-06
 9.45759e-07
 9.45854e-07
 1.89171e-06
 1.89171e-06
 1.89171e-06
 1.89171e-06
 9.45854e-07
 9.47883e-07
 1.89577e-06
 1.89577e-06
 1.89577e-06
 1.89577e-06
 9.47883e-07
 9.50644e-07
 1.90129e-06
 1.90129e-06
 1.90129e-06
 1.90129e-06
 9.50644e-07
 9.53883e-07
 1.90777e-06
 1.90777e-06
 1.90777e-06
 1.90777e-06
 9.53883e-07
 9.57383e-07
 1.91477e-06
 1.91477e-06
 1.91477e-06
 1.91477e-06
 9.57383e-07
 9.61038e-07
 1.92208e-06
 1.92208e-06
 1.92208e-06
 1.92208e-06
 9.61038e-07
 9.64703e-07
 1.92941e-06
 1.92941e-06
 1.92941e-06
 1.92941e-06
 9.64703e-07
 9.68250e-07
 1.93650e-06
 1.93650e-06
 1.93650e-06
 1.93650e-06
 9.68250e-07
 9.71591e-07
 1.94318e-06
 1.94318e-06
 1.94318e-06
 1.94318e-06
 9.71591e-07
 1.97971e-06
 3.95942e-06
 3.95942e-06
 3.95942e-06
 3.95942e-06
 1.97971e-06
 1.94912e-06
 3.89824e-06
 3.89824e-06
 3.89824e-06
 3.89824e-06
 1.94912e-06
 1.89743e-06
 3.79486e-06
 3.79486e-06
 3.79486e-06
 3.79486e-06
 1.89743e-06
 1.82908e-06
 3.65816e-06
 3.65816e-06
 3.65816e-06
 3.65816e-06
 1.82908e-06
 1.75321e-06
 3.50643e-06
 3.50643e-06
 3.50643e-06
 3.50643e-06
 1.75321e-06
 1.67638e-06
 3.35276e-06
 3.35276e-06
 3.35276e-06
 3.35276e-06
 1.67638e-06
 1.60118e-06
 3.20237e-06
 3.20237e-06
 3.20237e-06
 3.20237e-06
 1.60118e-06
 1.52847e-06
 3.05693e-06
 3.05693e-06
 3.05693e-06
 3.05693e-06
 1.52847e-06
 1.45859e-06
 2.91718e-06
 2.91718e-06
 2.91718e-06
 2.91718e-06
 1.45859e-06
 1.39178e-06
 2.78356e-06
 2.78356e-06
 2.78356e-06
 2.78356e-06
 1.39178e-06
 1.32820e-06
 2.65639e-06
 2.65639e-06
 2.65639e-06
 2.65639e-06
 1.32820e-06
 1.26799e-06
 2.53599e-06
 2.53599e-06
 2.53599e-06
 2.53599e-06
 1.26799e-06
 1.21135e-06
 2.42269e-06
 2.42269e-06
 2.42269e-06
 2.42269e-06
 1.21135e-06
 1.15849e-06
 2.31697e-06
 2.31697e-06
 2.31697e-06
 2.31697e-06
 1.15849e-06
 1.10974e-06
 2.21948e-06
 2.21948e-06
 2.21948e-06
 2.21948e-06
 1.10974e-06
 1.06558e-06
 2.13117e-06
 2.13117e-06
 2.13117e-06
 2.13117e-06
 1.06558e-06
 1.02668e-06
 2.05336e-06
 2.05336e-06
 2.05336e-06
 2.05336e-06
 1.02668e-06
 9.93967e-07
 1.98793e-06
 1.98793e-06
 1.98793e-06
 1.98793e-06
 9.93967e-07
 9.68682e-07
 1.93736e-06
 1.93736e-06
 1.93736e-06
 1.93736e-06
 9.68682e-07
 9.52274e-07
 1.90455e-06
 1.90455e-06
 1.90455e-06
 1.90455e-06
 9.52274e-07
 9.45759e-07
 1.89152e-06
 1.89152e-06
 1.89152e-06
 1.89152e-06
 9.45759e-07
 9.45854e-07
 1.89171e-06
 1.89171e-06
 1.89171e-06
 1.89171e-06
 9.45854e-07
 9.47883e-07
 1.89577e-06
 1.89577e-06
 1.89577e-06
 1.89577e-06
 9.47883e-07
 9.50644e-07
 1.90129e-06
 1.90129e-06
 1.90129e-06
 1.90129e-06
 9.50644e-07
 9.53883e-07
 1.90777e-06
 1.90777e-06
 1.90777e-06
 1.90777e-06
 9.53883e-07
 9.57383e-07
 1.91477e-06
 1.91477e-06
 1.91477e-06
 1.91477e-06
 9.57383e-07
 9.61038e-07
 1.92208e-06
 1.92208e-06
 1.92208e-06
 1.92208e-06
 9.61038e-07
 9.64703e-07
 1.92941e-06
 1.92941e-06
 1.92941e-06
 1.92941e-06
 9.64703e-07
 9.68250e-07
 1.93650e-06
 1.93650e-06
 1.93650e-06
 1.93650e-06
 9.68250e-07
 9.71591e-07
 1.94318e-06
 1.94318e-06
 1.94318e-06
 1.94318e-06
 9.71591e-07
 9.89855e-07
 1.97971e-06
 1.97971e-06
 1.97971e-06
 1.97971e-06
 9.89855e-07
 9.74561e-07
 1.94912e-06
 1.94912e-06
 1.94912e-06
 1.94912e-06
 9.74561e-07
 9.48716e-07
 1.89743e-06
 1.89743e-06
 1.89743e-06
 1.89743e-06
 9.48716e-07
 9.14540e-07
 1.82908e-06
 1.82908e-06
 1.82908e-06
 1.82908e-06
 9.14540e-07
 8.76607e-07
 1.75321e-06
 1.75321e-06
 1.75321e-06
 1.75321e-06
 8.76607e-07
 8.38189e-07
 1.67638e-06
 1.67638e-06
 1.67638e-06
 1.67638e-06
 8.38189e-07
 8.00591e-07
 1.60118e-06
 1.60118e-06
 1.60118e-06
 1.60118e-06
 8.00591e-07
 7.64233e-07
 1.52847e-06
 1.52847e-06
 1.52847e-06
 1.52847e-06
 7.64233e-07
 7.29295e-07
 1.45859e-06
 1.45859e-06
 1.45859e-06
 1.45859e-06
 7.29295e-07
 6.95889e-07
 1.39178e-06
 1.39178e-06
 1.39178e-06
 1.39178e-06
 6.95889e-07
 6.64098e-07
 1.32820e-06
 1.32820e-06
 1.32820e-06
 1.32820e-06
 6.64098e-07
 6.33997e-07
 1.26799e-06
 1.26799e-06
 1.26799e-06
 1.26799e-06
 6.33997e-07
 6.05673e-07
 1.21135e-06
 1.21135e-06
 1.21135e-06
 1.21135e-06
 6.05673e-07
 5.79243e-07
 1.15849e-06
 1.15849e-06
 1.15849e-06
 1.15849e-06
 5.79243e-07
 5.54871e-07
 1.10974e-06
 1.10974e-06
 1.10974e-06
 1.10974e-06
 5.54871e-07
 5.32791e-07
 1.06558e-06
 1.06558e-06
 1.06558e-06
 1.06558e-06
 5.32791e-07
 5.13341e-07
 1.02668e-06
 1.02668e-06
 1.02668e-06
 1.02668e-06
 5.13341e-07
 4.96984e-07
 9.93967e-07
 9.93967e-07
 9.93967e-07
 9.93967e-07
 4.96984e-07
 4.84341e-07
 9.68682e-07
 9.68682e-07
 9.68682e-07
 9.68682e-07
 4.84341e-07
 4.76137e-07
 9.52274e-07
 9.52274e-07
 9.52274e-07
 9.52274e-07
 4.76137e-07
 4.72880e-07
 9.45759e-07
 9.45759e-07
 9.45759e-07
 9.45759e-07
 4.72880e-07
 4.72927e-07
 9.45854e-07
 9.45854e-07
 9.45854e-07
 9.45854e-07
 4.72927e-07
 4.73942e-07
 9.47883e-07
 9.47883e-07
 9.47883e-07
 9.47883e-07
 4.73942e-07
 4.75322e-07
 9.50644e-07
 9.50644e-07
 9.50644e-07
 9.50644e-07
 4.75322e-07
 4.76941e-07
 9.53883e-07
 9.53883e-07
 9.53883e-07
 9.53883e-07
 4.76941e-07
 4.78692e-07
 9.57383e-07
 9.57383e-07
 9.57383e-07
 9.57383e-07
 4.78692e-07
 4.80519e-07
 9.61038e-07
 9.61038e-07
 9.61038e-07
 9.61038e-07
 4.80519e-07
 4.82351e-07
 9.64703e-07
 9.64703e-07
 9.64703e-07
 9.64703e-07
 4.82351e-07
 4.84125e-07
 9.68250e-07
 9.68250e-07
 9.68250e-07
 9.68250e-07
 4.84125e-07
 4.85796e-07
 9.71591e-07
 9.71591e-07
 9.71591e-07
 9.71591e-07
 4.85796e-07
part
         3
coordinates
 4.78692e-07
 9.57383e-07
 9.57383e-07
 9.57383e-07
 9.57383e-07
 4.78692e-07
 4.80519e-07
 9.61038e-07
 9.61038e-07
 9.61038e-07
 9.61038e-07
 4.80519e-07
 4.82351e-07
 9.64703e-07
 9.64703e-07
 9.64703e-07
 9.64703e-07
 4.82351e-07
 4.84125e-07
 9.68250e-07
 9.68250e-07
 9.68250e-07
 9.68250e-07
 4.84125e-07
 4.85796e-07
 9.71591e-07
 9.71591e-07
 9.71591e-07
 9.71591e-07
 4.85796e-07
 4.87335e-07
 9.74671e-07
 9.74671e-07
 9.74671e-07
 9.74671e-07
 4.87335e-07
 4.88730e-07
 9.77460e-07
 9.77460e-07
 9.77460e-07
 9.77460e-07
 4.88730e-07
 4.89976e-07
 9.79951e-07
 9.79951e-07
 9.79951e-07
 9.79951e-07
 4.89976e-07
 4.91077e-07
 9.82154e-07
 9.82154e-07
 9.82154e-07
 9.82154e-07
 4.91077e-07
 4.92044e-07
 9.84087e-07
 9.84087e-07
 9.84087e-07
 9.84087e-07
 4.92044e-07
 4.92884e-07
 9.85768e-07
 9.85768e-07
 9.85768e-07
 9.85768e-07
 4.92884e-07
 4.93606e-07
 9.87212e-07
 9.87212e-07
 9.87212e-07
 9.87212e-07
 4.93606e-07
 4.94206e-07
 9.88412e-07
 9.88412e-07
 9.88412e-07
 9.88412e-07
 4.94206e-07
 4.94672e-07
 9.89343e-07
 9.89343e-07
 9.89343e-07
 9.89343e-07
 4.94672e-07
 4.94977e-07
 9.89954e-07
 9.89954e-07
 9.89954e-07
 9.89954e-07
 4.94977e-07
 4.95096e-07
 9.90193e-07
 9.90193e-07
 9.90193e-07
 9.90193e-07
 4.95096e-07
 4.95017e-07
 9.90035e-07
 9.90035e-07
 9.90035e-07
 9.90035e-07
 4.95017e-07
 4.94766e-07
 9.89532e-07
 9.89532e-07
 9.89532e-07
 9.89532e-07
 4.94766e-07
 4.94414e-07
 9.88828e-07
 9.88828e-07
 9.88828e-07
 9.88828e-07
 4.94414e-07
 4.94055e-07
 9.88110e-07
 9.88110e-07
 9.88110e-07
 9.88110e-07
 4.94055e-07
 4.93696e-07
 9.87393e-07
 9.87393e-07
 9.87393e-07
 9.87393e-07
 4.93696e-07
 4.69670e-07
 9.39339e-07
 9.39339e-07
 9.39339e-07
 9.39339e-07
 4.69670e-07
 3.99976e-07
 7.99952e-07
 7.99952e-07
 7.99952e-07
 7.99952e-07
 3.99976e-07
 3.27277e-07
 6.54554e-07
 6.54554e-07
 6.54554e-07
 6.54554e-07
 3.27277e-07
 3.00904e-07
 6.01807e-07
 6.01807e-07
 6.01807e-07
 6.01807e-07
 3.00904e-07
 3.02259e-07
 6.04519e-07
 6.04519e-07
 6.04519e-07
 6.04519e-07
 3.02259e-07
 3.04212e-07
 6.08424e-07
 6.08424e-07
 6.08424e-07
 6.08424e-07
 3.04212e-07
 3.06291e-07
 6.12582e-07
 6.12582e-07
 6.12582e-07
 6.12582e-07
 3.06291e-07
 3.07905e-07
 6.15810e-07
 6.15810e-07
 6.15810e-07
 6.15810e-07
 3.07905e-07
 3.08434e-07
 6.16869e-07
 6.16869e-07
 6.16869e-07
 6.16869e-07
 3.08434e-07
 9.57383e-07
 1.91477e-06
 1.91477e-06
 1.91477e-06
 1.91477e-06
 9.57383e-07
 9.61038e-07
 1.92208e-06
 1.92208e-06
 1.92208e-06
 1.92208e-06
 9.61038e-07
 9.64703e-07
 1.92941e-06
 1.92941e-06
 1.92941e-06
 1.92941e-06
 9.64703e-07
 9.68250e-07
 1.93650e-06
 1.93650e-06
 1.93650e-06
 1.93650e-06
 9.68250e-07
 9.71591e-07
 1.94318e-06
 1.94318e-06
 1.94318e-06
 1.94318e-06
 9.71591e-07
 9.74671e-07
 1.94934e-06
 1.94934e-06
 1.94934e-06
 1.94934e-06
 9.74671e-07
 9.77460e-07
 1.95492e-06
 1.95492e-06
 1.95492e-06
 1.95492e-06
 9.77460e-07
 9.79951e-07
 1.95990e-06
 1.95990e-06
 1.95990e-06
 1.95990e-06
 9.79951e-07
 9.82154e-07
 1.96431e-06
 1.96431e-06
 1.96431e-06
 1.96431e-06
 9.82154e-07
 9.84087e-07
 1.96817e-06
 1.96817e-06
 1.96817e-06
 1.96817e-06
 9.84087e-07
 9.85768e-07
 1.97154e-06
 1.97154e-06
 1.97154e-06
 1.97154e-06
 9.85768e-07
 9.87212e-07
 1.97442e-06
 1.97442e-06
 1.97442e-06
 1.97442e-06
 9.87212e-07
 9.88412e-07
 1.97682e-06
 1.97682e-06
 1.97682e-06
 1.97682e-06
 9.88412e-07
 9.89343e-07
 1.97869e-06
 1.97869e-06
 1.97869e-06
 1.97869e-06
 9.89343e-07
 9.89954e-07
 1.97991e-06
 1.97991e-06
 1.97991e-06
 1.97991e-06
 9.89954e-07
 9.90193e-07
 1.98039e-06
 1.98039e-06
 1.98039e-06
 1.98039e-06
 9.90193e-07
 9.90035e-07
 1.98007e-06
 1.98007e-06
 1.98007e-06
 1.98007e-06
 9.90035e-07
 9.89532e-07
 1.97906e-06
 1.97906e-06
 1.97906e-06
 1.97906e-06
 9.89532e-07
 9.88828e-07
 1.97766e-06
 1.97766e-06
 1.97766e-06
 1.97766e-06
 9.88828e-07
 9.88110e-07
 1.97622e-06
 1.97622e-06
 1.97622e-06
 1.97622e-06
 9.88110e-07
 9.87393e-07
 1.97479e-06
 1.97479e-06
 1.97479e-06
 1.97479e-06
 9.87393e-07
 9.39339e-07
 1.87868e-06
 1.87868e-06
 1.87868e-06
 1.87868e-06
 9.39339e-07
 7.99952e-07
 1.59990e-06
 1.59990e-06
 1.59990e-06
 1.59990e-06
 7.99952e-07
 6.54554e-07
 1.30911e-06
 1.30911e-06
 1.30911e-06
 1.30911e-06
 6.54554e-07
 6.01807e-07
 1.20361e-06
 1.20361e-06
 1.20361e-06
 1.20361e-06
 6.01807e-07
 6.04519e-07
 1.20904e-06
 1.20904e-06
 1.20904e-06
 1.20904e-06
 6.04519e-07
 6.08424e-07
 1.21685e-06
 1.21685e-06
 1.21685e-06
 1.21685e-06
 6.08424e-07
 6.12582e-07
 1.22516e-06
 1.22516e-06
 1.22516e-06
 1.22516e-06
 6.12582e-07
 6.15810e-07
 1.23162e-06
 1.23162e-06
 1.23162e-06
 1.23162e-06
 6.15810e-07
 6.16869e-07
 1.23374e-06
 1.23374e-06
 1.23374e-06
 1.23374e-06
 6.16869e-07
 9.57383e-07
 1.91477e-06
 1.91477e-06
 1.91477e-06
 1.91477e-06
 9.57383e-07
 9.61038e-07
 1.92208e-06
 1.92208e-06
 1.92208e-06
 1.92208e-06
 9.61038e-07
 9.64703e-07
 1.92941e-06
 1.92941e-06
 1.92941e-06
 1.92941e-06
 9.64703e-07
 9.68250e-07
 1.93650e-06
 1.93650e-06
 1.93650e-06
 1.93650e-06
 9.68250e-07
 9.71591e-07
 1.94318e-06
 1.94318e-06
 1.94318e-06
 1.94318e-06
 9.71591e-07
 9.74671e-07
 1.94934e-06
 1.94934e-06
 1.94934e-06
 1.94934e-06
 9.74671e-07
 9.77460e-07
 1.95492e-06
 1.95492e-06
 1.95492e-06
 1.95492e-06
 9.77460e-07
 9.79951e-07
 1.95990e-06
 1.95990e-06
 1.95990e-06
 1.95990e-06
 9.79951e-07
 9.82154e-07
 1.96431e-06
 1.96431e-06
 1.96431e-06
 1.96431e-06
 9.82154e-07
 9.84087e-07
 1.96817e-06
 1.96817e-06
 1.96817e-06
 1.96817e-06
 9.84087e-07
 9.85768e-07
 1.97154e-06
 1.97154e-06
 1.97154e-06
 1.97154e-06
 9.85768e-07
 9.87212e-07
 1.97442e-06
 1.97442e-06
 1.97442e-06
 1.97442e-06
 9.87212e-07
 9.88412e-07
 1.97682e-06
 1.97682e-06
 1.97682e-06
 1.97682e-06
 9.88412e-07
 9.89343e-07
 1.97869e-06
 1.97869e-06
 1.97869e-06
 1.97869e-06
 9.89343e-07
 9.89954e-07
 1.97991e-06
 1.97991e-06
 1.97991e-06
 1.97991e-06
 9.89954e-07
 9.90193e-07
 1.98039e-06
 1.98039e-06
 1.98039e-06
 1.98039e-06
 9.90193e-07
 9.90035e-07
 1.98007e-06
 1.98007e-06
 1.98007e-06
 1.98007e-06
 9.90035e-07
 9.89532e-07
 1.97906e-06
 1.97906e-06
 1.97906e-06
 1.97906e-06
 9.89532e-07
 9.88828e-07
 1.97766e-06
 1.97766e-06
 1.97766e-06
 1.97766e-06
 9.88828e-07
 9.88110e-07
 1.97622e-06
 1.97622e-06
 1.97622e-06
 1.97622e-06
 9.88110e-07
 9.87393e-07
 1.97479e-06
 1.97479e-06
 1.97479e-06
 1.97479e-06
 9.87393e-07
 9.39339e-07
 1.87868e-06
 1.87868e-06
 1.87868e-06
 1.87868e-06
 9.39339e-07
 7.99952e-07
 1.59990e-06
 1.59990e-06
 1.59990e-06
 1.59990e-06
 7.99952e-07
 6.54554e-07
 1.30911e-06
 1.30911e-06
 1.30911e-06
 1.30911e-06
 6.54554e-07
 6.01807e-07
 1.20361e-06
 1.20361e-06
 1.20361e-06
 1.20361e-06
 6.01807e-07
 6.04519e-07
 1.20904e-06
 1.20904e-06
 1.20904e-06
 1.20904e-06
 6.04519e-07
 6.08424e-07
 1.21685e-06
 1.21685e-06
 1.21685e-06
 1.21685e-06
 6.08424e-07
 6.12582e-07
 1.22516e-06
 1.22516e-06
 1.22516e-06
 1.22516e-06
 6.12582e-07
 6.15810e-07
 1.23162e-06
 1.23162e-06
 1.23162e-06
 1.23162e-06
 6.15810e-07
 6.16869e-07
 1.23374e-06
 1.23374e-06
 1.23374e-06
 1.23374e-06
 6.16869e-07
 9.57383e-07
 1.91477e-06
 1.91477e-06
 1.91477e-06
 1.91477e-06
 9.57383e-07
 9.61038e-07
 1.92208e-06
 1.92208e-06
 1.92208e-06
 1.92208e-06
 9.61038e-07
 9.64703e-07
 1.92941e-06
 1.92941e-06
 1.92941e-06
 1.92941e-06
 9.64703e-07
 9.68250e-07
 1.93650e-06
 1.93650e-06
 1.93650e-06
 1.93650e-06
 9.68250e-07
 9.71591e-07
 1.94318e-06
 1.94318e-06
 1.94318e-06
 1.94318e-06
 9.71591e-07
 9.74671e-07
 1.94934e-06
 1.94934e-06
 1.94934e-06
 1.94934e-06
 9.74671e-07
 9.77460e-07
 1.95492e-06
 1.95492e-06
 1.95492e-06
 1.95492e-06
 9.77460e-07
 9.79951e-07
 1.95990e-06
 1.95990e-06
 1.95990e-06
 1.95990e-06
 9.79951e-07
 9.82154e-07
 1.96431e-06
 1.96431e-06
 1.96431e-06
 1.96431e-06
 9.82154e-07
 9.84087e-07
 1.96817e-06
 1.96817e-06
 1.96817e-06
 1.96817e-06
 9.84087e-07
 9.85768e-07
 1.97154e-06
 1.97154e-06
 1.97154e-06
 1.97154e-06
 9.85768e-07
 9.87212e-07
 1.97442e-06
 1.97442e-06
 1.97442e-06
 1.97442e-06
 9.87212e-07
 9.88412e-07
 1.97682e-06
 1.97682e-06
 1.97682e-06
 1.97682e-06
 9.88412e-07
 9.89343e-07
 1.97869e-06
 1.97869e-06
 1.97869e-06
 1.97869e-06
 9.89343e-07
 9.89954e-07
 1.97991e-06
 1.97991e-06
 1.97991e-06
 1.97991e-06
 9.89954e-07
 9.90193e-07
 1.98039e-06
 1.98039e-06
 1.98039e-06
 1.98039e-06
 9.90193e-07
 9.90035e-07
 1.98007e-06
 1.98007e-06
 1.98007e-06
 1.98007e-06
 9.90035e-07
 9.89532e-07
 1.97906e-06
 1.97906e-06
 1.97906e-06
 1.97906e-06
 9.89532e-07
 9.88828e-07
 1.97766e-06
 1.97766e-06
 1.97766e-06
 1.97766e-06
 9.88828e-07
 9.88110e-07
 1.97622e-06
 1.97622e-06
 1.97622e-06
 1.97622e-06
 9.88110e-07
 9.87393e-07
 1.97479e-06
 1.97479e-06
 1.97479e-06
 1.97479e-06
 9.87393e-07
 9.39339e-07
 1.87868e-06
 1.87868e-06
 1.87868e-06
 1.87868e-06
 9.39339e-07
 7.99952e-07
 1.59990e-06
 1.59990e-06
 1.59990e-06
 1.59990e-06
 7.99952e-07
 6.54554e-07
 1.30911e-06
 1.30911e-06
 1.30911e-06
 1.30911e-06
 6.54554e-07
 6.01807e-07
 1.20361e-06
 1.20361e-06
 1.20361e-06
 1.20361e-06
 6.01807e-07
 6.04519e-07
 1.20904e-06
 1.20904e-06
 1.20904e-06
 1.20904e-06
 6.04519e-07
 6.08424e-07
 1.21685e-06
 1.21685e-06
 1.21685e-06
 1.21685e-06
 6.08424e-07
 6.12582e-07
 1.22516e-06
 1.22516e-06
 1.22516e-06
 1.22516e-06
 6.12582e-07
 6.15810e-07
 1.23162e-06
 1.23162e-06
 1.23162e-06
 1.23162e-06
 6.15810e-07
 6.16869e-07
 1.23374e-06
 1.23374e-06
 1.23374e-06
 1.23374e-06
 6.16869e-07
 9.57383e-07
 1.91477e-06
 1.91477e-06
 1.91477e-06
 1.91477e-06
 9.57383e-07
 9.61038e-07
 1.92208e-06
 1.92208e-06
 1.92208e-06
 1.92208e-06
 9.61038e-07
 9.64703e-07
 1.92941e-06
 1.92941e-06
 1.92941e-06
 1.92941e-06
 9.64703e-07
 9.68250e-07
 1.93650e-06
 1.93650e-06
 1.93650e-06
 1.93650e-06
 9.68250e-07
 9.71591e-07
 1.94318e-06
 1.94318e-06
 1.94318e-06
 1.94318e-06
 9.71591e-07
 9.74671e-07
 1.94934e-06
 1.94934e-06
 1.94934e-06
 1.94934e-06
 9.74671e-07
 9.77460e-07
 1.95492e-06
 1.95492e-06
 1.95492e-06
 1.95492e-06
 9.77460e-07
 9.79951e-07
 1.95990e-06
 1.95990e-06
 1.95990e-06
 1.95990e-06
 9.79951e-07
 9.82154e-07
 1.96431e-06
 1.96431e-06
 1.96431e-06
 1.96431e-06
 9.82154e-07
 9.84087e-07
 1.96817e-06
 1.96817e-06
 1.96817e-06
 1.96817e-06
 9.84087e-07
 9.85768e-07
 1.97154e-06
 1.97154e-06
 1.97154e-06
 1.97154e-06
 9.85768e-07
 9.87212e-07
 1.97442e-06
 1.97442e-06
 1.97442e-06
 1.97442e-06
 9.87212e-07
 9.88412e-07
 1.97682e-06
 1.97682e-06
 1.97682e-06
 1.97682e-06
 9.88412e-07
 9.89343e-07
 1.97869e-06
 1.97869e-06
 1.97869e-06
 1.97869e-06
 9.89343e-07
 9.89954e-07
 1.97991e-06
 1.97991e-06
 1.97991e-06
 1.97991e-06
 9.89954e-07
 9.90193e-07
 1.98039e-06
 1.98039e-06
 1.98039e-06
 1.98039e-06
 9.90193e-07
 9.90035e-07
 1.98007e-06
 1.98007e-06
 1.98007e-06
 1.98007e-06
 9.90035e-07
 9.89532e-07
 1.97906e-06
 1.97906e-06
 1.97906e-06
 1.97906e-06
 9.89532e-07
 9.88828e-07
 1.97766e-06
 1.97766e-06
 1.97766e-06
 1.97766e-06
 9.88828e-07
 9.88110e-07
 1.97622e-06
 1.97622e-06
 1.97622e-06
 1.97622e-06
 9.88110e-07
 9.87393e-07
 1.97479e-06
 1.97479e-06
 1.97479e-06
 1.97479e-06
 9.87393e-07
 9.39339e-07
 1.87868e-06
 1.87868e-06
 1.87868e-06
 1.87868e-06
 9.39339e-07
 7.99952e-07
 1.59990e-06
 1.59990e-06
 1.59990e-06
 1.59990e-06
 7.99952e-07
 6.54554e-07
 1.30911e-06
 1.30911e-06
 1.30911e-06
 1.30911e-06
 6.54554e-07
 6.01807e-07
 1.20361e-06
 1.20361e-06
 1.20361e-06
 1.20361e-06
 6.01807e-07
 6.04519e-07
 1.20904e-06
 1.20904e-06
 1.20904e-06
 1.20904e-06
 6.04519e-07
 6.08424e-07
 1.21685e-06
 1.21685e-06
 1.21685e-06
 1.21685e-06
 6.08424e-07
 6.12582e-07
 1.22516e-06
 1.22516e-06
 1.22516e-06
 1.22516e-06
 6.12582e-07
 6.15810e-07
 1.23162e-06
 1.23162e-06
 1.23162e-06
 1.23162e-06
 6.15810e-07
 6.16869e-07
 1.23374e-06
 1.23374e-06
 1.23374e-06
 1.23374e-06
 6.16869e-07
 4.78692e-07
 9.57383e-07
 9.57383e-07
 9.57383e-07
 9.57383e-07
 4.78692e-07
 4.80519e-07
 9.61038e-07
 9.61038e-07
 9.61038e-07
 9.61038e-07
 4.80519e-07
 4.82351e-07
 9.64703e-07
 9.64703e-07
 9.64703e-07
 9.64703e-07
 4.82351e-07
 4.84125e-07
 9.68250e-07
 9.68250e-07
 9.68250e-07
 9.68250e-07
 4.84125e-07
 4.85796e-07
 9.71591e-07
 9.71591e-07
 9.71591e-07
 9.71591e-07
 4.85796e-07
 4.87335e-07
 9.74671e-07
 9.74671e-07
 9.74671e-07
 9.74671e-07
 4.87335e-07
 4.88730e-07
 9.77460e-07
 9.77460e-07
 9.77460e-07
 9.77460e-07
 4.88730e-07
 4.89976e-07
 9.79951e-07
 9.79951e-07
 9.79951e-07
 9.79951e-07
 4.89976e-07
 4.91077e-07
 9.82154e-07
 9.82154e-07
 9.82154e-07
 9.82154e-07
 4.91077e-07
 4.92044e-07
 9.84087e-07
 9.84087e-07
 9.84087e-07
 9.84087e-07
 4.92044e-07
 4.92884e-07
 9.85768e-07
 9.85768e-07
 9.85768e-07
 9.85768e-07
 4.92884e-07
 4.93606e-07
 9.87212e-07
 9.87212e-07
 9.87212e-07
 9.87212e-07
 4.93606e-07
 4.94206e-07
 9.88412e-07
 9.88412e-07
 9.88412e-07
 9.88412e-07
 4.94206e-07
 4.94672e-07
 9.89343e-07
 9.89343e-07
 9.89343e-07
 9.89343e-07
 4.94672e-07
 4.94977e-07
 9.89954e-07
 9.89954e-07
 9.89954e-07
 9.89954e-07
 4.94977e-07
 4.95096e-07
 9.90193e-07
 9.90193e-07
 9.90193e-07
 9.90193e-07
 4.95096e-07
 4.95017e-07
 9.90035e-07
 9.90035e-07
 9.90035e-07
 9.90035e-07
 4.95017e-07
 4.94766e-07
 9.89532e-07
 9.89532e-07
 9.89532e-07
 9.89532e-07
 4.94766e-07
 4.94414e-07
 9.88828e-07
 9.88828e-07
 9.88828e-07
 9.88828e-07
 4.94414e-07
 4.94055e-07
 9.88110e-07
 9.88110e-07
 9.88110e-07
 9.88110e-07
 4.94055e-07
 4.93696e-07
 9.87393e-07
 9.87393e-07
 9.87393e-07
 9.87393e-07
 4.93696e-07
 4.69670e-07
 9.39339e-07
 9.39339e-07
 9.39339e-07
 9.39339e-07
 4.69670e-07
 3.99976e-07
 7.99952e-07
 7.99952e-07
 7.99952e-07
 7.99952e-07
 3.99976e-07
 3.27277e-07
 6.54554e-07
 6.54554e-07
 6.54554e-07
 6.54554e-07
 3.27277e-07
 3.00904e-07
 6.01807e-07
 6.01807e-07
 6.01807e-07
 6.01807e-07
 3.00904e-07
 3.02259e-07
 6.04519e-07
 6.04519e-07
 6.04519e-07
 6.04519e-07
 3.02259e-07
 3.04212e-07
 6.08424e-07
 6.08424e-07
 6.08424e-07
 6.08424e-07
 3.04212e-07
 3.06291e-07
 6.12582e-07
 6.12582e-07
 6.12582e-07
 6.12582e-07
 3.06291e-07
 3.07905e-07
 6.15810e-07
 6.15810e-07
 6.15810e-07
 6.15810e-07
 3.07905e-07
 3.08434e-07
 6.16869e-07
 6.16869e-07
 6.16869e-07
 6.16869e-07
 3.08434e-07
part
         4
coordinates
 3.02259e-07
 6.04519e-07
 6.04519e-07
 6.04519e-07
 6.04519e-07
 3.02259e-07
 3.04212e-07
 6.08424e-07
 6.08424e-07
 6.08424e-07
 6.08424e-07
 3.04212e-07
 3.06291e-07
 6.12582e-07
 6.12582e-07
 6.12582e-07
 6.12582e-07
 3.06291e-07
 3.07905e-07
 6.15810e-07
 6.15810e-07
 6.15810e-07
 6.15810e-07
 3.07905e-07
 3.08434e-07
 6.16869e-07
 6.16869e-07
 6.16869e-07
 6.16869e-07
 3.08434e-07
 3.07225e-07
 6.14449e-07
 6.14449e-07
 6.14449e-07
 6.14449e-07
 3.07225e-07
 3.03350e-07
 6.06700e-07
 6.06700e-07
 6.06700e-07
 6.06700e-07
 3.03350e-07
 2.95666e-07
 5.91331e-07
 5.91331e-07
 5.91331e-07
 5.91331e-07
 2.95666e-07
 2.83034e-07
 5.66069e-07
 5.66069e-07
 5.66069e-07
 5.66069e-07
 2.83034e-07
 2.64757e-07
 5.29515e-07
 5.29515e-07
 5.29515e-07
 5.29515e-07
 2.64757e-07
 2.41146e-07
 4.82292e-07
 4.82292e-07
 4.82292e-07
 4.82292e-07
 2.41146e-07
 2.14153e-07
 4.28305e-07
 4.28305e-07
 4.28305e-07
 4.28305e-07
 2.14153e-07
 1.87120e-07
 3.74241e-07
 3.74241e-07
 3.74241e-07
 3.74241e-07
 1.87120e-07
 1.63619e-07
 3.27238e-07
 3.27238e-07
 3.27238e-07
 3.27238e-07
 1.63619e-07
 1.45977e-07
 2.91955e-07
 2.91955e-07
 2.91955e-07
 2.91955e-07
 1.45977e-07
 1.34652e-07
 2.69303e-07
 2.69303e-07
 2.69303e-07
 2.69303e-07
 1.34652e-07
 1.28665e-07
 2.57329e-07
 2.57329e-07
 2.57329e-07
 2.57329e-07
 1.28665e-07
 1.26161e-07
 2.52322e-07
 2.52322e-07
 2.52322e-07
 2.52322e-07
 1.26161e-07
 1.25328e-07
 2.50656e-07
 2.50656e-07
 2.50656e-07
 2.50656e-07
 1.25328e-07
 1.25088e-07
 2.50175e-07
 2.50175e-07
 2.50175e-07
 2.50175e-07
 1.25088e-07
 1.25023e-07
 2.50046e-07
 2.50046e-07
 2.50046e-07
 2.50046e-07
 1.25023e-07
 1.25006e-07
 2.50012e-07
 2.50012e-07
 2.50012e-07
 2.50012e-07
 1.25006e-07
 1.25001e-07
 2.50003e-07
 2.50003e-07
 2.50003e-07
 2.50003e-07
 1.25001e-07
 1.25000e-07
 2.50001e-07
 2.50001e-07
 2.50001e-07
 2.50001e-07
 1.25000e-07
 1.25000e-07
 2.50000e-07
 2.50000e-07
 2.50000e-07
 2.50000e-07
 1.25000e-07
 1.25000e-07
 2.50000e-07
 2.50000e-07
 2.50000e-07
 2.50000e-07
 1.25000e-07
 1.25000e-07
 2.50000e-07
 2.50000e-07
 2.50000e-07
 2.50000e-07
 1.25000e-07
 6.25000e-08
 1.25000e-07
 1.25000e-07
 1.25000e-07
 1.25000e-07
 6.25000e-08
 6.04519e-07
 1.20904e-06
 1.20904e-06
 1.20904e-06
 1.20904e-06
 6.04519e-07
 6.08424e-07
 1.21685e-06
 1.21685e-06
 1.21685e-06
 1.21685e-06
 6.08424e-07
 6.12582e-07
 1.22516e-06
 1.22516e-06
 1.22516e-06
 1.22516e-06
 6.12582e-07
 6.15810e-07
 1.23162e-06
 1.23162e-06
 1.23162e-06
 1.23162e-06
 6.15810e-07
 6.16869e-07
 1.23374e-06
 1.23374e-06
 1.23374e-06
 1.23374e-06
 6.16869e-07
 6.14449e-07
 1.22890e-06
 1.22890e-06
 1.22890e-06
 1.22890e-06
 6.14449e-07
 6.06700e-07
 1.21340e-06
 1.21340e-06
 1.21340e-06
 1.21340e-06
 6.06700e-07
 5.91331e-07
 1.18266e-06
 1.18266e-06
 1.18266e-06
 1.18266e-06
 5.91331e-07
 5.66069e-07
 1.13214e-06
 1.13214e-06
 1.13214e-06
 1.13214e-06
 5.66069e-07
 5.29515e-07
 1.05903e-06
 1.05903e-06
 1.05903e-06
 1.05903e-06
 5.29515e-07
 4.82292e-07
 9.64584e-07
 9.64584e-07
 9.64584e-07
 9.64584e-07
 4.82292e-07
 4.28305e-07
 8.56611e-07
 8.56611e-07
 8.56611e-07
 8.56611e-07
 4.28305e-07
 3.74241e-07
 7.48482e-07
 7.48482e-07
 7.48482e-07
 7.48482e-07
 3.74241e-07
 3.27238e-07
 6.54476e-07
 6.54476e-07
 6.54476e-07
 6.54476e-07
 3.27238e-07
 2.91955e-07
 5.83909e-07
 5.83909e-07
 5.83909e-07
 5.83909e-07
 2.91955e-07
 2.69303e-07
 5.38607e-07
 5.38607e-07
 5.38607e-07
 5.38607e-07
 2.69303e-07
 2.57329e-07
 5.14659e-07
 5.14659e-07
 5.14659e-07
 5.14659e-07
 2.57329e-07
 2.52322e-07
 5.04644e-07
 5.04644e-07
 5.04644e-07
 5.04644e-07
 2.52322e-07
 2.50656e-07
 5.01312e-07
 5.01312e-07
 5.01312e-07
 5.01312e-07
 2.50656e-07
 2.50175e-07
 5.00351e-07
 5.00351e-07
 5.00351e-07
 5.00351e-07
 2.50175e-07
 2.50046e-07
 5.00091e-07
 5.00091e-07
 5.00091e-07
 5.00091e-07
 2.50046e-07
 2.50012e-07
 5.00023e-07
 5.00023e-07
 5.00023e-07
 5.00023e-07
 2.50012e-07
 2.50003e-07
 5.00006e-07
 5.00006e-07
 5.00006e-07
 5.00006e-07
 2.50003e-07
 2.50001e-07
 5.00001e-07
 5.00001e-07
 5.00001e-07
 5.00001e-07
 2.50001e-07
 2.50000e-07
 5.00000e-07
 5.00000e-07
 5.00000e-07
 5.00000e-07
 2.50000e-07
 2.50000e-07
 5.00000e-07
 5.00000e-07
 5.00000e-07
 5.00000e-07
 2.50000e-07
 2.50000e-07
 5.00000e-07
 5.00000e-07
 5.00000e-07
 5.00000e-07
 2.50000e-07
 1.25000e-07
 2.50000e-07
 2.50000e-07
 2.50000e-07
 2.50000e-07
 1.25000e-07
 6.04519e-07
 1.20904e-06
 1.20904e-06
 1.20904e-06
 1.20904e-06
 6.04519e-07
 6.08424e-07
 1.21685e-06
 1.21685e-06
 1.21685e-06
 1.21685e-06
 6.08424e-07
 6.12582e-07
 1.22516e-06
 1.22516e-06
 1.22516e-06
 1.22516e-06
 6.12582e-07
 6.15810e-07
 1.23162e-06
 1.23162e-06
 1.23162e-06
 1.23162e-06
 6.15810e-07
 6.16869e-07
 1.23374e-06
 1.23374e-06
 1.23374e-06
 1.23374e-06
 6.16869e-07
 6.14449e-07
 1.22890e-06
 1.22890e-06
 1.22890e-06
 1.22890e-06
 6.14449e-07
 6.06700e-07
 1.21340e-06
 1.21340e-06
 1.21340e-06
 1.21340e-06
 6.06700e-07
 5.91331e-07
 1.18266e-06
 1.18266e-06
 1.18266e-06
 1.18266e-06
 5.91331e-07
 5.66069e-07
 1.13214e-06
 1.13214e-06
 1.13214e-06
 1.13214e-06
 5.66069e-07
 5.29515e-07
 1.05903e-06
 1.05903e-06
 1.05903e-06
 1.05903e-06
 5.29515e-07
 4.82292e-07
 9.64584e-07
 9.64584e-07
 9.64584e-07
 9.64584e-07
 4.82292e-07
 4.28305e-07
 8.56611e-07
 8.56611e-07
 8.56611e-07
 8.56611e-07
 4.28305e-07
 3.74241e-07
 7.48482e-07
 7.48482e-07
 7.48482e-07
 7.48482e-07
 3.74241e-07
 3.27238e-07
 6.54476e-07
 6.54476e-07
 6.54476e-07
 6.54476e-07
 3.27238e-07
 2.91955e-07
 5.83909e-07
 5.83909e-07
 5.83909e-07
 5.83909e-07
 2.91955e-07
 2.69303e-07
 5.38607e-07
 5.38607e-07
 5.38607e-07
 5.38607e-07
 2.69303e-07
 2.57329e-07
 5.14659e-07
 5.14659e-07
 5.14659e-07
 5.14659e-07
 2.57329e-07
 2.52322e-07
 5.04644e-07
 5.04644e-07
 5.04644e-07
 5.04644e-07
 2.52322e-07
 2.50656e-07
 5.01312e-07
 5.01312e-07
 5.01312e-07
 5.01312e-07
 2.50656e-07
 2.50175e-07
 5.00351e-07
 5.00351e-07
 5.00351e-07
 5.00351e-07
 2.50175e-07
 2.50046e-07
 5.00091e-07
 5.00091e-07
 5.00091e-07
 5.00091e-07
 2.50046e-07
 2.50012e-07
 5.00023e-07
 5.00023e-07
 5.00023e-07
 5.00023e-07
 2.50012e-07
 2.50003e-07
 5.00006e-07
 5.00006e-07
 5.00006e-07
 5.00006e-07
 2.50003e-07
 2.50001e-07
 5.00001e-07
 5.00001e-07
 5.00001e-07
 5.00001e-07
 2.50001e-07
 2.50000e-07
 5.00000e-07
 5.00000e-07
 5.00000e-07
 5.00000e-07
 2.50000e-07
 2.50000e-07
 5.00000e-07
 5.00000e-07
 5.00000e-07
 5.00000e-07
 2.50000e-07
 2.50000e-07
 5.00000e-07
 5.00000e-07
 5.00000e-07
 5.00000e-07
 2.50000e-07
 1.25000e-07
 2.50000e-07
 2.50000e-07
 2.50000e-07
 2.50000e-07
 1.25000e-07
 6.04519e-07
 1.20904e-06
 1.20904e-06
 1.20904e-06
 1.20904e-06
 6.04519e-07
 6.08424e-07
 1.21685e-06
 1.21685e-06
 1.21685e-06
 1.21685e-06
 6.08424e-07
 6.12582e-07
 1.22516e-06
 1.22516e-06
 1.22516e-06
 1.22516e-06
 6.12582e-07
 6.15810e-07
 1.23162e-06
 1.23162e-06
 1.23162e-06
 1.23162e-06
 6.15810e-07
 6.16869e-07
 1.23374e-06
 1.23374e-06
 1.23374e-06
 1.23374e-06
 6.16869e-07
 6.14449e-07
 1.22890e-06
 1.22890e-06
 1.22890e-06
 1.22890e-06
 6.14449e-07
 6.06700e-07
 1.21340e-06
 1.21340e-06
 1.21340e-06
 1.21340e-06
 6.06700e-07
 5.91331e-07
 1.18266e-06
 1.18266e-06
 1.18266e-06
 1.18266e-06
 5.91331e-07
 5.66069e-07
 1.13214e-06
 1.13214e-06
 1.13214e-06
 1.13214e-06
 5.66069e-07
 5.29515e-07
 1.05903e-06
 1.05903e-06
 1.05903e-06
 1.05903e-06
 5.29515e-07
 4.82292e-07
 9.64584e-07
 9.64584e-07
 9.64584e-07
 9.64584e-07
 4.82292e-07
 4.28305e-07
 8.56611e-07
 8.56611e-07
 8.56611e-07
 8.56611e-07
 4.28305e-07
 3.74241e-07
 7.48482e-07
 7.48482e-07
 7.48482e-07
 7.48482e-07
 3.74241e-07
 3.27238e-07
 6.54476e-07
 6.54476e-07
 6.54476e-07
 6.54476e-07
 3.27238e-07
 2.91955e-07
 5.83909e-07
 5.83909e-07
 5.83909e-07
 5.83909e-07
 2.91955e-07
 2.69303e-07
 5.38607e-07
 5.38607e-07
 5.38607e-07
 5.38607e-07
 2.69303e-07
 2.57329e-07
 5.14659e-07
 5.14659e-07
 5.14659e-07
 5.14659e-07
 2.57329e-07
 2.52322e-07
 5.04644e-07
 5.04644e-07
 5.04644e-07
 5.04644e-07
 2.52322e-07
 2.50656e-07
 5.01312e-07
 5.01312e-07
 5.01312e-07
 5.01312e-07
 2.50656e-07
 2.50175e-07
 5.00351e-07
 5.00351e-07
 5.00351e-07
 5.00351e-07
 2.50175e-07
 2.50046e-07
 5.00091e-07
 5.00091e-07
 5.00091e-07
 5.00091e-07
 2.50046e-07
 2.50012e-07
 5.00023e-07
 5.00023e-07
 5.00023e-07
 5.00023e-07
 2.50012e-07
 2.50003e-07
 5.00006e-07
 5.00006e-07
 5.00006e-07
 5.00006e-07
 2.50003e-07
 2.50001e-07
 5.00001e-07
 5.00001e-07
 5.00001e-07
 5.00001e-07
 2.50001e-07
 2.50000e-07
 5.00000e-07
 5.00000e-07
 5.00000e-07
 5.00000e-07
 2.50000e-07
 2.50000e-07
 5.00000e-07
 5.00000e-07
 5.00000e-07
 5.00000e-07
 2.50000e-07
 2.50000e-07
 5.00000e-07
 5.00000e-07
 5.00000e-07
 5.00000e-07
 2.50000e-07
 1.25000e-07
 2.50000e-07
 2.50000e-07
 2.50000e-07
 2.50000e-07
 1.25000e-07
 6.04519e-07
 1.20904e-06
 1.20904e-06
 1.20904e-06
 1.20904e-06
 6.04519e-07
 6.08424e-07
 1.21685e-06
 1.21685e-06
 1.21685e-06
 1.21685e-06
 6.08424e-07
 6.12582e-07
 1.22516e-06
 1.22516e-06
 1.22516e-06
 1.22516e-06
 6.12582e-07
 6.15810e-07
 1.23162e-06
 1.23162e-06
 1.23162e-06
 1.23162e-06
 6.15810e-07
 6.16869e-07
 1.23374e-06
 1.23374e-06
 1.23374e-06
 1.23374e-06
 6.16869e-07
 6.14449e-07
 1.22890e-06
 1.22890e-06
 1.22890e-06
 1.22890e-06
 6.14449e-07
 6.06700e-07
 1.21340e-06
 1.21340e-06
 1.21340e-06
 1.21340e-06
 6.06700e-07
 5.91331e-07
 1.18266e-06
 1.18266e-06
 1.18266e-06
 1.18266e-06
 5.91331e-07
 5.66069e-07
 1.13214e-06
 1.13214e-06
 1.13214e-06
 1.13214e-06
 5.66069e-07
 5.29515e-07
 1.05903e-06
 1.05903e-06
 1.05903e-06
 1.05903e-06
 5.29515e-07
 4.82292e-07
 9.64584e-07
 9.64584e-07
 9.64584e-07
 9.64584e-07
 4.82292e-07
 4.28305e-07
 8.56611e-07
 8.56611e-07
 8.56611e-07
 8.56611e-07
 4.28305e-07
 3.74241e-07
 7.48482e-07
 7.48482e-07
 7.48482e-07
 7.48482e-07
 3.74241e-07
 3.27238e-07
 6.54476e-07
 6.54476e-07
 6.54476e-07
 6.54476e-07
 3.27238e-07
 2.91955e-07
 5.83909e-07
 5.83909e-07
 5.83909e-07
 5.83909e-07
 2.91955e-07
 2.69303e-07
 5.38607e-07
 5.38607e-07
 5.38607e-07
 5.38607e-07
 2.69303e-07
 2.57329e-07
 5.14659e-07
 5.14659e-07
 5.14659e-07
 5.14659e-07
 2.57329e-07
 2.52322e-07
 5.04644e-07
 5.04644e-07
 5.04644e-07
 5.04644e-07
 2.52322e-07
 2.50656e-07
 5.01312e-07
 5.01312e-07
 5.01312e-07
 5.01312e-07
 2.50656e-07
 2.50175e-07
 5.00351e-07
 5.00351e-07
 5.00351e-07
 5.00351e-07
 2.50175e-07
 2.50046e-07
 5.00091e-07
 5.00091e-07
 5.00091e-07
 5.00091e-07
 2.50046e-07
 2.50012e-07
 5.00023e-07
 5.00023e-07
 5.00023e-07
 5.00023e-07
 2.50012e-07
 2.50003e-07
 5.00006e-07
 5.00006e-07
 5.00006e-07
 5.00006e-07
 2.50003e-07
 2.50001e-07
 5.00001e-07
 5.00001e-07
 5.00001e-07
 5.00001e-07
 2.50001e-07
 2.50000e-07
 5.00000e-07
 5.00000e-07
 5.00000e-07
 5.00000e-07
 2.50000e-07
 2.50000e-07
 5.00000e-07
 5.00000e-07
 5.00000e-07
 5.00000e-07
 2.50000e-07
 2.50000e-07
 5.00000e-07
 5.00000e-07
 5.00000e-07
 5.00000e-07
 2.50000e-07
 1.25000e-07
 2.50000e-07
 2.50000e-07
 2.50000e-07
 2.50000e-07
 1.25000e-07
 3.02259e-07
 6.04519e-07
 6.04519e-07
 6.04519e-07
 6.04519e-07
 3.02259e-07
 3.04212e-07
 6.08424e-07
 6.08424e-07
 6.08424e-07
 6.08424e-07
 3.04212e-07
 3.06291e-07
 6.12582e-07
 6.12582e-07
 6.12582e-07
 6.12582e-07
 3.06291e-07
 3.07905e-07
 6.15810e-07
 6.15810e-07
 6.15810e-07
 6.15810e-07
 3.07905e-07
 3.08434e-07
 6.16869e-07
 6.16869e-07
 6.16869e-07
 6.16869e-07
 3.08434e-07
 3.07225e-07
 6.14449e-07
 6.14449e-07
 6.14449e-07
 6.14449e-07
 3.07225e-07
 3.03350e-07
 6.06700e-07
 6.06700e-07
 6.06700e-07
 6.06700e-07
 3.03350e-07
 2.95666e-07
 5.91331e-07
 5.91331e-07
 5.91331e-07
 5.91331e-07
 2.95666e-07
 2.83034e-07
 5.66069e-07
 5.66069e-07
 5.66069e-07
 5.66069e-07
 2.83034e-07
 2.64757e-07
 5.29515e-07
 5.29515e-07
 5.29515e-07
 5.29515e-07
 2.64757e-07
 2.41146e-07
 4.82292e-07
 4.82292e-07
 4.82292e-07
 4.82292e-07
 2.41146e-07
 2.14153e-07
 4.28305e-07
 4.28305e-07
 4.28305e-07
 4.28305e-07
 2.14153e-07
 1.87120e-07
 3.74241e-07
 3.74241e-07
 3.74241e-07
 3.74241e-07
 1.87120e-07
 1.63619e-07
 3.27238e-07
 3.27238e-07
 3.27238e-07
 3.27238e-07
 1.63619e-07
 1.45977e-07
 2.91955e-07
 2.91955e-07
 2.91955e-07
 2.91955e-07
 1.45977e-07
 1.34652e-07
 2.69303e-07
 2.69303e-07
 2.69303e-07
 2.69303e-07
 1.34652e-07
 1.28665e-07
 2.57329e-07
 2.57329e-07
 2.57329e-07
 2.57329e-07
 1.28665e-07
 1.26161e-07
 2.52322e-07
 2.52322e-07
 2.52322e-07
 2.52322e-07
 1.26161e-07
 1.25328e-07
 2.50656e-07
 2.50656e-07
 2.50656e-07
 2.50656e-07
 1.25328e-07
 1.25088e-07
 2.50175e-07
 2.50175e-07
 2.50175e-07
 2.50175e-07
 1.25088e-07
 1.25023e-07
 2.50046e-07
 2.50046e-07
 2.50046e-07
 2.50046e-07
 1.25023e-07
 1.25006e-07
 2.50012e-07
 2.50012e-07
 2.50012e-07
 2.50012e-07
 1.25006e-07
 1.25001e-07
 2.50003e-07
 2.50003e-07
 2.50003e-07
 2.50003e-07
 1.25001e-07
 1.25000e-07
 2.50001e-07
 2.50001e-07
 2.50001e-07
 2.50001e-07
 1.25000e-07
 1.25000e-07
 2.50000e-07
 2.50000e-07
 2.50000e-07
 2.50000e-07
 1.25000e-07
 1.25000e-07
 2.50000e-07
 2.50000e-07
 2.50000e-07
 2.50000e-07
 1.25000e-07
 1.25000e-07
 2.50000e-07
 2.50000e-07
 2.50000e-07
 2.50000e-07
 1.25000e-07
 6.25000e-08
 1.25000e-07
 1.25000e-07
 1.25000e-07
 1.25000e-07
 6.25000e-08
