NodeMass
part
         1
coordinates
 5.00000e-07
 1.00000e-06
 1.00000e-06
 1.00000e-06
 1.00000e-06
 5.00000e-07
 1.00000e-06
 2.00000e-06
 2.00000e-06
 2.00000e-06
 2.00000e-06
 1.00000e-06
 1.00000e-06
 2.00000e-06
 2.00000e-06
 2.00000e-06
 2.00000e-06
 1.00000e-06
 1.00000e-06
 2.00000e-06
 2.00000e-06
 2.00000e-06
 2.00000e-06
 1.00000e-06
 1.00000e-06
 2.00000e-06
 2.00000e-06
 2.00000e-06
 2.00000e-06
 1.00000e-06
 1.00000e-06
 2.00000e-06
 2.00000e-06
 2.00000e-06
 2.00000e-06
 1.00000e-06
 1.00000e-06
 2.00000e-06
 2.00000e-06
 2.00000e-06
 2.00000e-06
 1.00000e-06
 1.00000e-06
 2.00000e-06
 2.00000e-06
 2.00000e-06
 2.00000e-06
 1.00000e-06
 1.00000e-06
 2.00000e-06
 2.00000e-06
 2.00000e-06
 2.00000e-06
 1.00000e-06
 1.00000e-06
 2.00000e-06
 2.00000e-06
 2.00000e-06
 2.00000e-06
 1.00000e-06
 1.00000e-06
 2.00000e-06
 2.00000e-06
 2.00000e-06
 2.00000e-06
 1.00000e-06
 1.00000e-06
 2.00000e-06
 2.00000e-06
 2.00000e-06
 2.00000e-06
 1.00000e-06
 1.00000e-06
 2.00000e-06
 2.00000e-06
 2.00000e-06
 2.00000e-06
 1.00000e-06
 1.00000e-06
 2.00000e-06
 2.00000e-06
 2.00000e-06
 2.00000e-06
 1.00000e-06
 1.00000e-06
 2.00000e-06
 2.00000e-06
 2.00000e-06
 2.00000e-06
 1.00000e-06
 1.00000e-06
 2.00000e-06
 2.00000e-06
 2.00000e-06
 2.00000e-06
 1.00000e-06
 1.00000e-06
 2.00000e-06
 2.00000e-06
 2.00000e-06
 2.00000e-06
 1.00000e-06
 1.00000e-06
 2.00000e-06
 2.00000e-06
 2.00000e-06
 2.00000e-06
 1.00000e-06
 1.00000e-06
 2.00000e-06
 2.00000e-06
 2.00000e-06
 2.00000e-06
 1.00000e-06
 1.00000e-06
 2.00000e-06
 2.00000e-06
 2.00000e-06
 2.00000e-06
 1.00000e-06
 1.00000e-06
 2.00000e-06
 2.00000e-06
 2.00000e-06
 2.00000e-06
 1.00000e-06
 1.00000e-06
 2.00000e-06
 2.00000e-06
 2.00000e-06
 2.00000e-06
 1.00000e-06
 1.00000e-06
 2.00000e-06
 2.00000e-06
 2.00000e-06
 2.00000e-06
 1.00000e-06
 1.00000e-06
 2.00000e-06
 2.00000e-06
 2.00000e-06
 2.00000e-06
 1.00000e-06
 1.00000e-06
 2.00000e-06
 2.00000e-06
 2.00000e-06
 2.00000e-06
 1.00000e-06
 1.00000e-06
 2.00000e-06
 2.00000e-06
 2.00000e-06
 2.00000e-06
 1.00000e-06
 1.00000e-06
 2.00000e-06
 2.00000e-06
 2.00000e-06
 2.00000e-06
 1.00000e-06
 1.00000e-06
 2.00000e-06
 2.00000e-06
 2.00000e-06
 2.00000e-06
 1.00000e-06
 9.99997e-07
 1.99999e-06
 1.99999e-06
 1.99999e-06
 1.99999e-06
 9.99997e-07
 1.00000e-06
 2.00000e-06
 2.00000e-06
 2.00000e-06
 2.00000e-06
 1.00000e-06
 2.00000e-06
 4.00000e-06
 4.00000e-06
 4.00000e-06
 4.00000e-06
 2.00000e-06
 2.00000e-06
 4.00000e-06
 4.00000e-06
 4.00000e-06
 4.00000e-06
 2.00000e-06
 2.00000e-06
 4.00000e-06
 4.00000e-06
 4.00000e-06
 4.00000e-06
 2.00000e-06
 2.00000e-06
 4.00000e-06
 4.00000e-06
 4.00000e-06
 4.00000e-06
 2.00000e-06
 2.00000e-06
 4.00000e-06
 4.00000e-06
 4.00000e-06
 4.00000e-06
 2.00000e-06
 2.00000e-06
 4.00000e-06
 4.00000e-06
 4.00000e-06
 4.00000e-06
 2.00000e-06
 2.00000e-06
 4.00000e-06
 4.00000e-06
 4.00000e-06
 4.00000e-06
 2.00000e-06
 2.00000e-06
 4.00000e-06
 4.00000e-06
 4.00000e-06
 4.00000e-06
 2.00000e-06
 2.00000e-06
 4.00000e-06
 4.00000e-06
 4.00000e-06
 4.00000e-06
 2.00000e-06
 2.00000e-06
 4.00000e-06
 4.00000e-06
 4.00000e-06
 4.00000e-06
 2.00000e-06
 2.00000e-06
 4.00000e-06
 4.00000e-06
 4.00000e-06
 4.00000e-06
 2.00000e-06
 2.00000e-06
 4.00000e-06
 4.00000e-06
 4.00000e-06
 4.00000e-06
 2.00000e-06
 2.00000e-06
 4.00000e-06
 4.00000e-06
 4.00000e-06
 4.00000e-06
 2.00000e-06
 2.00000e-06
 4.00000e-06
 4.00000e-06
 4.00000e-06
 4.00000e-06
 2.00000e-06
 2.00000e-06
 4.00000e-06
 4.00000e-06
 4.00000e-06
 4.00000e-06
 2.00000e-06
 2.00000e-06
 4.00000e-06
 4.00000e-06
 4.00000e-06
 4.00000e-06
 2.00000e-06
 2.00000e-06
 4.00000e-06
 4.00000e-06
 4.00000e-06
 4.00000e-06
 2.00000e-06
 2.00000e-06
 4.00000e-06
 4.00000e-06
 4.00000e-06
 4.00000e-06
 2.00000e-06
 2.00000e-06
 4.00000e-06
 4.00000e-06
 4.00000e-06
 4.00000e-06
 2.00000e-06
 2.00000e-06
 4.00000e-06
 4.00000e-06
 4.00000e-06
 4.00000e-06
 2.00000e-06
 2.00000e-06
 4.00000e-06
 4.00000e-06
 4.00000e-06
 4.00000e-06
 2.00000e-06
 2.00000e-06
 4.00000e-06
 4.00000e-06
 4.00000e-06
 4.00000e-06
 2.00000e-06
 2.00000e-06
 4.00000e-06
 4.00000e-06
 4.00000e-06
 4.00000e-06
 2.00000e-06
 2.00000e-06
 4.00000e-06
 4.00000e-06
 4.00000e-06
 4.00000e-06
 2.00000e-06
 2.00000e-06
 4.00000e-06
 4.00000e-06
 4.00000e-06
 4.00000e-06
 2.00000e-06
 2.00000e-06
 4.00000e-06
 4.00000e-06
 4.00000e-06
 4.00000e-06
 2.00000e-06
 2.00000e-06
 4.00000e-06
 4.00000e-06
 4.00000e-06
 4.00000e-06
 2.00000e-06
 1.99999e-06
 3.99999e-06
 3.99999e-06
 3.99999e-06
 3.99999e-06
 1.99999e-06
 1.00000e-06
 2.00000e-06
 2.00000e-06
 2.00000e-06
 2.00000e-06
 1.00000e-06
 2.00000e-06
 4.00000e-06
 4.00000e-06
 4.00000e-06
 4.00000e-06
 2.00000e-06
 2.00000e-06
 4.00000e-06
 4.00000e-06
 4.00000e-06
 4.00000e-06
 2.00000e-06
 2.00000e-06
 4.00000e-06
 4.00000e-06
 4.00000e-06
 4.00000e-06
 2.00000e-06
 2.00000e-06
 4.00000e-06
 4.00000e-06
 4.00000e-06
 4.00000e-06
 2.00000e-06
 2.00000e-06
 4.00000e-06
 4.00000e-06
 4.00000e-06
 4.00000e-06
 2.00000e-06
 2.00000e-06
 4.00000e-06
 4.00000e-06
 4.00000e-06
 4.00000e-06
 2.00000e-06
 2.00000e-06
 4.00000e-06
 4.00000e-06
 4.00000e-06
 4.00000e-06
 2.00000e-06
 2.00000e-06
 4.00000e-06
 4.00000e-06
 4.00000e-06
 4.00000e-06
 2.00000e-06
 2.00000e-06
 4.00000e-06
 4.00000e-06
 4.00000e-06
 4.00000e-06
 2.00000e-06
 2.00000e-06
 4.00000e-06
 4.00000e-06
 4.00000e-06
 4.00000e-06
 2.00000e-06
 2.00000e-06
 4.00000e-06
 4.00000e-06
 4.00000e-06
 4.00000e-06
 2.00000e-06
 2.00000e-06
 4.00000e-06
 4.00000e-06
 4.00000e-06
 4.00000e-06
 2.00000e-06
 2.00000e-06
 4.00000e-06
 4.00000e-06
 4.00000e-06
 4.00000e-06
 2.00000e-06
 2.00000e-06
 4.00000e-06
 4.00000e-06
 4.00000e-06
 4.00000e-06
 2.00000e-06
 2.00000e-06
 4.00000e-06
 4.00000e-06
 4.00000e-06
 4.00000e-06
 2.00000e-06
 2.00000e-06
 4.00000e-06
 4.00000e-06
 4.00000e-06
 4.00000e-06
 2.00000e-06
 2.00000e-06
 4.00000e-06
 4.00000e-06
 4.00000e-06
 4.00000e-06
 2.00000e-06
 2.00000e-06
 4.00000e-06
 4.00000e-06
 4.00000e-06
 4.00000e-06
 2.00000e-06
 2.00000e-06
 4.00000e-06
 4.00000e-06
 4.00000e-06
 4.00000e-06
 2.00000e-06
 2.00000e-06
 4.00000e-06
 4.00000e-06
 4.00000e-06
 4.00000e-06
 2.00000e-06
 2.00000e-06
 4.00000e-06
 4.00000e-06
 4.00000e-06
 4.00000e-06
 2.00000e-06
 2.00000e-06
 4.00000e-06
 4.00000e-06
 4.00000e-06
 4.00000e-06
 2.00000e-06
 2.00000e-06
 4.00000e-06
 4.00000e-06
 4.00000e-06
 4.00000e-06
 2.00000e-06
 2.00000e-06
 4.00000e-06
 4.00000e-06
 4.00000e-06
 4.00000e-06
 2.00000e-06
 2.00000e-06
 4.00000e-06
 4.00000e-06
 4.00000e-06
 4.00000e-06
 2.00000e-06
 2.00000e-06
 4.00000e-06
 4.00000e-06
 4.00000e-06
 4.00000e-06
 2.00000e-06
 2.00000e-06
 4.00000e-06
 4.00000e-06
 4.00000e-06
 4.00000e-06
 2.00000e-06
 1.99999e-06
 3.99999e-06
 3.99999e-06
 3.99999e-06
 3.99999e-06
 1.99999e-06
 1.00000e-06
 2.00000e-06
 2.00000e-06
 2.00000e-06
 2.00000e-06
 1.00000e-06
 2.00000e-06
 4.00000e-06
 4.00000e-06
 4.00000e-06
 4.00000e-06
 2.00000e-06
 2.00000e-06
 4.00000e-06
 4.00000e-06
 4.00000e-06
 4.00000e-06
 2.00000e-06
 2.00000e-06
 4.00000e-06
 4.00000e-06
 4.00000e-06
 4.00000e-06
 2.00000e-06
 2.00000e-06
 4.00000e-06
 4.00000e-06
 4.00000e-06
 4.00000e-06
 2.00000e-06
 2.00000e-06
 4.00000e-06
 4.00000e-06
 4.00000e-06
 4.00000e-06
 2.00000e-06
 2.00000e-06
 4.00000e-06
 4.00000e-06
 4.00000e-06
 4.00000e-06
 2.00000e-06
 2.00000e-06
 4.00000e-06
 4.00000e-06
 4.00000e-06
 4.00000e-06
 2.00000e-06
 2.00000e-06
 4.00000e-06
 4.00000e-06
 4.00000e-06
 4.00000e-06
 2.00000e-06
 2.00000e-06
 4.00000e-06
 4.00000e-06
 4.00000e-06
 4.00000e-06
 2.00000e-06
 2.00000e-06
 4.00000e-06
 4.00000e-06
 4.00000e-06
 4.00000e-06
 2.00000e-06
 2.00000e-06
 4.00000e-06
 4.00000e-06
 4.00000e-06
 4.00000e-06
 2.00000e-06
 2.00000e-06
 4.00000e-06
 4.00000e-06
 4.00000e-06
 4.00000e-06
 2.00000e-06
 2.00000e-06
 4.00000e-06
 4.00000e-06
 4.00000e-06
 4.00000e-06
 2.00000e-06
 2.00000e-06
 4.00000e-06
 4.00000e-06
 4.00000e-06
 4.00000e-06
 2.00000e-06
 2.00000e-06
 4.00000e-06
 4.00000e-06
 4.00000e-06
 4.00000e-06
 2.00000e-06
 2.00000e-06
 4.00000e-06
 4.00000e-06
 4.00000e-06
 4.00000e-06
 2.00000e-06
 2.00000e-06
 4.00000e-06
 4.00000e-06
 4.00000e-06
 4.00000e-06
 2.00000e-06
 2.00000e-06
 4.00000e-06
 4.00000e-06
 4.00000e-06
 4.00000e-06
 2.00000e-06
 2.00000e-06
 4.00000e-06
 4.00000e-06
 4.00000e-06
 4.00000e-06
 2.00000e-06
 2.00000e-06
 4.00000e-06
 4.00000e-06
 4.00000e-06
 4.00000e-06
 2.00000e-06
 2.00000e-06
 4.00000e-06
 4.00000e-06
 4.00000e-06
 4.00000e-06
 2.00000e-06
 2.00000e-06
 4.00000e-06
 4.00000e-06
 4.00000e-06
 4.00000e-06
 2.00000e-06
 2.00000e-06
 4.00000e-06
 4.00000e-06
 4.00000e-06
 4.00000e-06
 2.00000e-06
 2.00000e-06
 4.00000e-06
 4.00000e-06
 4.00000e-06
 4.00000e-06
 2.00000e-06
 2.00000e-06
 4.00000e-06
 4.00000e-06
 4.00000e-06
 4.00000e-06
 2.00000e-06
 2.00000e-06
 4.00000e-06
 4.00000e-06
 4.00000e-06
 4.00000e-06
 2.00000e-06
 2.00000e-06
 4.00000e-06
 4.00000e-06
 4.00000e-06
 4.00000e-06
 2.00000e-06
 1.99999e-06
 3.99999e-06
 3.99999e-06
 3.99999e-06
 3.99999e-06
 1.99999e-06
 1.00000e-06
 2.00000e-06
 2.00000e-06
 2.00000e-06
 2.00000e-06
 1.00000e-06
 2.00000e-06
 4.00000e-06
 4.00000e-06
 4.00000e-06
 4.00000e-06
 2.00000e-06
 2.00000e-06
 4.00000e-06
 4.00000e-06
 4.00000e-06
 4.00000e-06
 2.00000e-06
 2.00000e-06
 4.00000e-06
 4.00000e-06
 4.00000e-06
 4.00000e-06
 2.00000e-06
 2.00000e-06
 4.00000e-06
 4.00000e-06
 4.00000e-06
 4.00000e-06
 2.00000e-06
 2.00000e-06
 4.00000e-06
 4.00000e-06
 4.00000e-06
 4.00000e-06
 2.00000e-06
 2.00000e-06
 4.00000e-06
 4.00000e-06
 4.00000e-06
 4.00000e-06
 2.00000e-06
 2.00000e-06
 4.00000e-06
 4.00000e-06
 4.00000e-06
 4.00000e-06
 2.00000e-06
 2.00000e-06
 4.00000e-06
 4.00000e-06
 4.00000e-06
 4.00000e-06
 2.00000e-06
 2.00000e-06
 4.00000e-06
 4.00000e-06
 4.00000e-06
 4.00000e-06
 2.00000e-06
 2.00000e-06
 4.00000e-06
 4.00000e-06
 4.00000e-06
 4.00000e-06
 2.00000e-06
 2.00000e-06
 4.00000e-06
 4.00000e-06
 4.00000e-06
 4.00000e-06
 2.00000e-06
 2.00000e-06
 4.00000e-06
 4.00000e-06
 4.00000e-06
 4.00000e-06
 2.00000e-06
 2.00000e-06
 4.00000e-06
 4.00000e-06
 4.00000e-06
 4.00000e-06
 2.00000e-06
 2.00000e-06
 4.00000e-06
 4.00000e-06
 4.00000e-06
 4.00000e-06
 2.00000e-06
 2.00000e-06
 4.00000e-06
 4.00000e-06
 4.00000e-06
 4.00000e-06
 2.00000e-06
 2.00000e-06
 4.00000e-06
 4.00000e-06
 4.00000e-06
 4.00000e-06
 2.00000e-06
 2.00000e-06
 4.00000e-06
 4.00000e-06
 4.00000e-06
 4.00000e-06
 2.00000e-06
 2.00000e-06
 4.00000e-06
 4.00000e-06
 4.00000e-06
 4.00000e-06
 2.00000e-06
 2.00000e-06
 4.00000e-06
 4.00000e-06
 4.00000e-06
 4.00000e-06
 2.00000e-06
 2.00000e-06
 4.00000e-06
 4.00000e-06
 4.00000e-06
 4.00000e-06
 2.00000e-06
 2.00000e-06
 4.00000e-06
 4.00000e-06
 4.00000e-06
 4.00000e-06
 2.00000e-06
 2.00000e-06
 4.00000e-06
 4.00000e-06
 4.00000e-06
 4.00000e-06
 2.00000e-06
 2.00000e-06
 4.00000e-06
 4.00000e-06
 4.00000e-06
 4.00000e-06
 2.00000e-06
 2.00000e-06
 4.00000e-06
 4.00000e-06
 4.00000e-06
 4.00000e-06
 2.00000e-06
 2.00000e-06
 4.00000e-06
 4.00000e-06
 4.00000e-06
 4.00000e-06
 2.00000e-06
 2.00000e-06
 4.00000e-06
 4.00000e-06
 4.00000e-06
 4.00000e-06
 2.00000e-06
 2.00000e-06
 4.00000e-06
 4.00000e-06
 4.00000e-06
 4.00000e-06
 2.00000e-06
 1.99999e-06
 3.99999e-06
 3.99999e-06
 3.99999e-06
 3.99999e-06
 1.99999e-06
 5.00000e-07
 1.00000e-06
 1.00000e-06
 1.00000e-06
 1.00000e-06
 5.00000e-07
 1.00000e-06
 2.00000e-06
 2.00000e-06
 2.00000e-06
 2.00000e-06
 1.00000e-06
 1.00000e-06
 2.00000e-06
 2.00000e-06
 2.00000e-06
 2.00000e-06
 1.00000e-06
 1.00000e-06
 2.00000e-06
 2.00000e-06
 2.00000e-06
 2.00000e-06
 1.00000e-06
 1.00000e-06
 2.00000e-06
 2.00000e-06
 2.00000e-06
 2.00000e-06
 1.00000e-06
 1.00000e-06
 2.00000e-06
 2.00000e-06
 2.00000e-06
 2.00000e-06
 1.00000e-06
 1.00000e-06
 2.00000e-06
 2.00000e-06
 2.00000e-06
 2.00000e-06
 1.00000e-06
 1.00000e-06
 2.00000e-06
 2.00000e-06
 2.00000e-06
 2.00000e-06
 1.00000e-06
 1.00000e-06
 2.00000e-06
 2.00000e-06
 2.00000e-06
 2.00000e-06
 1.00000e-06
 1.00000e-06
 2.00000e-06
 2.00000e-06
 2.00000e-06
 2.00000e-06
 1.00000e-06
 1.00000e-06
 2.00000e-06
 2.00000e-06
 2.00000e-06
 2.00000e-06
 1.00000e-06
 1.00000e-06
 2.00000e-06
 2.00000e-06
 2.00000e-06
 2.00000e-06
 1.00000e-06
 1.00000e-06
 2.00000e-06
 2.00000e-06
 2.00000e-06
 2.00000e-06
 1.00000e-06
 1.00000e-06
 2.00000e-06
 2.00000e-06
 2.00000e-06
 2.00000e-06
 1.00000e-06
 1.00000e-06
 2.00000e-06
 2.00000e-06
 2.00000e-06
 2.00000e-06
 1.00000e-06
 1.00000e-06
 2.00000e-06
 2.00000e-06
 2.00000e-06
 2.00000e-06
 1.00000e-06
 1.00000e-06
 2.00000e-06
 2.00000e-06
 2.00000e-06
 2.00000e-06
 1.00000e-06
 1.00000e-06
 2.00000e-06
 2.00000e-06
 2.00000e-06
 2.00000e-06
 1.00000e-06
 1.00000e-06
 2.00000e-06
 2.00000e-06
 2.00000e-06
 2.00000e-06
 1.00000e-06
 1.00000e-06
 2.00000e-06
 2.00000e-06
 2.00000e-06
 2.00000e-06
 1.00000e-06
 1.00000e-06
 2.00000e-06
 2.00000e-06
 2.00000e-06
 2.00000e-06
 1.00000e-06
 1.00000e-06
 2.00000e-06
 2.00000e-06
 2.00000e-06
 2.00000e-06
 1.00000e-06
 1.00000e-06
 2.00000e-06
 2.00000e-06
 2.00000e-06
 2.00000e-06
 1.00000e-06
 1.00000e-06
 2.00000e-06
 2.00000e-06
 2.00000e-06
 2.00000e-06
 1.00000e-06
 1.00000e-06
 2.00000e-06
 2.00000e-06
 2.00000e-06
 2.00000e-06
 1.00000e-06
 1.00000e-06
 2.00000e-06
 2.00000e-06
 2.00000e-06
 2.00000e-06
 1.00000e-06
 1.00000e-06
 2.00000e-06
 2.00000e-06
 2.00000e-06
 2.00000e-06
 1.00000e-06
 1.00000e-06
 2.00000e-06
 2.00000e-06
 2.00000e-06
 2.00000e-06
 1.00000e-06
 9.99997e-07
 1.99999e-06
 1.99999e-06
 1.99999e-06
 1.99999e-06
 9.99997e-07
part
         2
coordinates
 1.00000e-06
 2.00000e-06
 2.00000e-06
 2.00000e-06
 2.00000e-06
 1.00000e-06
 1.00000e-06
 2.00000e-06
 2.00000e-06
 2.00000e-06
 2.00000e-06
 1.00000e-06
 1.00000e-06
 2.00000e-06
 2.00000e-06
 2.00000e-06
 2.00000e-06
 1.00000e-06
 1.00000e-06
 2.00000e-06
 2.00000e-06
 2.00000e-06
 2.00000e-06
 1.00000e-06
 1.00000e-06
 2.00000e-06
 2.00000e-06
 2.00000e-06
 2.00000e-06
 1.00000e-06
 1.00000e-06
 2.00000e-06
 2.00000e-06
 2.00000e-06
 2.00000e-06
 1.00000e-06
 9.99997e-07
 1.99999e-06
 1.99999e-06
 1.99999e-06
 1.99999e-06
 9.99997e-07
 9.99976e-07
 1.99995e-06
 1.99995e-06
 1.99995e-06
 1.99995e-06
 9.99976e-07
 9.99838e-07
 1.99968e-06
 1.99968e-06
 1.99968e-06
 1.99968e-06
 9.99838e-07
 9.99083e-07
 1.99817e-06
 1.99817e-06
 1.99817e-06
 1.99817e-06
 9.99083e-07
 9.95712e-07
 1.99142e-06
 1.99142e-06
 1.99142e-06
 1.99142e-06
 9.95712e-07
 9.84401e-07
 1.96880e-06
 1.96880e-06
 1.96880e-06
 1.96880e-06
 9.84401e-07
 9.57675e-07
 1.91535e-06
 1.91535e-06
 1.91535e-06
 1.91535e-06
 9.57675e-07
 9.13200e-07
 1.82640e-06
 1.82640e-06
 1.82640e-06
 1.82640e-06
 9.13200e-07
 8.57334e-07
 1.71467e-06
 1.71467e-06
 1.71467e-06
 1.71467e-06
 8.57334e-07
 7.98712e-07
 1.59742e-06
 1.59742e-06
 1.59742e-06
 1.59742e-06
 7.98712e-07
 7.42592e-07
 1.48518e-06
 1.48518e-06
 1.48518e-06
 1.48518e-06
 7.42592e-07
 6.91008e-07
 1.38202e-06
 1.38202e-06
 1.38202e-06
 1.38202e-06
 6.91008e-07
 6.44448e-07
 1.28890e-06
 1.28890e-06
 1.28890e-06
 1.28890e-06
 6.44448e-07
 6.02946e-07
 1.20589e-06
 1.20589e-06
 1.20589e-06
 1.20589e-06
 6.02946e-07
 5.66743e-07
 1.13349e-06
 1.13349e-06
 1.13349e-06
 1.13349e-06
 5.66743e-07
 5.36668e-07
 1.07334e-06
 1.07334e-06
 1.07334e-06
 1.07334e-06
 5.36668e-07
 5.12074e-07
 1.02415e-06
 1.02415e-06
 1.02415e-06
 1.02415e-06
 5.12074e-07
 4.91196e-07
 9.82392e-07
 9.82392e-07
 9.82392e-07
 9.82392e-07
 4.91196e-07
 4.75251e-07
 9.50501e-07
 9.50501e-07
 9.50501e-07
 9.50501e-07
 4.75251e-07
 4.69145e-07
 9.38291e-07
 9.38291e-07
 9.38291e-07
 9.38291e-07
 4.69145e-07
 4.69914e-07
 9.39829e-07
 9.39829e-07
 9.39829e-07
 9.39829e-07
 4.69914e-07
 4.71061e-07
 9.42121e-07
 9.42121e-07
 9.42121e-07
 9.42121e-07
 4.71061e-07
 4.72694e-07
 9.45389e-07
 9.45389e-07
 9.45389e-07
 9.45389e-07
 4.72694e-07
 4.74817e-07
 9.49634e-07
 9.49634e-07
 9.49634e-07
 9.49634e-07
 4.74817e-07
 4.76884e-07
 9.53769e-07
 9.53769e-07
 9.53769e-07
 9.53769e-07
 4.76884e-07
 4.79112e-07
 9.58224e-07
 9.58224e-07
 9.58224e-07
 9.58224e-07
 4.79112e-07
 2.00000e-06
 4.00000e-06
 4.00000e-06
 4.00000e-06
 4.00000e-06
 2.00000e-06
 2.00000e-06
 4.00000e-06
 4.00000e-06
 4.00000e-06
 4.00000e-06
 2.00000e-06
 2.00000e-06
 4.00000e-06
 4.00000e-06
 4.00000e-06
 4.00000e-06
 2.00000e-06
 2.00000e-06
 4.00000e-06
 4.00000e-06
 4.00000e-06
 4.00000e-06
 2.00000e-06
 2.00000e-06
 4.00000e-06
 4.00000e-06
 4.00000e-06
 4.00000e-06
 2.00000e-06
 2.00000e-06
 4.00000e-06
 4.00000e-06
 4.00000e-06
 4.00000e-06
 2.00000e-06
 1.99999e-06
 3.99999e-06
 3.99999e-06
 3.99999e-06
 3.99999e-06
 1.99999e-06
 1.99995e-06
 3.99990e-06
 3.99990e-06
 3.99990e-06
 3.99990e-06
 1.99995e-06
 1.99968e-06
 3.99935e-06
 3.99935e-06
 3.99935e-06
 3.99935e-06
 1.99968e-06
 1.99817e-06
 3.99633e-06
 3.99633e-06
 3.99633e-06
 3.99633e-06
 1.99817e-06
 1.99142e-06
 3.98285e-06
 3.98285e-06
 3.98285e-06
 3.98285e-06
 1.99142e-06
 1.96880e-06
 3.93761e-06
 3.93761e-06
 3.93761e-06
 3.93761e-06
 1.96880e-06
 1.91535e-06
 3.83070e-06
 3.83070e-06
 3.83070e-06
 3.83070e-06
 1.91535e-06
 1.82640e-06
 3.65280e-06
 3.65280e-06
 3.65280e-06
 3.65280e-06
 1.82640e-06
 1.71467e-06
 3.42934e-06
 3.42934e-06
 3.42934e-06
 3.42934e-06
 1.71467e-06
 1.59742e-06
 3.19485e-06
 3.19485e-06
 3.19485e-06
 3.19485e-06
 1.59742e-06
 1.48518e-06
 2.97037e-06
 2.97037e-06
 2.97037e-06
 2.97037e-06
 1.48518e-06
 1.38202e-06
 2.76403e-06
 2.76403e-06
 2.76403e-06
 2.76403e-06
 1.38202e-06
 1.28890e-06
 2.57779e-06
 2.57779e-06
 2.57779e-06
 2.57779e-06
 1.28890e-06
 1.20589e-06
 2.41178e-06
 2.41178e-06
 2.41178e-06
 2.41178e-06
 1.20589e-06
 1.13349e-06
 2.26697e-06
 2.26697e-06
 2.26697e-06
 2.26697e-06
 1.13349e-06
 1.07334e-06
 2.14667e-06
 2.14667e-06
 2.14667e-06
 2.14667e-06
 1.07334e-06
 1.02415e-06
 2.04830e-06
 2.04830e-06
 2.04830e-06
 2.04830e-06
 1.02415e-06
 9.82392e-07
 1.96478e-06
 1.96478e-06
 1.96478e-06
 1.96478e-06
 9.82392e-07
 9.50501e-07
 1.90100e-06
 1.90100e-06
 1.90100e-06
 1.90100e-06
 9.50501e-07
 9.38291e-07
 1.87658e-06
 1.87658e-06
 1.87658e-06
 1.87658e-06
 9.38291e-07
 9.39829e-07
 1.87966e-06
 1.87966e-06
 1.87966e-06
 1.87966e-06
 9.39829e-07
 9.42121e-07
 1.88424e-06
 1.88424e-06
 1.88424e-06
 1.88424e-06
 9.42121e-07
 9.45389e-07
 1.89078e-06
 1.89078e-06
 1.89078e-06
 1.89078e-06
 9.45389e-07
 9.49634e-07
 1.89927e-06
 1.89927e-06
 1.89927e-06
 1.89927e-06
 9.49634e-07
 9.53769e-07
 1.90754e-06
 1.90754e-06
 1.90754e-06
 1.90754e-06
 9.53769e-07
 9.58224e-07
 1.91645e-06
 1.91645e-06
 1.91645e-06
 1.91645e-06
 9.58224e-07
 2.00000e-06
 4.00000e-06
 4.00000e-06
 4.00000e-06
 4.00000e-06
 2.00000e-06
 2.00000e-06
 4.00000e-06
 4.00000e-06
 4.00000e-06
 4.00000e-06
 2.00000e-06
 2.00000e-06
 4.00000e-06
 4.00000e-06
 4.00000e-06
 4.00000e-06
 2.00000e-06
 2.00000e-06
 4.00000e-06
 4.00000e-06
 4.00000e-06
 4.00000e-06
 2.00000e-06
 2.00000e-06
 4.00000e-06
 4.00000e-06
 4.00000e-06
 4.00000e-06
 2.00000e-06
 2.00000e-06
 4.00000e-06
 4.00000e-06
 4.00000e-06
 4.00000e-06
 2.00000e-06
 1.99999e-06
 3.99999e-06
 3.99999e-06
 3.99999e-06
 3.99999e-06
 1.99999e-06
 1.99995e-06
 3.99990e-06
 3.99990e-06
 3.99990e-06
 3.99990e-06
 1.99995e-06
 1.99968e-06
 3.99935e-06
 3.99935e-06
 3.99935e-06
 3.99935e-06
 1.99968e-06
 1.99817e-06
 3.99633e-06
 3.99633e-06
 3.99633e-06
 3.99633e-06
 1.99817e-06
 1.99142e-06
 3.98285e-06
 3.98285e-06
 3.98285e-06
 3.98285e-06
 1.99142e-06
 1.96880e-06
 3.93761e-06
 3.93761e-06
 3.93761e-06
 3.93761e-06
 1.96880e-06
 1.91535e-06
 3.83070e-06
 3.83070e-06
 3.83070e-06
 3.83070e-06
 1.91535e-06
 1.82640e-06
 3.65280e-06
 3.65280e-06
 3.65280e-06
 3.65280e-06
 1.82640e-06
 1.71467e-06
 3.42934e-06
 3.42934e-06
 3.42934e-06
 3.42934e-06
 1.71467e-06
 1.59742e-06
 3.19485e-06
 3.19485e-06
 3.19485e-06
 3.19485e-06
 1.59742e-06
 1.48518e-06
 2.97037e-06
 2.97037e-06
 2.97037e-06
 2.97037e-06
 1.48518e-06
 1.38202e-06
 2.76403e-06
 2.76403e-06
 2.76403e-06
 2.76403e-06
 1.38202e-06
 1.28890e-06
 2.57779e-06
 2.57779e-06
 2.57779e-06
 2.57779e-06
 1.28890e-06
 1.20589e-06
 2.41178e-06
 2.41178e-06
 2.41178e-06
 2.41178e-06
 1.20589e-06
 1.13349e-06
 2.26697e-06
 2.26697e-06
 2.26697e-06
 2.26697e-06
 1.13349e-06
 1.07334e-06
 2.14667e-06
 2.14667e-06
 2.14667e-06
 2.14667e-06
 1.07334e-06
 1.02415e-06
 2.04830e-06
 2.04830e-06
 2.04830e-06
 2.04830e-06
 1.02415e-06
 9.82392e-07
 1.96478e-06
 1.96478e-06
 1.96478e-06
 1.96478e-06
 9.82392e-07
 9.50501e-07
 1.90100e-06
 1.90100e-06
 1.90100e-06
 1.90100e-06
 9.50501e-07
 9.38291e-07
 1.87658e-06
 1.87658e-06
 1.87658e-06
 1.87658e-06
 9.38291e-07
 9.39829e-07
 1.87966e-06
 1.87966e-06
 1.87966e-06
 1.87966e-06
 9.39829e-07
 9.42121e-07
 1.88424e-06
 1.88424e-06
 1.88424e-06
 1.88424e-06
 9.42121e-07
 9.45389e-07
 1.89078e-06
 1.89078e-06
 1.89078e-06
 1.89078e-06
 9.45389e-07
 9.49634e-07
 1.89927e-06
 1.89927e-06
 1.89927e-06
 1.89927e-06
 9.49634e-07
 9.53769e-07
 1.90754e-06
 1.90754e-06
 1.90754e-06
 1.90754e-06
 9.53769e-07
 9.58224e-07
 1.91645e-06
 1.91645e-06
 1.91645e-06
 1.91645e-06
 9.58224e-07
 2.00000e-06
 4.00000e-06
 4.00000e-06
 4.00000e-06
 4.00000e-06
 2.00000e-06
 2.00000e-06
 4.00000e-06
 4.00000e-06
 4.00000e-06
 4.00000e-06
 2.00000e-06
 2.00000e-06
 4.00000e-06
 4.00000e-06
 4.00000e-06
 4.00000e-06
 2.00000e-06
 2.00000e-06
 4.00000e-06
 4.00000e-06
 4.00000e-06
 4.00000e-06
 2.00000e-06
 2.00000e-06
 4.00000e-06
 4.00000e-06
 4.00000e-06
 4.00000e-06
 2.00000e-06
 2.00000e-06
 4.00000e-06
 4.00000e-06
 4.00000e-06
 4.00000e-06
 2.00000e-06
 1.99999e-06
 3.99999e-06
 3.99999e-06
 3.99999e-06
 3.99999e-06
 1.99999e-06
 1.99995e-06
 3.99990e-06
 3.99990e-06
 3.99990e-06
 3.99990e-06
 1.99995e-06
 1.99968e-06
 3.99935e-06
 3.99935e-06
 3.99935e-06
 3.99935e-06
 1.99968e-06
 1.99817e-06
 3.99633e-06
 3.99633e-06
 3.99633e-06
 3.99633e-06
 1.99817e-06
 1.99142e-06
 3.98285e-06
 3.98285e-06
 3.98285e-06
 3.98285e-06
 1.99142e-06
 1.96880e-06
 3.93761e-06
 3.93761e-06
 3.93761e-06
 3.93761e-06
 1.96880e-06
 1.91535e-06
 3.83070e-06
 3.83070e-06
 3.83070e-06
 3.83070e-06
 1.91535e-06
 1.82640e-06
 3.65280e-06
 3.65280e-06
 3.65280e-06
 3.65280e-06
 1.82640e-06
 1.71467e-06
 3.42934e-06
 3.42934e-06
 3.42934e-06
 3.42934e-06
 1.71467e-06
 1.59742e-06
 3.19485e-06
 3.19485e-06
 3.19485e-06
 3.19485e-06
 1.59742e-06
 1.48518e-06
 2.97037e-06
 2.97037e-06
 2.97037e-06
 2.97037e-06
 1.48518e-06
 1.38202e-06
 2.76403e-06
 2.76403e-06
 2.76403e-06
 2.76403e-06
 1.38202e-06
 1.28890e-06
 2.57779e-06
 2.57779e-06
 2.57779e-06
 2.57779e-06
 1.28890e-06
 1.20589e-06
 2.41178e-06
 2.41178e-06
 2.41178e-06
 2.41178e-06
 1.20589e-06
 1.13349e-06
 2.26697e-06
 2.26697e-06
 2.26697e-06
 2.26697e-06
 1.13349e-06
 1.07334e-06
 2.14667e-06
 2.14667e-06
 2.14667e-06
 2.14667e-06
 1.07334e-06
 1.02415e-06
 2.04830e-06
 2.04830e-06
 2.04830e-06
 2.04830e-06
 1.02415e-06
 9.82392e-07
 1.96478e-06
 1.96478e-06
 1.96478e-06
 1.96478e-06
 9.82392e-07
 9.50501e-07
 1.90100e-06
 1.90100e-06
 1.90100e-06
 1.90100e-06
 9.50501e-07
 9.38291e-07
 1.87658e-06
 1.87658e-06
 1.87658e-06
 1.87658e-06
 9.38291e-07
 9.39829e-07
 1.87966e-06
 1.87966e-06
 1.87966e-06
 1.87966e-06
 9.39829e-07
 9.42121e-07
 1.88424e-06
 1.88424e-06
 1.88424e-06
 1.88424e-06
 9.42121e-07
 9.45389e-07
 1.89078e-06
 1.89078e-06
 1.89078e-06
 1.89078e-06
 9.45389e-07
 9.49634e-07
 1.89927e-06
 1.89927e-06
 1.89927e-06
 1.89927e-06
 9.49634e-07
 9.53769e-07
 1.90754e-06
 1.90754e-06
 1.90754e-06
 1.90754e-06
 9.53769e-07
 9.58224e-07
 1.91645e-06
 1.91645e-06
 1.91645e-06
 1.91645e-06
 9.58224e-07
 2.00000e-06
 4.00000e-06
 4.00000e-06
 4.00000e-06
 4.00000e-06
 2.00000e-06
 2.00000e-06
 4.00000e-06
 4.00000e-06
 4.00000e-06
 4.00000e-06
 2.00000e-06
 2.00000e-06
 4.00000e-06
 4.00000e-06
 4.00000e-06
 4.00000e-06
 2.00000e-06
 2.00000e-06
 4.00000e-06
 4.00000e-06
 4.00000e-06
 4.00000e-06
 2.00000e-06
 2.00000e-06
 4.00000e-06
 4.00000e-06
 4.00000e-06
 4.00000e-06
 2.00000e-06
 2.00000e-06
 4.00000e-06
 4.00000e-06
 4.00000e-06
 4.00000e-06
 2.00000e-06
 1.99999e-06
 3.99999e-06
 3.99999e-06
 3.99999e-06
 3.99999e-06
 1.99999e-06
 1.99995e-06
 3.99990e-06
 3.99990e-06
 3.99990e-06
 3.99990e-06
 1.99995e-06
 1.99968e-06
 3.99935e-06
 3.99935e-06
 3.99935e-06
 3.99935e-06
 1.99968e-06
 1.99817e-06
 3.99633e-06
 3.99633e-06
 3.99633e-06
 3.99633e-06
 1.99817e-06
 1.99142e-06
 3.98285e-06
 3.98285e-06
 3.98285e-06
 3.98285e-06
 1.99142e-06
 1.96880e-06
 3.93761e-06
 3.93761e-06
 3.93761e-06
 3.93761e-06
 1.96880e-06
 1.91535e-06
 3.83070e-06
 3.83070e-06
 3.83070e-06
 3.83070e-06
 1.91535e-06
 1.82640e-06
 3.65280e-06
 3.65280e-06
 3.65280e-06
 3.65280e-06
 1.82640e-06
 1.71467e-06
 3.42934e-06
 3.42934e-06
 3.42934e-06
 3.42934e-06
 1.71467e-06
 1.59742e-06
 3.19485e-06
 3.19485e-06
 3.19485e-06
 3.19485e-06
 1.59742e-06
 1.48518e-06
 2.97037e-06
 2.97037e-06
 2.97037e-06
 2.97037e-06
 1.48518e-06
 1.38202e-06
 2.76403e-06
 2.76403e-06
 2.76403e-06
 2.76403e-06
 1.38202e-06
 1.28890e-06
 2.57779e-06
 2.57779e-06
 2.57779e-06
 2.57779e-06
 1.28890e-06
 1.20589e-06
 2.41178e-06
 2.41178e-06
 2.41178e-06
 2.41178e-06
 1.20589e-06
 1.13349e-06
 2.26697e-06
 2.26697e-06
 2.26697e-06
 2.26697e-06
 1.13349e-06
 1.07334e-06
 2.14667e-06
 2.14667e-06
 2.14667e-06
 2.14667e-06
 1.07334e-06
 1.02415e-06
 2.04830e-06
 2.04830e-06
 2.04830e-06
 2.04830e-06
 1.02415e-06
 9.82392e-07
 1.96478e-06
 1.96478e-06
 1.96478e-06
 1.96478e-06
 9.82392e-07
 9.50501e-07
 1.90100e-06
 1.90100e-06
 1.90100e-06
 1.90100e-06
 9.50501e-07
 9.38291e-07
 1.87658e-06
 1.87658e-06
 1.87658e-06
 1.87658e-06
 9.38291e-07
 9.39829e-07
 1.87966e-06
 1.87966e-06
 1.87966e-06
 1.87966e-06
 9.39829e-07
 9.42121e-07
 1.88424e-06
 1.88424e-06
 1.88424e-06
 1.88424e-06
 9.42121e-07
 9.45389e-07
 1.89078e-06
 1.89078e-06
 1.89078e-06
 1.89078e-06
 9.45389e-07
 9.49634e-07
 1.89927e-06
 1.89927e-06
 1.89927e-06
 1.89927e-06
 9.49634e-07
 9.53769e-07
 1.90754e-06
 1.90754e-06
 1.90754e-06
 1.90754e-06
 9.53769e-07
 9.58224e-07
 1.91645e-06
 1.91645e-06
 1.91645e-06
 1.91645e-06
 9.58224e-07
 1.00000e-06
 2.00000e-06
 2.00000e-06
 2.00000e-06
 2.00000e-06
 1.00000e-06
 1.00000e-06
 2.00000e-06
 2.00000e-06
 2.00000e-06
 2.00000e-06
 1.00000e-06
 1.00000e-06
 2.00000e-06
 2.00000e-06
 2.00000e-06
 2.00000e-06
 1.00000e-06
 1.00000e-06
 2.00000e-06
 2.00000e-06
 2.00000e-06
 2.00000e-06
 1.00000e-06
 1.00000e-06
 2.00000e-06
 2.00000e-06
 2.00000e-06
 2.00000e-06
 1.00000e-06
 1.00000e-06
 2.00000e-06
 2.00000e-06
 2.00000e-06
 2.00000e-06
 1.00000e-06
 9.99997e-07
 1.99999e-06
 1.99999e-06
 1.99999e-06
 1.99999e-06
 9.99997e-07
 9.99976e-07
 1.99995e-06
 1.99995e-06
 1.99995e-06
 1.99995e-06
 9.99976e-07
 9.99838e-07
 1.99968e-06
 1.99968e-06
 1.99968e-06
 1.99968e-06
 9.99838e-07
 9.99083e-07
 1.99817e-06
 1.99817e-06
 1.99817e-06
 1.99817e-06
 9.99083e-07
 9.95712e-07
 1.99142e-06
 1.99142e-06
 1.99142e-06
 1.99142e-06
 9.95712e-07
 9.84401e-07
 1.96880e-06
 1.96880e-06
 1.96880e-06
 1.96880e-06
 9.84401e-07
 9.57675e-07
 1.91535e-06
 1.91535e-06
 1.91535e-06
 1.91535e-06
 9.57675e-07
 9.13200e-07
 1.82640e-06
 1.82640e-06
 1.82640e-06
 1.82640e-06
 9.13200e-07
 8.57334e-07
 1.71467e-06
 1.71467e-06
 1.71467e-06
 1.71467e-06
 8.57334e-07
 7.98712e-07
 1.59742e-06
 1.59742e-06
 1.59742e-06
 1.59742e-06
 7.98712e-07
 7.42592e-07
 1.48518e-06
 1.48518e-06
 1.48518e-06
 1.48518e-06
 7.42592e-07
 6.91008e-07
 1.38202e-06
 1.38202e-06
 1.38202e-06
 1.38202e-06
 6.91008e-07
 6.44448e-07
 1.28890e-06
 1.28890e-06
 1.28890e-06
 1.28890e-06
 6.44448e-07
 6.02946e-07
 1.20589e-06
 1.20589e-06
 1.20589e-06
 1.20589e-06
 6.02946e-07
 5.66743e-07
 1.13349e-06
 1.13349e-06
 1.13349e-06
 1.13349e-06
 5.66743e-07
 5.36668e-07
 1.07334e-06
 1.07334e-06
 1.07334e-06
 1.07334e-06
 5.36668e-07
 5.12074e-07
 1.02415e-06
 1.02415e-06
 1.02415e-06
 1.02415e-06
 5.12074e-07
 4.91196e-07
 9.82392e-07
 9.82392e-07
 9.82392e-07
 9.82392e-07
 4.91196e-07
 4.75251e-07
 9.50501e-07
 9.50501e-07
 9.50501e-07
 9.50501e-07
 4.75251e-07
 4.69145e-07
 9.38291e-07
 9.38291e-07
 9.38291e-07
 9.38291e-07
 4.69145e-07
 4.69914e-07
 9.39829e-07
 9.39829e-07
 9.39829e-07
 9.39829e-07
 4.69914e-07
 4.71061e-07
 9.42121e-07
 9.42121e-07
 9.42121e-07
 9.42121e-07
 4.71061e-07
 4.72694e-07
 9.45389e-07
 9.45389e-07
 9.45389e-07
 9.45389e-07
 4.72694e-07
 4.74817e-07
 9.49634e-07
 9.49634e-07
 9.49634e-07
 9.49634e-07
 4.74817e-07
 4.76884e-07
 9.53769e-07
 9.53769e-07
 9.53769e-07
 9.53769e-07
 4.76884e-07
 4.79112e-07
 9.58224e-07
 9.58224e-07
 9.58224e-07
 9.58224e-07
 4.79112e-07
part
         3
coordinates
 4.69145e-07
 9.38291e-07
 9.38291e-07
 9.38291e-07
 9.38291e-07
 4.69145e-07
 4.69914e-07
 9.39829e-07
 9.39829e-07
 9.39829e-07
 9.39829e-07
 4.69914e-07
 4.71061e-07
 9.42121e-07
 9.42121e-07
 9.42121e-07
 9.42121e-07
 4.71061e-07
 4.72694e-07
 9.45389e-07
 9.45389e-07
 9.45389e-07
 9.45389e-07
 4.72694e-07
 4.74817e-07
 9.49634e-07
 9.49634e-07
 9.49634e-07
 9.49634e-07
 4.74817e-07
 4.76884e-07
 9.53769e-07
 9.53769e-07
 9.53769e-07
 9.53769e-07
 4.76884e-07
 4.79112e-07
 9.58224e-07
 9.58224e-07
 9.58224e-07
 9.58224e-07
 4.79112e-07
 4.81675e-07
 9.63351e-07
 9.63351e-07
 9.63351e-07
 9.63351e-07
 4.81675e-07
 4.83889e-07
 9.67778e-07
 9.67778e-07
 9.67778e-07
 9.67778e-07
 4.83889e-07
 4.85574e-07
 9.71148e-07
 9.71148e-07
 9.71148e-07
 9.71148e-07
 4.85574e-07
 4.87371e-07
 9.74742e-07
 9.74742e-07
 9.74742e-07
 9.74742e-07
 4.87371e-07
 4.88460e-07
 9.76920e-07
 9.76920e-07
 9.76920e-07
 9.76920e-07
 4.88460e-07
 4.86959e-07
 9.73918e-07
 9.73918e-07
 9.73918e-07
 9.73918e-07
 4.86959e-07
 4.85268e-07
 9.70536e-07
 9.70536e-07
 9.70536e-07
 9.70536e-07
 4.85268e-07
 4.76623e-07
 9.53246e-07
 9.53246e-07
 9.53246e-07
 9.53246e-07
 4.76623e-07
 4.33916e-07
 8.67832e-07
 8.67832e-07
 8.67832e-07
 8.67832e-07
 4.33916e-07
 3.66508e-07
 7.33016e-07
 7.33016e-07
 7.33016e-07
 7.33016e-07
 3.66508e-07
 3.19136e-07
 6.38272e-07
 6.38272e-07
 6.38272e-07
 6.38272e-07
 3.19136e-07
 3.04819e-07
 6.09638e-07
 6.09638e-07
 6.09638e-07
 6.09638e-07
 3.04819e-07
 3.05355e-07
 6.10710e-07
 6.10710e-07
 6.10710e-07
 6.10710e-07
 3.05355e-07
 3.04475e-07
 6.08950e-07
 6.08950e-07
 6.08950e-07
 6.08950e-07
 3.04475e-07
 2.95887e-07
 5.91775e-07
 5.91775e-07
 5.91775e-07
 5.91775e-07
 2.95887e-07
 2.77821e-07
 5.55642e-07
 5.55642e-07
 5.55642e-07
 5.55642e-07
 2.77821e-07
 2.52424e-07
 5.04847e-07
 5.04847e-07
 5.04847e-07
 5.04847e-07
 2.52424e-07
 2.22676e-07
 4.45351e-07
 4.45351e-07
 4.45351e-07
 4.45351e-07
 2.22676e-07
 1.92925e-07
 3.85851e-07
 3.85851e-07
 3.85851e-07
 3.85851e-07
 1.92925e-07
 1.67008e-07
 3.34016e-07
 3.34016e-07
 3.34016e-07
 3.34016e-07
 1.67008e-07
 1.47268e-07
 2.94535e-07
 2.94535e-07
 2.94535e-07
 2.94535e-07
 1.47268e-07
 1.34612e-07
 2.69224e-07
 2.69224e-07
 2.69224e-07
 2.69224e-07
 1.34612e-07
 1.28243e-07
 2.56485e-07
 2.56485e-07
 2.56485e-07
 2.56485e-07
 1.28243e-07
 1.25869e-07
 2.51739e-07
 2.51739e-07
 2.51739e-07
 2.51739e-07
 1.25869e-07
 1.25202e-07
 2.50404e-07
 2.50404e-07
 2.50404e-07
 2.50404e-07
 1.25202e-07
 9.38291e-07
 1.87658e-06
 1.87658e-06
 1.87658e-06
 1.87658e-06
 9.38291e-07
 9.39829e-07
 1.87966e-06
 1.87966e-06
 1.87966e-06
 1.87966e-06
 9.39829e-07
 9.42121e-07
 1.88424e-06
 1.88424e-06
 1.88424e-06
 1.88424e-06
 9.42121e-07
 9.45389e-07
 1.89078e-06
 1.89078e-06
 1.89078e-06
 1.89078e-06
 9.45389e-07
 9.49634e-07
 1.89927e-06
 1.89927e-06
 1.89927e-06
 1.89927e-06
 9.49634e-07
 9.53769e-07
 1.90754e-06
 1.90754e-06
 1.90754e-06
 1.90754e-06
 9.53769e-07
 9.58224e-07
 1.91645e-06
 1.91645e-06
 1.91645e-06
 1.91645e-06
 9.58224e-07
 9.63351e-07
 1.92670e-06
 1.92670e-06
 1.92670e-06
 1.92670e-06
 9.63351e-07
 9.67778e-07
 1.93556e-06
 1.93556e-06
 1.93556e-06
 1.93556e-06
 9.67778e-07
 9.71148e-07
 1.94230e-06
 1.94230e-06
 1.94230e-06
 1.94230e-06
 9.71148e-07
 9.74742e-07
 1.94948e-06
 1.94948e-06
 1.94948e-06
 1.94948e-06
 9.74742e-07
 9.76920e-07
 1.95384e-06
 1.95384e-06
 1.95384e-06
 1.95384e-06
 9.76920e-07
 9.73918e-07
 1.94784e-06
 1.94784e-06
 1.94784e-06
 1.94784e-06
 9.73918e-07
 9.70536e-07
 1.94107e-06
 1.94107e-06
 1.94107e-06
 1.94107e-06
 9.70536e-07
 9.53246e-07
 1.90649e-06
 1.90649e-06
 1.90649e-06
 1.90649e-06
 9.53246e-07
 8.67832e-07
 1.73566e-06
 1.73566e-06
 1.73566e-06
 1.73566e-06
 8.67832e-07
 7.33016e-07
 1.46603e-06
 1.46603e-06
 1.46603e-06
 1.46603e-06
 7.33016e-07
 6.38272e-07
 1.27654e-06
 1.27654e-06
 1.27654e-06
 1.27654e-06
 6.38272e-07
 6.09638e-07
 1.21928e-06
 1.21928e-06
 1.21928e-06
 1.21928e-06
 6.09638e-07
 6.10710e-07
 1.22142e-06
 1.22142e-06
 1.22142e-06
 1.22142e-06
 6.10710e-07
 6.08950e-07
 1.21790e-06
 1.21790e-06
 1.21790e-06
 1.21790e-06
 6.08950e-07
 5.91775e-07
 1.18355e-06
 1.18355e-06
 1.18355e-06
 1.18355e-06
 5.91775e-07
 5.55642e-07
 1.11128e-06
 1.11128e-06
 1.11128e-06
 1.11128e-06
 5.55642e-07
 5.04847e-07
 1.00969e-06
 1.00969e-06
 1.00969e-06
 1.00969e-06
 5.04847e-07
 4.45351e-07
 8.90703e-07
 8.90703e-07
 8.90703e-07
 8.90703e-07
 4.45351e-07
 3.85851e-07
 7.71701e-07
 7.71701e-07
 7.71701e-07
 7.71701e-07
 3.85851e-07
 3.34016e-07
 6.68033e-07
 6.68033e-07
 6.68033e-07
 6.68033e-07
 3.34016e-07
 2.94535e-07
 5.89071e-07
 5.89071e-07
 5.89071e-07
 5.89071e-07
 2.94535e-07
 2.69224e-07
 5.38447e-07
 5.38447e-07
 5.38447e-07
 5.38447e-07
 2.69224e-07
 2.56485e-07
 5.12970e-07
 5.12970e-07
 5.12970e-07
 5.12970e-07
 2.56485e-07
 2.51739e-07
 5.03477e-07
 5.03477e-07
 5.03477e-07
 5.03477e-07
 2.51739e-07
 2.50404e-07
 5.00808e-07
 5.00808e-07
 5.00808e-07
 5.00808e-07
 2.50404e-07
 9.38291e-07
 1.87658e-06
 1.87658e-06
 1.87658e-06
 1.87658e-06
 9.38291e-07
 9.39829e-07
 1.87966e-06
 1.87966e-06
 1.87966e-06
 1.87966e-06
 9.39829e-07
 9.42121e-07
 1.88424e-06
 1.88424e-06
 1.88424e-06
 1.88424e-06
 9.42121e-07
 9.45389e-07
 1.89078e-06
 1.89078e-06
 1.89078e-06
 1.89078e-06
 9.45389e-07
 9.49634e-07
 1.89927e-06
 1.89927e-06
 1.89927e-06
 1.89927e-06
 9.49634e-07
 9.53769e-07
 1.90754e-06
 1.90754e-06
 1.90754e-06
 1.90754e-06
 9.53769e-07
 9.58224e-07
 1.91645e-06
 1.91645e-06
 1.91645e-06
 1.91645e-06
 9.58224e-07
 9.63351e-07
 1.92670e-06
 1.92670e-06
 1.92670e-06
 1.92670e-06
 9.63351e-07
 9.67778e-07
 1.93556e-06
 1.93556e-06
 1.93556e-06
 1.93556e-06
 9.67778e-07
 9.71148e-07
 1.94230e-06
 1.94230e-06
 1.94230e-06
 1.94230e-06
 9.71148e-07
 9.74742e-07
 1.94948e-06
 1.94948e-06
 1.94948e-06
 1.94948e-06
 9.74742e-07
 9.76920e-07
 1.95384e-06
 1.95384e-06
 1.95384e-06
 1.95384e-06
 9.76920e-07
 9.73918e-07
 1.94784e-06
 1.94784e-06
 1.94784e-06
 1.94784e-06
 9.73918e-07
 9.70536e-07
 1.94107e-06
 1.94107e-06
 1.94107e-06
 1.94107e-06
 9.70536e-07
 9.53246e-07
 1.90649e-06
 1.90649e-06
 1.90649e-06
 1.90649e-06
 9.53246e-07
 8.67832e-07
 1.73566e-06
 1.73566e-06
 1.73566e-06
 1.73566e-06
 8.67832e-07
 7.33016e-07
 1.46603e-06
 1.46603e-06
 1.46603e-06
 1.46603e-06
 7.33016e-07
 6.38272e-07
 1.27654e-06
 1.27654e-06
 1.27654e-06
 1.27654e-06
 6.38272e-07
 6.09638e-07
 1.21928e-06
 1.21928e-06
 1.21928e-06
 1.21928e-06
 6.09638e-07
 6.10710e-07
 1.22142e-06
 1.22142e-06
 1.22142e-06
 1.22142e-06
 6.10710e-07
 6.08950e-07
 1.21790e-06
 1.21790e-06
 1.21790e-06
 1.21790e-06
 6.08950e-07
 5.91775e-07
 1.18355e-06
 1.18355e-06
 1.18355e-06
 1.18355e-06
 5.91775e-07
 5.55642e-07
 1.11128e-06
 1.11128e-06
 1.11128e-06
 1.11128e-06
 5.55642e-07
 5.04847e-07
 1.00969e-06
 1.00969e-06
 1.00969e-06
 1.00969e-06
 5.04847e-07
 4.45351e-07
 8.90703e-07
 8.90703e-07
 8.90703e-07
 8.90703e-07
 4.45351e-07
 3.85851e-07
 7.71701e-07
 7.71701e-07
 7.71701e-07
 7.71701e-07
 3.85851e-07
 3.34016e-07
 6.68033e-07
 6.68033e-07
 6.68033e-07
 6.68033e-07
 3.34016e-07
 2.94535e-07
 5.89071e-07
 5.89071e-07
 5.89071e-07
 5.89071e-07
 2.94535e-07
 2.69224e-07
 5.38447e-07
 5.38447e-07
 5.38447e-07
 5.38447e-07
 2.69224e-07
 2.56485e-07
 5.12970e-07
 5.12970e-07
 5.12970e-07
 5.12970e-07
 2.56485e-07
 2.51739e-07
 5.03477e-07
 5.03477e-07
 5.03477e-07
 5.03477e-07
 2.51739e-07
 2.50404e-07
 5.00808e-07
 5.00808e-07
 5.00808e-07
 5.00808e-07
 2.50404e-07
 9.38291e-07
 1.87658e-06
 1.87658e-06
 1.87658e-06
 1.87658e-06
 9.38291e-07
 9.39829e-07
 1.87966e-06
 1.87966e-06
 1.87966e-06
 1.87966e-06
 9.39829e-07
 9.42121e-07
 1.88424e-06
 1.88424e-06
 1.88424e-06
 1.88424e-06
 9.42121e-07
 9.45389e-07
 1.89078e-06
 1.89078e-06
 1.89078e-06
 1.89078e-06
 9.45389e-07
 9.49634e-07
 1.89927e-06
 1.89927e-06
 1.89927e-06
 1.89927e-06
 9.49634e-07
 9.53769e-07
 1.90754e-06
 1.90754e-06
 1.90754e-06
 1.90754e-06
 9.53769e-07
 9.58224e-07
 1.91645e-06
 1.91645e-06
 1.91645e-06
 1.91645e-06
 9.58224e-07
 9.63351e-07
 1.92670e-06
 1.92670e-06
 1.92670e-06
 1.92670e-06
 9.63351e-07
 9.67778e-07
 1.93556e-06
 1.93556e-06
 1.93556e-06
 1.93556e-06
 9.67778e-07
 9.71148e-07
 1.94230e-06
 1.94230e-06
 1.94230e-06
 1.94230e-06
 9.71148e-07
 9.74742e-07
 1.94948e-06
 1.94948e-06
 1.94948e-06
 1.94948e-06
 9.74742e-07
 9.76920e-07
 1.95384e-06
 1.95384e-06
 1.95384e-06
 1.95384e-06
 9.76920e-07
 9.73918e-07
 1.94784e-06
 1.94784e-06
 1.94784e-06
 1.94784e-06
 9.73918e-07
 9.70536e-07
 1.94107e-06
 1.94107e-06
 1.94107e-06
 1.94107e-06
 9.70536e-07
 9.53246e-07
 1.90649e-06
 1.90649e-06
 1.90649e-06
 1.90649e-06
 9.53246e-07
 8.67832e-07
 1.73566e-06
 1.73566e-06
 1.73566e-06
 1.73566e-06
 8.67832e-07
 7.33016e-07
 1.46603e-06
 1.46603e-06
 1.46603e-06
 1.46603e-06
 7.33016e-07
 6.38272e-07
 1.27654e-06
 1.27654e-06
 1.27654e-06
 1.27654e-06
 6.38272e-07
 6.09638e-07
 1.21928e-06
 1.21928e-06
 1.21928e-06
 1.21928e-06
 6.09638e-07
 6.10710e-07
 1.22142e-06
 1.22142e-06
 1.22142e-06
 1.22142e-06
 6.10710e-07
 6.08950e-07
 1.21790e-06
 1.21790e-06
 1.21790e-06
 1.21790e-06
 6.08950e-07
 5.91775e-07
 1.18355e-06
 1.18355e-06
 1.18355e-06
 1.18355e-06
 5.91775e-07
 5.55642e-07
 1.11128e-06
 1.11128e-06
 1.11128e-06
 1.11128e-06
 5.55642e-07
 5.04847e-07
 1.00969e-06
 1.00969e-06
 1.00969e-06
 1.00969e-06
 5.04847e-07
 4.45351e-07
 8.90703e-07
 8.90703e-07
 8.90703e-07
 8.90703e-07
 4.45351e-07
 3.85851e-07
 7.71701e-07
 7.71701e-07
 7.71701e-07
 7.71701e-07
 3.85851e-07
 3.34016e-07
 6.68033e-07
 6.68033e-07
 6.68033e-07
 6.68033e-07
 3.34016e-07
 2.94535e-07
 5.89071e-07
 5.89071e-07
 5.89071e-07
 5.89071e-07
 2.94535e-07
 2.69224e-07
 5.38447e-07
 5.38447e-07
 5.38447e-07
 5.38447e-07
 2.69224e-07
 2.56485e-07
 5.12970e-07
 5.12970e-07
 5.12970e-07
 5.12970e-07
 2.56485e-07
 2.51739e-07
 5.03477e-07
 5.03477e-07
 5.03477e-07
 5.03477e-07
 2.51739e-07
 2.50404e-07
 5.00808e-07
 5.00808e-07
 5.00808e-07
 5.00808e-07
 2.50404e-07
 9.38291e-07
 1.87658e-06
 1.87658e-06
 1.87658e-06
 1.87658e-06
 9.38291e-07
 9.39829e-07
 1.87966e-06
 1.87966e-06
 1.87966e-06
 1.87966e-06
 9.39829e-07
 9.42121e-07
 1.88424e-06
 1.88424e-06
 1.88424e-06
 1.88424e-06
 9.42121e-07
 9.45389e-07
 1.89078e-06
 1.89078e-06
 1.89078e-06
 1.89078e-06
 9.45389e-07
 9.49634e-07
 1.89927e-06
 1.89927e-06
 1.89927e-06
 1.89927e-06
 9.49634e-07
 9.53769e-07
 1.90754e-06
 1.90754e-06
 1.90754e-06
 1.90754e-06
 9.53769e-07
 9.58224e-07
 1.91645e-06
 1.91645e-06
 1.91645e-06
 1.91645e-06
 9.58224e-07
 9.63351e-07
 1.92670e-06
 1.92670e-06
 1.92670e-06
 1.92670e-06
 9.63351e-07
 9.67778e-07
 1.93556e-06
 1.93556e-06
 1.93556e-06
 1.93556e-06
 9.67778e-07
 9.71148e-07
 1.94230e-06
 1.94230e-06
 1.94230e-06
 1.94230e-06
 9.71148e-07
 9.74742e-07
 1.94948e-06
 1.94948e-06
 1.94948e-06
 1.94948e-06
 9.74742e-07
 9.76920e-07
 1.95384e-06
 1.95384e-06
 1.95384e-06
 1.95384e-06
 9.76920e-07
 9.73918e-07
 1.94784e-06
 1.94784e-06
 1.94784e-06
 1.94784e-06
 9.73918e-07
 9.70536e-07
 1.94107e-06
 1.94107e-06
 1.94107e-06
 1.94107e-06
 9.70536e-07
 9.53246e-07
 1.90649e-06
 1.90649e-06
 1.90649e-06
 1.90649e-06
 9.53246e-07
 8.67832e-07
 1.73566e-06
 1.73566e-06
 1.73566e-06
 1.73566e-06
 8.67832e-07
 7.33016e-07
 1.46603e-06
 1.46603e-06
 1.46603e-06
 1.46603e-06
 7.33016e-07
 6.38272e-07
 1.27654e-06
 1.27654e-06
 1.27654e-06
 1.27654e-06
 6.38272e-07
 6.09638e-07
 1.21928e-06
 1.21928e-06
 1.21928e-06
 1.21928e-06
 6.09638e-07
 6.10710e-07
 1.22142e-06
 1.22142e-06
 1.22142e-06
 1.22142e-06
 6.10710e-07
 6.08950e-07
 1.21790e-06
 1.21790e-06
 1.21790e-06
 1.21790e-06
 6.08950e-07
 5.91775e-07
 1.18355e-06
 1.18355e-06
 1.18355e-06
 1.18355e-06
 5.91775e-07
 5.55642e-07
 1.11128e-06
 1.11128e-06
 1.11128e-06
 1.11128e-06
 5.55642e-07
 5.04847e-07
 1.00969e-06
 1.00969e-06
 1.00969e-06
 1.00969e-06
 5.04847e-07
 4.45351e-07
 8.90703e-07
 8.90703e-07
 8.90703e-07
 8.90703e-07
 4.45351e-07
 3.85851e-07
 7.71701e-07
 7.71701e-07
 7.71701e-07
 7.71701e-07
 3.85851e-07
 3.34016e-07
 6.68033e-07
 6.68033e-07
 6.68033e-07
 6.68033e-07
 3.34016e-07
 2.94535e-07
 5.89071e-07
 5.89071e-07
 5.89071e-07
 5.89071e-07
 2.94535e-07
 2.69224e-07
 5.38447e-07
 5.38447e-07
 5.38447e-07
 5.38447e-07
 2.69224e-07
 2.56485e-07
 5.12970e-07
 5.12970e-07
 5.12970e-07
 5.12970e-07
 2.56485e-07
 2.51739e-07
 5.03477e-07
 5.03477e-07
 5.03477e-07
 5.03477e-07
 2.51739e-07
 2.50404e-07
 5.00808e-07
 5.00808e-07
 5.00808e-07
 5.00808e-07
 2.50404e-07
 4.69145e-07
 9.38291e-07
 9.38291e-07
 9.38291e-07
 9.38291e-07
 4.69145e-07
 4.69914e-07
 9.39829e-07
 9.39829e-07
 9.39829e-07
 9.39829e-07
 4.69914e-07
 4.71061e-07
 9.42121e-07
 9.42121e-07
 9.42121e-07
 9.42121e-07
 4.71061e-07
 4.72694e-07
 9.45389e-07
 9.45389e-07
 9.45389e-07
 9.45389e-07
 4.72694e-07
 4.74817e-07
 9.49634e-07
 9.49634e-07
 9.49634e-07
 9.49634e-07
 4.74817e-07
 4.76884e-07
 9.53769e-07
 9.53769e-07
 9.53769e-07
 9.53769e-07
 4.76884e-07
 4.79112e-07
 9.58224e-07
 9.58224e-07
 9.58224e-07
 9.58224e-07
 4.79112e-07
 4.81675e-07
 9.63351e-07
 9.63351e-07
 9.63351e-07
 9.63351e-07
 4.81675e-07
 4.83889e-07
 9.67778e-07
 9.67778e-07
 9.67778e-07
 9.67778e-07
 4.83889e-07
 4.85574e-07
 9.71148e-07
 9.71148e-07
 9.71148e-07
 9.71148e-07
 4.85574e-07
 4.87371e-07
 9.74742e-07
 9.74742e-07
 9.74742e-07
 9.74742e-07
 4.87371e-07
 4.88460e-07
 9.76920e-07
 9.76920e-07
 9.76920e-07
 9.76920e-07
 4.88460e-07
 4.86959e-07
 9.73918e-07
 9.73918e-07
 9.73918e-07
 9.73918e-07
 4.86959e-07
 4.85268e-07
 9.70536e-07
 9.70536e-07
 9.70536e-07
 9.70536e-07
 4.85268e-07
 4.76623e-07
 9.53246e-07
 9.53246e-07
 9.53246e-07
 9.53246e-07
 4.76623e-07
 4.33916e-07
 8.67832e-07
 8.67832e-07
 8.67832e-07
 8.67832e-07
 4.33916e-07
 3.66508e-07
 7.33016e-07
 7.33016e-07
 7.33016e-07
 7.33016e-07
 3.66508e-07
 3.19136e-07
 6.38272e-07
 6.38272e-07
 6.38272e-07
 6.38272e-07
 3.19136e-07
 3.04819e-07
 6.09638e-07
 6.09638e-07
 6.09638e-07
 6.09638e-07
 3.04819e-07
 3.05355e-07
 6.10710e-07
 6.10710e-07
 6.10710e-07
 6.10710e-07
 3.05355e-07
 3.04475e-07
 6.08950e-07
 6.08950e-07
 6.08950e-07
 6.08950e-07
 3.04475e-07
 2.95887e-07
 5.91775e-07
 5.91775e-07
 5.91775e-07
 5.91775e-07
 2.95887e-07
 2.77821e-07
 5.55642e-07
 5.55642e-07
 5.55642e-07
 5.55642e-07
 2.77821e-07
 2.52424e-07
 5.04847e-07
 5.04847e-07
 5.04847e-07
 5.04847e-07
 2.52424e-07
 2.22676e-07
 4.45351e-07
 4.45351e-07
 4.45351e-07
 4.45351e-07
 2.22676e-07
 1.92925e-07
 3.85851e-07
 3.85851e-07
 3.85851e-07
 3.85851e-07
 1.92925e-07
 1.67008e-07
 3.34016e-07
 3.34016e-07
 3.34016e-07
 3.34016e-07
 1.67008e-07
 1.47268e-07
 2.94535e-07
 2.94535e-07
 2.94535e-07
 2.94535e-07
 1.47268e-07
 1.34612e-07
 2.69224e-07
 2.69224e-07
 2.69224e-07
 2.69224e-07
 1.34612e-07
 1.28243e-07
 2.56485e-07
 2.56485e-07
 2.56485e-07
 2.56485e-07
 1.28243e-07
 1.25869e-07
 2.51739e-07
 2.51739e-07
 2.51739e-07
 2.51739e-07
 1.25869e-07
 1.25202e-07
 2.50404e-07
 2.50404e-07
 2.50404e-07
 2.50404e-07
 1.25202e-07
part
         4
coordinates
 1.92925e-07
 3.85851e-07
 3.85851e-07
 3.85851e-07
 3.85851e-07
 1.92925e-07
 1.67008e-07
 3.34016e-07
 3.34016e-07
 3.34016e-07
 3.34016e-07
 1.67008e-07
 1.47268e-07
 2.94535e-07
 2.94535e-07
 2.94535e-07
 2.94535e-07
 1.47268e-07
 1.34612e-07
 2.69224e-07
 2.69224e-07
 2.69224e-07
 2.69224e-07
 1.34612e-07
 1.28243e-07
 2.56485e-07
 2.56485e-07
 2.56485e-07
 2.56485e-07
 1.28243e-07
 1.25869e-07
 2.51739e-07
 2.51739e-07
 2.51739e-07
 2.51739e-07
 1.25869e-07
 1.25202e-07
 2.50404e-07
 2.50404e-07
 2.50404e-07
 2.50404e-07
 1.25202e-07
 1.25044e-07
 2.50087e-07
 2.50087e-07
 2.50087e-07
 2.50087e-07
 1.25044e-07
 1.25009e-07
 2.50018e-07
 2.50018e-07
 2.50018e-07
 2.50018e-07
 1.25009e-07
 1.25002e-07
 2.50004e-07
 2.50004e-07
 2.50004e-07
 2.50004e-07
 1.25002e-07
 1.25000e-07
 2.50001e-07
 2.50001e-07
 2.50001e-07
 2.50001e-07
 1.25000e-07
 1.25000e-07
 2.50000e-07
 2.50000e-07
 2.50000e-07
 2.50000e-07
 1.25000e-07
 1.25000e-07
 2.50000e-07
 2.50000e-07
 2.50000e-07
 2.50000e-07
 1.25000e-07
 1.25000e-07
 2.50000e-07
 2.50000e-07
 2.50000e-07
 2.50000e-07
 1.25000e-07
 1.25000e-07
 2.50000e-07
 2.50000e-07
 2.50000e-07
 2.50000e-07
 1.25000e-07
 1.25000e-07
 2.50000e-07
 2.50000e-07
 2.50000e-07
 2.50000e-07
 1.25000e-07
 1.25000e-07
 2.50000e-07
 2.50000e-07
 2.50000e-07
 2.50000e-07
 1.25000e-07
 1.25000e-07
 2.50000e-07
 2.50000e-07
 2.50000e-07
 2.50000e-07
 1.25000e-07
 1.25000e-07
 2.50000e-07
 2.50000e-07
 2.50000e-07
 2.50000e-07
 1.25000e-07
 1.25000e-07
 2.50000e-07
 2.50000e-07
 2.50000e-07
 2.50000e-07
 1.25000e-07
 1.25000e-07
 2.50000e-07
 2.50000e-07
 2.50000e-07
 2.50000e-07
 1.25000e-07
 1.25000e-07
 2.50000e-07
 2.50000e-07
 2.50000e-07
 2.50000e-07
 1.25000e-07
 1.25000e-07
 2.50000e-07
 2.50000e-07
 2.50000e-07
 2.50000e-07
 1.25000e-07
 1.25000e-07
 2.50000e-07
 2.50000e-07
 2.50000e-07
 2.50000e-07
 1.25000e-07
 1.25000e-07
 2.50000e-07
 2.50000e-07
 2.50000e-07
 2.50000e-07
 1.25000e-07
 1.25000e-07
 2.50000e-07
 2.50000e-07
 2.50000e-07
 2.50000e-07
 1.25000e-07
 1.25000e-07
 2.50000e-07
 2.50000e-07
 2.50000e-07
 2.50000e-07
 1.25000e-07
 1.25000e-07
 2.50000e-07
 2.50000e-07
 2.50000e-07
 2.50000e-07
 1.25000e-07
 6.25000e-08
 1.25000e-07
 1.25000e-07
 1.25000e-07
 1.25000e-07
 6.25000e-08
 3.85851e-07
 7.71701e-07
 7.71701e-07
 7.71701e-07
 7.71701e-07
 3.85851e-07
 3.34016e-07
 6.68033e-07
 6.68033e-07
 6.68033e-07
 6.68033e-07
 3.34016e-07
 2.94535e-07
 5.89071e-07
 5.89071e-07
 5.89071e-07
 5.89071e-07
 2.94535e-07
 2.69224e-07
 5.38447e-07
 5.38447e-07
 5.38447e-07
 5.38447e-07
 2.69224e-07
 2.56485e-07
 5.12970e-07
 5.12970e-07
 5.12970e-07
 5.12970e-07
 2.56485e-07
 2.51739e-07
 5.03477e-07
 5.03477e-07
 5.03477e-07
 5.03477e-07
 2.51739e-07
 2.50404e-07
 5.00808e-07
 5.00808e-07
 5.00808e-07
 5.00808e-07
 2.50404e-07
 2.50087e-07
 5.00175e-07
 5.00175e-07
 5.00175e-07
 5.00175e-07
 2.50087e-07
 2.50018e-07
 5.00036e-07
 5.00036e-07
 5.00036e-07
 5.00036e-07
 2.50018e-07
 2.50004e-07
 5.00007e-07
 5.00007e-07
 5.00007e-07
 5.00007e-07
 2.50004e-07
 2.50001e-07
 5.00001e-07
 5.00001e-07
 5.00001e-07
 5.00001e-07
 2.50001e-07
 2.50000e-07
 5.00000e-07
 5.00000e-07
 5.00000e-07
 5.00000e-07
 2.50000e-07
 2.50000e-07
 5.00000e-07
 5.00000e-07
 5.00000e-07
 5.00000e-07
 2.50000e-07
 2.50000e-07
 5.00000e-07
 5.00000e-07
 5.00000e-07
 5.00000e-07
 2.50000e-07
 2.50000e-07
 5.00000e-07
 5.00000e-07
 5.00000e-07
 5.00000e-07
 2.50000e-07
 2.50000e-07
 5.00000e-07
 5.00000e-07
 5.00000e-07
 5.00000e-07
 2.50000e-07
 2.50000e-07
 5.00000e-07
 5.00000e-07
 5.00000e-07
 5.00000e-07
 2.50000e-07
 2.50000e-07
 5.00000e-07
 5.00000e-07
 5.00000e-07
 5.00000e-07
 2.50000e-07
 2.50000e-07
 5.00000e-07
 5.00000e-07
 5.00000e-07
 5.00000e-07
 2.50000e-07
 2.50000e-07
 5.00000e-07
 5.00000e-07
 5.00000e-07
 5.00000e-07
 2.50000e-07
 2.50000e-07
 5.00000e-07
 5.00000e-07
 5.00000e-07
 5.00000e-07
 2.50000e-07
 2.50000e-07
 5.00000e-07
 5.00000e-07
 5.00000e-07
 5.00000e-07
 2.50000e-07
 2.50000e-07
 5.00000e-07
 5.00000e-07
 5.00000e-07
 5.00000e-07
 2.50000e-07
 2.50000e-07
 5.00000e-07
 5.00000e-07
 5.00000e-07
 5.00000e-07
 2.50000e-07
 2.50000e-07
 5.00000e-07
 5.00000e-07
 5.00000e-07
 5.00000e-07
 2.50000e-07
 2.50000e-07
 5.00000e-07
 5.00000e-07
 5.00000e-07
 5.00000e-07
 2.50000e-07
 2.50000e-07
 5.00000e-07
 5.00000e-07
 5.00000e-07
 5.00000e-07
 2.50000e-07
 2.50000e-07
 5.00000e-07
 5.00000e-07
 5.00000e-07
 5.00000e-07
 2.50000e-07
 1.25000e-07
 2.50000e-07
 2.50000e-07
 2.50000e-07
 2.50000e-07
 1.25000e-07
 3.85851e-07
 7.71701e-07
 7.71701e-07
 7.71701e-07
 7.71701e-07
 3.85851e-07
 3.34016e-07
 6.68033e-07
 6.68033e-07
 6.68033e-07
 6.68033e-07
 3.34016e-07
 2.94535e-07
 5.89071e-07
 5.89071e-07
 5.89071e-07
 5.89071e-07
 2.94535e-07
 2.69224e-07
 5.38447e-07
 5.38447e-07
 5.38447e-07
 5.38447e-07
 2.69224e-07
 2.56485e-07
 5.12970e-07
 5.12970e-07
 5.12970e-07
 5.12970e-07
 2.56485e-07
 2.51739e-07
 5.03477e-07
 5.03477e-07
 5.03477e-07
 5.03477e-07
 2.51739e-07
 2.50404e-07
 5.00808e-07
 5.00808e-07
 5.00808e-07
 5.00808e-07
 2.50404e-07
 2.50087e-07
 5.00175e-07
 5.00175e-07
 5.00175e-07
 5.00175e-07
 2.50087e-07
 2.50018e-07
 5.00036e-07
 5.00036e-07
 5.00036e-07
 5.00036e-07
 2.50018e-07
 2.50004e-07
 5.00007e-07
 5.00007e-07
 5.00007e-07
 5.00007e-07
 2.50004e-07
 2.50001e-07
 5.00001e-07
 5.00001e-07
 5.00001e-07
 5.00001e-07
 2.50001e-07
 2.50000e-07
 5.00000e-07
 5.00000e-07
 5.00000e-07
 5.00000e-07
 2.50000e-07
 2.50000e-07
 5.00000e-07
 5.00000e-07
 5.00000e-07
 5.00000e-07
 2.50000e-07
 2.50000e-07
 5.00000e-07
 5.00000e-07
 5.00000e-07
 5.00000e-07
 2.50000e-07
 2.50000e-07
 5.00000e-07
 5.00000e-07
 5.00000e-07
 5.00000e-07
 2.50000e-07
 2.50000e-07
 5.00000e-07
 5.00000e-07
 5.00000e-07
 5.00000e-07
 2.50000e-07
 2.50000e-07
 5.00000e-07
 5.00000e-07
 5.00000e-07
 5.00000e-07
 2.50000e-07
 2.50000e-07
 5.00000e-07
 5.00000e-07
 5.00000e-07
 5.00000e-07
 2.50000e-07
 2.50000e-07
 5.00000e-07
 5.00000e-07
 5.00000e-07
 5.00000e-07
 2.50000e-07
 2.50000e-07
 5.00000e-07
 5.00000e-07
 5.00000e-07
 5.00000e-07
 2.50000e-07
 2.50000e-07
 5.00000e-07
 5.00000e-07
 5.00000e-07
 5.00000e-07
 2.50000e-07
 2.50000e-07
 5.00000e-07
 5.00000e-07
 5.00000e-07
 5.00000e-07
 2.50000e-07
 2.50000e-07
 5.00000e-07
 5.00000e-07
 5.00000e-07
 5.00000e-07
 2.50000e-07
 2.50000e-07
 5.00000e-07
 5.00000e-07
 5.00000e-07
 5.00000e-07
 2.50000e-07
 2.50000e-07
 5.00000e-07
 5.00000e-07
 5.00000e-07
 5.00000e-07
 2.50000e-07
 2.50000e-07
 5.00000e-07
 5.00000e-07
 5.00000e-07
 5.00000e-07
 2.50000e-07
 2.50000e-07
 5.00000e-07
 5.00000e-07
 5.00000e-07
 5.00000e-07
 2.50000e-07
 2.50000e-07
 5.00000e-07
 5.00000e-07
 5.00000e-07
 5.00000e-07
 2.50000e-07
 1.25000e-07
 2.50000e-07
 2.50000e-07
 2.50000e-07
 2.50000e-07
 1.25000e-07
 3.85851e-07
 7.71701e-07
 7.71701e-07
 7.71701e-07
 7.71701e-07
 3.85851e-07
 3.34016e-07
 6.68033e-07
 6.68033e-07
 6.68033e-07
 6.68033e-07
 3.34016e-07
 2.94535e-07
 5.89071e-07
 5.89071e-07
 5.89071e-07
 5.89071e-07
 2.94535e-07
 2.69224e-07
 5.38447e-07
 5.38447e-07
 5.38447e-07
 5.38447e-07
 2.69224e-07
 2.56485e-07
 5.12970e-07
 5.12970e-07
 5.12970e-07
 5.12970e-07
 2.56485e-07
 2.51739e-07
 5.03477e-07
 5.03477e-07
 5.03477e-07
 5.03477e-07
 2.51739e-07
 2.50404e-07
 5.00808e-07
 5.00808e-07
 5.00808e-07
 5.00808e-07
 2.50404e-07
 2.50087e-07
 5.00175e-07
 5.00175e-07
 5.00175e-07
 5.00175e-07
 2.50087e-07
 2.50018e-07
 5.00036e-07
 5.00036e-07
 5.00036e-07
 5.00036e-07
 2.50018e-07
 2.50004e-07
 5.00007e-07
 5.00007e-07
 5.00007e-07
 5.00007e-07
 2.50004e-07
 2.50001e-07
 5.00001e-07
 5.00001e-07
 5.00001e-07
 5.00001e-07
 2.50001e-07
 2.50000e-07
 5.00000e-07
 5.00000e-07
 5.00000e-07
 5.00000e-07
 2.50000e-07
 2.50000e-07
 5.00000e-07
 5.00000e-07
 5.00000e-07
 5.00000e-07
 2.50000e-07
 2.50000e-07
 5.00000e-07
 5.00000e-07
 5.00000e-07
 5.00000e-07
 2.50000e-07
 2.50000e-07
 5.00000e-07
 5.00000e-07
 5.00000e-07
 5.00000e-07
 2.50000e-07
 2.50000e-07
 5.00000e-07
 5.00000e-07
 5.00000e-07
 5.00000e-07
 2.50000e-07
 2.50000e-07
 5.00000e-07
 5.00000e-07
 5.00000e-07
 5.00000e-07
 2.50000e-07
 2.50000e-07
 5.00000e-07
 5.00000e-07
 5.00000e-07
 5.00000e-07
 2.50000e-07
 2.50000e-07
 5.00000e-07
 5.00000e-07
 5.00000e-07
 5.00000e-07
 2.50000e-07
 2.50000e-07
 5.00000e-07
 5.00000e-07
 5.00000e-07
 5.00000e-07
 2.50000e-07
 2.50000e-07
 5.00000e-07
 5.00000e-07
 5.00000e-07
 5.00000e-07
 2.50000e-07
 2.50000e-07
 5.00000e-07
 5.00000e-07
 5.00000e-07
 5.00000e-07
 2.50000e-07
 2.50000e-07
 5.00000e-07
 5.00000e-07
 5.00000e-07
 5.00000e-07
 2.50000e-07
 2.50000e-07
 5.00000e-07
 5.00000e-07
 5.00000e-07
 5.00000e-07
 2.50000e-07
 2.50000e-07
 5.00000e-07
 5.00000e-07
 5.00000e-07
 5.00000e-07
 2.50000e-07
 2.50000e-07
 5.00000e-07
 5.00000e-07
 5.00000e-07
 5.00000e-07
 2.50000e-07
 2.50000e-07
 5.00000e-07
 5.00000e-07
 5.00000e-07
 5.00000e-07
 2.50000e-07
 2.50000e-07
 5.00000e-07
 5.00000e-07
 5.00000e-07
 5.00000e-07
 2.50000e-07
 1.25000e-07
 2.50000e-07
 2.50000e-07
 2.50000e-07
 2.50000e-07
 1.25000e-07
 3.85851e-07
 7.71701e-07
 7.71701e-07
 7.71701e-07
 7.71701e-07
 3.85851e-07
 3.34016e-07
 6.68033e-07
 6.68033e-07
 6.68033e-07
 6.68033e-07
 3.34016e-07
 2.94535e-07
 5.89071e-07
 5.89071e-07
 5.89071e-07
 5.89071e-07
 2.94535e-07
 2.69224e-07
 5.38447e-07
 5.38447e-07
 5.38447e-07
 5.38447e-07
 2.69224e-07
 2.56485e-07
 5.12970e-07
 5.12970e-07
 5.12970e-07
 5.12970e-07
 2.56485e-07
 2.51739e-07
 5.03477e-07
 5.03477e-07
 5.03477e-07
 5.03477e-07
 2.51739e-07
 2.50404e-07
 5.00808e-07
 5.00808e-07
 5.00808e-07
 5.00808e-07
 2.50404e-07
 2.50087e-07
 5.00175e-07
 5.00175e-07
 5.00175e-07
 5.00175e-07
 2.50087e-07
 2.50018e-07
 5.00036e-07
 5.00036e-07
 5.00036e-07
 5.00036e-07
 2.50018e-07
 2.50004e-07
 5.00007e-07
 5.00007e-07
 5.00007e-07
 5.00007e-07
 2.50004e-07
 2.50001e-07
 5.00001e-07
 5.00001e-07
 5.00001e-07
 5.00001e-07
 2.50001e-07
 2.50000e-07
 5.00000e-07
 5.00000e-07
 5.00000e-07
 5.00000e-07
 2.50000e-07
 2.50000e-07
 5.00000e-07
 5.00000e-07
 5.00000e-07
 5.00000e-07
 2.50000e-07
 2.50000e-07
 5.00000e-07
 5.00000e-07
 5.00000e-07
 5.00000e-07
 2.50000e-07
 2.50000e-07
 5.00000e-07
 5.00000e-07
 5.00000e-07
 5.00000e-07
 2.50000e-07
 2.50000e-07
 5.00000e-07
 5.00000e-07
 5.00000e-07
 5.00000e-07
 2.50000e-07
 2.50000e-07
 5.00000e-07
 5.00000e-07
 5.00000e-07
 5.00000e-07
 2.50000e-07
 2.50000e-07
 5.00000e-07
 5.00000e-07
 5.00000e-07
 5.00000e-07
 2.50000e-07
 2.50000e-07
 5.00000e-07
 5.00000e-07
 5.00000e-07
 5.00000e-07
 2.50000e-07
 2.50000e-07
 5.00000e-07
 5.00000e-07
 5.00000e-07
 5.00000e-07
 2.50000e-07
 2.50000e-07
 5.00000e-07
 5.00000e-07
 5.00000e-07
 5.00000e-07
 2.50000e-07
 2.50000e-07
 5.00000e-07
 5.00000e-07
 5.00000e-07
 5.00000e-07
 2.50000e-07
 2.50000e-07
 5.00000e-07
 5.00000e-07
 5.00000e-07
 5.00000e-07
 2.50000e-07
 2.50000e-07
 5.00000e-07
 5.00000e-07
 5.00000e-07
 5.00000e-07
 2.50000e-07
 2.50000e-07
 5.00000e-07
 5.00000e-07
 5.00000e-07
 5.00000e-07
 2.50000e-07
 2.50000e-07
 5.00000e-07
 5.00000e-07
 5.00000e-07
 5.00000e-07
 2.50000e-07
 2.50000e-07
 5.00000e-07
 5.00000e-07
 5.00000e-07
 5.00000e-07
 2.50000e-07
 2.50000e-07
 5.00000e-07
 5.00000e-07
 5.00000e-07
 5.00000e-07
 2.50000e-07
 1.25000e-07
 2.50000e-07
 2.50000e-07
 2.50000e-07
 2.50000e-07
 1.25000e-07
 1.92925e-07
 3.85851e-07
 3.85851e-07
 3.85851e-07
 3.85851e-07
 1.92925e-07
 1.67008e-07
 3.34016e-07
 3.34016e-07
 3.34016e-07
 3.34016e-07
 1.67008e-07
 1.47268e-07
 2.94535e-07
 2.94535e-07
 2.94535e-07
 2.94535e-07
 1.47268e-07
 1.34612e-07
 2.69224e-07
 2.69224e-07
 2.69224e-07
 2.69224e-07
 1.34612e-07
 1.28243e-07
 2.56485e-07
 2.56485e-07
 2.56485e-07
 2.56485e-07
 1.28243e-07
 1.25869e-07
 2.51739e-07
 2.51739e-07
 2.51739e-07
 2.51739e-07
 1.25869e-07
 1.25202e-07
 2.50404e-07
 2.50404e-07
 2.50404e-07
 2.50404e-07
 1.25202e-07
 1.25044e-07
 2.50087e-07
 2.50087e-07
 2.50087e-07
 2.50087e-07
 1.25044e-07
 1.25009e-07
 2.50018e-07
 2.50018e-07
 2.50018e-07
 2.50018e-07
 1.25009e-07
 1.25002e-07
 2.50004e-07
 2.50004e-07
 2.50004e-07
 2.50004e-07
 1.25002e-07
 1.25000e-07
 2.50001e-07
 2.50001e-07
 2.50001e-07
 2.50001e-07
 1.25000e-07
 1.25000e-07
 2.50000e-07
 2.50000e-07
 2.50000e-07
 2.50000e-07
 1.25000e-07
 1.25000e-07
 2.50000e-07
 2.50000e-07
 2.50000e-07
 2.50000e-07
 1.25000e-07
 1.25000e-07
 2.50000e-07
 2.50000e-07
 2.50000e-07
 2.50000e-07
 1.25000e-07
 1.25000e-07
 2.50000e-07
 2.50000e-07
 2.50000e-07
 2.50000e-07
 1.25000e-07
 1.25000e-07
 2.50000e-07
 2.50000e-07
 2.50000e-07
 2.50000e-07
 1.25000e-07
 1.25000e-07
 2.50000e-07
 2.50000e-07
 2.50000e-07
 2.50000e-07
 1.25000e-07
 1.25000e-07
 2.50000e-07
 2.50000e-07
 2.50000e-07
 2.50000e-07
 1.25000e-07
 1.25000e-07
 2.50000e-07
 2.50000e-07
 2.50000e-07
 2.50000e-07
 1.25000e-07
 1.25000e-07
 2.50000e-07
 2.50000e-07
 2.50000e-07
 2.50000e-07
 1.25000e-07
 1.25000e-07
 2.50000e-07
 2.50000e-07
 2.50000e-07
 2.50000e-07
 1.25000e-07
 1.25000e-07
 2.50000e-07
 2.50000e-07
 2.50000e-07
 2.50000e-07
 1.25000e-07
 1.25000e-07
 2.50000e-07
 2.50000e-07
 2.50000e-07
 2.50000e-07
 1.25000e-07
 1.25000e-07
 2.50000e-07
 2.50000e-07
 2.50000e-07
 2.50000e-07
 1.25000e-07
 1.25000e-07
 2.50000e-07
 2.50000e-07
 2.50000e-07
 2.50000e-07
 1.25000e-07
 1.25000e-07
 2.50000e-07
 2.50000e-07
 2.50000e-07
 2.50000e-07
 1.25000e-07
 1.25000e-07
 2.50000e-07
 2.50000e-07
 2.50000e-07
 2.50000e-07
 1.25000e-07
 1.25000e-07
 2.50000e-07
 2.50000e-07
 2.50000e-07
 2.50000e-07
 1.25000e-07
 6.25000e-08
 1.25000e-07
 1.25000e-07
 1.25000e-07
 1.25000e-07
 6.25000e-08
