NodeMass
part
         1
coordinates
 6.53702e-07
 1.93654e-06
 2.67815e-06
 3.28027e-06
 3.88787e-06
 4.55378e-06
 6.00025e-06
 7.43710e-06
 9.09175e-06
 1.13267e-05
 1.40366e-05
 1.75800e-05
 2.21219e-05
 2.80892e-05
 3.60027e-05
 4.66640e-05
 6.12405e-05
 8.19737e-05
 1.12449e-04
 1.57253e-04
 2.21100e-04
 3.03956e-04
 3.90758e-04
 4.50664e-04
 4.31879e-04
 3.36127e-04
 2.45793e-04
 2.07515e-04
 2.00717e-04
 2.00053e-04
 2.00000e-04
 2.00000e-04
 2.00000e-04
 2.00000e-04
 2.00000e-04
 2.00000e-04
 2.00000e-04
 2.00000e-04
 2.00000e-04
 2.00000e-04
 2.00000e-04
 2.00000e-04
 2.00000e-04
 2.00000e-04
 2.00000e-04
 2.00000e-04
 2.00000e-04
 2.00000e-04
 2.00000e-04
 2.00000e-04
 2.00000e-04
 2.00000e-04
 2.00000e-04
 2.00000e-04
 2.00000e-04
 2.00000e-04
 2.00000e-04
 2.00000e-04
 2.00000e-04
 2.00000e-04
 1.00000e-04
 1.93654e-06
 4.49086e-06
 5.34154e-06
 6.17484e-06
 7.68412e-06
 9.49434e-06
 1.19794e-05
 1.47944e-05
 1.81754e-05
 2.26364e-05
 2.81585e-05
 3.53565e-05
 4.46313e-05
 5.68119e-05
 7.29662e-05
 9.46893e-05
 1.24353e-04
 1.66523e-04
 2.28433e-04
 3.19287e-04
 4.48332e-04
 6.14960e-04
 7.88186e-04
 9.05631e-04
 8.64024e-04
 6.69855e-04
 4.89790e-04
 4.14569e-04
 4.01384e-04
 4.00102e-04
 4.00000e-04
 4.00000e-04
 4.00000e-04
 4.00000e-04
 4.00000e-04
 4.00000e-04
 4.00000e-04
 4.00000e-04
 4.00000e-04
 4.00000e-04
 4.00000e-04
 4.00000e-04
 4.00000e-04
 4.00000e-04
 4.00000e-04
 4.00000e-04
 4.00000e-04
 4.00000e-04
 4.00000e-04
 4.00000e-04
 4.00000e-04
 4.00000e-04
 4.00000e-04
 4.00000e-04
 4.00000e-04
 4.00000e-04
 4.00000e-04
 4.00000e-04
 4.00000e-04
 4.00000e-04
 2.00000e-04
 2.67815e-06
 5.34154e-06
 5.42539e-06
 5.69719e-06
 7.07923e-06
 9.22825e-06
 1.14136e-05
 1.43797e-05
 1.81219e-05
 2.27446e-05
 2.86163e-05
 3.60871e-05
 4.57578e-05
 5.83982e-05
 7.51574e-05
 9.76355e-05
 1.28328e-04
 1.72010e-04
 2.36096e-04
 3.29862e-04
 4.62164e-04
 6.31016e-04
 8.03083e-04
 9.13791e-04
 8.61156e-04
 6.60798e-04
 4.83931e-04
 4.13170e-04
 4.01239e-04
 4.00089e-04
 4.00000e-04
 4.00000e-04
 4.00000e-04
 4.00000e-04
 4.00000e-04
 4.00000e-04
 4.00000e-04
 4.00000e-04
 4.00000e-04
 4.00000e-04
 4.00000e-04
 4.00000e-04
 4.00000e-04
 4.00000e-04
 4.00000e-04
 4.00000e-04
 4.00000e-04
 4.00000e-04
 4.00000e-04
 4.00000e-04
 4.00000e-04
 4.00000e-04
 4.00000e-04
 4.00000e-04
 4.00000e-04
 4.00000e-04
 4.00000e-04
 4.00000e-04
 4.00000e-04
 4.00000e-04
 2.00000e-04
 3.28027e-06
 6.17484e-06
 5.69719e-06
 6.23481e-06
 7.67490e-06
 9.65954e-06
 1.21160e-05
 1.53099e-05
 1.92956e-05
 2.41470e-05
 3.03200e-05
 3.81325e-05
 4.82567e-05
 6.14524e-05
 7.89520e-05
 1.02391e-04
 1.34473e-04
 1.80327e-04
 2.47646e-04
 3.45919e-04
 4.83494e-04
 6.56071e-04
 8.26254e-04
 9.24536e-04
 8.52932e-04
 6.43982e-04
 4.73985e-04
 4.10992e-04
 4.01022e-04
 4.00069e-04
 4.00000e-04
 4.00000e-04
 4.00000e-04
 4.00000e-04
 4.00000e-04
 4.00000e-04
 4.00000e-04
 4.00000e-04
 4.00000e-04
 4.00000e-04
 4.00000e-04
 4.00000e-04
 4.00000e-04
 4.00000e-04
 4.00000e-04
 4.00000e-04
 4.00000e-04
 4.00000e-04
 4.00000e-04
 4.00000e-04
 4.00000e-04
 4.00000e-04
 4.00000e-04
 4.00000e-04
 4.00000e-04
 4.00000e-04
 4.00000e-04
 4.00000e-04
 4.00000e-04
 4.00000e-04
 2.00000e-04
 3.88787e-06
 7.68412e-06
 7.07923e-06
 7.67490e-06
 9.60300e-06
 1.16100e-05
 1.42638e-05
 1.75416e-05
 2.15925e-05
 2.66753e-05
 3.31192e-05
 4.13936e-05
 5.21129e-05
 6.61206e-05
 8.47064e-05
 1.09589e-04
 1.43803e-04
 1.92975e-04
 2.65243e-04
 3.70451e-04
 5.16072e-04
 6.93875e-04
 8.61011e-04
 9.37304e-04
 8.36859e-04
 6.19618e-04
 4.60835e-04
 4.08406e-04
 4.00776e-04
 4.00048e-04
 4.00000e-04
 4.00000e-04
 4.00000e-04
 4.00000e-04
 4.00000e-04
 4.00000e-04
 4.00000e-04
 4.00000e-04
 4.00000e-04
 4.00000e-04
 4.00000e-04
 4.00000e-04
 4.00000e-04
 4.00000e-04
 4.00000e-04
 4.00000e-04
 4.00000e-04
 4.00000e-04
 4.00000e-04
 4.00000e-04
 4.00000e-04
 4.00000e-04
 4.00000e-04
 4.00000e-04
 4.00000e-04
 4.00000e-04
 4.00000e-04
 4.00000e-04
 4.00000e-04
 4.00000e-04
 2.00000e-04
 4.55378e-06
 9.49434e-06
 9.22825e-06
 9.65954e-06
 1.16100e-05
 1.37085e-05
 1.64820e-05
 1.99429e-05
 2.42703e-05
 2.97323e-05
 3.66696e-05
 4.55755e-05
 5.70997e-05
 7.21886e-05
 9.22190e-05
 1.19065e-04
 1.56250e-04
 2.10090e-04
 2.89316e-04
 4.04101e-04
 5.60228e-04
 7.43194e-04
 9.03537e-04
 9.46074e-04
 8.07829e-04
 5.87072e-04
 4.45935e-04
 4.05842e-04
 4.00539e-04
 4.00029e-04
 4.00000e-04
 4.00000e-04
 4.00000e-04
 4.00000e-04
 4.00000e-04
 4.00000e-04
 4.00000e-04
 4.00000e-04
 4.00000e-04
 4.00000e-04
 4.00000e-04
 4.00000e-04
 4.00000e-04
 4.00000e-04
 4.00000e-04
 4.00000e-04
 4.00000e-04
 4.00000e-04
 4.00000e-04
 4.00000e-04
 4.00000e-04
 4.00000e-04
 4.00000e-04
 4.00000e-04
 4.00000e-04
 4.00000e-04
 4.00000e-04
 4.00000e-04
 4.00000e-04
 4.00000e-04
 2.00000e-04
 6.00025e-06
 1.19794e-05
 1.14136e-05
 1.21160e-05
 1.42638e-05
 1.64820e-05
 1.94548e-05
 2.31854e-05
 2.78809e-05
 3.38228e-05
 4.13896e-05
 5.11088e-05
 6.36833e-05
 8.02038e-05
 1.02121e-04
 1.31576e-04
 1.72847e-04
 2.33090e-04
 3.21741e-04
 4.48989e-04
 6.17476e-04
 8.03395e-04
 9.48174e-04
 9.44963e-04
 7.64138e-04
 5.47737e-04
 4.31435e-04
 4.03697e-04
 4.00340e-04
 4.00014e-04
 4.00000e-04
 4.00000e-04
 4.00000e-04
 4.00000e-04
 4.00000e-04
 4.00000e-04
 4.00000e-04
 4.00000e-04
 4.00000e-04
 4.00000e-04
 4.00000e-04
 4.00000e-04
 4.00000e-04
 4.00000e-04
 4.00000e-04
 4.00000e-04
 4.00000e-04
 4.00000e-04
 4.00000e-04
 4.00000e-04
 4.00000e-04
 4.00000e-04
 4.00000e-04
 4.00000e-04
 4.00000e-04
 4.00000e-04
 4.00000e-04
 4.00000e-04
 4.00000e-04
 4.00000e-04
 2.00000e-04
 7.43710e-06
 1.47944e-05
 1.43797e-05
 1.53099e-05
 1.75416e-05
 1.99429e-05
 2.31854e-05
 2.72791e-05
 3.24580e-05
 3.90270e-05
 4.74128e-05
 5.81685e-05
 7.21301e-05
 9.05127e-05
 1.14851e-04
 1.47833e-04
 1.94724e-04
 2.63654e-04
 3.64796e-04
 5.07485e-04
 6.88774e-04
 8.72271e-04
 9.86126e-04
 9.25071e-04
 7.06355e-04
 5.06157e-04
 4.19295e-04
 4.02144e-04
 4.00191e-04
 4.00005e-04
 4.00000e-04
 4.00000e-04
 4.00000e-04
 4.00000e-04
 4.00000e-04
 4.00000e-04
 4.00000e-04
 4.00000e-04
 4.00000e-04
 4.00000e-04
 4.00000e-04
 4.00000e-04
 4.00000e-04
 4.00000e-04
 4.00000e-04
 4.00000e-04
 4.00000e-04
 4.00000e-04
 4.00000e-04
 4.00000e-04
 4.00000e-04
 4.00000e-04
 4.00000e-04
 4.00000e-04
 4.00000e-04
 4.00000e-04
 4.00000e-04
 4.00000e-04
 4.00000e-04
 4.00000e-04
 2.00000e-04
 9.09175e-06
 1.81754e-05
 1.81219e-05
 1.92956e-05
 2.15925e-05
 2.42703e-05
 2.78809e-05
 3.24580e-05
 3.82705e-05
 4.56599e-05
 5.50805e-05
 6.71823e-05
 8.29681e-05
 1.03709e-04
 1.31210e-04
 1.69042e-04
 2.23689e-04
 3.04322e-04
 4.21599e-04
 5.82287e-04
 7.73894e-04
 9.46404e-04
 1.00621e-03
 8.76402e-04
 6.38194e-04
 4.68108e-04
 4.10566e-04
 4.01143e-04
 4.00091e-04
 4.00001e-04
 4.00000e-04
 4.00000e-04
 4.00000e-04
 4.00000e-04
 4.00000e-04
 4.00000e-04
 4.00000e-04
 4.00000e-04
 4.00000e-04
 4.00000e-04
 4.00000e-04
 4.00000e-04
 4.00000e-04
 4.00000e-04
 4.00000e-04
 4.00000e-04
 4.00000e-04
 4.00000e-04
 4.00000e-04
 4.00000e-04
 4.00000e-04
 4.00000e-04
 4.00000e-04
 4.00000e-04
 4.00000e-04
 4.00000e-04
 4.00000e-04
 4.00000e-04
 4.00000e-04
 4.00000e-04
 2.00000e-04
 1.13267e-05
 2.26364e-05
 2.27446e-05
 2.41470e-05
 2.66753e-05
 2.97323e-05
 3.38228e-05
 3.90270e-05
 4.56599e-05
 5.40838e-05
 6.48320e-05
 7.87218e-05
 9.68472e-05
 1.20592e-04
 1.52372e-04
 1.97044e-04
 2.62432e-04
 3.58658e-04
 4.95956e-04
 6.75484e-04
 8.69761e-04
 1.01388e-03
 9.97260e-04
 7.97807e-04
 5.65714e-04
 4.38259e-04
 4.05195e-04
 4.00557e-04
 4.00035e-04
 4.00000e-04
 4.00000e-04
 4.00000e-04
 4.00000e-04
 4.00000e-04
 4.00000e-04
 4.00000e-04
 4.00000e-04
 4.00000e-04
 4.00000e-04
 4.00000e-04
 4.00000e-04
 4.00000e-04
 4.00000e-04
 4.00000e-04
 4.00000e-04
 4.00000e-04
 4.00000e-04
 4.00000e-04
 4.00000e-04
 4.00000e-04
 4.00000e-04
 4.00000e-04
 4.00000e-04
 4.00000e-04
 4.00000e-04
 4.00000e-04
 4.00000e-04
 4.00000e-04
 4.00000e-04
 4.00000e-04
 2.00000e-04
 1.40366e-05
 2.81585e-05
 2.86163e-05
 3.03200e-05
 3.31192e-05
 3.66696e-05
 4.13896e-05
 4.74128e-05
 5.50805e-05
 6.48320e-05
 7.73528e-05
 9.35701e-05
 1.14647e-04
 1.42344e-04
 1.80239e-04
 2.34720e-04
 3.14888e-04
 4.31388e-04
 5.91762e-04
 7.86552e-04
 9.69792e-04
 1.05227e-03
 9.44085e-04
 6.99853e-04
 4.99619e-04
 4.18646e-04
 4.02337e-04
 4.00239e-04
 4.00010e-04
 4.00000e-04
 4.00000e-04
 4.00000e-04
 4.00000e-04
 4.00000e-04
 4.00000e-04
 4.00000e-04
 4.00000e-04
 4.00000e-04
 4.00000e-04
 4.00000e-04
 4.00000e-04
 4.00000e-04
 4.00000e-04
 4.00000e-04
 4.00000e-04
 4.00000e-04
 4.00000e-04
 4.00000e-04
 4.00000e-04
 4.00000e-04
 4.00000e-04
 4.00000e-04
 4.00000e-04
 4.00000e-04
 4.00000e-04
 4.00000e-04
 4.00000e-04
 4.00000e-04
 4.00000e-04
 4.00000e-04
 2.00000e-04
 1.75800e-05
 3.53565e-05
 3.60871e-05
 3.81325e-05
 4.13936e-05
 4.55755e-05
 5.11088e-05
 5.81685e-05
 6.71823e-05
 7.87218e-05
 9.35701e-05
 1.12729e-04
 1.37622e-04
 1.70992e-04
 2.17970e-04
 2.86449e-04
 3.86507e-04
 5.27891e-04
 7.11178e-04
 9.09001e-04
 1.05591e-03
 1.04276e-03
 8.42452e-04
 5.96458e-04
 4.50734e-04
 4.07947e-04
 4.00970e-04
 4.00083e-04
 4.00001e-04
 4.00000e-04
 4.00000e-04
 4.00000e-04
 4.00000e-04
 4.00000e-04
 4.00000e-04
 4.00000e-04
 4.00000e-04
 4.00000e-04
 4.00000e-04
 4.00000e-04
 4.00000e-04
 4.00000e-04
 4.00000e-04
 4.00000e-04
 4.00000e-04
 4.00000e-04
 4.00000e-04
 4.00000e-04
 4.00000e-04
 4.00000e-04
 4.00000e-04
 4.00000e-04
 4.00000e-04
 4.00000e-04
 4.00000e-04
 4.00000e-04
 4.00000e-04
 4.00000e-04
 4.00000e-04
 4.00000e-04
 2.00000e-04
 2.21219e-05
 4.46313e-05
 4.57578e-05
 4.82567e-05
 5.21129e-05
 5.70997e-05
 6.36833e-05
 7.21301e-05
 8.29681e-05
 9.68472e-05
 1.14647e-04
 1.37622e-04
 1.68042e-04
 2.10101e-04
 2.70522e-04
 3.58454e-04
 4.83914e-04
 6.52357e-04
 8.50415e-04
 1.02866e-03
 1.09390e-03
 9.66113e-04
 7.12131e-04
 5.06928e-04
 4.21700e-04
 4.03051e-04
 4.00358e-04
 4.00021e-04
 4.00000e-04
 4.00000e-04
 4.00000e-04
 4.00000e-04
 4.00000e-04
 4.00000e-04
 4.00000e-04
 4.00000e-04
 4.00000e-04
 4.00000e-04
 4.00000e-04
 4.00000e-04
 4.00000e-04
 4.00000e-04
 4.00000e-04
 4.00000e-04
 4.00000e-04
 4.00000e-04
 4.00000e-04
 4.00000e-04
 4.00000e-04
 4.00000e-04
 4.00000e-04
 4.00000e-04
 4.00000e-04
 4.00000e-04
 4.00000e-04
 4.00000e-04
 4.00000e-04
 4.00000e-04
 4.00000e-04
 4.00000e-04
 2.00000e-04
 2.80892e-05
 5.68119e-05
 5.83982e-05
 6.14524e-05
 6.61206e-05
 7.21886e-05
 8.02038e-05
 9.05127e-05
 1.03709e-04
 1.20592e-04
 1.42344e-04
 1.70992e-04
 2.10101e-04
 2.65402e-04
 3.45003e-04
 4.58421e-04
 6.12959e-04
 8.03341e-04
 9.93962e-04
 1.10983e-03
 1.05306e-03
 8.26717e-04
 5.82674e-04
 4.47341e-04
 4.07955e-04
 4.01079e-04
 4.00105e-04
 4.00003e-04
 4.00000e-04
 4.00000e-04
 4.00000e-04
 4.00000e-04
 4.00000e-04
 4.00000e-04
 4.00000e-04
 4.00000e-04
 4.00000e-04
 4.00000e-04
 4.00000e-04
 4.00000e-04
 4.00000e-04
 4.00000e-04
 4.00000e-04
 4.00000e-04
 4.00000e-04
 4.00000e-04
 4.00000e-04
 4.00000e-04
 4.00000e-04
 4.00000e-04
 4.00000e-04
 4.00000e-04
 4.00000e-04
 4.00000e-04
 4.00000e-04
 4.00000e-04
 4.00000e-04
 4.00000e-04
 4.00000e-04
 4.00000e-04
 2.00000e-04
 3.60027e-05
 7.29662e-05
 7.51574e-05
 7.89520e-05
 8.47064e-05
 9.22190e-05
 1.02121e-04
 1.14851e-04
 1.31210e-04
 1.52372e-04
 1.80239e-04
 2.17970e-04
 2.70522e-04
 3.45003e-04
 4.50088e-04
 5.93371e-04
 7.73592e-04
 9.65118e-04
 1.10855e-03
 1.10758e-03
 9.22980e-04
 6.64499e-04
 4.84566e-04
 4.17140e-04
 4.02617e-04
 4.00333e-04
 4.00021e-04
 4.00000e-04
 4.00000e-04
 4.00000e-04
 4.00000e-04
 4.00000e-04
 4.00000e-04
 4.00000e-04
 4.00000e-04
 4.00000e-04
 4.00000e-04
 4.00000e-04
 4.00000e-04
 4.00000e-04
 4.00000e-04
 4.00000e-04
 4.00000e-04
 4.00000e-04
 4.00000e-04
 4.00000e-04
 4.00000e-04
 4.00000e-04
 4.00000e-04
 4.00000e-04
 4.00000e-04
 4.00000e-04
 4.00000e-04
 4.00000e-04
 4.00000e-04
 4.00000e-04
 4.00000e-04
 4.00000e-04
 4.00000e-04
 4.00000e-04
 2.00000e-04
 4.66640e-05
 9.46893e-05
 9.76355e-05
 1.02391e-04
 1.09589e-04
 1.19065e-04
 1.31576e-04
 1.47833e-04
 1.69042e-04
 1.97044e-04
 2.34720e-04
 2.86449e-04
 3.58454e-04
 4.58421e-04
 5.93371e-04
 7.63491e-04
 9.49450e-04
 1.10233e-03
 1.13663e-03
 9.91891e-04
 7.37961e-04
 5.27620e-04
 4.30744e-04
 4.05317e-04
 4.00780e-04
 4.00076e-04
 4.00001e-04
 4.00000e-04
 4.00000e-04
 4.00000e-04
 4.00000e-04
 4.00000e-04
 4.00000e-04
 4.00000e-04
 4.00000e-04
 4.00000e-04
 4.00000e-04
 4.00000e-04
 4.00000e-04
 4.00000e-04
 4.00000e-04
 4.00000e-04
 4.00000e-04
 4.00000e-04
 4.00000e-04
 4.00000e-04
 4.00000e-04
 4.00000e-04
 4.00000e-04
 4.00000e-04
 4.00000e-04
 4.00000e-04
 4.00000e-04
 4.00000e-04
 4.00000e-04
 4.00000e-04
 4.00000e-04
 4.00000e-04
 4.00000e-04
 4.00000e-04
 2.00000e-04
 6.12405e-05
 1.24353e-04
 1.28328e-04
 1.34473e-04
 1.43803e-04
 1.56250e-04
 1.72847e-04
 1.94724e-04
 2.23689e-04
 2.62432e-04
 3.14888e-04
 3.86507e-04
 4.83914e-04
 6.12959e-04
 7.73592e-04
 9.49450e-04
 1.09962e-03
 1.14815e-03
 1.03097e-03
 7.92245e-04
 5.67459e-04
 4.46628e-04
 4.09138e-04
 4.01494e-04
 4.00188e-04
 4.00010e-04
 4.00000e-04
 4.00000e-04
 4.00000e-04
 4.00000e-04
 4.00000e-04
 4.00000e-04
 4.00000e-04
 4.00000e-04
 4.00000e-04
 4.00000e-04
 4.00000e-04
 4.00000e-04
 4.00000e-04
 4.00000e-04
 4.00000e-04
 4.00000e-04
 4.00000e-04
 4.00000e-04
 4.00000e-04
 4.00000e-04
 4.00000e-04
 4.00000e-04
 4.00000e-04
 4.00000e-04
 4.00000e-04
 4.00000e-04
 4.00000e-04
 4.00000e-04
 4.00000e-04
 4.00000e-04
 4.00000e-04
 4.00000e-04
 4.00000e-04
 4.00000e-04
 2.00000e-04
 8.19737e-05
 1.66523e-04
 1.72010e-04
 1.80327e-04
 1.92975e-04
 2.10090e-04
 2.33090e-04
 2.63654e-04
 3.04322e-04
 3.58658e-04
 4.31388e-04
 5.27891e-04
 6.52357e-04
 8.03341e-04
 9.65118e-04
 1.10233e-03
 1.14815e-03
 1.04371e-03
 8.20942e-04
 5.95382e-04
 4.60849e-04
 4.13342e-04
 4.02397e-04
 4.00358e-04
 4.00028e-04
 4.00000e-04
 4.00000e-04
 4.00000e-04
 4.00000e-04
 4.00000e-04
 4.00000e-04
 4.00000e-04
 4.00000e-04
 4.00000e-04
 4.00000e-04
 4.00000e-04
 4.00000e-04
 4.00000e-04
 4.00000e-04
 4.00000e-04
 4.00000e-04
 4.00000e-04
 4.00000e-04
 4.00000e-04
 4.00000e-04
 4.00000e-04
 4.00000e-04
 4.00000e-04
 4.00000e-04
 4.00000e-04
 4.00000e-04
 4.00000e-04
 4.00000e-04
 4.00000e-04
 4.00000e-04
 4.00000e-04
 4.00000e-04
 4.00000e-04
 4.00000e-04
 4.00000e-04
 2.00000e-04
 1.12449e-04
 2.28433e-04
 2.36096e-04
 2.47646e-04
 2.65243e-04
 2.89316e-04
 3.21741e-04
 3.64796e-04
 4.21599e-04
 4.95956e-04
 5.91762e-04
 7.11178e-04
 8.50415e-04
 9.93962e-04
 1.10855e-03
 1.13663e-03
 1.03097e-03
 8.20942e-04
 6.05390e-04
 4.69267e-04
 4.16687e-04
 4.03273e-04
 4.00550e-04
 4.00056e-04
 4.00001e-04
 4.00000e-04
 4.00000e-04
 4.00000e-04
 4.00000e-04
 4.00000e-04
 4.00000e-04
 4.00000e-04
 4.00000e-04
 4.00000e-04
 4.00000e-04
 4.00000e-04
 4.00000e-04
 4.00000e-04
 4.00000e-04
 4.00000e-04
 4.00000e-04
 4.00000e-04
 4.00000e-04
 4.00000e-04
 4.00000e-04
 4.00000e-04
 4.00000e-04
 4.00000e-04
 4.00000e-04
 4.00000e-04
 4.00000e-04
 4.00000e-04
 4.00000e-04
 4.00000e-04
 4.00000e-04
 4.00000e-04
 4.00000e-04
 4.00000e-04
 4.00000e-04
 4.00000e-04
 2.00000e-04
 1.57253e-04
 3.19287e-04
 3.29862e-04
 3.45919e-04
 3.70451e-04
 4.04101e-04
 4.48989e-04
 5.07485e-04
 5.82287e-04
 6.75484e-04
 7.86552e-04
 9.09001e-04
 1.02866e-03
 1.10983e-03
 1.10758e-03
 9.91891e-04
 7.92245e-04
 5.95382e-04
 4.69267e-04
 4.17961e-04
 4.03816e-04
 4.00704e-04
 4.00086e-04
 4.00003e-04
 4.00000e-04
 4.00000e-04
 4.00000e-04
 4.00000e-04
 4.00000e-04
 4.00000e-04
 4.00000e-04
 4.00000e-04
 4.00000e-04
 4.00000e-04
 4.00000e-04
 4.00000e-04
 4.00000e-04
 4.00000e-04
 4.00000e-04
 4.00000e-04
 4.00000e-04
 4.00000e-04
 4.00000e-04
 4.00000e-04
 4.00000e-04
 4.00000e-04
 4.00000e-04
 4.00000e-04
 4.00000e-04
 4.00000e-04
 4.00000e-04
 4.00000e-04
 4.00000e-04
 4.00000e-04
 4.00000e-04
 4.00000e-04
 4.00000e-04
 4.00000e-04
 4.00000e-04
 4.00000e-04
 2.00000e-04
 2.21100e-04
 4.48332e-04
 4.62164e-04
 4.83494e-04
 5.16072e-04
 5.60228e-04
 6.17476e-04
 6.88774e-04
 7.73894e-04
 8.69761e-04
 9.69792e-04
 1.05591e-03
 1.09390e-03
 1.05306e-03
 9.22980e-04
 7.37961e-04
 5.67459e-04
 4.60849e-04
 4.16687e-04
 4.03816e-04
 4.00765e-04
 4.00106e-04
 4.00005e-04
 4.00000e-04
 4.00000e-04
 4.00000e-04
 4.00000e-04
 4.00000e-04
 4.00000e-04
 4.00000e-04
 4.00000e-04
 4.00000e-04
 4.00000e-04
 4.00000e-04
 4.00000e-04
 4.00000e-04
 4.00000e-04
 4.00000e-04
 4.00000e-04
 4.00000e-04
 4.00000e-04
 4.00000e-04
 4.00000e-04
 4.00000e-04
 4.00000e-04
 4.00000e-04
 4.00000e-04
 4.00000e-04
 4.00000e-04
 4.00000e-04
 4.00000e-04
 4.00000e-04
 4.00000e-04
 4.00000e-04
 4.00000e-04
 4.00000e-04
 4.00000e-04
 4.00000e-04
 4.00000e-04
 4.00000e-04
 2.00000e-04
 3.03956e-04
 6.14960e-04
 6.31016e-04
 6.56071e-04
 6.93875e-04
 7.43194e-04
 8.03395e-04
 8.72271e-04
 9.46404e-04
 1.01388e-03
 1.05227e-03
 1.04276e-03
 9.66113e-04
 8.26717e-04
 6.64499e-04
 5.27620e-04
 4.46628e-04
 4.13342e-04
 4.03273e-04
 4.00704e-04
 4.00106e-04
 4.00006e-04
 4.00000e-04
 4.00000e-04
 4.00000e-04
 4.00000e-04
 4.00000e-04
 4.00000e-04
 4.00000e-04
 4.00000e-04
 4.00000e-04
 4.00000e-04
 4.00000e-04
 4.00000e-04
 4.00000e-04
 4.00000e-04
 4.00000e-04
 4.00000e-04
 4.00000e-04
 4.00000e-04
 4.00000e-04
 4.00000e-04
 4.00000e-04
 4.00000e-04
 4.00000e-04
 4.00000e-04
 4.00000e-04
 4.00000e-04
 4.00000e-04
 4.00000e-04
 4.00000e-04
 4.00000e-04
 4.00000e-04
 4.00000e-04
 4.00000e-04
 4.00000e-04
 4.00000e-04
 4.00000e-04
 4.00000e-04
 4.00000e-04
 2.00000e-04
 3.90758e-04
 7.88186e-04
 8.03083e-04
 8.26254e-04
 8.61011e-04
 9.03537e-04
 9.48174e-04
 9.86126e-04
 1.00621e-03
 9.97260e-04
 9.44085e-04
 8.42452e-04
 7.12131e-04
 5.82674e-04
 4.84566e-04
 4.30744e-04
 4.09138e-04
 4.02397e-04
 4.00550e-04
 4.00086e-04
 4.00005e-04
 4.00000e-04
 4.00000e-04
 4.00000e-04
 4.00000e-04
 4.00000e-04
 4.00000e-04
 4.00000e-04
 4.00000e-04
 4.00000e-04
 4.00000e-04
 4.00000e-04
 4.00000e-04
 4.00000e-04
 4.00000e-04
 4.00000e-04
 4.00000e-04
 4.00000e-04
 4.00000e-04
 4.00000e-04
 4.00000e-04
 4.00000e-04
 4.00000e-04
 4.00000e-04
 4.00000e-04
 4.00000e-04
 4.00000e-04
 4.00000e-04
 4.00000e-04
 4.00000e-04
 4.00000e-04
 4.00000e-04
 4.00000e-04
 4.00000e-04
 4.00000e-04
 4.00000e-04
 4.00000e-04
 4.00000e-04
 4.00000e-04
 4.00000e-04
 2.00000e-04
 4.50664e-04
 9.05631e-04
 9.13791e-04
 9.24536e-04
 9.37304e-04
 9.46074e-04
 9.44963e-04
 9.25071e-04
 8.76402e-04
 7.97807e-04
 6.99853e-04
 5.96458e-04
 5.06928e-04
 4.47341e-04
 4.17140e-04
 4.05317e-04
 4.01494e-04
 4.00358e-04
 4.00056e-04
 4.00003e-04
 4.00000e-04
 4.00000e-04
 4.00000e-04
 4.00000e-04
 4.00000e-04
 4.00000e-04
 4.00000e-04
 4.00000e-04
 4.00000e-04
 4.00000e-04
 4.00000e-04
 4.00000e-04
 4.00000e-04
 4.00000e-04
 4.00000e-04
 4.00000e-04
 4.00000e-04
 4.00000e-04
 4.00000e-04
 4.00000e-04
 4.00000e-04
 4.00000e-04
 4.00000e-04
 4.00000e-04
 4.00000e-04
 4.00000e-04
 4.00000e-04
 4.00000e-04
 4.00000e-04
 4.00000e-04
 4.00000e-04
 4.00000e-04
 4.00000e-04
 4.00000e-04
 4.00000e-04
 4.00000e-04
 4.00000e-04
 4.00000e-04
 4.00000e-04
 4.00000e-04
 2.00000e-04
 4.31879e-04
 8.64024e-04
 8.61156e-04
 8.52932e-04
 8.36859e-04
 8.07829e-04
 7.64138e-04
 7.06355e-04
 6.38194e-04
 5.65714e-04
 4.99619e-04
 4.50734e-04
 4.21700e-04
 4.07955e-04
 4.02617e-04
 4.00780e-04
 4.00188e-04
 4.00028e-04
 4.00001e-04
 4.00000e-04
 4.00000e-04
 4.00000e-04
 4.00000e-04
 4.00000e-04
 4.00000e-04
 4.00000e-04
 4.00000e-04
 4.00000e-04
 4.00000e-04
 4.00000e-04
 4.00000e-04
 4.00000e-04
 4.00000e-04
 4.00000e-04
 4.00000e-04
 4.00000e-04
 4.00000e-04
 4.00000e-04
 4.00000e-04
 4.00000e-04
 4.00000e-04
 4.00000e-04
 4.00000e-04
 4.00000e-04
 4.00000e-04
 4.00000e-04
 4.00000e-04
 4.00000e-04
 4.00000e-04
 4.00000e-04
 4.00000e-04
 4.00000e-04
 4.00000e-04
 4.00000e-04
 4.00000e-04
 4.00000e-04
 4.00000e-04
 4.00000e-04
 4.00000e-04
 4.00000e-04
 2.00000e-04
 3.36127e-04
 6.69855e-04
 6.60798e-04
 6.43982e-04
 6.19618e-04
 5.87072e-04
 5.47737e-04
 5.06157e-04
 4.68108e-04
 4.38259e-04
 4.18646e-04
 4.07947e-04
 4.03051e-04
 4.01079e-04
 4.00333e-04
 4.00076e-04
 4.00010e-04
 4.00000e-04
 4.00000e-04
 4.00000e-04
 4.00000e-04
 4.00000e-04
 4.00000e-04
 4.00000e-04
 4.00000e-04
 4.00000e-04
 4.00000e-04
 4.00000e-04
 4.00000e-04
 4.00000e-04
 4.00000e-04
 4.00000e-04
 4.00000e-04
 4.00000e-04
 4.00000e-04
 4.00000e-04
 4.00000e-04
 4.00000e-04
 4.00000e-04
 4.00000e-04
 4.00000e-04
 4.00000e-04
 4.00000e-04
 4.00000e-04
 4.00000e-04
 4.00000e-04
 4.00000e-04
 4.00000e-04
 4.00000e-04
 4.00000e-04
 4.00000e-04
 4.00000e-04
 4.00000e-04
 4.00000e-04
 4.00000e-04
 4.00000e-04
 4.00000e-04
 4.00000e-04
 4.00000e-04
 4.00000e-04
 2.00000e-04
 2.45793e-04
 4.89790e-04
 4.83931e-04
 4.73985e-04
 4.60835e-04
 4.45935e-04
 4.31435e-04
 4.19295e-04
 4.10566e-04
 4.05195e-04
 4.02337e-04
 4.00970e-04
 4.00358e-04
 4.00105e-04
 4.00021e-04
 4.00001e-04
 4.00000e-04
 4.00000e-04
 4.00000e-04
 4.00000e-04
 4.00000e-04
 4.00000e-04
 4.00000e-04
 4.00000e-04
 4.00000e-04
 4.00000e-04
 4.00000e-04
 4.00000e-04
 4.00000e-04
 4.00000e-04
 4.00000e-04
 4.00000e-04
 4.00000e-04
 4.00000e-04
 4.00000e-04
 4.00000e-04
 4.00000e-04
 4.00000e-04
 4.00000e-04
 4.00000e-04
 4.00000e-04
 4.00000e-04
 4.00000e-04
 4.00000e-04
 4.00000e-04
 4.00000e-04
 4.00000e-04
 4.00000e-04
 4.00000e-04
 4.00000e-04
 4.00000e-04
 4.00000e-04
 4.00000e-04
 4.00000e-04
 4.00000e-04
 4.00000e-04
 4.00000e-04
 4.00000e-04
 4.00000e-04
 4.00000e-04
 2.00000e-04
 2.07515e-04
 4.14569e-04
 4.13170e-04
 4.10992e-04
 4.08406e-04
 4.05842e-04
 4.03697e-04
 4.02144e-04
 4.01143e-04
 4.00557e-04
 4.00239e-04
 4.00083e-04
 4.00021e-04
 4.00003e-04
 4.00000e-04
 4.00000e-04
 4.00000e-04
 4.00000e-04
 4.00000e-04
 4.00000e-04
 4.00000e-04
 4.00000e-04
 4.00000e-04
 4.00000e-04
 4.00000e-04
 4.00000e-04
 4.00000e-04
 4.00000e-04
 4.00000e-04
 4.00000e-04
 4.00000e-04
 4.00000e-04
 4.00000e-04
 4.00000e-04
 4.00000e-04
 4.00000e-04
 4.00000e-04
 4.00000e-04
 4.00000e-04
 4.00000e-04
 4.00000e-04
 4.00000e-04
 4.00000e-04
 4.00000e-04
 4.00000e-04
 4.00000e-04
 4.00000e-04
 4.00000e-04
 4.00000e-04
 4.00000e-04
 4.00000e-04
 4.00000e-04
 4.00000e-04
 4.00000e-04
 4.00000e-04
 4.00000e-04
 4.00000e-04
 4.00000e-04
 4.00000e-04
 4.00000e-04
 2.00000e-04
 2.00717e-04
 4.01384e-04
 4.01239e-04
 4.01022e-04
 4.00776e-04
 4.00539e-04
 4.00340e-04
 4.00191e-04
 4.00091e-04
 4.00035e-04
 4.00010e-04
 4.00001e-04
 4.00000e-04
 4.00000e-04
 4.00000e-04
 4.00000e-04
 4.00000e-04
 4.00000e-04
 4.00000e-04
 4.00000e-04
 4.00000e-04
 4.00000e-04
 4.00000e-04
 4.00000e-04
 4.00000e-04
 4.00000e-04
 4.00000e-04
 4.00000e-04
 4.00000e-04
 4.00000e-04
 4.00000e-04
 4.00000e-04
 4.00000e-04
 4.00000e-04
 4.00000e-04
 4.00000e-04
 4.00000e-04
 4.00000e-04
 4.00000e-04
 4.00000e-04
 4.00000e-04
 4.00000e-04
 4.00000e-04
 4.00000e-04
 4.00000e-04
 4.00000e-04
 4.00000e-04
 4.00000e-04
 4.00000e-04
 4.00000e-04
 4.00000e-04
 4.00000e-04
 4.00000e-04
 4.00000e-04
 4.00000e-04
 4.00000e-04
 4.00000e-04
 4.00000e-04
 4.00000e-04
 4.00000e-04
 2.00000e-04
 2.00053e-04
 4.00102e-04
 4.00089e-04
 4.00069e-04
 4.00048e-04
 4.00029e-04
 4.00014e-04
 4.00005e-04
 4.00001e-04
 4.00000e-04
 4.00000e-04
 4.00000e-04
 4.00000e-04
 4.00000e-04
 4.00000e-04
 4.00000e-04
 4.00000e-04
 4.00000e-04
 4.00000e-04
 4.00000e-04
 4.00000e-04
 4.00000e-04
 4.00000e-04
 4.00000e-04
 4.00000e-04
 4.00000e-04
 4.00000e-04
 4.00000e-04
 4.00000e-04
 4.00000e-04
 4.00000e-04
 4.00000e-04
 4.00000e-04
 4.00000e-04
 4.00000e-04
 4.00000e-04
 4.00000e-04
 4.00000e-04
 4.00000e-04
 4.00000e-04
 4.00000e-04
 4.00000e-04
 4.00000e-04
 4.00000e-04
 4.00000e-04
 4.00000e-04
 4.00000e-04
 4.00000e-04
 4.00000e-04
 4.00000e-04
 4.00000e-04
 4.00000e-04
 4.00000e-04
 4.00000e-04
 4.00000e-04
 4.00000e-04
 4.00000e-04
 4.00000e-04
 4.00000e-04
 4.00000e-04
 2.00000e-04
 2.00000e-04
 4.00000e-04
 4.00000e-04
 4.00000e-04
 4.00000e-04
 4.00000e-04
 4.00000e-04
 4.00000e-04
 4.00000e-04
 4.00000e-04
 4.00000e-04
 4.00000e-04
 4.00000e-04
 4.00000e-04
 4.00000e-04
 4.00000e-04
 4.00000e-04
 4.00000e-04
 4.00000e-04
 4.00000e-04
 4.00000e-04
 4.00000e-04
 4.00000e-04
 4.00000e-04
 4.00000e-04
 4.00000e-04
 4.00000e-04
 4.00000e-04
 4.00000e-04
 4.00000e-04
 4.00000e-04
 4.00000e-04
 4.00000e-04
 4.00000e-04
 4.00000e-04
 4.00000e-04
 4.00000e-04
 4.00000e-04
 4.00000e-04
 4.00000e-04
 4.00000e-04
 4.00000e-04
 4.00000e-04
 4.00000e-04
 4.00000e-04
 4.00000e-04
 4.00000e-04
 4.00000e-04
 4.00000e-04
 4.00000e-04
 4.00000e-04
 4.00000e-04
 4.00000e-04
 4.00000e-04
 4.00000e-04
 4.00000e-04
 4.00000e-04
 4.00000e-04
 4.00000e-04
 4.00000e-04
 2.00000e-04
 2.00000e-04
 4.00000e-04
 4.00000e-04
 4.00000e-04
 4.00000e-04
 4.00000e-04
 4.00000e-04
 4.00000e-04
 4.00000e-04
 4.00000e-04
 4.00000e-04
 4.00000e-04
 4.00000e-04
 4.00000e-04
 4.00000e-04
 4.00000e-04
 4.00000e-04
 4.00000e-04
 4.00000e-04
 4.00000e-04
 4.00000e-04
 4.00000e-04
 4.00000e-04
 4.00000e-04
 4.00000e-04
 4.00000e-04
 4.00000e-04
 4.00000e-04
 4.00000e-04
 4.00000e-04
 4.00000e-04
 4.00000e-04
 4.00000e-04
 4.00000e-04
 4.00000e-04
 4.00000e-04
 4.00000e-04
 4.00000e-04
 4.00000e-04
 4.00000e-04
 4.00000e-04
 4.00000e-04
 4.00000e-04
 4.00000e-04
 4.00000e-04
 4.00000e-04
 4.00000e-04
 4.00000e-04
 4.00000e-04
 4.00000e-04
 4.00000e-04
 4.00000e-04
 4.00000e-04
 4.00000e-04
 4.00000e-04
 4.00000e-04
 4.00000e-04
 4.00000e-04
 4.00000e-04
 4.00000e-04
 2.00000e-04
 2.00000e-04
 4.00000e-04
 4.00000e-04
 4.00000e-04
 4.00000e-04
 4.00000e-04
 4.00000e-04
 4.00000e-04
 4.00000e-04
 4.00000e-04
 4.00000e-04
 4.00000e-04
 4.00000e-04
 4.00000e-04
 4.00000e-04
 4.00000e-04
 4.00000e-04
 4.00000e-04
 4.00000e-04
 4.00000e-04
 4.00000e-04
 4.00000e-04
 4.00000e-04
 4.00000e-04
 4.00000e-04
 4.00000e-04
 4.00000e-04
 4.00000e-04
 4.00000e-04
 4.00000e-04
 4.00000e-04
 4.00000e-04
 4.00000e-04
 4.00000e-04
 4.00000e-04
 4.00000e-04
 4.00000e-04
 4.00000e-04
 4.00000e-04
 4.00000e-04
 4.00000e-04
 4.00000e-04
 4.00000e-04
 4.00000e-04
 4.00000e-04
 4.00000e-04
 4.00000e-04
 4.00000e-04
 4.00000e-04
 4.00000e-04
 4.00000e-04
 4.00000e-04
 4.00000e-04
 4.00000e-04
 4.00000e-04
 4.00000e-04
 4.00000e-04
 4.00000e-04
 4.00000e-04
 4.00000e-04
 2.00000e-04
 2.00000e-04
 4.00000e-04
 4.00000e-04
 4.00000e-04
 4.00000e-04
 4.00000e-04
 4.00000e-04
 4.00000e-04
 4.00000e-04
 4.00000e-04
 4.00000e-04
 4.00000e-04
 4.00000e-04
 4.00000e-04
 4.00000e-04
 4.00000e-04
 4.00000e-04
 4.00000e-04
 4.00000e-04
 4.00000e-04
 4.00000e-04
 4.00000e-04
 4.00000e-04
 4.00000e-04
 4.00000e-04
 4.00000e-04
 4.00000e-04
 4.00000e-04
 4.00000e-04
 4.00000e-04
 4.00000e-04
 4.00000e-04
 4.00000e-04
 4.00000e-04
 4.00000e-04
 4.00000e-04
 4.00000e-04
 4.00000e-04
 4.00000e-04
 4.00000e-04
 4.00000e-04
 4.00000e-04
 4.00000e-04
 4.00000e-04
 4.00000e-04
 4.00000e-04
 4.00000e-04
 4.00000e-04
 4.00000e-04
 4.00000e-04
 4.00000e-04
 4.00000e-04
 4.00000e-04
 4.00000e-04
 4.00000e-04
 4.00000e-04
 4.00000e-04
 4.00000e-04
 4.00000e-04
 4.00000e-04
 2.00000e-04
 2.00000e-04
 4.00000e-04
 4.00000e-04
 4.00000e-04
 4.00000e-04
 4.00000e-04
 4.00000e-04
 4.00000e-04
 4.00000e-04
 4.00000e-04
 4.00000e-04
 4.00000e-04
 4.00000e-04
 4.00000e-04
 4.00000e-04
 4.00000e-04
 4.00000e-04
 4.00000e-04
 4.00000e-04
 4.00000e-04
 4.00000e-04
 4.00000e-04
 4.00000e-04
 4.00000e-04
 4.00000e-04
 4.00000e-04
 4.00000e-04
 4.00000e-04
 4.00000e-04
 4.00000e-04
 4.00000e-04
 4.00000e-04
 4.00000e-04
 4.00000e-04
 4.00000e-04
 4.00000e-04
 4.00000e-04
 4.00000e-04
 4.00000e-04
 4.00000e-04
 4.00000e-04
 4.00000e-04
 4.00000e-04
 4.00000e-04
 4.00000e-04
 4.00000e-04
 4.00000e-04
 4.00000e-04
 4.00000e-04
 4.00000e-04
 4.00000e-04
 4.00000e-04
 4.00000e-04
 4.00000e-04
 4.00000e-04
 4.00000e-04
 4.00000e-04
 4.00000e-04
 4.00000e-04
 4.00000e-04
 2.00000e-04
 2.00000e-04
 4.00000e-04
 4.00000e-04
 4.00000e-04
 4.00000e-04
 4.00000e-04
 4.00000e-04
 4.00000e-04
 4.00000e-04
 4.00000e-04
 4.00000e-04
 4.00000e-04
 4.00000e-04
 4.00000e-04
 4.00000e-04
 4.00000e-04
 4.00000e-04
 4.00000e-04
 4.00000e-04
 4.00000e-04
 4.00000e-04
 4.00000e-04
 4.00000e-04
 4.00000e-04
 4.00000e-04
 4.00000e-04
 4.00000e-04
 4.00000e-04
 4.00000e-04
 4.00000e-04
 4.00000e-04
 4.00000e-04
 4.00000e-04
 4.00000e-04
 4.00000e-04
 4.00000e-04
 4.00000e-04
 4.00000e-04
 4.00000e-04
 4.00000e-04
 4.00000e-04
 4.00000e-04
 4.00000e-04
 4.00000e-04
 4.00000e-04
 4.00000e-04
 4.00000e-04
 4.00000e-04
 4.00000e-04
 4.00000e-04
 4.00000e-04
 4.00000e-04
 4.00000e-04
 4.00000e-04
 4.00000e-04
 4.00000e-04
 4.00000e-04
 4.00000e-04
 4.00000e-04
 4.00000e-04
 2.00000e-04
 2.00000e-04
 4.00000e-04
 4.00000e-04
 4.00000e-04
 4.00000e-04
 4.00000e-04
 4.00000e-04
 4.00000e-04
 4.00000e-04
 4.00000e-04
 4.00000e-04
 4.00000e-04
 4.00000e-04
 4.00000e-04
 4.00000e-04
 4.00000e-04
 4.00000e-04
 4.00000e-04
 4.00000e-04
 4.00000e-04
 4.00000e-04
 4.00000e-04
 4.00000e-04
 4.00000e-04
 4.00000e-04
 4.00000e-04
 4.00000e-04
 4.00000e-04
 4.00000e-04
 4.00000e-04
 4.00000e-04
 4.00000e-04
 4.00000e-04
 4.00000e-04
 4.00000e-04
 4.00000e-04
 4.00000e-04
 4.00000e-04
 4.00000e-04
 4.00000e-04
 4.00000e-04
 4.00000e-04
 4.00000e-04
 4.00000e-04
 4.00000e-04
 4.00000e-04
 4.00000e-04
 4.00000e-04
 4.00000e-04
 4.00000e-04
 4.00000e-04
 4.00000e-04
 4.00000e-04
 4.00000e-04
 4.00000e-04
 4.00000e-04
 4.00000e-04
 4.00000e-04
 4.00000e-04
 4.00000e-04
 2.00000e-04
 2.00000e-04
 4.00000e-04
 4.00000e-04
 4.00000e-04
 4.00000e-04
 4.00000e-04
 4.00000e-04
 4.00000e-04
 4.00000e-04
 4.00000e-04
 4.00000e-04
 4.00000e-04
 4.00000e-04
 4.00000e-04
 4.00000e-04
 4.00000e-04
 4.00000e-04
 4.00000e-04
 4.00000e-04
 4.00000e-04
 4.00000e-04
 4.00000e-04
 4.00000e-04
 4.00000e-04
 4.00000e-04
 4.00000e-04
 4.00000e-04
 4.00000e-04
 4.00000e-04
 4.00000e-04
 4.00000e-04
 4.00000e-04
 4.00000e-04
 4.00000e-04
 4.00000e-04
 4.00000e-04
 4.00000e-04
 4.00000e-04
 4.00000e-04
 4.00000e-04
 4.00000e-04
 4.00000e-04
 4.00000e-04
 4.00000e-04
 4.00000e-04
 4.00000e-04
 4.00000e-04
 4.00000e-04
 4.00000e-04
 4.00000e-04
 4.00000e-04
 4.00000e-04
 4.00000e-04
 4.00000e-04
 4.00000e-04
 4.00000e-04
 4.00000e-04
 4.00000e-04
 4.00000e-04
 4.00000e-04
 2.00000e-04
 2.00000e-04
 4.00000e-04
 4.00000e-04
 4.00000e-04
 4.00000e-04
 4.00000e-04
 4.00000e-04
 4.00000e-04
 4.00000e-04
 4.00000e-04
 4.00000e-04
 4.00000e-04
 4.00000e-04
 4.00000e-04
 4.00000e-04
 4.00000e-04
 4.00000e-04
 4.00000e-04
 4.00000e-04
 4.00000e-04
 4.00000e-04
 4.00000e-04
 4.00000e-04
 4.00000e-04
 4.00000e-04
 4.00000e-04
 4.00000e-04
 4.00000e-04
 4.00000e-04
 4.00000e-04
 4.00000e-04
 4.00000e-04
 4.00000e-04
 4.00000e-04
 4.00000e-04
 4.00000e-04
 4.00000e-04
 4.00000e-04
 4.00000e-04
 4.00000e-04
 4.00000e-04
 4.00000e-04
 4.00000e-04
 4.00000e-04
 4.00000e-04
 4.00000e-04
 4.00000e-04
 4.00000e-04
 4.00000e-04
 4.00000e-04
 4.00000e-04
 4.00000e-04
 4.00000e-04
 4.00000e-04
 4.00000e-04
 4.00000e-04
 4.00000e-04
 4.00000e-04
 4.00000e-04
 4.00000e-04
 2.00000e-04
 2.00000e-04
 4.00000e-04
 4.00000e-04
 4.00000e-04
 4.00000e-04
 4.00000e-04
 4.00000e-04
 4.00000e-04
 4.00000e-04
 4.00000e-04
 4.00000e-04
 4.00000e-04
 4.00000e-04
 4.00000e-04
 4.00000e-04
 4.00000e-04
 4.00000e-04
 4.00000e-04
 4.00000e-04
 4.00000e-04
 4.00000e-04
 4.00000e-04
 4.00000e-04
 4.00000e-04
 4.00000e-04
 4.00000e-04
 4.00000e-04
 4.00000e-04
 4.00000e-04
 4.00000e-04
 4.00000e-04
 4.00000e-04
 4.00000e-04
 4.00000e-04
 4.00000e-04
 4.00000e-04
 4.00000e-04
 4.00000e-04
 4.00000e-04
 4.00000e-04
 4.00000e-04
 4.00000e-04
 4.00000e-04
 4.00000e-04
 4.00000e-04
 4.00000e-04
 4.00000e-04
 4.00000e-04
 4.00000e-04
 4.00000e-04
 4.00000e-04
 4.00000e-04
 4.00000e-04
 4.00000e-04
 4.00000e-04
 4.00000e-04
 4.00000e-04
 4.00000e-04
 4.00000e-04
 4.00000e-04
 2.00000e-04
 2.00000e-04
 4.00000e-04
 4.00000e-04
 4.00000e-04
 4.00000e-04
 4.00000e-04
 4.00000e-04
 4.00000e-04
 4.00000e-04
 4.00000e-04
 4.00000e-04
 4.00000e-04
 4.00000e-04
 4.00000e-04
 4.00000e-04
 4.00000e-04
 4.00000e-04
 4.00000e-04
 4.00000e-04
 4.00000e-04
 4.00000e-04
 4.00000e-04
 4.00000e-04
 4.00000e-04
 4.00000e-04
 4.00000e-04
 4.00000e-04
 4.00000e-04
 4.00000e-04
 4.00000e-04
 4.00000e-04
 4.00000e-04
 4.00000e-04
 4.00000e-04
 4.00000e-04
 4.00000e-04
 4.00000e-04
 4.00000e-04
 4.00000e-04
 4.00000e-04
 4.00000e-04
 4.00000e-04
 4.00000e-04
 4.00000e-04
 4.00000e-04
 4.00000e-04
 4.00000e-04
 4.00000e-04
 4.00000e-04
 4.00000e-04
 4.00000e-04
 4.00000e-04
 4.00000e-04
 4.00000e-04
 4.00000e-04
 4.00000e-04
 4.00000e-04
 4.00000e-04
 4.00000e-04
 4.00000e-04
 2.00000e-04
 2.00000e-04
 4.00000e-04
 4.00000e-04
 4.00000e-04
 4.00000e-04
 4.00000e-04
 4.00000e-04
 4.00000e-04
 4.00000e-04
 4.00000e-04
 4.00000e-04
 4.00000e-04
 4.00000e-04
 4.00000e-04
 4.00000e-04
 4.00000e-04
 4.00000e-04
 4.00000e-04
 4.00000e-04
 4.00000e-04
 4.00000e-04
 4.00000e-04
 4.00000e-04
 4.00000e-04
 4.00000e-04
 4.00000e-04
 4.00000e-04
 4.00000e-04
 4.00000e-04
 4.00000e-04
 4.00000e-04
 4.00000e-04
 4.00000e-04
 4.00000e-04
 4.00000e-04
 4.00000e-04
 4.00000e-04
 4.00000e-04
 4.00000e-04
 4.00000e-04
 4.00000e-04
 4.00000e-04
 4.00000e-04
 4.00000e-04
 4.00000e-04
 4.00000e-04
 4.00000e-04
 4.00000e-04
 4.00000e-04
 4.00000e-04
 4.00000e-04
 4.00000e-04
 4.00000e-04
 4.00000e-04
 4.00000e-04
 4.00000e-04
 4.00000e-04
 4.00000e-04
 4.00000e-04
 4.00000e-04
 2.00000e-04
 2.00000e-04
 4.00000e-04
 4.00000e-04
 4.00000e-04
 4.00000e-04
 4.00000e-04
 4.00000e-04
 4.00000e-04
 4.00000e-04
 4.00000e-04
 4.00000e-04
 4.00000e-04
 4.00000e-04
 4.00000e-04
 4.00000e-04
 4.00000e-04
 4.00000e-04
 4.00000e-04
 4.00000e-04
 4.00000e-04
 4.00000e-04
 4.00000e-04
 4.00000e-04
 4.00000e-04
 4.00000e-04
 4.00000e-04
 4.00000e-04
 4.00000e-04
 4.00000e-04
 4.00000e-04
 4.00000e-04
 4.00000e-04
 4.00000e-04
 4.00000e-04
 4.00000e-04
 4.00000e-04
 4.00000e-04
 4.00000e-04
 4.00000e-04
 4.00000e-04
 4.00000e-04
 4.00000e-04
 4.00000e-04
 4.00000e-04
 4.00000e-04
 4.00000e-04
 4.00000e-04
 4.00000e-04
 4.00000e-04
 4.00000e-04
 4.00000e-04
 4.00000e-04
 4.00000e-04
 4.00000e-04
 4.00000e-04
 4.00000e-04
 4.00000e-04
 4.00000e-04
 4.00000e-04
 4.00000e-04
 2.00000e-04
 2.00000e-04
 4.00000e-04
 4.00000e-04
 4.00000e-04
 4.00000e-04
 4.00000e-04
 4.00000e-04
 4.00000e-04
 4.00000e-04
 4.00000e-04
 4.00000e-04
 4.00000e-04
 4.00000e-04
 4.00000e-04
 4.00000e-04
 4.00000e-04
 4.00000e-04
 4.00000e-04
 4.00000e-04
 4.00000e-04
 4.00000e-04
 4.00000e-04
 4.00000e-04
 4.00000e-04
 4.00000e-04
 4.00000e-04
 4.00000e-04
 4.00000e-04
 4.00000e-04
 4.00000e-04
 4.00000e-04
 4.00000e-04
 4.00000e-04
 4.00000e-04
 4.00000e-04
 4.00000e-04
 4.00000e-04
 4.00000e-04
 4.00000e-04
 4.00000e-04
 4.00000e-04
 4.00000e-04
 4.00000e-04
 4.00000e-04
 4.00000e-04
 4.00000e-04
 4.00000e-04
 4.00000e-04
 4.00000e-04
 4.00000e-04
 4.00000e-04
 4.00000e-04
 4.00000e-04
 4.00000e-04
 4.00000e-04
 4.00000e-04
 4.00000e-04
 4.00000e-04
 4.00000e-04
 4.00000e-04
 2.00000e-04
 2.00000e-04
 4.00000e-04
 4.00000e-04
 4.00000e-04
 4.00000e-04
 4.00000e-04
 4.00000e-04
 4.00000e-04
 4.00000e-04
 4.00000e-04
 4.00000e-04
 4.00000e-04
 4.00000e-04
 4.00000e-04
 4.00000e-04
 4.00000e-04
 4.00000e-04
 4.00000e-04
 4.00000e-04
 4.00000e-04
 4.00000e-04
 4.00000e-04
 4.00000e-04
 4.00000e-04
 4.00000e-04
 4.00000e-04
 4.00000e-04
 4.00000e-04
 4.00000e-04
 4.00000e-04
 4.00000e-04
 4.00000e-04
 4.00000e-04
 4.00000e-04
 4.00000e-04
 4.00000e-04
 4.00000e-04
 4.00000e-04
 4.00000e-04
 4.00000e-04
 4.00000e-04
 4.00000e-04
 4.00000e-04
 4.00000e-04
 4.00000e-04
 4.00000e-04
 4.00000e-04
 4.00000e-04
 4.00000e-04
 4.00000e-04
 4.00000e-04
 4.00000e-04
 4.00000e-04
 4.00000e-04
 4.00000e-04
 4.00000e-04
 4.00000e-04
 4.00000e-04
 4.00000e-04
 4.00000e-04
 2.00000e-04
 2.00000e-04
 4.00000e-04
 4.00000e-04
 4.00000e-04
 4.00000e-04
 4.00000e-04
 4.00000e-04
 4.00000e-04
 4.00000e-04
 4.00000e-04
 4.00000e-04
 4.00000e-04
 4.00000e-04
 4.00000e-04
 4.00000e-04
 4.00000e-04
 4.00000e-04
 4.00000e-04
 4.00000e-04
 4.00000e-04
 4.00000e-04
 4.00000e-04
 4.00000e-04
 4.00000e-04
 4.00000e-04
 4.00000e-04
 4.00000e-04
 4.00000e-04
 4.00000e-04
 4.00000e-04
 4.00000e-04
 4.00000e-04
 4.00000e-04
 4.00000e-04
 4.00000e-04
 4.00000e-04
 4.00000e-04
 4.00000e-04
 4.00000e-04
 4.00000e-04
 4.00000e-04
 4.00000e-04
 4.00000e-04
 4.00000e-04
 4.00000e-04
 4.00000e-04
 4.00000e-04
 4.00000e-04
 4.00000e-04
 4.00000e-04
 4.00000e-04
 4.00000e-04
 4.00000e-04
 4.00000e-04
 4.00000e-04
 4.00000e-04
 4.00000e-04
 4.00000e-04
 4.00000e-04
 4.00000e-04
 2.00000e-04
 2.00000e-04
 4.00000e-04
 4.00000e-04
 4.00000e-04
 4.00000e-04
 4.00000e-04
 4.00000e-04
 4.00000e-04
 4.00000e-04
 4.00000e-04
 4.00000e-04
 4.00000e-04
 4.00000e-04
 4.00000e-04
 4.00000e-04
 4.00000e-04
 4.00000e-04
 4.00000e-04
 4.00000e-04
 4.00000e-04
 4.00000e-04
 4.00000e-04
 4.00000e-04
 4.00000e-04
 4.00000e-04
 4.00000e-04
 4.00000e-04
 4.00000e-04
 4.00000e-04
 4.00000e-04
 4.00000e-04
 4.00000e-04
 4.00000e-04
 4.00000e-04
 4.00000e-04
 4.00000e-04
 4.00000e-04
 4.00000e-04
 4.00000e-04
 4.00000e-04
 4.00000e-04
 4.00000e-04
 4.00000e-04
 4.00000e-04
 4.00000e-04
 4.00000e-04
 4.00000e-04
 4.00000e-04
 4.00000e-04
 4.00000e-04
 4.00000e-04
 4.00000e-04
 4.00000e-04
 4.00000e-04
 4.00000e-04
 4.00000e-04
 4.00000e-04
 4.00000e-04
 4.00000e-04
 4.00000e-04
 2.00000e-04
 2.00000e-04
 4.00000e-04
 4.00000e-04
 4.00000e-04
 4.00000e-04
 4.00000e-04
 4.00000e-04
 4.00000e-04
 4.00000e-04
 4.00000e-04
 4.00000e-04
 4.00000e-04
 4.00000e-04
 4.00000e-04
 4.00000e-04
 4.00000e-04
 4.00000e-04
 4.00000e-04
 4.00000e-04
 4.00000e-04
 4.00000e-04
 4.00000e-04
 4.00000e-04
 4.00000e-04
 4.00000e-04
 4.00000e-04
 4.00000e-04
 4.00000e-04
 4.00000e-04
 4.00000e-04
 4.00000e-04
 4.00000e-04
 4.00000e-04
 4.00000e-04
 4.00000e-04
 4.00000e-04
 4.00000e-04
 4.00000e-04
 4.00000e-04
 4.00000e-04
 4.00000e-04
 4.00000e-04
 4.00000e-04
 4.00000e-04
 4.00000e-04
 4.00000e-04
 4.00000e-04
 4.00000e-04
 4.00000e-04
 4.00000e-04
 4.00000e-04
 4.00000e-04
 4.00000e-04
 4.00000e-04
 4.00000e-04
 4.00000e-04
 4.00000e-04
 4.00000e-04
 4.00000e-04
 4.00000e-04
 2.00000e-04
 2.00000e-04
 4.00000e-04
 4.00000e-04
 4.00000e-04
 4.00000e-04
 4.00000e-04
 4.00000e-04
 4.00000e-04
 4.00000e-04
 4.00000e-04
 4.00000e-04
 4.00000e-04
 4.00000e-04
 4.00000e-04
 4.00000e-04
 4.00000e-04
 4.00000e-04
 4.00000e-04
 4.00000e-04
 4.00000e-04
 4.00000e-04
 4.00000e-04
 4.00000e-04
 4.00000e-04
 4.00000e-04
 4.00000e-04
 4.00000e-04
 4.00000e-04
 4.00000e-04
 4.00000e-04
 4.00000e-04
 4.00000e-04
 4.00000e-04
 4.00000e-04
 4.00000e-04
 4.00000e-04
 4.00000e-04
 4.00000e-04
 4.00000e-04
 4.00000e-04
 4.00000e-04
 4.00000e-04
 4.00000e-04
 4.00000e-04
 4.00000e-04
 4.00000e-04
 4.00000e-04
 4.00000e-04
 4.00000e-04
 4.00000e-04
 4.00000e-04
 4.00000e-04
 4.00000e-04
 4.00000e-04
 4.00000e-04
 4.00000e-04
 4.00000e-04
 4.00000e-04
 4.00000e-04
 4.00000e-04
 2.00000e-04
 2.00000e-04
 4.00000e-04
 4.00000e-04
 4.00000e-04
 4.00000e-04
 4.00000e-04
 4.00000e-04
 4.00000e-04
 4.00000e-04
 4.00000e-04
 4.00000e-04
 4.00000e-04
 4.00000e-04
 4.00000e-04
 4.00000e-04
 4.00000e-04
 4.00000e-04
 4.00000e-04
 4.00000e-04
 4.00000e-04
 4.00000e-04
 4.00000e-04
 4.00000e-04
 4.00000e-04
 4.00000e-04
 4.00000e-04
 4.00000e-04
 4.00000e-04
 4.00000e-04
 4.00000e-04
 4.00000e-04
 4.00000e-04
 4.00000e-04
 4.00000e-04
 4.00000e-04
 4.00000e-04
 4.00000e-04
 4.00000e-04
 4.00000e-04
 4.00000e-04
 4.00000e-04
 4.00000e-04
 4.00000e-04
 4.00000e-04
 4.00000e-04
 4.00000e-04
 4.00000e-04
 4.00000e-04
 4.00000e-04
 4.00000e-04
 4.00000e-04
 4.00000e-04
 4.00000e-04
 4.00000e-04
 4.00000e-04
 4.00000e-04
 4.00000e-04
 4.00000e-04
 4.00000e-04
 4.00000e-04
 2.00000e-04
 2.00000e-04
 4.00000e-04
 4.00000e-04
 4.00000e-04
 4.00000e-04
 4.00000e-04
 4.00000e-04
 4.00000e-04
 4.00000e-04
 4.00000e-04
 4.00000e-04
 4.00000e-04
 4.00000e-04
 4.00000e-04
 4.00000e-04
 4.00000e-04
 4.00000e-04
 4.00000e-04
 4.00000e-04
 4.00000e-04
 4.00000e-04
 4.00000e-04
 4.00000e-04
 4.00000e-04
 4.00000e-04
 4.00000e-04
 4.00000e-04
 4.00000e-04
 4.00000e-04
 4.00000e-04
 4.00000e-04
 4.00000e-04
 4.00000e-04
 4.00000e-04
 4.00000e-04
 4.00000e-04
 4.00000e-04
 4.00000e-04
 4.00000e-04
 4.00000e-04
 4.00000e-04
 4.00000e-04
 4.00000e-04
 4.00000e-04
 4.00000e-04
 4.00000e-04
 4.00000e-04
 4.00000e-04
 4.00000e-04
 4.00000e-04
 4.00000e-04
 4.00000e-04
 4.00000e-04
 4.00000e-04
 4.00000e-04
 4.00000e-04
 4.00000e-04
 4.00000e-04
 4.00000e-04
 4.00000e-04
 2.00000e-04
 2.00000e-04
 4.00000e-04
 4.00000e-04
 4.00000e-04
 4.00000e-04
 4.00000e-04
 4.00000e-04
 4.00000e-04
 4.00000e-04
 4.00000e-04
 4.00000e-04
 4.00000e-04
 4.00000e-04
 4.00000e-04
 4.00000e-04
 4.00000e-04
 4.00000e-04
 4.00000e-04
 4.00000e-04
 4.00000e-04
 4.00000e-04
 4.00000e-04
 4.00000e-04
 4.00000e-04
 4.00000e-04
 4.00000e-04
 4.00000e-04
 4.00000e-04
 4.00000e-04
 4.00000e-04
 4.00000e-04
 4.00000e-04
 4.00000e-04
 4.00000e-04
 4.00000e-04
 4.00000e-04
 4.00000e-04
 4.00000e-04
 4.00000e-04
 4.00000e-04
 4.00000e-04
 4.00000e-04
 4.00000e-04
 4.00000e-04
 4.00000e-04
 4.00000e-04
 4.00000e-04
 4.00000e-04
 4.00000e-04
 4.00000e-04
 4.00000e-04
 4.00000e-04
 4.00000e-04
 4.00000e-04
 4.00000e-04
 4.00000e-04
 4.00000e-04
 4.00000e-04
 4.00000e-04
 4.00000e-04
 2.00000e-04
 2.00000e-04
 4.00000e-04
 4.00000e-04
 4.00000e-04
 4.00000e-04
 4.00000e-04
 4.00000e-04
 4.00000e-04
 4.00000e-04
 4.00000e-04
 4.00000e-04
 4.00000e-04
 4.00000e-04
 4.00000e-04
 4.00000e-04
 4.00000e-04
 4.00000e-04
 4.00000e-04
 4.00000e-04
 4.00000e-04
 4.00000e-04
 4.00000e-04
 4.00000e-04
 4.00000e-04
 4.00000e-04
 4.00000e-04
 4.00000e-04
 4.00000e-04
 4.00000e-04
 4.00000e-04
 4.00000e-04
 4.00000e-04
 4.00000e-04
 4.00000e-04
 4.00000e-04
 4.00000e-04
 4.00000e-04
 4.00000e-04
 4.00000e-04
 4.00000e-04
 4.00000e-04
 4.00000e-04
 4.00000e-04
 4.00000e-04
 4.00000e-04
 4.00000e-04
 4.00000e-04
 4.00000e-04
 4.00000e-04
 4.00000e-04
 4.00000e-04
 4.00000e-04
 4.00000e-04
 4.00000e-04
 4.00000e-04
 4.00000e-04
 4.00000e-04
 4.00000e-04
 4.00000e-04
 4.00000e-04
 2.00000e-04
 2.00000e-04
 4.00000e-04
 4.00000e-04
 4.00000e-04
 4.00000e-04
 4.00000e-04
 4.00000e-04
 4.00000e-04
 4.00000e-04
 4.00000e-04
 4.00000e-04
 4.00000e-04
 4.00000e-04
 4.00000e-04
 4.00000e-04
 4.00000e-04
 4.00000e-04
 4.00000e-04
 4.00000e-04
 4.00000e-04
 4.00000e-04
 4.00000e-04
 4.00000e-04
 4.00000e-04
 4.00000e-04
 4.00000e-04
 4.00000e-04
 4.00000e-04
 4.00000e-04
 4.00000e-04
 4.00000e-04
 4.00000e-04
 4.00000e-04
 4.00000e-04
 4.00000e-04
 4.00000e-04
 4.00000e-04
 4.00000e-04
 4.00000e-04
 4.00000e-04
 4.00000e-04
 4.00000e-04
 4.00000e-04
 4.00000e-04
 4.00000e-04
 4.00000e-04
 4.00000e-04
 4.00000e-04
 4.00000e-04
 4.00000e-04
 4.00000e-04
 4.00000e-04
 4.00000e-04
 4.00000e-04
 4.00000e-04
 4.00000e-04
 4.00000e-04
 4.00000e-04
 4.00000e-04
 4.00000e-04
 2.00000e-04
 2.00000e-04
 4.00000e-04
 4.00000e-04
 4.00000e-04
 4.00000e-04
 4.00000e-04
 4.00000e-04
 4.00000e-04
 4.00000e-04
 4.00000e-04
 4.00000e-04
 4.00000e-04
 4.00000e-04
 4.00000e-04
 4.00000e-04
 4.00000e-04
 4.00000e-04
 4.00000e-04
 4.00000e-04
 4.00000e-04
 4.00000e-04
 4.00000e-04
 4.00000e-04
 4.00000e-04
 4.00000e-04
 4.00000e-04
 4.00000e-04
 4.00000e-04
 4.00000e-04
 4.00000e-04
 4.00000e-04
 4.00000e-04
 4.00000e-04
 4.00000e-04
 4.00000e-04
 4.00000e-04
 4.00000e-04
 4.00000e-04
 4.00000e-04
 4.00000e-04
 4.00000e-04
 4.00000e-04
 4.00000e-04
 4.00000e-04
 4.00000e-04
 4.00000e-04
 4.00000e-04
 4.00000e-04
 4.00000e-04
 4.00000e-04
 4.00000e-04
 4.00000e-04
 4.00000e-04
 4.00000e-04
 4.00000e-04
 4.00000e-04
 4.00000e-04
 4.00000e-04
 4.00000e-04
 4.00000e-04
 2.00000e-04
 2.00000e-04
 4.00000e-04
 4.00000e-04
 4.00000e-04
 4.00000e-04
 4.00000e-04
 4.00000e-04
 4.00000e-04
 4.00000e-04
 4.00000e-04
 4.00000e-04
 4.00000e-04
 4.00000e-04
 4.00000e-04
 4.00000e-04
 4.00000e-04
 4.00000e-04
 4.00000e-04
 4.00000e-04
 4.00000e-04
 4.00000e-04
 4.00000e-04
 4.00000e-04
 4.00000e-04
 4.00000e-04
 4.00000e-04
 4.00000e-04
 4.00000e-04
 4.00000e-04
 4.00000e-04
 4.00000e-04
 4.00000e-04
 4.00000e-04
 4.00000e-04
 4.00000e-04
 4.00000e-04
 4.00000e-04
 4.00000e-04
 4.00000e-04
 4.00000e-04
 4.00000e-04
 4.00000e-04
 4.00000e-04
 4.00000e-04
 4.00000e-04
 4.00000e-04
 4.00000e-04
 4.00000e-04
 4.00000e-04
 4.00000e-04
 4.00000e-04
 4.00000e-04
 4.00000e-04
 4.00000e-04
 4.00000e-04
 4.00000e-04
 4.00000e-04
 4.00000e-04
 4.00000e-04
 4.00000e-04
 2.00000e-04
 2.00000e-04
 4.00000e-04
 4.00000e-04
 4.00000e-04
 4.00000e-04
 4.00000e-04
 4.00000e-04
 4.00000e-04
 4.00000e-04
 4.00000e-04
 4.00000e-04
 4.00000e-04
 4.00000e-04
 4.00000e-04
 4.00000e-04
 4.00000e-04
 4.00000e-04
 4.00000e-04
 4.00000e-04
 4.00000e-04
 4.00000e-04
 4.00000e-04
 4.00000e-04
 4.00000e-04
 4.00000e-04
 4.00000e-04
 4.00000e-04
 4.00000e-04
 4.00000e-04
 4.00000e-04
 4.00000e-04
 4.00000e-04
 4.00000e-04
 4.00000e-04
 4.00000e-04
 4.00000e-04
 4.00000e-04
 4.00000e-04
 4.00000e-04
 4.00000e-04
 4.00000e-04
 4.00000e-04
 4.00000e-04
 4.00000e-04
 4.00000e-04
 4.00000e-04
 4.00000e-04
 4.00000e-04
 4.00000e-04
 4.00000e-04
 4.00000e-04
 4.00000e-04
 4.00000e-04
 4.00000e-04
 4.00000e-04
 4.00000e-04
 4.00000e-04
 4.00000e-04
 4.00000e-04
 4.00000e-04
 2.00000e-04
 2.00000e-04
 4.00000e-04
 4.00000e-04
 4.00000e-04
 4.00000e-04
 4.00000e-04
 4.00000e-04
 4.00000e-04
 4.00000e-04
 4.00000e-04
 4.00000e-04
 4.00000e-04
 4.00000e-04
 4.00000e-04
 4.00000e-04
 4.00000e-04
 4.00000e-04
 4.00000e-04
 4.00000e-04
 4.00000e-04
 4.00000e-04
 4.00000e-04
 4.00000e-04
 4.00000e-04
 4.00000e-04
 4.00000e-04
 4.00000e-04
 4.00000e-04
 4.00000e-04
 4.00000e-04
 4.00000e-04
 4.00000e-04
 4.00000e-04
 4.00000e-04
 4.00000e-04
 4.00000e-04
 4.00000e-04
 4.00000e-04
 4.00000e-04
 4.00000e-04
 4.00000e-04
 4.00000e-04
 4.00000e-04
 4.00000e-04
 4.00000e-04
 4.00000e-04
 4.00000e-04
 4.00000e-04
 4.00000e-04
 4.00000e-04
 4.00000e-04
 4.00000e-04
 4.00000e-04
 4.00000e-04
 4.00000e-04
 4.00000e-04
 4.00000e-04
 4.00000e-04
 4.00000e-04
 4.00000e-04
 2.00000e-04
 2.00000e-04
 4.00000e-04
 4.00000e-04
 4.00000e-04
 4.00000e-04
 4.00000e-04
 4.00000e-04
 4.00000e-04
 4.00000e-04
 4.00000e-04
 4.00000e-04
 4.00000e-04
 4.00000e-04
 4.00000e-04
 4.00000e-04
 4.00000e-04
 4.00000e-04
 4.00000e-04
 4.00000e-04
 4.00000e-04
 4.00000e-04
 4.00000e-04
 4.00000e-04
 4.00000e-04
 4.00000e-04
 4.00000e-04
 4.00000e-04
 4.00000e-04
 4.00000e-04
 4.00000e-04
 4.00000e-04
 4.00000e-04
 4.00000e-04
 4.00000e-04
 4.00000e-04
 4.00000e-04
 4.00000e-04
 4.00000e-04
 4.00000e-04
 4.00000e-04
 4.00000e-04
 4.00000e-04
 4.00000e-04
 4.00000e-04
 4.00000e-04
 4.00000e-04
 4.00000e-04
 4.00000e-04
 4.00000e-04
 4.00000e-04
 4.00000e-04
 4.00000e-04
 4.00000e-04
 4.00000e-04
 4.00000e-04
 4.00000e-04
 4.00000e-04
 4.00000e-04
 4.00000e-04
 4.00000e-04
 2.00000e-04
 2.00000e-04
 4.00000e-04
 4.00000e-04
 4.00000e-04
 4.00000e-04
 4.00000e-04
 4.00000e-04
 4.00000e-04
 4.00000e-04
 4.00000e-04
 4.00000e-04
 4.00000e-04
 4.00000e-04
 4.00000e-04
 4.00000e-04
 4.00000e-04
 4.00000e-04
 4.00000e-04
 4.00000e-04
 4.00000e-04
 4.00000e-04
 4.00000e-04
 4.00000e-04
 4.00000e-04
 4.00000e-04
 4.00000e-04
 4.00000e-04
 4.00000e-04
 4.00000e-04
 4.00000e-04
 4.00000e-04
 4.00000e-04
 4.00000e-04
 4.00000e-04
 4.00000e-04
 4.00000e-04
 4.00000e-04
 4.00000e-04
 4.00000e-04
 4.00000e-04
 4.00000e-04
 4.00000e-04
 4.00000e-04
 4.00000e-04
 4.00000e-04
 4.00000e-04
 4.00000e-04
 4.00000e-04
 4.00000e-04
 4.00000e-04
 4.00000e-04
 4.00000e-04
 4.00000e-04
 4.00000e-04
 4.00000e-04
 4.00000e-04
 4.00000e-04
 4.00000e-04
 4.00000e-04
 4.00000e-04
 2.00000e-04
 1.00000e-04
 2.00000e-04
 2.00000e-04
 2.00000e-04
 2.00000e-04
 2.00000e-04
 2.00000e-04
 2.00000e-04
 2.00000e-04
 2.00000e-04
 2.00000e-04
 2.00000e-04
 2.00000e-04
 2.00000e-04
 2.00000e-04
 2.00000e-04
 2.00000e-04
 2.00000e-04
 2.00000e-04
 2.00000e-04
 2.00000e-04
 2.00000e-04
 2.00000e-04
 2.00000e-04
 2.00000e-04
 2.00000e-04
 2.00000e-04
 2.00000e-04
 2.00000e-04
 2.00000e-04
 2.00000e-04
 2.00000e-04
 2.00000e-04
 2.00000e-04
 2.00000e-04
 2.00000e-04
 2.00000e-04
 2.00000e-04
 2.00000e-04
 2.00000e-04
 2.00000e-04
 2.00000e-04
 2.00000e-04
 2.00000e-04
 2.00000e-04
 2.00000e-04
 2.00000e-04
 2.00000e-04
 2.00000e-04
 2.00000e-04
 2.00000e-04
 2.00000e-04
 2.00000e-04
 2.00000e-04
 2.00000e-04
 2.00000e-04
 2.00000e-04
 2.00000e-04
 2.00000e-04
 2.00000e-04
 1.00000e-04
