NodeMass
part
         1
coordinates
 3.45108e-07
 1.09705e-06
 1.52637e-06
 1.67971e-06
 2.01145e-06
 2.75684e-06
 3.43650e-06
 3.73564e-06
 4.43415e-06
 5.19374e-06
 5.92940e-06
 6.89328e-06
 7.97685e-06
 9.30354e-06
 1.08709e-05
 1.27824e-05
 1.51016e-05
 1.79490e-05
 2.14584e-05
 2.58152e-05
 3.12606e-05
 3.81192e-05
 4.68400e-05
 5.80420e-05
 7.26130e-05
 9.19706e-05
 1.18314e-04
 1.54601e-04
 2.04269e-04
 2.70504e-04
 3.52966e-04
 4.41554e-04
 5.14516e-04
 5.31318e-04
 4.61438e-04
 3.36753e-04
 2.40039e-04
 2.05751e-04
 2.00505e-04
 2.00032e-04
 2.00000e-04
 2.00000e-04
 2.00000e-04
 2.00000e-04
 2.00000e-04
 2.00000e-04
 2.00000e-04
 2.00000e-04
 2.00000e-04
 2.00000e-04
 2.00000e-04
 2.00000e-04
 2.00000e-04
 2.00000e-04
 2.00000e-04
 2.00000e-04
 2.00000e-04
 2.00000e-04
 2.00000e-04
 2.00000e-04
 1.00000e-04
 1.09705e-06
 2.61464e-06
 3.06259e-06
 3.26144e-06
 3.91457e-06
 4.97559e-06
 5.80614e-06
 6.54339e-06
 7.82569e-06
 9.20324e-06
 1.07098e-05
 1.25712e-05
 1.47360e-05
 1.73795e-05
 2.05520e-05
 2.44234e-05
 2.91374e-05
 3.49242e-05
 4.20551e-05
 5.08998e-05
 6.19430e-05
 7.58363e-05
 9.34813e-05
 1.16124e-04
 1.45543e-04
 1.84589e-04
 2.37685e-04
 3.10771e-04
 4.10731e-04
 5.43874e-04
 7.09327e-04
 8.86529e-04
 1.03174e-03
 1.06319e-03
 9.20911e-04
 6.70945e-04
 4.78686e-04
 4.11212e-04
 4.00983e-04
 4.00062e-04
 4.00000e-04
 4.00000e-04
 4.00000e-04
 4.00000e-04
 4.00000e-04
 4.00000e-04
 4.00000e-04
 4.00000e-04
 4.00000e-04
 4.00000e-04
 4.00000e-04
 4.00000e-04
 4.00000e-04
 4.00000e-04
 4.00000e-04
 4.00000e-04
 4.00000e-04
 4.00000e-04
 4.00000e-04
 4.00000e-04
 2.00000e-04
 1.52637e-06
 3.06259e-06
 3.07515e-06
 3.11518e-06
 3.61605e-06
 4.13334e-06
 4.41242e-06
 5.40935e-06
 6.59801e-06
 7.84435e-06
 9.44956e-06
 1.12689e-05
 1.35106e-05
 1.61967e-05
 1.94702e-05
 2.34359e-05
 2.82742e-05
 3.41985e-05
 4.14948e-05
 5.05331e-05
 6.18063e-05
 7.59730e-05
 9.39452e-05
 1.16981e-04
 1.46896e-04
 1.86605e-04
 2.40605e-04
 3.14887e-04
 4.16352e-04
 5.51135e-04
 7.17832e-04
 8.94873e-04
 1.03782e-03
 1.06294e-03
 9.13502e-04
 6.62447e-04
 4.74351e-04
 4.10342e-04
 4.00901e-04
 4.00055e-04
 4.00000e-04
 4.00000e-04
 4.00000e-04
 4.00000e-04
 4.00000e-04
 4.00000e-04
 4.00000e-04
 4.00000e-04
 4.00000e-04
 4.00000e-04
 4.00000e-04
 4.00000e-04
 4.00000e-04
 4.00000e-04
 4.00000e-04
 4.00000e-04
 4.00000e-04
 4.00000e-04
 4.00000e-04
 4.00000e-04
 2.00000e-04
 1.67971e-06
 3.26144e-06
 3.11518e-06
 3.16562e-06
 3.55942e-06
 3.97890e-06
 4.43208e-06
 5.47658e-06
 6.65143e-06
 7.99121e-06
 9.66716e-06
 1.15752e-05
 1.39193e-05
 1.66879e-05
 2.00482e-05
 2.41017e-05
 2.90446e-05
 3.50888e-05
 4.25327e-05
 5.17511e-05
 6.32505e-05
 7.77033e-05
 9.60430e-05
 1.19558e-04
 1.50127e-04
 1.90784e-04
 2.46147e-04
 3.22302e-04
 4.26193e-04
 5.63700e-04
 7.32521e-04
 9.09274e-04
 1.04806e-03
 1.06203e-03
 9.00102e-04
 6.47625e-04
 4.67210e-04
 4.08985e-04
 4.00777e-04
 4.00045e-04
 4.00000e-04
 4.00000e-04
 4.00000e-04
 4.00000e-04
 4.00000e-04
 4.00000e-04
 4.00000e-04
 4.00000e-04
 4.00000e-04
 4.00000e-04
 4.00000e-04
 4.00000e-04
 4.00000e-04
 4.00000e-04
 4.00000e-04
 4.00000e-04
 4.00000e-04
 4.00000e-04
 4.00000e-04
 4.00000e-04
 2.00000e-04
 2.01145e-06
 3.91457e-06
 3.61605e-06
 3.55942e-06
 3.88874e-06
 4.31791e-06
 4.97909e-06
 5.94510e-06
 7.10358e-06
 8.52590e-06
 1.02140e-05
 1.22115e-05
 1.46047e-05
 1.74554e-05
 2.09018e-05
 2.50748e-05
 3.01663e-05
 3.63999e-05
 4.40783e-05
 5.35905e-05
 6.54569e-05
 8.03750e-05
 9.93160e-05
 1.23615e-04
 1.55246e-04
 1.97404e-04
 2.54894e-04
 3.33959e-04
 4.41649e-04
 5.83455e-04
 7.55620e-04
 9.31891e-04
 1.06381e-03
 1.06065e-03
 8.80381e-04
 6.26673e-04
 4.57807e-04
 4.07323e-04
 4.00629e-04
 4.00033e-04
 4.00000e-04
 4.00000e-04
 4.00000e-04
 4.00000e-04
 4.00000e-04
 4.00000e-04
 4.00000e-04
 4.00000e-04
 4.00000e-04
 4.00000e-04
 4.00000e-04
 4.00000e-04
 4.00000e-04
 4.00000e-04
 4.00000e-04
 4.00000e-04
 4.00000e-04
 4.00000e-04
 4.00000e-04
 4.00000e-04
 2.00000e-04
 2.75684e-06
 4.97559e-06
 4.13334e-06
 3.97890e-06
 4.31791e-06
 4.79536e-06
 5.51982e-06
 6.50660e-06
 7.70999e-06
 9.15995e-06
 1.08885e-05
 1.29492e-05
 1.54163e-05
 1.83784e-05
 2.19586e-05
 2.62991e-05
 3.15937e-05
 3.80788e-05
 4.60689e-05
 5.59707e-05
 6.83276e-05
 8.38723e-05
 1.03623e-04
 1.28984e-04
 1.62068e-04
 2.06294e-04
 2.66724e-04
 3.49822e-04
 4.62769e-04
 6.10419e-04
 7.86769e-04
 9.61551e-04
 1.08245e-03
 1.05553e-03
 8.52477e-04
 5.99793e-04
 4.46900e-04
 4.05569e-04
 4.00476e-04
 4.00021e-04
 4.00000e-04
 4.00000e-04
 4.00000e-04
 4.00000e-04
 4.00000e-04
 4.00000e-04
 4.00000e-04
 4.00000e-04
 4.00000e-04
 4.00000e-04
 4.00000e-04
 4.00000e-04
 4.00000e-04
 4.00000e-04
 4.00000e-04
 4.00000e-04
 4.00000e-04
 4.00000e-04
 4.00000e-04
 4.00000e-04
 2.00000e-04
 3.43650e-06
 5.80614e-06
 4.41242e-06
 4.43208e-06
 4.97909e-06
 5.51982e-06
 6.32085e-06
 7.34465e-06
 8.58903e-06
 1.00908e-05
 1.18862e-05
 1.40322e-05
 1.66071e-05
 1.97052e-05
 2.34510e-05
 2.79994e-05
 3.35470e-05
 4.03478e-05
 4.87282e-05
 5.91208e-05
 7.20976e-05
 8.84381e-05
 1.09226e-04
 1.35956e-04
 1.70931e-04
 2.17873e-04
 2.82164e-04
 3.70542e-04
 4.90292e-04
 6.45230e-04
 8.26059e-04
 9.97317e-04
 1.10115e-03
 1.04337e-03
 8.15465e-04
 5.68190e-04
 4.35603e-04
 4.03952e-04
 4.00335e-04
 4.00012e-04
 4.00000e-04
 4.00000e-04
 4.00000e-04
 4.00000e-04
 4.00000e-04
 4.00000e-04
 4.00000e-04
 4.00000e-04
 4.00000e-04
 4.00000e-04
 4.00000e-04
 4.00000e-04
 4.00000e-04
 4.00000e-04
 4.00000e-04
 4.00000e-04
 4.00000e-04
 4.00000e-04
 4.00000e-04
 4.00000e-04
 2.00000e-04
 3.73564e-06
 6.54339e-06
 5.40935e-06
 5.47658e-06
 5.94510e-06
 6.50660e-06
 7.34465e-06
 8.40285e-06
 9.69585e-06
 1.12583e-05
 1.31343e-05
 1.53853e-05
 1.80945e-05
 2.13602e-05
 2.53149e-05
 3.01201e-05
 3.59859e-05
 4.31796e-05
 5.20500e-05
 6.30578e-05
 7.68126e-05
 9.41582e-05
 1.16251e-04
 1.44714e-04
 1.82112e-04
 2.32539e-04
 3.01770e-04
 3.96851e-04
 5.25034e-04
 6.88500e-04
 8.73320e-04
 1.03856e-03
 1.11577e-03
 1.01936e-03
 7.69348e-04
 5.33826e-04
 4.25078e-04
 4.02622e-04
 4.00218e-04
 4.00005e-04
 4.00000e-04
 4.00000e-04
 4.00000e-04
 4.00000e-04
 4.00000e-04
 4.00000e-04
 4.00000e-04
 4.00000e-04
 4.00000e-04
 4.00000e-04
 4.00000e-04
 4.00000e-04
 4.00000e-04
 4.00000e-04
 4.00000e-04
 4.00000e-04
 4.00000e-04
 4.00000e-04
 4.00000e-04
 4.00000e-04
 2.00000e-04
 4.43415e-06
 7.82569e-06
 6.59801e-06
 6.65143e-06
 7.10358e-06
 7.70999e-06
 8.58903e-06
 9.69585e-06
 1.10603e-05
 1.27073e-05
 1.46923e-05
 1.70789e-05
 1.99556e-05
 2.34300e-05
 2.76401e-05
 3.27605e-05
 3.90143e-05
 4.66893e-05
 5.61603e-05
 6.79225e-05
 8.26383e-05
 1.01225e-04
 1.24935e-04
 1.55567e-04
 1.96028e-04
 2.50876e-04
 3.26332e-04
 4.29764e-04
 5.68062e-04
 7.40887e-04
 9.28033e-04
 1.08320e-03
 1.12254e-03
 9.79483e-04
 7.14298e-04
 4.99409e-04
 4.16274e-04
 4.01628e-04
 4.00127e-04
 4.00002e-04
 4.00000e-04
 4.00000e-04
 4.00000e-04
 4.00000e-04
 4.00000e-04
 4.00000e-04
 4.00000e-04
 4.00000e-04
 4.00000e-04
 4.00000e-04
 4.00000e-04
 4.00000e-04
 4.00000e-04
 4.00000e-04
 4.00000e-04
 4.00000e-04
 4.00000e-04
 4.00000e-04
 4.00000e-04
 4.00000e-04
 2.00000e-04
 5.19374e-06
 9.20324e-06
 7.84435e-06
 7.99121e-06
 8.52590e-06
 9.15995e-06
 1.00908e-05
 1.12583e-05
 1.27073e-05
 1.44618e-05
 1.65832e-05
 1.91396e-05
 2.22259e-05
 2.59574e-05
 3.04830e-05
 3.59899e-05
 4.27198e-05
 5.09831e-05
 6.11890e-05
 7.38752e-05
 8.97690e-05
 1.09882e-04
 1.35584e-04
 1.68923e-04
 2.13254e-04
 2.73674e-04
 3.56902e-04
 4.70584e-04
 6.20644e-04
 8.02864e-04
 9.88910e-04
 1.12568e-03
 1.11711e-03
 9.22567e-04
 6.51679e-04
 4.68022e-04
 4.09691e-04
 4.00947e-04
 4.00064e-04
 4.00000e-04
 4.00000e-04
 4.00000e-04
 4.00000e-04
 4.00000e-04
 4.00000e-04
 4.00000e-04
 4.00000e-04
 4.00000e-04
 4.00000e-04
 4.00000e-04
 4.00000e-04
 4.00000e-04
 4.00000e-04
 4.00000e-04
 4.00000e-04
 4.00000e-04
 4.00000e-04
 4.00000e-04
 4.00000e-04
 4.00000e-04
 2.00000e-04
 5.92940e-06
 1.07098e-05
 9.44956e-06
 9.66716e-06
 1.02140e-05
 1.08885e-05
 1.18862e-05
 1.31343e-05
 1.46923e-05
 1.65832e-05
 1.88748e-05
 2.16412e-05
 2.49841e-05
 2.90299e-05
 3.39389e-05
 3.99167e-05
 4.72247e-05
 5.62050e-05
 6.73061e-05
 8.11175e-05
 9.84592e-05
 1.20442e-04
 1.48598e-04
 1.85334e-04
 2.34560e-04
 3.01992e-04
 3.94860e-04
 5.20915e-04
 6.84139e-04
 8.74423e-04
 1.05371e-03
 1.15833e-03
 1.09194e-03
 8.49630e-04
 5.86698e-04
 4.42339e-04
 4.05314e-04
 4.00513e-04
 4.00027e-04
 4.00000e-04
 4.00000e-04
 4.00000e-04
 4.00000e-04
 4.00000e-04
 4.00000e-04
 4.00000e-04
 4.00000e-04
 4.00000e-04
 4.00000e-04
 4.00000e-04
 4.00000e-04
 4.00000e-04
 4.00000e-04
 4.00000e-04
 4.00000e-04
 4.00000e-04
 4.00000e-04
 4.00000e-04
 4.00000e-04
 4.00000e-04
 2.00000e-04
 6.89328e-06
 1.25712e-05
 1.12689e-05
 1.15752e-05
 1.22115e-05
 1.29492e-05
 1.40322e-05
 1.53853e-05
 1.70789e-05
 1.91396e-05
 2.16412e-05
 2.46652e-05
 2.83226e-05
 3.27512e-05
 3.81278e-05
 4.46769e-05
 5.26884e-05
 6.25418e-05
 7.47291e-05
 8.99206e-05
 1.09034e-04
 1.33306e-04
 1.64513e-04
 2.05545e-04
 2.60993e-04
 3.37244e-04
 4.41995e-04
 5.82606e-04
 7.59662e-04
 9.54465e-04
 1.11970e-03
 1.17285e-03
 1.03820e-03
 7.63893e-04
 5.26253e-04
 4.23736e-04
 4.02717e-04
 4.00252e-04
 4.00009e-04
 4.00000e-04
 4.00000e-04
 4.00000e-04
 4.00000e-04
 4.00000e-04
 4.00000e-04
 4.00000e-04
 4.00000e-04
 4.00000e-04
 4.00000e-04
 4.00000e-04
 4.00000e-04
 4.00000e-04
 4.00000e-04
 4.00000e-04
 4.00000e-04
 4.00000e-04
 4.00000e-04
 4.00000e-04
 4.00000e-04
 4.00000e-04
 2.00000e-04
 7.97685e-06
 1.47360e-05
 1.35106e-05
 1.39193e-05
 1.46047e-05
 1.54163e-05
 1.66071e-05
 1.80945e-05
 1.99556e-05
 2.22259e-05
 2.49841e-05
 2.83226e-05
 3.23621e-05
 3.72567e-05
 4.32007e-05
 5.04443e-05
 5.93126e-05
 7.02254e-05
 8.37421e-05
 1.00626e-04
 1.21915e-04
 1.49007e-04
 1.84050e-04
 2.30584e-04
 2.93972e-04
 3.81294e-04
 5.00539e-04
 6.57621e-04
 8.47507e-04
 1.03989e-03
 1.17781e-03
 1.16190e-03
 9.54246e-04
 6.70335e-04
 4.76346e-04
 4.11947e-04
 4.01305e-04
 4.00107e-04
 4.00002e-04
 4.00000e-04
 4.00000e-04
 4.00000e-04
 4.00000e-04
 4.00000e-04
 4.00000e-04
 4.00000e-04
 4.00000e-04
 4.00000e-04
 4.00000e-04
 4.00000e-04
 4.00000e-04
 4.00000e-04
 4.00000e-04
 4.00000e-04
 4.00000e-04
 4.00000e-04
 4.00000e-04
 4.00000e-04
 4.00000e-04
 4.00000e-04
 2.00000e-04
 9.30354e-06
 1.73795e-05
 1.61967e-05
 1.66879e-05
 1.74554e-05
 1.83784e-05
 1.97052e-05
 2.13602e-05
 2.34300e-05
 2.59574e-05
 2.90299e-05
 3.27512e-05
 3.72567e-05
 4.27173e-05
 4.93515e-05
 5.74422e-05
 6.73526e-05
 7.95610e-05
 9.47103e-05
 1.13684e-04
 1.37646e-04
 1.68259e-04
 2.08221e-04
 2.61872e-04
 3.35415e-04
 4.36551e-04
 5.73069e-04
 7.47630e-04
 9.46335e-04
 1.12609e-03
 1.21176e-03
 1.11355e-03
 8.47361e-04
 5.79484e-04
 4.40666e-04
 4.05462e-04
 4.00584e-04
 4.00037e-04
 4.00000e-04
 4.00000e-04
 4.00000e-04
 4.00000e-04
 4.00000e-04
 4.00000e-04
 4.00000e-04
 4.00000e-04
 4.00000e-04
 4.00000e-04
 4.00000e-04
 4.00000e-04
 4.00000e-04
 4.00000e-04
 4.00000e-04
 4.00000e-04
 4.00000e-04
 4.00000e-04
 4.00000e-04
 4.00000e-04
 4.00000e-04
 4.00000e-04
 2.00000e-04
 1.08709e-05
 2.05520e-05
 1.94702e-05
 2.00482e-05
 2.09018e-05
 2.19586e-05
 2.34510e-05
 2.53149e-05
 2.76401e-05
 3.04830e-05
 3.39389e-05
 3.81278e-05
 4.32007e-05
 4.93515e-05
 5.68297e-05
 6.59540e-05
 7.71410e-05
 9.09426e-05
 1.08119e-04
 1.29670e-04
 1.56951e-04
 1.92061e-04
 2.38448e-04
 3.01376e-04
 3.87880e-04
 5.06021e-04
 6.62189e-04
 8.53051e-04
 1.05172e-03
 1.20280e-03
 1.20952e-03
 1.02000e-03
 7.26883e-04
 5.04320e-04
 4.18974e-04
 4.02324e-04
 4.00232e-04
 4.00009e-04
 4.00000e-04
 4.00000e-04
 4.00000e-04
 4.00000e-04
 4.00000e-04
 4.00000e-04
 4.00000e-04
 4.00000e-04
 4.00000e-04
 4.00000e-04
 4.00000e-04
 4.00000e-04
 4.00000e-04
 4.00000e-04
 4.00000e-04
 4.00000e-04
 4.00000e-04
 4.00000e-04
 4.00000e-04
 4.00000e-04
 4.00000e-04
 4.00000e-04
 2.00000e-04
 1.27824e-05
 2.44234e-05
 2.34359e-05
 2.41017e-05
 2.50748e-05
 2.62991e-05
 2.79994e-05
 3.01201e-05
 3.27605e-05
 3.59899e-05
 3.99167e-05
 4.46769e-05
 5.04443e-05
 5.74422e-05
 6.59540e-05
 7.63487e-05
 8.91099e-05
 1.04901e-04
 1.24594e-04
 1.49343e-04
 1.80843e-04
 2.21853e-04
 2.76760e-04
 3.51789e-04
 4.54665e-04
 5.93098e-04
 7.69817e-04
 9.71474e-04
 1.15579e-03
 1.24779e-03
 1.15647e-03
 8.90530e-04
 6.08806e-04
 4.52033e-04
 4.07848e-04
 4.00927e-04
 4.00075e-04
 4.00001e-04
 4.00000e-04
 4.00000e-04
 4.00000e-04
 4.00000e-04
 4.00000e-04
 4.00000e-04
 4.00000e-04
 4.00000e-04
 4.00000e-04
 4.00000e-04
 4.00000e-04
 4.00000e-04
 4.00000e-04
 4.00000e-04
 4.00000e-04
 4.00000e-04
 4.00000e-04
 4.00000e-04
 4.00000e-04
 4.00000e-04
 4.00000e-04
 4.00000e-04
 2.00000e-04
 1.51016e-05
 2.91374e-05
 2.82742e-05
 2.90446e-05
 3.01663e-05
 3.15937e-05
 3.35470e-05
 3.59859e-05
 3.90143e-05
 4.27198e-05
 4.72247e-05
 5.26884e-05
 5.93126e-05
 6.73526e-05
 7.71410e-05
 8.91099e-05
 1.03848e-04
 1.22126e-04
 1.44952e-04
 1.73757e-04
 2.10802e-04
 2.59745e-04
 3.26002e-04
 4.16692e-04
 5.39740e-04
 7.00887e-04
 8.95580e-04
 1.09530e-03
 1.24292e-03
 1.24156e-03
 1.04302e-03
 7.42870e-04
 5.13420e-04
 4.22160e-04
 4.02972e-04
 4.00332e-04
 4.00018e-04
 4.00000e-04
 4.00000e-04
 4.00000e-04
 4.00000e-04
 4.00000e-04
 4.00000e-04
 4.00000e-04
 4.00000e-04
 4.00000e-04
 4.00000e-04
 4.00000e-04
 4.00000e-04
 4.00000e-04
 4.00000e-04
 4.00000e-04
 4.00000e-04
 4.00000e-04
 4.00000e-04
 4.00000e-04
 4.00000e-04
 4.00000e-04
 4.00000e-04
 4.00000e-04
 2.00000e-04
 1.79490e-05
 3.49242e-05
 3.41985e-05
 3.50888e-05
 3.63999e-05
 3.80788e-05
 4.03478e-05
 4.31796e-05
 4.66893e-05
 5.09831e-05
 5.62050e-05
 6.25418e-05
 7.02254e-05
 7.95610e-05
 9.09426e-05
 1.04901e-04
 1.22126e-04
 1.43516e-04
 1.70324e-04
 2.04473e-04
 2.49059e-04
 3.08778e-04
 3.90053e-04
 5.00544e-04
 6.47200e-04
 8.30699e-04
 1.03403e-03
 1.21148e-03
 1.28262e-03
 1.16502e-03
 8.84485e-04
 6.03177e-04
 4.51347e-04
 4.08220e-04
 4.01053e-04
 4.00096e-04
 4.00002e-04
 4.00000e-04
 4.00000e-04
 4.00000e-04
 4.00000e-04
 4.00000e-04
 4.00000e-04
 4.00000e-04
 4.00000e-04
 4.00000e-04
 4.00000e-04
 4.00000e-04
 4.00000e-04
 4.00000e-04
 4.00000e-04
 4.00000e-04
 4.00000e-04
 4.00000e-04
 4.00000e-04
 4.00000e-04
 4.00000e-04
 4.00000e-04
 4.00000e-04
 4.00000e-04
 2.00000e-04
 2.14584e-05
 4.20551e-05
 4.14948e-05
 4.25327e-05
 4.40783e-05
 4.60689e-05
 4.87282e-05
 5.20500e-05
 5.61603e-05
 6.11890e-05
 6.73061e-05
 7.47291e-05
 8.37421e-05
 9.47103e-05
 1.08119e-04
 1.24594e-04
 1.44952e-04
 1.70324e-04
 2.02411e-04
 2.43906e-04
 2.98911e-04
 3.73174e-04
 4.73862e-04
 6.08215e-04
 7.79716e-04
 9.79071e-04
 1.17118e-03
 1.29201e-03
 1.24799e-03
 1.01481e-03
 7.11292e-04
 4.98912e-04
 4.19410e-04
 4.02775e-04
 4.00331e-04
 4.00019e-04
 4.00000e-04
 4.00000e-04
 4.00000e-04
 4.00000e-04
 4.00000e-04
 4.00000e-04
 4.00000e-04
 4.00000e-04
 4.00000e-04
 4.00000e-04
 4.00000e-04
 4.00000e-04
 4.00000e-04
 4.00000e-04
 4.00000e-04
 4.00000e-04
 4.00000e-04
 4.00000e-04
 4.00000e-04
 4.00000e-04
 4.00000e-04
 4.00000e-04
 4.00000e-04
 4.00000e-04
 2.00000e-04
 2.58152e-05
 5.08998e-05
 5.05331e-05
 5.17511e-05
 5.35905e-05
 5.59707e-05
 5.91208e-05
 6.30578e-05
 6.79225e-05
 7.38752e-05
 8.11175e-05
 8.99206e-05
 1.00626e-04
 1.13684e-04
 1.29670e-04
 1.49343e-04
 1.73757e-04
 2.04473e-04
 2.43906e-04
 2.95698e-04
 3.64998e-04
 4.58392e-04
 5.82963e-04
 7.43470e-04
 9.35399e-04
 1.13297e-03
 1.28329e-03
 1.29910e-03
 1.12245e-03
 8.21791e-04
 5.62662e-04
 4.38989e-04
 4.06357e-04
 4.00868e-04
 4.00080e-04
 4.00001e-04
 4.00000e-04
 4.00000e-04
 4.00000e-04
 4.00000e-04
 4.00000e-04
 4.00000e-04
 4.00000e-04
 4.00000e-04
 4.00000e-04
 4.00000e-04
 4.00000e-04
 4.00000e-04
 4.00000e-04
 4.00000e-04
 4.00000e-04
 4.00000e-04
 4.00000e-04
 4.00000e-04
 4.00000e-04
 4.00000e-04
 4.00000e-04
 4.00000e-04
 4.00000e-04
 4.00000e-04
 2.00000e-04
 3.12606e-05
 6.19430e-05
 6.18063e-05
 6.32505e-05
 6.54569e-05
 6.83276e-05
 7.20976e-05
 7.68126e-05
 8.26383e-05
 8.97690e-05
 9.84592e-05
 1.09034e-04
 1.21915e-04
 1.37646e-04
 1.56951e-04
 1.80843e-04
 2.10802e-04
 2.49059e-04
 2.98911e-04
 3.64998e-04
 4.53327e-04
 5.70574e-04
 7.21905e-04
 9.05496e-04
 1.10228e-03
 1.26808e-03
 1.32540e-03
 1.20112e-03
 9.22468e-04
 6.35027e-04
 4.67330e-04
 4.12716e-04
 4.01909e-04
 4.00231e-04
 4.00012e-04
 4.00000e-04
 4.00000e-04
 4.00000e-04
 4.00000e-04
 4.00000e-04
 4.00000e-04
 4.00000e-04
 4.00000e-04
 4.00000e-04
 4.00000e-04
 4.00000e-04
 4.00000e-04
 4.00000e-04
 4.00000e-04
 4.00000e-04
 4.00000e-04
 4.00000e-04
 4.00000e-04
 4.00000e-04
 4.00000e-04
 4.00000e-04
 4.00000e-04
 4.00000e-04
 4.00000e-04
 4.00000e-04
 2.00000e-04
 3.81192e-05
 7.58363e-05
 7.59730e-05
 7.77033e-05
 8.03750e-05
 8.38723e-05
 8.84381e-05
 9.41582e-05
 1.01225e-04
 1.09882e-04
 1.20442e-04
 1.33306e-04
 1.49007e-04
 1.68259e-04
 1.92061e-04
 2.21853e-04
 2.59745e-04
 3.08778e-04
 3.73174e-04
 4.58392e-04
 5.70574e-04
 7.14755e-04
 8.90370e-04
 1.08257e-03
 1.25396e-03
 1.33613e-03
 1.25331e-03
 1.00458e-03
 7.06118e-04
 5.01813e-04
 4.22180e-04
 4.03652e-04
 4.00514e-04
 4.00042e-04
 4.00000e-04
 4.00000e-04
 4.00000e-04
 4.00000e-04
 4.00000e-04
 4.00000e-04
 4.00000e-04
 4.00000e-04
 4.00000e-04
 4.00000e-04
 4.00000e-04
 4.00000e-04
 4.00000e-04
 4.00000e-04
 4.00000e-04
 4.00000e-04
 4.00000e-04
 4.00000e-04
 4.00000e-04
 4.00000e-04
 4.00000e-04
 4.00000e-04
 4.00000e-04
 4.00000e-04
 4.00000e-04
 4.00000e-04
 2.00000e-04
 4.68400e-05
 9.34813e-05
 9.39452e-05
 9.60430e-05
 9.93160e-05
 1.03623e-04
 1.09226e-04
 1.16251e-04
 1.24935e-04
 1.35584e-04
 1.48598e-04
 1.64513e-04
 1.84050e-04
 2.08221e-04
 2.38448e-04
 2.76760e-04
 3.26002e-04
 3.90053e-04
 4.73862e-04
 5.82963e-04
 7.21905e-04
 8.90370e-04
 1.07580e-03
 1.24569e-03
 1.33965e-03
 1.28487e-03
 1.06403e-03
 7.66834e-04
 5.37374e-04
 4.34025e-04
 4.06166e-04
 4.00959e-04
 4.00105e-04
 4.00003e-04
 4.00000e-04
 4.00000e-04
 4.00000e-04
 4.00000e-04
 4.00000e-04
 4.00000e-04
 4.00000e-04
 4.00000e-04
 4.00000e-04
 4.00000e-04
 4.00000e-04
 4.00000e-04
 4.00000e-04
 4.00000e-04
 4.00000e-04
 4.00000e-04
 4.00000e-04
 4.00000e-04
 4.00000e-04
 4.00000e-04
 4.00000e-04
 4.00000e-04
 4.00000e-04
 4.00000e-04
 4.00000e-04
 4.00000e-04
 2.00000e-04
 5.80420e-05
 1.16124e-04
 1.16981e-04
 1.19558e-04
 1.23615e-04
 1.28984e-04
 1.35956e-04
 1.44714e-04
 1.55567e-04
 1.68923e-04
 1.85334e-04
 2.05545e-04
 2.30584e-04
 2.61872e-04
 3.01376e-04
 3.51789e-04
 4.16692e-04
 5.00544e-04
 6.08215e-04
 7.43470e-04
 9.05496e-04
 1.08257e-03
 1.24569e-03
 1.34036e-03
 1.29971e-03
 1.09963e-03
 8.10481e-04
 5.68119e-04
 4.46335e-04
 4.09221e-04
 4.01551e-04
 4.00205e-04
 4.00012e-04
 4.00000e-04
 4.00000e-04
 4.00000e-04
 4.00000e-04
 4.00000e-04
 4.00000e-04
 4.00000e-04
 4.00000e-04
 4.00000e-04
 4.00000e-04
 4.00000e-04
 4.00000e-04
 4.00000e-04
 4.00000e-04
 4.00000e-04
 4.00000e-04
 4.00000e-04
 4.00000e-04
 4.00000e-04
 4.00000e-04
 4.00000e-04
 4.00000e-04
 4.00000e-04
 4.00000e-04
 4.00000e-04
 4.00000e-04
 4.00000e-04
 2.00000e-04
 7.26130e-05
 1.45543e-04
 1.46896e-04
 1.50127e-04
 1.55246e-04
 1.62068e-04
 1.70931e-04
 1.82112e-04
 1.96028e-04
 2.13254e-04
 2.34560e-04
 2.60993e-04
 2.93972e-04
 3.35415e-04
 3.87880e-04
 4.54665e-04
 5.39740e-04
 6.47200e-04
 7.79716e-04
 9.35399e-04
 1.10228e-03
 1.25396e-03
 1.33965e-03
 1.29971e-03
 1.11146e-03
 8.33141e-04
 5.88862e-04
 4.56571e-04
 4.12237e-04
 4.02213e-04
 4.00333e-04
 4.00026e-04
 4.00000e-04
 4.00000e-04
 4.00000e-04
 4.00000e-04
 4.00000e-04
 4.00000e-04
 4.00000e-04
 4.00000e-04
 4.00000e-04
 4.00000e-04
 4.00000e-04
 4.00000e-04
 4.00000e-04
 4.00000e-04
 4.00000e-04
 4.00000e-04
 4.00000e-04
 4.00000e-04
 4.00000e-04
 4.00000e-04
 4.00000e-04
 4.00000e-04
 4.00000e-04
 4.00000e-04
 4.00000e-04
 4.00000e-04
 4.00000e-04
 4.00000e-04
 2.00000e-04
 9.19706e-05
 1.84589e-04
 1.86605e-04
 1.90784e-04
 1.97404e-04
 2.06294e-04
 2.17873e-04
 2.32539e-04
 2.50876e-04
 2.73674e-04
 3.01992e-04
 3.37244e-04
 3.81294e-04
 4.36551e-04
 5.06021e-04
 5.93098e-04
 7.00887e-04
 8.30699e-04
 9.79071e-04
 1.13297e-03
 1.26808e-03
 1.33613e-03
 1.28487e-03
 1.09963e-03
 8.33141e-04
 5.96170e-04
 4.62378e-04
 4.14466e-04
 4.02795e-04
 4.00461e-04
 4.00044e-04
 4.00000e-04
 4.00000e-04
 4.00000e-04
 4.00000e-04
 4.00000e-04
 4.00000e-04
 4.00000e-04
 4.00000e-04
 4.00000e-04
 4.00000e-04
 4.00000e-04
 4.00000e-04
 4.00000e-04
 4.00000e-04
 4.00000e-04
 4.00000e-04
 4.00000e-04
 4.00000e-04
 4.00000e-04
 4.00000e-04
 4.00000e-04
 4.00000e-04
 4.00000e-04
 4.00000e-04
 4.00000e-04
 4.00000e-04
 4.00000e-04
 4.00000e-04
 4.00000e-04
 2.00000e-04
 1.18314e-04
 2.37685e-04
 2.40605e-04
 2.46147e-04
 2.54894e-04
 2.66724e-04
 2.82164e-04
 3.01770e-04
 3.26332e-04
 3.56902e-04
 3.94860e-04
 4.41995e-04
 5.00539e-04
 5.73069e-04
 6.62189e-04
 7.69817e-04
 8.95580e-04
 1.03403e-03
 1.17118e-03
 1.28329e-03
 1.32540e-03
 1.25331e-03
 1.06403e-03
 8.10481e-04
 5.88862e-04
 4.62378e-04
 4.15293e-04
 4.03139e-04
 4.00559e-04
 4.00062e-04
 4.00001e-04
 4.00000e-04
 4.00000e-04
 4.00000e-04
 4.00000e-04
 4.00000e-04
 4.00000e-04
 4.00000e-04
 4.00000e-04
 4.00000e-04
 4.00000e-04
 4.00000e-04
 4.00000e-04
 4.00000e-04
 4.00000e-04
 4.00000e-04
 4.00000e-04
 4.00000e-04
 4.00000e-04
 4.00000e-04
 4.00000e-04
 4.00000e-04
 4.00000e-04
 4.00000e-04
 4.00000e-04
 4.00000e-04
 4.00000e-04
 4.00000e-04
 4.00000e-04
 4.00000e-04
 2.00000e-04
 1.54601e-04
 3.10771e-04
 3.14887e-04
 3.22302e-04
 3.33959e-04
 3.49822e-04
 3.70542e-04
 3.96851e-04
 4.29764e-04
 4.70584e-04
 5.20915e-04
 5.82606e-04
 6.57621e-04
 7.47630e-04
 8.53051e-04
 9.71474e-04
 1.09530e-03
 1.21148e-03
 1.29201e-03
 1.29910e-03
 1.20112e-03
 1.00458e-03
 7.66834e-04
 5.68119e-04
 4.56571e-04
 4.14466e-04
 4.03139e-04
 4.00596e-04
 4.00074e-04
 4.00002e-04
 4.00000e-04
 4.00000e-04
 4.00000e-04
 4.00000e-04
 4.00000e-04
 4.00000e-04
 4.00000e-04
 4.00000e-04
 4.00000e-04
 4.00000e-04
 4.00000e-04
 4.00000e-04
 4.00000e-04
 4.00000e-04
 4.00000e-04
 4.00000e-04
 4.00000e-04
 4.00000e-04
 4.00000e-04
 4.00000e-04
 4.00000e-04
 4.00000e-04
 4.00000e-04
 4.00000e-04
 4.00000e-04
 4.00000e-04
 4.00000e-04
 4.00000e-04
 4.00000e-04
 4.00000e-04
 2.00000e-04
 2.04269e-04
 4.10731e-04
 4.16352e-04
 4.26193e-04
 4.41649e-04
 4.62769e-04
 4.90292e-04
 5.25034e-04
 5.68062e-04
 6.20644e-04
 6.84139e-04
 7.59662e-04
 8.47507e-04
 9.46335e-04
 1.05172e-03
 1.15579e-03
 1.24292e-03
 1.28262e-03
 1.24799e-03
 1.12245e-03
 9.22468e-04
 7.06118e-04
 5.37374e-04
 4.46335e-04
 4.12237e-04
 4.02795e-04
 4.00559e-04
 4.00074e-04
 4.00003e-04
 4.00000e-04
 4.00000e-04
 4.00000e-04
 4.00000e-04
 4.00000e-04
 4.00000e-04
 4.00000e-04
 4.00000e-04
 4.00000e-04
 4.00000e-04
 4.00000e-04
 4.00000e-04
 4.00000e-04
 4.00000e-04
 4.00000e-04
 4.00000e-04
 4.00000e-04
 4.00000e-04
 4.00000e-04
 4.00000e-04
 4.00000e-04
 4.00000e-04
 4.00000e-04
 4.00000e-04
 4.00000e-04
 4.00000e-04
 4.00000e-04
 4.00000e-04
 4.00000e-04
 4.00000e-04
 4.00000e-04
 2.00000e-04
 2.70504e-04
 5.43874e-04
 5.51135e-04
 5.63700e-04
 5.83455e-04
 6.10419e-04
 6.45230e-04
 6.88500e-04
 7.40887e-04
 8.02864e-04
 8.74423e-04
 9.54465e-04
 1.03989e-03
 1.12609e-03
 1.20280e-03
 1.24779e-03
 1.24156e-03
 1.16502e-03
 1.01481e-03
 8.21791e-04
 6.35027e-04
 5.01813e-04
 4.34025e-04
 4.09221e-04
 4.02213e-04
 4.00461e-04
 4.00062e-04
 4.00002e-04
 4.00000e-04
 4.00000e-04
 4.00000e-04
 4.00000e-04
 4.00000e-04
 4.00000e-04
 4.00000e-04
 4.00000e-04
 4.00000e-04
 4.00000e-04
 4.00000e-04
 4.00000e-04
 4.00000e-04
 4.00000e-04
 4.00000e-04
 4.00000e-04
 4.00000e-04
 4.00000e-04
 4.00000e-04
 4.00000e-04
 4.00000e-04
 4.00000e-04
 4.00000e-04
 4.00000e-04
 4.00000e-04
 4.00000e-04
 4.00000e-04
 4.00000e-04
 4.00000e-04
 4.00000e-04
 4.00000e-04
 4.00000e-04
 2.00000e-04
 3.52966e-04
 7.09327e-04
 7.17832e-04
 7.32521e-04
 7.55620e-04
 7.86769e-04
 8.26059e-04
 8.73320e-04
 9.28033e-04
 9.88910e-04
 1.05371e-03
 1.11970e-03
 1.17781e-03
 1.21176e-03
 1.20952e-03
 1.15647e-03
 1.04302e-03
 8.84485e-04
 7.11292e-04
 5.62662e-04
 4.67330e-04
 4.22180e-04
 4.06166e-04
 4.01551e-04
 4.00333e-04
 4.00044e-04
 4.00001e-04
 4.00000e-04
 4.00000e-04
 4.00000e-04
 4.00000e-04
 4.00000e-04
 4.00000e-04
 4.00000e-04
 4.00000e-04
 4.00000e-04
 4.00000e-04
 4.00000e-04
 4.00000e-04
 4.00000e-04
 4.00000e-04
 4.00000e-04
 4.00000e-04
 4.00000e-04
 4.00000e-04
 4.00000e-04
 4.00000e-04
 4.00000e-04
 4.00000e-04
 4.00000e-04
 4.00000e-04
 4.00000e-04
 4.00000e-04
 4.00000e-04
 4.00000e-04
 4.00000e-04
 4.00000e-04
 4.00000e-04
 4.00000e-04
 4.00000e-04
 2.00000e-04
 4.41554e-04
 8.86529e-04
 8.94873e-04
 9.09274e-04
 9.31891e-04
 9.61551e-04
 9.97317e-04
 1.03856e-03
 1.08320e-03
 1.12568e-03
 1.15833e-03
 1.17285e-03
 1.16190e-03
 1.11355e-03
 1.02000e-03
 8.90530e-04
 7.42870e-04
 6.03177e-04
 4.98912e-04
 4.38989e-04
 4.12716e-04
 4.03652e-04
 4.00959e-04
 4.00205e-04
 4.00026e-04
 4.00000e-04
 4.00000e-04
 4.00000e-04
 4.00000e-04
 4.00000e-04
 4.00000e-04
 4.00000e-04
 4.00000e-04
 4.00000e-04
 4.00000e-04
 4.00000e-04
 4.00000e-04
 4.00000e-04
 4.00000e-04
 4.00000e-04
 4.00000e-04
 4.00000e-04
 4.00000e-04
 4.00000e-04
 4.00000e-04
 4.00000e-04
 4.00000e-04
 4.00000e-04
 4.00000e-04
 4.00000e-04
 4.00000e-04
 4.00000e-04
 4.00000e-04
 4.00000e-04
 4.00000e-04
 4.00000e-04
 4.00000e-04
 4.00000e-04
 4.00000e-04
 4.00000e-04
 2.00000e-04
 5.14516e-04
 1.03174e-03
 1.03782e-03
 1.04806e-03
 1.06381e-03
 1.08245e-03
 1.10115e-03
 1.11577e-03
 1.12254e-03
 1.11711e-03
 1.09194e-03
 1.03820e-03
 9.54246e-04
 8.47361e-04
 7.26883e-04
 6.08806e-04
 5.13420e-04
 4.51347e-04
 4.19410e-04
 4.06357e-04
 4.01909e-04
 4.00514e-04
 4.00105e-04
 4.00012e-04
 4.00000e-04
 4.00000e-04
 4.00000e-04
 4.00000e-04
 4.00000e-04
 4.00000e-04
 4.00000e-04
 4.00000e-04
 4.00000e-04
 4.00000e-04
 4.00000e-04
 4.00000e-04
 4.00000e-04
 4.00000e-04
 4.00000e-04
 4.00000e-04
 4.00000e-04
 4.00000e-04
 4.00000e-04
 4.00000e-04
 4.00000e-04
 4.00000e-04
 4.00000e-04
 4.00000e-04
 4.00000e-04
 4.00000e-04
 4.00000e-04
 4.00000e-04
 4.00000e-04
 4.00000e-04
 4.00000e-04
 4.00000e-04
 4.00000e-04
 4.00000e-04
 4.00000e-04
 4.00000e-04
 2.00000e-04
 5.31318e-04
 1.06319e-03
 1.06294e-03
 1.06203e-03
 1.06065e-03
 1.05553e-03
 1.04337e-03
 1.01936e-03
 9.79483e-04
 9.22567e-04
 8.49630e-04
 7.63893e-04
 6.70335e-04
 5.79484e-04
 5.04320e-04
 4.52033e-04
 4.22160e-04
 4.08220e-04
 4.02775e-04
 4.00868e-04
 4.00231e-04
 4.00042e-04
 4.00003e-04
 4.00000e-04
 4.00000e-04
 4.00000e-04
 4.00000e-04
 4.00000e-04
 4.00000e-04
 4.00000e-04
 4.00000e-04
 4.00000e-04
 4.00000e-04
 4.00000e-04
 4.00000e-04
 4.00000e-04
 4.00000e-04
 4.00000e-04
 4.00000e-04
 4.00000e-04
 4.00000e-04
 4.00000e-04
 4.00000e-04
 4.00000e-04
 4.00000e-04
 4.00000e-04
 4.00000e-04
 4.00000e-04
 4.00000e-04
 4.00000e-04
 4.00000e-04
 4.00000e-04
 4.00000e-04
 4.00000e-04
 4.00000e-04
 4.00000e-04
 4.00000e-04
 4.00000e-04
 4.00000e-04
 4.00000e-04
 2.00000e-04
 4.61438e-04
 9.20911e-04
 9.13502e-04
 9.00102e-04
 8.80381e-04
 8.52477e-04
 8.15465e-04
 7.69348e-04
 7.14298e-04
 6.51679e-04
 5.86698e-04
 5.26253e-04
 4.76346e-04
 4.40666e-04
 4.18974e-04
 4.07848e-04
 4.02972e-04
 4.01053e-04
 4.00331e-04
 4.00080e-04
 4.00012e-04
 4.00000e-04
 4.00000e-04
 4.00000e-04
 4.00000e-04
 4.00000e-04
 4.00000e-04
 4.00000e-04
 4.00000e-04
 4.00000e-04
 4.00000e-04
 4.00000e-04
 4.00000e-04
 4.00000e-04
 4.00000e-04
 4.00000e-04
 4.00000e-04
 4.00000e-04
 4.00000e-04
 4.00000e-04
 4.00000e-04
 4.00000e-04
 4.00000e-04
 4.00000e-04
 4.00000e-04
 4.00000e-04
 4.00000e-04
 4.00000e-04
 4.00000e-04
 4.00000e-04
 4.00000e-04
 4.00000e-04
 4.00000e-04
 4.00000e-04
 4.00000e-04
 4.00000e-04
 4.00000e-04
 4.00000e-04
 4.00000e-04
 4.00000e-04
 2.00000e-04
 3.36753e-04
 6.70945e-04
 6.62447e-04
 6.47625e-04
 6.26673e-04
 5.99793e-04
 5.68190e-04
 5.33826e-04
 4.99409e-04
 4.68022e-04
 4.42339e-04
 4.23736e-04
 4.11947e-04
 4.05462e-04
 4.02324e-04
 4.00927e-04
 4.00332e-04
 4.00096e-04
 4.00019e-04
 4.00001e-04
 4.00000e-04
 4.00000e-04
 4.00000e-04
 4.00000e-04
 4.00000e-04
 4.00000e-04
 4.00000e-04
 4.00000e-04
 4.00000e-04
 4.00000e-04
 4.00000e-04
 4.00000e-04
 4.00000e-04
 4.00000e-04
 4.00000e-04
 4.00000e-04
 4.00000e-04
 4.00000e-04
 4.00000e-04
 4.00000e-04
 4.00000e-04
 4.00000e-04
 4.00000e-04
 4.00000e-04
 4.00000e-04
 4.00000e-04
 4.00000e-04
 4.00000e-04
 4.00000e-04
 4.00000e-04
 4.00000e-04
 4.00000e-04
 4.00000e-04
 4.00000e-04
 4.00000e-04
 4.00000e-04
 4.00000e-04
 4.00000e-04
 4.00000e-04
 4.00000e-04
 2.00000e-04
 2.40039e-04
 4.78686e-04
 4.74351e-04
 4.67210e-04
 4.57807e-04
 4.46900e-04
 4.35603e-04
 4.25078e-04
 4.16274e-04
 4.09691e-04
 4.05314e-04
 4.02717e-04
 4.01305e-04
 4.00584e-04
 4.00232e-04
 4.00075e-04
 4.00018e-04
 4.00002e-04
 4.00000e-04
 4.00000e-04
 4.00000e-04
 4.00000e-04
 4.00000e-04
 4.00000e-04
 4.00000e-04
 4.00000e-04
 4.00000e-04
 4.00000e-04
 4.00000e-04
 4.00000e-04
 4.00000e-04
 4.00000e-04
 4.00000e-04
 4.00000e-04
 4.00000e-04
 4.00000e-04
 4.00000e-04
 4.00000e-04
 4.00000e-04
 4.00000e-04
 4.00000e-04
 4.00000e-04
 4.00000e-04
 4.00000e-04
 4.00000e-04
 4.00000e-04
 4.00000e-04
 4.00000e-04
 4.00000e-04
 4.00000e-04
 4.00000e-04
 4.00000e-04
 4.00000e-04
 4.00000e-04
 4.00000e-04
 4.00000e-04
 4.00000e-04
 4.00000e-04
 4.00000e-04
 4.00000e-04
 2.00000e-04
 2.05751e-04
 4.11212e-04
 4.10342e-04
 4.08985e-04
 4.07323e-04
 4.05569e-04
 4.03952e-04
 4.02622e-04
 4.01628e-04
 4.00947e-04
 4.00513e-04
 4.00252e-04
 4.00107e-04
 4.00037e-04
 4.00009e-04
 4.00001e-04
 4.00000e-04
 4.00000e-04
 4.00000e-04
 4.00000e-04
 4.00000e-04
 4.00000e-04
 4.00000e-04
 4.00000e-04
 4.00000e-04
 4.00000e-04
 4.00000e-04
 4.00000e-04
 4.00000e-04
 4.00000e-04
 4.00000e-04
 4.00000e-04
 4.00000e-04
 4.00000e-04
 4.00000e-04
 4.00000e-04
 4.00000e-04
 4.00000e-04
 4.00000e-04
 4.00000e-04
 4.00000e-04
 4.00000e-04
 4.00000e-04
 4.00000e-04
 4.00000e-04
 4.00000e-04
 4.00000e-04
 4.00000e-04
 4.00000e-04
 4.00000e-04
 4.00000e-04
 4.00000e-04
 4.00000e-04
 4.00000e-04
 4.00000e-04
 4.00000e-04
 4.00000e-04
 4.00000e-04
 4.00000e-04
 4.00000e-04
 2.00000e-04
 2.00505e-04
 4.00983e-04
 4.00901e-04
 4.00777e-04
 4.00629e-04
 4.00476e-04
 4.00335e-04
 4.00218e-04
 4.00127e-04
 4.00064e-04
 4.00027e-04
 4.00009e-04
 4.00002e-04
 4.00000e-04
 4.00000e-04
 4.00000e-04
 4.00000e-04
 4.00000e-04
 4.00000e-04
 4.00000e-04
 4.00000e-04
 4.00000e-04
 4.00000e-04
 4.00000e-04
 4.00000e-04
 4.00000e-04
 4.00000e-04
 4.00000e-04
 4.00000e-04
 4.00000e-04
 4.00000e-04
 4.00000e-04
 4.00000e-04
 4.00000e-04
 4.00000e-04
 4.00000e-04
 4.00000e-04
 4.00000e-04
 4.00000e-04
 4.00000e-04
 4.00000e-04
 4.00000e-04
 4.00000e-04
 4.00000e-04
 4.00000e-04
 4.00000e-04
 4.00000e-04
 4.00000e-04
 4.00000e-04
 4.00000e-04
 4.00000e-04
 4.00000e-04
 4.00000e-04
 4.00000e-04
 4.00000e-04
 4.00000e-04
 4.00000e-04
 4.00000e-04
 4.00000e-04
 4.00000e-04
 2.00000e-04
 2.00032e-04
 4.00062e-04
 4.00055e-04
 4.00045e-04
 4.00033e-04
 4.00021e-04
 4.00012e-04
 4.00005e-04
 4.00002e-04
 4.00000e-04
 4.00000e-04
 4.00000e-04
 4.00000e-04
 4.00000e-04
 4.00000e-04
 4.00000e-04
 4.00000e-04
 4.00000e-04
 4.00000e-04
 4.00000e-04
 4.00000e-04
 4.00000e-04
 4.00000e-04
 4.00000e-04
 4.00000e-04
 4.00000e-04
 4.00000e-04
 4.00000e-04
 4.00000e-04
 4.00000e-04
 4.00000e-04
 4.00000e-04
 4.00000e-04
 4.00000e-04
 4.00000e-04
 4.00000e-04
 4.00000e-04
 4.00000e-04
 4.00000e-04
 4.00000e-04
 4.00000e-04
 4.00000e-04
 4.00000e-04
 4.00000e-04
 4.00000e-04
 4.00000e-04
 4.00000e-04
 4.00000e-04
 4.00000e-04
 4.00000e-04
 4.00000e-04
 4.00000e-04
 4.00000e-04
 4.00000e-04
 4.00000e-04
 4.00000e-04
 4.00000e-04
 4.00000e-04
 4.00000e-04
 4.00000e-04
 2.00000e-04
 2.00000e-04
 4.00000e-04
 4.00000e-04
 4.00000e-04
 4.00000e-04
 4.00000e-04
 4.00000e-04
 4.00000e-04
 4.00000e-04
 4.00000e-04
 4.00000e-04
 4.00000e-04
 4.00000e-04
 4.00000e-04
 4.00000e-04
 4.00000e-04
 4.00000e-04
 4.00000e-04
 4.00000e-04
 4.00000e-04
 4.00000e-04
 4.00000e-04
 4.00000e-04
 4.00000e-04
 4.00000e-04
 4.00000e-04
 4.00000e-04
 4.00000e-04
 4.00000e-04
 4.00000e-04
 4.00000e-04
 4.00000e-04
 4.00000e-04
 4.00000e-04
 4.00000e-04
 4.00000e-04
 4.00000e-04
 4.00000e-04
 4.00000e-04
 4.00000e-04
 4.00000e-04
 4.00000e-04
 4.00000e-04
 4.00000e-04
 4.00000e-04
 4.00000e-04
 4.00000e-04
 4.00000e-04
 4.00000e-04
 4.00000e-04
 4.00000e-04
 4.00000e-04
 4.00000e-04
 4.00000e-04
 4.00000e-04
 4.00000e-04
 4.00000e-04
 4.00000e-04
 4.00000e-04
 4.00000e-04
 2.00000e-04
 2.00000e-04
 4.00000e-04
 4.00000e-04
 4.00000e-04
 4.00000e-04
 4.00000e-04
 4.00000e-04
 4.00000e-04
 4.00000e-04
 4.00000e-04
 4.00000e-04
 4.00000e-04
 4.00000e-04
 4.00000e-04
 4.00000e-04
 4.00000e-04
 4.00000e-04
 4.00000e-04
 4.00000e-04
 4.00000e-04
 4.00000e-04
 4.00000e-04
 4.00000e-04
 4.00000e-04
 4.00000e-04
 4.00000e-04
 4.00000e-04
 4.00000e-04
 4.00000e-04
 4.00000e-04
 4.00000e-04
 4.00000e-04
 4.00000e-04
 4.00000e-04
 4.00000e-04
 4.00000e-04
 4.00000e-04
 4.00000e-04
 4.00000e-04
 4.00000e-04
 4.00000e-04
 4.00000e-04
 4.00000e-04
 4.00000e-04
 4.00000e-04
 4.00000e-04
 4.00000e-04
 4.00000e-04
 4.00000e-04
 4.00000e-04
 4.00000e-04
 4.00000e-04
 4.00000e-04
 4.00000e-04
 4.00000e-04
 4.00000e-04
 4.00000e-04
 4.00000e-04
 4.00000e-04
 4.00000e-04
 2.00000e-04
 2.00000e-04
 4.00000e-04
 4.00000e-04
 4.00000e-04
 4.00000e-04
 4.00000e-04
 4.00000e-04
 4.00000e-04
 4.00000e-04
 4.00000e-04
 4.00000e-04
 4.00000e-04
 4.00000e-04
 4.00000e-04
 4.00000e-04
 4.00000e-04
 4.00000e-04
 4.00000e-04
 4.00000e-04
 4.00000e-04
 4.00000e-04
 4.00000e-04
 4.00000e-04
 4.00000e-04
 4.00000e-04
 4.00000e-04
 4.00000e-04
 4.00000e-04
 4.00000e-04
 4.00000e-04
 4.00000e-04
 4.00000e-04
 4.00000e-04
 4.00000e-04
 4.00000e-04
 4.00000e-04
 4.00000e-04
 4.00000e-04
 4.00000e-04
 4.00000e-04
 4.00000e-04
 4.00000e-04
 4.00000e-04
 4.00000e-04
 4.00000e-04
 4.00000e-04
 4.00000e-04
 4.00000e-04
 4.00000e-04
 4.00000e-04
 4.00000e-04
 4.00000e-04
 4.00000e-04
 4.00000e-04
 4.00000e-04
 4.00000e-04
 4.00000e-04
 4.00000e-04
 4.00000e-04
 4.00000e-04
 2.00000e-04
 2.00000e-04
 4.00000e-04
 4.00000e-04
 4.00000e-04
 4.00000e-04
 4.00000e-04
 4.00000e-04
 4.00000e-04
 4.00000e-04
 4.00000e-04
 4.00000e-04
 4.00000e-04
 4.00000e-04
 4.00000e-04
 4.00000e-04
 4.00000e-04
 4.00000e-04
 4.00000e-04
 4.00000e-04
 4.00000e-04
 4.00000e-04
 4.00000e-04
 4.00000e-04
 4.00000e-04
 4.00000e-04
 4.00000e-04
 4.00000e-04
 4.00000e-04
 4.00000e-04
 4.00000e-04
 4.00000e-04
 4.00000e-04
 4.00000e-04
 4.00000e-04
 4.00000e-04
 4.00000e-04
 4.00000e-04
 4.00000e-04
 4.00000e-04
 4.00000e-04
 4.00000e-04
 4.00000e-04
 4.00000e-04
 4.00000e-04
 4.00000e-04
 4.00000e-04
 4.00000e-04
 4.00000e-04
 4.00000e-04
 4.00000e-04
 4.00000e-04
 4.00000e-04
 4.00000e-04
 4.00000e-04
 4.00000e-04
 4.00000e-04
 4.00000e-04
 4.00000e-04
 4.00000e-04
 4.00000e-04
 2.00000e-04
 2.00000e-04
 4.00000e-04
 4.00000e-04
 4.00000e-04
 4.00000e-04
 4.00000e-04
 4.00000e-04
 4.00000e-04
 4.00000e-04
 4.00000e-04
 4.00000e-04
 4.00000e-04
 4.00000e-04
 4.00000e-04
 4.00000e-04
 4.00000e-04
 4.00000e-04
 4.00000e-04
 4.00000e-04
 4.00000e-04
 4.00000e-04
 4.00000e-04
 4.00000e-04
 4.00000e-04
 4.00000e-04
 4.00000e-04
 4.00000e-04
 4.00000e-04
 4.00000e-04
 4.00000e-04
 4.00000e-04
 4.00000e-04
 4.00000e-04
 4.00000e-04
 4.00000e-04
 4.00000e-04
 4.00000e-04
 4.00000e-04
 4.00000e-04
 4.00000e-04
 4.00000e-04
 4.00000e-04
 4.00000e-04
 4.00000e-04
 4.00000e-04
 4.00000e-04
 4.00000e-04
 4.00000e-04
 4.00000e-04
 4.00000e-04
 4.00000e-04
 4.00000e-04
 4.00000e-04
 4.00000e-04
 4.00000e-04
 4.00000e-04
 4.00000e-04
 4.00000e-04
 4.00000e-04
 4.00000e-04
 2.00000e-04
 2.00000e-04
 4.00000e-04
 4.00000e-04
 4.00000e-04
 4.00000e-04
 4.00000e-04
 4.00000e-04
 4.00000e-04
 4.00000e-04
 4.00000e-04
 4.00000e-04
 4.00000e-04
 4.00000e-04
 4.00000e-04
 4.00000e-04
 4.00000e-04
 4.00000e-04
 4.00000e-04
 4.00000e-04
 4.00000e-04
 4.00000e-04
 4.00000e-04
 4.00000e-04
 4.00000e-04
 4.00000e-04
 4.00000e-04
 4.00000e-04
 4.00000e-04
 4.00000e-04
 4.00000e-04
 4.00000e-04
 4.00000e-04
 4.00000e-04
 4.00000e-04
 4.00000e-04
 4.00000e-04
 4.00000e-04
 4.00000e-04
 4.00000e-04
 4.00000e-04
 4.00000e-04
 4.00000e-04
 4.00000e-04
 4.00000e-04
 4.00000e-04
 4.00000e-04
 4.00000e-04
 4.00000e-04
 4.00000e-04
 4.00000e-04
 4.00000e-04
 4.00000e-04
 4.00000e-04
 4.00000e-04
 4.00000e-04
 4.00000e-04
 4.00000e-04
 4.00000e-04
 4.00000e-04
 4.00000e-04
 2.00000e-04
 2.00000e-04
 4.00000e-04
 4.00000e-04
 4.00000e-04
 4.00000e-04
 4.00000e-04
 4.00000e-04
 4.00000e-04
 4.00000e-04
 4.00000e-04
 4.00000e-04
 4.00000e-04
 4.00000e-04
 4.00000e-04
 4.00000e-04
 4.00000e-04
 4.00000e-04
 4.00000e-04
 4.00000e-04
 4.00000e-04
 4.00000e-04
 4.00000e-04
 4.00000e-04
 4.00000e-04
 4.00000e-04
 4.00000e-04
 4.00000e-04
 4.00000e-04
 4.00000e-04
 4.00000e-04
 4.00000e-04
 4.00000e-04
 4.00000e-04
 4.00000e-04
 4.00000e-04
 4.00000e-04
 4.00000e-04
 4.00000e-04
 4.00000e-04
 4.00000e-04
 4.00000e-04
 4.00000e-04
 4.00000e-04
 4.00000e-04
 4.00000e-04
 4.00000e-04
 4.00000e-04
 4.00000e-04
 4.00000e-04
 4.00000e-04
 4.00000e-04
 4.00000e-04
 4.00000e-04
 4.00000e-04
 4.00000e-04
 4.00000e-04
 4.00000e-04
 4.00000e-04
 4.00000e-04
 4.00000e-04
 2.00000e-04
 2.00000e-04
 4.00000e-04
 4.00000e-04
 4.00000e-04
 4.00000e-04
 4.00000e-04
 4.00000e-04
 4.00000e-04
 4.00000e-04
 4.00000e-04
 4.00000e-04
 4.00000e-04
 4.00000e-04
 4.00000e-04
 4.00000e-04
 4.00000e-04
 4.00000e-04
 4.00000e-04
 4.00000e-04
 4.00000e-04
 4.00000e-04
 4.00000e-04
 4.00000e-04
 4.00000e-04
 4.00000e-04
 4.00000e-04
 4.00000e-04
 4.00000e-04
 4.00000e-04
 4.00000e-04
 4.00000e-04
 4.00000e-04
 4.00000e-04
 4.00000e-04
 4.00000e-04
 4.00000e-04
 4.00000e-04
 4.00000e-04
 4.00000e-04
 4.00000e-04
 4.00000e-04
 4.00000e-04
 4.00000e-04
 4.00000e-04
 4.00000e-04
 4.00000e-04
 4.00000e-04
 4.00000e-04
 4.00000e-04
 4.00000e-04
 4.00000e-04
 4.00000e-04
 4.00000e-04
 4.00000e-04
 4.00000e-04
 4.00000e-04
 4.00000e-04
 4.00000e-04
 4.00000e-04
 4.00000e-04
 2.00000e-04
 2.00000e-04
 4.00000e-04
 4.00000e-04
 4.00000e-04
 4.00000e-04
 4.00000e-04
 4.00000e-04
 4.00000e-04
 4.00000e-04
 4.00000e-04
 4.00000e-04
 4.00000e-04
 4.00000e-04
 4.00000e-04
 4.00000e-04
 4.00000e-04
 4.00000e-04
 4.00000e-04
 4.00000e-04
 4.00000e-04
 4.00000e-04
 4.00000e-04
 4.00000e-04
 4.00000e-04
 4.00000e-04
 4.00000e-04
 4.00000e-04
 4.00000e-04
 4.00000e-04
 4.00000e-04
 4.00000e-04
 4.00000e-04
 4.00000e-04
 4.00000e-04
 4.00000e-04
 4.00000e-04
 4.00000e-04
 4.00000e-04
 4.00000e-04
 4.00000e-04
 4.00000e-04
 4.00000e-04
 4.00000e-04
 4.00000e-04
 4.00000e-04
 4.00000e-04
 4.00000e-04
 4.00000e-04
 4.00000e-04
 4.00000e-04
 4.00000e-04
 4.00000e-04
 4.00000e-04
 4.00000e-04
 4.00000e-04
 4.00000e-04
 4.00000e-04
 4.00000e-04
 4.00000e-04
 4.00000e-04
 2.00000e-04
 2.00000e-04
 4.00000e-04
 4.00000e-04
 4.00000e-04
 4.00000e-04
 4.00000e-04
 4.00000e-04
 4.00000e-04
 4.00000e-04
 4.00000e-04
 4.00000e-04
 4.00000e-04
 4.00000e-04
 4.00000e-04
 4.00000e-04
 4.00000e-04
 4.00000e-04
 4.00000e-04
 4.00000e-04
 4.00000e-04
 4.00000e-04
 4.00000e-04
 4.00000e-04
 4.00000e-04
 4.00000e-04
 4.00000e-04
 4.00000e-04
 4.00000e-04
 4.00000e-04
 4.00000e-04
 4.00000e-04
 4.00000e-04
 4.00000e-04
 4.00000e-04
 4.00000e-04
 4.00000e-04
 4.00000e-04
 4.00000e-04
 4.00000e-04
 4.00000e-04
 4.00000e-04
 4.00000e-04
 4.00000e-04
 4.00000e-04
 4.00000e-04
 4.00000e-04
 4.00000e-04
 4.00000e-04
 4.00000e-04
 4.00000e-04
 4.00000e-04
 4.00000e-04
 4.00000e-04
 4.00000e-04
 4.00000e-04
 4.00000e-04
 4.00000e-04
 4.00000e-04
 4.00000e-04
 4.00000e-04
 2.00000e-04
 2.00000e-04
 4.00000e-04
 4.00000e-04
 4.00000e-04
 4.00000e-04
 4.00000e-04
 4.00000e-04
 4.00000e-04
 4.00000e-04
 4.00000e-04
 4.00000e-04
 4.00000e-04
 4.00000e-04
 4.00000e-04
 4.00000e-04
 4.00000e-04
 4.00000e-04
 4.00000e-04
 4.00000e-04
 4.00000e-04
 4.00000e-04
 4.00000e-04
 4.00000e-04
 4.00000e-04
 4.00000e-04
 4.00000e-04
 4.00000e-04
 4.00000e-04
 4.00000e-04
 4.00000e-04
 4.00000e-04
 4.00000e-04
 4.00000e-04
 4.00000e-04
 4.00000e-04
 4.00000e-04
 4.00000e-04
 4.00000e-04
 4.00000e-04
 4.00000e-04
 4.00000e-04
 4.00000e-04
 4.00000e-04
 4.00000e-04
 4.00000e-04
 4.00000e-04
 4.00000e-04
 4.00000e-04
 4.00000e-04
 4.00000e-04
 4.00000e-04
 4.00000e-04
 4.00000e-04
 4.00000e-04
 4.00000e-04
 4.00000e-04
 4.00000e-04
 4.00000e-04
 4.00000e-04
 4.00000e-04
 2.00000e-04
 2.00000e-04
 4.00000e-04
 4.00000e-04
 4.00000e-04
 4.00000e-04
 4.00000e-04
 4.00000e-04
 4.00000e-04
 4.00000e-04
 4.00000e-04
 4.00000e-04
 4.00000e-04
 4.00000e-04
 4.00000e-04
 4.00000e-04
 4.00000e-04
 4.00000e-04
 4.00000e-04
 4.00000e-04
 4.00000e-04
 4.00000e-04
 4.00000e-04
 4.00000e-04
 4.00000e-04
 4.00000e-04
 4.00000e-04
 4.00000e-04
 4.00000e-04
 4.00000e-04
 4.00000e-04
 4.00000e-04
 4.00000e-04
 4.00000e-04
 4.00000e-04
 4.00000e-04
 4.00000e-04
 4.00000e-04
 4.00000e-04
 4.00000e-04
 4.00000e-04
 4.00000e-04
 4.00000e-04
 4.00000e-04
 4.00000e-04
 4.00000e-04
 4.00000e-04
 4.00000e-04
 4.00000e-04
 4.00000e-04
 4.00000e-04
 4.00000e-04
 4.00000e-04
 4.00000e-04
 4.00000e-04
 4.00000e-04
 4.00000e-04
 4.00000e-04
 4.00000e-04
 4.00000e-04
 4.00000e-04
 2.00000e-04
 2.00000e-04
 4.00000e-04
 4.00000e-04
 4.00000e-04
 4.00000e-04
 4.00000e-04
 4.00000e-04
 4.00000e-04
 4.00000e-04
 4.00000e-04
 4.00000e-04
 4.00000e-04
 4.00000e-04
 4.00000e-04
 4.00000e-04
 4.00000e-04
 4.00000e-04
 4.00000e-04
 4.00000e-04
 4.00000e-04
 4.00000e-04
 4.00000e-04
 4.00000e-04
 4.00000e-04
 4.00000e-04
 4.00000e-04
 4.00000e-04
 4.00000e-04
 4.00000e-04
 4.00000e-04
 4.00000e-04
 4.00000e-04
 4.00000e-04
 4.00000e-04
 4.00000e-04
 4.00000e-04
 4.00000e-04
 4.00000e-04
 4.00000e-04
 4.00000e-04
 4.00000e-04
 4.00000e-04
 4.00000e-04
 4.00000e-04
 4.00000e-04
 4.00000e-04
 4.00000e-04
 4.00000e-04
 4.00000e-04
 4.00000e-04
 4.00000e-04
 4.00000e-04
 4.00000e-04
 4.00000e-04
 4.00000e-04
 4.00000e-04
 4.00000e-04
 4.00000e-04
 4.00000e-04
 4.00000e-04
 2.00000e-04
 2.00000e-04
 4.00000e-04
 4.00000e-04
 4.00000e-04
 4.00000e-04
 4.00000e-04
 4.00000e-04
 4.00000e-04
 4.00000e-04
 4.00000e-04
 4.00000e-04
 4.00000e-04
 4.00000e-04
 4.00000e-04
 4.00000e-04
 4.00000e-04
 4.00000e-04
 4.00000e-04
 4.00000e-04
 4.00000e-04
 4.00000e-04
 4.00000e-04
 4.00000e-04
 4.00000e-04
 4.00000e-04
 4.00000e-04
 4.00000e-04
 4.00000e-04
 4.00000e-04
 4.00000e-04
 4.00000e-04
 4.00000e-04
 4.00000e-04
 4.00000e-04
 4.00000e-04
 4.00000e-04
 4.00000e-04
 4.00000e-04
 4.00000e-04
 4.00000e-04
 4.00000e-04
 4.00000e-04
 4.00000e-04
 4.00000e-04
 4.00000e-04
 4.00000e-04
 4.00000e-04
 4.00000e-04
 4.00000e-04
 4.00000e-04
 4.00000e-04
 4.00000e-04
 4.00000e-04
 4.00000e-04
 4.00000e-04
 4.00000e-04
 4.00000e-04
 4.00000e-04
 4.00000e-04
 4.00000e-04
 2.00000e-04
 2.00000e-04
 4.00000e-04
 4.00000e-04
 4.00000e-04
 4.00000e-04
 4.00000e-04
 4.00000e-04
 4.00000e-04
 4.00000e-04
 4.00000e-04
 4.00000e-04
 4.00000e-04
 4.00000e-04
 4.00000e-04
 4.00000e-04
 4.00000e-04
 4.00000e-04
 4.00000e-04
 4.00000e-04
 4.00000e-04
 4.00000e-04
 4.00000e-04
 4.00000e-04
 4.00000e-04
 4.00000e-04
 4.00000e-04
 4.00000e-04
 4.00000e-04
 4.00000e-04
 4.00000e-04
 4.00000e-04
 4.00000e-04
 4.00000e-04
 4.00000e-04
 4.00000e-04
 4.00000e-04
 4.00000e-04
 4.00000e-04
 4.00000e-04
 4.00000e-04
 4.00000e-04
 4.00000e-04
 4.00000e-04
 4.00000e-04
 4.00000e-04
 4.00000e-04
 4.00000e-04
 4.00000e-04
 4.00000e-04
 4.00000e-04
 4.00000e-04
 4.00000e-04
 4.00000e-04
 4.00000e-04
 4.00000e-04
 4.00000e-04
 4.00000e-04
 4.00000e-04
 4.00000e-04
 4.00000e-04
 2.00000e-04
 2.00000e-04
 4.00000e-04
 4.00000e-04
 4.00000e-04
 4.00000e-04
 4.00000e-04
 4.00000e-04
 4.00000e-04
 4.00000e-04
 4.00000e-04
 4.00000e-04
 4.00000e-04
 4.00000e-04
 4.00000e-04
 4.00000e-04
 4.00000e-04
 4.00000e-04
 4.00000e-04
 4.00000e-04
 4.00000e-04
 4.00000e-04
 4.00000e-04
 4.00000e-04
 4.00000e-04
 4.00000e-04
 4.00000e-04
 4.00000e-04
 4.00000e-04
 4.00000e-04
 4.00000e-04
 4.00000e-04
 4.00000e-04
 4.00000e-04
 4.00000e-04
 4.00000e-04
 4.00000e-04
 4.00000e-04
 4.00000e-04
 4.00000e-04
 4.00000e-04
 4.00000e-04
 4.00000e-04
 4.00000e-04
 4.00000e-04
 4.00000e-04
 4.00000e-04
 4.00000e-04
 4.00000e-04
 4.00000e-04
 4.00000e-04
 4.00000e-04
 4.00000e-04
 4.00000e-04
 4.00000e-04
 4.00000e-04
 4.00000e-04
 4.00000e-04
 4.00000e-04
 4.00000e-04
 4.00000e-04
 2.00000e-04
 2.00000e-04
 4.00000e-04
 4.00000e-04
 4.00000e-04
 4.00000e-04
 4.00000e-04
 4.00000e-04
 4.00000e-04
 4.00000e-04
 4.00000e-04
 4.00000e-04
 4.00000e-04
 4.00000e-04
 4.00000e-04
 4.00000e-04
 4.00000e-04
 4.00000e-04
 4.00000e-04
 4.00000e-04
 4.00000e-04
 4.00000e-04
 4.00000e-04
 4.00000e-04
 4.00000e-04
 4.00000e-04
 4.00000e-04
 4.00000e-04
 4.00000e-04
 4.00000e-04
 4.00000e-04
 4.00000e-04
 4.00000e-04
 4.00000e-04
 4.00000e-04
 4.00000e-04
 4.00000e-04
 4.00000e-04
 4.00000e-04
 4.00000e-04
 4.00000e-04
 4.00000e-04
 4.00000e-04
 4.00000e-04
 4.00000e-04
 4.00000e-04
 4.00000e-04
 4.00000e-04
 4.00000e-04
 4.00000e-04
 4.00000e-04
 4.00000e-04
 4.00000e-04
 4.00000e-04
 4.00000e-04
 4.00000e-04
 4.00000e-04
 4.00000e-04
 4.00000e-04
 4.00000e-04
 4.00000e-04
 2.00000e-04
 2.00000e-04
 4.00000e-04
 4.00000e-04
 4.00000e-04
 4.00000e-04
 4.00000e-04
 4.00000e-04
 4.00000e-04
 4.00000e-04
 4.00000e-04
 4.00000e-04
 4.00000e-04
 4.00000e-04
 4.00000e-04
 4.00000e-04
 4.00000e-04
 4.00000e-04
 4.00000e-04
 4.00000e-04
 4.00000e-04
 4.00000e-04
 4.00000e-04
 4.00000e-04
 4.00000e-04
 4.00000e-04
 4.00000e-04
 4.00000e-04
 4.00000e-04
 4.00000e-04
 4.00000e-04
 4.00000e-04
 4.00000e-04
 4.00000e-04
 4.00000e-04
 4.00000e-04
 4.00000e-04
 4.00000e-04
 4.00000e-04
 4.00000e-04
 4.00000e-04
 4.00000e-04
 4.00000e-04
 4.00000e-04
 4.00000e-04
 4.00000e-04
 4.00000e-04
 4.00000e-04
 4.00000e-04
 4.00000e-04
 4.00000e-04
 4.00000e-04
 4.00000e-04
 4.00000e-04
 4.00000e-04
 4.00000e-04
 4.00000e-04
 4.00000e-04
 4.00000e-04
 4.00000e-04
 4.00000e-04
 2.00000e-04
 2.00000e-04
 4.00000e-04
 4.00000e-04
 4.00000e-04
 4.00000e-04
 4.00000e-04
 4.00000e-04
 4.00000e-04
 4.00000e-04
 4.00000e-04
 4.00000e-04
 4.00000e-04
 4.00000e-04
 4.00000e-04
 4.00000e-04
 4.00000e-04
 4.00000e-04
 4.00000e-04
 4.00000e-04
 4.00000e-04
 4.00000e-04
 4.00000e-04
 4.00000e-04
 4.00000e-04
 4.00000e-04
 4.00000e-04
 4.00000e-04
 4.00000e-04
 4.00000e-04
 4.00000e-04
 4.00000e-04
 4.00000e-04
 4.00000e-04
 4.00000e-04
 4.00000e-04
 4.00000e-04
 4.00000e-04
 4.00000e-04
 4.00000e-04
 4.00000e-04
 4.00000e-04
 4.00000e-04
 4.00000e-04
 4.00000e-04
 4.00000e-04
 4.00000e-04
 4.00000e-04
 4.00000e-04
 4.00000e-04
 4.00000e-04
 4.00000e-04
 4.00000e-04
 4.00000e-04
 4.00000e-04
 4.00000e-04
 4.00000e-04
 4.00000e-04
 4.00000e-04
 4.00000e-04
 4.00000e-04
 2.00000e-04
 2.00000e-04
 4.00000e-04
 4.00000e-04
 4.00000e-04
 4.00000e-04
 4.00000e-04
 4.00000e-04
 4.00000e-04
 4.00000e-04
 4.00000e-04
 4.00000e-04
 4.00000e-04
 4.00000e-04
 4.00000e-04
 4.00000e-04
 4.00000e-04
 4.00000e-04
 4.00000e-04
 4.00000e-04
 4.00000e-04
 4.00000e-04
 4.00000e-04
 4.00000e-04
 4.00000e-04
 4.00000e-04
 4.00000e-04
 4.00000e-04
 4.00000e-04
 4.00000e-04
 4.00000e-04
 4.00000e-04
 4.00000e-04
 4.00000e-04
 4.00000e-04
 4.00000e-04
 4.00000e-04
 4.00000e-04
 4.00000e-04
 4.00000e-04
 4.00000e-04
 4.00000e-04
 4.00000e-04
 4.00000e-04
 4.00000e-04
 4.00000e-04
 4.00000e-04
 4.00000e-04
 4.00000e-04
 4.00000e-04
 4.00000e-04
 4.00000e-04
 4.00000e-04
 4.00000e-04
 4.00000e-04
 4.00000e-04
 4.00000e-04
 4.00000e-04
 4.00000e-04
 4.00000e-04
 4.00000e-04
 2.00000e-04
 1.00000e-04
 2.00000e-04
 2.00000e-04
 2.00000e-04
 2.00000e-04
 2.00000e-04
 2.00000e-04
 2.00000e-04
 2.00000e-04
 2.00000e-04
 2.00000e-04
 2.00000e-04
 2.00000e-04
 2.00000e-04
 2.00000e-04
 2.00000e-04
 2.00000e-04
 2.00000e-04
 2.00000e-04
 2.00000e-04
 2.00000e-04
 2.00000e-04
 2.00000e-04
 2.00000e-04
 2.00000e-04
 2.00000e-04
 2.00000e-04
 2.00000e-04
 2.00000e-04
 2.00000e-04
 2.00000e-04
 2.00000e-04
 2.00000e-04
 2.00000e-04
 2.00000e-04
 2.00000e-04
 2.00000e-04
 2.00000e-04
 2.00000e-04
 2.00000e-04
 2.00000e-04
 2.00000e-04
 2.00000e-04
 2.00000e-04
 2.00000e-04
 2.00000e-04
 2.00000e-04
 2.00000e-04
 2.00000e-04
 2.00000e-04
 2.00000e-04
 2.00000e-04
 2.00000e-04
 2.00000e-04
 2.00000e-04
 2.00000e-04
 2.00000e-04
 2.00000e-04
 2.00000e-04
 2.00000e-04
 1.00000e-04
