NodeMass
part
         1
coordinates
 3.00465e-07
 9.70335e-07
 1.37104e-06
 1.56358e-06
 1.92318e-06
 2.41708e-06
 2.83652e-06
 3.19421e-06
 3.82773e-06
 4.42001e-06
 5.03056e-06
 5.78839e-06
 6.61734e-06
 7.61398e-06
 8.75911e-06
 1.01375e-05
 1.17774e-05
 1.37582e-05
 1.61540e-05
 1.90726e-05
 2.26450e-05
 2.70443e-05
 3.24970e-05
 3.93026e-05
 4.78690e-05
 5.87540e-05
 7.27393e-05
 9.10248e-05
 1.15471e-04
 1.48658e-04
 1.93698e-04
 2.53838e-04
 3.30471e-04
 4.18672e-04
 5.01687e-04
 5.53057e-04
 5.27763e-04
 4.17857e-04
 2.91847e-04
 2.20182e-04
 2.02213e-04
 2.00179e-04
 2.00006e-04
 2.00000e-04
 2.00000e-04
 2.00000e-04
 2.00000e-04
 2.00000e-04
 2.00000e-04
 2.00000e-04
 2.00000e-04
 2.00000e-04
 2.00000e-04
 2.00000e-04
 2.00000e-04
 2.00000e-04
 2.00000e-04
 2.00000e-04
 2.00000e-04
 2.00000e-04
 1.00000e-04
 9.70335e-07
 2.31724e-06
 2.74341e-06
 3.00633e-06
 3.67277e-06
 4.31567e-06
 4.74233e-06
 5.50767e-06
 6.60155e-06
 7.66022e-06
 8.87233e-06
 1.02949e-05
 1.19208e-05
 1.38762e-05
 1.61854e-05
 1.89657e-05
 2.22974e-05
 2.63225e-05
 3.11943e-05
 3.71247e-05
 4.43768e-05
 5.32970e-05
 6.43391e-05
 7.81045e-05
 9.54115e-05
 1.17383e-04
 1.45587e-04
 1.82435e-04
 2.31662e-04
 2.98448e-04
 3.89035e-04
 5.09903e-04
 6.63724e-04
 8.40388e-04
 1.00608e-03
 1.10754e-03
 1.05480e-03
 8.33236e-04
 5.81502e-04
 4.39568e-04
 4.04315e-04
 4.00349e-04
 4.00012e-04
 4.00000e-04
 4.00000e-04
 4.00000e-04
 4.00000e-04
 4.00000e-04
 4.00000e-04
 4.00000e-04
 4.00000e-04
 4.00000e-04
 4.00000e-04
 4.00000e-04
 4.00000e-04
 4.00000e-04
 4.00000e-04
 4.00000e-04
 4.00000e-04
 4.00000e-04
 2.00000e-04
 1.37104e-06
 2.74341e-06
 2.75416e-06
 2.80811e-06
 3.29278e-06
 3.60696e-06
 3.65014e-06
 4.49208e-06
 5.41679e-06
 6.36121e-06
 7.59373e-06
 8.92445e-06
 1.05761e-05
 1.25260e-05
 1.48963e-05
 1.77306e-05
 2.11462e-05
 2.52616e-05
 3.02439e-05
 3.63005e-05
 4.37015e-05
 5.27956e-05
 6.40410e-05
 7.80445e-05
 9.56331e-05
 1.17939e-04
 1.46553e-04
 1.83933e-04
 2.33877e-04
 3.01617e-04
 3.93417e-04
 5.15716e-04
 6.70873e-04
 8.48037e-04
 1.01250e-03
 1.11005e-03
 1.05103e-03
 8.24734e-04
 5.74517e-04
 4.37134e-04
 4.03982e-04
 4.00320e-04
 4.00010e-04
 4.00000e-04
 4.00000e-04
 4.00000e-04
 4.00000e-04
 4.00000e-04
 4.00000e-04
 4.00000e-04
 4.00000e-04
 4.00000e-04
 4.00000e-04
 4.00000e-04
 4.00000e-04
 4.00000e-04
 4.00000e-04
 4.00000e-04
 4.00000e-04
 4.00000e-04
 2.00000e-04
 1.56358e-06
 3.00633e-06
 2.80811e-06
 2.78611e-06
 3.13124e-06
 3.44849e-06
 3.69810e-06
 4.49480e-06
 5.38626e-06
 6.41493e-06
 7.68676e-06
 9.09653e-06
 1.08388e-05
 1.28594e-05
 1.52936e-05
 1.81843e-05
 2.16615e-05
 2.58434e-05
 3.09070e-05
 3.70613e-05
 4.45844e-05
 5.38302e-05
 6.52664e-05
 7.95114e-05
 9.74084e-05
 1.20113e-04
 1.49257e-04
 1.87386e-04
 2.38406e-04
 3.07634e-04
 4.01377e-04
 5.26021e-04
 6.83421e-04
 8.61438e-04
 1.02379e-03
 1.11409e-03
 1.04390e-03
 8.09872e-04
 5.62714e-04
 4.33210e-04
 4.03468e-04
 4.00276e-04
 4.00007e-04
 4.00000e-04
 4.00000e-04
 4.00000e-04
 4.00000e-04
 4.00000e-04
 4.00000e-04
 4.00000e-04
 4.00000e-04
 4.00000e-04
 4.00000e-04
 4.00000e-04
 4.00000e-04
 4.00000e-04
 4.00000e-04
 4.00000e-04
 4.00000e-04
 4.00000e-04
 2.00000e-04
 1.92318e-06
 3.67277e-06
 3.29278e-06
 3.13124e-06
 3.32901e-06
 3.60019e-06
 4.03103e-06
 4.74901e-06
 5.62443e-06
 6.71580e-06
 7.99590e-06
 9.49695e-06
 1.12800e-05
 1.33695e-05
 1.58616e-05
 1.88274e-05
 2.23918e-05
 2.66842e-05
 3.18828e-05
 3.82045e-05
 4.59324e-05
 5.54311e-05
 6.71810e-05
 8.18198e-05
 1.00220e-04
 1.23575e-04
 1.53589e-04
 1.92924e-04
 2.45636e-04
 3.17184e-04
 4.13969e-04
 5.42297e-04
 7.03256e-04
 8.82674e-04
 1.04208e-03
 1.12038e-03
 1.03299e-03
 7.88720e-04
 5.46535e-04
 4.28176e-04
 4.02848e-04
 4.00224e-04
 4.00005e-04
 4.00000e-04
 4.00000e-04
 4.00000e-04
 4.00000e-04
 4.00000e-04
 4.00000e-04
 4.00000e-04
 4.00000e-04
 4.00000e-04
 4.00000e-04
 4.00000e-04
 4.00000e-04
 4.00000e-04
 4.00000e-04
 4.00000e-04
 4.00000e-04
 4.00000e-04
 2.00000e-04
 2.41708e-06
 4.31567e-06
 3.60696e-06
 3.44849e-06
 3.60019e-06
 3.89871e-06
 4.39142e-06
 5.12551e-06
 6.04110e-06
 7.14440e-06
 8.44962e-06
 9.98944e-06
 1.18109e-05
 1.39676e-05
 1.65380e-05
 1.96069e-05
 2.32939e-05
 2.77364e-05
 3.31172e-05
 3.96615e-05
 4.76634e-05
 5.75014e-05
 6.96749e-05
 8.48490e-05
 1.03934e-04
 1.28178e-04
 1.59381e-04
 2.00375e-04
 2.55423e-04
 3.30182e-04
 4.31192e-04
 5.64575e-04
 7.30258e-04
 9.11159e-04
 1.06639e-03
 1.12640e-03
 1.01532e-03
 7.60430e-04
 5.26523e-04
 4.22513e-04
 4.02199e-04
 4.00169e-04
 4.00002e-04
 4.00000e-04
 4.00000e-04
 4.00000e-04
 4.00000e-04
 4.00000e-04
 4.00000e-04
 4.00000e-04
 4.00000e-04
 4.00000e-04
 4.00000e-04
 4.00000e-04
 4.00000e-04
 4.00000e-04
 4.00000e-04
 4.00000e-04
 4.00000e-04
 4.00000e-04
 2.00000e-04
 2.83652e-06
 4.74233e-06
 3.65014e-06
 3.69810e-06
 4.03103e-06
 4.39142e-06
 4.96954e-06
 5.73580e-06
 6.67698e-06
 7.81344e-06
 9.16100e-06
 1.07531e-05
 1.26403e-05
 1.48796e-05
 1.75493e-05
 2.07435e-05
 2.45806e-05
 2.92089e-05
 3.48147e-05
 4.16364e-05
 4.99793e-05
 6.02425e-05
 7.29496e-05
 8.88012e-05
 1.08761e-04
 1.34146e-04
 1.66891e-04
 2.10051e-04
 2.68154e-04
 3.47109e-04
 4.53619e-04
 5.93423e-04
 7.64730e-04
 9.46536e-04
 1.09502e-03
 1.13018e-03
 9.88846e-04
 7.24332e-04
 5.03925e-04
 4.16838e-04
 4.01595e-04
 4.00117e-04
 4.00001e-04
 4.00000e-04
 4.00000e-04
 4.00000e-04
 4.00000e-04
 4.00000e-04
 4.00000e-04
 4.00000e-04
 4.00000e-04
 4.00000e-04
 4.00000e-04
 4.00000e-04
 4.00000e-04
 4.00000e-04
 4.00000e-04
 4.00000e-04
 4.00000e-04
 4.00000e-04
 2.00000e-04
 3.19421e-06
 5.50767e-06
 4.49208e-06
 4.49480e-06
 4.74901e-06
 5.12551e-06
 5.73580e-06
 6.52742e-06
 7.49785e-06
 8.66714e-06
 1.00598e-05
 1.17128e-05
 1.36790e-05
 1.60179e-05
 1.88125e-05
 2.21598e-05
 2.61851e-05
 3.10426e-05
 3.69296e-05
 4.40965e-05
 5.28662e-05
 6.36611e-05
 7.70350e-05
 9.37379e-05
 1.14795e-04
 1.41616e-04
 1.76315e-04
 2.22233e-04
 2.84225e-04
 3.68488e-04
 4.81887e-04
 6.29454e-04
 8.06873e-04
 9.88088e-04
 1.12513e-03
 1.12900e-03
 9.51840e-04
 6.80436e-04
 4.80483e-04
 4.11729e-04
 4.01086e-04
 4.00072e-04
 4.00000e-04
 4.00000e-04
 4.00000e-04
 4.00000e-04
 4.00000e-04
 4.00000e-04
 4.00000e-04
 4.00000e-04
 4.00000e-04
 4.00000e-04
 4.00000e-04
 4.00000e-04
 4.00000e-04
 4.00000e-04
 4.00000e-04
 4.00000e-04
 4.00000e-04
 4.00000e-04
 2.00000e-04
 3.82773e-06
 6.60155e-06
 5.41679e-06
 5.38626e-06
 5.62443e-06
 6.04110e-06
 6.67698e-06
 7.49785e-06
 8.51304e-06
 9.73168e-06
 1.11890e-05
 1.29222e-05
 1.49878e-05
 1.74515e-05
 2.03979e-05
 2.39317e-05
 2.81838e-05
 3.33193e-05
 3.95465e-05
 4.71327e-05
 5.64220e-05
 6.78650e-05
 8.20565e-05
 9.98038e-05
 1.22211e-04
 1.50809e-04
 1.87953e-04
 2.37334e-04
 3.04193e-04
 3.95045e-04
 5.16852e-04
 6.73453e-04
 8.56857e-04
 1.03473e-03
 1.15332e-03
 1.11855e-03
 9.02974e-04
 6.30861e-04
 4.58194e-04
 4.07584e-04
 4.00693e-04
 4.00039e-04
 4.00000e-04
 4.00000e-04
 4.00000e-04
 4.00000e-04
 4.00000e-04
 4.00000e-04
 4.00000e-04
 4.00000e-04
 4.00000e-04
 4.00000e-04
 4.00000e-04
 4.00000e-04
 4.00000e-04
 4.00000e-04
 4.00000e-04
 4.00000e-04
 4.00000e-04
 4.00000e-04
 2.00000e-04
 4.42001e-06
 7.66022e-06
 6.36121e-06
 6.41493e-06
 6.71580e-06
 7.14440e-06
 7.81344e-06
 8.66714e-06
 9.73168e-06
 1.10134e-05
 1.25515e-05
 1.43860e-05
 1.65769e-05
 1.91941e-05
 2.23282e-05
 2.60900e-05
 3.06197e-05
 3.60929e-05
 4.27338e-05
 5.08284e-05
 6.07478e-05
 7.29780e-05
 8.81620e-05
 1.07184e-04
 1.31239e-04
 1.62024e-04
 2.02207e-04
 2.55908e-04
 3.28804e-04
 4.27732e-04
 5.59568e-04
 7.26240e-04
 9.14581e-04
 1.08528e-03
 1.17465e-03
 1.09303e-03
 8.42402e-04
 5.79060e-04
 4.38892e-04
 4.04565e-04
 4.00412e-04
 4.00018e-04
 4.00000e-04
 4.00000e-04
 4.00000e-04
 4.00000e-04
 4.00000e-04
 4.00000e-04
 4.00000e-04
 4.00000e-04
 4.00000e-04
 4.00000e-04
 4.00000e-04
 4.00000e-04
 4.00000e-04
 4.00000e-04
 4.00000e-04
 4.00000e-04
 4.00000e-04
 4.00000e-04
 2.00000e-04
 5.03056e-06
 8.87233e-06
 7.59373e-06
 7.68676e-06
 7.99590e-06
 8.44962e-06
 9.16100e-06
 1.00598e-05
 1.11890e-05
 1.25515e-05
 1.41916e-05
 1.61519e-05
 1.84962e-05
 2.13007e-05
 2.46616e-05
 2.86993e-05
 3.35634e-05
 3.94443e-05
 4.65835e-05
 5.52911e-05
 6.59716e-05
 7.91509e-05
 9.55406e-05
 1.16109e-04
 1.42169e-04
 1.75649e-04
 2.19614e-04
 2.78690e-04
 3.59032e-04
 4.67774e-04
 6.11270e-04
 7.88499e-04
 9.79295e-04
 1.13789e-03
 1.18407e-03
 1.04684e-03
 7.71238e-04
 5.29008e-04
 4.23805e-04
 4.02580e-04
 4.00225e-04
 4.00006e-04
 4.00000e-04
 4.00000e-04
 4.00000e-04
 4.00000e-04
 4.00000e-04
 4.00000e-04
 4.00000e-04
 4.00000e-04
 4.00000e-04
 4.00000e-04
 4.00000e-04
 4.00000e-04
 4.00000e-04
 4.00000e-04
 4.00000e-04
 4.00000e-04
 4.00000e-04
 4.00000e-04
 2.00000e-04
 5.78839e-06
 1.02949e-05
 8.92445e-06
 9.09653e-06
 9.49695e-06
 9.98944e-06
 1.07531e-05
 1.17128e-05
 1.29222e-05
 1.43860e-05
 1.61519e-05
 1.82668e-05
 2.07991e-05
 2.38313e-05
 2.74676e-05
 3.18377e-05
 3.71052e-05
 4.34765e-05
 5.12149e-05
 6.06613e-05
 7.22564e-05
 8.65833e-05
 1.04432e-04
 1.26874e-04
 1.55380e-04
 1.92194e-04
 2.40885e-04
 3.06647e-04
 3.96138e-04
 5.16679e-04
 6.73321e-04
 8.60523e-04
 1.04913e-03
 1.18618e-03
 1.17683e-03
 9.78418e-04
 6.91655e-04
 4.85008e-04
 4.13276e-04
 4.01373e-04
 4.00108e-04
 4.00001e-04
 4.00000e-04
 4.00000e-04
 4.00000e-04
 4.00000e-04
 4.00000e-04
 4.00000e-04
 4.00000e-04
 4.00000e-04
 4.00000e-04
 4.00000e-04
 4.00000e-04
 4.00000e-04
 4.00000e-04
 4.00000e-04
 4.00000e-04
 4.00000e-04
 4.00000e-04
 4.00000e-04
 2.00000e-04
 6.61734e-06
 1.19208e-05
 1.05761e-05
 1.08388e-05
 1.12800e-05
 1.18109e-05
 1.26403e-05
 1.36790e-05
 1.49878e-05
 1.65769e-05
 1.84962e-05
 2.07991e-05
 2.35588e-05
 2.68660e-05
 3.08337e-05
 3.56041e-05
 4.13562e-05
 4.83166e-05
 5.67763e-05
 6.71104e-05
 7.98091e-05
 9.55228e-05
 1.15143e-04
 1.39861e-04
 1.71370e-04
 2.12349e-04
 2.66969e-04
 3.41053e-04
 4.41727e-04
 5.76199e-04
 7.47011e-04
 9.41823e-04
 1.12119e-03
 1.21974e-03
 1.14428e-03
 8.90617e-04
 6.10460e-04
 4.50513e-04
 4.06771e-04
 4.00685e-04
 4.00043e-04
 4.00000e-04
 4.00000e-04
 4.00000e-04
 4.00000e-04
 4.00000e-04
 4.00000e-04
 4.00000e-04
 4.00000e-04
 4.00000e-04
 4.00000e-04
 4.00000e-04
 4.00000e-04
 4.00000e-04
 4.00000e-04
 4.00000e-04
 4.00000e-04
 4.00000e-04
 4.00000e-04
 4.00000e-04
 2.00000e-04
 7.61398e-06
 1.38762e-05
 1.25260e-05
 1.28594e-05
 1.33695e-05
 1.39676e-05
 1.48796e-05
 1.60179e-05
 1.74515e-05
 1.91941e-05
 2.13007e-05
 2.38313e-05
 2.68660e-05
 3.05042e-05
 3.48709e-05
 4.01226e-05
 4.64572e-05
 5.41264e-05
 6.34538e-05
 7.48593e-05
 8.88894e-05
 1.06291e-04
 1.28063e-04
 1.55558e-04
 1.90803e-04
 2.37039e-04
 2.99135e-04
 3.83571e-04
 4.97815e-04
 6.48222e-04
 8.33074e-04
 1.03035e-03
 1.19099e-03
 1.22965e-03
 1.07727e-03
 7.88027e-04
 5.37121e-04
 4.26792e-04
 4.03207e-04
 4.00314e-04
 4.00013e-04
 4.00000e-04
 4.00000e-04
 4.00000e-04
 4.00000e-04
 4.00000e-04
 4.00000e-04
 4.00000e-04
 4.00000e-04
 4.00000e-04
 4.00000e-04
 4.00000e-04
 4.00000e-04
 4.00000e-04
 4.00000e-04
 4.00000e-04
 4.00000e-04
 4.00000e-04
 4.00000e-04
 4.00000e-04
 2.00000e-04
 8.75911e-06
 1.61854e-05
 1.48963e-05
 1.52936e-05
 1.58616e-05
 1.65380e-05
 1.75493e-05
 1.88125e-05
 2.03979e-05
 2.23282e-05
 2.46616e-05
 2.74676e-05
 3.08337e-05
 3.48709e-05
 3.97178e-05
 4.55487e-05
 5.25849e-05
 6.11086e-05
 7.14854e-05
 8.41837e-05
 9.98373e-05
 1.19297e-04
 1.43693e-04
 1.74621e-04
 2.14583e-04
 2.67522e-04
 3.39074e-04
 4.36333e-04
 5.66783e-04
 7.34522e-04
 9.30969e-04
 1.12147e-03
 1.24637e-03
 1.20734e-03
 9.76380e-04
 6.78692e-04
 4.79047e-04
 4.12665e-04
 4.01432e-04
 4.00124e-04
 4.00003e-04
 4.00000e-04
 4.00000e-04
 4.00000e-04
 4.00000e-04
 4.00000e-04
 4.00000e-04
 4.00000e-04
 4.00000e-04
 4.00000e-04
 4.00000e-04
 4.00000e-04
 4.00000e-04
 4.00000e-04
 4.00000e-04
 4.00000e-04
 4.00000e-04
 4.00000e-04
 4.00000e-04
 4.00000e-04
 2.00000e-04
 1.01375e-05
 1.89657e-05
 1.77306e-05
 1.81843e-05
 1.88274e-05
 1.96069e-05
 2.07435e-05
 2.21598e-05
 2.39317e-05
 2.60900e-05
 2.86993e-05
 3.18377e-05
 3.56041e-05
 4.01226e-05
 4.55487e-05
 5.20790e-05
 5.99630e-05
 6.95231e-05
 8.11682e-05
 9.54455e-05
 1.13087e-04
 1.35066e-04
 1.62694e-04
 1.97942e-04
 2.43962e-04
 3.05515e-04
 3.89019e-04
 5.02001e-04
 6.51142e-04
 8.36097e-04
 1.03783e-03
 1.20912e-03
 1.26947e-03
 1.13924e-03
 8.51511e-04
 5.76953e-04
 4.39742e-04
 4.05424e-04
 4.00597e-04
 4.00039e-04
 4.00000e-04
 4.00000e-04
 4.00000e-04
 4.00000e-04
 4.00000e-04
 4.00000e-04
 4.00000e-04
 4.00000e-04
 4.00000e-04
 4.00000e-04
 4.00000e-04
 4.00000e-04
 4.00000e-04
 4.00000e-04
 4.00000e-04
 4.00000e-04
 4.00000e-04
 4.00000e-04
 4.00000e-04
 4.00000e-04
 2.00000e-04
 1.17774e-05
 2.22974e-05
 2.11462e-05
 2.16615e-05
 2.23918e-05
 2.32939e-05
 2.45806e-05
 2.61851e-05
 2.81838e-05
 3.06197e-05
 3.35634e-05
 3.71052e-05
 4.13562e-05
 4.64572e-05
 5.25849e-05
 5.99630e-05
 6.88792e-05
 7.96959e-05
 9.28940e-05
 1.09113e-04
 1.29202e-04
 1.54282e-04
 1.85961e-04
 2.26775e-04
 2.80687e-04
 3.53338e-04
 4.51845e-04
 5.83675e-04
 7.53030e-04
 9.51894e-04
 1.14677e-03
 1.27812e-03
 1.24798e-03
 1.02251e-03
 7.15889e-04
 4.97166e-04
 4.17389e-04
 4.02167e-04
 4.00219e-04
 4.00008e-04
 4.00000e-04
 4.00000e-04
 4.00000e-04
 4.00000e-04
 4.00000e-04
 4.00000e-04
 4.00000e-04
 4.00000e-04
 4.00000e-04
 4.00000e-04
 4.00000e-04
 4.00000e-04
 4.00000e-04
 4.00000e-04
 4.00000e-04
 4.00000e-04
 4.00000e-04
 4.00000e-04
 4.00000e-04
 4.00000e-04
 2.00000e-04
 1.37582e-05
 2.63225e-05
 2.52616e-05
 2.58434e-05
 2.66842e-05
 2.77364e-05
 2.92089e-05
 3.10426e-05
 3.33193e-05
 3.60929e-05
 3.94443e-05
 4.34765e-05
 4.83166e-05
 5.41264e-05
 6.11086e-05
 6.95231e-05
 7.96959e-05
 9.20571e-05
 1.07174e-04
 1.25798e-04
 1.48910e-04
 1.77872e-04
 2.14773e-04
 2.62913e-04
 3.27177e-04
 4.14063e-04
 5.31058e-04
 6.84448e-04
 8.73122e-04
 1.07699e-03
 1.24785e-03
 1.30357e-03
 1.16649e-03
 8.72545e-04
 5.90404e-04
 4.45346e-04
 4.06752e-04
 4.00811e-04
 4.00064e-04
 4.00001e-04
 4.00000e-04
 4.00000e-04
 4.00000e-04
 4.00000e-04
 4.00000e-04
 4.00000e-04
 4.00000e-04
 4.00000e-04
 4.00000e-04
 4.00000e-04
 4.00000e-04
 4.00000e-04
 4.00000e-04
 4.00000e-04
 4.00000e-04
 4.00000e-04
 4.00000e-04
 4.00000e-04
 4.00000e-04
 4.00000e-04
 2.00000e-04
 1.61540e-05
 3.11943e-05
 3.02439e-05
 3.09070e-05
 3.18828e-05
 3.31172e-05
 3.48147e-05
 3.69296e-05
 3.95465e-05
 4.27338e-05
 4.65835e-05
 5.12149e-05
 5.67763e-05
 6.34538e-05
 7.14854e-05
 8.11682e-05
 9.28940e-05
 1.07174e-04
 1.24681e-04
 1.46292e-04
 1.73194e-04
 2.07165e-04
 2.50993e-04
 3.08899e-04
 3.86709e-04
 4.91564e-04
 6.30495e-04
 8.06349e-04
 1.00852e-03
 1.20044e-03
 1.31779e-03
 1.26637e-03
 1.02351e-03
 7.11914e-04
 4.96449e-04
 4.18007e-04
 4.02419e-04
 4.00268e-04
 4.00013e-04
 4.00000e-04
 4.00000e-04
 4.00000e-04
 4.00000e-04
 4.00000e-04
 4.00000e-04
 4.00000e-04
 4.00000e-04
 4.00000e-04
 4.00000e-04
 4.00000e-04
 4.00000e-04
 4.00000e-04
 4.00000e-04
 4.00000e-04
 4.00000e-04
 4.00000e-04
 4.00000e-04
 4.00000e-04
 4.00000e-04
 4.00000e-04
 2.00000e-04
 1.90726e-05
 3.71247e-05
 3.63005e-05
 3.70613e-05
 3.82045e-05
 3.96615e-05
 4.16364e-05
 4.40965e-05
 4.71327e-05
 5.08284e-05
 5.52911e-05
 6.06613e-05
 6.71104e-05
 7.48593e-05
 8.41837e-05
 9.54455e-05
 1.09113e-04
 1.25798e-04
 1.46292e-04
 1.71662e-04
 2.03473e-04
 2.44137e-04
 2.97332e-04
 3.68250e-04
 4.63518e-04
 5.90266e-04
 7.53328e-04
 9.48280e-04
 1.14958e-03
 1.30478e-03
 1.32620e-03
 1.15180e-03
 8.43783e-04
 5.71726e-04
 4.40420e-04
 4.06276e-04
 4.00807e-04
 4.00069e-04
 4.00001e-04
 4.00000e-04
 4.00000e-04
 4.00000e-04
 4.00000e-04
 4.00000e-04
 4.00000e-04
 4.00000e-04
 4.00000e-04
 4.00000e-04
 4.00000e-04
 4.00000e-04
 4.00000e-04
 4.00000e-04
 4.00000e-04
 4.00000e-04
 4.00000e-04
 4.00000e-04
 4.00000e-04
 4.00000e-04
 4.00000e-04
 4.00000e-04
 2.00000e-04
 2.26450e-05
 4.43768e-05
 4.37015e-05
 4.45844e-05
 4.59324e-05
 4.76634e-05
 4.99793e-05
 5.28662e-05
 5.64220e-05
 6.07478e-05
 6.59716e-05
 7.22564e-05
 7.98091e-05
 8.88894e-05
 9.98373e-05
 1.13087e-04
 1.29202e-04
 1.48910e-04
 1.73194e-04
 2.03473e-04
 2.41900e-04
 2.91729e-04
 3.57600e-04
 4.45584e-04
 5.62571e-04
 7.14247e-04
 8.99913e-04
 1.10240e-03
 1.27880e-03
 1.35391e-03
 1.24740e-03
 9.70036e-04
 6.64337e-04
 4.76862e-04
 4.14199e-04
 4.02018e-04
 4.00233e-04
 4.00011e-04
 4.00000e-04
 4.00000e-04
 4.00000e-04
 4.00000e-04
 4.00000e-04
 4.00000e-04
 4.00000e-04
 4.00000e-04
 4.00000e-04
 4.00000e-04
 4.00000e-04
 4.00000e-04
 4.00000e-04
 4.00000e-04
 4.00000e-04
 4.00000e-04
 4.00000e-04
 4.00000e-04
 4.00000e-04
 4.00000e-04
 4.00000e-04
 4.00000e-04
 2.00000e-04
 2.70443e-05
 5.32970e-05
 5.27956e-05
 5.38302e-05
 5.54311e-05
 5.75014e-05
 6.02425e-05
 6.36611e-05
 6.78650e-05
 7.29780e-05
 7.91509e-05
 8.65833e-05
 9.55228e-05
 1.06291e-04
 1.19297e-04
 1.35066e-04
 1.54282e-04
 1.77872e-04
 2.07165e-04
 2.44137e-04
 2.91729e-04
 3.54121e-04
 4.36848e-04
 5.46395e-04
 6.88651e-04
 8.64964e-04
 1.06378e-03
 1.24995e-03
 1.36113e-03
 1.31208e-03
 1.07811e-03
 7.62677e-04
 5.26333e-04
 4.27833e-04
 4.04394e-04
 4.00592e-04
 4.00048e-04
 4.00000e-04
 4.00000e-04
 4.00000e-04
 4.00000e-04
 4.00000e-04
 4.00000e-04
 4.00000e-04
 4.00000e-04
 4.00000e-04
 4.00000e-04
 4.00000e-04
 4.00000e-04
 4.00000e-04
 4.00000e-04
 4.00000e-04
 4.00000e-04
 4.00000e-04
 4.00000e-04
 4.00000e-04
 4.00000e-04
 4.00000e-04
 4.00000e-04
 4.00000e-04
 2.00000e-04
 3.24970e-05
 6.43391e-05
 6.40410e-05
 6.52664e-05
 6.71810e-05
 6.96749e-05
 7.29496e-05
 7.70350e-05
 8.20565e-05
 8.81620e-05
 9.55406e-05
 1.04432e-04
 1.15143e-04
 1.28063e-04
 1.43693e-04
 1.62694e-04
 1.85961e-04
 2.14773e-04
 2.50993e-04
 2.97332e-04
 3.57600e-04
 4.36848e-04
 5.41079e-04
 6.76018e-04
 8.43945e-04
 1.03679e-03
 1.22576e-03
 1.35869e-03
 1.35369e-03
 1.16304e-03
 8.54484e-04
 5.83677e-04
 4.47589e-04
 4.08483e-04
 4.01258e-04
 4.00139e-04
 4.00005e-04
 4.00000e-04
 4.00000e-04
 4.00000e-04
 4.00000e-04
 4.00000e-04
 4.00000e-04
 4.00000e-04
 4.00000e-04
 4.00000e-04
 4.00000e-04
 4.00000e-04
 4.00000e-04
 4.00000e-04
 4.00000e-04
 4.00000e-04
 4.00000e-04
 4.00000e-04
 4.00000e-04
 4.00000e-04
 4.00000e-04
 4.00000e-04
 4.00000e-04
 4.00000e-04
 2.00000e-04
 3.93026e-05
 7.81045e-05
 7.80445e-05
 7.95114e-05
 8.18198e-05
 8.48490e-05
 8.88012e-05
 9.37379e-05
 9.98038e-05
 1.07184e-04
 1.16109e-04
 1.26874e-04
 1.39861e-04
 1.55558e-04
 1.74621e-04
 1.97942e-04
 2.26775e-04
 2.62913e-04
 3.08899e-04
 3.68250e-04
 4.45584e-04
 5.46395e-04
 6.76018e-04
 8.36943e-04
 1.02299e-03
 1.21016e-03
 1.35299e-03
 1.37726e-03
 1.22349e-03
 9.31355e-04
 6.41356e-04
 4.71856e-04
 4.14463e-04
 4.02331e-04
 4.00312e-04
 4.00020e-04
 4.00000e-04
 4.00000e-04
 4.00000e-04
 4.00000e-04
 4.00000e-04
 4.00000e-04
 4.00000e-04
 4.00000e-04
 4.00000e-04
 4.00000e-04
 4.00000e-04
 4.00000e-04
 4.00000e-04
 4.00000e-04
 4.00000e-04
 4.00000e-04
 4.00000e-04
 4.00000e-04
 4.00000e-04
 4.00000e-04
 4.00000e-04
 4.00000e-04
 4.00000e-04
 4.00000e-04
 2.00000e-04
 4.78690e-05
 9.54115e-05
 9.56331e-05
 9.74084e-05
 1.00220e-04
 1.03934e-04
 1.08761e-04
 1.14795e-04
 1.22211e-04
 1.31239e-04
 1.42169e-04
 1.55380e-04
 1.71370e-04
 1.90803e-04
 2.14583e-04
 2.43962e-04
 2.80687e-04
 3.27177e-04
 3.86709e-04
 4.63518e-04
 5.62571e-04
 6.88651e-04
 8.43945e-04
 1.02299e-03
 1.20475e-03
 1.34923e-03
 1.38832e-03
 1.26052e-03
 9.88315e-04
 6.91714e-04
 4.97215e-04
 4.21893e-04
 4.03820e-04
 4.00575e-04
 4.00052e-04
 4.00000e-04
 4.00000e-04
 4.00000e-04
 4.00000e-04
 4.00000e-04
 4.00000e-04
 4.00000e-04
 4.00000e-04
 4.00000e-04
 4.00000e-04
 4.00000e-04
 4.00000e-04
 4.00000e-04
 4.00000e-04
 4.00000e-04
 4.00000e-04
 4.00000e-04
 4.00000e-04
 4.00000e-04
 4.00000e-04
 4.00000e-04
 4.00000e-04
 4.00000e-04
 4.00000e-04
 4.00000e-04
 2.00000e-04
 5.87540e-05
 1.17383e-04
 1.17939e-04
 1.20113e-04
 1.23575e-04
 1.28178e-04
 1.34146e-04
 1.41616e-04
 1.50809e-04
 1.62024e-04
 1.75649e-04
 1.92194e-04
 2.12349e-04
 2.37039e-04
 2.67522e-04
 3.05515e-04
 3.53338e-04
 4.14063e-04
 4.91564e-04
 5.90266e-04
 7.14247e-04
 8.64964e-04
 1.03679e-03
 1.21016e-03
 1.34923e-03
 1.39153e-03
 1.27825e-03
 1.02317e-03
 7.28621e-04
 5.19430e-04
 4.29631e-04
 4.05589e-04
 4.00916e-04
 4.00105e-04
 4.00003e-04
 4.00000e-04
 4.00000e-04
 4.00000e-04
 4.00000e-04
 4.00000e-04
 4.00000e-04
 4.00000e-04
 4.00000e-04
 4.00000e-04
 4.00000e-04
 4.00000e-04
 4.00000e-04
 4.00000e-04
 4.00000e-04
 4.00000e-04
 4.00000e-04
 4.00000e-04
 4.00000e-04
 4.00000e-04
 4.00000e-04
 4.00000e-04
 4.00000e-04
 4.00000e-04
 4.00000e-04
 4.00000e-04
 2.00000e-04
 7.27393e-05
 1.45587e-04
 1.46553e-04
 1.49257e-04
 1.53589e-04
 1.59381e-04
 1.66891e-04
 1.76315e-04
 1.87953e-04
 2.02207e-04
 2.19614e-04
 2.40885e-04
 2.66969e-04
 2.99135e-04
 3.39074e-04
 3.89019e-04
 4.51845e-04
 5.31058e-04
 6.30495e-04
 7.53328e-04
 8.99913e-04
 1.06378e-03
 1.22576e-03
 1.35299e-03
 1.38832e-03
 1.27825e-03
 1.03487e-03
 7.48045e-04
 5.34560e-04
 4.36093e-04
 4.07324e-04
 4.01286e-04
 4.00173e-04
 4.00010e-04
 4.00000e-04
 4.00000e-04
 4.00000e-04
 4.00000e-04
 4.00000e-04
 4.00000e-04
 4.00000e-04
 4.00000e-04
 4.00000e-04
 4.00000e-04
 4.00000e-04
 4.00000e-04
 4.00000e-04
 4.00000e-04
 4.00000e-04
 4.00000e-04
 4.00000e-04
 4.00000e-04
 4.00000e-04
 4.00000e-04
 4.00000e-04
 4.00000e-04
 4.00000e-04
 4.00000e-04
 4.00000e-04
 4.00000e-04
 2.00000e-04
 9.10248e-05
 1.82435e-04
 1.83933e-04
 1.87386e-04
 1.92924e-04
 2.00375e-04
 2.10051e-04
 2.22233e-04
 2.37334e-04
 2.55908e-04
 2.78690e-04
 3.06647e-04
 3.41053e-04
 3.83571e-04
 4.36333e-04
 5.02001e-04
 5.83675e-04
 6.84448e-04
 8.06349e-04
 9.48280e-04
 1.10240e-03
 1.24995e-03
 1.35869e-03
 1.37726e-03
 1.26052e-03
 1.02317e-03
 7.48045e-04
 5.39919e-04
 4.39769e-04
 4.08601e-04
 4.01609e-04
 4.00241e-04
 4.00018e-04
 4.00000e-04
 4.00000e-04
 4.00000e-04
 4.00000e-04
 4.00000e-04
 4.00000e-04
 4.00000e-04
 4.00000e-04
 4.00000e-04
 4.00000e-04
 4.00000e-04
 4.00000e-04
 4.00000e-04
 4.00000e-04
 4.00000e-04
 4.00000e-04
 4.00000e-04
 4.00000e-04
 4.00000e-04
 4.00000e-04
 4.00000e-04
 4.00000e-04
 4.00000e-04
 4.00000e-04
 4.00000e-04
 4.00000e-04
 4.00000e-04
 2.00000e-04
 1.15471e-04
 2.31662e-04
 2.33877e-04
 2.38406e-04
 2.45636e-04
 2.55423e-04
 2.68154e-04
 2.84225e-04
 3.04193e-04
 3.28804e-04
 3.59032e-04
 3.96138e-04
 4.41727e-04
 4.97815e-04
 5.66783e-04
 6.51142e-04
 7.53030e-04
 8.73122e-04
 1.00852e-03
 1.14958e-03
 1.27880e-03
 1.36113e-03
 1.35369e-03
 1.22349e-03
 9.88315e-04
 7.28621e-04
 5.34560e-04
 4.39769e-04
 4.09070e-04
 4.01799e-04
 4.00293e-04
 4.00025e-04
 4.00000e-04
 4.00000e-04
 4.00000e-04
 4.00000e-04
 4.00000e-04
 4.00000e-04
 4.00000e-04
 4.00000e-04
 4.00000e-04
 4.00000e-04
 4.00000e-04
 4.00000e-04
 4.00000e-04
 4.00000e-04
 4.00000e-04
 4.00000e-04
 4.00000e-04
 4.00000e-04
 4.00000e-04
 4.00000e-04
 4.00000e-04
 4.00000e-04
 4.00000e-04
 4.00000e-04
 4.00000e-04
 4.00000e-04
 4.00000e-04
 4.00000e-04
 2.00000e-04
 1.48658e-04
 2.98448e-04
 3.01617e-04
 3.07634e-04
 3.17184e-04
 3.30182e-04
 3.47109e-04
 3.68488e-04
 3.95045e-04
 4.27732e-04
 4.67774e-04
 5.16679e-04
 5.76199e-04
 6.48222e-04
 7.34522e-04
 8.36097e-04
 9.51894e-04
 1.07699e-03
 1.20044e-03
 1.30478e-03
 1.35391e-03
 1.31208e-03
 1.16304e-03
 9.31355e-04
 6.91714e-04
 5.19430e-04
 4.36093e-04
 4.08601e-04
 4.01799e-04
 4.00313e-04
 4.00030e-04
 4.00000e-04
 4.00000e-04
 4.00000e-04
 4.00000e-04
 4.00000e-04
 4.00000e-04
 4.00000e-04
 4.00000e-04
 4.00000e-04
 4.00000e-04
 4.00000e-04
 4.00000e-04
 4.00000e-04
 4.00000e-04
 4.00000e-04
 4.00000e-04
 4.00000e-04
 4.00000e-04
 4.00000e-04
 4.00000e-04
 4.00000e-04
 4.00000e-04
 4.00000e-04
 4.00000e-04
 4.00000e-04
 4.00000e-04
 4.00000e-04
 4.00000e-04
 4.00000e-04
 2.00000e-04
 1.93698e-04
 3.89035e-04
 3.93417e-04
 4.01377e-04
 4.13969e-04
 4.31192e-04
 4.53619e-04
 4.81887e-04
 5.16852e-04
 5.59568e-04
 6.11270e-04
 6.73321e-04
 7.47011e-04
 8.33074e-04
 9.30969e-04
 1.03783e-03
 1.14677e-03
 1.24785e-03
 1.31779e-03
 1.32620e-03
 1.24740e-03
 1.07811e-03
 8.54484e-04
 6.41356e-04
 4.97215e-04
 4.29631e-04
 4.07324e-04
 4.01609e-04
 4.00293e-04
 4.00030e-04
 4.00000e-04
 4.00000e-04
 4.00000e-04
 4.00000e-04
 4.00000e-04
 4.00000e-04
 4.00000e-04
 4.00000e-04
 4.00000e-04
 4.00000e-04
 4.00000e-04
 4.00000e-04
 4.00000e-04
 4.00000e-04
 4.00000e-04
 4.00000e-04
 4.00000e-04
 4.00000e-04
 4.00000e-04
 4.00000e-04
 4.00000e-04
 4.00000e-04
 4.00000e-04
 4.00000e-04
 4.00000e-04
 4.00000e-04
 4.00000e-04
 4.00000e-04
 4.00000e-04
 4.00000e-04
 2.00000e-04
 2.53838e-04
 5.09903e-04
 5.15716e-04
 5.26021e-04
 5.42297e-04
 5.64575e-04
 5.93423e-04
 6.29454e-04
 6.73453e-04
 7.26240e-04
 7.88499e-04
 8.60523e-04
 9.41823e-04
 1.03035e-03
 1.12147e-03
 1.20912e-03
 1.27812e-03
 1.30357e-03
 1.26637e-03
 1.15180e-03
 9.70036e-04
 7.62677e-04
 5.83677e-04
 4.71856e-04
 4.21893e-04
 4.05589e-04
 4.01286e-04
 4.00241e-04
 4.00025e-04
 4.00000e-04
 4.00000e-04
 4.00000e-04
 4.00000e-04
 4.00000e-04
 4.00000e-04
 4.00000e-04
 4.00000e-04
 4.00000e-04
 4.00000e-04
 4.00000e-04
 4.00000e-04
 4.00000e-04
 4.00000e-04
 4.00000e-04
 4.00000e-04
 4.00000e-04
 4.00000e-04
 4.00000e-04
 4.00000e-04
 4.00000e-04
 4.00000e-04
 4.00000e-04
 4.00000e-04
 4.00000e-04
 4.00000e-04
 4.00000e-04
 4.00000e-04
 4.00000e-04
 4.00000e-04
 4.00000e-04
 2.00000e-04
 3.30471e-04
 6.63724e-04
 6.70873e-04
 6.83421e-04
 7.03256e-04
 7.30258e-04
 7.64730e-04
 8.06873e-04
 8.56857e-04
 9.14581e-04
 9.79295e-04
 1.04913e-03
 1.12119e-03
 1.19099e-03
 1.24637e-03
 1.26947e-03
 1.24798e-03
 1.16649e-03
 1.02351e-03
 8.43783e-04
 6.64337e-04
 5.26333e-04
 4.47589e-04
 4.14463e-04
 4.03820e-04
 4.00916e-04
 4.00173e-04
 4.00018e-04
 4.00000e-04
 4.00000e-04
 4.00000e-04
 4.00000e-04
 4.00000e-04
 4.00000e-04
 4.00000e-04
 4.00000e-04
 4.00000e-04
 4.00000e-04
 4.00000e-04
 4.00000e-04
 4.00000e-04
 4.00000e-04
 4.00000e-04
 4.00000e-04
 4.00000e-04
 4.00000e-04
 4.00000e-04
 4.00000e-04
 4.00000e-04
 4.00000e-04
 4.00000e-04
 4.00000e-04
 4.00000e-04
 4.00000e-04
 4.00000e-04
 4.00000e-04
 4.00000e-04
 4.00000e-04
 4.00000e-04
 4.00000e-04
 2.00000e-04
 4.18672e-04
 8.40388e-04
 8.48037e-04
 8.61438e-04
 8.82674e-04
 9.11159e-04
 9.46536e-04
 9.88088e-04
 1.03473e-03
 1.08528e-03
 1.13789e-03
 1.18618e-03
 1.21974e-03
 1.22965e-03
 1.20734e-03
 1.13924e-03
 1.02251e-03
 8.72545e-04
 7.11914e-04
 5.71726e-04
 4.76862e-04
 4.27833e-04
 4.08483e-04
 4.02331e-04
 4.00575e-04
 4.00105e-04
 4.00010e-04
 4.00000e-04
 4.00000e-04
 4.00000e-04
 4.00000e-04
 4.00000e-04
 4.00000e-04
 4.00000e-04
 4.00000e-04
 4.00000e-04
 4.00000e-04
 4.00000e-04
 4.00000e-04
 4.00000e-04
 4.00000e-04
 4.00000e-04
 4.00000e-04
 4.00000e-04
 4.00000e-04
 4.00000e-04
 4.00000e-04
 4.00000e-04
 4.00000e-04
 4.00000e-04
 4.00000e-04
 4.00000e-04
 4.00000e-04
 4.00000e-04
 4.00000e-04
 4.00000e-04
 4.00000e-04
 4.00000e-04
 4.00000e-04
 4.00000e-04
 2.00000e-04
 5.01687e-04
 1.00608e-03
 1.01250e-03
 1.02379e-03
 1.04208e-03
 1.06639e-03
 1.09502e-03
 1.12513e-03
 1.15332e-03
 1.17465e-03
 1.18407e-03
 1.17683e-03
 1.14428e-03
 1.07727e-03
 9.76380e-04
 8.51511e-04
 7.15889e-04
 5.90404e-04
 4.96449e-04
 4.40420e-04
 4.14199e-04
 4.04394e-04
 4.01258e-04
 4.00312e-04
 4.00052e-04
 4.00003e-04
 4.00000e-04
 4.00000e-04
 4.00000e-04
 4.00000e-04
 4.00000e-04
 4.00000e-04
 4.00000e-04
 4.00000e-04
 4.00000e-04
 4.00000e-04
 4.00000e-04
 4.00000e-04
 4.00000e-04
 4.00000e-04
 4.00000e-04
 4.00000e-04
 4.00000e-04
 4.00000e-04
 4.00000e-04
 4.00000e-04
 4.00000e-04
 4.00000e-04
 4.00000e-04
 4.00000e-04
 4.00000e-04
 4.00000e-04
 4.00000e-04
 4.00000e-04
 4.00000e-04
 4.00000e-04
 4.00000e-04
 4.00000e-04
 4.00000e-04
 4.00000e-04
 2.00000e-04
 5.53057e-04
 1.10754e-03
 1.11005e-03
 1.11409e-03
 1.12038e-03
 1.12640e-03
 1.13018e-03
 1.12900e-03
 1.11855e-03
 1.09303e-03
 1.04684e-03
 9.78418e-04
 8.90617e-04
 7.88027e-04
 6.78692e-04
 5.76953e-04
 4.97166e-04
 4.45346e-04
 4.18007e-04
 4.06276e-04
 4.02018e-04
 4.00592e-04
 4.00139e-04
 4.00020e-04
 4.00000e-04
 4.00000e-04
 4.00000e-04
 4.00000e-04
 4.00000e-04
 4.00000e-04
 4.00000e-04
 4.00000e-04
 4.00000e-04
 4.00000e-04
 4.00000e-04
 4.00000e-04
 4.00000e-04
 4.00000e-04
 4.00000e-04
 4.00000e-04
 4.00000e-04
 4.00000e-04
 4.00000e-04
 4.00000e-04
 4.00000e-04
 4.00000e-04
 4.00000e-04
 4.00000e-04
 4.00000e-04
 4.00000e-04
 4.00000e-04
 4.00000e-04
 4.00000e-04
 4.00000e-04
 4.00000e-04
 4.00000e-04
 4.00000e-04
 4.00000e-04
 4.00000e-04
 4.00000e-04
 2.00000e-04
 5.27763e-04
 1.05480e-03
 1.05103e-03
 1.04390e-03
 1.03299e-03
 1.01532e-03
 9.88846e-04
 9.51840e-04
 9.02974e-04
 8.42402e-04
 7.71238e-04
 6.91655e-04
 6.10460e-04
 5.37121e-04
 4.79047e-04
 4.39742e-04
 4.17389e-04
 4.06752e-04
 4.02419e-04
 4.00807e-04
 4.00233e-04
 4.00048e-04
 4.00005e-04
 4.00000e-04
 4.00000e-04
 4.00000e-04
 4.00000e-04
 4.00000e-04
 4.00000e-04
 4.00000e-04
 4.00000e-04
 4.00000e-04
 4.00000e-04
 4.00000e-04
 4.00000e-04
 4.00000e-04
 4.00000e-04
 4.00000e-04
 4.00000e-04
 4.00000e-04
 4.00000e-04
 4.00000e-04
 4.00000e-04
 4.00000e-04
 4.00000e-04
 4.00000e-04
 4.00000e-04
 4.00000e-04
 4.00000e-04
 4.00000e-04
 4.00000e-04
 4.00000e-04
 4.00000e-04
 4.00000e-04
 4.00000e-04
 4.00000e-04
 4.00000e-04
 4.00000e-04
 4.00000e-04
 4.00000e-04
 2.00000e-04
 4.17857e-04
 8.33236e-04
 8.24734e-04
 8.09872e-04
 7.88720e-04
 7.60430e-04
 7.24332e-04
 6.80436e-04
 6.30861e-04
 5.79060e-04
 5.29008e-04
 4.85008e-04
 4.50513e-04
 4.26792e-04
 4.12665e-04
 4.05424e-04
 4.02167e-04
 4.00811e-04
 4.00268e-04
 4.00069e-04
 4.00011e-04
 4.00000e-04
 4.00000e-04
 4.00000e-04
 4.00000e-04
 4.00000e-04
 4.00000e-04
 4.00000e-04
 4.00000e-04
 4.00000e-04
 4.00000e-04
 4.00000e-04
 4.00000e-04
 4.00000e-04
 4.00000e-04
 4.00000e-04
 4.00000e-04
 4.00000e-04
 4.00000e-04
 4.00000e-04
 4.00000e-04
 4.00000e-04
 4.00000e-04
 4.00000e-04
 4.00000e-04
 4.00000e-04
 4.00000e-04
 4.00000e-04
 4.00000e-04
 4.00000e-04
 4.00000e-04
 4.00000e-04
 4.00000e-04
 4.00000e-04
 4.00000e-04
 4.00000e-04
 4.00000e-04
 4.00000e-04
 4.00000e-04
 4.00000e-04
 2.00000e-04
 2.91847e-04
 5.81502e-04
 5.74517e-04
 5.62714e-04
 5.46535e-04
 5.26523e-04
 5.03925e-04
 4.80483e-04
 4.58194e-04
 4.38892e-04
 4.23805e-04
 4.13276e-04
 4.06771e-04
 4.03207e-04
 4.01432e-04
 4.00597e-04
 4.00219e-04
 4.00064e-04
 4.00013e-04
 4.00001e-04
 4.00000e-04
 4.00000e-04
 4.00000e-04
 4.00000e-04
 4.00000e-04
 4.00000e-04
 4.00000e-04
 4.00000e-04
 4.00000e-04
 4.00000e-04
 4.00000e-04
 4.00000e-04
 4.00000e-04
 4.00000e-04
 4.00000e-04
 4.00000e-04
 4.00000e-04
 4.00000e-04
 4.00000e-04
 4.00000e-04
 4.00000e-04
 4.00000e-04
 4.00000e-04
 4.00000e-04
 4.00000e-04
 4.00000e-04
 4.00000e-04
 4.00000e-04
 4.00000e-04
 4.00000e-04
 4.00000e-04
 4.00000e-04
 4.00000e-04
 4.00000e-04
 4.00000e-04
 4.00000e-04
 4.00000e-04
 4.00000e-04
 4.00000e-04
 4.00000e-04
 2.00000e-04
 2.20182e-04
 4.39568e-04
 4.37134e-04
 4.33210e-04
 4.28176e-04
 4.22513e-04
 4.16838e-04
 4.11729e-04
 4.07584e-04
 4.04565e-04
 4.02580e-04
 4.01373e-04
 4.00685e-04
 4.00314e-04
 4.00124e-04
 4.00039e-04
 4.00008e-04
 4.00001e-04
 4.00000e-04
 4.00000e-04
 4.00000e-04
 4.00000e-04
 4.00000e-04
 4.00000e-04
 4.00000e-04
 4.00000e-04
 4.00000e-04
 4.00000e-04
 4.00000e-04
 4.00000e-04
 4.00000e-04
 4.00000e-04
 4.00000e-04
 4.00000e-04
 4.00000e-04
 4.00000e-04
 4.00000e-04
 4.00000e-04
 4.00000e-04
 4.00000e-04
 4.00000e-04
 4.00000e-04
 4.00000e-04
 4.00000e-04
 4.00000e-04
 4.00000e-04
 4.00000e-04
 4.00000e-04
 4.00000e-04
 4.00000e-04
 4.00000e-04
 4.00000e-04
 4.00000e-04
 4.00000e-04
 4.00000e-04
 4.00000e-04
 4.00000e-04
 4.00000e-04
 4.00000e-04
 4.00000e-04
 2.00000e-04
 2.02213e-04
 4.04315e-04
 4.03982e-04
 4.03468e-04
 4.02848e-04
 4.02199e-04
 4.01595e-04
 4.01086e-04
 4.00693e-04
 4.00412e-04
 4.00225e-04
 4.00108e-04
 4.00043e-04
 4.00013e-04
 4.00003e-04
 4.00000e-04
 4.00000e-04
 4.00000e-04
 4.00000e-04
 4.00000e-04
 4.00000e-04
 4.00000e-04
 4.00000e-04
 4.00000e-04
 4.00000e-04
 4.00000e-04
 4.00000e-04
 4.00000e-04
 4.00000e-04
 4.00000e-04
 4.00000e-04
 4.00000e-04
 4.00000e-04
 4.00000e-04
 4.00000e-04
 4.00000e-04
 4.00000e-04
 4.00000e-04
 4.00000e-04
 4.00000e-04
 4.00000e-04
 4.00000e-04
 4.00000e-04
 4.00000e-04
 4.00000e-04
 4.00000e-04
 4.00000e-04
 4.00000e-04
 4.00000e-04
 4.00000e-04
 4.00000e-04
 4.00000e-04
 4.00000e-04
 4.00000e-04
 4.00000e-04
 4.00000e-04
 4.00000e-04
 4.00000e-04
 4.00000e-04
 4.00000e-04
 2.00000e-04
 2.00179e-04
 4.00349e-04
 4.00320e-04
 4.00276e-04
 4.00224e-04
 4.00169e-04
 4.00117e-04
 4.00072e-04
 4.00039e-04
 4.00018e-04
 4.00006e-04
 4.00001e-04
 4.00000e-04
 4.00000e-04
 4.00000e-04
 4.00000e-04
 4.00000e-04
 4.00000e-04
 4.00000e-04
 4.00000e-04
 4.00000e-04
 4.00000e-04
 4.00000e-04
 4.00000e-04
 4.00000e-04
 4.00000e-04
 4.00000e-04
 4.00000e-04
 4.00000e-04
 4.00000e-04
 4.00000e-04
 4.00000e-04
 4.00000e-04
 4.00000e-04
 4.00000e-04
 4.00000e-04
 4.00000e-04
 4.00000e-04
 4.00000e-04
 4.00000e-04
 4.00000e-04
 4.00000e-04
 4.00000e-04
 4.00000e-04
 4.00000e-04
 4.00000e-04
 4.00000e-04
 4.00000e-04
 4.00000e-04
 4.00000e-04
 4.00000e-04
 4.00000e-04
 4.00000e-04
 4.00000e-04
 4.00000e-04
 4.00000e-04
 4.00000e-04
 4.00000e-04
 4.00000e-04
 4.00000e-04
 2.00000e-04
 2.00006e-04
 4.00012e-04
 4.00010e-04
 4.00007e-04
 4.00005e-04
 4.00002e-04
 4.00001e-04
 4.00000e-04
 4.00000e-04
 4.00000e-04
 4.00000e-04
 4.00000e-04
 4.00000e-04
 4.00000e-04
 4.00000e-04
 4.00000e-04
 4.00000e-04
 4.00000e-04
 4.00000e-04
 4.00000e-04
 4.00000e-04
 4.00000e-04
 4.00000e-04
 4.00000e-04
 4.00000e-04
 4.00000e-04
 4.00000e-04
 4.00000e-04
 4.00000e-04
 4.00000e-04
 4.00000e-04
 4.00000e-04
 4.00000e-04
 4.00000e-04
 4.00000e-04
 4.00000e-04
 4.00000e-04
 4.00000e-04
 4.00000e-04
 4.00000e-04
 4.00000e-04
 4.00000e-04
 4.00000e-04
 4.00000e-04
 4.00000e-04
 4.00000e-04
 4.00000e-04
 4.00000e-04
 4.00000e-04
 4.00000e-04
 4.00000e-04
 4.00000e-04
 4.00000e-04
 4.00000e-04
 4.00000e-04
 4.00000e-04
 4.00000e-04
 4.00000e-04
 4.00000e-04
 4.00000e-04
 2.00000e-04
 2.00000e-04
 4.00000e-04
 4.00000e-04
 4.00000e-04
 4.00000e-04
 4.00000e-04
 4.00000e-04
 4.00000e-04
 4.00000e-04
 4.00000e-04
 4.00000e-04
 4.00000e-04
 4.00000e-04
 4.00000e-04
 4.00000e-04
 4.00000e-04
 4.00000e-04
 4.00000e-04
 4.00000e-04
 4.00000e-04
 4.00000e-04
 4.00000e-04
 4.00000e-04
 4.00000e-04
 4.00000e-04
 4.00000e-04
 4.00000e-04
 4.00000e-04
 4.00000e-04
 4.00000e-04
 4.00000e-04
 4.00000e-04
 4.00000e-04
 4.00000e-04
 4.00000e-04
 4.00000e-04
 4.00000e-04
 4.00000e-04
 4.00000e-04
 4.00000e-04
 4.00000e-04
 4.00000e-04
 4.00000e-04
 4.00000e-04
 4.00000e-04
 4.00000e-04
 4.00000e-04
 4.00000e-04
 4.00000e-04
 4.00000e-04
 4.00000e-04
 4.00000e-04
 4.00000e-04
 4.00000e-04
 4.00000e-04
 4.00000e-04
 4.00000e-04
 4.00000e-04
 4.00000e-04
 4.00000e-04
 2.00000e-04
 2.00000e-04
 4.00000e-04
 4.00000e-04
 4.00000e-04
 4.00000e-04
 4.00000e-04
 4.00000e-04
 4.00000e-04
 4.00000e-04
 4.00000e-04
 4.00000e-04
 4.00000e-04
 4.00000e-04
 4.00000e-04
 4.00000e-04
 4.00000e-04
 4.00000e-04
 4.00000e-04
 4.00000e-04
 4.00000e-04
 4.00000e-04
 4.00000e-04
 4.00000e-04
 4.00000e-04
 4.00000e-04
 4.00000e-04
 4.00000e-04
 4.00000e-04
 4.00000e-04
 4.00000e-04
 4.00000e-04
 4.00000e-04
 4.00000e-04
 4.00000e-04
 4.00000e-04
 4.00000e-04
 4.00000e-04
 4.00000e-04
 4.00000e-04
 4.00000e-04
 4.00000e-04
 4.00000e-04
 4.00000e-04
 4.00000e-04
 4.00000e-04
 4.00000e-04
 4.00000e-04
 4.00000e-04
 4.00000e-04
 4.00000e-04
 4.00000e-04
 4.00000e-04
 4.00000e-04
 4.00000e-04
 4.00000e-04
 4.00000e-04
 4.00000e-04
 4.00000e-04
 4.00000e-04
 4.00000e-04
 2.00000e-04
 2.00000e-04
 4.00000e-04
 4.00000e-04
 4.00000e-04
 4.00000e-04
 4.00000e-04
 4.00000e-04
 4.00000e-04
 4.00000e-04
 4.00000e-04
 4.00000e-04
 4.00000e-04
 4.00000e-04
 4.00000e-04
 4.00000e-04
 4.00000e-04
 4.00000e-04
 4.00000e-04
 4.00000e-04
 4.00000e-04
 4.00000e-04
 4.00000e-04
 4.00000e-04
 4.00000e-04
 4.00000e-04
 4.00000e-04
 4.00000e-04
 4.00000e-04
 4.00000e-04
 4.00000e-04
 4.00000e-04
 4.00000e-04
 4.00000e-04
 4.00000e-04
 4.00000e-04
 4.00000e-04
 4.00000e-04
 4.00000e-04
 4.00000e-04
 4.00000e-04
 4.00000e-04
 4.00000e-04
 4.00000e-04
 4.00000e-04
 4.00000e-04
 4.00000e-04
 4.00000e-04
 4.00000e-04
 4.00000e-04
 4.00000e-04
 4.00000e-04
 4.00000e-04
 4.00000e-04
 4.00000e-04
 4.00000e-04
 4.00000e-04
 4.00000e-04
 4.00000e-04
 4.00000e-04
 4.00000e-04
 2.00000e-04
 2.00000e-04
 4.00000e-04
 4.00000e-04
 4.00000e-04
 4.00000e-04
 4.00000e-04
 4.00000e-04
 4.00000e-04
 4.00000e-04
 4.00000e-04
 4.00000e-04
 4.00000e-04
 4.00000e-04
 4.00000e-04
 4.00000e-04
 4.00000e-04
 4.00000e-04
 4.00000e-04
 4.00000e-04
 4.00000e-04
 4.00000e-04
 4.00000e-04
 4.00000e-04
 4.00000e-04
 4.00000e-04
 4.00000e-04
 4.00000e-04
 4.00000e-04
 4.00000e-04
 4.00000e-04
 4.00000e-04
 4.00000e-04
 4.00000e-04
 4.00000e-04
 4.00000e-04
 4.00000e-04
 4.00000e-04
 4.00000e-04
 4.00000e-04
 4.00000e-04
 4.00000e-04
 4.00000e-04
 4.00000e-04
 4.00000e-04
 4.00000e-04
 4.00000e-04
 4.00000e-04
 4.00000e-04
 4.00000e-04
 4.00000e-04
 4.00000e-04
 4.00000e-04
 4.00000e-04
 4.00000e-04
 4.00000e-04
 4.00000e-04
 4.00000e-04
 4.00000e-04
 4.00000e-04
 4.00000e-04
 2.00000e-04
 2.00000e-04
 4.00000e-04
 4.00000e-04
 4.00000e-04
 4.00000e-04
 4.00000e-04
 4.00000e-04
 4.00000e-04
 4.00000e-04
 4.00000e-04
 4.00000e-04
 4.00000e-04
 4.00000e-04
 4.00000e-04
 4.00000e-04
 4.00000e-04
 4.00000e-04
 4.00000e-04
 4.00000e-04
 4.00000e-04
 4.00000e-04
 4.00000e-04
 4.00000e-04
 4.00000e-04
 4.00000e-04
 4.00000e-04
 4.00000e-04
 4.00000e-04
 4.00000e-04
 4.00000e-04
 4.00000e-04
 4.00000e-04
 4.00000e-04
 4.00000e-04
 4.00000e-04
 4.00000e-04
 4.00000e-04
 4.00000e-04
 4.00000e-04
 4.00000e-04
 4.00000e-04
 4.00000e-04
 4.00000e-04
 4.00000e-04
 4.00000e-04
 4.00000e-04
 4.00000e-04
 4.00000e-04
 4.00000e-04
 4.00000e-04
 4.00000e-04
 4.00000e-04
 4.00000e-04
 4.00000e-04
 4.00000e-04
 4.00000e-04
 4.00000e-04
 4.00000e-04
 4.00000e-04
 4.00000e-04
 2.00000e-04
 2.00000e-04
 4.00000e-04
 4.00000e-04
 4.00000e-04
 4.00000e-04
 4.00000e-04
 4.00000e-04
 4.00000e-04
 4.00000e-04
 4.00000e-04
 4.00000e-04
 4.00000e-04
 4.00000e-04
 4.00000e-04
 4.00000e-04
 4.00000e-04
 4.00000e-04
 4.00000e-04
 4.00000e-04
 4.00000e-04
 4.00000e-04
 4.00000e-04
 4.00000e-04
 4.00000e-04
 4.00000e-04
 4.00000e-04
 4.00000e-04
 4.00000e-04
 4.00000e-04
 4.00000e-04
 4.00000e-04
 4.00000e-04
 4.00000e-04
 4.00000e-04
 4.00000e-04
 4.00000e-04
 4.00000e-04
 4.00000e-04
 4.00000e-04
 4.00000e-04
 4.00000e-04
 4.00000e-04
 4.00000e-04
 4.00000e-04
 4.00000e-04
 4.00000e-04
 4.00000e-04
 4.00000e-04
 4.00000e-04
 4.00000e-04
 4.00000e-04
 4.00000e-04
 4.00000e-04
 4.00000e-04
 4.00000e-04
 4.00000e-04
 4.00000e-04
 4.00000e-04
 4.00000e-04
 4.00000e-04
 2.00000e-04
 2.00000e-04
 4.00000e-04
 4.00000e-04
 4.00000e-04
 4.00000e-04
 4.00000e-04
 4.00000e-04
 4.00000e-04
 4.00000e-04
 4.00000e-04
 4.00000e-04
 4.00000e-04
 4.00000e-04
 4.00000e-04
 4.00000e-04
 4.00000e-04
 4.00000e-04
 4.00000e-04
 4.00000e-04
 4.00000e-04
 4.00000e-04
 4.00000e-04
 4.00000e-04
 4.00000e-04
 4.00000e-04
 4.00000e-04
 4.00000e-04
 4.00000e-04
 4.00000e-04
 4.00000e-04
 4.00000e-04
 4.00000e-04
 4.00000e-04
 4.00000e-04
 4.00000e-04
 4.00000e-04
 4.00000e-04
 4.00000e-04
 4.00000e-04
 4.00000e-04
 4.00000e-04
 4.00000e-04
 4.00000e-04
 4.00000e-04
 4.00000e-04
 4.00000e-04
 4.00000e-04
 4.00000e-04
 4.00000e-04
 4.00000e-04
 4.00000e-04
 4.00000e-04
 4.00000e-04
 4.00000e-04
 4.00000e-04
 4.00000e-04
 4.00000e-04
 4.00000e-04
 4.00000e-04
 4.00000e-04
 2.00000e-04
 2.00000e-04
 4.00000e-04
 4.00000e-04
 4.00000e-04
 4.00000e-04
 4.00000e-04
 4.00000e-04
 4.00000e-04
 4.00000e-04
 4.00000e-04
 4.00000e-04
 4.00000e-04
 4.00000e-04
 4.00000e-04
 4.00000e-04
 4.00000e-04
 4.00000e-04
 4.00000e-04
 4.00000e-04
 4.00000e-04
 4.00000e-04
 4.00000e-04
 4.00000e-04
 4.00000e-04
 4.00000e-04
 4.00000e-04
 4.00000e-04
 4.00000e-04
 4.00000e-04
 4.00000e-04
 4.00000e-04
 4.00000e-04
 4.00000e-04
 4.00000e-04
 4.00000e-04
 4.00000e-04
 4.00000e-04
 4.00000e-04
 4.00000e-04
 4.00000e-04
 4.00000e-04
 4.00000e-04
 4.00000e-04
 4.00000e-04
 4.00000e-04
 4.00000e-04
 4.00000e-04
 4.00000e-04
 4.00000e-04
 4.00000e-04
 4.00000e-04
 4.00000e-04
 4.00000e-04
 4.00000e-04
 4.00000e-04
 4.00000e-04
 4.00000e-04
 4.00000e-04
 4.00000e-04
 4.00000e-04
 2.00000e-04
 2.00000e-04
 4.00000e-04
 4.00000e-04
 4.00000e-04
 4.00000e-04
 4.00000e-04
 4.00000e-04
 4.00000e-04
 4.00000e-04
 4.00000e-04
 4.00000e-04
 4.00000e-04
 4.00000e-04
 4.00000e-04
 4.00000e-04
 4.00000e-04
 4.00000e-04
 4.00000e-04
 4.00000e-04
 4.00000e-04
 4.00000e-04
 4.00000e-04
 4.00000e-04
 4.00000e-04
 4.00000e-04
 4.00000e-04
 4.00000e-04
 4.00000e-04
 4.00000e-04
 4.00000e-04
 4.00000e-04
 4.00000e-04
 4.00000e-04
 4.00000e-04
 4.00000e-04
 4.00000e-04
 4.00000e-04
 4.00000e-04
 4.00000e-04
 4.00000e-04
 4.00000e-04
 4.00000e-04
 4.00000e-04
 4.00000e-04
 4.00000e-04
 4.00000e-04
 4.00000e-04
 4.00000e-04
 4.00000e-04
 4.00000e-04
 4.00000e-04
 4.00000e-04
 4.00000e-04
 4.00000e-04
 4.00000e-04
 4.00000e-04
 4.00000e-04
 4.00000e-04
 4.00000e-04
 4.00000e-04
 2.00000e-04
 2.00000e-04
 4.00000e-04
 4.00000e-04
 4.00000e-04
 4.00000e-04
 4.00000e-04
 4.00000e-04
 4.00000e-04
 4.00000e-04
 4.00000e-04
 4.00000e-04
 4.00000e-04
 4.00000e-04
 4.00000e-04
 4.00000e-04
 4.00000e-04
 4.00000e-04
 4.00000e-04
 4.00000e-04
 4.00000e-04
 4.00000e-04
 4.00000e-04
 4.00000e-04
 4.00000e-04
 4.00000e-04
 4.00000e-04
 4.00000e-04
 4.00000e-04
 4.00000e-04
 4.00000e-04
 4.00000e-04
 4.00000e-04
 4.00000e-04
 4.00000e-04
 4.00000e-04
 4.00000e-04
 4.00000e-04
 4.00000e-04
 4.00000e-04
 4.00000e-04
 4.00000e-04
 4.00000e-04
 4.00000e-04
 4.00000e-04
 4.00000e-04
 4.00000e-04
 4.00000e-04
 4.00000e-04
 4.00000e-04
 4.00000e-04
 4.00000e-04
 4.00000e-04
 4.00000e-04
 4.00000e-04
 4.00000e-04
 4.00000e-04
 4.00000e-04
 4.00000e-04
 4.00000e-04
 4.00000e-04
 2.00000e-04
 2.00000e-04
 4.00000e-04
 4.00000e-04
 4.00000e-04
 4.00000e-04
 4.00000e-04
 4.00000e-04
 4.00000e-04
 4.00000e-04
 4.00000e-04
 4.00000e-04
 4.00000e-04
 4.00000e-04
 4.00000e-04
 4.00000e-04
 4.00000e-04
 4.00000e-04
 4.00000e-04
 4.00000e-04
 4.00000e-04
 4.00000e-04
 4.00000e-04
 4.00000e-04
 4.00000e-04
 4.00000e-04
 4.00000e-04
 4.00000e-04
 4.00000e-04
 4.00000e-04
 4.00000e-04
 4.00000e-04
 4.00000e-04
 4.00000e-04
 4.00000e-04
 4.00000e-04
 4.00000e-04
 4.00000e-04
 4.00000e-04
 4.00000e-04
 4.00000e-04
 4.00000e-04
 4.00000e-04
 4.00000e-04
 4.00000e-04
 4.00000e-04
 4.00000e-04
 4.00000e-04
 4.00000e-04
 4.00000e-04
 4.00000e-04
 4.00000e-04
 4.00000e-04
 4.00000e-04
 4.00000e-04
 4.00000e-04
 4.00000e-04
 4.00000e-04
 4.00000e-04
 4.00000e-04
 4.00000e-04
 2.00000e-04
 2.00000e-04
 4.00000e-04
 4.00000e-04
 4.00000e-04
 4.00000e-04
 4.00000e-04
 4.00000e-04
 4.00000e-04
 4.00000e-04
 4.00000e-04
 4.00000e-04
 4.00000e-04
 4.00000e-04
 4.00000e-04
 4.00000e-04
 4.00000e-04
 4.00000e-04
 4.00000e-04
 4.00000e-04
 4.00000e-04
 4.00000e-04
 4.00000e-04
 4.00000e-04
 4.00000e-04
 4.00000e-04
 4.00000e-04
 4.00000e-04
 4.00000e-04
 4.00000e-04
 4.00000e-04
 4.00000e-04
 4.00000e-04
 4.00000e-04
 4.00000e-04
 4.00000e-04
 4.00000e-04
 4.00000e-04
 4.00000e-04
 4.00000e-04
 4.00000e-04
 4.00000e-04
 4.00000e-04
 4.00000e-04
 4.00000e-04
 4.00000e-04
 4.00000e-04
 4.00000e-04
 4.00000e-04
 4.00000e-04
 4.00000e-04
 4.00000e-04
 4.00000e-04
 4.00000e-04
 4.00000e-04
 4.00000e-04
 4.00000e-04
 4.00000e-04
 4.00000e-04
 4.00000e-04
 4.00000e-04
 2.00000e-04
 2.00000e-04
 4.00000e-04
 4.00000e-04
 4.00000e-04
 4.00000e-04
 4.00000e-04
 4.00000e-04
 4.00000e-04
 4.00000e-04
 4.00000e-04
 4.00000e-04
 4.00000e-04
 4.00000e-04
 4.00000e-04
 4.00000e-04
 4.00000e-04
 4.00000e-04
 4.00000e-04
 4.00000e-04
 4.00000e-04
 4.00000e-04
 4.00000e-04
 4.00000e-04
 4.00000e-04
 4.00000e-04
 4.00000e-04
 4.00000e-04
 4.00000e-04
 4.00000e-04
 4.00000e-04
 4.00000e-04
 4.00000e-04
 4.00000e-04
 4.00000e-04
 4.00000e-04
 4.00000e-04
 4.00000e-04
 4.00000e-04
 4.00000e-04
 4.00000e-04
 4.00000e-04
 4.00000e-04
 4.00000e-04
 4.00000e-04
 4.00000e-04
 4.00000e-04
 4.00000e-04
 4.00000e-04
 4.00000e-04
 4.00000e-04
 4.00000e-04
 4.00000e-04
 4.00000e-04
 4.00000e-04
 4.00000e-04
 4.00000e-04
 4.00000e-04
 4.00000e-04
 4.00000e-04
 4.00000e-04
 2.00000e-04
 2.00000e-04
 4.00000e-04
 4.00000e-04
 4.00000e-04
 4.00000e-04
 4.00000e-04
 4.00000e-04
 4.00000e-04
 4.00000e-04
 4.00000e-04
 4.00000e-04
 4.00000e-04
 4.00000e-04
 4.00000e-04
 4.00000e-04
 4.00000e-04
 4.00000e-04
 4.00000e-04
 4.00000e-04
 4.00000e-04
 4.00000e-04
 4.00000e-04
 4.00000e-04
 4.00000e-04
 4.00000e-04
 4.00000e-04
 4.00000e-04
 4.00000e-04
 4.00000e-04
 4.00000e-04
 4.00000e-04
 4.00000e-04
 4.00000e-04
 4.00000e-04
 4.00000e-04
 4.00000e-04
 4.00000e-04
 4.00000e-04
 4.00000e-04
 4.00000e-04
 4.00000e-04
 4.00000e-04
 4.00000e-04
 4.00000e-04
 4.00000e-04
 4.00000e-04
 4.00000e-04
 4.00000e-04
 4.00000e-04
 4.00000e-04
 4.00000e-04
 4.00000e-04
 4.00000e-04
 4.00000e-04
 4.00000e-04
 4.00000e-04
 4.00000e-04
 4.00000e-04
 4.00000e-04
 4.00000e-04
 2.00000e-04
 2.00000e-04
 4.00000e-04
 4.00000e-04
 4.00000e-04
 4.00000e-04
 4.00000e-04
 4.00000e-04
 4.00000e-04
 4.00000e-04
 4.00000e-04
 4.00000e-04
 4.00000e-04
 4.00000e-04
 4.00000e-04
 4.00000e-04
 4.00000e-04
 4.00000e-04
 4.00000e-04
 4.00000e-04
 4.00000e-04
 4.00000e-04
 4.00000e-04
 4.00000e-04
 4.00000e-04
 4.00000e-04
 4.00000e-04
 4.00000e-04
 4.00000e-04
 4.00000e-04
 4.00000e-04
 4.00000e-04
 4.00000e-04
 4.00000e-04
 4.00000e-04
 4.00000e-04
 4.00000e-04
 4.00000e-04
 4.00000e-04
 4.00000e-04
 4.00000e-04
 4.00000e-04
 4.00000e-04
 4.00000e-04
 4.00000e-04
 4.00000e-04
 4.00000e-04
 4.00000e-04
 4.00000e-04
 4.00000e-04
 4.00000e-04
 4.00000e-04
 4.00000e-04
 4.00000e-04
 4.00000e-04
 4.00000e-04
 4.00000e-04
 4.00000e-04
 4.00000e-04
 4.00000e-04
 4.00000e-04
 2.00000e-04
 2.00000e-04
 4.00000e-04
 4.00000e-04
 4.00000e-04
 4.00000e-04
 4.00000e-04
 4.00000e-04
 4.00000e-04
 4.00000e-04
 4.00000e-04
 4.00000e-04
 4.00000e-04
 4.00000e-04
 4.00000e-04
 4.00000e-04
 4.00000e-04
 4.00000e-04
 4.00000e-04
 4.00000e-04
 4.00000e-04
 4.00000e-04
 4.00000e-04
 4.00000e-04
 4.00000e-04
 4.00000e-04
 4.00000e-04
 4.00000e-04
 4.00000e-04
 4.00000e-04
 4.00000e-04
 4.00000e-04
 4.00000e-04
 4.00000e-04
 4.00000e-04
 4.00000e-04
 4.00000e-04
 4.00000e-04
 4.00000e-04
 4.00000e-04
 4.00000e-04
 4.00000e-04
 4.00000e-04
 4.00000e-04
 4.00000e-04
 4.00000e-04
 4.00000e-04
 4.00000e-04
 4.00000e-04
 4.00000e-04
 4.00000e-04
 4.00000e-04
 4.00000e-04
 4.00000e-04
 4.00000e-04
 4.00000e-04
 4.00000e-04
 4.00000e-04
 4.00000e-04
 4.00000e-04
 4.00000e-04
 2.00000e-04
 2.00000e-04
 4.00000e-04
 4.00000e-04
 4.00000e-04
 4.00000e-04
 4.00000e-04
 4.00000e-04
 4.00000e-04
 4.00000e-04
 4.00000e-04
 4.00000e-04
 4.00000e-04
 4.00000e-04
 4.00000e-04
 4.00000e-04
 4.00000e-04
 4.00000e-04
 4.00000e-04
 4.00000e-04
 4.00000e-04
 4.00000e-04
 4.00000e-04
 4.00000e-04
 4.00000e-04
 4.00000e-04
 4.00000e-04
 4.00000e-04
 4.00000e-04
 4.00000e-04
 4.00000e-04
 4.00000e-04
 4.00000e-04
 4.00000e-04
 4.00000e-04
 4.00000e-04
 4.00000e-04
 4.00000e-04
 4.00000e-04
 4.00000e-04
 4.00000e-04
 4.00000e-04
 4.00000e-04
 4.00000e-04
 4.00000e-04
 4.00000e-04
 4.00000e-04
 4.00000e-04
 4.00000e-04
 4.00000e-04
 4.00000e-04
 4.00000e-04
 4.00000e-04
 4.00000e-04
 4.00000e-04
 4.00000e-04
 4.00000e-04
 4.00000e-04
 4.00000e-04
 4.00000e-04
 4.00000e-04
 2.00000e-04
 1.00000e-04
 2.00000e-04
 2.00000e-04
 2.00000e-04
 2.00000e-04
 2.00000e-04
 2.00000e-04
 2.00000e-04
 2.00000e-04
 2.00000e-04
 2.00000e-04
 2.00000e-04
 2.00000e-04
 2.00000e-04
 2.00000e-04
 2.00000e-04
 2.00000e-04
 2.00000e-04
 2.00000e-04
 2.00000e-04
 2.00000e-04
 2.00000e-04
 2.00000e-04
 2.00000e-04
 2.00000e-04
 2.00000e-04
 2.00000e-04
 2.00000e-04
 2.00000e-04
 2.00000e-04
 2.00000e-04
 2.00000e-04
 2.00000e-04
 2.00000e-04
 2.00000e-04
 2.00000e-04
 2.00000e-04
 2.00000e-04
 2.00000e-04
 2.00000e-04
 2.00000e-04
 2.00000e-04
 2.00000e-04
 2.00000e-04
 2.00000e-04
 2.00000e-04
 2.00000e-04
 2.00000e-04
 2.00000e-04
 2.00000e-04
 2.00000e-04
 2.00000e-04
 2.00000e-04
 2.00000e-04
 2.00000e-04
 2.00000e-04
 2.00000e-04
 2.00000e-04
 2.00000e-04
 2.00000e-04
 1.00000e-04
