NodeMass
part
         1
coordinates
 2.39483e-07
 8.22302e-07
 1.20248e-06
 1.35741e-06
 1.52738e-06
 1.68348e-06
 2.06064e-06
 2.59001e-06
 2.95125e-06
 3.29536e-06
 3.84932e-06
 4.39317e-06
 4.95410e-06
 5.60286e-06
 6.31857e-06
 7.15157e-06
 8.10779e-06
 9.23625e-06
 1.05634e-05
 1.21390e-05
 1.40137e-05
 1.62561e-05
 1.89488e-05
 2.21976e-05
 2.61366e-05
 3.09373e-05
 3.68224e-05
 4.40831e-05
 5.31091e-05
 6.44255e-05
 7.87591e-05
 9.71891e-05
 1.21334e-04
 1.53430e-04
 1.96223e-04
 2.52622e-04
 3.24647e-04
 4.10328e-04
 4.98606e-04
 5.68850e-04
 5.83452e-04
 5.13224e-04
 3.79165e-04
 2.60573e-04
 2.10284e-04
 2.00957e-04
 2.00070e-04
 2.00000e-04
 2.00000e-04
 2.00000e-04
 2.00000e-04
 2.00000e-04
 2.00000e-04
 2.00000e-04
 2.00000e-04
 2.00000e-04
 2.00000e-04
 2.00000e-04
 2.00000e-04
 2.00000e-04
 1.00000e-04
 8.22302e-07
 1.99820e-06
 2.41109e-06
 2.63075e-06
 2.98936e-06
 3.19440e-06
 3.53811e-06
 4.40001e-06
 5.05616e-06
 5.67782e-06
 6.62874e-06
 7.55479e-06
 8.59729e-06
 9.80560e-06
 1.12043e-05
 1.28533e-05
 1.47889e-05
 1.70778e-05
 1.97817e-05
 2.29908e-05
 2.68083e-05
 3.13686e-05
 3.68376e-05
 4.34262e-05
 5.14028e-05
 6.11108e-05
 7.29967e-05
 8.76449e-05
 1.05837e-04
 1.28628e-04
 1.57479e-04
 1.94558e-04
 2.43110e-04
 3.07620e-04
 3.93596e-04
 5.06858e-04
 6.51386e-04
 8.23100e-04
 9.99637e-04
 1.13957e-03
 1.16713e-03
 1.02464e-03
 7.55780e-04
 5.19525e-04
 4.20148e-04
 4.01869e-04
 4.00136e-04
 4.00001e-04
 4.00000e-04
 4.00000e-04
 4.00000e-04
 4.00000e-04
 4.00000e-04
 4.00000e-04
 4.00000e-04
 4.00000e-04
 4.00000e-04
 4.00000e-04
 4.00000e-04
 4.00000e-04
 2.00000e-04
 1.20248e-06
 2.41109e-06
 2.42758e-06
 2.46544e-06
 2.75902e-06
 2.91907e-06
 2.88144e-06
 3.52205e-06
 4.13554e-06
 4.72004e-06
 5.51046e-06
 6.26740e-06
 7.25956e-06
 8.39492e-06
 9.78634e-06
 1.14309e-05
 1.33981e-05
 1.57226e-05
 1.84806e-05
 2.17523e-05
 2.56460e-05
 3.02949e-05
 3.58667e-05
 4.25736e-05
 5.06850e-05
 6.05466e-05
 7.26077e-05
 8.74568e-05
 1.05883e-04
 1.28948e-04
 1.58130e-04
 1.95625e-04
 2.44728e-04
 3.09966e-04
 3.96870e-04
 5.11259e-04
 6.56941e-04
 8.29413e-04
 1.00564e-03
 1.14372e-03
 1.16636e-03
 1.01799e-03
 7.47402e-04
 5.14471e-04
 4.18881e-04
 4.01736e-04
 4.00125e-04
 4.00001e-04
 4.00000e-04
 4.00000e-04
 4.00000e-04
 4.00000e-04
 4.00000e-04
 4.00000e-04
 4.00000e-04
 4.00000e-04
 4.00000e-04
 4.00000e-04
 4.00000e-04
 4.00000e-04
 2.00000e-04
 1.35741e-06
 2.63075e-06
 2.46544e-06
 2.37525e-06
 2.58419e-06
 2.79360e-06
 2.88470e-06
 3.38729e-06
 3.94727e-06
 4.62117e-06
 5.42663e-06
 6.27038e-06
 7.34367e-06
 8.55224e-06
 1.00051e-05
 1.16923e-05
 1.36908e-05
 1.60412e-05
 1.88260e-05
 2.21277e-05
 2.60596e-05
 3.07562e-05
 3.63900e-05
 4.31755e-05
 5.13870e-05
 6.13751e-05
 7.35954e-05
 8.86458e-05
 1.07327e-04
 1.30719e-04
 1.60329e-04
 1.98413e-04
 2.48343e-04
 3.14717e-04
 4.03106e-04
 5.19324e-04
 6.66907e-04
 8.40619e-04
 1.01623e-03
 1.15091e-03
 1.16493e-03
 1.00627e-03
 7.32932e-04
 5.06090e-04
 4.16870e-04
 4.01531e-04
 4.00107e-04
 4.00000e-04
 4.00000e-04
 4.00000e-04
 4.00000e-04
 4.00000e-04
 4.00000e-04
 4.00000e-04
 4.00000e-04
 4.00000e-04
 4.00000e-04
 4.00000e-04
 4.00000e-04
 4.00000e-04
 2.00000e-04
 1.52738e-06
 2.98936e-06
 2.75902e-06
 2.58419e-06
 2.68330e-06
 2.81227e-06
 2.98416e-06
 3.35348e-06
 3.86806e-06
 4.58368e-06
 5.40317e-06
 6.35269e-06
 7.47172e-06
 8.75198e-06
 1.02550e-05
 1.19967e-05
 1.40455e-05
 1.64507e-05
 1.92958e-05
 2.26680e-05
 2.66825e-05
 3.14781e-05
 3.72299e-05
 4.41582e-05
 5.25425e-05
 6.27424e-05
 7.52241e-05
 9.05999e-05
 1.09693e-04
 1.33614e-04
 1.63922e-04
 2.02959e-04
 2.54203e-04
 3.22358e-04
 4.13067e-04
 5.32159e-04
 6.82761e-04
 8.58475e-04
 1.03318e-03
 1.16247e-03
 1.16344e-03
 9.89453e-04
 7.12480e-04
 4.94840e-04
 4.14328e-04
 4.01281e-04
 4.00086e-04
 4.00000e-04
 4.00000e-04
 4.00000e-04
 4.00000e-04
 4.00000e-04
 4.00000e-04
 4.00000e-04
 4.00000e-04
 4.00000e-04
 4.00000e-04
 4.00000e-04
 4.00000e-04
 4.00000e-04
 2.00000e-04
 1.68348e-06
 3.19440e-06
 2.91907e-06
 2.79360e-06
 2.81227e-06
 2.91437e-06
 3.11973e-06
 3.50378e-06
 4.05926e-06
 4.77137e-06
 5.60887e-06
 6.58318e-06
 7.71469e-06
 9.02683e-06
 1.05590e-05
 1.23460e-05
 1.44460e-05
 1.69170e-05
 1.98396e-05
 2.33051e-05
 2.74316e-05
 3.23614e-05
 3.82755e-05
 4.53999e-05
 5.40231e-05
 6.45155e-05
 7.73578e-05
 9.31845e-05
 1.12848e-04
 1.37500e-04
 1.68773e-04
 2.09125e-04
 2.62182e-04
 3.32798e-04
 4.26722e-04
 5.49786e-04
 7.04511e-04
 8.82776e-04
 1.05582e-03
 1.17688e-03
 1.15988e-03
 9.66037e-04
 6.85878e-04
 4.81296e-04
 4.11508e-04
 4.01014e-04
 4.00063e-04
 4.00000e-04
 4.00000e-04
 4.00000e-04
 4.00000e-04
 4.00000e-04
 4.00000e-04
 4.00000e-04
 4.00000e-04
 4.00000e-04
 4.00000e-04
 4.00000e-04
 4.00000e-04
 4.00000e-04
 2.00000e-04
 2.06064e-06
 3.53811e-06
 2.88144e-06
 2.88470e-06
 2.98416e-06
 3.11973e-06
 3.41553e-06
 3.84901e-06
 4.42330e-06
 5.14993e-06
 6.00947e-06
 7.00662e-06
 8.17000e-06
 9.51859e-06
 1.10923e-05
 1.29334e-05
 1.50965e-05
 1.76474e-05
 2.06643e-05
 2.42444e-05
 2.85070e-05
 3.36016e-05
 3.97139e-05
 4.70799e-05
 5.59984e-05
 6.68549e-05
 8.01509e-05
 9.65482e-05
 1.16939e-04
 1.42531e-04
 1.75050e-04
 2.17109e-04
 2.72526e-04
 3.46347e-04
 4.44444e-04
 5.72606e-04
 7.32469e-04
 9.13518e-04
 1.08354e-03
 1.19246e-03
 1.15210e-03
 9.34927e-04
 6.53650e-04
 4.66411e-04
 4.08707e-04
 4.00759e-04
 4.00042e-04
 4.00000e-04
 4.00000e-04
 4.00000e-04
 4.00000e-04
 4.00000e-04
 4.00000e-04
 4.00000e-04
 4.00000e-04
 4.00000e-04
 4.00000e-04
 4.00000e-04
 4.00000e-04
 4.00000e-04
 2.00000e-04
 2.59001e-06
 4.40001e-06
 3.52205e-06
 3.38729e-06
 3.35348e-06
 3.50378e-06
 3.84901e-06
 4.31781e-06
 4.91910e-06
 5.65534e-06
 6.52716e-06
 7.54664e-06
 8.73926e-06
 1.01292e-05
 1.17570e-05
 1.36648e-05
 1.59097e-05
 1.85580e-05
 2.16922e-05
 2.54129e-05
 2.98451e-05
 3.51436e-05
 4.15032e-05
 4.91695e-05
 5.84557e-05
 6.97663e-05
 8.36267e-05
 1.00736e-04
 1.22035e-04
 1.48802e-04
 1.82887e-04
 2.27097e-04
 2.85491e-04
 3.63339e-04
 4.66654e-04
 6.01054e-04
 7.66919e-04
 9.50556e-04
 1.11560e-03
 1.20674e-03
 1.13726e-03
 8.95334e-04
 6.16837e-04
 4.51339e-04
 4.06192e-04
 4.00535e-04
 4.00025e-04
 4.00000e-04
 4.00000e-04
 4.00000e-04
 4.00000e-04
 4.00000e-04
 4.00000e-04
 4.00000e-04
 4.00000e-04
 4.00000e-04
 4.00000e-04
 4.00000e-04
 4.00000e-04
 4.00000e-04
 2.00000e-04
 2.95125e-06
 5.05616e-06
 4.13554e-06
 3.94727e-06
 3.86806e-06
 4.05926e-06
 4.42330e-06
 4.91910e-06
 5.54863e-06
 6.30519e-06
 7.20292e-06
 8.25374e-06
 9.48583e-06
 1.09276e-05
 1.26184e-05
 1.46047e-05
 1.69444e-05
 1.97077e-05
 2.29803e-05
 2.68683e-05
 3.15020e-05
 3.70449e-05
 4.37011e-05
 5.17294e-05
 6.14605e-05
 7.33209e-05
 8.78684e-05
 1.05846e-04
 1.28254e-04
 1.56461e-04
 1.92478e-04
 2.39355e-04
 3.01432e-04
 3.84239e-04
 4.93925e-04
 6.35709e-04
 8.08202e-04
 9.93625e-04
 1.15169e-03
 1.21677e-03
 1.11152e-03
 8.47129e-04
 5.77155e-04
 4.37276e-04
 4.04146e-04
 4.00354e-04
 4.00013e-04
 4.00000e-04
 4.00000e-04
 4.00000e-04
 4.00000e-04
 4.00000e-04
 4.00000e-04
 4.00000e-04
 4.00000e-04
 4.00000e-04
 4.00000e-04
 4.00000e-04
 4.00000e-04
 4.00000e-04
 2.00000e-04
 3.29536e-06
 5.67782e-06
 4.72004e-06
 4.62117e-06
 4.58368e-06
 4.77137e-06
 5.14993e-06
 5.65534e-06
 6.30519e-06
 7.08566e-06
 8.01478e-06
 9.10643e-06
 1.03899e-05
 1.18956e-05
 1.36652e-05
 1.57475e-05
 1.82031e-05
 2.11056e-05
 2.45459e-05
 2.86349e-05
 3.35114e-05
 3.93472e-05
 4.63591e-05
 5.48216e-05
 6.50857e-05
 7.76070e-05
 9.29800e-05
 1.12004e-04
 1.35751e-04
 1.65705e-04
 2.04085e-04
 2.54234e-04
 3.20818e-04
 4.09647e-04
 5.26978e-04
 6.77273e-04
 8.56621e-04
 1.04211e-03
 1.18967e-03
 1.22017e-03
 1.07218e-03
 7.89850e-04
 5.36982e-04
 4.25233e-04
 4.02623e-04
 4.00217e-04
 4.00005e-04
 4.00000e-04
 4.00000e-04
 4.00000e-04
 4.00000e-04
 4.00000e-04
 4.00000e-04
 4.00000e-04
 4.00000e-04
 4.00000e-04
 4.00000e-04
 4.00000e-04
 4.00000e-04
 4.00000e-04
 2.00000e-04
 3.84932e-06
 6.62874e-06
 5.51046e-06
 5.42663e-06
 5.40317e-06
 5.60887e-06
 6.00947e-06
 6.52716e-06
 7.20292e-06
 8.01478e-06
 8.98574e-06
 1.01292e-05
 1.14765e-05
 1.30608e-05
 1.49255e-05
 1.71230e-05
 1.97170e-05
 2.27860e-05
 2.64256e-05
 3.07546e-05
 3.59196e-05
 4.21041e-05
 4.95396e-05
 5.85186e-05
 6.94190e-05
 8.27276e-05
 9.90888e-05
 1.19366e-04
 1.44720e-04
 1.76787e-04
 2.18045e-04
 2.72189e-04
 3.44253e-04
 4.40328e-04
 5.66693e-04
 7.26534e-04
 9.12331e-04
 1.09490e-03
 1.22512e-03
 1.21385e-03
 1.01824e-03
 7.24298e-04
 4.99172e-04
 4.15837e-04
 4.01570e-04
 4.00120e-04
 4.00001e-04
 4.00000e-04
 4.00000e-04
 4.00000e-04
 4.00000e-04
 4.00000e-04
 4.00000e-04
 4.00000e-04
 4.00000e-04
 4.00000e-04
 4.00000e-04
 4.00000e-04
 4.00000e-04
 4.00000e-04
 2.00000e-04
 4.39317e-06
 7.55479e-06
 6.26740e-06
 6.27038e-06
 6.35269e-06
 6.58318e-06
 7.00662e-06
 7.54664e-06
 8.25374e-06
 9.10643e-06
 1.01292e-05
 1.13377e-05
 1.27644e-05
 1.44450e-05
 1.64256e-05
 1.87619e-05
 2.15223e-05
 2.47898e-05
 2.86671e-05
 3.32807e-05
 3.87880e-05
 4.53861e-05
 5.33230e-05
 6.29156e-05
 7.45701e-05
 8.88158e-05
 1.06354e-04
 1.28128e-04
 1.55408e-04
 1.90030e-04
 2.34796e-04
 2.93811e-04
 3.72510e-04
 4.77243e-04
 6.14093e-04
 7.84256e-04
 9.75167e-04
 1.15029e-03
 1.25287e-03
 1.19203e-03
 9.49444e-04
 6.54614e-04
 4.66467e-04
 4.09196e-04
 4.00888e-04
 4.00058e-04
 4.00000e-04
 4.00000e-04
 4.00000e-04
 4.00000e-04
 4.00000e-04
 4.00000e-04
 4.00000e-04
 4.00000e-04
 4.00000e-04
 4.00000e-04
 4.00000e-04
 4.00000e-04
 4.00000e-04
 4.00000e-04
 2.00000e-04
 4.95410e-06
 8.59729e-06
 7.25956e-06
 7.34367e-06
 7.47172e-06
 7.71469e-06
 8.17000e-06
 8.73926e-06
 9.48583e-06
 1.03899e-05
 1.14765e-05
 1.27644e-05
 1.42870e-05
 1.60837e-05
 1.82032e-05
 2.07055e-05
 2.36634e-05
 2.71668e-05
 3.13257e-05
 3.62765e-05
 4.21891e-05
 4.92763e-05
 5.78075e-05
 6.81258e-05
 8.06754e-05
 9.60339e-05
 1.14976e-04
 1.38535e-04
 1.68127e-04
 2.05850e-04
 2.54903e-04
 3.19857e-04
 4.06569e-04
 5.21585e-04
 6.70320e-04
 8.50982e-04
 1.04429e-03
 1.20697e-03
 1.26693e-03
 1.14740e-03
 8.67357e-04
 5.86316e-04
 4.40783e-04
 4.04968e-04
 4.00472e-04
 4.00023e-04
 4.00000e-04
 4.00000e-04
 4.00000e-04
 4.00000e-04
 4.00000e-04
 4.00000e-04
 4.00000e-04
 4.00000e-04
 4.00000e-04
 4.00000e-04
 4.00000e-04
 4.00000e-04
 4.00000e-04
 4.00000e-04
 2.00000e-04
 5.60286e-06
 9.80560e-06
 8.39492e-06
 8.55224e-06
 8.75198e-06
 9.02683e-06
 9.51859e-06
 1.01292e-05
 1.09276e-05
 1.18956e-05
 1.30608e-05
 1.44450e-05
 1.60837e-05
 1.80194e-05
 2.03049e-05
 2.30044e-05
 2.61973e-05
 2.99799e-05
 3.44721e-05
 3.98217e-05
 4.62131e-05
 5.38790e-05
 6.31123e-05
 7.42916e-05
 8.79016e-05
 1.04585e-04
 1.25201e-04
 1.50895e-04
 1.83278e-04
 2.24788e-04
 2.79101e-04
 3.51298e-04
 4.47654e-04
 5.74760e-04
 7.36560e-04
 9.26790e-04
 1.11766e-03
 1.25940e-03
 1.26283e-03
 1.07685e-03
 7.74031e-04
 5.25058e-04
 4.22725e-04
 4.02530e-04
 4.00229e-04
 4.00007e-04
 4.00000e-04
 4.00000e-04
 4.00000e-04
 4.00000e-04
 4.00000e-04
 4.00000e-04
 4.00000e-04
 4.00000e-04
 4.00000e-04
 4.00000e-04
 4.00000e-04
 4.00000e-04
 4.00000e-04
 4.00000e-04
 2.00000e-04
 6.31857e-06
 1.12043e-05
 9.78634e-06
 1.00051e-05
 1.02550e-05
 1.05590e-05
 1.10923e-05
 1.17570e-05
 1.26184e-05
 1.36652e-05
 1.49255e-05
 1.64256e-05
 1.82032e-05
 2.03049e-05
 2.27875e-05
 2.57216e-05
 2.91924e-05
 3.33058e-05
 3.81920e-05
 4.40129e-05
 5.09713e-05
 5.93208e-05
 6.93877e-05
 8.15865e-05
 9.64589e-05
 1.14725e-04
 1.37341e-04
 1.65601e-04
 2.01379e-04
 2.47551e-04
 3.08342e-04
 3.89378e-04
 4.97279e-04
 6.38326e-04
 8.13831e-04
 1.01096e-03
 1.19198e-03
 1.29682e-03
 1.23317e-03
 9.82910e-04
 6.76064e-04
 4.75802e-04
 4.11487e-04
 4.01221e-04
 4.00095e-04
 4.00001e-04
 4.00000e-04
 4.00000e-04
 4.00000e-04
 4.00000e-04
 4.00000e-04
 4.00000e-04
 4.00000e-04
 4.00000e-04
 4.00000e-04
 4.00000e-04
 4.00000e-04
 4.00000e-04
 4.00000e-04
 4.00000e-04
 2.00000e-04
 7.15157e-06
 1.28533e-05
 1.14309e-05
 1.16923e-05
 1.19967e-05
 1.23460e-05
 1.29334e-05
 1.36648e-05
 1.46047e-05
 1.57475e-05
 1.71230e-05
 1.87619e-05
 2.07055e-05
 2.30044e-05
 2.57216e-05
 2.89331e-05
 3.27334e-05
 3.72382e-05
 4.25908e-05
 4.89702e-05
 5.65988e-05
 6.57610e-05
 7.68159e-05
 9.02289e-05
 1.06609e-04
 1.26770e-04
 1.51788e-04
 1.83155e-04
 2.23112e-04
 2.75068e-04
 3.43864e-04
 4.35668e-04
 5.57275e-04
 7.13880e-04
 9.02519e-04
 1.10127e-03
 1.26332e-03
 1.30951e-03
 1.16743e-03
 8.70388e-04
 5.84743e-04
 4.40967e-04
 4.05333e-04
 4.00553e-04
 4.00033e-04
 4.00000e-04
 4.00000e-04
 4.00000e-04
 4.00000e-04
 4.00000e-04
 4.00000e-04
 4.00000e-04
 4.00000e-04
 4.00000e-04
 4.00000e-04
 4.00000e-04
 4.00000e-04
 4.00000e-04
 4.00000e-04
 4.00000e-04
 2.00000e-04
 8.10779e-06
 1.47889e-05
 1.33981e-05
 1.36908e-05
 1.40455e-05
 1.44460e-05
 1.50965e-05
 1.59097e-05
 1.69444e-05
 1.82031e-05
 1.97170e-05
 2.15223e-05
 2.36634e-05
 2.61973e-05
 2.91924e-05
 3.27334e-05
 3.69243e-05
 4.18930e-05
 4.77992e-05
 5.48401e-05
 6.32665e-05
 7.33938e-05
 8.56275e-05
 1.00492e-04
 1.18683e-04
 1.41123e-04
 1.69044e-04
 2.04224e-04
 2.49383e-04
 3.08568e-04
 3.87267e-04
 4.92116e-04
 6.29708e-04
 8.02791e-04
 1.00175e-03
 1.19299e-03
 1.32054e-03
 1.28974e-03
 1.06430e-03
 7.47132e-04
 5.09851e-04
 4.19639e-04
 4.02326e-04
 4.00225e-04
 4.00008e-04
 4.00000e-04
 4.00000e-04
 4.00000e-04
 4.00000e-04
 4.00000e-04
 4.00000e-04
 4.00000e-04
 4.00000e-04
 4.00000e-04
 4.00000e-04
 4.00000e-04
 4.00000e-04
 4.00000e-04
 4.00000e-04
 4.00000e-04
 2.00000e-04
 9.23625e-06
 1.70778e-05
 1.57226e-05
 1.60412e-05
 1.64507e-05
 1.69170e-05
 1.76474e-05
 1.85580e-05
 1.97077e-05
 2.11056e-05
 2.27860e-05
 2.47898e-05
 2.71668e-05
 2.99799e-05
 3.33058e-05
 3.72382e-05
 4.18930e-05
 4.74137e-05
 5.39770e-05
 6.18071e-05
 7.11837e-05
 8.24654e-05
 9.61098e-05
 1.12722e-04
 1.33101e-04
 1.58296e-04
 1.89767e-04
 2.29696e-04
 2.81413e-04
 3.49669e-04
 4.40597e-04
 5.61069e-04
 7.16636e-04
 9.05590e-04
 1.10854e-03
 1.28037e-03
 1.34582e-03
 1.22454e-03
 9.32852e-04
 6.28071e-04
 4.57055e-04
 4.08436e-04
 4.00960e-04
 4.00075e-04
 4.00001e-04
 4.00000e-04
 4.00000e-04
 4.00000e-04
 4.00000e-04
 4.00000e-04
 4.00000e-04
 4.00000e-04
 4.00000e-04
 4.00000e-04
 4.00000e-04
 4.00000e-04
 4.00000e-04
 4.00000e-04
 4.00000e-04
 4.00000e-04
 2.00000e-04
 1.05634e-05
 1.97817e-05
 1.84806e-05
 1.88260e-05
 1.92958e-05
 1.98396e-05
 2.06643e-05
 2.16922e-05
 2.29803e-05
 2.45459e-05
 2.64256e-05
 2.86671e-05
 3.13257e-05
 3.44721e-05
 3.81920e-05
 4.25908e-05
 4.77992e-05
 5.39770e-05
 6.13268e-05
 7.00996e-05
 8.06163e-05
 9.32827e-05
 1.08631e-04
 1.27363e-04
 1.50393e-04
 1.78956e-04
 2.14842e-04
 2.60787e-04
 3.20838e-04
 4.00487e-04
 5.06389e-04
 6.45142e-04
 8.19652e-04
 1.02089e-03
 1.21627e-03
 1.34991e-03
 1.32777e-03
 1.10861e-03
 7.85277e-04
 5.30515e-04
 4.25703e-04
 4.03340e-04
 4.00362e-04
 4.00019e-04
 4.00000e-04
 4.00000e-04
 4.00000e-04
 4.00000e-04
 4.00000e-04
 4.00000e-04
 4.00000e-04
 4.00000e-04
 4.00000e-04
 4.00000e-04
 4.00000e-04
 4.00000e-04
 4.00000e-04
 4.00000e-04
 4.00000e-04
 4.00000e-04
 2.00000e-04
 1.21390e-05
 2.29908e-05
 2.17523e-05
 2.21277e-05
 2.26680e-05
 2.33051e-05
 2.42444e-05
 2.54129e-05
 2.68683e-05
 2.86349e-05
 3.07546e-05
 3.32807e-05
 3.62765e-05
 3.98217e-05
 4.40129e-05
 4.89702e-05
 5.48401e-05
 6.18071e-05
 7.00996e-05
 8.00078e-05
 9.18966e-05
 1.06242e-04
 1.23665e-04
 1.44978e-04
 1.71253e-04
 2.03998e-04
 2.45491e-04
 2.99160e-04
 3.69843e-04
 4.63725e-04
 5.87632e-04
 7.46794e-04
 9.38941e-04
 1.14394e-03
 1.31590e-03
 1.37809e-03
 1.25157e-03
 9.54599e-04
 6.42737e-04
 4.63728e-04
 4.10169e-04
 4.01251e-04
 4.00114e-04
 4.00003e-04
 4.00000e-04
 4.00000e-04
 4.00000e-04
 4.00000e-04
 4.00000e-04
 4.00000e-04
 4.00000e-04
 4.00000e-04
 4.00000e-04
 4.00000e-04
 4.00000e-04
 4.00000e-04
 4.00000e-04
 4.00000e-04
 4.00000e-04
 4.00000e-04
 2.00000e-04
 1.40137e-05
 2.68083e-05
 2.56460e-05
 2.60596e-05
 2.66825e-05
 2.74316e-05
 2.85070e-05
 2.98451e-05
 3.15020e-05
 3.35114e-05
 3.59196e-05
 3.87880e-05
 4.21891e-05
 4.62131e-05
 5.09713e-05
 5.65988e-05
 6.32665e-05
 7.11837e-05
 8.06163e-05
 9.18966e-05
 1.05456e-04
 1.21854e-04
 1.41818e-04
 1.66299e-04
 1.96605e-04
 2.34670e-04
 2.83419e-04
 3.47083e-04
 4.31286e-04
 5.42677e-04
 6.87466e-04
 8.67457e-04
 1.07159e-03
 1.26471e-03
 1.38760e-03
 1.34780e-03
 1.11218e-03
 7.82513e-04
 5.29825e-04
 4.26400e-04
 4.03661e-04
 4.00428e-04
 4.00026e-04
 4.00000e-04
 4.00000e-04
 4.00000e-04
 4.00000e-04
 4.00000e-04
 4.00000e-04
 4.00000e-04
 4.00000e-04
 4.00000e-04
 4.00000e-04
 4.00000e-04
 4.00000e-04
 4.00000e-04
 4.00000e-04
 4.00000e-04
 4.00000e-04
 4.00000e-04
 2.00000e-04
 1.62561e-05
 3.13686e-05
 3.02949e-05
 3.07562e-05
 3.14781e-05
 3.23614e-05
 3.36016e-05
 3.51436e-05
 3.70449e-05
 3.93472e-05
 4.21041e-05
 4.53861e-05
 4.92763e-05
 5.38790e-05
 5.93208e-05
 6.57610e-05
 7.33938e-05
 8.24654e-05
 9.32827e-05
 1.06242e-04
 1.21854e-04
 1.40778e-04
 1.63874e-04
 1.92301e-04
 2.27747e-04
 2.72743e-04
 3.30998e-04
 4.07577e-04
 5.08746e-04
 6.41005e-04
 8.08364e-04
 1.00589e-03
 1.20914e-03
 1.36879e-03
 1.40286e-03
 1.24303e-03
 9.29269e-04
 6.23466e-04
 4.57732e-04
 4.09478e-04
 4.01241e-04
 4.00120e-04
 4.00003e-04
 4.00000e-04
 4.00000e-04
 4.00000e-04
 4.00000e-04
 4.00000e-04
 4.00000e-04
 4.00000e-04
 4.00000e-04
 4.00000e-04
 4.00000e-04
 4.00000e-04
 4.00000e-04
 4.00000e-04
 4.00000e-04
 4.00000e-04
 4.00000e-04
 4.00000e-04
 2.00000e-04
 1.89488e-05
 3.68376e-05
 3.58667e-05
 3.63900e-05
 3.72299e-05
 3.82755e-05
 3.97139e-05
 4.15032e-05
 4.37011e-05
 4.63591e-05
 4.95396e-05
 5.33230e-05
 5.78075e-05
 6.31123e-05
 6.93877e-05
 7.68159e-05
 8.56275e-05
 9.61098e-05
 1.08631e-04
 1.23665e-04
 1.41818e-04
 1.63874e-04
 1.90889e-04
 2.24370e-04
 2.66555e-04
 3.20729e-04
 3.91444e-04
 4.84506e-04
 6.06339e-04
 7.62018e-04
 9.50479e-04
 1.15544e-03
 1.33649e-03
 1.42472e-03
 1.33766e-03
 1.06692e-03
 7.35654e-04
 5.07470e-04
 4.21387e-04
 4.03095e-04
 4.00378e-04
 4.00023e-04
 4.00000e-04
 4.00000e-04
 4.00000e-04
 4.00000e-04
 4.00000e-04
 4.00000e-04
 4.00000e-04
 4.00000e-04
 4.00000e-04
 4.00000e-04
 4.00000e-04
 4.00000e-04
 4.00000e-04
 4.00000e-04
 4.00000e-04
 4.00000e-04
 4.00000e-04
 4.00000e-04
 2.00000e-04
 2.21976e-05
 4.34262e-05
 4.25736e-05
 4.31755e-05
 4.41582e-05
 4.53999e-05
 4.70799e-05
 4.91695e-05
 5.17294e-05
 5.48216e-05
 5.85186e-05
 6.29156e-05
 6.81258e-05
 7.42916e-05
 8.15865e-05
 9.02289e-05
 1.00492e-04
 1.12722e-04
 1.27363e-04
 1.44978e-04
 1.66299e-04
 1.92301e-04
 2.24370e-04
 2.64528e-04
 3.15727e-04
 3.82080e-04
 4.68926e-04
 5.82417e-04
 7.28030e-04
 9.06977e-04
 1.10866e-03
 1.30043e-03
 1.42654e-03
 1.40086e-03
 1.18312e-03
 8.52896e-04
 5.74028e-04
 4.41915e-04
 4.06863e-04
 4.00942e-04
 4.00089e-04
 4.00002e-04
 4.00000e-04
 4.00000e-04
 4.00000e-04
 4.00000e-04
 4.00000e-04
 4.00000e-04
 4.00000e-04
 4.00000e-04
 4.00000e-04
 4.00000e-04
 4.00000e-04
 4.00000e-04
 4.00000e-04
 4.00000e-04
 4.00000e-04
 4.00000e-04
 4.00000e-04
 4.00000e-04
 2.00000e-04
 2.61366e-05
 5.14028e-05
 5.06850e-05
 5.13870e-05
 5.25425e-05
 5.40231e-05
 5.59984e-05
 5.84557e-05
 6.14605e-05
 6.50857e-05
 6.94190e-05
 7.45701e-05
 8.06754e-05
 8.79016e-05
 9.64589e-05
 1.06609e-04
 1.18683e-04
 1.33101e-04
 1.50393e-04
 1.71253e-04
 1.96605e-04
 2.27747e-04
 2.66555e-04
 3.15727e-04
 3.79011e-04
 4.61310e-04
 5.68409e-04
 7.05813e-04
 8.75929e-04
 1.07191e-03
 1.26813e-03
 1.41662e-03
 1.43945e-03
 1.27477e-03
 9.62129e-04
 6.51108e-04
 4.71883e-04
 4.13549e-04
 4.02025e-04
 4.00246e-04
 4.00013e-04
 4.00000e-04
 4.00000e-04
 4.00000e-04
 4.00000e-04
 4.00000e-04
 4.00000e-04
 4.00000e-04
 4.00000e-04
 4.00000e-04
 4.00000e-04
 4.00000e-04
 4.00000e-04
 4.00000e-04
 4.00000e-04
 4.00000e-04
 4.00000e-04
 4.00000e-04
 4.00000e-04
 4.00000e-04
 2.00000e-04
 3.09373e-05
 6.11108e-05
 6.05466e-05
 6.13751e-05
 6.27424e-05
 6.45155e-05
 6.68549e-05
 6.97663e-05
 7.33209e-05
 7.76070e-05
 8.27276e-05
 8.88158e-05
 9.60339e-05
 1.04585e-04
 1.14725e-04
 1.26770e-04
 1.41123e-04
 1.58296e-04
 1.78956e-04
 2.03998e-04
 2.34670e-04
 2.72743e-04
 3.20729e-04
 3.82080e-04
 4.61310e-04
 5.63798e-04
 6.94847e-04
 8.57377e-04
 1.04682e-03
 1.24268e-03
 1.40362e-03
 1.45916e-03
 1.33968e-03
 1.05577e-03
 7.29955e-04
 5.09513e-04
 4.23741e-04
 4.03868e-04
 4.00541e-04
 4.00044e-04
 4.00000e-04
 4.00000e-04
 4.00000e-04
 4.00000e-04
 4.00000e-04
 4.00000e-04
 4.00000e-04
 4.00000e-04
 4.00000e-04
 4.00000e-04
 4.00000e-04
 4.00000e-04
 4.00000e-04
 4.00000e-04
 4.00000e-04
 4.00000e-04
 4.00000e-04
 4.00000e-04
 4.00000e-04
 4.00000e-04
 2.00000e-04
 3.68224e-05
 7.29967e-05
 7.26077e-05
 7.35954e-05
 7.52241e-05
 7.73578e-05
 8.01509e-05
 8.36267e-05
 8.78684e-05
 9.29800e-05
 9.90888e-05
 1.06354e-04
 1.14976e-04
 1.25201e-04
 1.37341e-04
 1.51788e-04
 1.69044e-04
 1.89767e-04
 2.14842e-04
 2.45491e-04
 2.83419e-04
 3.30998e-04
 3.91444e-04
 4.68926e-04
 5.68409e-04
 6.94847e-04
 8.51211e-04
 1.03413e-03
 1.22652e-03
 1.39216e-03
 1.46765e-03
 1.38301e-03
 1.12951e-03
 8.02102e-04
 5.50646e-04
 4.37158e-04
 4.06637e-04
 4.01015e-04
 4.00110e-04
 4.00003e-04
 4.00000e-04
 4.00000e-04
 4.00000e-04
 4.00000e-04
 4.00000e-04
 4.00000e-04
 4.00000e-04
 4.00000e-04
 4.00000e-04
 4.00000e-04
 4.00000e-04
 4.00000e-04
 4.00000e-04
 4.00000e-04
 4.00000e-04
 4.00000e-04
 4.00000e-04
 4.00000e-04
 4.00000e-04
 4.00000e-04
 2.00000e-04
 4.40831e-05
 8.76449e-05
 8.74568e-05
 8.86458e-05
 9.05999e-05
 9.31845e-05
 9.65482e-05
 1.00736e-04
 1.05846e-04
 1.12004e-04
 1.19366e-04
 1.28128e-04
 1.38535e-04
 1.50895e-04
 1.65601e-04
 1.83155e-04
 2.04224e-04
 2.29696e-04
 2.60787e-04
 2.99160e-04
 3.47083e-04
 4.07577e-04
 4.84506e-04
 5.82417e-04
 7.05813e-04
 8.57377e-04
 1.03413e-03
 1.22099e-03
 1.38560e-03
 1.47068e-03
 1.40932e-03
 1.18180e-03
 8.60964e-04
 5.89960e-04
 4.52362e-04
 4.10263e-04
 4.01689e-04
 4.00220e-04
 4.00013e-04
 4.00000e-04
 4.00000e-04
 4.00000e-04
 4.00000e-04
 4.00000e-04
 4.00000e-04
 4.00000e-04
 4.00000e-04
 4.00000e-04
 4.00000e-04
 4.00000e-04
 4.00000e-04
 4.00000e-04
 4.00000e-04
 4.00000e-04
 4.00000e-04
 4.00000e-04
 4.00000e-04
 4.00000e-04
 4.00000e-04
 4.00000e-04
 2.00000e-04
 5.31091e-05
 1.05837e-04
 1.05883e-04
 1.07327e-04
 1.09693e-04
 1.12848e-04
 1.16939e-04
 1.22035e-04
 1.28254e-04
 1.35751e-04
 1.44720e-04
 1.55408e-04
 1.68127e-04
 1.83278e-04
 2.01379e-04
 2.23112e-04
 2.49383e-04
 2.81413e-04
 3.20838e-04
 3.69843e-04
 4.31286e-04
 5.08746e-04
 6.06339e-04
 7.28030e-04
 8.75929e-04
 1.04682e-03
 1.22652e-03
 1.38560e-03
 1.47138e-03
 1.42176e-03
 1.21279e-03
 9.02099e-04
 6.22245e-04
 4.67053e-04
 4.14312e-04
 4.02515e-04
 4.00372e-04
 4.00029e-04
 4.00000e-04
 4.00000e-04
 4.00000e-04
 4.00000e-04
 4.00000e-04
 4.00000e-04
 4.00000e-04
 4.00000e-04
 4.00000e-04
 4.00000e-04
 4.00000e-04
 4.00000e-04
 4.00000e-04
 4.00000e-04
 4.00000e-04
 4.00000e-04
 4.00000e-04
 4.00000e-04
 4.00000e-04
 4.00000e-04
 4.00000e-04
 4.00000e-04
 2.00000e-04
 6.44255e-05
 1.28628e-04
 1.28948e-04
 1.30719e-04
 1.33614e-04
 1.37500e-04
 1.42531e-04
 1.48802e-04
 1.56461e-04
 1.65705e-04
 1.76787e-04
 1.90030e-04
 2.05850e-04
 2.24788e-04
 2.47551e-04
 2.75068e-04
 3.08568e-04
 3.49669e-04
 4.00487e-04
 4.63725e-04
 5.42677e-04
 6.41005e-04
 7.62018e-04
 9.06977e-04
 1.07191e-03
 1.24268e-03
 1.39216e-03
 1.47068e-03
 1.42176e-03
 1.22306e-03
 9.23161e-04
 6.43352e-04
 4.78673e-04
 4.18076e-04
 4.03378e-04
 4.00546e-04
 4.00053e-04
 4.00000e-04
 4.00000e-04
 4.00000e-04
 4.00000e-04
 4.00000e-04
 4.00000e-04
 4.00000e-04
 4.00000e-04
 4.00000e-04
 4.00000e-04
 4.00000e-04
 4.00000e-04
 4.00000e-04
 4.00000e-04
 4.00000e-04
 4.00000e-04
 4.00000e-04
 4.00000e-04
 4.00000e-04
 4.00000e-04
 4.00000e-04
 4.00000e-04
 4.00000e-04
 2.00000e-04
 7.87591e-05
 1.57479e-04
 1.58130e-04
 1.60329e-04
 1.63922e-04
 1.68773e-04
 1.75050e-04
 1.82887e-04
 1.92478e-04
 2.04085e-04
 2.18045e-04
 2.34796e-04
 2.54903e-04
 2.79101e-04
 3.08342e-04
 3.43864e-04
 3.87267e-04
 4.40597e-04
 5.06389e-04
 5.87632e-04
 6.87466e-04
 8.08364e-04
 9.50479e-04
 1.10866e-03
 1.26813e-03
 1.40362e-03
 1.46765e-03
 1.40932e-03
 1.21279e-03
 9.23161e-04
 6.50676e-04
 4.85091e-04
 4.20763e-04
 4.04108e-04
 4.00713e-04
 4.00082e-04
 4.00002e-04
 4.00000e-04
 4.00000e-04
 4.00000e-04
 4.00000e-04
 4.00000e-04
 4.00000e-04
 4.00000e-04
 4.00000e-04
 4.00000e-04
 4.00000e-04
 4.00000e-04
 4.00000e-04
 4.00000e-04
 4.00000e-04
 4.00000e-04
 4.00000e-04
 4.00000e-04
 4.00000e-04
 4.00000e-04
 4.00000e-04
 4.00000e-04
 4.00000e-04
 4.00000e-04
 2.00000e-04
 9.71891e-05
 1.94558e-04
 1.95625e-04
 1.98413e-04
 2.02959e-04
 2.09125e-04
 2.17109e-04
 2.27097e-04
 2.39355e-04
 2.54234e-04
 2.72189e-04
 2.93811e-04
 3.19857e-04
 3.51298e-04
 3.89378e-04
 4.35668e-04
 4.92116e-04
 5.61069e-04
 6.45142e-04
 7.46794e-04
 8.67457e-04
 1.00589e-03
 1.15544e-03
 1.30043e-03
 1.41662e-03
 1.45916e-03
 1.38301e-03
 1.18180e-03
 9.02099e-04
 6.43352e-04
 4.85091e-04
 4.21741e-04
 4.04528e-04
 4.00834e-04
 4.00108e-04
 4.00005e-04
 4.00000e-04
 4.00000e-04
 4.00000e-04
 4.00000e-04
 4.00000e-04
 4.00000e-04
 4.00000e-04
 4.00000e-04
 4.00000e-04
 4.00000e-04
 4.00000e-04
 4.00000e-04
 4.00000e-04
 4.00000e-04
 4.00000e-04
 4.00000e-04
 4.00000e-04
 4.00000e-04
 4.00000e-04
 4.00000e-04
 4.00000e-04
 4.00000e-04
 4.00000e-04
 4.00000e-04
 2.00000e-04
 1.21334e-04
 2.43110e-04
 2.44728e-04
 2.48343e-04
 2.54203e-04
 2.62182e-04
 2.72526e-04
 2.85491e-04
 3.01432e-04
 3.20818e-04
 3.44253e-04
 3.72510e-04
 4.06569e-04
 4.47654e-04
 4.97279e-04
 5.57275e-04
 6.29708e-04
 7.16636e-04
 8.19652e-04
 9.38941e-04
 1.07159e-03
 1.20914e-03
 1.33649e-03
 1.42654e-03
 1.43945e-03
 1.33968e-03
 1.12951e-03
 8.60964e-04
 6.22245e-04
 4.78673e-04
 4.20763e-04
 4.04528e-04
 4.00878e-04
 4.00123e-04
 4.00007e-04
 4.00000e-04
 4.00000e-04
 4.00000e-04
 4.00000e-04
 4.00000e-04
 4.00000e-04
 4.00000e-04
 4.00000e-04
 4.00000e-04
 4.00000e-04
 4.00000e-04
 4.00000e-04
 4.00000e-04
 4.00000e-04
 4.00000e-04
 4.00000e-04
 4.00000e-04
 4.00000e-04
 4.00000e-04
 4.00000e-04
 4.00000e-04
 4.00000e-04
 4.00000e-04
 4.00000e-04
 4.00000e-04
 2.00000e-04
 1.53430e-04
 3.07620e-04
 3.09966e-04
 3.14717e-04
 3.22358e-04
 3.32798e-04
 3.46347e-04
 3.63339e-04
 3.84239e-04
 4.09647e-04
 4.40328e-04
 4.77243e-04
 5.21585e-04
 5.74760e-04
 6.38326e-04
 7.13880e-04
 8.02791e-04
 9.05590e-04
 1.02089e-03
 1.14394e-03
 1.26471e-03
 1.36879e-03
 1.42472e-03
 1.40086e-03
 1.27477e-03
 1.05577e-03
 8.02102e-04
 5.89960e-04
 4.67053e-04
 4.18076e-04
 4.04108e-04
 4.00834e-04
 4.00123e-04
 4.00007e-04
 4.00000e-04
 4.00000e-04
 4.00000e-04
 4.00000e-04
 4.00000e-04
 4.00000e-04
 4.00000e-04
 4.00000e-04
 4.00000e-04
 4.00000e-04
 4.00000e-04
 4.00000e-04
 4.00000e-04
 4.00000e-04
 4.00000e-04
 4.00000e-04
 4.00000e-04
 4.00000e-04
 4.00000e-04
 4.00000e-04
 4.00000e-04
 4.00000e-04
 4.00000e-04
 4.00000e-04
 4.00000e-04
 4.00000e-04
 2.00000e-04
 1.96223e-04
 3.93596e-04
 3.96870e-04
 4.03106e-04
 4.13067e-04
 4.26722e-04
 4.44444e-04
 4.66654e-04
 4.93925e-04
 5.26978e-04
 5.66693e-04
 6.14093e-04
 6.70320e-04
 7.36560e-04
 8.13831e-04
 9.02519e-04
 1.00175e-03
 1.10854e-03
 1.21627e-03
 1.31590e-03
 1.38760e-03
 1.40286e-03
 1.33766e-03
 1.18312e-03
 9.62129e-04
 7.29955e-04
 5.50646e-04
 4.52362e-04
 4.14312e-04
 4.03378e-04
 4.00713e-04
 4.00108e-04
 4.00007e-04
 4.00000e-04
 4.00000e-04
 4.00000e-04
 4.00000e-04
 4.00000e-04
 4.00000e-04
 4.00000e-04
 4.00000e-04
 4.00000e-04
 4.00000e-04
 4.00000e-04
 4.00000e-04
 4.00000e-04
 4.00000e-04
 4.00000e-04
 4.00000e-04
 4.00000e-04
 4.00000e-04
 4.00000e-04
 4.00000e-04
 4.00000e-04
 4.00000e-04
 4.00000e-04
 4.00000e-04
 4.00000e-04
 4.00000e-04
 4.00000e-04
 2.00000e-04
 2.52622e-04
 5.06858e-04
 5.11259e-04
 5.19324e-04
 5.32159e-04
 5.49786e-04
 5.72606e-04
 6.01054e-04
 6.35709e-04
 6.77273e-04
 7.26534e-04
 7.84256e-04
 8.50982e-04
 9.26790e-04
 1.01096e-03
 1.10127e-03
 1.19299e-03
 1.28037e-03
 1.34991e-03
 1.37809e-03
 1.34780e-03
 1.24303e-03
 1.06692e-03
 8.52896e-04
 6.51108e-04
 5.09513e-04
 4.37158e-04
 4.10263e-04
 4.02515e-04
 4.00546e-04
 4.00082e-04
 4.00005e-04
 4.00000e-04
 4.00000e-04
 4.00000e-04
 4.00000e-04
 4.00000e-04
 4.00000e-04
 4.00000e-04
 4.00000e-04
 4.00000e-04
 4.00000e-04
 4.00000e-04
 4.00000e-04
 4.00000e-04
 4.00000e-04
 4.00000e-04
 4.00000e-04
 4.00000e-04
 4.00000e-04
 4.00000e-04
 4.00000e-04
 4.00000e-04
 4.00000e-04
 4.00000e-04
 4.00000e-04
 4.00000e-04
 4.00000e-04
 4.00000e-04
 4.00000e-04
 2.00000e-04
 3.24647e-04
 6.51386e-04
 6.56941e-04
 6.66907e-04
 6.82761e-04
 7.04511e-04
 7.32469e-04
 7.66919e-04
 8.08202e-04
 8.56621e-04
 9.12331e-04
 9.75167e-04
 1.04429e-03
 1.11766e-03
 1.19198e-03
 1.26332e-03
 1.32054e-03
 1.34582e-03
 1.32777e-03
 1.25157e-03
 1.11218e-03
 9.29269e-04
 7.35654e-04
 5.74028e-04
 4.71883e-04
 4.23741e-04
 4.06637e-04
 4.01689e-04
 4.00372e-04
 4.00053e-04
 4.00002e-04
 4.00000e-04
 4.00000e-04
 4.00000e-04
 4.00000e-04
 4.00000e-04
 4.00000e-04
 4.00000e-04
 4.00000e-04
 4.00000e-04
 4.00000e-04
 4.00000e-04
 4.00000e-04
 4.00000e-04
 4.00000e-04
 4.00000e-04
 4.00000e-04
 4.00000e-04
 4.00000e-04
 4.00000e-04
 4.00000e-04
 4.00000e-04
 4.00000e-04
 4.00000e-04
 4.00000e-04
 4.00000e-04
 4.00000e-04
 4.00000e-04
 4.00000e-04
 4.00000e-04
 2.00000e-04
 4.10328e-04
 8.23100e-04
 8.29413e-04
 8.40619e-04
 8.58475e-04
 8.82776e-04
 9.13518e-04
 9.50556e-04
 9.93625e-04
 1.04211e-03
 1.09490e-03
 1.15029e-03
 1.20697e-03
 1.25940e-03
 1.29682e-03
 1.30951e-03
 1.28974e-03
 1.22454e-03
 1.10861e-03
 9.54599e-04
 7.82513e-04
 6.23466e-04
 5.07470e-04
 4.41915e-04
 4.13549e-04
 4.03868e-04
 4.01015e-04
 4.00220e-04
 4.00029e-04
 4.00000e-04
 4.00000e-04
 4.00000e-04
 4.00000e-04
 4.00000e-04
 4.00000e-04
 4.00000e-04
 4.00000e-04
 4.00000e-04
 4.00000e-04
 4.00000e-04
 4.00000e-04
 4.00000e-04
 4.00000e-04
 4.00000e-04
 4.00000e-04
 4.00000e-04
 4.00000e-04
 4.00000e-04
 4.00000e-04
 4.00000e-04
 4.00000e-04
 4.00000e-04
 4.00000e-04
 4.00000e-04
 4.00000e-04
 4.00000e-04
 4.00000e-04
 4.00000e-04
 4.00000e-04
 4.00000e-04
 2.00000e-04
 4.98606e-04
 9.99637e-04
 1.00564e-03
 1.01623e-03
 1.03318e-03
 1.05582e-03
 1.08354e-03
 1.11560e-03
 1.15169e-03
 1.18967e-03
 1.22512e-03
 1.25287e-03
 1.26693e-03
 1.26283e-03
 1.23317e-03
 1.16743e-03
 1.06430e-03
 9.32852e-04
 7.85277e-04
 6.42737e-04
 5.29825e-04
 4.57732e-04
 4.21387e-04
 4.06863e-04
 4.02025e-04
 4.00541e-04
 4.00110e-04
 4.00013e-04
 4.00000e-04
 4.00000e-04
 4.00000e-04
 4.00000e-04
 4.00000e-04
 4.00000e-04
 4.00000e-04
 4.00000e-04
 4.00000e-04
 4.00000e-04
 4.00000e-04
 4.00000e-04
 4.00000e-04
 4.00000e-04
 4.00000e-04
 4.00000e-04
 4.00000e-04
 4.00000e-04
 4.00000e-04
 4.00000e-04
 4.00000e-04
 4.00000e-04
 4.00000e-04
 4.00000e-04
 4.00000e-04
 4.00000e-04
 4.00000e-04
 4.00000e-04
 4.00000e-04
 4.00000e-04
 4.00000e-04
 4.00000e-04
 2.00000e-04
 5.68850e-04
 1.13957e-03
 1.14372e-03
 1.15091e-03
 1.16247e-03
 1.17688e-03
 1.19246e-03
 1.20674e-03
 1.21677e-03
 1.22017e-03
 1.21385e-03
 1.19203e-03
 1.14740e-03
 1.07685e-03
 9.82910e-04
 8.70388e-04
 7.47132e-04
 6.28071e-04
 5.30515e-04
 4.63728e-04
 4.26400e-04
 4.09478e-04
 4.03095e-04
 4.00942e-04
 4.00246e-04
 4.00044e-04
 4.00003e-04
 4.00000e-04
 4.00000e-04
 4.00000e-04
 4.00000e-04
 4.00000e-04
 4.00000e-04
 4.00000e-04
 4.00000e-04
 4.00000e-04
 4.00000e-04
 4.00000e-04
 4.00000e-04
 4.00000e-04
 4.00000e-04
 4.00000e-04
 4.00000e-04
 4.00000e-04
 4.00000e-04
 4.00000e-04
 4.00000e-04
 4.00000e-04
 4.00000e-04
 4.00000e-04
 4.00000e-04
 4.00000e-04
 4.00000e-04
 4.00000e-04
 4.00000e-04
 4.00000e-04
 4.00000e-04
 4.00000e-04
 4.00000e-04
 4.00000e-04
 2.00000e-04
 5.83452e-04
 1.16713e-03
 1.16636e-03
 1.16493e-03
 1.16344e-03
 1.15988e-03
 1.15210e-03
 1.13726e-03
 1.11152e-03
 1.07218e-03
 1.01824e-03
 9.49444e-04
 8.67357e-04
 7.74031e-04
 6.76064e-04
 5.84743e-04
 5.09851e-04
 4.57055e-04
 4.25703e-04
 4.10169e-04
 4.03661e-04
 4.01241e-04
 4.00378e-04
 4.00089e-04
 4.00013e-04
 4.00000e-04
 4.00000e-04
 4.00000e-04
 4.00000e-04
 4.00000e-04
 4.00000e-04
 4.00000e-04
 4.00000e-04
 4.00000e-04
 4.00000e-04
 4.00000e-04
 4.00000e-04
 4.00000e-04
 4.00000e-04
 4.00000e-04
 4.00000e-04
 4.00000e-04
 4.00000e-04
 4.00000e-04
 4.00000e-04
 4.00000e-04
 4.00000e-04
 4.00000e-04
 4.00000e-04
 4.00000e-04
 4.00000e-04
 4.00000e-04
 4.00000e-04
 4.00000e-04
 4.00000e-04
 4.00000e-04
 4.00000e-04
 4.00000e-04
 4.00000e-04
 4.00000e-04
 2.00000e-04
 5.13224e-04
 1.02464e-03
 1.01799e-03
 1.00627e-03
 9.89453e-04
 9.66037e-04
 9.34927e-04
 8.95334e-04
 8.47129e-04
 7.89850e-04
 7.24298e-04
 6.54614e-04
 5.86316e-04
 5.25058e-04
 4.75802e-04
 4.40967e-04
 4.19639e-04
 4.08436e-04
 4.03340e-04
 4.01251e-04
 4.00428e-04
 4.00120e-04
 4.00023e-04
 4.00002e-04
 4.00000e-04
 4.00000e-04
 4.00000e-04
 4.00000e-04
 4.00000e-04
 4.00000e-04
 4.00000e-04
 4.00000e-04
 4.00000e-04
 4.00000e-04
 4.00000e-04
 4.00000e-04
 4.00000e-04
 4.00000e-04
 4.00000e-04
 4.00000e-04
 4.00000e-04
 4.00000e-04
 4.00000e-04
 4.00000e-04
 4.00000e-04
 4.00000e-04
 4.00000e-04
 4.00000e-04
 4.00000e-04
 4.00000e-04
 4.00000e-04
 4.00000e-04
 4.00000e-04
 4.00000e-04
 4.00000e-04
 4.00000e-04
 4.00000e-04
 4.00000e-04
 4.00000e-04
 4.00000e-04
 2.00000e-04
 3.79165e-04
 7.55780e-04
 7.47402e-04
 7.32932e-04
 7.12480e-04
 6.85878e-04
 6.53650e-04
 6.16837e-04
 5.77155e-04
 5.36982e-04
 4.99172e-04
 4.66467e-04
 4.40783e-04
 4.22725e-04
 4.11487e-04
 4.05333e-04
 4.02326e-04
 4.00960e-04
 4.00362e-04
 4.00114e-04
 4.00026e-04
 4.00003e-04
 4.00000e-04
 4.00000e-04
 4.00000e-04
 4.00000e-04
 4.00000e-04
 4.00000e-04
 4.00000e-04
 4.00000e-04
 4.00000e-04
 4.00000e-04
 4.00000e-04
 4.00000e-04
 4.00000e-04
 4.00000e-04
 4.00000e-04
 4.00000e-04
 4.00000e-04
 4.00000e-04
 4.00000e-04
 4.00000e-04
 4.00000e-04
 4.00000e-04
 4.00000e-04
 4.00000e-04
 4.00000e-04
 4.00000e-04
 4.00000e-04
 4.00000e-04
 4.00000e-04
 4.00000e-04
 4.00000e-04
 4.00000e-04
 4.00000e-04
 4.00000e-04
 4.00000e-04
 4.00000e-04
 4.00000e-04
 4.00000e-04
 2.00000e-04
 2.60573e-04
 5.19525e-04
 5.14471e-04
 5.06090e-04
 4.94840e-04
 4.81296e-04
 4.66411e-04
 4.51339e-04
 4.37276e-04
 4.25233e-04
 4.15837e-04
 4.09196e-04
 4.04968e-04
 4.02530e-04
 4.01221e-04
 4.00553e-04
 4.00225e-04
 4.00075e-04
 4.00019e-04
 4.00003e-04
 4.00000e-04
 4.00000e-04
 4.00000e-04
 4.00000e-04
 4.00000e-04
 4.00000e-04
 4.00000e-04
 4.00000e-04
 4.00000e-04
 4.00000e-04
 4.00000e-04
 4.00000e-04
 4.00000e-04
 4.00000e-04
 4.00000e-04
 4.00000e-04
 4.00000e-04
 4.00000e-04
 4.00000e-04
 4.00000e-04
 4.00000e-04
 4.00000e-04
 4.00000e-04
 4.00000e-04
 4.00000e-04
 4.00000e-04
 4.00000e-04
 4.00000e-04
 4.00000e-04
 4.00000e-04
 4.00000e-04
 4.00000e-04
 4.00000e-04
 4.00000e-04
 4.00000e-04
 4.00000e-04
 4.00000e-04
 4.00000e-04
 4.00000e-04
 4.00000e-04
 2.00000e-04
 2.10284e-04
 4.20148e-04
 4.18881e-04
 4.16870e-04
 4.14328e-04
 4.11508e-04
 4.08707e-04
 4.06192e-04
 4.04146e-04
 4.02623e-04
 4.01570e-04
 4.00888e-04
 4.00472e-04
 4.00229e-04
 4.00095e-04
 4.00033e-04
 4.00008e-04
 4.00001e-04
 4.00000e-04
 4.00000e-04
 4.00000e-04
 4.00000e-04
 4.00000e-04
 4.00000e-04
 4.00000e-04
 4.00000e-04
 4.00000e-04
 4.00000e-04
 4.00000e-04
 4.00000e-04
 4.00000e-04
 4.00000e-04
 4.00000e-04
 4.00000e-04
 4.00000e-04
 4.00000e-04
 4.00000e-04
 4.00000e-04
 4.00000e-04
 4.00000e-04
 4.00000e-04
 4.00000e-04
 4.00000e-04
 4.00000e-04
 4.00000e-04
 4.00000e-04
 4.00000e-04
 4.00000e-04
 4.00000e-04
 4.00000e-04
 4.00000e-04
 4.00000e-04
 4.00000e-04
 4.00000e-04
 4.00000e-04
 4.00000e-04
 4.00000e-04
 4.00000e-04
 4.00000e-04
 4.00000e-04
 2.00000e-04
 2.00957e-04
 4.01869e-04
 4.01736e-04
 4.01531e-04
 4.01281e-04
 4.01014e-04
 4.00759e-04
 4.00535e-04
 4.00354e-04
 4.00217e-04
 4.00120e-04
 4.00058e-04
 4.00023e-04
 4.00007e-04
 4.00001e-04
 4.00000e-04
 4.00000e-04
 4.00000e-04
 4.00000e-04
 4.00000e-04
 4.00000e-04
 4.00000e-04
 4.00000e-04
 4.00000e-04
 4.00000e-04
 4.00000e-04
 4.00000e-04
 4.00000e-04
 4.00000e-04
 4.00000e-04
 4.00000e-04
 4.00000e-04
 4.00000e-04
 4.00000e-04
 4.00000e-04
 4.00000e-04
 4.00000e-04
 4.00000e-04
 4.00000e-04
 4.00000e-04
 4.00000e-04
 4.00000e-04
 4.00000e-04
 4.00000e-04
 4.00000e-04
 4.00000e-04
 4.00000e-04
 4.00000e-04
 4.00000e-04
 4.00000e-04
 4.00000e-04
 4.00000e-04
 4.00000e-04
 4.00000e-04
 4.00000e-04
 4.00000e-04
 4.00000e-04
 4.00000e-04
 4.00000e-04
 4.00000e-04
 2.00000e-04
 2.00070e-04
 4.00136e-04
 4.00125e-04
 4.00107e-04
 4.00086e-04
 4.00063e-04
 4.00042e-04
 4.00025e-04
 4.00013e-04
 4.00005e-04
 4.00001e-04
 4.00000e-04
 4.00000e-04
 4.00000e-04
 4.00000e-04
 4.00000e-04
 4.00000e-04
 4.00000e-04
 4.00000e-04
 4.00000e-04
 4.00000e-04
 4.00000e-04
 4.00000e-04
 4.00000e-04
 4.00000e-04
 4.00000e-04
 4.00000e-04
 4.00000e-04
 4.00000e-04
 4.00000e-04
 4.00000e-04
 4.00000e-04
 4.00000e-04
 4.00000e-04
 4.00000e-04
 4.00000e-04
 4.00000e-04
 4.00000e-04
 4.00000e-04
 4.00000e-04
 4.00000e-04
 4.00000e-04
 4.00000e-04
 4.00000e-04
 4.00000e-04
 4.00000e-04
 4.00000e-04
 4.00000e-04
 4.00000e-04
 4.00000e-04
 4.00000e-04
 4.00000e-04
 4.00000e-04
 4.00000e-04
 4.00000e-04
 4.00000e-04
 4.00000e-04
 4.00000e-04
 4.00000e-04
 4.00000e-04
 2.00000e-04
 2.00000e-04
 4.00001e-04
 4.00001e-04
 4.00000e-04
 4.00000e-04
 4.00000e-04
 4.00000e-04
 4.00000e-04
 4.00000e-04
 4.00000e-04
 4.00000e-04
 4.00000e-04
 4.00000e-04
 4.00000e-04
 4.00000e-04
 4.00000e-04
 4.00000e-04
 4.00000e-04
 4.00000e-04
 4.00000e-04
 4.00000e-04
 4.00000e-04
 4.00000e-04
 4.00000e-04
 4.00000e-04
 4.00000e-04
 4.00000e-04
 4.00000e-04
 4.00000e-04
 4.00000e-04
 4.00000e-04
 4.00000e-04
 4.00000e-04
 4.00000e-04
 4.00000e-04
 4.00000e-04
 4.00000e-04
 4.00000e-04
 4.00000e-04
 4.00000e-04
 4.00000e-04
 4.00000e-04
 4.00000e-04
 4.00000e-04
 4.00000e-04
 4.00000e-04
 4.00000e-04
 4.00000e-04
 4.00000e-04
 4.00000e-04
 4.00000e-04
 4.00000e-04
 4.00000e-04
 4.00000e-04
 4.00000e-04
 4.00000e-04
 4.00000e-04
 4.00000e-04
 4.00000e-04
 4.00000e-04
 2.00000e-04
 2.00000e-04
 4.00000e-04
 4.00000e-04
 4.00000e-04
 4.00000e-04
 4.00000e-04
 4.00000e-04
 4.00000e-04
 4.00000e-04
 4.00000e-04
 4.00000e-04
 4.00000e-04
 4.00000e-04
 4.00000e-04
 4.00000e-04
 4.00000e-04
 4.00000e-04
 4.00000e-04
 4.00000e-04
 4.00000e-04
 4.00000e-04
 4.00000e-04
 4.00000e-04
 4.00000e-04
 4.00000e-04
 4.00000e-04
 4.00000e-04
 4.00000e-04
 4.00000e-04
 4.00000e-04
 4.00000e-04
 4.00000e-04
 4.00000e-04
 4.00000e-04
 4.00000e-04
 4.00000e-04
 4.00000e-04
 4.00000e-04
 4.00000e-04
 4.00000e-04
 4.00000e-04
 4.00000e-04
 4.00000e-04
 4.00000e-04
 4.00000e-04
 4.00000e-04
 4.00000e-04
 4.00000e-04
 4.00000e-04
 4.00000e-04
 4.00000e-04
 4.00000e-04
 4.00000e-04
 4.00000e-04
 4.00000e-04
 4.00000e-04
 4.00000e-04
 4.00000e-04
 4.00000e-04
 4.00000e-04
 2.00000e-04
 2.00000e-04
 4.00000e-04
 4.00000e-04
 4.00000e-04
 4.00000e-04
 4.00000e-04
 4.00000e-04
 4.00000e-04
 4.00000e-04
 4.00000e-04
 4.00000e-04
 4.00000e-04
 4.00000e-04
 4.00000e-04
 4.00000e-04
 4.00000e-04
 4.00000e-04
 4.00000e-04
 4.00000e-04
 4.00000e-04
 4.00000e-04
 4.00000e-04
 4.00000e-04
 4.00000e-04
 4.00000e-04
 4.00000e-04
 4.00000e-04
 4.00000e-04
 4.00000e-04
 4.00000e-04
 4.00000e-04
 4.00000e-04
 4.00000e-04
 4.00000e-04
 4.00000e-04
 4.00000e-04
 4.00000e-04
 4.00000e-04
 4.00000e-04
 4.00000e-04
 4.00000e-04
 4.00000e-04
 4.00000e-04
 4.00000e-04
 4.00000e-04
 4.00000e-04
 4.00000e-04
 4.00000e-04
 4.00000e-04
 4.00000e-04
 4.00000e-04
 4.00000e-04
 4.00000e-04
 4.00000e-04
 4.00000e-04
 4.00000e-04
 4.00000e-04
 4.00000e-04
 4.00000e-04
 4.00000e-04
 2.00000e-04
 2.00000e-04
 4.00000e-04
 4.00000e-04
 4.00000e-04
 4.00000e-04
 4.00000e-04
 4.00000e-04
 4.00000e-04
 4.00000e-04
 4.00000e-04
 4.00000e-04
 4.00000e-04
 4.00000e-04
 4.00000e-04
 4.00000e-04
 4.00000e-04
 4.00000e-04
 4.00000e-04
 4.00000e-04
 4.00000e-04
 4.00000e-04
 4.00000e-04
 4.00000e-04
 4.00000e-04
 4.00000e-04
 4.00000e-04
 4.00000e-04
 4.00000e-04
 4.00000e-04
 4.00000e-04
 4.00000e-04
 4.00000e-04
 4.00000e-04
 4.00000e-04
 4.00000e-04
 4.00000e-04
 4.00000e-04
 4.00000e-04
 4.00000e-04
 4.00000e-04
 4.00000e-04
 4.00000e-04
 4.00000e-04
 4.00000e-04
 4.00000e-04
 4.00000e-04
 4.00000e-04
 4.00000e-04
 4.00000e-04
 4.00000e-04
 4.00000e-04
 4.00000e-04
 4.00000e-04
 4.00000e-04
 4.00000e-04
 4.00000e-04
 4.00000e-04
 4.00000e-04
 4.00000e-04
 4.00000e-04
 2.00000e-04
 2.00000e-04
 4.00000e-04
 4.00000e-04
 4.00000e-04
 4.00000e-04
 4.00000e-04
 4.00000e-04
 4.00000e-04
 4.00000e-04
 4.00000e-04
 4.00000e-04
 4.00000e-04
 4.00000e-04
 4.00000e-04
 4.00000e-04
 4.00000e-04
 4.00000e-04
 4.00000e-04
 4.00000e-04
 4.00000e-04
 4.00000e-04
 4.00000e-04
 4.00000e-04
 4.00000e-04
 4.00000e-04
 4.00000e-04
 4.00000e-04
 4.00000e-04
 4.00000e-04
 4.00000e-04
 4.00000e-04
 4.00000e-04
 4.00000e-04
 4.00000e-04
 4.00000e-04
 4.00000e-04
 4.00000e-04
 4.00000e-04
 4.00000e-04
 4.00000e-04
 4.00000e-04
 4.00000e-04
 4.00000e-04
 4.00000e-04
 4.00000e-04
 4.00000e-04
 4.00000e-04
 4.00000e-04
 4.00000e-04
 4.00000e-04
 4.00000e-04
 4.00000e-04
 4.00000e-04
 4.00000e-04
 4.00000e-04
 4.00000e-04
 4.00000e-04
 4.00000e-04
 4.00000e-04
 4.00000e-04
 2.00000e-04
 2.00000e-04
 4.00000e-04
 4.00000e-04
 4.00000e-04
 4.00000e-04
 4.00000e-04
 4.00000e-04
 4.00000e-04
 4.00000e-04
 4.00000e-04
 4.00000e-04
 4.00000e-04
 4.00000e-04
 4.00000e-04
 4.00000e-04
 4.00000e-04
 4.00000e-04
 4.00000e-04
 4.00000e-04
 4.00000e-04
 4.00000e-04
 4.00000e-04
 4.00000e-04
 4.00000e-04
 4.00000e-04
 4.00000e-04
 4.00000e-04
 4.00000e-04
 4.00000e-04
 4.00000e-04
 4.00000e-04
 4.00000e-04
 4.00000e-04
 4.00000e-04
 4.00000e-04
 4.00000e-04
 4.00000e-04
 4.00000e-04
 4.00000e-04
 4.00000e-04
 4.00000e-04
 4.00000e-04
 4.00000e-04
 4.00000e-04
 4.00000e-04
 4.00000e-04
 4.00000e-04
 4.00000e-04
 4.00000e-04
 4.00000e-04
 4.00000e-04
 4.00000e-04
 4.00000e-04
 4.00000e-04
 4.00000e-04
 4.00000e-04
 4.00000e-04
 4.00000e-04
 4.00000e-04
 4.00000e-04
 2.00000e-04
 2.00000e-04
 4.00000e-04
 4.00000e-04
 4.00000e-04
 4.00000e-04
 4.00000e-04
 4.00000e-04
 4.00000e-04
 4.00000e-04
 4.00000e-04
 4.00000e-04
 4.00000e-04
 4.00000e-04
 4.00000e-04
 4.00000e-04
 4.00000e-04
 4.00000e-04
 4.00000e-04
 4.00000e-04
 4.00000e-04
 4.00000e-04
 4.00000e-04
 4.00000e-04
 4.00000e-04
 4.00000e-04
 4.00000e-04
 4.00000e-04
 4.00000e-04
 4.00000e-04
 4.00000e-04
 4.00000e-04
 4.00000e-04
 4.00000e-04
 4.00000e-04
 4.00000e-04
 4.00000e-04
 4.00000e-04
 4.00000e-04
 4.00000e-04
 4.00000e-04
 4.00000e-04
 4.00000e-04
 4.00000e-04
 4.00000e-04
 4.00000e-04
 4.00000e-04
 4.00000e-04
 4.00000e-04
 4.00000e-04
 4.00000e-04
 4.00000e-04
 4.00000e-04
 4.00000e-04
 4.00000e-04
 4.00000e-04
 4.00000e-04
 4.00000e-04
 4.00000e-04
 4.00000e-04
 4.00000e-04
 2.00000e-04
 2.00000e-04
 4.00000e-04
 4.00000e-04
 4.00000e-04
 4.00000e-04
 4.00000e-04
 4.00000e-04
 4.00000e-04
 4.00000e-04
 4.00000e-04
 4.00000e-04
 4.00000e-04
 4.00000e-04
 4.00000e-04
 4.00000e-04
 4.00000e-04
 4.00000e-04
 4.00000e-04
 4.00000e-04
 4.00000e-04
 4.00000e-04
 4.00000e-04
 4.00000e-04
 4.00000e-04
 4.00000e-04
 4.00000e-04
 4.00000e-04
 4.00000e-04
 4.00000e-04
 4.00000e-04
 4.00000e-04
 4.00000e-04
 4.00000e-04
 4.00000e-04
 4.00000e-04
 4.00000e-04
 4.00000e-04
 4.00000e-04
 4.00000e-04
 4.00000e-04
 4.00000e-04
 4.00000e-04
 4.00000e-04
 4.00000e-04
 4.00000e-04
 4.00000e-04
 4.00000e-04
 4.00000e-04
 4.00000e-04
 4.00000e-04
 4.00000e-04
 4.00000e-04
 4.00000e-04
 4.00000e-04
 4.00000e-04
 4.00000e-04
 4.00000e-04
 4.00000e-04
 4.00000e-04
 4.00000e-04
 2.00000e-04
 2.00000e-04
 4.00000e-04
 4.00000e-04
 4.00000e-04
 4.00000e-04
 4.00000e-04
 4.00000e-04
 4.00000e-04
 4.00000e-04
 4.00000e-04
 4.00000e-04
 4.00000e-04
 4.00000e-04
 4.00000e-04
 4.00000e-04
 4.00000e-04
 4.00000e-04
 4.00000e-04
 4.00000e-04
 4.00000e-04
 4.00000e-04
 4.00000e-04
 4.00000e-04
 4.00000e-04
 4.00000e-04
 4.00000e-04
 4.00000e-04
 4.00000e-04
 4.00000e-04
 4.00000e-04
 4.00000e-04
 4.00000e-04
 4.00000e-04
 4.00000e-04
 4.00000e-04
 4.00000e-04
 4.00000e-04
 4.00000e-04
 4.00000e-04
 4.00000e-04
 4.00000e-04
 4.00000e-04
 4.00000e-04
 4.00000e-04
 4.00000e-04
 4.00000e-04
 4.00000e-04
 4.00000e-04
 4.00000e-04
 4.00000e-04
 4.00000e-04
 4.00000e-04
 4.00000e-04
 4.00000e-04
 4.00000e-04
 4.00000e-04
 4.00000e-04
 4.00000e-04
 4.00000e-04
 4.00000e-04
 2.00000e-04
 2.00000e-04
 4.00000e-04
 4.00000e-04
 4.00000e-04
 4.00000e-04
 4.00000e-04
 4.00000e-04
 4.00000e-04
 4.00000e-04
 4.00000e-04
 4.00000e-04
 4.00000e-04
 4.00000e-04
 4.00000e-04
 4.00000e-04
 4.00000e-04
 4.00000e-04
 4.00000e-04
 4.00000e-04
 4.00000e-04
 4.00000e-04
 4.00000e-04
 4.00000e-04
 4.00000e-04
 4.00000e-04
 4.00000e-04
 4.00000e-04
 4.00000e-04
 4.00000e-04
 4.00000e-04
 4.00000e-04
 4.00000e-04
 4.00000e-04
 4.00000e-04
 4.00000e-04
 4.00000e-04
 4.00000e-04
 4.00000e-04
 4.00000e-04
 4.00000e-04
 4.00000e-04
 4.00000e-04
 4.00000e-04
 4.00000e-04
 4.00000e-04
 4.00000e-04
 4.00000e-04
 4.00000e-04
 4.00000e-04
 4.00000e-04
 4.00000e-04
 4.00000e-04
 4.00000e-04
 4.00000e-04
 4.00000e-04
 4.00000e-04
 4.00000e-04
 4.00000e-04
 4.00000e-04
 4.00000e-04
 2.00000e-04
 2.00000e-04
 4.00000e-04
 4.00000e-04
 4.00000e-04
 4.00000e-04
 4.00000e-04
 4.00000e-04
 4.00000e-04
 4.00000e-04
 4.00000e-04
 4.00000e-04
 4.00000e-04
 4.00000e-04
 4.00000e-04
 4.00000e-04
 4.00000e-04
 4.00000e-04
 4.00000e-04
 4.00000e-04
 4.00000e-04
 4.00000e-04
 4.00000e-04
 4.00000e-04
 4.00000e-04
 4.00000e-04
 4.00000e-04
 4.00000e-04
 4.00000e-04
 4.00000e-04
 4.00000e-04
 4.00000e-04
 4.00000e-04
 4.00000e-04
 4.00000e-04
 4.00000e-04
 4.00000e-04
 4.00000e-04
 4.00000e-04
 4.00000e-04
 4.00000e-04
 4.00000e-04
 4.00000e-04
 4.00000e-04
 4.00000e-04
 4.00000e-04
 4.00000e-04
 4.00000e-04
 4.00000e-04
 4.00000e-04
 4.00000e-04
 4.00000e-04
 4.00000e-04
 4.00000e-04
 4.00000e-04
 4.00000e-04
 4.00000e-04
 4.00000e-04
 4.00000e-04
 4.00000e-04
 4.00000e-04
 2.00000e-04
 2.00000e-04
 4.00000e-04
 4.00000e-04
 4.00000e-04
 4.00000e-04
 4.00000e-04
 4.00000e-04
 4.00000e-04
 4.00000e-04
 4.00000e-04
 4.00000e-04
 4.00000e-04
 4.00000e-04
 4.00000e-04
 4.00000e-04
 4.00000e-04
 4.00000e-04
 4.00000e-04
 4.00000e-04
 4.00000e-04
 4.00000e-04
 4.00000e-04
 4.00000e-04
 4.00000e-04
 4.00000e-04
 4.00000e-04
 4.00000e-04
 4.00000e-04
 4.00000e-04
 4.00000e-04
 4.00000e-04
 4.00000e-04
 4.00000e-04
 4.00000e-04
 4.00000e-04
 4.00000e-04
 4.00000e-04
 4.00000e-04
 4.00000e-04
 4.00000e-04
 4.00000e-04
 4.00000e-04
 4.00000e-04
 4.00000e-04
 4.00000e-04
 4.00000e-04
 4.00000e-04
 4.00000e-04
 4.00000e-04
 4.00000e-04
 4.00000e-04
 4.00000e-04
 4.00000e-04
 4.00000e-04
 4.00000e-04
 4.00000e-04
 4.00000e-04
 4.00000e-04
 4.00000e-04
 4.00000e-04
 2.00000e-04
 2.00000e-04
 4.00000e-04
 4.00000e-04
 4.00000e-04
 4.00000e-04
 4.00000e-04
 4.00000e-04
 4.00000e-04
 4.00000e-04
 4.00000e-04
 4.00000e-04
 4.00000e-04
 4.00000e-04
 4.00000e-04
 4.00000e-04
 4.00000e-04
 4.00000e-04
 4.00000e-04
 4.00000e-04
 4.00000e-04
 4.00000e-04
 4.00000e-04
 4.00000e-04
 4.00000e-04
 4.00000e-04
 4.00000e-04
 4.00000e-04
 4.00000e-04
 4.00000e-04
 4.00000e-04
 4.00000e-04
 4.00000e-04
 4.00000e-04
 4.00000e-04
 4.00000e-04
 4.00000e-04
 4.00000e-04
 4.00000e-04
 4.00000e-04
 4.00000e-04
 4.00000e-04
 4.00000e-04
 4.00000e-04
 4.00000e-04
 4.00000e-04
 4.00000e-04
 4.00000e-04
 4.00000e-04
 4.00000e-04
 4.00000e-04
 4.00000e-04
 4.00000e-04
 4.00000e-04
 4.00000e-04
 4.00000e-04
 4.00000e-04
 4.00000e-04
 4.00000e-04
 4.00000e-04
 4.00000e-04
 2.00000e-04
 1.00000e-04
 2.00000e-04
 2.00000e-04
 2.00000e-04
 2.00000e-04
 2.00000e-04
 2.00000e-04
 2.00000e-04
 2.00000e-04
 2.00000e-04
 2.00000e-04
 2.00000e-04
 2.00000e-04
 2.00000e-04
 2.00000e-04
 2.00000e-04
 2.00000e-04
 2.00000e-04
 2.00000e-04
 2.00000e-04
 2.00000e-04
 2.00000e-04
 2.00000e-04
 2.00000e-04
 2.00000e-04
 2.00000e-04
 2.00000e-04
 2.00000e-04
 2.00000e-04
 2.00000e-04
 2.00000e-04
 2.00000e-04
 2.00000e-04
 2.00000e-04
 2.00000e-04
 2.00000e-04
 2.00000e-04
 2.00000e-04
 2.00000e-04
 2.00000e-04
 2.00000e-04
 2.00000e-04
 2.00000e-04
 2.00000e-04
 2.00000e-04
 2.00000e-04
 2.00000e-04
 2.00000e-04
 2.00000e-04
 2.00000e-04
 2.00000e-04
 2.00000e-04
 2.00000e-04
 2.00000e-04
 2.00000e-04
 2.00000e-04
 2.00000e-04
 2.00000e-04
 2.00000e-04
 2.00000e-04
 1.00000e-04
