PseudoViscosity
part
         1
hexa8
 5.67754e-32
 1.01980e-15
 8.68852e-32
 1.01980e-15
 2.43528e-31
 1.01980e-15
 2.42789e-31
 1.01980e-15
 6.09492e-31
 0.00000e+00
 0.00000e+00
 0.00000e+00
 0.00000e+00
 0.00000e+00
 0.00000e+00
 0.00000e+00
 0.00000e+00
 0.00000e+00
 0.00000e+00
 0.00000e+00
 0.00000e+00
 0.00000e+00
 0.00000e+00
 0.00000e+00
 0.00000e+00
 0.00000e+00
 0.00000e+00
 5.41018e-32
 1.01980e-15
 4.59733e-31
 1.25650e-31
 0.00000e+00
 1.01980e-15
 6.74904e-31
 0.00000e+00
 0.00000e+00
 0.00000e+00
 0.00000e+00
 0.00000e+00
 0.00000e+00
 0.00000e+00
 0.00000e+00
 0.00000e+00
 0.00000e+00
 0.00000e+00
 0.00000e+00
 0.00000e+00
 0.00000e+00
 0.00000e+00
 0.00000e+00
 8.69526e-32
 1.01980e-15
 0.00000e+00
 0.00000e+00
 3.96435e-32
 0.00000e+00
 0.00000e+00
 0.00000e+00
 0.00000e+00
 0.00000e+00
 0.00000e+00
 0.00000e+00
 0.00000e+00
 0.00000e+00
 0.00000e+00
 0.00000e+00
 0.00000e+00
 0.00000e+00
 0.00000e+00
 0.00000e+00
 0.00000e+00
 0.00000e+00
 0.00000e+00
 0.00000e+00
 0.00000e+00
 1.01980e-15
 1.01980e-15
 1.01980e-15
 1.93251e-31
 1.01980e-15
 2.64189e-31
 0.00000e+00
 0.00000e+00
 0.00000e+00
 0.00000e+00
 0.00000e+00
 0.00000e+00
 0.00000e+00
 0.00000e+00
 0.00000e+00
 0.00000e+00
 0.00000e+00
 0.00000e+00
 0.00000e+00
 0.00000e+00
 0.00000e+00
 0.00000e+00
 0.00000e+00
 0.00000e+00
 0.00000e+00
 0.00000e+00
 0.00000e+00
 2.92308e-32
 0.00000e+00
 0.00000e+00
 0.00000e+00
 0.00000e+00
 0.00000e+00
 0.00000e+00
 0.00000e+00
 0.00000e+00
 0.00000e+00
 0.00000e+00
 0.00000e+00
 0.00000e+00
 0.00000e+00
 0.00000e+00
 0.00000e+00
 0.00000e+00
 0.00000e+00
 0.00000e+00
 0.00000e+00
 0.00000e+00
 0.00000e+00
 0.00000e+00
 1.01980e-15
 0.00000e+00
 7.03327e-32
 1.13178e-31
 7.90886e-32
 1.01980e-15
 0.00000e+00
 2.36771e-31
 0.00000e+00
 0.00000e+00
 0.00000e+00
 0.00000e+00
 0.00000e+00
 0.00000e+00
 0.00000e+00
 0.00000e+00
 0.00000e+00
 0.00000e+00
 0.00000e+00
 0.00000e+00
 0.00000e+00
 0.00000e+00
 0.00000e+00
 0.00000e+00
 0.00000e+00
 1.14320e-31
 0.00000e+00
 1.01980e-15
 1.32890e-31
 0.00000e+00
 4.58551e-31
 4.86449e-32
 2.29500e-31
 0.00000e+00
 0.00000e+00
 0.00000e+00
 0.00000e+00
 0.00000e+00
 0.00000e+00
 0.00000e+00
 0.00000e+00
 0.00000e+00
 0.00000e+00
 0.00000e+00
 0.00000e+00
 0.00000e+00
 0.00000e+00
 0.00000e+00
 0.00000e+00
 0.00000e+00
 0.00000e+00
 5.43929e-31
 2.03960e-15
 4.43858e-32
 1.01980e-15
 7.02806e-32
 1.01980e-15
 0.00000e+00
 0.00000e+00
 0.00000e+00
 0.00000e+00
 0.00000e+00
 0.00000e+00
 0.00000e+00
 0.00000e+00
 0.00000e+00
 0.00000e+00
 0.00000e+00
 0.00000e+00
 0.00000e+00
 0.00000e+00
 0.00000e+00
 0.00000e+00
 0.00000e+00
 0.00000e+00
 0.00000e+00
 1.59989e-32
 1.29990e-31
 0.00000e+00
 2.03960e-15
 5.58376e-31
 1.01980e-15
 4.78309e-31
 0.00000e+00
 0.00000e+00
 0.00000e+00
 0.00000e+00
 0.00000e+00
 0.00000e+00
 0.00000e+00
 0.00000e+00
 0.00000e+00
 0.00000e+00
 0.00000e+00
 0.00000e+00
 0.00000e+00
 0.00000e+00
 0.00000e+00
 0.00000e+00
 0.00000e+00
 3.19676e-31
 1.01980e-15
 0.00000e+00
 0.00000e+00
 0.00000e+00
 0.00000e+00
 4.42192e-31
 1.01980e-15
 1.50556e-32
 0.00000e+00
 0.00000e+00
 0.00000e+00
 0.00000e+00
 0.00000e+00
 0.00000e+00
 0.00000e+00
 0.00000e+00
 0.00000e+00
 0.00000e+00
 0.00000e+00
 0.00000e+00
 0.00000e+00
 0.00000e+00
 0.00000e+00
 0.00000e+00
 1.03088e-31
 1.01980e-15
 1.01980e-15
 0.00000e+00
 4.85784e-33
 2.03960e-15
 5.23935e-31
 2.03960e-15
 1.12316e-30
 0.00000e+00
 0.00000e+00
 0.00000e+00
 0.00000e+00
 0.00000e+00
 0.00000e+00
 0.00000e+00
 0.00000e+00
 0.00000e+00
 0.00000e+00
 0.00000e+00
 0.00000e+00
 0.00000e+00
 0.00000e+00
 0.00000e+00
 0.00000e+00
 4.70286e-32
 1.23093e-32
 1.01980e-15
 2.97463e-31
 1.75735e-31
 2.03960e-15
 1.07058e-30
 0.00000e+00
 0.00000e+00
 0.00000e+00
 0.00000e+00
 0.00000e+00
 0.00000e+00
 0.00000e+00
 0.00000e+00
 0.00000e+00
 0.00000e+00
 0.00000e+00
 0.00000e+00
 0.00000e+00
 0.00000e+00
 0.00000e+00
 0.00000e+00
 0.00000e+00
 0.00000e+00
 0.00000e+00
 0.00000e+00
 0.00000e+00
 0.00000e+00
 0.00000e+00
 2.18015e-31
 4.88710e-32
 0.00000e+00
 0.00000e+00
 0.00000e+00
 0.00000e+00
 0.00000e+00
 0.00000e+00
 0.00000e+00
 0.00000e+00
 0.00000e+00
 0.00000e+00
 0.00000e+00
 0.00000e+00
 0.00000e+00
 0.00000e+00
 0.00000e+00
 0.00000e+00
 0.00000e+00
 0.00000e+00
 0.00000e+00
 0.00000e+00
 9.70335e-32
 0.00000e+00
 1.01980e-15
 1.01980e-15
 1.01980e-15
 6.00703e-31
 0.00000e+00
 0.00000e+00
 0.00000e+00
 0.00000e+00
 0.00000e+00
 0.00000e+00
 0.00000e+00
 0.00000e+00
 0.00000e+00
 0.00000e+00
 0.00000e+00
 0.00000e+00
 0.00000e+00
 0.00000e+00
 0.00000e+00
 0.00000e+00
 0.00000e+00
 0.00000e+00
 6.63436e-31
 2.03960e-15
 0.00000e+00
 1.26182e-30
 3.05940e-15
 4.37880e-32
 2.36923e-31
 0.00000e+00
 0.00000e+00
 0.00000e+00
 0.00000e+00
 0.00000e+00
 0.00000e+00
 0.00000e+00
 0.00000e+00
 0.00000e+00
 0.00000e+00
 0.00000e+00
 0.00000e+00
 0.00000e+00
 0.00000e+00
 0.00000e+00
 0.00000e+00
 0.00000e+00
 1.01980e-15
 7.28847e-32
 4.67104e-32
 2.40280e-31
 1.01980e-15
 1.41721e-31
 3.05940e-15
 3.56708e-31
 0.00000e+00
 0.00000e+00
 0.00000e+00
 0.00000e+00
 0.00000e+00
 0.00000e+00
 0.00000e+00
 0.00000e+00
 0.00000e+00
 0.00000e+00
 0.00000e+00
 0.00000e+00
 0.00000e+00
 0.00000e+00
 0.00000e+00
 0.00000e+00
 0.00000e+00
 1.01980e-15
 7.87130e-32
 1.01980e-15
 3.00438e-31
 2.03960e-15
 2.76256e-31
 4.07919e-15
 6.01446e-31
 0.00000e+00
 0.00000e+00
 0.00000e+00
 0.00000e+00
 0.00000e+00
 0.00000e+00
 0.00000e+00
 0.00000e+00
 0.00000e+00
 0.00000e+00
 0.00000e+00
 0.00000e+00
 0.00000e+00
 0.00000e+00
 0.00000e+00
 0.00000e+00
 0.00000e+00
 0.00000e+00
 0.00000e+00
 1.22754e-46
 1.01980e-15
 3.05940e-15
 0.00000e+00
 0.00000e+00
 0.00000e+00
 0.00000e+00
 0.00000e+00
 0.00000e+00
 0.00000e+00
 0.00000e+00
 0.00000e+00
 0.00000e+00
 0.00000e+00
 0.00000e+00
 0.00000e+00
 0.00000e+00
 0.00000e+00
 0.00000e+00
 0.00000e+00
 0.00000e+00
 0.00000e+00
 0.00000e+00
 0.00000e+00
 2.51613e-31
 0.00000e+00
 0.00000e+00
 2.03960e-15
 3.94314e-31
 1.01980e-15
 6.05893e-31
 0.00000e+00
 0.00000e+00
 0.00000e+00
 0.00000e+00
 0.00000e+00
 0.00000e+00
 0.00000e+00
 0.00000e+00
 0.00000e+00
 0.00000e+00
 0.00000e+00
 0.00000e+00
 0.00000e+00
 0.00000e+00
 0.00000e+00
 0.00000e+00
 0.00000e+00
 7.42380e-31
 2.03960e-15
 1.65402e-31
 1.14957e-30
 2.03960e-15
 1.01980e-15
 3.25552e-31
 2.03960e-15
 0.00000e+00
 0.00000e+00
 0.00000e+00
 0.00000e+00
 0.00000e+00
 0.00000e+00
 0.00000e+00
 0.00000e+00
 0.00000e+00
 0.00000e+00
 0.00000e+00
 0.00000e+00
 0.00000e+00
 0.00000e+00
 0.00000e+00
 0.00000e+00
 0.00000e+00
 2.67690e-31
 0.00000e+00
 0.00000e+00
 0.00000e+00
 0.00000e+00
 0.00000e+00
 2.79265e-31
 0.00000e+00
 0.00000e+00
 0.00000e+00
 0.00000e+00
 0.00000e+00
 0.00000e+00
 0.00000e+00
 0.00000e+00
 0.00000e+00
 0.00000e+00
 0.00000e+00
 0.00000e+00
 0.00000e+00
 0.00000e+00
 0.00000e+00
 0.00000e+00
 0.00000e+00
 0.00000e+00
 2.39546e-31
 0.00000e+00
 1.01980e-15
 4.48527e-31
 0.00000e+00
 3.05940e-15
 3.05940e-15
 6.16298e-31
 0.00000e+00
 0.00000e+00
 0.00000e+00
 0.00000e+00
 0.00000e+00
 0.00000e+00
 0.00000e+00
 0.00000e+00
 0.00000e+00
 0.00000e+00
 0.00000e+00
 0.00000e+00
 0.00000e+00
 0.00000e+00
 0.00000e+00
 0.00000e+00
 0.00000e+00
 0.00000e+00
 0.00000e+00
 1.01980e-15
 4.51747e-31
 4.07919e-15
 1.48738e-30
 1.01980e-15
 4.10214e-31
 0.00000e+00
 0.00000e+00
 0.00000e+00
 0.00000e+00
 0.00000e+00
 0.00000e+00
 0.00000e+00
 0.00000e+00
 0.00000e+00
 0.00000e+00
 0.00000e+00
 0.00000e+00
 0.00000e+00
 0.00000e+00
 0.00000e+00
 0.00000e+00
 0.00000e+00
 1.01980e-15
 9.98945e-31
 0.00000e+00
 1.09335e-31
 1.01980e-15
 7.40936e-31
 0.00000e+00
 0.00000e+00
 0.00000e+00
 0.00000e+00
 0.00000e+00
 0.00000e+00
 0.00000e+00
 0.00000e+00
 0.00000e+00
 0.00000e+00
 0.00000e+00
 0.00000e+00
 0.00000e+00
 0.00000e+00
 0.00000e+00
 0.00000e+00
 0.00000e+00
 0.00000e+00
 0.00000e+00
 1.01980e-15
 2.03960e-15
 3.07900e-31
 1.01980e-15
 1.10169e-31
 0.00000e+00
 0.00000e+00
 3.61029e-31
 0.00000e+00
 0.00000e+00
 0.00000e+00
 0.00000e+00
 0.00000e+00
 0.00000e+00
 0.00000e+00
 0.00000e+00
 0.00000e+00
 0.00000e+00
 0.00000e+00
 0.00000e+00
 0.00000e+00
 0.00000e+00
 0.00000e+00
 0.00000e+00
 0.00000e+00
part
         2
hexa8
 0.00000e+00
 0.00000e+00
 0.00000e+00
 0.00000e+00
 0.00000e+00
 0.00000e+00
 0.00000e+00
 0.00000e+00
 0.00000e+00
 0.00000e+00
 0.00000e+00
 0.00000e+00
 0.00000e+00
 0.00000e+00
 0.00000e+00
 0.00000e+00
 0.00000e+00
 0.00000e+00
 5.44276e-04
 1.28285e-03
 1.69712e-03
 2.05461e-03
 2.27390e-03
 2.36089e-03
 2.33692e-03
 0.00000e+00
 0.00000e+00
 0.00000e+00
 0.00000e+00
 0.00000e+00
 0.00000e+00
 0.00000e+00
 0.00000e+00
 0.00000e+00
 0.00000e+00
 0.00000e+00
 0.00000e+00
 0.00000e+00
 0.00000e+00
 0.00000e+00
 0.00000e+00
 0.00000e+00
 0.00000e+00
 5.44276e-04
 1.28285e-03
 1.69712e-03
 2.05461e-03
 2.27390e-03
 2.36089e-03
 2.33692e-03
 0.00000e+00
 0.00000e+00
 0.00000e+00
 0.00000e+00
 0.00000e+00
 0.00000e+00
 0.00000e+00
 0.00000e+00
 0.00000e+00
 0.00000e+00
 0.00000e+00
 0.00000e+00
 0.00000e+00
 0.00000e+00
 0.00000e+00
 0.00000e+00
 0.00000e+00
 0.00000e+00
 5.44276e-04
 1.28285e-03
 1.69712e-03
 2.05461e-03
 2.27390e-03
 2.36089e-03
 2.33692e-03
 0.00000e+00
 0.00000e+00
 0.00000e+00
 0.00000e+00
 0.00000e+00
 0.00000e+00
 0.00000e+00
 0.00000e+00
 0.00000e+00
 0.00000e+00
 0.00000e+00
 0.00000e+00
 0.00000e+00
 0.00000e+00
 0.00000e+00
 0.00000e+00
 0.00000e+00
 0.00000e+00
 5.44276e-04
 1.28285e-03
 1.69712e-03
 2.05461e-03
 2.27390e-03
 2.36089e-03
 2.33692e-03
 0.00000e+00
 0.00000e+00
 0.00000e+00
 0.00000e+00
 0.00000e+00
 0.00000e+00
 0.00000e+00
 0.00000e+00
 0.00000e+00
 0.00000e+00
 0.00000e+00
 0.00000e+00
 0.00000e+00
 0.00000e+00
 0.00000e+00
 0.00000e+00
 0.00000e+00
 0.00000e+00
 5.44276e-04
 1.28285e-03
 1.69712e-03
 2.05461e-03
 2.27390e-03
 2.36089e-03
 2.33692e-03
 0.00000e+00
 0.00000e+00
 0.00000e+00
 0.00000e+00
 0.00000e+00
 0.00000e+00
 0.00000e+00
 0.00000e+00
 0.00000e+00
 0.00000e+00
 0.00000e+00
 0.00000e+00
 0.00000e+00
 0.00000e+00
 0.00000e+00
 0.00000e+00
 0.00000e+00
 0.00000e+00
 5.44276e-04
 1.28285e-03
 1.69712e-03
 2.05461e-03
 2.27390e-03
 2.36089e-03
 2.33692e-03
 0.00000e+00
 0.00000e+00
 0.00000e+00
 0.00000e+00
 0.00000e+00
 0.00000e+00
 0.00000e+00
 0.00000e+00
 0.00000e+00
 0.00000e+00
 0.00000e+00
 0.00000e+00
 0.00000e+00
 0.00000e+00
 0.00000e+00
 0.00000e+00
 0.00000e+00
 0.00000e+00
 5.44276e-04
 1.28285e-03
 1.69712e-03
 2.05461e-03
 2.27390e-03
 2.36089e-03
 2.33692e-03
 0.00000e+00
 0.00000e+00
 0.00000e+00
 0.00000e+00
 0.00000e+00
 0.00000e+00
 0.00000e+00
 0.00000e+00
 0.00000e+00
 0.00000e+00
 0.00000e+00
 0.00000e+00
 0.00000e+00
 0.00000e+00
 0.00000e+00
 0.00000e+00
 0.00000e+00
 0.00000e+00
 5.44276e-04
 1.28285e-03
 1.69712e-03
 2.05461e-03
 2.27390e-03
 2.36089e-03
 2.33692e-03
 0.00000e+00
 0.00000e+00
 0.00000e+00
 0.00000e+00
 0.00000e+00
 0.00000e+00
 0.00000e+00
 0.00000e+00
 0.00000e+00
 0.00000e+00
 0.00000e+00
 0.00000e+00
 0.00000e+00
 0.00000e+00
 0.00000e+00
 0.00000e+00
 0.00000e+00
 0.00000e+00
 5.44276e-04
 1.28285e-03
 1.69712e-03
 2.05461e-03
 2.27390e-03
 2.36089e-03
 2.33692e-03
 0.00000e+00
 0.00000e+00
 0.00000e+00
 0.00000e+00
 0.00000e+00
 0.00000e+00
 0.00000e+00
 0.00000e+00
 0.00000e+00
 0.00000e+00
 0.00000e+00
 0.00000e+00
 0.00000e+00
 0.00000e+00
 0.00000e+00
 0.00000e+00
 0.00000e+00
 0.00000e+00
 5.44276e-04
 1.28285e-03
 1.69712e-03
 2.05461e-03
 2.27390e-03
 2.36089e-03
 2.33692e-03
 0.00000e+00
 0.00000e+00
 0.00000e+00
 0.00000e+00
 0.00000e+00
 0.00000e+00
 0.00000e+00
 0.00000e+00
 0.00000e+00
 0.00000e+00
 0.00000e+00
 0.00000e+00
 0.00000e+00
 0.00000e+00
 0.00000e+00
 0.00000e+00
 0.00000e+00
 0.00000e+00
 5.44276e-04
 1.28285e-03
 1.69712e-03
 2.05461e-03
 2.27390e-03
 2.36089e-03
 2.33692e-03
 0.00000e+00
 0.00000e+00
 0.00000e+00
 0.00000e+00
 0.00000e+00
 0.00000e+00
 0.00000e+00
 0.00000e+00
 0.00000e+00
 0.00000e+00
 0.00000e+00
 0.00000e+00
 0.00000e+00
 0.00000e+00
 0.00000e+00
 0.00000e+00
 0.00000e+00
 0.00000e+00
 5.44276e-04
 1.28285e-03
 1.69712e-03
 2.05461e-03
 2.27390e-03
 2.36089e-03
 2.33692e-03
 0.00000e+00
 0.00000e+00
 0.00000e+00
 0.00000e+00
 0.00000e+00
 0.00000e+00
 0.00000e+00
 0.00000e+00
 0.00000e+00
 0.00000e+00
 0.00000e+00
 0.00000e+00
 0.00000e+00
 0.00000e+00
 0.00000e+00
 0.00000e+00
 0.00000e+00
 0.00000e+00
 5.44276e-04
 1.28285e-03
 1.69712e-03
 2.05461e-03
 2.27390e-03
 2.36089e-03
 2.33692e-03
 0.00000e+00
 0.00000e+00
 0.00000e+00
 0.00000e+00
 0.00000e+00
 0.00000e+00
 0.00000e+00
 0.00000e+00
 0.00000e+00
 0.00000e+00
 0.00000e+00
 0.00000e+00
 0.00000e+00
 0.00000e+00
 0.00000e+00
 0.00000e+00
 0.00000e+00
 0.00000e+00
 5.44276e-04
 1.28285e-03
 1.69712e-03
 2.05461e-03
 2.27390e-03
 2.36089e-03
 2.33692e-03
 0.00000e+00
 0.00000e+00
 0.00000e+00
 0.00000e+00
 0.00000e+00
 0.00000e+00
 0.00000e+00
 0.00000e+00
 0.00000e+00
 0.00000e+00
 0.00000e+00
 0.00000e+00
 0.00000e+00
 0.00000e+00
 0.00000e+00
 0.00000e+00
 0.00000e+00
 0.00000e+00
 5.44276e-04
 1.28285e-03
 1.69712e-03
 2.05461e-03
 2.27390e-03
 2.36089e-03
 2.33692e-03
 0.00000e+00
 0.00000e+00
 0.00000e+00
 0.00000e+00
 0.00000e+00
 0.00000e+00
 0.00000e+00
 0.00000e+00
 0.00000e+00
 0.00000e+00
 0.00000e+00
 0.00000e+00
 0.00000e+00
 0.00000e+00
 0.00000e+00
 0.00000e+00
 0.00000e+00
 0.00000e+00
 5.44276e-04
 1.28285e-03
 1.69712e-03
 2.05461e-03
 2.27390e-03
 2.36089e-03
 2.33692e-03
 0.00000e+00
 0.00000e+00
 0.00000e+00
 0.00000e+00
 0.00000e+00
 0.00000e+00
 0.00000e+00
 0.00000e+00
 0.00000e+00
 0.00000e+00
 0.00000e+00
 0.00000e+00
 0.00000e+00
 0.00000e+00
 0.00000e+00
 0.00000e+00
 0.00000e+00
 0.00000e+00
 5.44276e-04
 1.28285e-03
 1.69712e-03
 2.05461e-03
 2.27390e-03
 2.36089e-03
 2.33692e-03
 0.00000e+00
 0.00000e+00
 0.00000e+00
 0.00000e+00
 0.00000e+00
 0.00000e+00
 0.00000e+00
 0.00000e+00
 0.00000e+00
 0.00000e+00
 0.00000e+00
 0.00000e+00
 0.00000e+00
 0.00000e+00
 0.00000e+00
 0.00000e+00
 0.00000e+00
 0.00000e+00
 5.44276e-04
 1.28285e-03
 1.69712e-03
 2.05461e-03
 2.27390e-03
 2.36089e-03
 2.33692e-03
 0.00000e+00
 0.00000e+00
 0.00000e+00
 0.00000e+00
 0.00000e+00
 0.00000e+00
 0.00000e+00
 0.00000e+00
 0.00000e+00
 0.00000e+00
 0.00000e+00
 0.00000e+00
 0.00000e+00
 0.00000e+00
 0.00000e+00
 0.00000e+00
 0.00000e+00
 0.00000e+00
 5.44276e-04
 1.28285e-03
 1.69712e-03
 2.05461e-03
 2.27390e-03
 2.36089e-03
 2.33692e-03
 0.00000e+00
 0.00000e+00
 0.00000e+00
 0.00000e+00
 0.00000e+00
 0.00000e+00
 0.00000e+00
 0.00000e+00
 0.00000e+00
 0.00000e+00
 0.00000e+00
 0.00000e+00
 0.00000e+00
 0.00000e+00
 0.00000e+00
 0.00000e+00
 0.00000e+00
 0.00000e+00
 5.44276e-04
 1.28285e-03
 1.69712e-03
 2.05461e-03
 2.27390e-03
 2.36089e-03
 2.33692e-03
 0.00000e+00
 0.00000e+00
 0.00000e+00
 0.00000e+00
 0.00000e+00
 0.00000e+00
 0.00000e+00
 0.00000e+00
 0.00000e+00
 0.00000e+00
 0.00000e+00
 0.00000e+00
 0.00000e+00
 0.00000e+00
 0.00000e+00
 0.00000e+00
 0.00000e+00
 0.00000e+00
 5.44276e-04
 1.28285e-03
 1.69712e-03
 2.05461e-03
 2.27390e-03
 2.36089e-03
 2.33692e-03
 0.00000e+00
 0.00000e+00
 0.00000e+00
 0.00000e+00
 0.00000e+00
 0.00000e+00
 0.00000e+00
 0.00000e+00
 0.00000e+00
 0.00000e+00
 0.00000e+00
 0.00000e+00
 0.00000e+00
 0.00000e+00
 0.00000e+00
 0.00000e+00
 0.00000e+00
 0.00000e+00
 5.44276e-04
 1.28285e-03
 1.69712e-03
 2.05461e-03
 2.27390e-03
 2.36089e-03
 2.33692e-03
 0.00000e+00
 0.00000e+00
 0.00000e+00
 0.00000e+00
 0.00000e+00
 0.00000e+00
 0.00000e+00
 0.00000e+00
 0.00000e+00
 0.00000e+00
 0.00000e+00
 0.00000e+00
 0.00000e+00
 0.00000e+00
 0.00000e+00
 0.00000e+00
 0.00000e+00
 0.00000e+00
 5.44276e-04
 1.28285e-03
 1.69712e-03
 2.05461e-03
 2.27390e-03
 2.36089e-03
 2.33692e-03
 0.00000e+00
 0.00000e+00
 0.00000e+00
 0.00000e+00
 0.00000e+00
 0.00000e+00
 0.00000e+00
 0.00000e+00
 0.00000e+00
 0.00000e+00
 0.00000e+00
 0.00000e+00
 0.00000e+00
 0.00000e+00
 0.00000e+00
 0.00000e+00
 0.00000e+00
 0.00000e+00
 5.44276e-04
 1.28285e-03
 1.69712e-03
 2.05461e-03
 2.27390e-03
 2.36089e-03
 2.33692e-03
 0.00000e+00
 0.00000e+00
 0.00000e+00
 0.00000e+00
 0.00000e+00
 0.00000e+00
 0.00000e+00
 0.00000e+00
 0.00000e+00
 0.00000e+00
 0.00000e+00
 0.00000e+00
 0.00000e+00
 0.00000e+00
 0.00000e+00
 0.00000e+00
 0.00000e+00
 0.00000e+00
 5.44276e-04
 1.28285e-03
 1.69712e-03
 2.05461e-03
 2.27390e-03
 2.36089e-03
 2.33692e-03
part
         3
hexa8
 2.23029e-03
 2.06814e-03
 1.86698e-03
 1.64748e-03
 1.42563e-03
 1.21178e-03
 1.01367e-03
 8.35317e-04
 6.79024e-04
 5.45001e-04
 4.32055e-04
 3.37889e-04
 2.59545e-04
 1.93254e-04
 1.36607e-04
 8.67255e-05
 3.96280e-05
 3.92516e-05
 2.16120e-04
 1.71328e-04
 1.70943e-05
 0.00000e+00
 0.00000e+00
 0.00000e+00
 0.00000e+00
 2.23029e-03
 2.06814e-03
 1.86698e-03
 1.64748e-03
 1.42563e-03
 1.21178e-03
 1.01367e-03
 8.35317e-04
 6.79024e-04
 5.45001e-04
 4.32055e-04
 3.37889e-04
 2.59545e-04
 1.93254e-04
 1.36607e-04
 8.67255e-05
 3.96280e-05
 3.92516e-05
 2.16120e-04
 1.71328e-04
 1.70943e-05
 0.00000e+00
 0.00000e+00
 0.00000e+00
 0.00000e+00
 2.23029e-03
 2.06814e-03
 1.86698e-03
 1.64748e-03
 1.42563e-03
 1.21178e-03
 1.01367e-03
 8.35317e-04
 6.79024e-04
 5.45001e-04
 4.32055e-04
 3.37889e-04
 2.59545e-04
 1.93254e-04
 1.36607e-04
 8.67255e-05
 3.96280e-05
 3.92516e-05
 2.16120e-04
 1.71328e-04
 1.70943e-05
 0.00000e+00
 0.00000e+00
 0.00000e+00
 0.00000e+00
 2.23029e-03
 2.06814e-03
 1.86698e-03
 1.64748e-03
 1.42563e-03
 1.21178e-03
 1.01367e-03
 8.35317e-04
 6.79024e-04
 5.45001e-04
 4.32055e-04
 3.37889e-04
 2.59545e-04
 1.93254e-04
 1.36607e-04
 8.67255e-05
 3.96280e-05
 3.92516e-05
 2.16120e-04
 1.71328e-04
 1.70943e-05
 0.00000e+00
 0.00000e+00
 0.00000e+00
 0.00000e+00
 2.23029e-03
 2.06814e-03
 1.86698e-03
 1.64748e-03
 1.42563e-03
 1.21178e-03
 1.01367e-03
 8.35317e-04
 6.79024e-04
 5.45001e-04
 4.32055e-04
 3.37889e-04
 2.59545e-04
 1.93254e-04
 1.36607e-04
 8.67255e-05
 3.96280e-05
 3.92516e-05
 2.16120e-04
 1.71328e-04
 1.70943e-05
 0.00000e+00
 0.00000e+00
 0.00000e+00
 0.00000e+00
 2.23029e-03
 2.06814e-03
 1.86698e-03
 1.64748e-03
 1.42563e-03
 1.21178e-03
 1.01367e-03
 8.35317e-04
 6.79024e-04
 5.45001e-04
 4.32055e-04
 3.37889e-04
 2.59545e-04
 1.93254e-04
 1.36607e-04
 8.67255e-05
 3.96280e-05
 3.92516e-05
 2.16120e-04
 1.71328e-04
 1.70943e-05
 0.00000e+00
 0.00000e+00
 0.00000e+00
 0.00000e+00
 2.23029e-03
 2.06814e-03
 1.86698e-03
 1.64748e-03
 1.42563e-03
 1.21178e-03
 1.01367e-03
 8.35317e-04
 6.79024e-04
 5.45001e-04
 4.32055e-04
 3.37889e-04
 2.59545e-04
 1.93254e-04
 1.36607e-04
 8.67255e-05
 3.96280e-05
 3.92516e-05
 2.16120e-04
 1.71328e-04
 1.70943e-05
 0.00000e+00
 0.00000e+00
 0.00000e+00
 0.00000e+00
 2.23029e-03
 2.06814e-03
 1.86698e-03
 1.64748e-03
 1.42563e-03
 1.21178e-03
 1.01367e-03
 8.35317e-04
 6.79024e-04
 5.45001e-04
 4.32055e-04
 3.37889e-04
 2.59545e-04
 1.93254e-04
 1.36607e-04
 8.67255e-05
 3.96280e-05
 3.92516e-05
 2.16120e-04
 1.71328e-04
 1.70943e-05
 0.00000e+00
 0.00000e+00
 0.00000e+00
 0.00000e+00
 2.23029e-03
 2.06814e-03
 1.86698e-03
 1.64748e-03
 1.42563e-03
 1.21178e-03
 1.01367e-03
 8.35317e-04
 6.79024e-04
 5.45001e-04
 4.32055e-04
 3.37889e-04
 2.59545e-04
 1.93254e-04
 1.36607e-04
 8.67255e-05
 3.96280e-05
 3.92516e-05
 2.16120e-04
 1.71328e-04
 1.70943e-05
 0.00000e+00
 0.00000e+00
 0.00000e+00
 0.00000e+00
 2.23029e-03
 2.06814e-03
 1.86698e-03
 1.64748e-03
 1.42563e-03
 1.21178e-03
 1.01367e-03
 8.35317e-04
 6.79024e-04
 5.45001e-04
 4.32055e-04
 3.37889e-04
 2.59545e-04
 1.93254e-04
 1.36607e-04
 8.67255e-05
 3.96280e-05
 3.92516e-05
 2.16120e-04
 1.71328e-04
 1.70943e-05
 0.00000e+00
 0.00000e+00
 0.00000e+00
 0.00000e+00
 2.23029e-03
 2.06814e-03
 1.86698e-03
 1.64748e-03
 1.42563e-03
 1.21178e-03
 1.01367e-03
 8.35317e-04
 6.79024e-04
 5.45001e-04
 4.32055e-04
 3.37889e-04
 2.59545e-04
 1.93254e-04
 1.36607e-04
 8.67255e-05
 3.96280e-05
 3.92516e-05
 2.16120e-04
 1.71328e-04
 1.70943e-05
 0.00000e+00
 0.00000e+00
 0.00000e+00
 0.00000e+00
 2.23029e-03
 2.06814e-03
 1.86698e-03
 1.64748e-03
 1.42563e-03
 1.21178e-03
 1.01367e-03
 8.35317e-04
 6.79024e-04
 5.45001e-04
 4.32055e-04
 3.37889e-04
 2.59545e-04
 1.93254e-04
 1.36607e-04
 8.67255e-05
 3.96280e-05
 3.92516e-05
 2.16120e-04
 1.71328e-04
 1.70943e-05
 0.00000e+00
 0.00000e+00
 0.00000e+00
 0.00000e+00
 2.23029e-03
 2.06814e-03
 1.86698e-03
 1.64748e-03
 1.42563e-03
 1.21178e-03
 1.01367e-03
 8.35317e-04
 6.79024e-04
 5.45001e-04
 4.32055e-04
 3.37889e-04
 2.59545e-04
 1.93254e-04
 1.36607e-04
 8.67255e-05
 3.96280e-05
 3.92516e-05
 2.16120e-04
 1.71328e-04
 1.70943e-05
 0.00000e+00
 0.00000e+00
 0.00000e+00
 0.00000e+00
 2.23029e-03
 2.06814e-03
 1.86698e-03
 1.64748e-03
 1.42563e-03
 1.21178e-03
 1.01367e-03
 8.35317e-04
 6.79024e-04
 5.45001e-04
 4.32055e-04
 3.37889e-04
 2.59545e-04
 1.93254e-04
 1.36607e-04
 8.67255e-05
 3.96280e-05
 3.92516e-05
 2.16120e-04
 1.71328e-04
 1.70943e-05
 0.00000e+00
 0.00000e+00
 0.00000e+00
 0.00000e+00
 2.23029e-03
 2.06814e-03
 1.86698e-03
 1.64748e-03
 1.42563e-03
 1.21178e-03
 1.01367e-03
 8.35317e-04
 6.79024e-04
 5.45001e-04
 4.32055e-04
 3.37889e-04
 2.59545e-04
 1.93254e-04
 1.36607e-04
 8.67255e-05
 3.96280e-05
 3.92516e-05
 2.16120e-04
 1.71328e-04
 1.70943e-05
 0.00000e+00
 0.00000e+00
 0.00000e+00
 0.00000e+00
 2.23029e-03
 2.06814e-03
 1.86698e-03
 1.64748e-03
 1.42563e-03
 1.21178e-03
 1.01367e-03
 8.35317e-04
 6.79024e-04
 5.45001e-04
 4.32055e-04
 3.37889e-04
 2.59545e-04
 1.93254e-04
 1.36607e-04
 8.67255e-05
 3.96280e-05
 3.92516e-05
 2.16120e-04
 1.71328e-04
 1.70943e-05
 0.00000e+00
 0.00000e+00
 0.00000e+00
 0.00000e+00
 2.23029e-03
 2.06814e-03
 1.86698e-03
 1.64748e-03
 1.42563e-03
 1.21178e-03
 1.01367e-03
 8.35317e-04
 6.79024e-04
 5.45001e-04
 4.32055e-04
 3.37889e-04
 2.59545e-04
 1.93254e-04
 1.36607e-04
 8.67255e-05
 3.96280e-05
 3.92516e-05
 2.16120e-04
 1.71328e-04
 1.70943e-05
 0.00000e+00
 0.00000e+00
 0.00000e+00
 0.00000e+00
 2.23029e-03
 2.06814e-03
 1.86698e-03
 1.64748e-03
 1.42563e-03
 1.21178e-03
 1.01367e-03
 8.35317e-04
 6.79024e-04
 5.45001e-04
 4.32055e-04
 3.37889e-04
 2.59545e-04
 1.93254e-04
 1.36607e-04
 8.67255e-05
 3.96280e-05
 3.92516e-05
 2.16120e-04
 1.71328e-04
 1.70943e-05
 0.00000e+00
 0.00000e+00
 0.00000e+00
 0.00000e+00
 2.23029e-03
 2.06814e-03
 1.86698e-03
 1.64748e-03
 1.42563e-03
 1.21178e-03
 1.01367e-03
 8.35317e-04
 6.79024e-04
 5.45001e-04
 4.32055e-04
 3.37889e-04
 2.59545e-04
 1.93254e-04
 1.36607e-04
 8.67255e-05
 3.96280e-05
 3.92516e-05
 2.16120e-04
 1.71328e-04
 1.70943e-05
 0.00000e+00
 0.00000e+00
 0.00000e+00
 0.00000e+00
 2.23029e-03
 2.06814e-03
 1.86698e-03
 1.64748e-03
 1.42563e-03
 1.21178e-03
 1.01367e-03
 8.35317e-04
 6.79024e-04
 5.45001e-04
 4.32055e-04
 3.37889e-04
 2.59545e-04
 1.93254e-04
 1.36607e-04
 8.67255e-05
 3.96280e-05
 3.92516e-05
 2.16120e-04
 1.71328e-04
 1.70943e-05
 0.00000e+00
 0.00000e+00
 0.00000e+00
 0.00000e+00
 2.23029e-03
 2.06814e-03
 1.86698e-03
 1.64748e-03
 1.42563e-03
 1.21178e-03
 1.01367e-03
 8.35317e-04
 6.79024e-04
 5.45001e-04
 4.32055e-04
 3.37889e-04
 2.59545e-04
 1.93254e-04
 1.36607e-04
 8.67255e-05
 3.96280e-05
 3.92516e-05
 2.16120e-04
 1.71328e-04
 1.70943e-05
 0.00000e+00
 0.00000e+00
 0.00000e+00
 0.00000e+00
 2.23029e-03
 2.06814e-03
 1.86698e-03
 1.64748e-03
 1.42563e-03
 1.21178e-03
 1.01367e-03
 8.35317e-04
 6.79024e-04
 5.45001e-04
 4.32055e-04
 3.37889e-04
 2.59545e-04
 1.93254e-04
 1.36607e-04
 8.67255e-05
 3.96280e-05
 3.92516e-05
 2.16120e-04
 1.71328e-04
 1.70943e-05
 0.00000e+00
 0.00000e+00
 0.00000e+00
 0.00000e+00
 2.23029e-03
 2.06814e-03
 1.86698e-03
 1.64748e-03
 1.42563e-03
 1.21178e-03
 1.01367e-03
 8.35317e-04
 6.79024e-04
 5.45001e-04
 4.32055e-04
 3.37889e-04
 2.59545e-04
 1.93254e-04
 1.36607e-04
 8.67255e-05
 3.96280e-05
 3.92516e-05
 2.16120e-04
 1.71328e-04
 1.70943e-05
 0.00000e+00
 0.00000e+00
 0.00000e+00
 0.00000e+00
 2.23029e-03
 2.06814e-03
 1.86698e-03
 1.64748e-03
 1.42563e-03
 1.21178e-03
 1.01367e-03
 8.35317e-04
 6.79024e-04
 5.45001e-04
 4.32055e-04
 3.37889e-04
 2.59545e-04
 1.93254e-04
 1.36607e-04
 8.67255e-05
 3.96280e-05
 3.92516e-05
 2.16120e-04
 1.71328e-04
 1.70943e-05
 0.00000e+00
 0.00000e+00
 0.00000e+00
 0.00000e+00
 2.23029e-03
 2.06814e-03
 1.86698e-03
 1.64748e-03
 1.42563e-03
 1.21178e-03
 1.01367e-03
 8.35317e-04
 6.79024e-04
 5.45001e-04
 4.32055e-04
 3.37889e-04
 2.59545e-04
 1.93254e-04
 1.36607e-04
 8.67255e-05
 3.96280e-05
 3.92516e-05
 2.16120e-04
 1.71328e-04
 1.70943e-05
 0.00000e+00
 0.00000e+00
 0.00000e+00
 0.00000e+00
part
         4
hexa8
 0.00000e+00
 3.82407e-04
 1.71481e-03
 3.92102e-03
 7.40529e-03
 1.24586e-02
 1.92369e-02
 2.72207e-02
 3.43947e-02
 3.88380e-02
 3.62714e-02
 2.82028e-02
 1.72237e-02
 7.90250e-03
 2.70926e-03
 7.92489e-04
 2.17071e-04
 5.75639e-05
 1.49234e-05
 3.78976e-06
 9.42544e-07
 2.29423e-07
 5.46351e-08
 1.28387e-08
 3.52380e-09
 0.00000e+00
 3.82407e-04
 1.71481e-03
 3.92102e-03
 7.40529e-03
 1.24586e-02
 1.92369e-02
 2.72207e-02
 3.43947e-02
 3.88380e-02
 3.62714e-02
 2.82028e-02
 1.72237e-02
 7.90250e-03
 2.70926e-03
 7.92489e-04
 2.17071e-04
 5.75639e-05
 1.49234e-05
 3.78976e-06
 9.42544e-07
 2.29423e-07
 5.46351e-08
 1.28387e-08
 3.52380e-09
 0.00000e+00
 3.82407e-04
 1.71481e-03
 3.92102e-03
 7.40529e-03
 1.24586e-02
 1.92369e-02
 2.72207e-02
 3.43947e-02
 3.88380e-02
 3.62714e-02
 2.82028e-02
 1.72237e-02
 7.90250e-03
 2.70926e-03
 7.92489e-04
 2.17071e-04
 5.75639e-05
 1.49234e-05
 3.78976e-06
 9.42544e-07
 2.29423e-07
 5.46351e-08
 1.28387e-08
 3.52380e-09
 0.00000e+00
 3.82407e-04
 1.71481e-03
 3.92102e-03
 7.40529e-03
 1.24586e-02
 1.92369e-02
 2.72207e-02
 3.43947e-02
 3.88380e-02
 3.62714e-02
 2.82028e-02
 1.72237e-02
 7.90250e-03
 2.70926e-03
 7.92489e-04
 2.17071e-04
 5.75639e-05
 1.49234e-05
 3.78976e-06
 9.42544e-07
 2.29423e-07
 5.46351e-08
 1.28387e-08
 3.52380e-09
 0.00000e+00
 3.82407e-04
 1.71481e-03
 3.92102e-03
 7.40529e-03
 1.24586e-02
 1.92369e-02
 2.72207e-02
 3.43947e-02
 3.88380e-02
 3.62714e-02
 2.82028e-02
 1.72237e-02
 7.90250e-03
 2.70926e-03
 7.92489e-04
 2.17071e-04
 5.75639e-05
 1.49234e-05
 3.78976e-06
 9.42544e-07
 2.29423e-07
 5.46351e-08
 1.28387e-08
 3.52380e-09
 0.00000e+00
 3.82407e-04
 1.71481e-03
 3.92102e-03
 7.40529e-03
 1.24586e-02
 1.92369e-02
 2.72207e-02
 3.43947e-02
 3.88380e-02
 3.62714e-02
 2.82028e-02
 1.72237e-02
 7.90250e-03
 2.70926e-03
 7.92489e-04
 2.17071e-04
 5.75639e-05
 1.49234e-05
 3.78976e-06
 9.42544e-07
 2.29423e-07
 5.46351e-08
 1.28387e-08
 3.52380e-09
 0.00000e+00
 3.82407e-04
 1.71481e-03
 3.92102e-03
 7.40529e-03
 1.24586e-02
 1.92369e-02
 2.72207e-02
 3.43947e-02
 3.88380e-02
 3.62714e-02
 2.82028e-02
 1.72237e-02
 7.90250e-03
 2.70926e-03
 7.92489e-04
 2.17071e-04
 5.75639e-05
 1.49234e-05
 3.78976e-06
 9.42544e-07
 2.29423e-07
 5.46351e-08
 1.28387e-08
 3.52380e-09
 0.00000e+00
 3.82407e-04
 1.71481e-03
 3.92102e-03
 7.40529e-03
 1.24586e-02
 1.92369e-02
 2.72207e-02
 3.43947e-02
 3.88380e-02
 3.62714e-02
 2.82028e-02
 1.72237e-02
 7.90250e-03
 2.70926e-03
 7.92489e-04
 2.17071e-04
 5.75639e-05
 1.49234e-05
 3.78976e-06
 9.42544e-07
 2.29423e-07
 5.46351e-08
 1.28387e-08
 3.52380e-09
 0.00000e+00
 3.82407e-04
 1.71481e-03
 3.92102e-03
 7.40529e-03
 1.24586e-02
 1.92369e-02
 2.72207e-02
 3.43947e-02
 3.88380e-02
 3.62714e-02
 2.82028e-02
 1.72237e-02
 7.90250e-03
 2.70926e-03
 7.92489e-04
 2.17071e-04
 5.75639e-05
 1.49234e-05
 3.78976e-06
 9.42544e-07
 2.29423e-07
 5.46351e-08
 1.28387e-08
 3.52380e-09
 0.00000e+00
 3.82407e-04
 1.71481e-03
 3.92102e-03
 7.40529e-03
 1.24586e-02
 1.92369e-02
 2.72207e-02
 3.43947e-02
 3.88380e-02
 3.62714e-02
 2.82028e-02
 1.72237e-02
 7.90250e-03
 2.70926e-03
 7.92489e-04
 2.17071e-04
 5.75639e-05
 1.49234e-05
 3.78976e-06
 9.42544e-07
 2.29423e-07
 5.46351e-08
 1.28387e-08
 3.52380e-09
 0.00000e+00
 3.82407e-04
 1.71481e-03
 3.92102e-03
 7.40529e-03
 1.24586e-02
 1.92369e-02
 2.72207e-02
 3.43947e-02
 3.88380e-02
 3.62714e-02
 2.82028e-02
 1.72237e-02
 7.90250e-03
 2.70926e-03
 7.92489e-04
 2.17071e-04
 5.75639e-05
 1.49234e-05
 3.78976e-06
 9.42544e-07
 2.29423e-07
 5.46351e-08
 1.28387e-08
 3.52380e-09
 0.00000e+00
 3.82407e-04
 1.71481e-03
 3.92102e-03
 7.40529e-03
 1.24586e-02
 1.92369e-02
 2.72207e-02
 3.43947e-02
 3.88380e-02
 3.62714e-02
 2.82028e-02
 1.72237e-02
 7.90250e-03
 2.70926e-03
 7.92489e-04
 2.17071e-04
 5.75639e-05
 1.49234e-05
 3.78976e-06
 9.42544e-07
 2.29423e-07
 5.46351e-08
 1.28387e-08
 3.52380e-09
 0.00000e+00
 3.82407e-04
 1.71481e-03
 3.92102e-03
 7.40529e-03
 1.24586e-02
 1.92369e-02
 2.72207e-02
 3.43947e-02
 3.88380e-02
 3.62714e-02
 2.82028e-02
 1.72237e-02
 7.90250e-03
 2.70926e-03
 7.92489e-04
 2.17071e-04
 5.75639e-05
 1.49234e-05
 3.78976e-06
 9.42544e-07
 2.29423e-07
 5.46351e-08
 1.28387e-08
 3.52380e-09
 0.00000e+00
 3.82407e-04
 1.71481e-03
 3.92102e-03
 7.40529e-03
 1.24586e-02
 1.92369e-02
 2.72207e-02
 3.43947e-02
 3.88380e-02
 3.62714e-02
 2.82028e-02
 1.72237e-02
 7.90250e-03
 2.70926e-03
 7.92489e-04
 2.17071e-04
 5.75639e-05
 1.49234e-05
 3.78976e-06
 9.42544e-07
 2.29423e-07
 5.46351e-08
 1.28387e-08
 3.52380e-09
 0.00000e+00
 3.82407e-04
 1.71481e-03
 3.92102e-03
 7.40529e-03
 1.24586e-02
 1.92369e-02
 2.72207e-02
 3.43947e-02
 3.88380e-02
 3.62714e-02
 2.82028e-02
 1.72237e-02
 7.90250e-03
 2.70926e-03
 7.92489e-04
 2.17071e-04
 5.75639e-05
 1.49234e-05
 3.78976e-06
 9.42544e-07
 2.29423e-07
 5.46351e-08
 1.28387e-08
 3.52380e-09
 0.00000e+00
 3.82407e-04
 1.71481e-03
 3.92102e-03
 7.40529e-03
 1.24586e-02
 1.92369e-02
 2.72207e-02
 3.43947e-02
 3.88380e-02
 3.62714e-02
 2.82028e-02
 1.72237e-02
 7.90250e-03
 2.70926e-03
 7.92489e-04
 2.17071e-04
 5.75639e-05
 1.49234e-05
 3.78976e-06
 9.42544e-07
 2.29423e-07
 5.46351e-08
 1.28387e-08
 3.52380e-09
 0.00000e+00
 3.82407e-04
 1.71481e-03
 3.92102e-03
 7.40529e-03
 1.24586e-02
 1.92369e-02
 2.72207e-02
 3.43947e-02
 3.88380e-02
 3.62714e-02
 2.82028e-02
 1.72237e-02
 7.90250e-03
 2.70926e-03
 7.92489e-04
 2.17071e-04
 5.75639e-05
 1.49234e-05
 3.78976e-06
 9.42544e-07
 2.29423e-07
 5.46351e-08
 1.28387e-08
 3.52379e-09
 0.00000e+00
 3.82407e-04
 1.71481e-03
 3.92102e-03
 7.40529e-03
 1.24586e-02
 1.92369e-02
 2.72207e-02
 3.43947e-02
 3.88380e-02
 3.62714e-02
 2.82028e-02
 1.72237e-02
 7.90250e-03
 2.70926e-03
 7.92489e-04
 2.17071e-04
 5.75639e-05
 1.49234e-05
 3.78976e-06
 9.42544e-07
 2.29423e-07
 5.46351e-08
 1.28387e-08
 3.52380e-09
 0.00000e+00
 3.82407e-04
 1.71481e-03
 3.92102e-03
 7.40529e-03
 1.24586e-02
 1.92369e-02
 2.72207e-02
 3.43947e-02
 3.88380e-02
 3.62714e-02
 2.82028e-02
 1.72237e-02
 7.90250e-03
 2.70926e-03
 7.92489e-04
 2.17071e-04
 5.75639e-05
 1.49234e-05
 3.78976e-06
 9.42544e-07
 2.29423e-07
 5.46351e-08
 1.28387e-08
 3.52380e-09
 0.00000e+00
 3.82407e-04
 1.71481e-03
 3.92102e-03
 7.40529e-03
 1.24586e-02
 1.92369e-02
 2.72207e-02
 3.43947e-02
 3.88380e-02
 3.62714e-02
 2.82028e-02
 1.72237e-02
 7.90250e-03
 2.70926e-03
 7.92489e-04
 2.17071e-04
 5.75639e-05
 1.49234e-05
 3.78976e-06
 9.42544e-07
 2.29423e-07
 5.46351e-08
 1.28387e-08
 3.52380e-09
 0.00000e+00
 3.82407e-04
 1.71481e-03
 3.92102e-03
 7.40529e-03
 1.24586e-02
 1.92369e-02
 2.72207e-02
 3.43947e-02
 3.88380e-02
 3.62714e-02
 2.82028e-02
 1.72237e-02
 7.90250e-03
 2.70926e-03
 7.92489e-04
 2.17071e-04
 5.75639e-05
 1.49234e-05
 3.78976e-06
 9.42544e-07
 2.29423e-07
 5.46351e-08
 1.28387e-08
 3.52380e-09
 0.00000e+00
 3.82407e-04
 1.71481e-03
 3.92102e-03
 7.40529e-03
 1.24586e-02
 1.92369e-02
 2.72207e-02
 3.43947e-02
 3.88380e-02
 3.62714e-02
 2.82028e-02
 1.72237e-02
 7.90250e-03
 2.70926e-03
 7.92489e-04
 2.17071e-04
 5.75639e-05
 1.49234e-05
 3.78976e-06
 9.42544e-07
 2.29423e-07
 5.46351e-08
 1.28387e-08
 3.52380e-09
 0.00000e+00
 3.82407e-04
 1.71481e-03
 3.92102e-03
 7.40529e-03
 1.24586e-02
 1.92369e-02
 2.72207e-02
 3.43947e-02
 3.88380e-02
 3.62714e-02
 2.82028e-02
 1.72237e-02
 7.90250e-03
 2.70926e-03
 7.92489e-04
 2.17071e-04
 5.75639e-05
 1.49234e-05
 3.78976e-06
 9.42544e-07
 2.29423e-07
 5.46351e-08
 1.28387e-08
 3.52380e-09
 0.00000e+00
 3.82407e-04
 1.71481e-03
 3.92102e-03
 7.40529e-03
 1.24586e-02
 1.92369e-02
 2.72207e-02
 3.43947e-02
 3.88380e-02
 3.62714e-02
 2.82028e-02
 1.72237e-02
 7.90250e-03
 2.70926e-03
 7.92489e-04
 2.17071e-04
 5.75639e-05
 1.49234e-05
 3.78976e-06
 9.42544e-07
 2.29423e-07
 5.46351e-08
 1.28387e-08
 3.52380e-09
 0.00000e+00
 3.82407e-04
 1.71481e-03
 3.92102e-03
 7.40529e-03
 1.24586e-02
 1.92369e-02
 2.72207e-02
 3.43947e-02
 3.88380e-02
 3.62714e-02
 2.82028e-02
 1.72237e-02
 7.90250e-03
 2.70926e-03
 7.92489e-04
 2.17071e-04
 5.75639e-05
 1.49234e-05
 3.78976e-06
 9.42544e-07
 2.29423e-07
 5.46351e-08
 1.28387e-08
 3.52380e-09
