Pressure
part
         1
quad4
 1.00563e-01
 1.00470e-01
 1.00472e-01
 1.00581e-01
 1.00505e-01
 1.00535e-01
 1.00540e-01
 1.00600e-01
 1.00763e-01
 1.00776e-01
 1.00788e-01
 1.00799e-01
 1.00825e-01
 1.00848e-01
 1.00876e-01
 1.00907e-01
 1.00941e-01
 1.00983e-01
 1.01028e-01
 1.01084e-01
 1.01149e-01
 1.01230e-01
 1.01325e-01
 1.01441e-01
 1.01578e-01
 1.01745e-01
 1.01944e-01
 1.02187e-01
 1.02478e-01
 1.02833e-01
 1.03261e-01
 1.03785e-01
 1.04421e-01
 1.05204e-01
 1.06166e-01
 1.07356e-01
 1.08841e-01
 1.10706e-01
 1.13072e-01
 1.16149e-01
 1.20233e-01
 1.25610e-01
 1.32387e-01
 1.40328e-01
 1.48684e-01
 1.55747e-01
 1.58987e-01
 1.50758e-01
 1.32120e-01
 9.90028e-02
 5.67515e-02
 1.97507e-02
 2.74983e-03
 6.30773e-05
 1.09372e-06
 9.79389e-07
 9.79264e-07
 9.79264e-07
 9.79264e-07
 9.79262e-07
 1.00470e-01
 1.00320e-01
 1.00484e-01
 1.00356e-01
 1.00278e-01
 1.00336e-01
 1.00500e-01
 1.00593e-01
 1.00624e-01
 1.00728e-01
 1.00745e-01
 1.00799e-01
 1.00809e-01
 1.00851e-01
 1.00872e-01
 1.00909e-01
 1.00942e-01
 1.00984e-01
 1.01032e-01
 1.01086e-01
 1.01155e-01
 1.01233e-01
 1.01332e-01
 1.01445e-01
 1.01587e-01
 1.01751e-01
 1.01957e-01
 1.02196e-01
 1.02495e-01
 1.02847e-01
 1.03284e-01
 1.03806e-01
 1.04452e-01
 1.05236e-01
 1.06208e-01
 1.07406e-01
 1.08902e-01
 1.10781e-01
 1.13166e-01
 1.16267e-01
 1.20385e-01
 1.25802e-01
 1.32622e-01
 1.40601e-01
 1.48983e-01
 1.56018e-01
 1.59161e-01
 1.50736e-01
 1.31843e-01
 9.84641e-02
 5.60945e-02
 1.92986e-02
 2.62973e-03
 5.80290e-05
 1.07990e-06
 9.79381e-07
 9.79264e-07
 9.79264e-07
 9.79264e-07
 9.79262e-07
 1.00472e-01
 1.00484e-01
 1.00734e-01
 1.00825e-01
 1.00696e-01
 1.00645e-01
 1.00688e-01
 1.00583e-01
 1.00670e-01
 1.00701e-01
 1.00777e-01
 1.00784e-01
 1.00835e-01
 1.00845e-01
 1.00885e-01
 1.00909e-01
 1.00949e-01
 1.00988e-01
 1.01037e-01
 1.01094e-01
 1.01160e-01
 1.01244e-01
 1.01339e-01
 1.01460e-01
 1.01597e-01
 1.01771e-01
 1.01970e-01
 1.02223e-01
 1.02514e-01
 1.02882e-01
 1.03312e-01
 1.03851e-01
 1.04496e-01
 1.05297e-01
 1.06275e-01
 1.07491e-01
 1.09005e-01
 1.10908e-01
 1.13325e-01
 1.16470e-01
 1.20645e-01
 1.26132e-01
 1.33023e-01
 1.41056e-01
 1.49459e-01
 1.56405e-01
 1.59318e-01
 1.50498e-01
 1.31102e-01
 9.72321e-02
 5.46807e-02
 1.83650e-02
 2.39303e-03
 4.88214e-05
 1.05670e-06
 9.79364e-07
 9.79264e-07
 9.79264e-07
 9.79264e-07
 9.79262e-07
 1.00581e-01
 1.00356e-01
 1.00825e-01
 1.00816e-01
 1.00819e-01
 1.00838e-01
 1.00725e-01
 1.00696e-01
 1.00728e-01
 1.00795e-01
 1.00787e-01
 1.00837e-01
 1.00837e-01
 1.00872e-01
 1.00887e-01
 1.00923e-01
 1.00953e-01
 1.00997e-01
 1.01045e-01
 1.01102e-01
 1.01172e-01
 1.01252e-01
 1.01356e-01
 1.01471e-01
 1.01620e-01
 1.01785e-01
 1.02000e-01
 1.02242e-01
 1.02554e-01
 1.02911e-01
 1.03365e-01
 1.03896e-01
 1.04565e-01
 1.05367e-01
 1.06369e-01
 1.07599e-01
 1.09139e-01
 1.11072e-01
 1.13530e-01
 1.16732e-01
 1.20984e-01
 1.26560e-01
 1.33537e-01
 1.41625e-01
 1.50031e-01
 1.56818e-01
 1.59350e-01
 1.49947e-01
 1.29780e-01
 9.51917e-02
 5.24420e-02
 1.69555e-02
 2.05806e-03
 3.72380e-05
 1.03096e-06
 9.79343e-07
 9.79264e-07
 9.79264e-07
 9.79264e-07
 9.79262e-07
 1.00505e-01
 1.00278e-01
 1.00696e-01
 1.00819e-01
 1.00873e-01
 1.00837e-01
 1.00801e-01
 1.00757e-01
 1.00804e-01
 1.00792e-01
 1.00840e-01
 1.00832e-01
 1.00868e-01
 1.00874e-01
 1.00908e-01
 1.00928e-01
 1.00968e-01
 1.01005e-01
 1.01056e-01
 1.01115e-01
 1.01183e-01
 1.01271e-01
 1.01368e-01
 1.01496e-01
 1.01635e-01
 1.01819e-01
 1.02021e-01
 1.02288e-01
 1.02585e-01
 1.02970e-01
 1.03411e-01
 1.03974e-01
 1.04637e-01
 1.05471e-01
 1.06481e-01
 1.07742e-01
 1.09311e-01
 1.11284e-01
 1.13795e-01
 1.17072e-01
 1.21423e-01
 1.27113e-01
 1.34199e-01
 1.42359e-01
 1.50769e-01
 1.57336e-01
 1.59303e-01
 1.49130e-01
 1.27870e-01
 9.23155e-02
 4.93816e-02
 1.51278e-02
 1.65867e-03
 2.55120e-05
 1.00893e-06
 9.79320e-07
 9.79264e-07
 9.79264e-07
 9.79264e-07
 9.79262e-07
 1.00535e-01
 1.00336e-01
 1.00645e-01
 1.00838e-01
 1.00837e-01
 1.00826e-01
 1.00810e-01
 1.00839e-01
 1.00810e-01
 1.00848e-01
 1.00829e-01
 1.00868e-01
 1.00864e-01
 1.00900e-01
 1.00910e-01
 1.00948e-01
 1.00975e-01
 1.01021e-01
 1.01069e-01
 1.01129e-01
 1.01204e-01
 1.01286e-01
 1.01396e-01
 1.01514e-01
 1.01673e-01
 1.01842e-01
 1.02071e-01
 1.02319e-01
 1.02650e-01
 1.03017e-01
 1.03496e-01
 1.04047e-01
 1.04748e-01
 1.05583e-01
 1.06630e-01
 1.07915e-01
 1.09525e-01
 1.11547e-01
 1.14125e-01
 1.17496e-01
 1.21971e-01
 1.27804e-01
 1.35027e-01
 1.43274e-01
 1.51681e-01
 1.57988e-01
 1.59071e-01
 1.48009e-01
 1.25293e-01
 8.85468e-02
 4.55230e-02
 1.29762e-02
 1.23737e-03
 1.55793e-05
 9.93844e-07
 9.79299e-07
 9.79264e-07
 9.79264e-07
 9.79264e-07
 9.79262e-07
 1.00540e-01
 1.00500e-01
 1.00688e-01
 1.00725e-01
 1.00801e-01
 1.00810e-01
 1.00852e-01
 1.00829e-01
 1.00867e-01
 1.00838e-01
 1.00873e-01
 1.00861e-01
 1.00896e-01
 1.00898e-01
 1.00935e-01
 1.00953e-01
 1.00996e-01
 1.01034e-01
 1.01087e-01
 1.01150e-01
 1.01221e-01
 1.01316e-01
 1.01416e-01
 1.01554e-01
 1.01697e-01
 1.01895e-01
 1.02104e-01
 1.02389e-01
 1.02697e-01
 1.03108e-01
 1.03567e-01
 1.04163e-01
 1.04858e-01
 1.05737e-01
 1.06800e-01
 1.08129e-01
 1.09784e-01
 1.11867e-01
 1.14527e-01
 1.18014e-01
 1.22641e-01
 1.28647e-01
 1.36037e-01
 1.44385e-01
 1.52765e-01
 1.58812e-01
 1.58493e-01
 1.46540e-01
 1.21951e-01
 8.38262e-02
 4.09248e-02
 1.06301e-02
 8.38710e-04
 8.50070e-06
 9.85450e-07
 9.79282e-07
 9.79264e-07
 9.79264e-07
 9.79264e-07
 9.79262e-07
 1.00600e-01
 1.00593e-01
 1.00583e-01
 1.00696e-01
 1.00757e-01
 1.00839e-01
 1.00829e-01
 1.00872e-01
 1.00846e-01
 1.00881e-01
 1.00863e-01
 1.00897e-01
 1.00891e-01
 1.00927e-01
 1.00938e-01
 1.00978e-01
 1.01007e-01
 1.01056e-01
 1.01107e-01
 1.01170e-01
 1.01251e-01
 1.01337e-01
 1.01457e-01
 1.01579e-01
 1.01752e-01
 1.01928e-01
 1.02176e-01
 1.02435e-01
 1.02791e-01
 1.03177e-01
 1.03689e-01
 1.04270e-01
 1.05016e-01
 1.05902e-01
 1.07013e-01
 1.08380e-01
 1.10094e-01
 1.12249e-01
 1.15009e-01
 1.18637e-01
 1.23447e-01
 1.29661e-01
 1.37243e-01
 1.45702e-01
 1.54006e-01
 1.59724e-01
 1.57613e-01
 1.44535e-01
 1.17727e-01
 7.81030e-02
 3.56942e-02
 8.23546e-03
 5.10199e-04
 4.28354e-06
 9.81587e-07
 9.79271e-07
 9.79264e-07
 9.79264e-07
 9.79264e-07
 9.79262e-07
 1.00763e-01
 1.00624e-01
 1.00670e-01
 1.00728e-01
 1.00804e-01
 1.00810e-01
 1.00867e-01
 1.00846e-01
 1.00885e-01
 1.00865e-01
 1.00899e-01
 1.00889e-01
 1.00924e-01
 1.00927e-01
 1.00966e-01
 1.00988e-01
 1.01033e-01
 1.01075e-01
 1.01131e-01
 1.01200e-01
 1.01275e-01
 1.01379e-01
 1.01485e-01
 1.01636e-01
 1.01786e-01
 1.02003e-01
 1.02223e-01
 1.02533e-01
 1.02858e-01
 1.03302e-01
 1.03791e-01
 1.04431e-01
 1.05174e-01
 1.06115e-01
 1.07255e-01
 1.08681e-01
 1.10459e-01
 1.12701e-01
 1.15582e-01
 1.19379e-01
 1.24408e-01
 1.30864e-01
 1.38663e-01
 1.47235e-01
 1.55377e-01
 1.60601e-01
 1.56470e-01
 1.41769e-01
 1.12494e-01
 7.13505e-02
 2.99996e-02
 5.95905e-03
 2.74258e-04
 2.19376e-06
 9.79746e-07
 9.79266e-07
 9.79264e-07
 9.79264e-07
 9.79264e-07
 9.79262e-07
 1.00776e-01
 1.00728e-01
 1.00701e-01
 1.00795e-01
 1.00792e-01
 1.00848e-01
 1.00838e-01
 1.00881e-01
 1.00865e-01
 1.00900e-01
 1.00888e-01
 1.00922e-01
 1.00922e-01
 1.00959e-01
 1.00974e-01
 1.01016e-01
 1.01051e-01
 1.01102e-01
 1.01161e-01
 1.01227e-01
 1.01318e-01
 1.01410e-01
 1.01542e-01
 1.01672e-01
 1.01863e-01
 1.02050e-01
 1.02323e-01
 1.02599e-01
 1.02987e-01
 1.03401e-01
 1.03955e-01
 1.04583e-01
 1.05388e-01
 1.06347e-01
 1.07548e-01
 1.09030e-01
 1.10889e-01
 1.13232e-01
 1.16258e-01
 1.20259e-01
 1.25544e-01
 1.32277e-01
 1.40311e-01
 1.48989e-01
 1.56844e-01
 1.61319e-01
 1.54992e-01
 1.38038e-01
 1.06120e-01
 6.35928e-02
 2.40806e-02
 3.96284e-03
 1.27380e-04
 1.34499e-06
 9.79543e-07
 9.79264e-07
 9.79264e-07
 9.79264e-07
 9.79264e-07
 9.79262e-07
 1.00788e-01
 1.00745e-01
 1.00777e-01
 1.00787e-01
 1.00840e-01
 1.00829e-01
 1.00873e-01
 1.00863e-01
 1.00899e-01
 1.00888e-01
 1.00922e-01
 1.00920e-01
 1.00955e-01
 1.00966e-01
 1.01006e-01
 1.01034e-01
 1.01081e-01
 1.01131e-01
 1.01190e-01
 1.01270e-01
 1.01350e-01
 1.01468e-01
 1.01581e-01
 1.01750e-01
 1.01911e-01
 1.02152e-01
 1.02388e-01
 1.02730e-01
 1.03082e-01
 1.03567e-01
 1.04100e-01
 1.04797e-01
 1.05609e-01
 1.06633e-01
 1.07880e-01
 1.09440e-01
 1.11388e-01
 1.13855e-01
 1.17054e-01
 1.21296e-01
 1.26879e-01
 1.33922e-01
 1.42201e-01
 1.50960e-01
 1.58359e-01
 1.61701e-01
 1.52968e-01
 1.33232e-01
 9.84776e-02
 5.49325e-02
 1.82470e-02
 2.36796e-03
 4.98456e-05
 1.06792e-06
 9.79406e-07
 9.79264e-07
 9.79264e-07
 9.79264e-07
 9.79264e-07
 9.79262e-07
 1.00799e-01
 1.00799e-01
 1.00784e-01
 1.00837e-01
 1.00832e-01
 1.00868e-01
 1.00861e-01
 1.00897e-01
 1.00889e-01
 1.00922e-01
 1.00920e-01
 1.00954e-01
 1.00962e-01
 1.01000e-01
 1.01023e-01
 1.01067e-01
 1.01110e-01
 1.01164e-01
 1.01234e-01
 1.01305e-01
 1.01410e-01
 1.01509e-01
 1.01660e-01
 1.01800e-01
 1.02014e-01
 1.02218e-01
 1.02521e-01
 1.02823e-01
 1.03252e-01
 1.03707e-01
 1.04315e-01
 1.05008e-01
 1.05891e-01
 1.06950e-01
 1.08273e-01
 1.09914e-01
 1.11971e-01
 1.14582e-01
 1.17990e-01
 1.22516e-01
 1.28439e-01
 1.35824e-01
 1.44346e-01
 1.53130e-01
 1.59872e-01
 1.61456e-01
 1.50262e-01
 1.27147e-01
 8.94618e-02
 4.55833e-02
 1.28607e-02
 1.22598e-03
 1.61639e-05
 9.96705e-07
 9.79323e-07
 9.79264e-07
 9.79264e-07
 9.79264e-07
 9.79264e-07
 9.79262e-07
 1.00825e-01
 1.00809e-01
 1.00835e-01
 1.00837e-01
 1.00868e-01
 1.00864e-01
 1.00896e-01
 1.00891e-01
 1.00924e-01
 1.00922e-01
 1.00955e-01
 1.00962e-01
 1.00998e-01
 1.01018e-01
 1.01059e-01
 1.01097e-01
 1.01146e-01
 1.01209e-01
 1.01272e-01
 1.01366e-01
 1.01454e-01
 1.01589e-01
 1.01712e-01
 1.01904e-01
 1.02081e-01
 1.02353e-01
 1.02613e-01
 1.02995e-01
 1.03386e-01
 1.03924e-01
 1.04518e-01
 1.05288e-01
 1.06195e-01
 1.07331e-01
 1.08724e-01
 1.10466e-01
 1.12647e-01
 1.15433e-01
 1.19090e-01
 1.23949e-01
 1.30255e-01
 1.38007e-01
 1.46756e-01
 1.55446e-01
 1.61555e-01
 1.60031e-01
 1.46733e-01
 1.19540e-01
 7.90319e-02
 3.59045e-02
 8.26260e-03
 5.21916e-04
 4.65344e-06
 9.82317e-07
 9.79283e-07
 9.79264e-07
 9.79264e-07
 9.79264e-07
 9.79264e-07
 9.79262e-07
 1.00848e-01
 1.00851e-01
 1.00845e-01
 1.00872e-01
 1.00874e-01
 1.00900e-01
 1.00898e-01
 1.00927e-01
 1.00927e-01
 1.00959e-01
 1.00966e-01
 1.01000e-01
 1.01018e-01
 1.01056e-01
 1.01091e-01
 1.01136e-01
 1.01192e-01
 1.01250e-01
 1.01335e-01
 1.01413e-01
 1.01536e-01
 1.01644e-01
 1.01818e-01
 1.01972e-01
 1.02218e-01
 1.02444e-01
 1.02787e-01
 1.03126e-01
 1.03605e-01
 1.04118e-01
 1.04797e-01
 1.05579e-01
 1.06566e-01
 1.07761e-01
 1.09251e-01
 1.11105e-01
 1.13435e-01
 1.16429e-01
 1.20384e-01
 1.25628e-01
 1.32360e-01
 1.40495e-01
 1.49437e-01
 1.57810e-01
 1.62979e-01
 1.57862e-01
 1.41657e-01
 1.10188e-01
 6.72839e-02
 2.64226e-02
 4.69444e-03
 1.79610e-04
 1.65625e-06
 9.79726e-07
 9.79266e-07
 9.79264e-07
 9.79264e-07
 9.79264e-07
 9.79264e-07
 9.79262e-07
 1.00876e-01
 1.00872e-01
 1.00885e-01
 1.00887e-01
 1.00908e-01
 1.00910e-01
 1.00935e-01
 1.00938e-01
 1.00966e-01
 1.00974e-01
 1.01006e-01
 1.01023e-01
 1.01059e-01
 1.01091e-01
 1.01133e-01
 1.01184e-01
 1.01237e-01
 1.01314e-01
 1.01385e-01
 1.01497e-01
 1.01594e-01
 1.01753e-01
 1.01889e-01
 1.02112e-01
 1.02310e-01
 1.02621e-01
 1.02917e-01
 1.03348e-01
 1.03794e-01
 1.04398e-01
 1.05078e-01
 1.05945e-01
 1.06979e-01
 1.08267e-01
 1.09859e-01
 1.11846e-01
 1.14352e-01
 1.17600e-01
 1.21909e-01
 1.27592e-01
 1.34790e-01
 1.43305e-01
 1.52372e-01
 1.60109e-01
 1.63695e-01
 1.54880e-01
 1.34629e-01
 9.89420e-02
 5.45422e-02
 1.77933e-02
 2.26750e-03
 4.80445e-05
 1.07206e-06
 9.79454e-07
 9.79264e-07
 9.79264e-07
 9.79264e-07
 9.79264e-07
 9.79264e-07
 9.79262e-07
 1.00907e-01
 1.00909e-01
 1.00909e-01
 1.00923e-01
 1.00928e-01
 1.00948e-01
 1.00953e-01
 1.00978e-01
 1.00988e-01
 1.01016e-01
 1.01034e-01
 1.01067e-01
 1.01097e-01
 1.01136e-01
 1.01184e-01
 1.01232e-01
 1.01304e-01
 1.01368e-01
 1.01472e-01
 1.01559e-01
 1.01706e-01
 1.01827e-01
 1.02032e-01
 1.02207e-01
 1.02491e-01
 1.02751e-01
 1.03142e-01
 1.03534e-01
 1.04076e-01
 1.04671e-01
 1.05441e-01
 1.06344e-01
 1.07470e-01
 1.08849e-01
 1.10566e-01
 1.12707e-01
 1.15426e-01
 1.18980e-01
 1.23706e-01
 1.29887e-01
 1.37581e-01
 1.46443e-01
 1.55499e-01
 1.62264e-01
 1.63033e-01
 1.50703e-01
 1.25498e-01
 8.57581e-02
 4.14059e-02
 1.06780e-02
 8.65695e-04
 9.91782e-06
 9.89257e-07
 9.79326e-07
 9.79264e-07
 9.79264e-07
 9.79264e-07
 9.79264e-07
 9.79264e-07
 9.79262e-07
 1.00941e-01
 1.00942e-01
 1.00949e-01
 1.00953e-01
 1.00968e-01
 1.00975e-01
 1.00996e-01
 1.01007e-01
 1.01033e-01
 1.01051e-01
 1.01081e-01
 1.01110e-01
 1.01146e-01
 1.01192e-01
 1.01237e-01
 1.01304e-01
 1.01363e-01
 1.01460e-01
 1.01539e-01
 1.01675e-01
 1.01784e-01
 1.01974e-01
 1.02130e-01
 1.02391e-01
 1.02622e-01
 1.02980e-01
 1.03326e-01
 1.03819e-01
 1.04344e-01
 1.05033e-01
 1.05829e-01
 1.06825e-01
 1.08031e-01
 1.09529e-01
 1.11386e-01
 1.13712e-01
 1.16689e-01
 1.20615e-01
 1.25828e-01
 1.32558e-01
 1.40765e-01
 1.49907e-01
 1.58669e-01
 1.64375e-01
 1.60440e-01
 1.44836e-01
 1.13936e-01
 7.08172e-02
 2.87725e-02
 5.48104e-03
 2.45915e-04
 2.16738e-06
 9.79984e-07
 9.79275e-07
 9.79264e-07
 9.79264e-07
 9.79264e-07
 9.79264e-07
 9.79264e-07
 9.79262e-07
 1.00983e-01
 1.00984e-01
 1.00988e-01
 1.00997e-01
 1.01005e-01
 1.01021e-01
 1.01034e-01
 1.01056e-01
 1.01075e-01
 1.01102e-01
 1.01131e-01
 1.01164e-01
 1.01209e-01
 1.01250e-01
 1.01314e-01
 1.01368e-01
 1.01460e-01
 1.01532e-01
 1.01660e-01
 1.01759e-01
 1.01936e-01
 1.02077e-01
 1.02320e-01
 1.02526e-01
 1.02857e-01
 1.03166e-01
 1.03617e-01
 1.04084e-01
 1.04708e-01
 1.05415e-01
 1.06306e-01
 1.07370e-01
 1.08690e-01
 1.10318e-01
 1.12343e-01
 1.14889e-01
 1.18185e-01
 1.22558e-01
 1.28330e-01
 1.35656e-01
 1.44358e-01
 1.53661e-01
 1.61661e-01
 1.65449e-01
 1.56670e-01
 1.36090e-01
 9.97709e-02
 5.47223e-02
 1.77530e-02
 2.27097e-03
 5.01130e-05
 1.08747e-06
 9.79523e-07
 9.79264e-07
 9.79264e-07
 9.79264e-07
 9.79264e-07
 9.79264e-07
 9.79264e-07
 9.79262e-07
 1.01028e-01
 1.01032e-01
 1.01037e-01
 1.01045e-01
 1.01056e-01
 1.01069e-01
 1.01087e-01
 1.01107e-01
 1.01131e-01
 1.01161e-01
 1.01190e-01
 1.01234e-01
 1.01272e-01
 1.01335e-01
 1.01385e-01
 1.01472e-01
 1.01539e-01
 1.01660e-01
 1.01751e-01
 1.01918e-01
 1.02046e-01
 1.02273e-01
 1.02460e-01
 1.02768e-01
 1.03046e-01
 1.03463e-01
 1.03882e-01
 1.04453e-01
 1.05085e-01
 1.05890e-01
 1.06840e-01
 1.08015e-01
 1.09456e-01
 1.11241e-01
 1.13460e-01
 1.16279e-01
 1.19969e-01
 1.24874e-01
 1.31276e-01
 1.39227e-01
 1.48353e-01
 1.57584e-01
 1.64347e-01
 1.64312e-01
 1.51172e-01
 1.24327e-01
 8.31089e-02
 3.85875e-02
 9.34991e-03
 6.83047e-04
 7.39397e-06
 9.86826e-07
 9.79336e-07
 9.79264e-07
 9.79264e-07
 9.79264e-07
 9.79264e-07
 9.79264e-07
 9.79264e-07
 9.79262e-07
 1.01084e-01
 1.01086e-01
 1.01094e-01
 1.01102e-01
 1.01115e-01
 1.01129e-01
 1.01150e-01
 1.01170e-01
 1.01200e-01
 1.01227e-01
 1.01270e-01
 1.01305e-01
 1.01366e-01
 1.01413e-01
 1.01497e-01
 1.01559e-01
 1.01675e-01
 1.01759e-01
 1.01918e-01
 1.02036e-01
 1.02250e-01
 1.02421e-01
 1.02710e-01
 1.02963e-01
 1.03351e-01
 1.03732e-01
 1.04258e-01
 1.04830e-01
 1.05564e-01
 1.06420e-01
 1.07478e-01
 1.08764e-01
 1.10354e-01
 1.12319e-01
 1.14776e-01
 1.17935e-01
 1.22109e-01
 1.27637e-01
 1.34728e-01
 1.43300e-01
 1.52714e-01
 1.61402e-01
 1.66553e-01
 1.60689e-01
 1.42911e-01
 1.09229e-01
 6.45173e-02
 2.39726e-02
 3.94492e-03
 1.38754e-04
 1.50903e-06
 9.79881e-07
 9.79272e-07
 9.79264e-07
 9.79264e-07
 9.79264e-07
 9.79264e-07
 9.79264e-07
 9.79264e-07
 9.79262e-07
 1.01149e-01
 1.01155e-01
 1.01160e-01
 1.01172e-01
 1.01183e-01
 1.01204e-01
 1.01221e-01
 1.01251e-01
 1.01275e-01
 1.01318e-01
 1.01350e-01
 1.01410e-01
 1.01454e-01
 1.01536e-01
 1.01594e-01
 1.01706e-01
 1.01784e-01
 1.01936e-01
 1.02046e-01
 1.02250e-01
 1.02409e-01
 1.02682e-01
 1.02915e-01
 1.03279e-01
 1.03628e-01
 1.04118e-01
 1.04639e-01
 1.05315e-01
 1.06094e-01
 1.07057e-01
 1.08217e-01
 1.09647e-01
 1.11407e-01
 1.13587e-01
 1.16339e-01
 1.19926e-01
 1.24688e-01
 1.30927e-01
 1.38747e-01
 1.47866e-01
 1.57314e-01
 1.64713e-01
 1.66721e-01
 1.55087e-01
 1.30653e-01
 9.08465e-02
 4.53440e-02
 1.25249e-02
 1.20678e-03
 1.81722e-05
 1.00770e-06
 9.79444e-07
 9.79264e-07
 9.79264e-07
 9.79264e-07
 9.79264e-07
 9.79264e-07
 9.79264e-07
 9.79264e-07
 9.79262e-07
 1.01230e-01
 1.01233e-01
 1.01244e-01
 1.01252e-01
 1.01271e-01
 1.01286e-01
 1.01316e-01
 1.01337e-01
 1.01379e-01
 1.01410e-01
 1.01468e-01
 1.01509e-01
 1.01589e-01
 1.01644e-01
 1.01753e-01
 1.01827e-01
 1.01974e-01
 1.02077e-01
 1.02273e-01
 1.02421e-01
 1.02682e-01
 1.02899e-01
 1.03244e-01
 1.03566e-01
 1.04027e-01
 1.04508e-01
 1.05136e-01
 1.05851e-01
 1.06737e-01
 1.07794e-01
 1.09093e-01
 1.10685e-01
 1.12646e-01
 1.15089e-01
 1.18218e-01
 1.22342e-01
 1.27802e-01
 1.34824e-01
 1.43371e-01
 1.52864e-01
 1.61844e-01
 1.67543e-01
 1.63169e-01
 1.46617e-01
 1.14272e-01
 6.98458e-02
 2.76792e-02
 5.14284e-03
 2.31746e-04
 2.21613e-06
 9.80295e-07
 9.79295e-07
 9.79264e-07
 9.79264e-07
 9.79264e-07
 9.79264e-07
 9.79264e-07
 9.79264e-07
 9.79264e-07
 9.79262e-07
 1.01325e-01
 1.01332e-01
 1.01339e-01
 1.01356e-01
 1.01368e-01
 1.01396e-01
 1.01416e-01
 1.01457e-01
 1.01485e-01
 1.01542e-01
 1.01581e-01
 1.01660e-01
 1.01712e-01
 1.01818e-01
 1.01889e-01
 1.02032e-01
 1.02130e-01
 1.02320e-01
 1.02460e-01
 1.02710e-01
 1.02915e-01
 1.03244e-01
 1.03546e-01
 1.03982e-01
 1.04430e-01
 1.05019e-01
 1.05683e-01
 1.06505e-01
 1.07479e-01
 1.08672e-01
 1.10126e-01
 1.11912e-01
 1.14114e-01
 1.16891e-01
 1.20504e-01
 1.25291e-01
 1.31551e-01
 1.39401e-01
 1.48578e-01
 1.58121e-01
 1.65741e-01
 1.68207e-01
 1.57124e-01
 1.33261e-01
 9.37926e-02
 4.79282e-02
 1.38658e-02
 1.48253e-03
 2.64851e-05
 1.03155e-06
 9.79551e-07
 9.79264e-07
 9.79264e-07
 9.79264e-07
 9.79264e-07
 9.79264e-07
 9.79264e-07
 9.79264e-07
 9.79264e-07
 9.79262e-07
 1.01441e-01
 1.01445e-01
 1.01460e-01
 1.01471e-01
 1.01496e-01
 1.01514e-01
 1.01554e-01
 1.01579e-01
 1.01636e-01
 1.01672e-01
 1.01750e-01
 1.01800e-01
 1.01904e-01
 1.01972e-01
 1.02112e-01
 1.02207e-01
 1.02391e-01
 1.02526e-01
 1.02768e-01
 1.02963e-01
 1.03279e-01
 1.03566e-01
 1.03982e-01
 1.04405e-01
 1.04962e-01
 1.05584e-01
 1.06355e-01
 1.07262e-01
 1.08368e-01
 1.09710e-01
 1.11353e-01
 1.13366e-01
 1.15872e-01
 1.19085e-01
 1.23314e-01
 1.28891e-01
 1.36032e-01
 1.44690e-01
 1.54259e-01
 1.63232e-01
 1.68846e-01
 1.64288e-01
 1.47513e-01
 1.14854e-01
 7.01712e-02
 2.78948e-02
 5.26179e-03
 2.49686e-04
 2.45532e-06
 9.80548e-07
 9.79315e-07
 9.79264e-07
 9.79264e-07
 9.79264e-07
 9.79264e-07
 9.79264e-07
 9.79264e-07
 9.79264e-07
 9.79264e-07
 9.79262e-07
 1.01578e-01
 1.01587e-01
 1.01597e-01
 1.01620e-01
 1.01635e-01
 1.01673e-01
 1.01697e-01
 1.01752e-01
 1.01786e-01
 1.01863e-01
 1.01911e-01
 1.02014e-01
 1.02081e-01
 1.02218e-01
 1.02310e-01
 1.02491e-01
 1.02622e-01
 1.02857e-01
 1.03046e-01
 1.03351e-01
 1.03628e-01
 1.04027e-01
 1.04430e-01
 1.04962e-01
 1.05551e-01
 1.06281e-01
 1.07134e-01
 1.08172e-01
 1.09423e-01
 1.10950e-01
 1.12812e-01
 1.15107e-01
 1.18010e-01
 1.21793e-01
 1.26786e-01
 1.33266e-01
 1.41321e-01
 1.50628e-01
 1.60134e-01
 1.67434e-01
 1.69062e-01
 1.57150e-01
 1.32017e-01
 9.16083e-02
 4.57784e-02
 1.28307e-02
 1.31487e-03
 2.28445e-05
 1.02584e-06
 9.79594e-07
 9.79265e-07
 9.79264e-07
 9.79264e-07
 9.79264e-07
 9.79264e-07
 9.79264e-07
 9.79264e-07
 9.79264e-07
 9.79264e-07
 9.79262e-07
 1.01745e-01
 1.01751e-01
 1.01771e-01
 1.01785e-01
 1.01819e-01
 1.01842e-01
 1.01895e-01
 1.01928e-01
 1.02003e-01
 1.02050e-01
 1.02152e-01
 1.02218e-01
 1.02353e-01
 1.02444e-01
 1.02621e-01
 1.02751e-01
 1.02980e-01
 1.03166e-01
 1.03463e-01
 1.03732e-01
 1.04118e-01
 1.04508e-01
 1.05019e-01
 1.05584e-01
 1.06281e-01
 1.07092e-01
 1.08075e-01
 1.09255e-01
 1.10689e-01
 1.12430e-01
 1.14560e-01
 1.17224e-01
 1.20657e-01
 1.25169e-01
 1.31065e-01
 1.38520e-01
 1.47410e-01
 1.57004e-01
 1.65590e-01
 1.70388e-01
 1.63870e-01
 1.45193e-01
 1.10515e-01
 6.51010e-02
 2.43934e-02
 4.21003e-03
 1.73783e-04
 1.88847e-06
 9.80484e-07
 9.79313e-07
 9.79264e-07
 9.79264e-07
 9.79264e-07
 9.79264e-07
 9.79264e-07
 9.79264e-07
 9.79264e-07
 9.79264e-07
 9.79264e-07
 9.79262e-07
 1.01944e-01
 1.01957e-01
 1.01970e-01
 1.02000e-01
 1.02021e-01
 1.02071e-01
 1.02104e-01
 1.02176e-01
 1.02223e-01
 1.02323e-01
 1.02388e-01
 1.02521e-01
 1.02613e-01
 1.02787e-01
 1.02917e-01
 1.03142e-01
 1.03326e-01
 1.03617e-01
 1.03882e-01
 1.04258e-01
 1.04639e-01
 1.05136e-01
 1.05683e-01
 1.06355e-01
 1.07134e-01
 1.08075e-01
 1.09199e-01
 1.10560e-01
 1.12205e-01
 1.14208e-01
 1.16688e-01
 1.19850e-01
 1.23979e-01
 1.29383e-01
 1.36287e-01
 1.44699e-01
 1.54139e-01
 1.63334e-01
 1.69752e-01
 1.68435e-01
 1.54640e-01
 1.26162e-01
 8.37475e-02
 3.88731e-02
 9.70263e-03
 8.12029e-04
 1.14882e-05
 9.99789e-07
 9.79539e-07
 9.79264e-07
 9.79264e-07
 9.79264e-07
 9.79264e-07
 9.79264e-07
 9.79264e-07
 9.79264e-07
 9.79264e-07
 9.79264e-07
 9.79264e-07
 9.79262e-07
 1.02187e-01
 1.02196e-01
 1.02223e-01
 1.02242e-01
 1.02288e-01
 1.02319e-01
 1.02389e-01
 1.02435e-01
 1.02533e-01
 1.02599e-01
 1.02730e-01
 1.02823e-01
 1.02995e-01
 1.03126e-01
 1.03348e-01
 1.03534e-01
 1.03819e-01
 1.04084e-01
 1.04453e-01
 1.04830e-01
 1.05315e-01
 1.05851e-01
 1.06505e-01
 1.07262e-01
 1.08172e-01
 1.09255e-01
 1.10560e-01
 1.12132e-01
 1.14035e-01
 1.16376e-01
 1.19334e-01
 1.23166e-01
 1.28171e-01
 1.34598e-01
 1.42534e-01
 1.51688e-01
 1.61082e-01
 1.68597e-01
 1.71258e-01
 1.61161e-01
 1.38484e-01
 1.00358e-01
 5.45189e-02
 1.78805e-02
 2.50060e-03
 7.32150e-05
 1.25433e-06
 9.80154e-07
 9.79289e-07
 9.79264e-07
 9.79264e-07
 9.79264e-07
 9.79264e-07
 9.79264e-07
 9.79264e-07
 9.79264e-07
 9.79264e-07
 9.79264e-07
 9.79264e-07
 9.79262e-07
 1.02478e-01
 1.02495e-01
 1.02514e-01
 1.02554e-01
 1.02585e-01
 1.02650e-01
 1.02697e-01
 1.02791e-01
 1.02858e-01
 1.02987e-01
 1.03082e-01
 1.03252e-01
 1.03386e-01
 1.03605e-01
 1.03794e-01
 1.04076e-01
 1.04344e-01
 1.04708e-01
 1.05085e-01
 1.05564e-01
 1.06094e-01
 1.06737e-01
 1.07479e-01
 1.08368e-01
 1.09423e-01
 1.10689e-01
 1.12205e-01
 1.14035e-01
 1.16273e-01
 1.19081e-01
 1.22693e-01
 1.27387e-01
 1.33420e-01
 1.40924e-01
 1.49737e-01
 1.59102e-01
 1.67371e-01
 1.71952e-01
 1.65677e-01
 1.47800e-01
 1.14319e-01
 6.97307e-02
 2.81144e-02
 5.61720e-03
 3.16461e-04
 3.53686e-06
 9.84208e-07
 9.79421e-07
 9.79264e-07
 9.79264e-07
 9.79264e-07
 9.79264e-07
 9.79264e-07
 9.79264e-07
 9.79264e-07
 9.79264e-07
 9.79264e-07
 9.79264e-07
 9.79264e-07
 9.79262e-07
 1.02833e-01
 1.02847e-01
 1.02882e-01
 1.02911e-01
 1.02970e-01
 1.03017e-01
 1.03108e-01
 1.03177e-01
 1.03302e-01
 1.03401e-01
 1.03567e-01
 1.03707e-01
 1.03924e-01
 1.04118e-01
 1.04398e-01
 1.04671e-01
 1.05033e-01
 1.05415e-01
 1.05890e-01
 1.06420e-01
 1.07057e-01
 1.07794e-01
 1.08672e-01
 1.09710e-01
 1.10950e-01
 1.12430e-01
 1.14208e-01
 1.16376e-01
 1.19081e-01
 1.22538e-01
 1.27003e-01
 1.32726e-01
 1.39861e-01
 1.48327e-01
 1.57534e-01
 1.66136e-01
 1.71745e-01
 1.68801e-01
 1.54547e-01
 1.25504e-01
 8.34094e-02
 3.92452e-02
 1.02215e-02
 9.63591e-04
 1.65233e-05
 1.01853e-06
 9.79750e-07
 9.79267e-07
 9.79264e-07
 9.79264e-07
 9.79264e-07
 9.79264e-07
 9.79264e-07
 9.79264e-07
 9.79264e-07
 9.79264e-07
 9.79264e-07
 9.79264e-07
 9.79264e-07
 9.79262e-07
 1.03261e-01
 1.03284e-01
 1.03312e-01
 1.03365e-01
 1.03411e-01
 1.03496e-01
 1.03567e-01
 1.03689e-01
 1.03791e-01
 1.03955e-01
 1.04100e-01
 1.04315e-01
 1.04518e-01
 1.04797e-01
 1.05078e-01
 1.05441e-01
 1.05829e-01
 1.06306e-01
 1.06840e-01
 1.07478e-01
 1.08217e-01
 1.09093e-01
 1.10126e-01
 1.11353e-01
 1.12812e-01
 1.14560e-01
 1.16688e-01
 1.19334e-01
 1.22693e-01
 1.27003e-01
 1.32497e-01
 1.39333e-01
 1.47476e-01
 1.56455e-01
 1.65124e-01
 1.71239e-01
 1.71004e-01
 1.59177e-01
 1.34079e-01
 9.49445e-02
 5.01140e-02
 1.59433e-02
 2.18936e-03
 6.52477e-05
 1.25064e-06
 9.80396e-07
 9.79311e-07
 9.79264e-07
 9.79264e-07
 9.79264e-07
 9.79264e-07
 9.79264e-07
 9.79264e-07
 9.79264e-07
 9.79264e-07
 9.79264e-07
 9.79264e-07
 9.79264e-07
 9.79264e-07
 9.79262e-07
 1.03785e-01
 1.03806e-01
 1.03851e-01
 1.03896e-01
 1.03974e-01
 1.04047e-01
 1.04163e-01
 1.04270e-01
 1.04431e-01
 1.04583e-01
 1.04797e-01
 1.05008e-01
 1.05288e-01
 1.05579e-01
 1.05945e-01
 1.06344e-01
 1.06825e-01
 1.07370e-01
 1.08015e-01
 1.08764e-01
 1.09647e-01
 1.10685e-01
 1.11912e-01
 1.13366e-01
 1.15107e-01
 1.17224e-01
 1.19850e-01
 1.23166e-01
 1.27387e-01
 1.32726e-01
 1.39333e-01
 1.47192e-01
 1.55905e-01
 1.64471e-01
 1.70853e-01
 1.72333e-01
 1.62208e-01
 1.40325e-01
 1.04096e-01
 5.98133e-02
 2.21546e-02
 3.97273e-03
 1.91694e-04
 2.36787e-06
 9.82604e-07
 9.79431e-07
 9.79264e-07
 9.79264e-07
 9.79264e-07
 9.79264e-07
 9.79264e-07
 9.79264e-07
 9.79264e-07
 9.79264e-07
 9.79264e-07
 9.79264e-07
 9.79264e-07
 9.79264e-07
 9.79264e-07
 9.79262e-07
 1.04421e-01
 1.04452e-01
 1.04496e-01
 1.04565e-01
 1.04637e-01
 1.04748e-01
 1.04858e-01
 1.05016e-01
 1.05174e-01
 1.05388e-01
 1.05609e-01
 1.05891e-01
 1.06195e-01
 1.06566e-01
 1.06979e-01
 1.07470e-01
 1.08031e-01
 1.08690e-01
 1.09456e-01
 1.10354e-01
 1.11407e-01
 1.12646e-01
 1.14114e-01
 1.15872e-01
 1.18010e-01
 1.20657e-01
 1.23979e-01
 1.28171e-01
 1.33420e-01
 1.39861e-01
 1.47476e-01
 1.55905e-01
 1.64246e-01
 1.70670e-01
 1.72862e-01
 1.64025e-01
 1.44535e-01
 1.10842e-01
 6.77465e-02
 2.81031e-02
 6.13553e-03
 4.33079e-04
 6.10809e-06
 9.92752e-07
 9.79653e-07
 9.79265e-07
 9.79264e-07
 9.79264e-07
 9.79264e-07
 9.79264e-07
 9.79264e-07
 9.79264e-07
 9.79264e-07
 9.79264e-07
 9.79264e-07
 9.79264e-07
 9.79264e-07
 9.79264e-07
 9.79264e-07
 9.79262e-07
 1.05204e-01
 1.05236e-01
 1.05297e-01
 1.05367e-01
 1.05471e-01
 1.05583e-01
 1.05737e-01
 1.05902e-01
 1.06115e-01
 1.06347e-01
 1.06633e-01
 1.06950e-01
 1.07331e-01
 1.07761e-01
 1.08267e-01
 1.08849e-01
 1.09529e-01
 1.10318e-01
 1.11241e-01
 1.12319e-01
 1.13587e-01
 1.15089e-01
 1.16891e-01
 1.19085e-01
 1.21793e-01
 1.25169e-01
 1.29383e-01
 1.34598e-01
 1.40924e-01
 1.48327e-01
 1.56455e-01
 1.64471e-01
 1.70670e-01
 1.73002e-01
 1.64901e-01
 1.46955e-01
 1.15258e-01
 7.35704e-02
 3.31265e-02
 8.35819e-03
 7.88328e-04
 1.50291e-05
 1.02501e-06
 9.79988e-07
 9.79280e-07
 9.79264e-07
 9.79264e-07
 9.79264e-07
 9.79264e-07
 9.79264e-07
 9.79264e-07
 9.79264e-07
 9.79264e-07
 9.79264e-07
 9.79264e-07
 9.79264e-07
 9.79264e-07
 9.79264e-07
 9.79264e-07
 9.79262e-07
 1.06166e-01
 1.06208e-01
 1.06275e-01
 1.06369e-01
 1.06481e-01
 1.06630e-01
 1.06800e-01
 1.07013e-01
 1.07255e-01
 1.07548e-01
 1.07880e-01
 1.08273e-01
 1.08724e-01
 1.09251e-01
 1.09859e-01
 1.10566e-01
 1.11386e-01
 1.12343e-01
 1.13460e-01
 1.14776e-01
 1.16339e-01
 1.18218e-01
 1.20504e-01
 1.23314e-01
 1.26786e-01
 1.31065e-01
 1.36287e-01
 1.42534e-01
 1.49737e-01
 1.57534e-01
 1.65124e-01
 1.70853e-01
 1.72862e-01
 1.64901e-01
 1.47743e-01
 1.17437e-01
 7.71131e-02
 3.67333e-02
 1.02758e-02
 1.19677e-03
 3.05182e-05
 1.10540e-06
 9.80417e-07
 9.79319e-07
 9.79264e-07
 9.79264e-07
 9.79264e-07
 9.79264e-07
 9.79264e-07
 9.79264e-07
 9.79264e-07
 9.79264e-07
 9.79264e-07
 9.79264e-07
 9.79264e-07
 9.79264e-07
 9.79264e-07
 9.79264e-07
 9.79264e-07
 9.79262e-07
 1.07356e-01
 1.07406e-01
 1.07491e-01
 1.07599e-01
 1.07742e-01
 1.07915e-01
 1.08129e-01
 1.08380e-01
 1.08681e-01
 1.09030e-01
 1.09440e-01
 1.09914e-01
 1.10466e-01
 1.11105e-01
 1.11846e-01
 1.12707e-01
 1.13712e-01
 1.14889e-01
 1.16279e-01
 1.17935e-01
 1.19926e-01
 1.22342e-01
 1.25291e-01
 1.28891e-01
 1.33266e-01
 1.38520e-01
 1.44699e-01
 1.51688e-01
 1.59102e-01
 1.66136e-01
 1.71239e-01
 1.72333e-01
 1.64025e-01
 1.46955e-01
 1.17437e-01
 7.83000e-02
 3.86111e-02
 1.15716e-02
 1.55200e-03
 5.00444e-05
 1.25114e-06
 9.80892e-07
 9.79379e-07
 9.79264e-07
 9.79264e-07
 9.79264e-07
 9.79264e-07
 9.79264e-07
 9.79264e-07
 9.79264e-07
 9.79264e-07
 9.79264e-07
 9.79264e-07
 9.79264e-07
 9.79264e-07
 9.79264e-07
 9.79264e-07
 9.79264e-07
 9.79264e-07
 9.79262e-07
 1.08841e-01
 1.08902e-01
 1.09005e-01
 1.09139e-01
 1.09311e-01
 1.09525e-01
 1.09784e-01
 1.10094e-01
 1.10459e-01
 1.10889e-01
 1.11388e-01
 1.11971e-01
 1.12647e-01
 1.13435e-01
 1.14352e-01
 1.15426e-01
 1.16689e-01
 1.18185e-01
 1.19969e-01
 1.22109e-01
 1.24688e-01
 1.27802e-01
 1.31551e-01
 1.36032e-01
 1.41321e-01
 1.47410e-01
 1.54139e-01
 1.61082e-01
 1.67371e-01
 1.71745e-01
 1.71004e-01
 1.62208e-01
 1.44535e-01
 1.15258e-01
 7.71131e-02
 3.86111e-02
 1.20291e-02
 1.75800e-03
 6.68642e-05
 1.43204e-06
 9.81341e-07
 9.79447e-07
 9.79265e-07
 9.79264e-07
 9.79264e-07
 9.79264e-07
 9.79264e-07
 9.79264e-07
 9.79264e-07
 9.79264e-07
 9.79264e-07
 9.79264e-07
 9.79264e-07
 9.79264e-07
 9.79264e-07
 9.79264e-07
 9.79264e-07
 9.79264e-07
 9.79264e-07
 9.79262e-07
 1.10706e-01
 1.10781e-01
 1.10908e-01
 1.11072e-01
 1.11284e-01
 1.11547e-01
 1.11867e-01
 1.12249e-01
 1.12701e-01
 1.13232e-01
 1.13855e-01
 1.14582e-01
 1.15433e-01
 1.16429e-01
 1.17600e-01
 1.18980e-01
 1.20615e-01
 1.22558e-01
 1.24874e-01
 1.27637e-01
 1.30927e-01
 1.34824e-01
 1.39401e-01
 1.44690e-01
 1.50628e-01
 1.57004e-01
 1.63334e-01
 1.68597e-01
 1.71952e-01
 1.68801e-01
 1.59177e-01
 1.40325e-01
 1.10842e-01
 7.35704e-02
 3.67333e-02
 1.15716e-02
 1.75800e-03
 7.35378e-05
 1.56274e-06
 9.81658e-07
 9.79504e-07
 9.79265e-07
 9.79264e-07
 9.79264e-07
 9.79264e-07
 9.79264e-07
 9.79264e-07
 9.79264e-07
 9.79264e-07
 9.79264e-07
 9.79264e-07
 9.79264e-07
 9.79264e-07
 9.79264e-07
 9.79264e-07
 9.79264e-07
 9.79264e-07
 9.79264e-07
 9.79264e-07
 9.79262e-07
 1.13072e-01
 1.13166e-01
 1.13325e-01
 1.13530e-01
 1.13795e-01
 1.14125e-01
 1.14527e-01
 1.15009e-01
 1.15582e-01
 1.16258e-01
 1.17054e-01
 1.17990e-01
 1.19090e-01
 1.20384e-01
 1.21909e-01
 1.23706e-01
 1.25828e-01
 1.28330e-01
 1.31276e-01
 1.34728e-01
 1.38747e-01
 1.43371e-01
 1.48578e-01
 1.54259e-01
 1.60134e-01
 1.65590e-01
 1.69752e-01
 1.71258e-01
 1.65677e-01
 1.54547e-01
 1.34079e-01
 1.04096e-01
 6.77465e-02
 3.31265e-02
 1.02758e-02
 1.55200e-03
 6.68642e-05
 1.56274e-06
 9.81777e-07
 9.79538e-07
 9.79265e-07
 9.79264e-07
 9.79264e-07
 9.79264e-07
 9.79264e-07
 9.79264e-07
 9.79264e-07
 9.79264e-07
 9.79264e-07
 9.79264e-07
 9.79264e-07
 9.79264e-07
 9.79264e-07
 9.79264e-07
 9.79264e-07
 9.79264e-07
 9.79264e-07
 9.79264e-07
 9.79264e-07
 9.79262e-07
 1.16149e-01
 1.16267e-01
 1.16470e-01
 1.16732e-01
 1.17072e-01
 1.17496e-01
 1.18014e-01
 1.18637e-01
 1.19379e-01
 1.20259e-01
 1.21296e-01
 1.22516e-01
 1.23949e-01
 1.25628e-01
 1.27592e-01
 1.29887e-01
 1.32558e-01
 1.35656e-01
 1.39227e-01
 1.43300e-01
 1.47866e-01
 1.52864e-01
 1.58121e-01
 1.63232e-01
 1.67434e-01
 1.70388e-01
 1.68435e-01
 1.61161e-01
 1.47800e-01
 1.25504e-01
 9.49445e-02
 5.98133e-02
 2.81031e-02
 8.35819e-03
 1.19677e-03
 5.00444e-05
 1.43204e-06
 9.81658e-07
 9.79538e-07
 9.79265e-07
 9.79264e-07
 9.79264e-07
 9.79264e-07
 9.79264e-07
 9.79264e-07
 9.79264e-07
 9.79264e-07
 9.79264e-07
 9.79264e-07
 9.79264e-07
 9.79264e-07
 9.79264e-07
 9.79264e-07
 9.79264e-07
 9.79264e-07
 9.79264e-07
 9.79264e-07
 9.79264e-07
 9.79264e-07
 9.79262e-07
 1.20233e-01
 1.20385e-01
 1.20645e-01
 1.20984e-01
 1.21423e-01
 1.21971e-01
 1.22641e-01
 1.23447e-01
 1.24408e-01
 1.25544e-01
 1.26879e-01
 1.28439e-01
 1.30255e-01
 1.32360e-01
 1.34790e-01
 1.37581e-01
 1.40765e-01
 1.44358e-01
 1.48353e-01
 1.52714e-01
 1.57314e-01
 1.61844e-01
 1.65741e-01
 1.68846e-01
 1.69062e-01
 1.63870e-01
 1.54640e-01
 1.38484e-01
 1.14319e-01
 8.34094e-02
 5.01140e-02
 2.21546e-02
 6.13553e-03
 7.88328e-04
 3.05182e-05
 1.25114e-06
 9.81341e-07
 9.79504e-07
 9.79265e-07
 9.79264e-07
 9.79264e-07
 9.79264e-07
 9.79264e-07
 9.79264e-07
 9.79264e-07
 9.79264e-07
 9.79264e-07
 9.79264e-07
 9.79264e-07
 9.79264e-07
 9.79264e-07
 9.79264e-07
 9.79264e-07
 9.79264e-07
 9.79264e-07
 9.79264e-07
 9.79264e-07
 9.79264e-07
 9.79264e-07
 9.79262e-07
 1.25610e-01
 1.25802e-01
 1.26132e-01
 1.26560e-01
 1.27113e-01
 1.27804e-01
 1.28647e-01
 1.29661e-01
 1.30864e-01
 1.32277e-01
 1.33922e-01
 1.35824e-01
 1.38007e-01
 1.40495e-01
 1.43305e-01
 1.46443e-01
 1.49907e-01
 1.53661e-01
 1.57584e-01
 1.61402e-01
 1.64713e-01
 1.67543e-01
 1.68207e-01
 1.64288e-01
 1.57150e-01
 1.45193e-01
 1.26162e-01
 1.00358e-01
 6.97307e-02
 3.92452e-02
 1.59433e-02
 3.97273e-03
 4.33079e-04
 1.50291e-05
 1.10540e-06
 9.80892e-07
 9.79447e-07
 9.79265e-07
 9.79264e-07
 9.79264e-07
 9.79264e-07
 9.79264e-07
 9.79264e-07
 9.79264e-07
 9.79264e-07
 9.79264e-07
 9.79264e-07
 9.79264e-07
 9.79264e-07
 9.79264e-07
 9.79264e-07
 9.79264e-07
 9.79264e-07
 9.79264e-07
 9.79264e-07
 9.79264e-07
 9.79264e-07
 9.79264e-07
 9.79264e-07
 9.79262e-07
 1.32387e-01
 1.32622e-01
 1.33023e-01
 1.33537e-01
 1.34199e-01
 1.35027e-01
 1.36037e-01
 1.37243e-01
 1.38663e-01
 1.40311e-01
 1.42201e-01
 1.44346e-01
 1.46756e-01
 1.49437e-01
 1.52372e-01
 1.55499e-01
 1.58669e-01
 1.61661e-01
 1.64347e-01
 1.66553e-01
 1.66721e-01
 1.63169e-01
 1.57124e-01
 1.47513e-01
 1.32017e-01
 1.10515e-01
 8.37475e-02
 5.45189e-02
 2.81144e-02
 1.02215e-02
 2.18936e-03
 1.91694e-04
 6.10809e-06
 1.02501e-06
 9.80417e-07
 9.79379e-07
 9.79265e-07
 9.79264e-07
 9.79264e-07
 9.79264e-07
 9.79264e-07
 9.79264e-07
 9.79264e-07
 9.79264e-07
 9.79264e-07
 9.79264e-07
 9.79264e-07
 9.79264e-07
 9.79264e-07
 9.79264e-07
 9.79264e-07
 9.79264e-07
 9.79264e-07
 9.79264e-07
 9.79264e-07
 9.79264e-07
 9.79264e-07
 9.79264e-07
 9.79264e-07
 9.79262e-07
 1.40328e-01
 1.40601e-01
 1.41056e-01
 1.41625e-01
 1.42359e-01
 1.43274e-01
 1.44385e-01
 1.45702e-01
 1.47235e-01
 1.48989e-01
 1.50960e-01
 1.53130e-01
 1.55446e-01
 1.57810e-01
 1.60109e-01
 1.62264e-01
 1.64375e-01
 1.65449e-01
 1.64312e-01
 1.60689e-01
 1.55087e-01
 1.46617e-01
 1.33261e-01
 1.14854e-01
 9.16083e-02
 6.51010e-02
 3.88731e-02
 1.78805e-02
 5.61720e-03
 9.63591e-04
 6.52477e-05
 2.36787e-06
 9.92752e-07
 9.79988e-07
 9.79319e-07
 9.79264e-07
 9.79264e-07
 9.79264e-07
 9.79264e-07
 9.79264e-07
 9.79264e-07
 9.79264e-07
 9.79264e-07
 9.79264e-07
 9.79264e-07
 9.79264e-07
 9.79264e-07
 9.79264e-07
 9.79264e-07
 9.79264e-07
 9.79264e-07
 9.79264e-07
 9.79264e-07
 9.79264e-07
 9.79264e-07
 9.79264e-07
 9.79264e-07
 9.79264e-07
 9.79264e-07
 9.79262e-07
 1.48684e-01
 1.48983e-01
 1.49459e-01
 1.50031e-01
 1.50769e-01
 1.51681e-01
 1.52765e-01
 1.54006e-01
 1.55377e-01
 1.56844e-01
 1.58359e-01
 1.59872e-01
 1.61555e-01
 1.62979e-01
 1.63695e-01
 1.63033e-01
 1.60440e-01
 1.56670e-01
 1.51172e-01
 1.42911e-01
 1.30653e-01
 1.14272e-01
 9.37926e-02
 7.01712e-02
 4.57784e-02
 2.43934e-02
 9.70263e-03
 2.50060e-03
 3.16461e-04
 1.65233e-05
 1.25064e-06
 9.82604e-07
 9.79653e-07
 9.79280e-07
 9.79264e-07
 9.79264e-07
 9.79264e-07
 9.79264e-07
 9.79264e-07
 9.79264e-07
 9.79264e-07
 9.79264e-07
 9.79264e-07
 9.79264e-07
 9.79264e-07
 9.79264e-07
 9.79264e-07
 9.79264e-07
 9.79264e-07
 9.79264e-07
 9.79264e-07
 9.79264e-07
 9.79264e-07
 9.79264e-07
 9.79264e-07
 9.79264e-07
 9.79264e-07
 9.79264e-07
 9.79264e-07
 9.79262e-07
 1.55747e-01
 1.56018e-01
 1.56405e-01
 1.56818e-01
 1.57336e-01
 1.57988e-01
 1.58812e-01
 1.59724e-01
 1.60601e-01
 1.61319e-01
 1.61701e-01
 1.61456e-01
 1.60031e-01
 1.57862e-01
 1.54880e-01
 1.50703e-01
 1.44836e-01
 1.36090e-01
 1.24327e-01
 1.09229e-01
 9.08465e-02
 6.98458e-02
 4.79282e-02
 2.78948e-02
 1.28307e-02
 4.21003e-03
 8.12029e-04
 7.32150e-05
 3.53686e-06
 1.01853e-06
 9.80396e-07
 9.79431e-07
 9.79265e-07
 9.79264e-07
 9.79264e-07
 9.79264e-07
 9.79264e-07
 9.79264e-07
 9.79264e-07
 9.79264e-07
 9.79264e-07
 9.79264e-07
 9.79264e-07
 9.79264e-07
 9.79264e-07
 9.79264e-07
 9.79264e-07
 9.79264e-07
 9.79264e-07
 9.79264e-07
 9.79264e-07
 9.79264e-07
 9.79264e-07
 9.79264e-07
 9.79264e-07
 9.79264e-07
 9.79264e-07
 9.79264e-07
 9.79264e-07
 9.79262e-07
 1.58987e-01
 1.59161e-01
 1.59318e-01
 1.59350e-01
 1.59303e-01
 1.59071e-01
 1.58493e-01
 1.57613e-01
 1.56470e-01
 1.54992e-01
 1.52968e-01
 1.50262e-01
 1.46733e-01
 1.41657e-01
 1.34629e-01
 1.25498e-01
 1.13936e-01
 9.97709e-02
 8.31089e-02
 6.45173e-02
 4.53440e-02
 2.76792e-02
 1.38658e-02
 5.26179e-03
 1.31487e-03
 1.73783e-04
 1.14882e-05
 1.25433e-06
 9.84208e-07
 9.79750e-07
 9.79311e-07
 9.79264e-07
 9.79264e-07
 9.79264e-07
 9.79264e-07
 9.79264e-07
 9.79264e-07
 9.79264e-07
 9.79264e-07
 9.79264e-07
 9.79264e-07
 9.79264e-07
 9.79264e-07
 9.79264e-07
 9.79264e-07
 9.79264e-07
 9.79264e-07
 9.79264e-07
 9.79264e-07
 9.79264e-07
 9.79264e-07
 9.79264e-07
 9.79264e-07
 9.79264e-07
 9.79264e-07
 9.79264e-07
 9.79264e-07
 9.79264e-07
 9.79264e-07
 9.79262e-07
 1.50758e-01
 1.50736e-01
 1.50498e-01
 1.49947e-01
 1.49130e-01
 1.48009e-01
 1.46540e-01
 1.44535e-01
 1.41769e-01
 1.38038e-01
 1.33232e-01
 1.27147e-01
 1.19540e-01
 1.10188e-01
 9.89420e-02
 8.57581e-02
 7.08172e-02
 5.47223e-02
 3.85875e-02
 2.39726e-02
 1.25249e-02
 5.14284e-03
 1.48253e-03
 2.49686e-04
 2.28445e-05
 1.88847e-06
 9.99789e-07
 9.80154e-07
 9.79421e-07
 9.79267e-07
 9.79264e-07
 9.79264e-07
 9.79264e-07
 9.79264e-07
 9.79264e-07
 9.79264e-07
 9.79264e-07
 9.79264e-07
 9.79264e-07
 9.79264e-07
 9.79264e-07
 9.79264e-07
 9.79264e-07
 9.79264e-07
 9.79264e-07
 9.79264e-07
 9.79264e-07
 9.79264e-07
 9.79264e-07
 9.79264e-07
 9.79264e-07
 9.79264e-07
 9.79264e-07
 9.79264e-07
 9.79264e-07
 9.79264e-07
 9.79264e-07
 9.79264e-07
 9.79264e-07
 9.79262e-07
 1.32120e-01
 1.31843e-01
 1.31102e-01
 1.29780e-01
 1.27870e-01
 1.25293e-01
 1.21951e-01
 1.17727e-01
 1.12494e-01
 1.06120e-01
 9.84776e-02
 8.94618e-02
 7.90319e-02
 6.72839e-02
 5.45422e-02
 4.14059e-02
 2.87725e-02
 1.77530e-02
 9.34991e-03
 3.94492e-03
 1.20678e-03
 2.31746e-04
 2.64851e-05
 2.45532e-06
 1.02584e-06
 9.80484e-07
 9.79539e-07
 9.79289e-07
 9.79264e-07
 9.79264e-07
 9.79264e-07
 9.79264e-07
 9.79264e-07
 9.79264e-07
 9.79264e-07
 9.79264e-07
 9.79264e-07
 9.79264e-07
 9.79264e-07
 9.79264e-07
 9.79264e-07
 9.79264e-07
 9.79264e-07
 9.79264e-07
 9.79264e-07
 9.79264e-07
 9.79264e-07
 9.79264e-07
 9.79264e-07
 9.79264e-07
 9.79264e-07
 9.79264e-07
 9.79264e-07
 9.79264e-07
 9.79264e-07
 9.79264e-07
 9.79264e-07
 9.79264e-07
 9.79264e-07
 9.79262e-07
 9.90028e-02
 9.84641e-02
 9.72321e-02
 9.51917e-02
 9.23155e-02
 8.85468e-02
 8.38262e-02
 7.81030e-02
 7.13505e-02
 6.35928e-02
 5.49325e-02
 4.55833e-02
 3.59045e-02
 2.64226e-02
 1.77933e-02
 1.06780e-02
 5.48104e-03
 2.27097e-03
 6.83047e-04
 1.38754e-04
 1.81722e-05
 2.21613e-06
 1.03155e-06
 9.80548e-07
 9.79594e-07
 9.79313e-07
 9.79264e-07
 9.79264e-07
 9.79264e-07
 9.79264e-07
 9.79264e-07
 9.79264e-07
 9.79264e-07
 9.79264e-07
 9.79264e-07
 9.79264e-07
 9.79264e-07
 9.79264e-07
 9.79264e-07
 9.79264e-07
 9.79264e-07
 9.79264e-07
 9.79264e-07
 9.79264e-07
 9.79264e-07
 9.79264e-07
 9.79264e-07
 9.79264e-07
 9.79264e-07
 9.79264e-07
 9.79264e-07
 9.79264e-07
 9.79264e-07
 9.79264e-07
 9.79264e-07
 9.79264e-07
 9.79264e-07
 9.79264e-07
 9.79264e-07
 9.79262e-07
 5.67515e-02
 5.60945e-02
 5.46807e-02
 5.24420e-02
 4.93816e-02
 4.55230e-02
 4.09248e-02
 3.56942e-02
 2.99996e-02
 2.40806e-02
 1.82470e-02
 1.28607e-02
 8.26260e-03
 4.69444e-03
 2.26750e-03
 8.65695e-04
 2.45915e-04
 5.01130e-05
 7.39397e-06
 1.50903e-06
 1.00770e-06
 9.80295e-07
 9.79551e-07
 9.79315e-07
 9.79265e-07
 9.79264e-07
 9.79264e-07
 9.79264e-07
 9.79264e-07
 9.79264e-07
 9.79264e-07
 9.79264e-07
 9.79264e-07
 9.79264e-07
 9.79264e-07
 9.79264e-07
 9.79264e-07
 9.79264e-07
 9.79264e-07
 9.79264e-07
 9.79264e-07
 9.79264e-07
 9.79264e-07
 9.79264e-07
 9.79264e-07
 9.79264e-07
 9.79264e-07
 9.79264e-07
 9.79264e-07
 9.79264e-07
 9.79264e-07
 9.79264e-07
 9.79264e-07
 9.79264e-07
 9.79264e-07
 9.79264e-07
 9.79264e-07
 9.79264e-07
 9.79264e-07
 9.79262e-07
 1.97507e-02
 1.92986e-02
 1.83650e-02
 1.69555e-02
 1.51278e-02
 1.29762e-02
 1.06301e-02
 8.23546e-03
 5.95905e-03
 3.96284e-03
 2.36796e-03
 1.22598e-03
 5.21916e-04
 1.79610e-04
 4.80445e-05
 9.91782e-06
 2.16738e-06
 1.08747e-06
 9.86826e-07
 9.79881e-07
 9.79444e-07
 9.79295e-07
 9.79264e-07
 9.79264e-07
 9.79264e-07
 9.79264e-07
 9.79264e-07
 9.79264e-07
 9.79264e-07
 9.79264e-07
 9.79264e-07
 9.79264e-07
 9.79264e-07
 9.79264e-07
 9.79264e-07
 9.79264e-07
 9.79264e-07
 9.79264e-07
 9.79264e-07
 9.79264e-07
 9.79264e-07
 9.79264e-07
 9.79264e-07
 9.79264e-07
 9.79264e-07
 9.79264e-07
 9.79264e-07
 9.79264e-07
 9.79264e-07
 9.79264e-07
 9.79264e-07
 9.79264e-07
 9.79264e-07
 9.79264e-07
 9.79264e-07
 9.79264e-07
 9.79264e-07
 9.79264e-07
 9.79264e-07
 9.79262e-07
 2.74983e-03
 2.62973e-03
 2.39303e-03
 2.05806e-03
 1.65867e-03
 1.23737e-03
 8.38710e-04
 5.10199e-04
 2.74258e-04
 1.27380e-04
 4.98456e-05
 1.61639e-05
 4.65344e-06
 1.65625e-06
 1.07206e-06
 9.89257e-07
 9.79984e-07
 9.79523e-07
 9.79336e-07
 9.79272e-07
 9.79264e-07
 9.79264e-07
 9.79264e-07
 9.79264e-07
 9.79264e-07
 9.79264e-07
 9.79264e-07
 9.79264e-07
 9.79264e-07
 9.79264e-07
 9.79264e-07
 9.79264e-07
 9.79264e-07
 9.79264e-07
 9.79264e-07
 9.79264e-07
 9.79264e-07
 9.79264e-07
 9.79264e-07
 9.79264e-07
 9.79264e-07
 9.79264e-07
 9.79264e-07
 9.79264e-07
 9.79264e-07
 9.79264e-07
 9.79264e-07
 9.79264e-07
 9.79264e-07
 9.79264e-07
 9.79264e-07
 9.79264e-07
 9.79264e-07
 9.79264e-07
 9.79264e-07
 9.79264e-07
 9.79264e-07
 9.79264e-07
 9.79264e-07
 9.79262e-07
 6.30773e-05
 5.80290e-05
 4.88214e-05
 3.72380e-05
 2.55120e-05
 1.55793e-05
 8.50070e-06
 4.28354e-06
 2.19376e-06
 1.34499e-06
 1.06792e-06
 9.96705e-07
 9.82317e-07
 9.79726e-07
 9.79454e-07
 9.79326e-07
 9.79275e-07
 9.79264e-07
 9.79264e-07
 9.79264e-07
 9.79264e-07
 9.79264e-07
 9.79264e-07
 9.79264e-07
 9.79264e-07
 9.79264e-07
 9.79264e-07
 9.79264e-07
 9.79264e-07
 9.79264e-07
 9.79264e-07
 9.79264e-07
 9.79264e-07
 9.79264e-07
 9.79264e-07
 9.79264e-07
 9.79264e-07
 9.79264e-07
 9.79264e-07
 9.79264e-07
 9.79264e-07
 9.79264e-07
 9.79264e-07
 9.79264e-07
 9.79264e-07
 9.79264e-07
 9.79264e-07
 9.79264e-07
 9.79264e-07
 9.79264e-07
 9.79264e-07
 9.79264e-07
 9.79264e-07
 9.79264e-07
 9.79264e-07
 9.79264e-07
 9.79264e-07
 9.79264e-07
 9.79264e-07
 9.79262e-07
 1.09372e-06
 1.07990e-06
 1.05670e-06
 1.03096e-06
 1.00893e-06
 9.93844e-07
 9.85450e-07
 9.81587e-07
 9.79746e-07
 9.79543e-07
 9.79406e-07
 9.79323e-07
 9.79283e-07
 9.79266e-07
 9.79264e-07
 9.79264e-07
 9.79264e-07
 9.79264e-07
 9.79264e-07
 9.79264e-07
 9.79264e-07
 9.79264e-07
 9.79264e-07
 9.79264e-07
 9.79264e-07
 9.79264e-07
 9.79264e-07
 9.79264e-07
 9.79264e-07
 9.79264e-07
 9.79264e-07
 9.79264e-07
 9.79264e-07
 9.79264e-07
 9.79264e-07
 9.79264e-07
 9.79264e-07
 9.79264e-07
 9.79264e-07
 9.79264e-07
 9.79264e-07
 9.79264e-07
 9.79264e-07
 9.79264e-07
 9.79264e-07
 9.79264e-07
 9.79264e-07
 9.79264e-07
 9.79264e-07
 9.79264e-07
 9.79264e-07
 9.79264e-07
 9.79264e-07
 9.79264e-07
 9.79264e-07
 9.79264e-07
 9.79264e-07
 9.79264e-07
 9.79264e-07
 9.79262e-07
 9.79389e-07
 9.79381e-07
 9.79364e-07
 9.79343e-07
 9.79320e-07
 9.79299e-07
 9.79282e-07
 9.79271e-07
 9.79266e-07
 9.79264e-07
 9.79264e-07
 9.79264e-07
 9.79264e-07
 9.79264e-07
 9.79264e-07
 9.79264e-07
 9.79264e-07
 9.79264e-07
 9.79264e-07
 9.79264e-07
 9.79264e-07
 9.79264e-07
 9.79264e-07
 9.79264e-07
 9.79264e-07
 9.79264e-07
 9.79264e-07
 9.79264e-07
 9.79264e-07
 9.79264e-07
 9.79264e-07
 9.79264e-07
 9.79264e-07
 9.79264e-07
 9.79264e-07
 9.79264e-07
 9.79264e-07
 9.79264e-07
 9.79264e-07
 9.79264e-07
 9.79264e-07
 9.79264e-07
 9.79264e-07
 9.79264e-07
 9.79264e-07
 9.79264e-07
 9.79264e-07
 9.79264e-07
 9.79264e-07
 9.79264e-07
 9.79264e-07
 9.79264e-07
 9.79264e-07
 9.79264e-07
 9.79264e-07
 9.79264e-07
 9.79264e-07
 9.79264e-07
 9.79264e-07
 9.79262e-07
 9.79264e-07
 9.79264e-07
 9.79264e-07
 9.79264e-07
 9.79264e-07
 9.79264e-07
 9.79264e-07
 9.79264e-07
 9.79264e-07
 9.79264e-07
 9.79264e-07
 9.79264e-07
 9.79264e-07
 9.79264e-07
 9.79264e-07
 9.79264e-07
 9.79264e-07
 9.79264e-07
 9.79264e-07
 9.79264e-07
 9.79264e-07
 9.79264e-07
 9.79264e-07
 9.79264e-07
 9.79264e-07
 9.79264e-07
 9.79264e-07
 9.79264e-07
 9.79264e-07
 9.79264e-07
 9.79264e-07
 9.79264e-07
 9.79264e-07
 9.79264e-07
 9.79264e-07
 9.79264e-07
 9.79264e-07
 9.79264e-07
 9.79264e-07
 9.79264e-07
 9.79264e-07
 9.79264e-07
 9.79264e-07
 9.79264e-07
 9.79264e-07
 9.79264e-07
 9.79264e-07
 9.79264e-07
 9.79264e-07
 9.79264e-07
 9.79264e-07
 9.79264e-07
 9.79264e-07
 9.79264e-07
 9.79264e-07
 9.79264e-07
 9.79264e-07
 9.79264e-07
 9.79264e-07
 9.79262e-07
 9.79264e-07
 9.79264e-07
 9.79264e-07
 9.79264e-07
 9.79264e-07
 9.79264e-07
 9.79264e-07
 9.79264e-07
 9.79264e-07
 9.79264e-07
 9.79264e-07
 9.79264e-07
 9.79264e-07
 9.79264e-07
 9.79264e-07
 9.79264e-07
 9.79264e-07
 9.79264e-07
 9.79264e-07
 9.79264e-07
 9.79264e-07
 9.79264e-07
 9.79264e-07
 9.79264e-07
 9.79264e-07
 9.79264e-07
 9.79264e-07
 9.79264e-07
 9.79264e-07
 9.79264e-07
 9.79264e-07
 9.79264e-07
 9.79264e-07
 9.79264e-07
 9.79264e-07
 9.79264e-07
 9.79264e-07
 9.79264e-07
 9.79264e-07
 9.79264e-07
 9.79264e-07
 9.79264e-07
 9.79264e-07
 9.79264e-07
 9.79264e-07
 9.79264e-07
 9.79264e-07
 9.79264e-07
 9.79264e-07
 9.79264e-07
 9.79264e-07
 9.79264e-07
 9.79264e-07
 9.79264e-07
 9.79264e-07
 9.79264e-07
 9.79264e-07
 9.79264e-07
 9.79264e-07
 9.79262e-07
 9.79264e-07
 9.79264e-07
 9.79264e-07
 9.79264e-07
 9.79264e-07
 9.79264e-07
 9.79264e-07
 9.79264e-07
 9.79264e-07
 9.79264e-07
 9.79264e-07
 9.79264e-07
 9.79264e-07
 9.79264e-07
 9.79264e-07
 9.79264e-07
 9.79264e-07
 9.79264e-07
 9.79264e-07
 9.79264e-07
 9.79264e-07
 9.79264e-07
 9.79264e-07
 9.79264e-07
 9.79264e-07
 9.79264e-07
 9.79264e-07
 9.79264e-07
 9.79264e-07
 9.79264e-07
 9.79264e-07
 9.79264e-07
 9.79264e-07
 9.79264e-07
 9.79264e-07
 9.79264e-07
 9.79264e-07
 9.79264e-07
 9.79264e-07
 9.79264e-07
 9.79264e-07
 9.79264e-07
 9.79264e-07
 9.79264e-07
 9.79264e-07
 9.79264e-07
 9.79264e-07
 9.79264e-07
 9.79264e-07
 9.79264e-07
 9.79264e-07
 9.79264e-07
 9.79264e-07
 9.79264e-07
 9.79264e-07
 9.79264e-07
 9.79264e-07
 9.79264e-07
 9.79264e-07
 9.79262e-07
 9.79262e-07
 9.79262e-07
 9.79262e-07
 9.79262e-07
 9.79262e-07
 9.79262e-07
 9.79262e-07
 9.79262e-07
 9.79262e-07
 9.79262e-07
 9.79262e-07
 9.79262e-07
 9.79262e-07
 9.79262e-07
 9.79262e-07
 9.79262e-07
 9.79262e-07
 9.79262e-07
 9.79262e-07
 9.79262e-07
 9.79262e-07
 9.79262e-07
 9.79262e-07
 9.79262e-07
 9.79262e-07
 9.79262e-07
 9.79262e-07
 9.79262e-07
 9.79262e-07
 9.79262e-07
 9.79262e-07
 9.79262e-07
 9.79262e-07
 9.79262e-07
 9.79262e-07
 9.79262e-07
 9.79262e-07
 9.79262e-07
 9.79262e-07
 9.79262e-07
 9.79262e-07
 9.79262e-07
 9.79262e-07
 9.79262e-07
 9.79262e-07
 9.79262e-07
 9.79262e-07
 9.79262e-07
 9.79262e-07
 9.79262e-07
 9.79262e-07
 9.79262e-07
 9.79262e-07
 9.79262e-07
 9.79262e-07
 9.79262e-07
 9.79262e-07
 9.79262e-07
 9.79262e-07
 9.79261e-07
