Pressure
part
         1
quad4
 6.03592e-01
 6.02541e-01
 6.02126e-01
 6.01270e-01
 6.01613e-01
 6.05876e-01
 6.07170e-01
 6.11012e-01
 6.10446e-01
 6.21285e-01
 6.27820e-01
 6.44155e-01
 6.63120e-01
 7.03789e-01
 7.74677e-01
 8.70151e-01
 9.61817e-01
 9.75051e-01
 7.90339e-01
 4.64052e-01
 1.38946e-01
 1.33888e-02
 1.60760e-04
 1.14197e-06
 9.79326e-07
 9.79264e-07
 9.79264e-07
 9.79264e-07
 9.79264e-07
 9.79264e-07
 9.79264e-07
 9.79264e-07
 9.79264e-07
 9.79264e-07
 9.79264e-07
 9.79264e-07
 9.79264e-07
 9.79264e-07
 9.79264e-07
 9.79264e-07
 9.79264e-07
 9.79264e-07
 9.79264e-07
 9.79264e-07
 9.79264e-07
 9.79264e-07
 9.79264e-07
 9.79264e-07
 9.79264e-07
 9.79264e-07
 9.79264e-07
 9.79264e-07
 9.79264e-07
 9.79264e-07
 9.79264e-07
 9.79264e-07
 9.79264e-07
 9.79264e-07
 9.79264e-07
 9.79264e-07
 6.02541e-01
 5.99600e-01
 6.00199e-01
 6.01192e-01
 6.03015e-01
 6.05386e-01
 6.05864e-01
 6.10109e-01
 6.14749e-01
 6.20445e-01
 6.30243e-01
 6.45332e-01
 6.65138e-01
 7.07738e-01
 7.81643e-01
 8.79708e-01
 9.70948e-01
 9.73991e-01
 7.84232e-01
 4.51229e-01
 1.30765e-01
 1.18712e-02
 1.29962e-04
 1.10005e-06
 9.79316e-07
 9.79264e-07
 9.79264e-07
 9.79264e-07
 9.79264e-07
 9.79264e-07
 9.79264e-07
 9.79264e-07
 9.79264e-07
 9.79264e-07
 9.79264e-07
 9.79264e-07
 9.79264e-07
 9.79264e-07
 9.79264e-07
 9.79264e-07
 9.79264e-07
 9.79264e-07
 9.79264e-07
 9.79264e-07
 9.79264e-07
 9.79264e-07
 9.79264e-07
 9.79264e-07
 9.79264e-07
 9.79264e-07
 9.79264e-07
 9.79264e-07
 9.79264e-07
 9.79264e-07
 9.79264e-07
 9.79264e-07
 9.79264e-07
 9.79264e-07
 9.79264e-07
 9.79264e-07
 6.02126e-01
 6.00199e-01
 6.02289e-01
 6.02642e-01
 6.05722e-01
 6.07374e-01
 6.07870e-01
 6.10788e-01
 6.17216e-01
 6.21134e-01
 6.32929e-01
 6.48042e-01
 6.69138e-01
 7.16730e-01
 7.95117e-01
 8.96469e-01
 9.86461e-01
 9.67696e-01
 7.66894e-01
 4.20437e-01
 1.12829e-01
 8.88786e-03
 8.01744e-05
 1.04267e-06
 9.79297e-07
 9.79264e-07
 9.79264e-07
 9.79264e-07
 9.79264e-07
 9.79264e-07
 9.79264e-07
 9.79264e-07
 9.79264e-07
 9.79264e-07
 9.79264e-07
 9.79264e-07
 9.79264e-07
 9.79264e-07
 9.79264e-07
 9.79264e-07
 9.79264e-07
 9.79264e-07
 9.79264e-07
 9.79264e-07
 9.79264e-07
 9.79264e-07
 9.79264e-07
 9.79264e-07
 9.79264e-07
 9.79264e-07
 9.79264e-07
 9.79264e-07
 9.79264e-07
 9.79264e-07
 9.79264e-07
 9.79264e-07
 9.79264e-07
 9.79264e-07
 9.79264e-07
 9.79264e-07
 6.01270e-01
 6.01192e-01
 6.02642e-01
 6.05616e-01
 6.06866e-01
 6.07044e-01
 6.08503e-01
 6.11578e-01
 6.17873e-01
 6.22989e-01
 6.37180e-01
 6.51102e-01
 6.76194e-01
 7.29105e-01
 8.13610e-01
 9.18797e-01
 1.00536e+00
 9.53493e-01
 7.30957e-01
 3.68307e-01
 8.64609e-02
 5.29695e-03
 3.55333e-05
 1.00147e-06
 9.79281e-07
 9.79264e-07
 9.79264e-07
 9.79264e-07
 9.79264e-07
 9.79264e-07
 9.79264e-07
 9.79264e-07
 9.79264e-07
 9.79264e-07
 9.79264e-07
 9.79264e-07
 9.79264e-07
 9.79264e-07
 9.79264e-07
 9.79264e-07
 9.79264e-07
 9.79264e-07
 9.79264e-07
 9.79264e-07
 9.79264e-07
 9.79264e-07
 9.79264e-07
 9.79264e-07
 9.79264e-07
 9.79264e-07
 9.79264e-07
 9.79264e-07
 9.79264e-07
 9.79264e-07
 9.79264e-07
 9.79264e-07
 9.79264e-07
 9.79264e-07
 9.79264e-07
 9.79264e-07
 6.01613e-01
 6.03015e-01
 6.05722e-01
 6.06866e-01
 6.06638e-01
 6.08126e-01
 6.10060e-01
 6.15379e-01
 6.18673e-01
 6.28030e-01
 6.41361e-01
 6.56681e-01
 6.86192e-01
 7.47900e-01
 8.40466e-01
 9.49132e-01
 1.02561e+00
 9.28766e-01
 6.69773e-01
 2.97047e-01
 5.68800e-02
 2.39665e-03
 1.11113e-05
 9.83775e-07
 9.79270e-07
 9.79264e-07
 9.79264e-07
 9.79264e-07
 9.79264e-07
 9.79264e-07
 9.79264e-07
 9.79264e-07
 9.79264e-07
 9.79264e-07
 9.79264e-07
 9.79264e-07
 9.79264e-07
 9.79264e-07
 9.79264e-07
 9.79264e-07
 9.79264e-07
 9.79264e-07
 9.79264e-07
 9.79264e-07
 9.79264e-07
 9.79264e-07
 9.79264e-07
 9.79264e-07
 9.79264e-07
 9.79264e-07
 9.79264e-07
 9.79264e-07
 9.79264e-07
 9.79264e-07
 9.79264e-07
 9.79264e-07
 9.79264e-07
 9.79264e-07
 9.79264e-07
 9.79264e-07
 6.05876e-01
 6.05386e-01
 6.07374e-01
 6.07044e-01
 6.08126e-01
 6.09354e-01
 6.13641e-01
 6.17723e-01
 6.22900e-01
 6.34329e-01
 6.47792e-01
 6.63524e-01
 7.02454e-01
 7.75206e-01
 8.77950e-01
 9.86129e-01
 1.03851e+00
 8.85283e-01
 5.79042e-01
 2.13609e-01
 3.05333e-02
 7.67605e-04
 2.86411e-06
 9.79603e-07
 9.79265e-07
 9.79264e-07
 9.79264e-07
 9.79264e-07
 9.79264e-07
 9.79264e-07
 9.79264e-07
 9.79264e-07
 9.79264e-07
 9.79264e-07
 9.79264e-07
 9.79264e-07
 9.79264e-07
 9.79264e-07
 9.79264e-07
 9.79264e-07
 9.79264e-07
 9.79264e-07
 9.79264e-07
 9.79264e-07
 9.79264e-07
 9.79264e-07
 9.79264e-07
 9.79264e-07
 9.79264e-07
 9.79264e-07
 9.79264e-07
 9.79264e-07
 9.79264e-07
 9.79264e-07
 9.79264e-07
 9.79264e-07
 9.79264e-07
 9.79264e-07
 9.79264e-07
 9.79264e-07
 6.07170e-01
 6.05864e-01
 6.07870e-01
 6.08503e-01
 6.10060e-01
 6.13641e-01
 6.17294e-01
 6.21131e-01
 6.29146e-01
 6.42592e-01
 6.53562e-01
 6.76317e-01
 7.27561e-01
 8.14451e-01
 9.27438e-01
 1.02828e+00
 1.02397e+00
 8.15363e-01
 4.57691e-01
 1.30683e-01
 1.22145e-02
 1.57457e-04
 1.19418e-06
 9.79398e-07
 9.79264e-07
 9.79264e-07
 9.79264e-07
 9.79264e-07
 9.79264e-07
 9.79264e-07
 9.79264e-07
 9.79264e-07
 9.79264e-07
 9.79264e-07
 9.79264e-07
 9.79264e-07
 9.79264e-07
 9.79264e-07
 9.79264e-07
 9.79264e-07
 9.79264e-07
 9.79264e-07
 9.79264e-07
 9.79264e-07
 9.79264e-07
 9.79264e-07
 9.79264e-07
 9.79264e-07
 9.79264e-07
 9.79264e-07
 9.79264e-07
 9.79264e-07
 9.79264e-07
 9.79264e-07
 9.79264e-07
 9.79264e-07
 9.79264e-07
 9.79264e-07
 9.79264e-07
 9.79264e-07
 6.11012e-01
 6.10109e-01
 6.10788e-01
 6.11578e-01
 6.15379e-01
 6.17723e-01
 6.21131e-01
 6.27213e-01
 6.39591e-01
 6.49857e-01
 6.64135e-01
 6.97531e-01
 7.66592e-01
 8.68991e-01
 9.87100e-01
 1.06863e+00
 9.72618e-01
 7.00992e-01
 3.14547e-01
 6.33172e-02
 3.13172e-03
 1.93548e-05
 9.94615e-07
 9.79306e-07
 9.79264e-07
 9.79264e-07
 9.79264e-07
 9.79264e-07
 9.79264e-07
 9.79264e-07
 9.79264e-07
 9.79264e-07
 9.79264e-07
 9.79264e-07
 9.79264e-07
 9.79264e-07
 9.79264e-07
 9.79264e-07
 9.79264e-07
 9.79264e-07
 9.79264e-07
 9.79264e-07
 9.79264e-07
 9.79264e-07
 9.79264e-07
 9.79264e-07
 9.79264e-07
 9.79264e-07
 9.79264e-07
 9.79264e-07
 9.79264e-07
 9.79264e-07
 9.79264e-07
 9.79264e-07
 9.79264e-07
 9.79264e-07
 9.79264e-07
 9.79264e-07
 9.79264e-07
 9.79264e-07
 6.10446e-01
 6.14749e-01
 6.17216e-01
 6.17873e-01
 6.18673e-01
 6.22900e-01
 6.29146e-01
 6.39591e-01
 6.49078e-01
 6.59944e-01
 6.81947e-01
 7.35495e-01
 8.24307e-01
 9.40802e-01
 1.04861e+00
 1.07379e+00
 8.80246e-01
 5.32261e-01
 1.75003e-01
 2.16117e-02
 4.63503e-04
 2.14669e-06
 9.79726e-07
 9.79268e-07
 9.79264e-07
 9.79264e-07
 9.79264e-07
 9.79264e-07
 9.79264e-07
 9.79264e-07
 9.79264e-07
 9.79264e-07
 9.79264e-07
 9.79264e-07
 9.79264e-07
 9.79264e-07
 9.79264e-07
 9.79264e-07
 9.79264e-07
 9.79264e-07
 9.79264e-07
 9.79264e-07
 9.79264e-07
 9.79264e-07
 9.79264e-07
 9.79264e-07
 9.79264e-07
 9.79264e-07
 9.79264e-07
 9.79264e-07
 9.79264e-07
 9.79264e-07
 9.79264e-07
 9.79264e-07
 9.79264e-07
 9.79264e-07
 9.79264e-07
 9.79264e-07
 9.79264e-07
 9.79264e-07
 6.21285e-01
 6.20445e-01
 6.21134e-01
 6.22989e-01
 6.28030e-01
 6.34329e-01
 6.42592e-01
 6.49857e-01
 6.59944e-01
 6.77232e-01
 7.20432e-01
 7.96706e-01
 9.04762e-01
 1.02383e+00
 1.10241e+00
 1.00262e+00
 7.24629e-01
 3.32120e-01
 7.11287e-02
 4.16497e-03
 3.39093e-05
 1.02353e-06
 9.79387e-07
 9.79264e-07
 9.79264e-07
 9.79264e-07
 9.79264e-07
 9.79264e-07
 9.79264e-07
 9.79264e-07
 9.79264e-07
 9.79264e-07
 9.79264e-07
 9.79264e-07
 9.79264e-07
 9.79264e-07
 9.79264e-07
 9.79264e-07
 9.79264e-07
 9.79264e-07
 9.79264e-07
 9.79264e-07
 9.79264e-07
 9.79264e-07
 9.79264e-07
 9.79264e-07
 9.79264e-07
 9.79264e-07
 9.79264e-07
 9.79264e-07
 9.79264e-07
 9.79264e-07
 9.79264e-07
 9.79264e-07
 9.79264e-07
 9.79264e-07
 9.79264e-07
 9.79264e-07
 9.79264e-07
 9.79264e-07
 6.27820e-01
 6.30243e-01
 6.32929e-01
 6.37180e-01
 6.41361e-01
 6.47792e-01
 6.53562e-01
 6.64135e-01
 6.81947e-01
 7.20432e-01
 7.87405e-01
 8.85664e-01
 1.00265e+00
 1.09779e+00
 1.07767e+00
 8.63733e-01
 4.92774e-01
 1.52517e-01
 1.77698e-02
 3.72454e-04
 2.05338e-06
 9.79942e-07
 9.79276e-07
 9.79264e-07
 9.79264e-07
 9.79264e-07
 9.79264e-07
 9.79264e-07
 9.79264e-07
 9.79264e-07
 9.79264e-07
 9.79264e-07
 9.79264e-07
 9.79264e-07
 9.79264e-07
 9.79264e-07
 9.79264e-07
 9.79264e-07
 9.79264e-07
 9.79264e-07
 9.79264e-07
 9.79264e-07
 9.79264e-07
 9.79264e-07
 9.79264e-07
 9.79264e-07
 9.79264e-07
 9.79264e-07
 9.79264e-07
 9.79264e-07
 9.79264e-07
 9.79264e-07
 9.79264e-07
 9.79264e-07
 9.79264e-07
 9.79264e-07
 9.79264e-07
 9.79264e-07
 9.79264e-07
 9.79264e-07
 6.44155e-01
 6.45332e-01
 6.48042e-01
 6.51102e-01
 6.56681e-01
 6.63524e-01
 6.76317e-01
 6.97531e-01
 7.35495e-01
 7.96706e-01
 8.85664e-01
 9.94701e-01
 1.09164e+00
 1.11810e+00
 9.49660e-01
 6.21932e-01
 2.47028e-01
 4.40497e-02
 1.97213e-03
 1.36302e-05
 9.99187e-07
 9.79395e-07
 9.79264e-07
 9.79264e-07
 9.79264e-07
 9.79264e-07
 9.79264e-07
 9.79264e-07
 9.79264e-07
 9.79264e-07
 9.79264e-07
 9.79264e-07
 9.79264e-07
 9.79264e-07
 9.79264e-07
 9.79264e-07
 9.79264e-07
 9.79264e-07
 9.79264e-07
 9.79264e-07
 9.79264e-07
 9.79264e-07
 9.79264e-07
 9.79264e-07
 9.79264e-07
 9.79264e-07
 9.79264e-07
 9.79264e-07
 9.79264e-07
 9.79264e-07
 9.79264e-07
 9.79264e-07
 9.79264e-07
 9.79264e-07
 9.79264e-07
 9.79264e-07
 9.79264e-07
 9.79264e-07
 9.79264e-07
 9.79264e-07
 6.63120e-01
 6.65138e-01
 6.69138e-01
 6.76194e-01
 6.86192e-01
 7.02454e-01
 7.27561e-01
 7.66592e-01
 8.24307e-01
 9.04762e-01
 1.00265e+00
 1.09164e+00
 1.12746e+00
 9.89498e-01
 7.02775e-01
 3.27615e-01
 7.71926e-02
 5.90866e-03
 7.57971e-05
 1.17720e-06
 9.79735e-07
 9.79268e-07
 9.79264e-07
 9.79264e-07
 9.79264e-07
 9.79264e-07
 9.79264e-07
 9.79264e-07
 9.79264e-07
 9.79264e-07
 9.79264e-07
 9.79264e-07
 9.79264e-07
 9.79264e-07
 9.79264e-07
 9.79264e-07
 9.79264e-07
 9.79264e-07
 9.79264e-07
 9.79264e-07
 9.79264e-07
 9.79264e-07
 9.79264e-07
 9.79264e-07
 9.79264e-07
 9.79264e-07
 9.79264e-07
 9.79264e-07
 9.79264e-07
 9.79264e-07
 9.79264e-07
 9.79264e-07
 9.79264e-07
 9.79264e-07
 9.79264e-07
 9.79264e-07
 9.79264e-07
 9.79264e-07
 9.79264e-07
 9.79264e-07
 7.03789e-01
 7.07738e-01
 7.16730e-01
 7.29105e-01
 7.47900e-01
 7.75206e-01
 8.14451e-01
 8.68991e-01
 9.40802e-01
 1.02383e+00
 1.09779e+00
 1.11810e+00
 9.89498e-01
 7.30107e-01
 3.73068e-01
 1.04854e-01
 1.14277e-02
 2.44736e-04
 1.93697e-06
 9.80458e-07
 9.79313e-07
 9.79264e-07
 9.79264e-07
 9.79264e-07
 9.79264e-07
 9.79264e-07
 9.79264e-07
 9.79264e-07
 9.79264e-07
 9.79264e-07
 9.79264e-07
 9.79264e-07
 9.79264e-07
 9.79264e-07
 9.79264e-07
 9.79264e-07
 9.79264e-07
 9.79264e-07
 9.79264e-07
 9.79264e-07
 9.79264e-07
 9.79264e-07
 9.79264e-07
 9.79264e-07
 9.79264e-07
 9.79264e-07
 9.79264e-07
 9.79264e-07
 9.79264e-07
 9.79264e-07
 9.79264e-07
 9.79264e-07
 9.79264e-07
 9.79264e-07
 9.79264e-07
 9.79264e-07
 9.79264e-07
 9.79264e-07
 9.79264e-07
 9.79264e-07
 7.74677e-01
 7.81643e-01
 7.95117e-01
 8.13610e-01
 8.40466e-01
 8.77950e-01
 9.27438e-01
 9.87100e-01
 1.04861e+00
 1.10241e+00
 1.07767e+00
 9.49660e-01
 7.02775e-01
 3.73068e-01
 1.15584e-01
 1.54857e-02
 4.77614e-04
 3.69157e-06
 9.81673e-07
 9.79405e-07
 9.79264e-07
 9.79264e-07
 9.79264e-07
 9.79264e-07
 9.79264e-07
 9.79264e-07
 9.79264e-07
 9.79264e-07
 9.79264e-07
 9.79264e-07
 9.79264e-07
 9.79264e-07
 9.79264e-07
 9.79264e-07
 9.79264e-07
 9.79264e-07
 9.79264e-07
 9.79264e-07
 9.79264e-07
 9.79264e-07
 9.79264e-07
 9.79264e-07
 9.79264e-07
 9.79264e-07
 9.79264e-07
 9.79264e-07
 9.79264e-07
 9.79264e-07
 9.79264e-07
 9.79264e-07
 9.79264e-07
 9.79264e-07
 9.79264e-07
 9.79264e-07
 9.79264e-07
 9.79264e-07
 9.79264e-07
 9.79264e-07
 9.79264e-07
 9.79264e-07
 8.70151e-01
 8.79708e-01
 8.96469e-01
 9.18797e-01
 9.49132e-01
 9.86129e-01
 1.02828e+00
 1.06863e+00
 1.07379e+00
 1.00262e+00
 8.63733e-01
 6.21932e-01
 3.27615e-01
 1.04854e-01
 1.54857e-02
 5.93115e-04
 5.52076e-06
 9.86454e-07
 9.79521e-07
 9.79265e-07
 9.79264e-07
 9.79264e-07
 9.79264e-07
 9.79264e-07
 9.79264e-07
 9.79264e-07
 9.79264e-07
 9.79264e-07
 9.79264e-07
 9.79264e-07
 9.79264e-07
 9.79264e-07
 9.79264e-07
 9.79264e-07
 9.79264e-07
 9.79264e-07
 9.79264e-07
 9.79264e-07
 9.79264e-07
 9.79264e-07
 9.79264e-07
 9.79264e-07
 9.79264e-07
 9.79264e-07
 9.79264e-07
 9.79264e-07
 9.79264e-07
 9.79264e-07
 9.79264e-07
 9.79264e-07
 9.79264e-07
 9.79264e-07
 9.79264e-07
 9.79264e-07
 9.79264e-07
 9.79264e-07
 9.79264e-07
 9.79264e-07
 9.79264e-07
 9.79264e-07
 9.61817e-01
 9.70948e-01
 9.86461e-01
 1.00536e+00
 1.02561e+00
 1.03851e+00
 1.02397e+00
 9.72618e-01
 8.80246e-01
 7.24629e-01
 4.92774e-01
 2.47028e-01
 7.71926e-02
 1.14277e-02
 4.77614e-04
 5.52076e-06
 9.94399e-07
 9.79598e-07
 9.79265e-07
 9.79264e-07
 9.79264e-07
 9.79264e-07
 9.79264e-07
 9.79264e-07
 9.79264e-07
 9.79264e-07
 9.79264e-07
 9.79264e-07
 9.79264e-07
 9.79264e-07
 9.79264e-07
 9.79264e-07
 9.79264e-07
 9.79264e-07
 9.79264e-07
 9.79264e-07
 9.79264e-07
 9.79264e-07
 9.79264e-07
 9.79264e-07
 9.79264e-07
 9.79264e-07
 9.79264e-07
 9.79264e-07
 9.79264e-07
 9.79264e-07
 9.79264e-07
 9.79264e-07
 9.79264e-07
 9.79264e-07
 9.79264e-07
 9.79264e-07
 9.79264e-07
 9.79264e-07
 9.79264e-07
 9.79264e-07
 9.79264e-07
 9.79264e-07
 9.79264e-07
 9.79264e-07
 9.75051e-01
 9.73991e-01
 9.67696e-01
 9.53493e-01
 9.28766e-01
 8.85283e-01
 8.15363e-01
 7.00992e-01
 5.32261e-01
 3.32120e-01
 1.52517e-01
 4.40497e-02
 5.90866e-03
 2.44736e-04
 3.69157e-06
 9.86454e-07
 9.79598e-07
 9.79266e-07
 9.79264e-07
 9.79264e-07
 9.79264e-07
 9.79264e-07
 9.79264e-07
 9.79264e-07
 9.79264e-07
 9.79264e-07
 9.79264e-07
 9.79264e-07
 9.79264e-07
 9.79264e-07
 9.79264e-07
 9.79264e-07
 9.79264e-07
 9.79264e-07
 9.79264e-07
 9.79264e-07
 9.79264e-07
 9.79264e-07
 9.79264e-07
 9.79264e-07
 9.79264e-07
 9.79264e-07
 9.79264e-07
 9.79264e-07
 9.79264e-07
 9.79264e-07
 9.79264e-07
 9.79264e-07
 9.79264e-07
 9.79264e-07
 9.79264e-07
 9.79264e-07
 9.79264e-07
 9.79264e-07
 9.79264e-07
 9.79264e-07
 9.79264e-07
 9.79264e-07
 9.79264e-07
 9.79264e-07
 7.90339e-01
 7.84232e-01
 7.66894e-01
 7.30957e-01
 6.69773e-01
 5.79042e-01
 4.57691e-01
 3.14547e-01
 1.75003e-01
 7.11287e-02
 1.77698e-02
 1.97213e-03
 7.57971e-05
 1.93697e-06
 9.81673e-07
 9.79521e-07
 9.79265e-07
 9.79264e-07
 9.79264e-07
 9.79264e-07
 9.79264e-07
 9.79264e-07
 9.79264e-07
 9.79264e-07
 9.79264e-07
 9.79264e-07
 9.79264e-07
 9.79264e-07
 9.79264e-07
 9.79264e-07
 9.79264e-07
 9.79264e-07
 9.79264e-07
 9.79264e-07
 9.79264e-07
 9.79264e-07
 9.79264e-07
 9.79264e-07
 9.79264e-07
 9.79264e-07
 9.79264e-07
 9.79264e-07
 9.79264e-07
 9.79264e-07
 9.79264e-07
 9.79264e-07
 9.79264e-07
 9.79264e-07
 9.79264e-07
 9.79264e-07
 9.79264e-07
 9.79264e-07
 9.79264e-07
 9.79264e-07
 9.79264e-07
 9.79264e-07
 9.79264e-07
 9.79264e-07
 9.79264e-07
 9.79264e-07
 4.64052e-01
 4.51229e-01
 4.20437e-01
 3.68307e-01
 2.97047e-01
 2.13609e-01
 1.30683e-01
 6.33172e-02
 2.16117e-02
 4.16497e-03
 3.72454e-04
 1.36302e-05
 1.17720e-06
 9.80458e-07
 9.79405e-07
 9.79265e-07
 9.79264e-07
 9.79264e-07
 9.79264e-07
 9.79264e-07
 9.79264e-07
 9.79264e-07
 9.79264e-07
 9.79264e-07
 9.79264e-07
 9.79264e-07
 9.79264e-07
 9.79264e-07
 9.79264e-07
 9.79264e-07
 9.79264e-07
 9.79264e-07
 9.79264e-07
 9.79264e-07
 9.79264e-07
 9.79264e-07
 9.79264e-07
 9.79264e-07
 9.79264e-07
 9.79264e-07
 9.79264e-07
 9.79264e-07
 9.79264e-07
 9.79264e-07
 9.79264e-07
 9.79264e-07
 9.79264e-07
 9.79264e-07
 9.79264e-07
 9.79264e-07
 9.79264e-07
 9.79264e-07
 9.79264e-07
 9.79264e-07
 9.79264e-07
 9.79264e-07
 9.79264e-07
 9.79264e-07
 9.79264e-07
 9.79264e-07
 1.38946e-01
 1.30765e-01
 1.12829e-01
 8.64609e-02
 5.68800e-02
 3.05333e-02
 1.22145e-02
 3.13172e-03
 4.63503e-04
 3.39093e-05
 2.05338e-06
 9.99187e-07
 9.79735e-07
 9.79313e-07
 9.79264e-07
 9.79264e-07
 9.79264e-07
 9.79264e-07
 9.79264e-07
 9.79264e-07
 9.79264e-07
 9.79264e-07
 9.79264e-07
 9.79264e-07
 9.79264e-07
 9.79264e-07
 9.79264e-07
 9.79264e-07
 9.79264e-07
 9.79264e-07
 9.79264e-07
 9.79264e-07
 9.79264e-07
 9.79264e-07
 9.79264e-07
 9.79264e-07
 9.79264e-07
 9.79264e-07
 9.79264e-07
 9.79264e-07
 9.79264e-07
 9.79264e-07
 9.79264e-07
 9.79264e-07
 9.79264e-07
 9.79264e-07
 9.79264e-07
 9.79264e-07
 9.79264e-07
 9.79264e-07
 9.79264e-07
 9.79264e-07
 9.79264e-07
 9.79264e-07
 9.79264e-07
 9.79264e-07
 9.79264e-07
 9.79264e-07
 9.79264e-07
 9.79264e-07
 1.33888e-02
 1.18712e-02
 8.88786e-03
 5.29695e-03
 2.39665e-03
 7.67605e-04
 1.57457e-04
 1.93548e-05
 2.14669e-06
 1.02353e-06
 9.79942e-07
 9.79395e-07
 9.79268e-07
 9.79264e-07
 9.79264e-07
 9.79264e-07
 9.79264e-07
 9.79264e-07
 9.79264e-07
 9.79264e-07
 9.79264e-07
 9.79264e-07
 9.79264e-07
 9.79264e-07
 9.79264e-07
 9.79264e-07
 9.79264e-07
 9.79264e-07
 9.79264e-07
 9.79264e-07
 9.79264e-07
 9.79264e-07
 9.79264e-07
 9.79264e-07
 9.79264e-07
 9.79264e-07
 9.79264e-07
 9.79264e-07
 9.79264e-07
 9.79264e-07
 9.79264e-07
 9.79264e-07
 9.79264e-07
 9.79264e-07
 9.79264e-07
 9.79264e-07
 9.79264e-07
 9.79264e-07
 9.79264e-07
 9.79264e-07
 9.79264e-07
 9.79264e-07
 9.79264e-07
 9.79264e-07
 9.79264e-07
 9.79264e-07
 9.79264e-07
 9.79264e-07
 9.79264e-07
 9.79264e-07
 1.60760e-04
 1.29962e-04
 8.01744e-05
 3.55333e-05
 1.11113e-05
 2.86411e-06
 1.19418e-06
 9.94615e-07
 9.79726e-07
 9.79387e-07
 9.79276e-07
 9.79264e-07
 9.79264e-07
 9.79264e-07
 9.79264e-07
 9.79264e-07
 9.79264e-07
 9.79264e-07
 9.79264e-07
 9.79264e-07
 9.79264e-07
 9.79264e-07
 9.79264e-07
 9.79264e-07
 9.79264e-07
 9.79264e-07
 9.79264e-07
 9.79264e-07
 9.79264e-07
 9.79264e-07
 9.79264e-07
 9.79264e-07
 9.79264e-07
 9.79264e-07
 9.79264e-07
 9.79264e-07
 9.79264e-07
 9.79264e-07
 9.79264e-07
 9.79264e-07
 9.79264e-07
 9.79264e-07
 9.79264e-07
 9.79264e-07
 9.79264e-07
 9.79264e-07
 9.79264e-07
 9.79264e-07
 9.79264e-07
 9.79264e-07
 9.79264e-07
 9.79264e-07
 9.79264e-07
 9.79264e-07
 9.79264e-07
 9.79264e-07
 9.79264e-07
 9.79264e-07
 9.79264e-07
 9.79264e-07
 1.14197e-06
 1.10005e-06
 1.04267e-06
 1.00147e-06
 9.83775e-07
 9.79603e-07
 9.79398e-07
 9.79306e-07
 9.79268e-07
 9.79264e-07
 9.79264e-07
 9.79264e-07
 9.79264e-07
 9.79264e-07
 9.79264e-07
 9.79264e-07
 9.79264e-07
 9.79264e-07
 9.79264e-07
 9.79264e-07
 9.79264e-07
 9.79264e-07
 9.79264e-07
 9.79264e-07
 9.79264e-07
 9.79264e-07
 9.79264e-07
 9.79264e-07
 9.79264e-07
 9.79264e-07
 9.79264e-07
 9.79264e-07
 9.79264e-07
 9.79264e-07
 9.79264e-07
 9.79264e-07
 9.79264e-07
 9.79264e-07
 9.79264e-07
 9.79264e-07
 9.79264e-07
 9.79264e-07
 9.79264e-07
 9.79264e-07
 9.79264e-07
 9.79264e-07
 9.79264e-07
 9.79264e-07
 9.79264e-07
 9.79264e-07
 9.79264e-07
 9.79264e-07
 9.79264e-07
 9.79264e-07
 9.79264e-07
 9.79264e-07
 9.79264e-07
 9.79264e-07
 9.79264e-07
 9.79264e-07
 9.79326e-07
 9.79316e-07
 9.79297e-07
 9.79281e-07
 9.79270e-07
 9.79265e-07
 9.79264e-07
 9.79264e-07
 9.79264e-07
 9.79264e-07
 9.79264e-07
 9.79264e-07
 9.79264e-07
 9.79264e-07
 9.79264e-07
 9.79264e-07
 9.79264e-07
 9.79264e-07
 9.79264e-07
 9.79264e-07
 9.79264e-07
 9.79264e-07
 9.79264e-07
 9.79264e-07
 9.79264e-07
 9.79264e-07
 9.79264e-07
 9.79264e-07
 9.79264e-07
 9.79264e-07
 9.79264e-07
 9.79264e-07
 9.79264e-07
 9.79264e-07
 9.79264e-07
 9.79264e-07
 9.79264e-07
 9.79264e-07
 9.79264e-07
 9.79264e-07
 9.79264e-07
 9.79264e-07
 9.79264e-07
 9.79264e-07
 9.79264e-07
 9.79264e-07
 9.79264e-07
 9.79264e-07
 9.79264e-07
 9.79264e-07
 9.79264e-07
 9.79264e-07
 9.79264e-07
 9.79264e-07
 9.79264e-07
 9.79264e-07
 9.79264e-07
 9.79264e-07
 9.79264e-07
 9.79264e-07
 9.79264e-07
 9.79264e-07
 9.79264e-07
 9.79264e-07
 9.79264e-07
 9.79264e-07
 9.79264e-07
 9.79264e-07
 9.79264e-07
 9.79264e-07
 9.79264e-07
 9.79264e-07
 9.79264e-07
 9.79264e-07
 9.79264e-07
 9.79264e-07
 9.79264e-07
 9.79264e-07
 9.79264e-07
 9.79264e-07
 9.79264e-07
 9.79264e-07
 9.79264e-07
 9.79264e-07
 9.79264e-07
 9.79264e-07
 9.79264e-07
 9.79264e-07
 9.79264e-07
 9.79264e-07
 9.79264e-07
 9.79264e-07
 9.79264e-07
 9.79264e-07
 9.79264e-07
 9.79264e-07
 9.79264e-07
 9.79264e-07
 9.79264e-07
 9.79264e-07
 9.79264e-07
 9.79264e-07
 9.79264e-07
 9.79264e-07
 9.79264e-07
 9.79264e-07
 9.79264e-07
 9.79264e-07
 9.79264e-07
 9.79264e-07
 9.79264e-07
 9.79264e-07
 9.79264e-07
 9.79264e-07
 9.79264e-07
 9.79264e-07
 9.79264e-07
 9.79264e-07
 9.79264e-07
 9.79264e-07
 9.79264e-07
 9.79264e-07
 9.79264e-07
 9.79264e-07
 9.79264e-07
 9.79264e-07
 9.79264e-07
 9.79264e-07
 9.79264e-07
 9.79264e-07
 9.79264e-07
 9.79264e-07
 9.79264e-07
 9.79264e-07
 9.79264e-07
 9.79264e-07
 9.79264e-07
 9.79264e-07
 9.79264e-07
 9.79264e-07
 9.79264e-07
 9.79264e-07
 9.79264e-07
 9.79264e-07
 9.79264e-07
 9.79264e-07
 9.79264e-07
 9.79264e-07
 9.79264e-07
 9.79264e-07
 9.79264e-07
 9.79264e-07
 9.79264e-07
 9.79264e-07
 9.79264e-07
 9.79264e-07
 9.79264e-07
 9.79264e-07
 9.79264e-07
 9.79264e-07
 9.79264e-07
 9.79264e-07
 9.79264e-07
 9.79264e-07
 9.79264e-07
 9.79264e-07
 9.79264e-07
 9.79264e-07
 9.79264e-07
 9.79264e-07
 9.79264e-07
 9.79264e-07
 9.79264e-07
 9.79264e-07
 9.79264e-07
 9.79264e-07
 9.79264e-07
 9.79264e-07
 9.79264e-07
 9.79264e-07
 9.79264e-07
 9.79264e-07
 9.79264e-07
 9.79264e-07
 9.79264e-07
 9.79264e-07
 9.79264e-07
 9.79264e-07
 9.79264e-07
 9.79264e-07
 9.79264e-07
 9.79264e-07
 9.79264e-07
 9.79264e-07
 9.79264e-07
 9.79264e-07
 9.79264e-07
 9.79264e-07
 9.79264e-07
 9.79264e-07
 9.79264e-07
 9.79264e-07
 9.79264e-07
 9.79264e-07
 9.79264e-07
 9.79264e-07
 9.79264e-07
 9.79264e-07
 9.79264e-07
 9.79264e-07
 9.79264e-07
 9.79264e-07
 9.79264e-07
 9.79264e-07
 9.79264e-07
 9.79264e-07
 9.79264e-07
 9.79264e-07
 9.79264e-07
 9.79264e-07
 9.79264e-07
 9.79264e-07
 9.79264e-07
 9.79264e-07
 9.79264e-07
 9.79264e-07
 9.79264e-07
 9.79264e-07
 9.79264e-07
 9.79264e-07
 9.79264e-07
 9.79264e-07
 9.79264e-07
 9.79264e-07
 9.79264e-07
 9.79264e-07
 9.79264e-07
 9.79264e-07
 9.79264e-07
 9.79264e-07
 9.79264e-07
 9.79264e-07
 9.79264e-07
 9.79264e-07
 9.79264e-07
 9.79264e-07
 9.79264e-07
 9.79264e-07
 9.79264e-07
 9.79264e-07
 9.79264e-07
 9.79264e-07
 9.79264e-07
 9.79264e-07
 9.79264e-07
 9.79264e-07
 9.79264e-07
 9.79264e-07
 9.79264e-07
 9.79264e-07
 9.79264e-07
 9.79264e-07
 9.79264e-07
 9.79264e-07
 9.79264e-07
 9.79264e-07
 9.79264e-07
 9.79264e-07
 9.79264e-07
 9.79264e-07
 9.79264e-07
 9.79264e-07
 9.79264e-07
 9.79264e-07
 9.79264e-07
 9.79264e-07
 9.79264e-07
 9.79264e-07
 9.79264e-07
 9.79264e-07
 9.79264e-07
 9.79264e-07
 9.79264e-07
 9.79264e-07
 9.79264e-07
 9.79264e-07
 9.79264e-07
 9.79264e-07
 9.79264e-07
 9.79264e-07
 9.79264e-07
 9.79264e-07
 9.79264e-07
 9.79264e-07
 9.79264e-07
 9.79264e-07
 9.79264e-07
 9.79264e-07
 9.79264e-07
 9.79264e-07
 9.79264e-07
 9.79264e-07
 9.79264e-07
 9.79264e-07
 9.79264e-07
 9.79264e-07
 9.79264e-07
 9.79264e-07
 9.79264e-07
 9.79264e-07
 9.79264e-07
 9.79264e-07
 9.79264e-07
 9.79264e-07
 9.79264e-07
 9.79264e-07
 9.79264e-07
 9.79264e-07
 9.79264e-07
 9.79264e-07
 9.79264e-07
 9.79264e-07
 9.79264e-07
 9.79264e-07
 9.79264e-07
 9.79264e-07
 9.79264e-07
 9.79264e-07
 9.79264e-07
 9.79264e-07
 9.79264e-07
 9.79264e-07
 9.79264e-07
 9.79264e-07
 9.79264e-07
 9.79264e-07
 9.79264e-07
 9.79264e-07
 9.79264e-07
 9.79264e-07
 9.79264e-07
 9.79264e-07
 9.79264e-07
 9.79264e-07
 9.79264e-07
 9.79264e-07
 9.79264e-07
 9.79264e-07
 9.79264e-07
 9.79264e-07
 9.79264e-07
 9.79264e-07
 9.79264e-07
 9.79264e-07
 9.79264e-07
 9.79264e-07
 9.79264e-07
 9.79264e-07
 9.79264e-07
 9.79264e-07
 9.79264e-07
 9.79264e-07
 9.79264e-07
 9.79264e-07
 9.79264e-07
 9.79264e-07
 9.79264e-07
 9.79264e-07
 9.79264e-07
 9.79264e-07
 9.79264e-07
 9.79264e-07
 9.79264e-07
 9.79264e-07
 9.79264e-07
 9.79264e-07
 9.79264e-07
 9.79264e-07
 9.79264e-07
 9.79264e-07
 9.79264e-07
 9.79264e-07
 9.79264e-07
 9.79264e-07
 9.79264e-07
 9.79264e-07
 9.79264e-07
 9.79264e-07
 9.79264e-07
 9.79264e-07
 9.79264e-07
 9.79264e-07
 9.79264e-07
 9.79264e-07
 9.79264e-07
 9.79264e-07
 9.79264e-07
 9.79264e-07
 9.79264e-07
 9.79264e-07
 9.79264e-07
 9.79264e-07
 9.79264e-07
 9.79264e-07
 9.79264e-07
 9.79264e-07
 9.79264e-07
 9.79264e-07
 9.79264e-07
 9.79264e-07
 9.79264e-07
 9.79264e-07
 9.79264e-07
 9.79264e-07
 9.79264e-07
 9.79264e-07
 9.79264e-07
 9.79264e-07
 9.79264e-07
 9.79264e-07
 9.79264e-07
 9.79264e-07
 9.79264e-07
 9.79264e-07
 9.79264e-07
 9.79264e-07
 9.79264e-07
 9.79264e-07
 9.79264e-07
 9.79264e-07
 9.79264e-07
 9.79264e-07
 9.79264e-07
 9.79264e-07
 9.79264e-07
 9.79264e-07
 9.79264e-07
 9.79264e-07
 9.79264e-07
 9.79264e-07
 9.79264e-07
 9.79264e-07
 9.79264e-07
 9.79264e-07
 9.79264e-07
 9.79264e-07
 9.79264e-07
 9.79264e-07
 9.79264e-07
 9.79264e-07
 9.79264e-07
 9.79264e-07
 9.79264e-07
 9.79264e-07
 9.79264e-07
 9.79264e-07
 9.79264e-07
 9.79264e-07
 9.79264e-07
 9.79264e-07
 9.79264e-07
 9.79264e-07
 9.79264e-07
 9.79264e-07
 9.79264e-07
 9.79264e-07
 9.79264e-07
 9.79264e-07
 9.79264e-07
 9.79264e-07
 9.79264e-07
 9.79264e-07
 9.79264e-07
 9.79264e-07
 9.79264e-07
 9.79264e-07
 9.79264e-07
 9.79264e-07
 9.79264e-07
 9.79264e-07
 9.79264e-07
 9.79264e-07
 9.79264e-07
 9.79264e-07
 9.79264e-07
 9.79264e-07
 9.79264e-07
 9.79264e-07
 9.79264e-07
 9.79264e-07
 9.79264e-07
 9.79264e-07
 9.79264e-07
 9.79264e-07
 9.79264e-07
 9.79264e-07
 9.79264e-07
 9.79264e-07
 9.79264e-07
 9.79264e-07
 9.79264e-07
 9.79264e-07
 9.79264e-07
 9.79264e-07
 9.79264e-07
 9.79264e-07
 9.79264e-07
 9.79264e-07
 9.79264e-07
 9.79264e-07
 9.79264e-07
 9.79264e-07
 9.79264e-07
 9.79264e-07
 9.79264e-07
 9.79264e-07
 9.79264e-07
 9.79264e-07
 9.79264e-07
 9.79264e-07
 9.79264e-07
 9.79264e-07
 9.79264e-07
 9.79264e-07
 9.79264e-07
 9.79264e-07
 9.79264e-07
 9.79264e-07
 9.79264e-07
 9.79264e-07
 9.79264e-07
 9.79264e-07
 9.79264e-07
 9.79264e-07
 9.79264e-07
 9.79264e-07
 9.79264e-07
 9.79264e-07
 9.79264e-07
 9.79264e-07
 9.79264e-07
 9.79264e-07
 9.79264e-07
 9.79264e-07
 9.79264e-07
 9.79264e-07
 9.79264e-07
 9.79264e-07
 9.79264e-07
 9.79264e-07
 9.79264e-07
 9.79264e-07
 9.79264e-07
 9.79264e-07
 9.79264e-07
 9.79264e-07
 9.79264e-07
 9.79264e-07
 9.79264e-07
 9.79264e-07
 9.79264e-07
 9.79264e-07
 9.79264e-07
 9.79264e-07
 9.79264e-07
 9.79264e-07
 9.79264e-07
 9.79264e-07
 9.79264e-07
 9.79264e-07
 9.79264e-07
 9.79264e-07
 9.79264e-07
 9.79264e-07
 9.79264e-07
 9.79264e-07
 9.79264e-07
 9.79264e-07
 9.79264e-07
 9.79264e-07
 9.79264e-07
 9.79264e-07
 9.79264e-07
 9.79264e-07
 9.79264e-07
 9.79264e-07
 9.79264e-07
 9.79264e-07
 9.79264e-07
 9.79264e-07
 9.79264e-07
 9.79264e-07
 9.79264e-07
 9.79264e-07
 9.79264e-07
 9.79264e-07
 9.79264e-07
 9.79264e-07
 9.79264e-07
 9.79264e-07
 9.79264e-07
 9.79264e-07
 9.79264e-07
 9.79264e-07
 9.79264e-07
 9.79264e-07
 9.79264e-07
 9.79264e-07
 9.79264e-07
 9.79264e-07
 9.79264e-07
 9.79264e-07
 9.79264e-07
 9.79264e-07
 9.79264e-07
 9.79264e-07
 9.79264e-07
 9.79264e-07
 9.79264e-07
 9.79264e-07
 9.79264e-07
 9.79264e-07
 9.79264e-07
 9.79264e-07
 9.79264e-07
 9.79264e-07
 9.79264e-07
 9.79264e-07
 9.79264e-07
 9.79264e-07
 9.79264e-07
 9.79264e-07
 9.79264e-07
 9.79264e-07
 9.79264e-07
 9.79264e-07
 9.79264e-07
 9.79264e-07
 9.79264e-07
 9.79264e-07
 9.79264e-07
 9.79264e-07
 9.79264e-07
 9.79264e-07
 9.79264e-07
 9.79264e-07
 9.79264e-07
 9.79264e-07
 9.79264e-07
 9.79264e-07
 9.79264e-07
 9.79264e-07
 9.79264e-07
 9.79264e-07
 9.79264e-07
 9.79264e-07
 9.79264e-07
 9.79264e-07
 9.79264e-07
 9.79264e-07
 9.79264e-07
 9.79264e-07
 9.79264e-07
 9.79264e-07
 9.79264e-07
 9.79264e-07
 9.79264e-07
 9.79264e-07
 9.79264e-07
 9.79264e-07
 9.79264e-07
 9.79264e-07
 9.79264e-07
 9.79264e-07
 9.79264e-07
 9.79264e-07
 9.79264e-07
 9.79264e-07
 9.79264e-07
 9.79264e-07
 9.79264e-07
 9.79264e-07
 9.79264e-07
 9.79264e-07
 9.79264e-07
 9.79264e-07
 9.79264e-07
 9.79264e-07
 9.79264e-07
 9.79264e-07
 9.79264e-07
 9.79264e-07
 9.79264e-07
 9.79264e-07
 9.79264e-07
 9.79264e-07
 9.79264e-07
 9.79264e-07
 9.79264e-07
 9.79264e-07
 9.79264e-07
 9.79264e-07
 9.79264e-07
 9.79264e-07
 9.79264e-07
 9.79264e-07
 9.79264e-07
 9.79264e-07
 9.79264e-07
 9.79264e-07
 9.79264e-07
 9.79264e-07
 9.79264e-07
 9.79264e-07
 9.79264e-07
 9.79264e-07
 9.79264e-07
 9.79264e-07
 9.79264e-07
 9.79264e-07
 9.79264e-07
 9.79264e-07
 9.79264e-07
 9.79264e-07
 9.79264e-07
 9.79264e-07
 9.79264e-07
 9.79264e-07
 9.79264e-07
 9.79264e-07
 9.79264e-07
 9.79264e-07
 9.79264e-07
 9.79264e-07
 9.79264e-07
 9.79264e-07
 9.79264e-07
 9.79264e-07
 9.79264e-07
 9.79264e-07
 9.79264e-07
 9.79264e-07
 9.79264e-07
 9.79264e-07
 9.79264e-07
 9.79264e-07
 9.79264e-07
 9.79264e-07
 9.79264e-07
 9.79264e-07
 9.79264e-07
 9.79264e-07
 9.79264e-07
 9.79264e-07
 9.79264e-07
 9.79264e-07
 9.79264e-07
 9.79264e-07
 9.79264e-07
 9.79264e-07
 9.79264e-07
 9.79264e-07
 9.79264e-07
 9.79264e-07
 9.79264e-07
 9.79264e-07
 9.79264e-07
 9.79264e-07
 9.79264e-07
 9.79264e-07
 9.79264e-07
 9.79264e-07
 9.79264e-07
 9.79264e-07
 9.79264e-07
 9.79264e-07
 9.79264e-07
 9.79264e-07
 9.79264e-07
 9.79264e-07
 9.79264e-07
 9.79264e-07
 9.79264e-07
 9.79264e-07
 9.79264e-07
 9.79264e-07
 9.79264e-07
 9.79264e-07
 9.79264e-07
 9.79264e-07
 9.79264e-07
 9.79264e-07
 9.79264e-07
 9.79264e-07
 9.79264e-07
 9.79264e-07
 9.79264e-07
 9.79264e-07
 9.79264e-07
 9.79264e-07
 9.79264e-07
 9.79264e-07
 9.79264e-07
 9.79264e-07
 9.79264e-07
 9.79264e-07
 9.79264e-07
 9.79264e-07
 9.79264e-07
 9.79264e-07
 9.79264e-07
 9.79264e-07
 9.79264e-07
 9.79264e-07
 9.79264e-07
 9.79264e-07
 9.79264e-07
 9.79264e-07
 9.79264e-07
 9.79264e-07
 9.79264e-07
 9.79264e-07
 9.79264e-07
 9.79264e-07
 9.79264e-07
 9.79264e-07
 9.79264e-07
 9.79264e-07
 9.79264e-07
 9.79264e-07
 9.79264e-07
 9.79264e-07
 9.79264e-07
 9.79264e-07
 9.79264e-07
 9.79264e-07
 9.79264e-07
 9.79264e-07
 9.79264e-07
 9.79264e-07
 9.79264e-07
 9.79264e-07
 9.79264e-07
 9.79264e-07
 9.79264e-07
 9.79264e-07
 9.79264e-07
 9.79264e-07
 9.79264e-07
 9.79264e-07
 9.79264e-07
 9.79264e-07
 9.79264e-07
 9.79264e-07
 9.79264e-07
 9.79264e-07
 9.79264e-07
 9.79264e-07
 9.79264e-07
 9.79264e-07
 9.79264e-07
 9.79264e-07
 9.79264e-07
 9.79264e-07
 9.79264e-07
 9.79264e-07
 9.79264e-07
 9.79264e-07
 9.79264e-07
 9.79264e-07
 9.79264e-07
 9.79264e-07
 9.79264e-07
 9.79264e-07
 9.79264e-07
 9.79264e-07
 9.79264e-07
 9.79264e-07
 9.79264e-07
 9.79264e-07
 9.79264e-07
 9.79264e-07
 9.79264e-07
 9.79264e-07
 9.79264e-07
 9.79264e-07
 9.79264e-07
 9.79264e-07
 9.79264e-07
 9.79264e-07
 9.79264e-07
 9.79264e-07
 9.79264e-07
 9.79264e-07
 9.79264e-07
 9.79264e-07
 9.79264e-07
 9.79264e-07
 9.79264e-07
 9.79264e-07
 9.79264e-07
 9.79264e-07
 9.79264e-07
 9.79264e-07
 9.79264e-07
 9.79264e-07
 9.79264e-07
 9.79264e-07
 9.79264e-07
 9.79264e-07
 9.79264e-07
 9.79264e-07
 9.79264e-07
 9.79264e-07
 9.79264e-07
 9.79264e-07
 9.79264e-07
 9.79264e-07
 9.79264e-07
 9.79264e-07
 9.79264e-07
 9.79264e-07
 9.79264e-07
 9.79264e-07
 9.79264e-07
 9.79264e-07
 9.79264e-07
 9.79264e-07
 9.79264e-07
 9.79264e-07
 9.79264e-07
 9.79264e-07
 9.79264e-07
 9.79264e-07
 9.79264e-07
 9.79264e-07
 9.79264e-07
 9.79264e-07
 9.79264e-07
 9.79264e-07
 9.79264e-07
 9.79264e-07
 9.79264e-07
 9.79264e-07
 9.79264e-07
 9.79264e-07
 9.79264e-07
 9.79264e-07
 9.79264e-07
 9.79264e-07
 9.79264e-07
 9.79264e-07
 9.79264e-07
 9.79264e-07
 9.79264e-07
 9.79264e-07
 9.79264e-07
 9.79264e-07
 9.79264e-07
 9.79264e-07
 9.79264e-07
 9.79264e-07
 9.79264e-07
 9.79264e-07
 9.79264e-07
 9.79264e-07
 9.79264e-07
 9.79264e-07
 9.79264e-07
 9.79264e-07
 9.79264e-07
 9.79264e-07
 9.79264e-07
 9.79264e-07
 9.79264e-07
 9.79264e-07
 9.79264e-07
 9.79264e-07
 9.79264e-07
 9.79264e-07
 9.79264e-07
 9.79264e-07
 9.79264e-07
 9.79264e-07
 9.79264e-07
 9.79264e-07
 9.79264e-07
 9.79264e-07
 9.79264e-07
 9.79264e-07
 9.79264e-07
 9.79264e-07
 9.79264e-07
 9.79264e-07
 9.79264e-07
 9.79264e-07
 9.79264e-07
 9.79264e-07
 9.79264e-07
 9.79264e-07
 9.79264e-07
 9.79264e-07
 9.79264e-07
 9.79264e-07
 9.79264e-07
 9.79264e-07
 9.79264e-07
 9.79264e-07
 9.79264e-07
 9.79264e-07
 9.79264e-07
 9.79264e-07
 9.79264e-07
 9.79264e-07
 9.79264e-07
 9.79264e-07
 9.79264e-07
 9.79264e-07
 9.79264e-07
 9.79264e-07
 9.79264e-07
 9.79264e-07
 9.79264e-07
 9.79264e-07
 9.79264e-07
 9.79264e-07
 9.79264e-07
 9.79264e-07
 9.79264e-07
 9.79264e-07
 9.79264e-07
 9.79264e-07
 9.79264e-07
 9.79264e-07
 9.79264e-07
 9.79264e-07
 9.79264e-07
 9.79264e-07
 9.79264e-07
 9.79264e-07
 9.79264e-07
 9.79264e-07
 9.79264e-07
 9.79264e-07
 9.79264e-07
 9.79264e-07
 9.79264e-07
 9.79264e-07
 9.79264e-07
 9.79264e-07
 9.79264e-07
 9.79264e-07
 9.79264e-07
 9.79264e-07
 9.79264e-07
 9.79264e-07
 9.79264e-07
 9.79264e-07
 9.79264e-07
 9.79264e-07
 9.79264e-07
 9.79264e-07
 9.79264e-07
 9.79264e-07
 9.79264e-07
 9.79264e-07
 9.79264e-07
 9.79264e-07
 9.79264e-07
 9.79264e-07
 9.79264e-07
 9.79264e-07
 9.79264e-07
 9.79264e-07
 9.79264e-07
 9.79264e-07
 9.79264e-07
 9.79264e-07
 9.79264e-07
 9.79264e-07
 9.79264e-07
 9.79264e-07
 9.79264e-07
 9.79264e-07
 9.79264e-07
 9.79264e-07
 9.79264e-07
 9.79264e-07
 9.79264e-07
 9.79264e-07
 9.79264e-07
 9.79264e-07
 9.79264e-07
 9.79264e-07
 9.79264e-07
 9.79264e-07
 9.79264e-07
 9.79264e-07
 9.79264e-07
 9.79264e-07
 9.79264e-07
 9.79264e-07
 9.79264e-07
 9.79264e-07
 9.79264e-07
 9.79264e-07
 9.79264e-07
 9.79264e-07
 9.79264e-07
 9.79264e-07
 9.79264e-07
 9.79264e-07
 9.79264e-07
 9.79264e-07
 9.79264e-07
 9.79264e-07
 9.79264e-07
 9.79264e-07
 9.79264e-07
 9.79264e-07
 9.79264e-07
 9.79264e-07
 9.79264e-07
 9.79264e-07
 9.79264e-07
 9.79264e-07
 9.79264e-07
 9.79264e-07
 9.79264e-07
 9.79264e-07
 9.79264e-07
 9.79264e-07
 9.79264e-07
 9.79264e-07
 9.79264e-07
 9.79264e-07
 9.79264e-07
 9.79264e-07
 9.79264e-07
 9.79264e-07
 9.79264e-07
 9.79264e-07
 9.79264e-07
 9.79264e-07
 9.79264e-07
 9.79264e-07
 9.79264e-07
 9.79264e-07
 9.79264e-07
 9.79264e-07
 9.79264e-07
 9.79264e-07
 9.79264e-07
 9.79264e-07
 9.79264e-07
 9.79264e-07
 9.79264e-07
 9.79264e-07
 9.79264e-07
 9.79264e-07
 9.79264e-07
 9.79264e-07
 9.79264e-07
 9.79264e-07
 9.79264e-07
 9.79264e-07
 9.79264e-07
 9.79264e-07
 9.79264e-07
 9.79264e-07
 9.79264e-07
 9.79264e-07
 9.79264e-07
 9.79264e-07
 9.79264e-07
 9.79264e-07
 9.79264e-07
 9.79264e-07
 9.79264e-07
 9.79264e-07
 9.79264e-07
 9.79264e-07
 9.79264e-07
 9.79264e-07
 9.79264e-07
 9.79264e-07
 9.79264e-07
 9.79264e-07
 9.79264e-07
 9.79264e-07
 9.79264e-07
 9.79264e-07
 9.79264e-07
 9.79264e-07
 9.79264e-07
 9.79264e-07
 9.79264e-07
 9.79264e-07
 9.79264e-07
 9.79264e-07
 9.79264e-07
 9.79264e-07
 9.79264e-07
 9.79264e-07
 9.79264e-07
 9.79264e-07
 9.79264e-07
 9.79264e-07
 9.79264e-07
 9.79264e-07
 9.79264e-07
 9.79264e-07
 9.79264e-07
 9.79264e-07
 9.79264e-07
 9.79264e-07
 9.79264e-07
 9.79264e-07
 9.79264e-07
 9.79264e-07
 9.79264e-07
 9.79264e-07
 9.79264e-07
 9.79264e-07
 9.79264e-07
 9.79264e-07
 9.79264e-07
 9.79264e-07
 9.79264e-07
 9.79264e-07
 9.79264e-07
 9.79264e-07
 9.79264e-07
 9.79264e-07
 9.79264e-07
 9.79264e-07
 9.79264e-07
 9.79264e-07
 9.79264e-07
 9.79264e-07
 9.79264e-07
 9.79264e-07
 9.79264e-07
 9.79264e-07
 9.79264e-07
 9.79264e-07
 9.79264e-07
 9.79264e-07
 9.79264e-07
 9.79264e-07
 9.79264e-07
 9.79264e-07
 9.79264e-07
 9.79264e-07
 9.79264e-07
 9.79264e-07
 9.79264e-07
 9.79264e-07
 9.79264e-07
 9.79264e-07
 9.79264e-07
 9.79264e-07
 9.79264e-07
 9.79264e-07
 9.79264e-07
 9.79264e-07
 9.79264e-07
 9.79264e-07
 9.79264e-07
 9.79264e-07
 9.79264e-07
 9.79264e-07
 9.79264e-07
 9.79264e-07
 9.79264e-07
 9.79264e-07
 9.79264e-07
 9.79264e-07
 9.79264e-07
 9.79264e-07
 9.79264e-07
 9.79264e-07
 9.79264e-07
 9.79264e-07
 9.79264e-07
 9.79264e-07
 9.79264e-07
 9.79264e-07
 9.79264e-07
 9.79264e-07
 9.79264e-07
 9.79264e-07
 9.79264e-07
 9.79264e-07
 9.79264e-07
 9.79264e-07
 9.79264e-07
 9.79264e-07
 9.79264e-07
 9.79264e-07
 9.79264e-07
 9.79264e-07
 9.79264e-07
 9.79264e-07
 9.79264e-07
 9.79264e-07
 9.79264e-07
 9.79264e-07
 9.79264e-07
 9.79264e-07
 9.79264e-07
 9.79264e-07
 9.79264e-07
 9.79264e-07
 9.79264e-07
 9.79264e-07
 9.79264e-07
 9.79264e-07
 9.79264e-07
 9.79264e-07
 9.79264e-07
 9.79264e-07
 9.79264e-07
 9.79264e-07
 9.79264e-07
 9.79264e-07
 9.79264e-07
 9.79264e-07
 9.79264e-07
 9.79264e-07
 9.79264e-07
 9.79264e-07
 9.79264e-07
 9.79264e-07
 9.79264e-07
 9.79264e-07
 9.79264e-07
 9.79264e-07
 9.79264e-07
 9.79264e-07
 9.79264e-07
 9.79264e-07
 9.79264e-07
 9.79264e-07
 9.79264e-07
 9.79264e-07
 9.79264e-07
 9.79264e-07
 9.79264e-07
 9.79264e-07
 9.79264e-07
 9.79264e-07
 9.79264e-07
 9.79264e-07
 9.79264e-07
 9.79264e-07
 9.79264e-07
 9.79264e-07
 9.79264e-07
 9.79264e-07
 9.79264e-07
 9.79264e-07
 9.79264e-07
 9.79264e-07
 9.79264e-07
 9.79264e-07
 9.79264e-07
 9.79264e-07
 9.79264e-07
 9.79264e-07
 9.79264e-07
 9.79264e-07
 9.79264e-07
 9.79264e-07
 9.79264e-07
 9.79264e-07
 9.79264e-07
 9.79264e-07
 9.79264e-07
 9.79264e-07
 9.79264e-07
 9.79264e-07
 9.79264e-07
 9.79264e-07
 9.79264e-07
 9.79264e-07
 9.79264e-07
 9.79264e-07
 9.79264e-07
 9.79264e-07
 9.79264e-07
 9.79264e-07
 9.79264e-07
 9.79264e-07
 9.79264e-07
 9.79264e-07
 9.79264e-07
 9.79264e-07
 9.79264e-07
 9.79264e-07
 9.79264e-07
 9.79264e-07
 9.79264e-07
 9.79264e-07
 9.79264e-07
 9.79264e-07
 9.79264e-07
 9.79264e-07
 9.79264e-07
 9.79264e-07
 9.79264e-07
 9.79264e-07
 9.79264e-07
 9.79264e-07
 9.79264e-07
 9.79264e-07
 9.79264e-07
 9.79264e-07
 9.79264e-07
 9.79264e-07
 9.79264e-07
 9.79264e-07
 9.79264e-07
 9.79264e-07
 9.79264e-07
 9.79264e-07
 9.79264e-07
 9.79264e-07
 9.79264e-07
 9.79264e-07
 9.79264e-07
 9.79264e-07
 9.79264e-07
 9.79264e-07
 9.79264e-07
 9.79264e-07
 9.79264e-07
 9.79264e-07
 9.79264e-07
 9.79264e-07
 9.79264e-07
 9.79264e-07
 9.79264e-07
 9.79264e-07
 9.79264e-07
 9.79264e-07
 9.79264e-07
 9.79264e-07
 9.79264e-07
 9.79264e-07
 9.79264e-07
 9.79264e-07
 9.79264e-07
 9.79264e-07
 9.79264e-07
 9.79264e-07
 9.79264e-07
 9.79264e-07
 9.79264e-07
 9.79264e-07
 9.79264e-07
 9.79264e-07
 9.79264e-07
 9.79264e-07
 9.79264e-07
 9.79264e-07
 9.79264e-07
 9.79264e-07
 9.79264e-07
 9.79264e-07
 9.79264e-07
 9.79264e-07
 9.79264e-07
 9.79264e-07
 9.79264e-07
 9.79264e-07
 9.79264e-07
 9.79264e-07
 9.79264e-07
 9.79264e-07
 9.79264e-07
 9.79264e-07
 9.79264e-07
 9.79264e-07
 9.79264e-07
 9.79264e-07
 9.79264e-07
 9.79264e-07
 9.79264e-07
 9.79264e-07
 9.79264e-07
 9.79264e-07
 9.79264e-07
 9.79264e-07
 9.79264e-07
 9.79264e-07
 9.79264e-07
 9.79264e-07
 9.79264e-07
 9.79264e-07
 9.79264e-07
 9.79264e-07
 9.79264e-07
 9.79264e-07
 9.79264e-07
 9.79264e-07
 9.79264e-07
 9.79264e-07
 9.79264e-07
 9.79264e-07
 9.79264e-07
 9.79264e-07
 9.79264e-07
 9.79264e-07
 9.79264e-07
 9.79264e-07
 9.79264e-07
 9.79264e-07
 9.79264e-07
 9.79264e-07
 9.79264e-07
 9.79264e-07
 9.79264e-07
 9.79264e-07
 9.79264e-07
 9.79264e-07
 9.79264e-07
 9.79264e-07
 9.79264e-07
 9.79264e-07
 9.79264e-07
 9.79264e-07
 9.79264e-07
 9.79264e-07
 9.79264e-07
 9.79264e-07
 9.79264e-07
 9.79264e-07
 9.79264e-07
 9.79264e-07
 9.79264e-07
 9.79264e-07
 9.79264e-07
 9.79264e-07
 9.79264e-07
 9.79264e-07
 9.79264e-07
 9.79264e-07
 9.79264e-07
 9.79264e-07
 9.79264e-07
 9.79264e-07
 9.79264e-07
 9.79264e-07
 9.79264e-07
 9.79264e-07
 9.79264e-07
 9.79264e-07
 9.79264e-07
 9.79264e-07
 9.79264e-07
 9.79264e-07
 9.79264e-07
 9.79264e-07
 9.79264e-07
 9.79264e-07
 9.79264e-07
 9.79264e-07
 9.79264e-07
 9.79264e-07
 9.79264e-07
 9.79264e-07
 9.79264e-07
 9.79264e-07
 9.79264e-07
 9.79264e-07
 9.79264e-07
 9.79264e-07
 9.79264e-07
 9.79264e-07
 9.79264e-07
 9.79264e-07
 9.79264e-07
 9.79264e-07
 9.79264e-07
 9.79264e-07
 9.79264e-07
 9.79264e-07
 9.79264e-07
 9.79264e-07
 9.79264e-07
 9.79264e-07
 9.79264e-07
 9.79264e-07
 9.79264e-07
 9.79264e-07
 9.79264e-07
 9.79264e-07
 9.79264e-07
 9.79264e-07
 9.79264e-07
 9.79264e-07
 9.79264e-07
 9.79264e-07
 9.79264e-07
 9.79264e-07
 9.79264e-07
 9.79264e-07
 9.79264e-07
 9.79264e-07
 9.79264e-07
 9.79264e-07
 9.79264e-07
 9.79264e-07
 9.79264e-07
 9.79264e-07
 9.79264e-07
 9.79264e-07
 9.79264e-07
 9.79264e-07
 9.79264e-07
 9.79264e-07
 9.79264e-07
 9.79264e-07
 9.79264e-07
 9.79264e-07
 9.79264e-07
 9.79264e-07
 9.79264e-07
 9.79264e-07
 9.79264e-07
 9.79264e-07
 9.79264e-07
 9.79264e-07
 9.79264e-07
 9.79264e-07
 9.79264e-07
 9.79264e-07
 9.79264e-07
 9.79264e-07
 9.79264e-07
 9.79264e-07
 9.79264e-07
 9.79264e-07
 9.79264e-07
 9.79264e-07
 9.79264e-07
 9.79264e-07
 9.79264e-07
 9.79264e-07
 9.79264e-07
 9.79264e-07
 9.79264e-07
 9.79264e-07
 9.79264e-07
 9.79264e-07
 9.79264e-07
 9.79264e-07
 9.79264e-07
 9.79264e-07
 9.79264e-07
 9.79264e-07
 9.79264e-07
 9.79264e-07
 9.79264e-07
 9.79264e-07
 9.79264e-07
 9.79264e-07
 9.79264e-07
 9.79264e-07
 9.79264e-07
 9.79264e-07
 9.79264e-07
 9.79264e-07
 9.79264e-07
 9.79264e-07
 9.79264e-07
 9.79264e-07
 9.79264e-07
 9.79264e-07
 9.79264e-07
 9.79264e-07
 9.79264e-07
 9.79264e-07
 9.79264e-07
 9.79264e-07
 9.79264e-07
 9.79264e-07
 9.79264e-07
 9.79264e-07
 9.79264e-07
 9.79264e-07
 9.79264e-07
 9.79264e-07
 9.79264e-07
 9.79264e-07
 9.79264e-07
 9.79264e-07
 9.79264e-07
 9.79264e-07
 9.79264e-07
 9.79264e-07
 9.79264e-07
 9.79264e-07
 9.79264e-07
 9.79264e-07
 9.79264e-07
 9.79264e-07
 9.79264e-07
 9.79264e-07
 9.79264e-07
 9.79264e-07
 9.79264e-07
 9.79264e-07
 9.79264e-07
 9.79264e-07
 9.79264e-07
 9.79264e-07
 9.79264e-07
 9.79264e-07
 9.79264e-07
 9.79264e-07
 9.79264e-07
 9.79264e-07
 9.79264e-07
 9.79264e-07
 9.79264e-07
 9.79264e-07
 9.79264e-07
 9.79264e-07
 9.79264e-07
 9.79264e-07
 9.79264e-07
 9.79264e-07
 9.79264e-07
 9.79264e-07
 9.79264e-07
 9.79264e-07
 9.79264e-07
 9.79264e-07
 9.79264e-07
 9.79264e-07
 9.79264e-07
 9.79264e-07
 9.79264e-07
 9.79264e-07
 9.79264e-07
 9.79264e-07
 9.79264e-07
 9.79264e-07
 9.79264e-07
 9.79264e-07
 9.79264e-07
 9.79264e-07
 9.79264e-07
 9.79264e-07
 9.79264e-07
 9.79264e-07
 9.79264e-07
 9.79264e-07
 9.79264e-07
 9.79264e-07
 9.79264e-07
 9.79264e-07
 9.79264e-07
 9.79264e-07
 9.79264e-07
 9.79264e-07
 9.79264e-07
 9.79264e-07
 9.79264e-07
 9.79264e-07
 9.79264e-07
 9.79264e-07
 9.79264e-07
 9.79264e-07
 9.79264e-07
 9.79264e-07
 9.79264e-07
 9.79264e-07
 9.79264e-07
 9.79264e-07
 9.79264e-07
 9.79264e-07
 9.79264e-07
 9.79264e-07
 9.79264e-07
 9.79264e-07
 9.79264e-07
 9.79264e-07
 9.79264e-07
 9.79264e-07
 9.79264e-07
 9.79264e-07
 9.79264e-07
 9.79264e-07
 9.79264e-07
 9.79264e-07
 9.79264e-07
 9.79264e-07
 9.79264e-07
 9.79264e-07
 9.79264e-07
 9.79264e-07
 9.79264e-07
 9.79264e-07
 9.79264e-07
 9.79264e-07
 9.79264e-07
 9.79264e-07
 9.79264e-07
 9.79264e-07
 9.79264e-07
 9.79264e-07
 9.79264e-07
 9.79264e-07
 9.79264e-07
 9.79264e-07
 9.79264e-07
 9.79264e-07
 9.79264e-07
 9.79264e-07
 9.79264e-07
 9.79264e-07
 9.79264e-07
 9.79264e-07
 9.79264e-07
 9.79264e-07
 9.79264e-07
 9.79264e-07
 9.79264e-07
 9.79264e-07
 9.79264e-07
 9.79264e-07
 9.79264e-07
 9.79264e-07
 9.79264e-07
 9.79264e-07
 9.79264e-07
 9.79264e-07
 9.79264e-07
 9.79264e-07
 9.79264e-07
 9.79264e-07
 9.79264e-07
 9.79264e-07
 9.79264e-07
 9.79264e-07
 9.79264e-07
 9.79264e-07
 9.79264e-07
 9.79264e-07
 9.79264e-07
 9.79264e-07
 9.79264e-07
 9.79264e-07
 9.79264e-07
 9.79264e-07
 9.79264e-07
 9.79264e-07
 9.79264e-07
 9.79264e-07
 9.79264e-07
 9.79264e-07
 9.79264e-07
 9.79264e-07
 9.79264e-07
 9.79264e-07
 9.79264e-07
 9.79264e-07
 9.79264e-07
 9.79264e-07
 9.79264e-07
 9.79264e-07
 9.79264e-07
 9.79264e-07
 9.79264e-07
 9.79264e-07
 9.79264e-07
 9.79264e-07
 9.79264e-07
 9.79264e-07
 9.79264e-07
 9.79264e-07
 9.79264e-07
 9.79264e-07
 9.79264e-07
 9.79264e-07
 9.79264e-07
 9.79264e-07
 9.79264e-07
 9.79264e-07
 9.79264e-07
 9.79264e-07
 9.79264e-07
 9.79264e-07
 9.79264e-07
 9.79264e-07
 9.79264e-07
 9.79264e-07
 9.79264e-07
 9.79264e-07
 9.79264e-07
 9.79264e-07
 9.79264e-07
 9.79264e-07
 9.79264e-07
 9.79264e-07
 9.79264e-07
 9.79264e-07
 9.79264e-07
 9.79264e-07
 9.79264e-07
 9.79264e-07
 9.79264e-07
 9.79264e-07
 9.79264e-07
 9.79264e-07
 9.79264e-07
 9.79264e-07
 9.79264e-07
 9.79264e-07
 9.79264e-07
 9.79264e-07
 9.79264e-07
 9.79264e-07
 9.79264e-07
 9.79264e-07
 9.79264e-07
 9.79264e-07
 9.79264e-07
 9.79264e-07
 9.79264e-07
 9.79264e-07
 9.79264e-07
 9.79264e-07
 9.79264e-07
 9.79264e-07
 9.79264e-07
 9.79264e-07
 9.79264e-07
 9.79264e-07
 9.79264e-07
 9.79264e-07
 9.79264e-07
 9.79264e-07
 9.79264e-07
 9.79264e-07
 9.79264e-07
 9.79264e-07
 9.79264e-07
 9.79264e-07
 9.79264e-07
 9.79264e-07
 9.79264e-07
 9.79264e-07
 9.79264e-07
 9.79264e-07
 9.79264e-07
 9.79264e-07
 9.79264e-07
 9.79264e-07
 9.79264e-07
 9.79264e-07
 9.79264e-07
 9.79264e-07
 9.79264e-07
 9.79264e-07
 9.79264e-07
 9.79264e-07
 9.79264e-07
 9.79264e-07
 9.79264e-07
 9.79264e-07
 9.79264e-07
 9.79264e-07
 9.79264e-07
 9.79264e-07
 9.79264e-07
 9.79264e-07
 9.79264e-07
 9.79264e-07
 9.79264e-07
 9.79264e-07
 9.79264e-07
 9.79264e-07
 9.79264e-07
 9.79264e-07
 9.79264e-07
 9.79264e-07
 9.79264e-07
 9.79264e-07
 9.79264e-07
 9.79264e-07
 9.79264e-07
 9.79264e-07
 9.79264e-07
 9.79264e-07
 9.79264e-07
 9.79264e-07
 9.79264e-07
 9.79264e-07
 9.79264e-07
 9.79264e-07
 9.79264e-07
 9.79264e-07
 9.79264e-07
 9.79264e-07
 9.79264e-07
 9.79264e-07
 9.79264e-07
 9.79264e-07
 9.79264e-07
 9.79264e-07
 9.79264e-07
 9.79264e-07
 9.79264e-07
 9.79264e-07
 9.79264e-07
 9.79264e-07
 9.79264e-07
 9.79264e-07
 9.79264e-07
 9.79264e-07
 9.79264e-07
 9.79264e-07
 9.79264e-07
 9.79264e-07
 9.79264e-07
 9.79264e-07
 9.79264e-07
 9.79264e-07
 9.79264e-07
 9.79264e-07
 9.79264e-07
 9.79264e-07
 9.79264e-07
 9.79264e-07
 9.79264e-07
 9.79264e-07
 9.79264e-07
 9.79264e-07
 9.79264e-07
 9.79264e-07
 9.79264e-07
 9.79264e-07
 9.79264e-07
 9.79264e-07
 9.79264e-07
 9.79264e-07
 9.79264e-07
 9.79264e-07
 9.79264e-07
 9.79264e-07
 9.79264e-07
 9.79264e-07
 9.79264e-07
 9.79264e-07
 9.79264e-07
 9.79264e-07
 9.79264e-07
 9.79264e-07
 9.79264e-07
 9.79264e-07
 9.79264e-07
 9.79264e-07
 9.79264e-07
 9.79264e-07
 9.79264e-07
 9.79264e-07
 9.79264e-07
 9.79264e-07
 9.79264e-07
 9.79264e-07
 9.79264e-07
 9.79264e-07
 9.79264e-07
 9.79264e-07
 9.79264e-07
 9.79264e-07
 9.79264e-07
 9.79264e-07
 9.79264e-07
 9.79264e-07
 9.79264e-07
 9.79264e-07
 9.79264e-07
 9.79264e-07
 9.79264e-07
 9.79264e-07
 9.79264e-07
 9.79264e-07
 9.79264e-07
 9.79264e-07
 9.79264e-07
 9.79264e-07
 9.79264e-07
 9.79264e-07
 9.79264e-07
 9.79264e-07
 9.79264e-07
 9.79264e-07
 9.79264e-07
 9.79264e-07
 9.79264e-07
 9.79264e-07
 9.79264e-07
 9.79264e-07
 9.79264e-07
 9.79264e-07
 9.79264e-07
 9.79264e-07
 9.79264e-07
 9.79264e-07
 9.79264e-07
 9.79264e-07
 9.79264e-07
 9.79264e-07
 9.79264e-07
 9.79264e-07
 9.79264e-07
 9.79264e-07
 9.79264e-07
 9.79264e-07
 9.79264e-07
 9.79264e-07
 9.79264e-07
 9.79264e-07
 9.79264e-07
 9.79264e-07
 9.79264e-07
 9.79264e-07
 9.79264e-07
 9.79264e-07
 9.79264e-07
 9.79264e-07
 9.79264e-07
 9.79264e-07
 9.79264e-07
 9.79264e-07
 9.79264e-07
 9.79264e-07
 9.79264e-07
 9.79264e-07
 9.79264e-07
 9.79264e-07
 9.79264e-07
 9.79264e-07
 9.79264e-07
 9.79264e-07
 9.79264e-07
 9.79264e-07
 9.79264e-07
 9.79264e-07
 9.79264e-07
 9.79264e-07
 9.79264e-07
 9.79264e-07
 9.79264e-07
 9.79263e-07
