Pressure
part
         1
quad4
 1.49287e-01
 1.49176e-01
 1.49290e-01
 1.49313e-01
 1.49345e-01
 1.49398e-01
 1.49520e-01
 1.49564e-01
 1.49681e-01
 1.49730e-01
 1.49789e-01
 1.49845e-01
 1.49918e-01
 1.50007e-01
 1.50113e-01
 1.50244e-01
 1.50401e-01
 1.50598e-01
 1.50837e-01
 1.51139e-01
 1.51508e-01
 1.51976e-01
 1.52554e-01
 1.53286e-01
 1.54198e-01
 1.55356e-01
 1.56819e-01
 1.58685e-01
 1.61091e-01
 1.64206e-01
 1.68299e-01
 1.73930e-01
 1.81811e-01
 1.92372e-01
 2.05380e-01
 2.19616e-01
 2.32036e-01
 2.37601e-01
 2.21797e-01
 1.87050e-01
 1.28067e-01
 6.01343e-02
 1.41209e-02
 8.87514e-04
 6.69716e-06
 9.82739e-07
 9.79269e-07
 9.79264e-07
 9.79264e-07
 9.79264e-07
 9.79264e-07
 9.79264e-07
 9.79264e-07
 9.79264e-07
 9.79264e-07
 9.79264e-07
 9.79264e-07
 9.79264e-07
 9.79264e-07
 9.79263e-07
 1.49176e-01
 1.48947e-01
 1.48937e-01
 1.49105e-01
 1.48893e-01
 1.49083e-01
 1.49460e-01
 1.49592e-01
 1.49582e-01
 1.49729e-01
 1.49736e-01
 1.49853e-01
 1.49907e-01
 1.50016e-01
 1.50116e-01
 1.50253e-01
 1.50412e-01
 1.50608e-01
 1.50856e-01
 1.51153e-01
 1.51537e-01
 1.51997e-01
 1.52596e-01
 1.53319e-01
 1.54257e-01
 1.55411e-01
 1.56901e-01
 1.58777e-01
 1.61215e-01
 1.64360e-01
 1.68500e-01
 1.74198e-01
 1.82167e-01
 1.92827e-01
 2.05929e-01
 2.20231e-01
 2.32590e-01
 2.37915e-01
 2.21672e-01
 1.86370e-01
 1.26902e-01
 5.89659e-02
 1.35888e-02
 8.21716e-04
 6.00430e-06
 9.82209e-07
 9.79268e-07
 9.79264e-07
 9.79264e-07
 9.79264e-07
 9.79264e-07
 9.79264e-07
 9.79264e-07
 9.79264e-07
 9.79264e-07
 9.79264e-07
 9.79264e-07
 9.79264e-07
 9.79264e-07
 9.79263e-07
 1.49290e-01
 1.48937e-01
 1.49578e-01
 1.49599e-01
 1.49507e-01
 1.49209e-01
 1.49588e-01
 1.49596e-01
 1.49700e-01
 1.49674e-01
 1.49810e-01
 1.49829e-01
 1.49948e-01
 1.50014e-01
 1.50143e-01
 1.50267e-01
 1.50435e-01
 1.50636e-01
 1.50880e-01
 1.51198e-01
 1.51568e-01
 1.52062e-01
 1.52641e-01
 1.53410e-01
 1.54331e-01
 1.55535e-01
 1.57026e-01
 1.58953e-01
 1.61423e-01
 1.64629e-01
 1.68846e-01
 1.74662e-01
 1.82788e-01
 1.93620e-01
 2.06863e-01
 2.21229e-01
 2.33396e-01
 2.38166e-01
 2.21051e-01
 1.84644e-01
 1.24273e-01
 5.64710e-02
 1.25070e-02
 6.97981e-04
 4.82214e-06
 9.81388e-07
 9.79266e-07
 9.79264e-07
 9.79264e-07
 9.79264e-07
 9.79264e-07
 9.79264e-07
 9.79264e-07
 9.79264e-07
 9.79264e-07
 9.79264e-07
 9.79264e-07
 9.79264e-07
 9.79264e-07
 9.79263e-07
 1.49313e-01
 1.49105e-01
 1.49599e-01
 1.49847e-01
 1.49669e-01
 1.49765e-01
 1.49620e-01
 1.49743e-01
 1.49723e-01
 1.49829e-01
 1.49810e-01
 1.49915e-01
 1.49948e-01
 1.50064e-01
 1.50154e-01
 1.50302e-01
 1.50463e-01
 1.50669e-01
 1.50929e-01
 1.51233e-01
 1.51643e-01
 1.52109e-01
 1.52746e-01
 1.53483e-01
 1.54474e-01
 1.55661e-01
 1.57220e-01
 1.59165e-01
 1.61707e-01
 1.64976e-01
 1.69301e-01
 1.75277e-01
 1.83609e-01
 1.94652e-01
 2.08048e-01
 2.22459e-01
 2.34292e-01
 2.38141e-01
 2.19739e-01
 1.81607e-01
 1.19934e-01
 5.25672e-02
 1.09227e-02
 5.36934e-04
 3.49474e-06
 9.80548e-07
 9.79265e-07
 9.79264e-07
 9.79264e-07
 9.79264e-07
 9.79264e-07
 9.79264e-07
 9.79264e-07
 9.79264e-07
 9.79264e-07
 9.79264e-07
 9.79264e-07
 9.79264e-07
 9.79264e-07
 9.79263e-07
 1.49345e-01
 1.48893e-01
 1.49507e-01
 1.49669e-01
 1.49926e-01
 1.49789e-01
 1.49838e-01
 1.49734e-01
 1.49847e-01
 1.49809e-01
 1.49912e-01
 1.49911e-01
 1.50021e-01
 1.50074e-01
 1.50209e-01
 1.50330e-01
 1.50508e-01
 1.50720e-01
 1.50973e-01
 1.51314e-01
 1.51695e-01
 1.52227e-01
 1.52821e-01
 1.53645e-01
 1.54599e-01
 1.55878e-01
 1.57434e-01
 1.59467e-01
 1.62063e-01
 1.65435e-01
 1.69897e-01
 1.76084e-01
 1.84682e-01
 1.95998e-01
 2.09598e-01
 2.24071e-01
 2.35483e-01
 2.37836e-01
 2.17793e-01
 1.77182e-01
 1.13810e-01
 4.73410e-02
 8.97213e-03
 3.68570e-04
 2.36291e-06
 9.79648e-07
 9.79264e-07
 9.79264e-07
 9.79264e-07
 9.79264e-07
 9.79264e-07
 9.79264e-07
 9.79264e-07
 9.79264e-07
 9.79264e-07
 9.79264e-07
 9.79264e-07
 9.79264e-07
 9.79264e-07
 9.79263e-07
 1.49398e-01
 1.49083e-01
 1.49209e-01
 1.49765e-01
 1.49789e-01
 1.49889e-01
 1.49811e-01
 1.49897e-01
 1.49812e-01
 1.49915e-01
 1.49889e-01
 1.49998e-01
 1.50021e-01
 1.50146e-01
 1.50232e-01
 1.50391e-01
 1.50560e-01
 1.50776e-01
 1.51059e-01
 1.51374e-01
 1.51821e-01
 1.52305e-01
 1.52997e-01
 1.53769e-01
 1.54833e-01
 1.56088e-01
 1.57750e-01
 1.59819e-01
 1.62527e-01
 1.66009e-01
 1.70654e-01
 1.77107e-01
 1.86042e-01
 1.97705e-01
 2.11561e-01
 2.26083e-01
 2.37061e-01
 2.36892e-01
 2.15110e-01
 1.71159e-01
 1.05821e-01
 4.09867e-02
 6.85180e-03
 2.21709e-04
 1.60645e-06
 9.79532e-07
 9.79264e-07
 9.79264e-07
 9.79264e-07
 9.79264e-07
 9.79264e-07
 9.79264e-07
 9.79264e-07
 9.79264e-07
 9.79264e-07
 9.79264e-07
 9.79264e-07
 9.79264e-07
 9.79264e-07
 9.79263e-07
 1.49520e-01
 1.49460e-01
 1.49588e-01
 1.49620e-01
 1.49838e-01
 1.49811e-01
 1.49920e-01
 1.49837e-01
 1.49936e-01
 1.49883e-01
 1.49988e-01
 1.49988e-01
 1.50107e-01
 1.50163e-01
 1.50307e-01
 1.50439e-01
 1.50628e-01
 1.50862e-01
 1.51127e-01
 1.51505e-01
 1.51903e-01
 1.52491e-01
 1.53118e-01
 1.54017e-01
 1.55034e-01
 1.56418e-01
 1.58088e-01
 1.60284e-01
 1.63084e-01
 1.66723e-01
 1.71591e-01
 1.78380e-01
 1.87733e-01
 1.99819e-01
 2.13974e-01
 2.28479e-01
 2.38908e-01
 2.35255e-01
 2.11326e-01
 1.63284e-01
 9.59334e-02
 3.38290e-02
 4.78870e-03
 1.14352e-04
 1.20875e-06
 9.79431e-07
 9.79264e-07
 9.79264e-07
 9.79264e-07
 9.79264e-07
 9.79264e-07
 9.79264e-07
 9.79264e-07
 9.79264e-07
 9.79264e-07
 9.79264e-07
 9.79264e-07
 9.79264e-07
 9.79264e-07
 9.79263e-07
 1.49564e-01
 1.49592e-01
 1.49596e-01
 1.49743e-01
 1.49734e-01
 1.49897e-01
 1.49837e-01
 1.49944e-01
 1.49889e-01
 1.49991e-01
 1.49972e-01
 1.50085e-01
 1.50117e-01
 1.50251e-01
 1.50351e-01
 1.50519e-01
 1.50712e-01
 1.50939e-01
 1.51260e-01
 1.51593e-01
 1.52095e-01
 1.52611e-01
 1.53378e-01
 1.54210e-01
 1.55376e-01
 1.56742e-01
 1.58552e-01
 1.60819e-01
 1.63773e-01
 1.67588e-01
 1.72744e-01
 1.79948e-01
 1.89807e-01
 2.02389e-01
 2.16875e-01
 2.31210e-01
 2.40728e-01
 2.33030e-01
 2.05891e-01
 1.53288e-01
 8.42285e-02
 2.63229e-02
 2.99282e-03
 4.93004e-05
 1.04587e-06
 9.79354e-07
 9.79264e-07
 9.79264e-07
 9.79264e-07
 9.79264e-07
 9.79264e-07
 9.79264e-07
 9.79264e-07
 9.79264e-07
 9.79264e-07
 9.79264e-07
 9.79264e-07
 9.79264e-07
 9.79264e-07
 9.79263e-07
 1.49681e-01
 1.49582e-01
 1.49700e-01
 1.49723e-01
 1.49847e-01
 1.49812e-01
 1.49936e-01
 1.49889e-01
 1.49993e-01
 1.49966e-01
 1.50076e-01
 1.50090e-01
 1.50215e-01
 1.50291e-01
 1.50443e-01
 1.50602e-01
 1.50801e-01
 1.51073e-01
 1.51355e-01
 1.51788e-01
 1.52217e-01
 1.52879e-01
 1.53565e-01
 1.54562e-01
 1.55684e-01
 1.57211e-01
 1.59060e-01
 1.61492e-01
 1.64591e-01
 1.68640e-01
 1.74151e-01
 1.81864e-01
 1.92320e-01
 2.05465e-01
 2.20289e-01
 2.34194e-01
 2.42213e-01
 2.30018e-01
 1.98316e-01
 1.40921e-01
 7.09773e-02
 1.90261e-02
 1.60829e-03
 1.74404e-05
 9.94652e-07
 9.79303e-07
 9.79264e-07
 9.79264e-07
 9.79264e-07
 9.79264e-07
 9.79264e-07
 9.79264e-07
 9.79264e-07
 9.79264e-07
 9.79264e-07
 9.79264e-07
 9.79264e-07
 9.79264e-07
 9.79264e-07
 9.79263e-07
 1.49730e-01
 1.49729e-01
 1.49674e-01
 1.49829e-01
 1.49809e-01
 1.49915e-01
 1.49883e-01
 1.49991e-01
 1.49966e-01
 1.50074e-01
 1.50078e-01
 1.50196e-01
 1.50253e-01
 1.50393e-01
 1.50525e-01
 1.50701e-01
 1.50935e-01
 1.51178e-01
 1.51555e-01
 1.51915e-01
 1.52493e-01
 1.53061e-01
 1.53928e-01
 1.54857e-01
 1.56161e-01
 1.57693e-01
 1.59717e-01
 1.62274e-01
 1.65581e-01
 1.69908e-01
 1.75865e-01
 1.84192e-01
 1.95340e-01
 2.09097e-01
 2.24224e-01
 2.37313e-01
 2.42898e-01
 2.25716e-01
 1.88319e-01
 1.25999e-01
 5.67037e-02
 1.24962e-02
 7.13385e-04
 5.33539e-06
 9.82222e-07
 9.79277e-07
 9.79264e-07
 9.79264e-07
 9.79264e-07
 9.79264e-07
 9.79264e-07
 9.79264e-07
 9.79264e-07
 9.79264e-07
 9.79264e-07
 9.79264e-07
 9.79264e-07
 9.79264e-07
 9.79264e-07
 9.79263e-07
 1.49789e-01
 1.49736e-01
 1.49810e-01
 1.49810e-01
 1.49912e-01
 1.49889e-01
 1.49988e-01
 1.49972e-01
 1.50076e-01
 1.50078e-01
 1.50191e-01
 1.50235e-01
 1.50365e-01
 1.50476e-01
 1.50636e-01
 1.50838e-01
 1.51050e-01
 1.51381e-01
 1.51688e-01
 1.52197e-01
 1.52675e-01
 1.53434e-01
 1.54212e-01
 1.55340e-01
 1.56624e-01
 1.58341e-01
 1.60462e-01
 1.63227e-01
 1.66757e-01
 1.71444e-01
 1.77953e-01
 1.87008e-01
 1.98941e-01
 2.13331e-01
 2.28642e-01
 2.40514e-01
 2.41893e-01
 2.19802e-01
 1.75415e-01
 1.08508e-01
 4.22374e-02
 7.23323e-03
 2.54881e-04
 1.84666e-06
 9.79677e-07
 9.79265e-07
 9.79264e-07
 9.79264e-07
 9.79264e-07
 9.79264e-07
 9.79264e-07
 9.79264e-07
 9.79264e-07
 9.79264e-07
 9.79264e-07
 9.79264e-07
 9.79264e-07
 9.79264e-07
 9.79264e-07
 9.79263e-07
 1.49845e-01
 1.49853e-01
 1.49829e-01
 1.49915e-01
 1.49911e-01
 1.49998e-01
 1.49988e-01
 1.50085e-01
 1.50090e-01
 1.50196e-01
 1.50235e-01
 1.50356e-01
 1.50452e-01
 1.50598e-01
 1.50776e-01
 1.50964e-01
 1.51258e-01
 1.51524e-01
 1.51977e-01
 1.52383e-01
 1.53057e-01
 1.53715e-01
 1.54705e-01
 1.55788e-01
 1.57273e-01
 1.59051e-01
 1.61387e-01
 1.64346e-01
 1.68171e-01
 1.73309e-01
 1.80497e-01
 1.90404e-01
 2.03204e-01
 2.18208e-01
 2.33398e-01
 2.43968e-01
 2.38303e-01
 2.11586e-01
 1.59103e-01
 8.87795e-02
 2.86926e-02
 3.53844e-03
 6.98955e-05
 1.10519e-06
 9.79441e-07
 9.79264e-07
 9.79264e-07
 9.79264e-07
 9.79264e-07
 9.79264e-07
 9.79264e-07
 9.79264e-07
 9.79264e-07
 9.79264e-07
 9.79264e-07
 9.79264e-07
 9.79264e-07
 9.79264e-07
 9.79264e-07
 9.79263e-07
 1.49918e-01
 1.49907e-01
 1.49948e-01
 1.49948e-01
 1.50021e-01
 1.50021e-01
 1.50107e-01
 1.50117e-01
 1.50215e-01
 1.50253e-01
 1.50365e-01
 1.50452e-01
 1.50585e-01
 1.50746e-01
 1.50914e-01
 1.51179e-01
 1.51412e-01
 1.51821e-01
 1.52171e-01
 1.52776e-01
 1.53337e-01
 1.54220e-01
 1.55141e-01
 1.56444e-01
 1.57959e-01
 1.59954e-01
 1.62465e-01
 1.65691e-01
 1.69872e-01
 1.75586e-01
 1.83599e-01
 1.94482e-01
 2.08210e-01
 2.23748e-01
 2.38232e-01
 2.46350e-01
 2.33138e-01
 1.99299e-01
 1.39089e-01
 6.77398e-02
 1.72691e-02
 1.35278e-03
 1.42759e-05
 9.92949e-07
 9.79325e-07
 9.79264e-07
 9.79264e-07
 9.79264e-07
 9.79264e-07
 9.79264e-07
 9.79264e-07
 9.79264e-07
 9.79264e-07
 9.79264e-07
 9.79264e-07
 9.79264e-07
 9.79264e-07
 9.79264e-07
 9.79264e-07
 9.79263e-07
 1.50007e-01
 1.50016e-01
 1.50014e-01
 1.50064e-01
 1.50074e-01
 1.50146e-01
 1.50163e-01
 1.50251e-01
 1.50291e-01
 1.50393e-01
 1.50476e-01
 1.50598e-01
 1.50746e-01
 1.50898e-01
 1.51141e-01
 1.51348e-01
 1.51721e-01
 1.52027e-01
 1.52577e-01
 1.53062e-01
 1.53858e-01
 1.54651e-01
 1.55808e-01
 1.57116e-01
 1.58850e-01
 1.60996e-01
 1.63771e-01
 1.67291e-01
 1.71940e-01
 1.78382e-01
 1.87381e-01
 1.99356e-01
 2.14016e-01
 2.29887e-01
 2.42798e-01
 2.46400e-01
 2.25489e-01
 1.82560e-01
 1.15497e-01
 4.69934e-02
 8.79703e-03
 3.79264e-04
 2.73706e-06
 9.79979e-07
 9.79276e-07
 9.79264e-07
 9.79264e-07
 9.79264e-07
 9.79264e-07
 9.79264e-07
 9.79264e-07
 9.79264e-07
 9.79264e-07
 9.79264e-07
 9.79264e-07
 9.79264e-07
 9.79264e-07
 9.79264e-07
 9.79264e-07
 9.79263e-07
 1.50113e-01
 1.50116e-01
 1.50143e-01
 1.50154e-01
 1.50209e-01
 1.50232e-01
 1.50307e-01
 1.50351e-01
 1.50443e-01
 1.50525e-01
 1.50636e-01
 1.50776e-01
 1.50914e-01
 1.51141e-01
 1.51327e-01
 1.51672e-01
 1.51943e-01
 1.52449e-01
 1.52874e-01
 1.53601e-01
 1.54294e-01
 1.55334e-01
 1.56476e-01
 1.58012e-01
 1.59865e-01
 1.62277e-01
 1.65317e-01
 1.69225e-01
 1.74478e-01
 1.81834e-01
 1.91985e-01
 2.05145e-01
 2.20650e-01
 2.36369e-01
 2.47353e-01
 2.41975e-01
 2.14539e-01
 1.60842e-01
 8.91535e-02
 2.86359e-02
 3.55407e-03
 7.41141e-05
 1.13315e-06
 9.79523e-07
 9.79264e-07
 9.79264e-07
 9.79264e-07
 9.79264e-07
 9.79264e-07
 9.79264e-07
 9.79264e-07
 9.79264e-07
 9.79264e-07
 9.79264e-07
 9.79264e-07
 9.79264e-07
 9.79264e-07
 9.79264e-07
 9.79264e-07
 9.79263e-07
 1.50244e-01
 1.50253e-01
 1.50267e-01
 1.50302e-01
 1.50330e-01
 1.50391e-01
 1.50439e-01
 1.50519e-01
 1.50602e-01
 1.50701e-01
 1.50838e-01
 1.50964e-01
 1.51179e-01
 1.51348e-01
 1.51672e-01
 1.51916e-01
 1.52387e-01
 1.52765e-01
 1.53435e-01
 1.54051e-01
 1.54998e-01
 1.56006e-01
 1.57387e-01
 1.59013e-01
 1.61133e-01
 1.63796e-01
 1.67179e-01
 1.71581e-01
 1.77629e-01
 1.86107e-01
 1.97566e-01
 2.11946e-01
 2.28071e-01
 2.42652e-01
 2.50031e-01
 2.34564e-01
 1.97512e-01
 1.33995e-01
 6.20623e-02
 1.46398e-02
 1.00997e-03
 9.85966e-06
 9.88939e-07
 9.79337e-07
 9.79264e-07
 9.79264e-07
 9.79264e-07
 9.79264e-07
 9.79264e-07
 9.79264e-07
 9.79264e-07
 9.79264e-07
 9.79264e-07
 9.79264e-07
 9.79264e-07
 9.79264e-07
 9.79264e-07
 9.79264e-07
 9.79264e-07
 9.79263e-07
 1.50401e-01
 1.50412e-01
 1.50435e-01
 1.50463e-01
 1.50508e-01
 1.50560e-01
 1.50628e-01
 1.50712e-01
 1.50801e-01
 1.50935e-01
 1.51050e-01
 1.51258e-01
 1.51412e-01
 1.51721e-01
 1.51943e-01
 1.52387e-01
 1.52730e-01
 1.53355e-01
 1.53909e-01
 1.54783e-01
 1.55686e-01
 1.56943e-01
 1.58393e-01
 1.60281e-01
 1.62640e-01
 1.65631e-01
 1.69431e-01
 1.74504e-01
 1.81580e-01
 1.91395e-01
 2.04285e-01
 2.19786e-01
 2.36029e-01
 2.48280e-01
 2.47751e-01
 2.23169e-01
 1.73866e-01
 1.02956e-01
 3.73637e-02
 5.82432e-03
 1.86075e-04
 1.63167e-06
 9.79858e-07
 9.79272e-07
 9.79264e-07
 9.79264e-07
 9.79264e-07
 9.79264e-07
 9.79264e-07
 9.79264e-07
 9.79264e-07
 9.79264e-07
 9.79264e-07
 9.79264e-07
 9.79264e-07
 9.79264e-07
 9.79264e-07
 9.79264e-07
 9.79264e-07
 9.79263e-07
 1.50598e-01
 1.50608e-01
 1.50636e-01
 1.50669e-01
 1.50720e-01
 1.50776e-01
 1.50862e-01
 1.50939e-01
 1.51073e-01
 1.51178e-01
 1.51381e-01
 1.51524e-01
 1.51821e-01
 1.52027e-01
 1.52449e-01
 1.52765e-01
 1.53355e-01
 1.53862e-01
 1.54678e-01
 1.55499e-01
 1.56658e-01
 1.57971e-01
 1.59679e-01
 1.61792e-01
 1.64477e-01
 1.67841e-01
 1.72210e-01
 1.78188e-01
 1.86558e-01
 1.97907e-01
 2.12267e-01
 2.28576e-01
 2.43825e-01
 2.52529e-01
 2.39883e-01
 2.05197e-01
 1.43415e-01
 7.02760e-02
 1.83946e-02
 1.59008e-03
 2.07287e-05
 1.00903e-06
 9.79432e-07
 9.79264e-07
 9.79264e-07
 9.79264e-07
 9.79264e-07
 9.79264e-07
 9.79264e-07
 9.79264e-07
 9.79264e-07
 9.79264e-07
 9.79264e-07
 9.79264e-07
 9.79264e-07
 9.79264e-07
 9.79264e-07
 9.79264e-07
 9.79264e-07
 9.79263e-07
 1.50837e-01
 1.50856e-01
 1.50880e-01
 1.50929e-01
 1.50973e-01
 1.51059e-01
 1.51127e-01
 1.51260e-01
 1.51355e-01
 1.51555e-01
 1.51688e-01
 1.51977e-01
 1.52171e-01
 1.52577e-01
 1.52874e-01
 1.53435e-01
 1.53909e-01
 1.54678e-01
 1.55438e-01
 1.56519e-01
 1.57725e-01
 1.59295e-01
 1.61214e-01
 1.63655e-01
 1.66690e-01
 1.70553e-01
 1.75711e-01
 1.82895e-01
 1.92823e-01
 2.05842e-01
 2.21512e-01
 2.37946e-01
 2.50471e-01
 2.50959e-01
 2.26941e-01
 1.78396e-01
 1.07459e-01
 4.04215e-02
 6.78836e-03
 2.55734e-04
 2.12069e-06
 9.80174e-07
 9.79290e-07
 9.79264e-07
 9.79264e-07
 9.79264e-07
 9.79264e-07
 9.79264e-07
 9.79264e-07
 9.79264e-07
 9.79264e-07
 9.79264e-07
 9.79264e-07
 9.79264e-07
 9.79264e-07
 9.79264e-07
 9.79264e-07
 9.79264e-07
 9.79264e-07
 9.79263e-07
 1.51139e-01
 1.51153e-01
 1.51198e-01
 1.51233e-01
 1.51314e-01
 1.51374e-01
 1.51505e-01
 1.51593e-01
 1.51788e-01
 1.51915e-01
 1.52197e-01
 1.52383e-01
 1.52776e-01
 1.53062e-01
 1.53601e-01
 1.54051e-01
 1.54783e-01
 1.55499e-01
 1.56519e-01
 1.57644e-01
 1.59107e-01
 1.60878e-01
 1.63127e-01
 1.65908e-01
 1.69401e-01
 1.73960e-01
 1.80222e-01
 1.88934e-01
 2.00638e-01
 2.15315e-01
 2.31796e-01
 2.46899e-01
 2.55136e-01
 2.41646e-01
 2.05864e-01
 1.43099e-01
 6.97169e-02
 1.82368e-02
 1.61040e-03
 2.24382e-05
 1.01652e-06
 9.79500e-07
 9.79264e-07
 9.79264e-07
 9.79264e-07
 9.79264e-07
 9.79264e-07
 9.79264e-07
 9.79264e-07
 9.79264e-07
 9.79264e-07
 9.79264e-07
 9.79264e-07
 9.79264e-07
 9.79264e-07
 9.79264e-07
 9.79264e-07
 9.79264e-07
 9.79264e-07
 9.79263e-07
 1.51508e-01
 1.51537e-01
 1.51568e-01
 1.51643e-01
 1.51695e-01
 1.51821e-01
 1.51903e-01
 1.52095e-01
 1.52217e-01
 1.52493e-01
 1.52675e-01
 1.53057e-01
 1.53337e-01
 1.53858e-01
 1.54294e-01
 1.54998e-01
 1.55686e-01
 1.56658e-01
 1.57725e-01
 1.59107e-01
 1.60768e-01
 1.62868e-01
 1.65453e-01
 1.68671e-01
 1.72797e-01
 1.78370e-01
 1.86103e-01
 1.96635e-01
 2.10211e-01
 2.26204e-01
 2.42429e-01
 2.54114e-01
 2.51415e-01
 2.25603e-01
 1.73777e-01
 1.01602e-01
 3.65403e-02
 5.77678e-03
 2.01346e-04
 1.84894e-06
 9.80248e-07
 9.79296e-07
 9.79264e-07
 9.79264e-07
 9.79264e-07
 9.79264e-07
 9.79264e-07
 9.79264e-07
 9.79264e-07
 9.79264e-07
 9.79264e-07
 9.79264e-07
 9.79264e-07
 9.79264e-07
 9.79264e-07
 9.79264e-07
 9.79264e-07
 9.79264e-07
 9.79264e-07
 9.79263e-07
 1.51976e-01
 1.51997e-01
 1.52062e-01
 1.52109e-01
 1.52227e-01
 1.52305e-01
 1.52491e-01
 1.52611e-01
 1.52879e-01
 1.53061e-01
 1.53434e-01
 1.53715e-01
 1.54220e-01
 1.54651e-01
 1.55334e-01
 1.56006e-01
 1.56943e-01
 1.57971e-01
 1.59295e-01
 1.60878e-01
 1.62868e-01
 1.65304e-01
 1.68316e-01
 1.72132e-01
 1.77208e-01
 1.84192e-01
 1.93751e-01
 2.06279e-01
 2.21529e-01
 2.37952e-01
 2.51754e-01
 2.57138e-01
 2.38994e-01
 1.98203e-01
 1.31888e-01
 5.98538e-02
 1.40763e-02
 1.04151e-03
 1.23909e-05
 9.98733e-07
 9.79485e-07
 9.79264e-07
 9.79264e-07
 9.79264e-07
 9.79264e-07
 9.79264e-07
 9.79264e-07
 9.79264e-07
 9.79264e-07
 9.79264e-07
 9.79264e-07
 9.79264e-07
 9.79264e-07
 9.79264e-07
 9.79264e-07
 9.79264e-07
 9.79264e-07
 9.79264e-07
 9.79264e-07
 9.79263e-07
 1.52554e-01
 1.52596e-01
 1.52641e-01
 1.52746e-01
 1.52821e-01
 1.52997e-01
 1.53118e-01
 1.53378e-01
 1.53565e-01
 1.53928e-01
 1.54212e-01
 1.54705e-01
 1.55141e-01
 1.55808e-01
 1.56476e-01
 1.57387e-01
 1.58393e-01
 1.59679e-01
 1.61214e-01
 1.63127e-01
 1.65453e-01
 1.68316e-01
 1.71916e-01
 1.76647e-01
 1.83092e-01
 1.91892e-01
 2.03515e-01
 2.17950e-01
 2.34115e-01
 2.49192e-01
 2.58242e-01
 2.48077e-01
 2.16555e-01
 1.58080e-01
 8.48521e-02
 2.66338e-02
 3.41257e-03
 8.58183e-05
 1.25946e-06
 9.80025e-07
 9.79282e-07
 9.79264e-07
 9.79264e-07
 9.79264e-07
 9.79264e-07
 9.79264e-07
 9.79264e-07
 9.79264e-07
 9.79264e-07
 9.79264e-07
 9.79264e-07
 9.79264e-07
 9.79264e-07
 9.79264e-07
 9.79264e-07
 9.79264e-07
 9.79264e-07
 9.79264e-07
 9.79264e-07
 9.79263e-07
 1.53286e-01
 1.53319e-01
 1.53410e-01
 1.53483e-01
 1.53645e-01
 1.53769e-01
 1.54017e-01
 1.54210e-01
 1.54562e-01
 1.54857e-01
 1.55340e-01
 1.55788e-01
 1.56444e-01
 1.57116e-01
 1.58012e-01
 1.59013e-01
 1.60281e-01
 1.61792e-01
 1.63655e-01
 1.65908e-01
 1.68671e-01
 1.72132e-01
 1.76647e-01
 1.82734e-01
 1.90984e-01
 2.01881e-01
 2.15546e-01
 2.31228e-01
 2.46708e-01
 2.57514e-01
 2.54221e-01
 2.29475e-01
 1.79173e-01
 1.08534e-01
 4.22360e-02
 7.85106e-03
 3.86058e-04
 3.65870e-06
 9.83613e-07
 9.79393e-07
 9.79264e-07
 9.79264e-07
 9.79264e-07
 9.79264e-07
 9.79264e-07
 9.79264e-07
 9.79264e-07
 9.79264e-07
 9.79264e-07
 9.79264e-07
 9.79264e-07
 9.79264e-07
 9.79264e-07
 9.79264e-07
 9.79264e-07
 9.79264e-07
 9.79264e-07
 9.79264e-07
 9.79264e-07
 9.79263e-07
 1.54198e-01
 1.54257e-01
 1.54331e-01
 1.54474e-01
 1.54599e-01
 1.54833e-01
 1.55034e-01
 1.55376e-01
 1.55684e-01
 1.56161e-01
 1.56624e-01
 1.57273e-01
 1.57959e-01
 1.58850e-01
 1.59865e-01
 1.61133e-01
 1.62640e-01
 1.64477e-01
 1.66690e-01
 1.69401e-01
 1.72797e-01
 1.77208e-01
 1.83092e-01
 1.90984e-01
 2.01341e-01
 2.14342e-01
 2.29445e-01
 2.44828e-01
 2.56485e-01
 2.58348e-01
 2.38068e-01
 1.95146e-01
 1.28920e-01
 5.87498e-02
 1.43025e-02
 1.18515e-03
 1.71708e-05
 1.01633e-06
 9.79680e-07
 9.79265e-07
 9.79264e-07
 9.79264e-07
 9.79264e-07
 9.79264e-07
 9.79264e-07
 9.79264e-07
 9.79264e-07
 9.79264e-07
 9.79264e-07
 9.79264e-07
 9.79264e-07
 9.79264e-07
 9.79264e-07
 9.79264e-07
 9.79264e-07
 9.79264e-07
 9.79264e-07
 9.79264e-07
 9.79264e-07
 9.79263e-07
 1.55356e-01
 1.55411e-01
 1.55535e-01
 1.55661e-01
 1.55878e-01
 1.56088e-01
 1.56418e-01
 1.56742e-01
 1.57211e-01
 1.57693e-01
 1.58341e-01
 1.59051e-01
 1.59954e-01
 1.60996e-01
 1.62277e-01
 1.63796e-01
 1.65631e-01
 1.67841e-01
 1.70553e-01
 1.73960e-01
 1.78370e-01
 1.84192e-01
 1.91892e-01
 2.01881e-01
 2.14342e-01
 2.28842e-01
 2.43831e-01
 2.55870e-01
 2.60150e-01
 2.43450e-01
 2.06425e-01
 1.45015e-01
 7.40724e-02
 2.19836e-02
 2.67273e-03
 6.58232e-05
 1.21501e-06
 9.80229e-07
 9.79298e-07
 9.79264e-07
 9.79264e-07
 9.79264e-07
 9.79264e-07
 9.79264e-07
 9.79264e-07
 9.79264e-07
 9.79264e-07
 9.79264e-07
 9.79264e-07
 9.79264e-07
 9.79264e-07
 9.79264e-07
 9.79264e-07
 9.79264e-07
 9.79264e-07
 9.79264e-07
 9.79264e-07
 9.79264e-07
 9.79264e-07
 9.79263e-07
 1.56819e-01
 1.56901e-01
 1.57026e-01
 1.57220e-01
 1.57434e-01
 1.57750e-01
 1.58088e-01
 1.58552e-01
 1.59060e-01
 1.59717e-01
 1.60462e-01
 1.61387e-01
 1.62465e-01
 1.63771e-01
 1.65317e-01
 1.67179e-01
 1.69431e-01
 1.72210e-01
 1.75711e-01
 1.80222e-01
 1.86103e-01
 1.93751e-01
 2.03515e-01
 2.15546e-01
 2.29445e-01
 2.43831e-01
 2.55652e-01
 2.60750e-01
 2.46431e-01
 2.13558e-01
 1.56473e-01
 8.66263e-02
 2.97325e-02
 4.70374e-03
 1.83211e-04
 2.05945e-06
 9.81145e-07
 9.79392e-07
 9.79264e-07
 9.79264e-07
 9.79264e-07
 9.79264e-07
 9.79264e-07
 9.79264e-07
 9.79264e-07
 9.79264e-07
 9.79264e-07
 9.79264e-07
 9.79264e-07
 9.79264e-07
 9.79264e-07
 9.79264e-07
 9.79264e-07
 9.79264e-07
 9.79264e-07
 9.79264e-07
 9.79264e-07
 9.79264e-07
 9.79264e-07
 9.79263e-07
 1.58685e-01
 1.58777e-01
 1.58953e-01
 1.59165e-01
 1.59467e-01
 1.59819e-01
 1.60284e-01
 1.60819e-01
 1.61492e-01
 1.62274e-01
 1.63227e-01
 1.64346e-01
 1.65691e-01
 1.67291e-01
 1.69225e-01
 1.71581e-01
 1.74504e-01
 1.78188e-01
 1.82895e-01
 1.88934e-01
 1.96635e-01
 2.06279e-01
 2.17950e-01
 2.31228e-01
 2.44828e-01
 2.55870e-01
 2.60750e-01
 2.47396e-01
 2.17002e-01
 1.63288e-01
 9.54235e-02
 3.62945e-02
 6.90481e-03
 3.82343e-04
 4.46849e-06
 9.87919e-07
 9.79555e-07
 9.79265e-07
 9.79264e-07
 9.79264e-07
 9.79264e-07
 9.79264e-07
 9.79264e-07
 9.79264e-07
 9.79264e-07
 9.79264e-07
 9.79264e-07
 9.79264e-07
 9.79264e-07
 9.79264e-07
 9.79264e-07
 9.79264e-07
 9.79264e-07
 9.79264e-07
 9.79264e-07
 9.79264e-07
 9.79264e-07
 9.79264e-07
 9.79264e-07
 9.79263e-07
 1.61091e-01
 1.61215e-01
 1.61423e-01
 1.61707e-01
 1.62063e-01
 1.62527e-01
 1.63084e-01
 1.63773e-01
 1.64591e-01
 1.65581e-01
 1.66757e-01
 1.68171e-01
 1.69872e-01
 1.71940e-01
 1.74478e-01
 1.77629e-01
 1.81580e-01
 1.86558e-01
 1.92823e-01
 2.00638e-01
 2.10211e-01
 2.21529e-01
 2.34115e-01
 2.46708e-01
 2.56485e-01
 2.60150e-01
 2.46431e-01
 2.17002e-01
 1.65546e-01
 9.99332e-02
 4.06516e-02
 8.77122e-03
 6.25659e-04
 9.09651e-06
 1.00365e-06
 9.79778e-07
 9.79269e-07
 9.79264e-07
 9.79264e-07
 9.79264e-07
 9.79264e-07
 9.79264e-07
 9.79264e-07
 9.79264e-07
 9.79264e-07
 9.79264e-07
 9.79264e-07
 9.79264e-07
 9.79264e-07
 9.79264e-07
 9.79264e-07
 9.79264e-07
 9.79264e-07
 9.79264e-07
 9.79264e-07
 9.79264e-07
 9.79264e-07
 9.79264e-07
 9.79264e-07
 9.79263e-07
 1.64206e-01
 1.64360e-01
 1.64629e-01
 1.64976e-01
 1.65435e-01
 1.66009e-01
 1.66723e-01
 1.67588e-01
 1.68640e-01
 1.69908e-01
 1.71444e-01
 1.73309e-01
 1.75586e-01
 1.78382e-01
 1.81834e-01
 1.86107e-01
 1.91395e-01
 1.97907e-01
 2.05842e-01
 2.15315e-01
 2.26204e-01
 2.37952e-01
 2.49192e-01
 2.57514e-01
 2.58348e-01
 2.43450e-01
 2.13558e-01
 1.63288e-01
 9.99332e-02
 4.21733e-02
 9.83977e-03
 8.30128e-04
 1.49692e-05
 1.03014e-06
 9.80028e-07
 9.79287e-07
 9.79264e-07
 9.79264e-07
 9.79264e-07
 9.79264e-07
 9.79264e-07
 9.79264e-07
 9.79264e-07
 9.79264e-07
 9.79264e-07
 9.79264e-07
 9.79264e-07
 9.79264e-07
 9.79264e-07
 9.79264e-07
 9.79264e-07
 9.79264e-07
 9.79264e-07
 9.79264e-07
 9.79264e-07
 9.79264e-07
 9.79264e-07
 9.79264e-07
 9.79264e-07
 9.79263e-07
 1.68299e-01
 1.68500e-01
 1.68846e-01
 1.69301e-01
 1.69897e-01
 1.70654e-01
 1.71591e-01
 1.72744e-01
 1.74151e-01
 1.75865e-01
 1.77953e-01
 1.80497e-01
 1.83599e-01
 1.87381e-01
 1.91985e-01
 1.97566e-01
 2.04285e-01
 2.12267e-01
 2.21512e-01
 2.31796e-01
 2.42429e-01
 2.51754e-01
 2.58242e-01
 2.54221e-01
 2.38068e-01
 2.06425e-01
 1.56473e-01
 9.54235e-02
 4.06516e-02
 9.83977e-03
 9.10313e-04
 1.92399e-05
 1.05876e-06
 9.80248e-07
 9.79311e-07
 9.79264e-07
 9.79264e-07
 9.79264e-07
 9.79264e-07
 9.79264e-07
 9.79264e-07
 9.79264e-07
 9.79264e-07
 9.79264e-07
 9.79264e-07
 9.79264e-07
 9.79264e-07
 9.79264e-07
 9.79264e-07
 9.79264e-07
 9.79264e-07
 9.79264e-07
 9.79264e-07
 9.79264e-07
 9.79264e-07
 9.79264e-07
 9.79264e-07
 9.79264e-07
 9.79264e-07
 9.79263e-07
 1.73930e-01
 1.74198e-01
 1.74662e-01
 1.75277e-01
 1.76084e-01
 1.77107e-01
 1.78380e-01
 1.79948e-01
 1.81864e-01
 1.84192e-01
 1.87008e-01
 1.90404e-01
 1.94482e-01
 1.99356e-01
 2.05145e-01
 2.11946e-01
 2.19786e-01
 2.28576e-01
 2.37946e-01
 2.46899e-01
 2.54114e-01
 2.57138e-01
 2.48077e-01
 2.29475e-01
 1.95146e-01
 1.45015e-01
 8.66263e-02
 3.62945e-02
 8.77122e-03
 8.30128e-04
 1.92399e-05
 1.07152e-06
 9.80378e-07
 9.79333e-07
 9.79264e-07
 9.79264e-07
 9.79264e-07
 9.79264e-07
 9.79264e-07
 9.79264e-07
 9.79264e-07
 9.79264e-07
 9.79264e-07
 9.79264e-07
 9.79264e-07
 9.79264e-07
 9.79264e-07
 9.79264e-07
 9.79264e-07
 9.79264e-07
 9.79264e-07
 9.79264e-07
 9.79264e-07
 9.79264e-07
 9.79264e-07
 9.79264e-07
 9.79264e-07
 9.79264e-07
 9.79264e-07
 9.79263e-07
 1.81811e-01
 1.82167e-01
 1.82788e-01
 1.83609e-01
 1.84682e-01
 1.86042e-01
 1.87733e-01
 1.89807e-01
 1.92320e-01
 1.95340e-01
 1.98941e-01
 2.03204e-01
 2.08210e-01
 2.14016e-01
 2.20650e-01
 2.28071e-01
 2.36029e-01
 2.43825e-01
 2.50471e-01
 2.55136e-01
 2.51415e-01
 2.38994e-01
 2.16555e-01
 1.79173e-01
 1.28920e-01
 7.40724e-02
 2.97325e-02
 6.90481e-03
 6.25659e-04
 1.49692e-05
 1.05876e-06
 9.80378e-07
 9.79340e-07
 9.79264e-07
 9.79264e-07
 9.79264e-07
 9.79264e-07
 9.79264e-07
 9.79264e-07
 9.79264e-07
 9.79264e-07
 9.79264e-07
 9.79264e-07
 9.79264e-07
 9.79264e-07
 9.79264e-07
 9.79264e-07
 9.79264e-07
 9.79264e-07
 9.79264e-07
 9.79264e-07
 9.79264e-07
 9.79264e-07
 9.79264e-07
 9.79264e-07
 9.79264e-07
 9.79264e-07
 9.79264e-07
 9.79264e-07
 9.79263e-07
 1.92372e-01
 1.92827e-01
 1.93620e-01
 1.94652e-01
 1.95998e-01
 1.97705e-01
 1.99819e-01
 2.02389e-01
 2.05465e-01
 2.09097e-01
 2.13331e-01
 2.18208e-01
 2.23748e-01
 2.29887e-01
 2.36369e-01
 2.42652e-01
 2.48280e-01
 2.52529e-01
 2.50959e-01
 2.41646e-01
 2.25603e-01
 1.98203e-01
 1.58080e-01
 1.08534e-01
 5.87498e-02
 2.19836e-02
 4.70374e-03
 3.82343e-04
 9.09651e-06
 1.03014e-06
 9.80248e-07
 9.79333e-07
 9.79264e-07
 9.79264e-07
 9.79264e-07
 9.79264e-07
 9.79264e-07
 9.79264e-07
 9.79264e-07
 9.79264e-07
 9.79264e-07
 9.79264e-07
 9.79264e-07
 9.79264e-07
 9.79264e-07
 9.79264e-07
 9.79264e-07
 9.79264e-07
 9.79264e-07
 9.79264e-07
 9.79264e-07
 9.79264e-07
 9.79264e-07
 9.79264e-07
 9.79264e-07
 9.79264e-07
 9.79264e-07
 9.79264e-07
 9.79264e-07
 9.79263e-07
 2.05380e-01
 2.05929e-01
 2.06863e-01
 2.08048e-01
 2.09598e-01
 2.11561e-01
 2.13974e-01
 2.16875e-01
 2.20289e-01
 2.24224e-01
 2.28642e-01
 2.33398e-01
 2.38232e-01
 2.42798e-01
 2.47353e-01
 2.50031e-01
 2.47751e-01
 2.39883e-01
 2.26941e-01
 2.05864e-01
 1.73777e-01
 1.31888e-01
 8.48521e-02
 4.22360e-02
 1.43025e-02
 2.67273e-03
 1.83211e-04
 4.46849e-06
 1.00365e-06
 9.80028e-07
 9.79311e-07
 9.79264e-07
 9.79264e-07
 9.79264e-07
 9.79264e-07
 9.79264e-07
 9.79264e-07
 9.79264e-07
 9.79264e-07
 9.79264e-07
 9.79264e-07
 9.79264e-07
 9.79264e-07
 9.79264e-07
 9.79264e-07
 9.79264e-07
 9.79264e-07
 9.79264e-07
 9.79264e-07
 9.79264e-07
 9.79264e-07
 9.79264e-07
 9.79264e-07
 9.79264e-07
 9.79264e-07
 9.79264e-07
 9.79264e-07
 9.79264e-07
 9.79264e-07
 9.79263e-07
 2.19616e-01
 2.20231e-01
 2.21229e-01
 2.22459e-01
 2.24071e-01
 2.26083e-01
 2.28479e-01
 2.31210e-01
 2.34194e-01
 2.37313e-01
 2.40514e-01
 2.43968e-01
 2.46350e-01
 2.46400e-01
 2.41975e-01
 2.34564e-01
 2.23169e-01
 2.05197e-01
 1.78396e-01
 1.43099e-01
 1.01602e-01
 5.98538e-02
 2.66338e-02
 7.85106e-03
 1.18515e-03
 6.58232e-05
 2.05945e-06
 9.87919e-07
 9.79778e-07
 9.79287e-07
 9.79264e-07
 9.79264e-07
 9.79264e-07
 9.79264e-07
 9.79264e-07
 9.79264e-07
 9.79264e-07
 9.79264e-07
 9.79264e-07
 9.79264e-07
 9.79264e-07
 9.79264e-07
 9.79264e-07
 9.79264e-07
 9.79264e-07
 9.79264e-07
 9.79264e-07
 9.79264e-07
 9.79264e-07
 9.79264e-07
 9.79264e-07
 9.79264e-07
 9.79264e-07
 9.79264e-07
 9.79264e-07
 9.79264e-07
 9.79264e-07
 9.79264e-07
 9.79264e-07
 9.79263e-07
 2.32036e-01
 2.32590e-01
 2.33396e-01
 2.34292e-01
 2.35483e-01
 2.37061e-01
 2.38908e-01
 2.40728e-01
 2.42213e-01
 2.42898e-01
 2.41893e-01
 2.38303e-01
 2.33138e-01
 2.25489e-01
 2.14539e-01
 1.97512e-01
 1.73866e-01
 1.43415e-01
 1.07459e-01
 6.97169e-02
 3.65403e-02
 1.40763e-02
 3.41257e-03
 3.86058e-04
 1.71708e-05
 1.21501e-06
 9.81145e-07
 9.79555e-07
 9.79269e-07
 9.79264e-07
 9.79264e-07
 9.79264e-07
 9.79264e-07
 9.79264e-07
 9.79264e-07
 9.79264e-07
 9.79264e-07
 9.79264e-07
 9.79264e-07
 9.79264e-07
 9.79264e-07
 9.79264e-07
 9.79264e-07
 9.79264e-07
 9.79264e-07
 9.79264e-07
 9.79264e-07
 9.79264e-07
 9.79264e-07
 9.79264e-07
 9.79264e-07
 9.79264e-07
 9.79264e-07
 9.79264e-07
 9.79264e-07
 9.79264e-07
 9.79264e-07
 9.79264e-07
 9.79264e-07
 9.79263e-07
 2.37601e-01
 2.37915e-01
 2.38166e-01
 2.38141e-01
 2.37836e-01
 2.36892e-01
 2.35255e-01
 2.33030e-01
 2.30018e-01
 2.25716e-01
 2.19802e-01
 2.11586e-01
 1.99299e-01
 1.82560e-01
 1.60842e-01
 1.33995e-01
 1.02956e-01
 7.02760e-02
 4.04215e-02
 1.82368e-02
 5.77678e-03
 1.04151e-03
 8.58183e-05
 3.65870e-06
 1.01633e-06
 9.80229e-07
 9.79392e-07
 9.79265e-07
 9.79264e-07
 9.79264e-07
 9.79264e-07
 9.79264e-07
 9.79264e-07
 9.79264e-07
 9.79264e-07
 9.79264e-07
 9.79264e-07
 9.79264e-07
 9.79264e-07
 9.79264e-07
 9.79264e-07
 9.79264e-07
 9.79264e-07
 9.79264e-07
 9.79264e-07
 9.79264e-07
 9.79264e-07
 9.79264e-07
 9.79264e-07
 9.79264e-07
 9.79264e-07
 9.79264e-07
 9.79264e-07
 9.79264e-07
 9.79264e-07
 9.79264e-07
 9.79264e-07
 9.79264e-07
 9.79264e-07
 9.79263e-07
 2.21797e-01
 2.21672e-01
 2.21051e-01
 2.19739e-01
 2.17793e-01
 2.15110e-01
 2.11326e-01
 2.05891e-01
 1.98316e-01
 1.88319e-01
 1.75415e-01
 1.59103e-01
 1.39089e-01
 1.15497e-01
 8.91535e-02
 6.20623e-02
 3.73637e-02
 1.83946e-02
 6.78836e-03
 1.61040e-03
 2.01346e-04
 1.23909e-05
 1.25946e-06
 9.83613e-07
 9.79680e-07
 9.79298e-07
 9.79264e-07
 9.79264e-07
 9.79264e-07
 9.79264e-07
 9.79264e-07
 9.79264e-07
 9.79264e-07
 9.79264e-07
 9.79264e-07
 9.79264e-07
 9.79264e-07
 9.79264e-07
 9.79264e-07
 9.79264e-07
 9.79264e-07
 9.79264e-07
 9.79264e-07
 9.79264e-07
 9.79264e-07
 9.79264e-07
 9.79264e-07
 9.79264e-07
 9.79264e-07
 9.79264e-07
 9.79264e-07
 9.79264e-07
 9.79264e-07
 9.79264e-07
 9.79264e-07
 9.79264e-07
 9.79264e-07
 9.79264e-07
 9.79264e-07
 9.79263e-07
 1.87050e-01
 1.86370e-01
 1.84644e-01
 1.81607e-01
 1.77182e-01
 1.71159e-01
 1.63284e-01
 1.53288e-01
 1.40921e-01
 1.25999e-01
 1.08508e-01
 8.87795e-02
 6.77398e-02
 4.69934e-02
 2.86359e-02
 1.46398e-02
 5.82432e-03
 1.59008e-03
 2.55734e-04
 2.24382e-05
 1.84894e-06
 9.98733e-07
 9.80025e-07
 9.79393e-07
 9.79265e-07
 9.79264e-07
 9.79264e-07
 9.79264e-07
 9.79264e-07
 9.79264e-07
 9.79264e-07
 9.79264e-07
 9.79264e-07
 9.79264e-07
 9.79264e-07
 9.79264e-07
 9.79264e-07
 9.79264e-07
 9.79264e-07
 9.79264e-07
 9.79264e-07
 9.79264e-07
 9.79264e-07
 9.79264e-07
 9.79264e-07
 9.79264e-07
 9.79264e-07
 9.79264e-07
 9.79264e-07
 9.79264e-07
 9.79264e-07
 9.79264e-07
 9.79264e-07
 9.79264e-07
 9.79264e-07
 9.79264e-07
 9.79264e-07
 9.79264e-07
 9.79264e-07
 9.79263e-07
 1.28067e-01
 1.26902e-01
 1.24273e-01
 1.19934e-01
 1.13810e-01
 1.05821e-01
 9.59334e-02
 8.42285e-02
 7.09773e-02
 5.67037e-02
 4.22374e-02
 2.86926e-02
 1.72691e-02
 8.79703e-03
 3.55407e-03
 1.00997e-03
 1.86075e-04
 2.07287e-05
 2.12069e-06
 1.01652e-06
 9.80248e-07
 9.79485e-07
 9.79282e-07
 9.79264e-07
 9.79264e-07
 9.79264e-07
 9.79264e-07
 9.79264e-07
 9.79264e-07
 9.79264e-07
 9.79264e-07
 9.79264e-07
 9.79264e-07
 9.79264e-07
 9.79264e-07
 9.79264e-07
 9.79264e-07
 9.79264e-07
 9.79264e-07
 9.79264e-07
 9.79264e-07
 9.79264e-07
 9.79264e-07
 9.79264e-07
 9.79264e-07
 9.79264e-07
 9.79264e-07
 9.79264e-07
 9.79264e-07
 9.79264e-07
 9.79264e-07
 9.79264e-07
 9.79264e-07
 9.79264e-07
 9.79264e-07
 9.79264e-07
 9.79264e-07
 9.79264e-07
 9.79264e-07
 9.79263e-07
 6.01343e-02
 5.89659e-02
 5.64710e-02
 5.25672e-02
 4.73410e-02
 4.09867e-02
 3.38290e-02
 2.63229e-02
 1.90261e-02
 1.24962e-02
 7.23323e-03
 3.53844e-03
 1.35278e-03
 3.79264e-04
 7.41141e-05
 9.85966e-06
 1.63167e-06
 1.00903e-06
 9.80174e-07
 9.79500e-07
 9.79296e-07
 9.79264e-07
 9.79264e-07
 9.79264e-07
 9.79264e-07
 9.79264e-07
 9.79264e-07
 9.79264e-07
 9.79264e-07
 9.79264e-07
 9.79264e-07
 9.79264e-07
 9.79264e-07
 9.79264e-07
 9.79264e-07
 9.79264e-07
 9.79264e-07
 9.79264e-07
 9.79264e-07
 9.79264e-07
 9.79264e-07
 9.79264e-07
 9.79264e-07
 9.79264e-07
 9.79264e-07
 9.79264e-07
 9.79264e-07
 9.79264e-07
 9.79264e-07
 9.79264e-07
 9.79264e-07
 9.79264e-07
 9.79264e-07
 9.79264e-07
 9.79264e-07
 9.79264e-07
 9.79264e-07
 9.79264e-07
 9.79264e-07
 9.79263e-07
 1.41209e-02
 1.35888e-02
 1.25070e-02
 1.09227e-02
 8.97213e-03
 6.85180e-03
 4.78870e-03
 2.99282e-03
 1.60829e-03
 7.13385e-04
 2.54881e-04
 6.98955e-05
 1.42759e-05
 2.73706e-06
 1.13315e-06
 9.88939e-07
 9.79858e-07
 9.79432e-07
 9.79290e-07
 9.79264e-07
 9.79264e-07
 9.79264e-07
 9.79264e-07
 9.79264e-07
 9.79264e-07
 9.79264e-07
 9.79264e-07
 9.79264e-07
 9.79264e-07
 9.79264e-07
 9.79264e-07
 9.79264e-07
 9.79264e-07
 9.79264e-07
 9.79264e-07
 9.79264e-07
 9.79264e-07
 9.79264e-07
 9.79264e-07
 9.79264e-07
 9.79264e-07
 9.79264e-07
 9.79264e-07
 9.79264e-07
 9.79264e-07
 9.79264e-07
 9.79264e-07
 9.79264e-07
 9.79264e-07
 9.79264e-07
 9.79264e-07
 9.79264e-07
 9.79264e-07
 9.79264e-07
 9.79264e-07
 9.79264e-07
 9.79264e-07
 9.79264e-07
 9.79264e-07
 9.79263e-07
 8.87514e-04
 8.21716e-04
 6.97981e-04
 5.36934e-04
 3.68570e-04
 2.21709e-04
 1.14352e-04
 4.93004e-05
 1.74404e-05
 5.33539e-06
 1.84666e-06
 1.10519e-06
 9.92949e-07
 9.79979e-07
 9.79523e-07
 9.79337e-07
 9.79272e-07
 9.79264e-07
 9.79264e-07
 9.79264e-07
 9.79264e-07
 9.79264e-07
 9.79264e-07
 9.79264e-07
 9.79264e-07
 9.79264e-07
 9.79264e-07
 9.79264e-07
 9.79264e-07
 9.79264e-07
 9.79264e-07
 9.79264e-07
 9.79264e-07
 9.79264e-07
 9.79264e-07
 9.79264e-07
 9.79264e-07
 9.79264e-07
 9.79264e-07
 9.79264e-07
 9.79264e-07
 9.79264e-07
 9.79264e-07
 9.79264e-07
 9.79264e-07
 9.79264e-07
 9.79264e-07
 9.79264e-07
 9.79264e-07
 9.79264e-07
 9.79264e-07
 9.79264e-07
 9.79264e-07
 9.79264e-07
 9.79264e-07
 9.79264e-07
 9.79264e-07
 9.79264e-07
 9.79264e-07
 9.79263e-07
 6.69716e-06
 6.00430e-06
 4.82214e-06
 3.49474e-06
 2.36291e-06
 1.60645e-06
 1.20875e-06
 1.04587e-06
 9.94652e-07
 9.82222e-07
 9.79677e-07
 9.79441e-07
 9.79325e-07
 9.79276e-07
 9.79264e-07
 9.79264e-07
 9.79264e-07
 9.79264e-07
 9.79264e-07
 9.79264e-07
 9.79264e-07
 9.79264e-07
 9.79264e-07
 9.79264e-07
 9.79264e-07
 9.79264e-07
 9.79264e-07
 9.79264e-07
 9.79264e-07
 9.79264e-07
 9.79264e-07
 9.79264e-07
 9.79264e-07
 9.79264e-07
 9.79264e-07
 9.79264e-07
 9.79264e-07
 9.79264e-07
 9.79264e-07
 9.79264e-07
 9.79264e-07
 9.79264e-07
 9.79264e-07
 9.79264e-07
 9.79264e-07
 9.79264e-07
 9.79264e-07
 9.79264e-07
 9.79264e-07
 9.79264e-07
 9.79264e-07
 9.79264e-07
 9.79264e-07
 9.79264e-07
 9.79264e-07
 9.79264e-07
 9.79264e-07
 9.79264e-07
 9.79264e-07
 9.79263e-07
 9.82739e-07
 9.82209e-07
 9.81388e-07
 9.80548e-07
 9.79648e-07
 9.79532e-07
 9.79431e-07
 9.79354e-07
 9.79303e-07
 9.79277e-07
 9.79265e-07
 9.79264e-07
 9.79264e-07
 9.79264e-07
 9.79264e-07
 9.79264e-07
 9.79264e-07
 9.79264e-07
 9.79264e-07
 9.79264e-07
 9.79264e-07
 9.79264e-07
 9.79264e-07
 9.79264e-07
 9.79264e-07
 9.79264e-07
 9.79264e-07
 9.79264e-07
 9.79264e-07
 9.79264e-07
 9.79264e-07
 9.79264e-07
 9.79264e-07
 9.79264e-07
 9.79264e-07
 9.79264e-07
 9.79264e-07
 9.79264e-07
 9.79264e-07
 9.79264e-07
 9.79264e-07
 9.79264e-07
 9.79264e-07
 9.79264e-07
 9.79264e-07
 9.79264e-07
 9.79264e-07
 9.79264e-07
 9.79264e-07
 9.79264e-07
 9.79264e-07
 9.79264e-07
 9.79264e-07
 9.79264e-07
 9.79264e-07
 9.79264e-07
 9.79264e-07
 9.79264e-07
 9.79264e-07
 9.79263e-07
 9.79269e-07
 9.79268e-07
 9.79266e-07
 9.79265e-07
 9.79264e-07
 9.79264e-07
 9.79264e-07
 9.79264e-07
 9.79264e-07
 9.79264e-07
 9.79264e-07
 9.79264e-07
 9.79264e-07
 9.79264e-07
 9.79264e-07
 9.79264e-07
 9.79264e-07
 9.79264e-07
 9.79264e-07
 9.79264e-07
 9.79264e-07
 9.79264e-07
 9.79264e-07
 9.79264e-07
 9.79264e-07
 9.79264e-07
 9.79264e-07
 9.79264e-07
 9.79264e-07
 9.79264e-07
 9.79264e-07
 9.79264e-07
 9.79264e-07
 9.79264e-07
 9.79264e-07
 9.79264e-07
 9.79264e-07
 9.79264e-07
 9.79264e-07
 9.79264e-07
 9.79264e-07
 9.79264e-07
 9.79264e-07
 9.79264e-07
 9.79264e-07
 9.79264e-07
 9.79264e-07
 9.79264e-07
 9.79264e-07
 9.79264e-07
 9.79264e-07
 9.79264e-07
 9.79264e-07
 9.79264e-07
 9.79264e-07
 9.79264e-07
 9.79264e-07
 9.79264e-07
 9.79264e-07
 9.79263e-07
 9.79264e-07
 9.79264e-07
 9.79264e-07
 9.79264e-07
 9.79264e-07
 9.79264e-07
 9.79264e-07
 9.79264e-07
 9.79264e-07
 9.79264e-07
 9.79264e-07
 9.79264e-07
 9.79264e-07
 9.79264e-07
 9.79264e-07
 9.79264e-07
 9.79264e-07
 9.79264e-07
 9.79264e-07
 9.79264e-07
 9.79264e-07
 9.79264e-07
 9.79264e-07
 9.79264e-07
 9.79264e-07
 9.79264e-07
 9.79264e-07
 9.79264e-07
 9.79264e-07
 9.79264e-07
 9.79264e-07
 9.79264e-07
 9.79264e-07
 9.79264e-07
 9.79264e-07
 9.79264e-07
 9.79264e-07
 9.79264e-07
 9.79264e-07
 9.79264e-07
 9.79264e-07
 9.79264e-07
 9.79264e-07
 9.79264e-07
 9.79264e-07
 9.79264e-07
 9.79264e-07
 9.79264e-07
 9.79264e-07
 9.79264e-07
 9.79264e-07
 9.79264e-07
 9.79264e-07
 9.79264e-07
 9.79264e-07
 9.79264e-07
 9.79264e-07
 9.79264e-07
 9.79264e-07
 9.79263e-07
 9.79264e-07
 9.79264e-07
 9.79264e-07
 9.79264e-07
 9.79264e-07
 9.79264e-07
 9.79264e-07
 9.79264e-07
 9.79264e-07
 9.79264e-07
 9.79264e-07
 9.79264e-07
 9.79264e-07
 9.79264e-07
 9.79264e-07
 9.79264e-07
 9.79264e-07
 9.79264e-07
 9.79264e-07
 9.79264e-07
 9.79264e-07
 9.79264e-07
 9.79264e-07
 9.79264e-07
 9.79264e-07
 9.79264e-07
 9.79264e-07
 9.79264e-07
 9.79264e-07
 9.79264e-07
 9.79264e-07
 9.79264e-07
 9.79264e-07
 9.79264e-07
 9.79264e-07
 9.79264e-07
 9.79264e-07
 9.79264e-07
 9.79264e-07
 9.79264e-07
 9.79264e-07
 9.79264e-07
 9.79264e-07
 9.79264e-07
 9.79264e-07
 9.79264e-07
 9.79264e-07
 9.79264e-07
 9.79264e-07
 9.79264e-07
 9.79264e-07
 9.79264e-07
 9.79264e-07
 9.79264e-07
 9.79264e-07
 9.79264e-07
 9.79264e-07
 9.79264e-07
 9.79264e-07
 9.79263e-07
 9.79264e-07
 9.79264e-07
 9.79264e-07
 9.79264e-07
 9.79264e-07
 9.79264e-07
 9.79264e-07
 9.79264e-07
 9.79264e-07
 9.79264e-07
 9.79264e-07
 9.79264e-07
 9.79264e-07
 9.79264e-07
 9.79264e-07
 9.79264e-07
 9.79264e-07
 9.79264e-07
 9.79264e-07
 9.79264e-07
 9.79264e-07
 9.79264e-07
 9.79264e-07
 9.79264e-07
 9.79264e-07
 9.79264e-07
 9.79264e-07
 9.79264e-07
 9.79264e-07
 9.79264e-07
 9.79264e-07
 9.79264e-07
 9.79264e-07
 9.79264e-07
 9.79264e-07
 9.79264e-07
 9.79264e-07
 9.79264e-07
 9.79264e-07
 9.79264e-07
 9.79264e-07
 9.79264e-07
 9.79264e-07
 9.79264e-07
 9.79264e-07
 9.79264e-07
 9.79264e-07
 9.79264e-07
 9.79264e-07
 9.79264e-07
 9.79264e-07
 9.79264e-07
 9.79264e-07
 9.79264e-07
 9.79264e-07
 9.79264e-07
 9.79264e-07
 9.79264e-07
 9.79264e-07
 9.79263e-07
 9.79264e-07
 9.79264e-07
 9.79264e-07
 9.79264e-07
 9.79264e-07
 9.79264e-07
 9.79264e-07
 9.79264e-07
 9.79264e-07
 9.79264e-07
 9.79264e-07
 9.79264e-07
 9.79264e-07
 9.79264e-07
 9.79264e-07
 9.79264e-07
 9.79264e-07
 9.79264e-07
 9.79264e-07
 9.79264e-07
 9.79264e-07
 9.79264e-07
 9.79264e-07
 9.79264e-07
 9.79264e-07
 9.79264e-07
 9.79264e-07
 9.79264e-07
 9.79264e-07
 9.79264e-07
 9.79264e-07
 9.79264e-07
 9.79264e-07
 9.79264e-07
 9.79264e-07
 9.79264e-07
 9.79264e-07
 9.79264e-07
 9.79264e-07
 9.79264e-07
 9.79264e-07
 9.79264e-07
 9.79264e-07
 9.79264e-07
 9.79264e-07
 9.79264e-07
 9.79264e-07
 9.79264e-07
 9.79264e-07
 9.79264e-07
 9.79264e-07
 9.79264e-07
 9.79264e-07
 9.79264e-07
 9.79264e-07
 9.79264e-07
 9.79264e-07
 9.79264e-07
 9.79264e-07
 9.79263e-07
 9.79264e-07
 9.79264e-07
 9.79264e-07
 9.79264e-07
 9.79264e-07
 9.79264e-07
 9.79264e-07
 9.79264e-07
 9.79264e-07
 9.79264e-07
 9.79264e-07
 9.79264e-07
 9.79264e-07
 9.79264e-07
 9.79264e-07
 9.79264e-07
 9.79264e-07
 9.79264e-07
 9.79264e-07
 9.79264e-07
 9.79264e-07
 9.79264e-07
 9.79264e-07
 9.79264e-07
 9.79264e-07
 9.79264e-07
 9.79264e-07
 9.79264e-07
 9.79264e-07
 9.79264e-07
 9.79264e-07
 9.79264e-07
 9.79264e-07
 9.79264e-07
 9.79264e-07
 9.79264e-07
 9.79264e-07
 9.79264e-07
 9.79264e-07
 9.79264e-07
 9.79264e-07
 9.79264e-07
 9.79264e-07
 9.79264e-07
 9.79264e-07
 9.79264e-07
 9.79264e-07
 9.79264e-07
 9.79264e-07
 9.79264e-07
 9.79264e-07
 9.79264e-07
 9.79264e-07
 9.79264e-07
 9.79264e-07
 9.79264e-07
 9.79264e-07
 9.79264e-07
 9.79264e-07
 9.79263e-07
 9.79264e-07
 9.79264e-07
 9.79264e-07
 9.79264e-07
 9.79264e-07
 9.79264e-07
 9.79264e-07
 9.79264e-07
 9.79264e-07
 9.79264e-07
 9.79264e-07
 9.79264e-07
 9.79264e-07
 9.79264e-07
 9.79264e-07
 9.79264e-07
 9.79264e-07
 9.79264e-07
 9.79264e-07
 9.79264e-07
 9.79264e-07
 9.79264e-07
 9.79264e-07
 9.79264e-07
 9.79264e-07
 9.79264e-07
 9.79264e-07
 9.79264e-07
 9.79264e-07
 9.79264e-07
 9.79264e-07
 9.79264e-07
 9.79264e-07
 9.79264e-07
 9.79264e-07
 9.79264e-07
 9.79264e-07
 9.79264e-07
 9.79264e-07
 9.79264e-07
 9.79264e-07
 9.79264e-07
 9.79264e-07
 9.79264e-07
 9.79264e-07
 9.79264e-07
 9.79264e-07
 9.79264e-07
 9.79264e-07
 9.79264e-07
 9.79264e-07
 9.79264e-07
 9.79264e-07
 9.79264e-07
 9.79264e-07
 9.79264e-07
 9.79264e-07
 9.79264e-07
 9.79264e-07
 9.79263e-07
 9.79264e-07
 9.79264e-07
 9.79264e-07
 9.79264e-07
 9.79264e-07
 9.79264e-07
 9.79264e-07
 9.79264e-07
 9.79264e-07
 9.79264e-07
 9.79264e-07
 9.79264e-07
 9.79264e-07
 9.79264e-07
 9.79264e-07
 9.79264e-07
 9.79264e-07
 9.79264e-07
 9.79264e-07
 9.79264e-07
 9.79264e-07
 9.79264e-07
 9.79264e-07
 9.79264e-07
 9.79264e-07
 9.79264e-07
 9.79264e-07
 9.79264e-07
 9.79264e-07
 9.79264e-07
 9.79264e-07
 9.79264e-07
 9.79264e-07
 9.79264e-07
 9.79264e-07
 9.79264e-07
 9.79264e-07
 9.79264e-07
 9.79264e-07
 9.79264e-07
 9.79264e-07
 9.79264e-07
 9.79264e-07
 9.79264e-07
 9.79264e-07
 9.79264e-07
 9.79264e-07
 9.79264e-07
 9.79264e-07
 9.79264e-07
 9.79264e-07
 9.79264e-07
 9.79264e-07
 9.79264e-07
 9.79264e-07
 9.79264e-07
 9.79264e-07
 9.79264e-07
 9.79264e-07
 9.79263e-07
 9.79264e-07
 9.79264e-07
 9.79264e-07
 9.79264e-07
 9.79264e-07
 9.79264e-07
 9.79264e-07
 9.79264e-07
 9.79264e-07
 9.79264e-07
 9.79264e-07
 9.79264e-07
 9.79264e-07
 9.79264e-07
 9.79264e-07
 9.79264e-07
 9.79264e-07
 9.79264e-07
 9.79264e-07
 9.79264e-07
 9.79264e-07
 9.79264e-07
 9.79264e-07
 9.79264e-07
 9.79264e-07
 9.79264e-07
 9.79264e-07
 9.79264e-07
 9.79264e-07
 9.79264e-07
 9.79264e-07
 9.79264e-07
 9.79264e-07
 9.79264e-07
 9.79264e-07
 9.79264e-07
 9.79264e-07
 9.79264e-07
 9.79264e-07
 9.79264e-07
 9.79264e-07
 9.79264e-07
 9.79264e-07
 9.79264e-07
 9.79264e-07
 9.79264e-07
 9.79264e-07
 9.79264e-07
 9.79264e-07
 9.79264e-07
 9.79264e-07
 9.79264e-07
 9.79264e-07
 9.79264e-07
 9.79264e-07
 9.79264e-07
 9.79264e-07
 9.79264e-07
 9.79264e-07
 9.79263e-07
 9.79264e-07
 9.79264e-07
 9.79264e-07
 9.79264e-07
 9.79264e-07
 9.79264e-07
 9.79264e-07
 9.79264e-07
 9.79264e-07
 9.79264e-07
 9.79264e-07
 9.79264e-07
 9.79264e-07
 9.79264e-07
 9.79264e-07
 9.79264e-07
 9.79264e-07
 9.79264e-07
 9.79264e-07
 9.79264e-07
 9.79264e-07
 9.79264e-07
 9.79264e-07
 9.79264e-07
 9.79264e-07
 9.79264e-07
 9.79264e-07
 9.79264e-07
 9.79264e-07
 9.79264e-07
 9.79264e-07
 9.79264e-07
 9.79264e-07
 9.79264e-07
 9.79264e-07
 9.79264e-07
 9.79264e-07
 9.79264e-07
 9.79264e-07
 9.79264e-07
 9.79264e-07
 9.79264e-07
 9.79264e-07
 9.79264e-07
 9.79264e-07
 9.79264e-07
 9.79264e-07
 9.79264e-07
 9.79264e-07
 9.79264e-07
 9.79264e-07
 9.79264e-07
 9.79264e-07
 9.79264e-07
 9.79264e-07
 9.79264e-07
 9.79264e-07
 9.79264e-07
 9.79264e-07
 9.79263e-07
 9.79264e-07
 9.79264e-07
 9.79264e-07
 9.79264e-07
 9.79264e-07
 9.79264e-07
 9.79264e-07
 9.79264e-07
 9.79264e-07
 9.79264e-07
 9.79264e-07
 9.79264e-07
 9.79264e-07
 9.79264e-07
 9.79264e-07
 9.79264e-07
 9.79264e-07
 9.79264e-07
 9.79264e-07
 9.79264e-07
 9.79264e-07
 9.79264e-07
 9.79264e-07
 9.79264e-07
 9.79264e-07
 9.79264e-07
 9.79264e-07
 9.79264e-07
 9.79264e-07
 9.79264e-07
 9.79264e-07
 9.79264e-07
 9.79264e-07
 9.79264e-07
 9.79264e-07
 9.79264e-07
 9.79264e-07
 9.79264e-07
 9.79264e-07
 9.79264e-07
 9.79264e-07
 9.79264e-07
 9.79264e-07
 9.79264e-07
 9.79264e-07
 9.79264e-07
 9.79264e-07
 9.79264e-07
 9.79264e-07
 9.79264e-07
 9.79264e-07
 9.79264e-07
 9.79264e-07
 9.79264e-07
 9.79264e-07
 9.79264e-07
 9.79264e-07
 9.79264e-07
 9.79264e-07
 9.79263e-07
 9.79264e-07
 9.79264e-07
 9.79264e-07
 9.79264e-07
 9.79264e-07
 9.79264e-07
 9.79264e-07
 9.79264e-07
 9.79264e-07
 9.79264e-07
 9.79264e-07
 9.79264e-07
 9.79264e-07
 9.79264e-07
 9.79264e-07
 9.79264e-07
 9.79264e-07
 9.79264e-07
 9.79264e-07
 9.79264e-07
 9.79264e-07
 9.79264e-07
 9.79264e-07
 9.79264e-07
 9.79264e-07
 9.79264e-07
 9.79264e-07
 9.79264e-07
 9.79264e-07
 9.79264e-07
 9.79264e-07
 9.79264e-07
 9.79264e-07
 9.79264e-07
 9.79264e-07
 9.79264e-07
 9.79264e-07
 9.79264e-07
 9.79264e-07
 9.79264e-07
 9.79264e-07
 9.79264e-07
 9.79264e-07
 9.79264e-07
 9.79264e-07
 9.79264e-07
 9.79264e-07
 9.79264e-07
 9.79264e-07
 9.79264e-07
 9.79264e-07
 9.79264e-07
 9.79264e-07
 9.79264e-07
 9.79264e-07
 9.79264e-07
 9.79264e-07
 9.79264e-07
 9.79264e-07
 9.79263e-07
 9.79264e-07
 9.79264e-07
 9.79264e-07
 9.79264e-07
 9.79264e-07
 9.79264e-07
 9.79264e-07
 9.79264e-07
 9.79264e-07
 9.79264e-07
 9.79264e-07
 9.79264e-07
 9.79264e-07
 9.79264e-07
 9.79264e-07
 9.79264e-07
 9.79264e-07
 9.79264e-07
 9.79264e-07
 9.79264e-07
 9.79264e-07
 9.79264e-07
 9.79264e-07
 9.79264e-07
 9.79264e-07
 9.79264e-07
 9.79264e-07
 9.79264e-07
 9.79264e-07
 9.79264e-07
 9.79264e-07
 9.79264e-07
 9.79264e-07
 9.79264e-07
 9.79264e-07
 9.79264e-07
 9.79264e-07
 9.79264e-07
 9.79264e-07
 9.79264e-07
 9.79264e-07
 9.79264e-07
 9.79264e-07
 9.79264e-07
 9.79264e-07
 9.79264e-07
 9.79264e-07
 9.79264e-07
 9.79264e-07
 9.79264e-07
 9.79264e-07
 9.79264e-07
 9.79264e-07
 9.79264e-07
 9.79264e-07
 9.79264e-07
 9.79264e-07
 9.79264e-07
 9.79264e-07
 9.79263e-07
 9.79263e-07
 9.79263e-07
 9.79263e-07
 9.79263e-07
 9.79263e-07
 9.79263e-07
 9.79263e-07
 9.79263e-07
 9.79263e-07
 9.79263e-07
 9.79263e-07
 9.79263e-07
 9.79263e-07
 9.79263e-07
 9.79263e-07
 9.79263e-07
 9.79263e-07
 9.79263e-07
 9.79263e-07
 9.79263e-07
 9.79263e-07
 9.79263e-07
 9.79263e-07
 9.79263e-07
 9.79263e-07
 9.79263e-07
 9.79263e-07
 9.79263e-07
 9.79263e-07
 9.79263e-07
 9.79263e-07
 9.79263e-07
 9.79263e-07
 9.79263e-07
 9.79263e-07
 9.79263e-07
 9.79263e-07
 9.79263e-07
 9.79263e-07
 9.79263e-07
 9.79263e-07
 9.79263e-07
 9.79263e-07
 9.79263e-07
 9.79263e-07
 9.79263e-07
 9.79263e-07
 9.79263e-07
 9.79263e-07
 9.79263e-07
 9.79263e-07
 9.79263e-07
 9.79263e-07
 9.79263e-07
 9.79263e-07
 9.79263e-07
 9.79263e-07
 9.79263e-07
 9.79263e-07
 9.79262e-07
