Pressure
part
         1
quad4
 4.07089e-01
 4.06774e-01
 4.07860e-01
 4.08589e-01
 4.08454e-01
 4.08589e-01
 4.09135e-01
 4.09129e-01
 4.10996e-01
 4.12377e-01
 4.14174e-01
 4.17036e-01
 4.20737e-01
 4.25833e-01
 4.33556e-01
 4.44129e-01
 4.59448e-01
 4.86720e-01
 5.28965e-01
 5.83169e-01
 6.37633e-01
 6.63532e-01
 5.85190e-01
 4.23056e-01
 1.96009e-01
 4.11834e-02
 2.03120e-03
 1.06680e-05
 9.83748e-07
 9.79266e-07
 9.79264e-07
 9.79264e-07
 9.79264e-07
 9.79264e-07
 9.79264e-07
 9.79264e-07
 9.79264e-07
 9.79264e-07
 9.79264e-07
 9.79264e-07
 9.79264e-07
 9.79264e-07
 9.79264e-07
 9.79264e-07
 9.79264e-07
 9.79264e-07
 9.79264e-07
 9.79264e-07
 9.79264e-07
 9.79264e-07
 9.79264e-07
 9.79264e-07
 9.79264e-07
 9.79264e-07
 9.79264e-07
 9.79264e-07
 9.79264e-07
 9.79264e-07
 9.79264e-07
 9.79264e-07
 4.06774e-01
 4.05970e-01
 4.06061e-01
 4.07496e-01
 4.08323e-01
 4.09026e-01
 4.09297e-01
 4.09616e-01
 4.11119e-01
 4.12368e-01
 4.14456e-01
 4.17006e-01
 4.21074e-01
 4.26197e-01
 4.34333e-01
 4.44895e-01
 4.60774e-01
 4.88934e-01
 5.32298e-01
 5.87475e-01
 6.41601e-01
 6.65087e-01
 5.83167e-01
 4.17395e-01
 1.89775e-01
 3.86118e-02
 1.78752e-03
 8.85064e-06
 9.82552e-07
 9.79266e-07
 9.79264e-07
 9.79264e-07
 9.79264e-07
 9.79264e-07
 9.79264e-07
 9.79264e-07
 9.79264e-07
 9.79264e-07
 9.79264e-07
 9.79264e-07
 9.79264e-07
 9.79264e-07
 9.79264e-07
 9.79264e-07
 9.79264e-07
 9.79264e-07
 9.79264e-07
 9.79264e-07
 9.79264e-07
 9.79264e-07
 9.79264e-07
 9.79264e-07
 9.79264e-07
 9.79264e-07
 9.79264e-07
 9.79264e-07
 9.79264e-07
 9.79264e-07
 9.79264e-07
 9.79264e-07
 4.07860e-01
 4.06061e-01
 4.07382e-01
 4.07671e-01
 4.09143e-01
 4.09152e-01
 4.09903e-01
 4.10489e-01
 4.11558e-01
 4.12937e-01
 4.14943e-01
 4.17692e-01
 4.21740e-01
 4.27235e-01
 4.35503e-01
 4.46562e-01
 4.63308e-01
 4.93234e-01
 5.38284e-01
 5.94729e-01
 6.47805e-01
 6.66143e-01
 5.77125e-01
 4.03615e-01
 1.75681e-01
 3.32403e-02
 1.33983e-03
 5.98095e-06
 9.80924e-07
 9.79265e-07
 9.79264e-07
 9.79264e-07
 9.79264e-07
 9.79264e-07
 9.79264e-07
 9.79264e-07
 9.79264e-07
 9.79264e-07
 9.79264e-07
 9.79264e-07
 9.79264e-07
 9.79264e-07
 9.79264e-07
 9.79264e-07
 9.79264e-07
 9.79264e-07
 9.79264e-07
 9.79264e-07
 9.79264e-07
 9.79264e-07
 9.79264e-07
 9.79264e-07
 9.79264e-07
 9.79264e-07
 9.79264e-07
 9.79264e-07
 9.79264e-07
 9.79264e-07
 9.79264e-07
 9.79264e-07
 4.08589e-01
 4.07496e-01
 4.07671e-01
 4.09064e-01
 4.09101e-01
 4.09532e-01
 4.09897e-01
 4.10646e-01
 4.11778e-01
 4.13212e-01
 4.15598e-01
 4.18328e-01
 4.22905e-01
 4.28406e-01
 4.37524e-01
 4.48679e-01
 4.67053e-01
 4.99065e-01
 5.46251e-01
 6.04274e-01
 6.55864e-01
 6.64475e-01
 5.65396e-01
 3.79367e-01
 1.53111e-01
 2.56011e-02
 8.20364e-04
 3.34283e-06
 9.79591e-07
 9.79264e-07
 9.79264e-07
 9.79264e-07
 9.79264e-07
 9.79264e-07
 9.79264e-07
 9.79264e-07
 9.79264e-07
 9.79264e-07
 9.79264e-07
 9.79264e-07
 9.79264e-07
 9.79264e-07
 9.79264e-07
 9.79264e-07
 9.79264e-07
 9.79264e-07
 9.79264e-07
 9.79264e-07
 9.79264e-07
 9.79264e-07
 9.79264e-07
 9.79264e-07
 9.79264e-07
 9.79264e-07
 9.79264e-07
 9.79264e-07
 9.79264e-07
 9.79264e-07
 9.79264e-07
 9.79264e-07
 4.08454e-01
 4.08323e-01
 4.09143e-01
 4.09101e-01
 4.09260e-01
 4.09734e-01
 4.10394e-01
 4.11205e-01
 4.12218e-01
 4.14192e-01
 4.16181e-01
 4.19849e-01
 4.23956e-01
 4.30628e-01
 4.39703e-01
 4.51904e-01
 4.72152e-01
 5.07192e-01
 5.57304e-01
 6.17334e-01
 6.67469e-01
 6.57449e-01
 5.46865e-01
 3.43536e-01
 1.23666e-01
 1.71447e-02
 3.93107e-04
 1.77390e-06
 9.79467e-07
 9.79264e-07
 9.79264e-07
 9.79264e-07
 9.79264e-07
 9.79264e-07
 9.79264e-07
 9.79264e-07
 9.79264e-07
 9.79264e-07
 9.79264e-07
 9.79264e-07
 9.79264e-07
 9.79264e-07
 9.79264e-07
 9.79264e-07
 9.79264e-07
 9.79264e-07
 9.79264e-07
 9.79264e-07
 9.79264e-07
 9.79264e-07
 9.79264e-07
 9.79264e-07
 9.79264e-07
 9.79264e-07
 9.79264e-07
 9.79264e-07
 9.79264e-07
 9.79264e-07
 9.79264e-07
 9.79264e-07
 4.08589e-01
 4.09026e-01
 4.09152e-01
 4.09532e-01
 4.09734e-01
 4.10436e-01
 4.11079e-01
 4.11848e-01
 4.13358e-01
 4.14968e-01
 4.17716e-01
 4.21114e-01
 4.26019e-01
 4.32983e-01
 4.43071e-01
 4.56052e-01
 4.79427e-01
 5.18351e-01
 5.72241e-01
 6.33913e-01
 6.80208e-01
 6.45086e-01
 5.16634e-01
 2.95403e-01
 9.05192e-02
 9.55360e-03
 1.39726e-04
 1.16279e-06
 9.79370e-07
 9.79264e-07
 9.79264e-07
 9.79264e-07
 9.79264e-07
 9.79264e-07
 9.79264e-07
 9.79264e-07
 9.79264e-07
 9.79264e-07
 9.79264e-07
 9.79264e-07
 9.79264e-07
 9.79264e-07
 9.79264e-07
 9.79264e-07
 9.79264e-07
 9.79264e-07
 9.79264e-07
 9.79264e-07
 9.79264e-07
 9.79264e-07
 9.79264e-07
 9.79264e-07
 9.79264e-07
 9.79264e-07
 9.79264e-07
 9.79264e-07
 9.79264e-07
 9.79264e-07
 9.79264e-07
 9.79264e-07
 4.09135e-01
 4.09297e-01
 4.09903e-01
 4.09897e-01
 4.10394e-01
 4.11079e-01
 4.11745e-01
 4.12921e-01
 4.14222e-01
 4.16440e-01
 4.19158e-01
 4.23310e-01
 4.28189e-01
 4.36880e-01
 4.46806e-01
 4.62072e-01
 4.89469e-01
 5.33457e-01
 5.91780e-01
 6.53464e-01
 6.90509e-01
 6.25544e-01
 4.70093e-01
 2.36127e-01
 5.81914e-02
 4.09218e-03
 3.49456e-05
 1.00834e-06
 9.79308e-07
 9.79264e-07
 9.79264e-07
 9.79264e-07
 9.79264e-07
 9.79264e-07
 9.79264e-07
 9.79264e-07
 9.79264e-07
 9.79264e-07
 9.79264e-07
 9.79264e-07
 9.79264e-07
 9.79264e-07
 9.79264e-07
 9.79264e-07
 9.79264e-07
 9.79264e-07
 9.79264e-07
 9.79264e-07
 9.79264e-07
 9.79264e-07
 9.79264e-07
 9.79264e-07
 9.79264e-07
 9.79264e-07
 9.79264e-07
 9.79264e-07
 9.79264e-07
 9.79264e-07
 9.79264e-07
 9.79264e-07
 4.09129e-01
 4.09616e-01
 4.10489e-01
 4.10646e-01
 4.11205e-01
 4.11848e-01
 4.12921e-01
 4.13980e-01
 4.15891e-01
 4.18029e-01
 4.21727e-01
 4.25316e-01
 4.32356e-01
 4.40903e-01
 4.52187e-01
 4.70484e-01
 5.03585e-01
 5.53623e-01
 6.16552e-01
 6.74593e-01
 6.92296e-01
 5.93922e-01
 4.05499e-01
 1.70063e-01
 3.12087e-02
 1.26602e-03
 6.44273e-06
 9.81752e-07
 9.79276e-07
 9.79264e-07
 9.79264e-07
 9.79264e-07
 9.79264e-07
 9.79264e-07
 9.79264e-07
 9.79264e-07
 9.79264e-07
 9.79264e-07
 9.79264e-07
 9.79264e-07
 9.79264e-07
 9.79264e-07
 9.79264e-07
 9.79264e-07
 9.79264e-07
 9.79264e-07
 9.79264e-07
 9.79264e-07
 9.79264e-07
 9.79264e-07
 9.79264e-07
 9.79264e-07
 9.79264e-07
 9.79264e-07
 9.79264e-07
 9.79264e-07
 9.79264e-07
 9.79264e-07
 9.79264e-07
 9.79264e-07
 4.10996e-01
 4.11119e-01
 4.11558e-01
 4.11778e-01
 4.12218e-01
 4.13358e-01
 4.14222e-01
 4.15891e-01
 4.17673e-01
 4.20963e-01
 4.23840e-01
 4.29512e-01
 4.36839e-01
 4.46524e-01
 4.59244e-01
 4.82921e-01
 5.23115e-01
 5.80012e-01
 6.46134e-01
 6.97768e-01
 6.73479e-01
 5.45800e-01
 3.22170e-01
 1.05534e-01
 1.29287e-02
 2.60351e-04
 1.52276e-06
 9.79548e-07
 9.79264e-07
 9.79264e-07
 9.79264e-07
 9.79264e-07
 9.79264e-07
 9.79264e-07
 9.79264e-07
 9.79264e-07
 9.79264e-07
 9.79264e-07
 9.79264e-07
 9.79264e-07
 9.79264e-07
 9.79264e-07
 9.79264e-07
 9.79264e-07
 9.79264e-07
 9.79264e-07
 9.79264e-07
 9.79264e-07
 9.79264e-07
 9.79264e-07
 9.79264e-07
 9.79264e-07
 9.79264e-07
 9.79264e-07
 9.79264e-07
 9.79264e-07
 9.79264e-07
 9.79264e-07
 9.79264e-07
 9.79264e-07
 4.12377e-01
 4.12368e-01
 4.12937e-01
 4.13212e-01
 4.14192e-01
 4.14968e-01
 4.16440e-01
 4.18029e-01
 4.20963e-01
 4.23397e-01
 4.28184e-01
 4.34377e-01
 4.43180e-01
 4.53074e-01
 4.70094e-01
 5.01118e-01
 5.49891e-01
 6.13543e-01
 6.78129e-01
 7.12915e-01
 6.38032e-01
 4.67884e-01
 2.25713e-01
 5.30733e-02
 3.57412e-03
 3.20257e-05
 1.01363e-06
 9.79354e-07
 9.79264e-07
 9.79264e-07
 9.79264e-07
 9.79264e-07
 9.79264e-07
 9.79264e-07
 9.79264e-07
 9.79264e-07
 9.79264e-07
 9.79264e-07
 9.79264e-07
 9.79264e-07
 9.79264e-07
 9.79264e-07
 9.79264e-07
 9.79264e-07
 9.79264e-07
 9.79264e-07
 9.79264e-07
 9.79264e-07
 9.79264e-07
 9.79264e-07
 9.79264e-07
 9.79264e-07
 9.79264e-07
 9.79264e-07
 9.79264e-07
 9.79264e-07
 9.79264e-07
 9.79264e-07
 9.79264e-07
 9.79264e-07
 4.14174e-01
 4.14456e-01
 4.14943e-01
 4.15598e-01
 4.16181e-01
 4.17716e-01
 4.19158e-01
 4.21727e-01
 4.23840e-01
 4.28184e-01
 4.33555e-01
 4.41538e-01
 4.50002e-01
 4.63030e-01
 4.86931e-01
 5.27598e-01
 5.85568e-01
 6.53579e-01
 7.08905e-01
 6.99352e-01
 5.78856e-01
 3.60667e-01
 1.31020e-01
 1.95581e-02
 5.83967e-04
 3.00922e-06
 9.79980e-07
 9.79278e-07
 9.79264e-07
 9.79264e-07
 9.79264e-07
 9.79264e-07
 9.79264e-07
 9.79264e-07
 9.79264e-07
 9.79264e-07
 9.79264e-07
 9.79264e-07
 9.79264e-07
 9.79264e-07
 9.79264e-07
 9.79264e-07
 9.79264e-07
 9.79264e-07
 9.79264e-07
 9.79264e-07
 9.79264e-07
 9.79264e-07
 9.79264e-07
 9.79264e-07
 9.79264e-07
 9.79264e-07
 9.79264e-07
 9.79264e-07
 9.79264e-07
 9.79264e-07
 9.79264e-07
 9.79264e-07
 9.79264e-07
 9.79264e-07
 4.17036e-01
 4.17006e-01
 4.17692e-01
 4.18328e-01
 4.19849e-01
 4.21114e-01
 4.23310e-01
 4.25316e-01
 4.29512e-01
 4.34377e-01
 4.41538e-01
 4.49063e-01
 4.59964e-01
 4.79233e-01
 5.13263e-01
 5.64806e-01
 6.30410e-01
 6.95178e-01
 7.28802e-01
 6.53314e-01
 4.79952e-01
 2.35064e-01
 5.77663e-02
 4.39959e-03
 4.91140e-05
 1.05391e-06
 9.79459e-07
 9.79264e-07
 9.79264e-07
 9.79264e-07
 9.79264e-07
 9.79264e-07
 9.79264e-07
 9.79264e-07
 9.79264e-07
 9.79264e-07
 9.79264e-07
 9.79264e-07
 9.79264e-07
 9.79264e-07
 9.79264e-07
 9.79264e-07
 9.79264e-07
 9.79264e-07
 9.79264e-07
 9.79264e-07
 9.79264e-07
 9.79264e-07
 9.79264e-07
 9.79264e-07
 9.79264e-07
 9.79264e-07
 9.79264e-07
 9.79264e-07
 9.79264e-07
 9.79264e-07
 9.79264e-07
 9.79264e-07
 9.79264e-07
 9.79264e-07
 4.20737e-01
 4.21074e-01
 4.21740e-01
 4.22905e-01
 4.23956e-01
 4.26019e-01
 4.28189e-01
 4.32356e-01
 4.36839e-01
 4.43180e-01
 4.50002e-01
 4.59964e-01
 4.76821e-01
 5.06329e-01
 5.52203e-01
 6.13588e-01
 6.80892e-01
 7.30156e-01
 7.01659e-01
 5.70197e-01
 3.41198e-01
 1.18269e-01
 1.68479e-02
 4.89381e-04
 2.81076e-06
 9.80216e-07
 9.79292e-07
 9.79264e-07
 9.79264e-07
 9.79264e-07
 9.79264e-07
 9.79264e-07
 9.79264e-07
 9.79264e-07
 9.79264e-07
 9.79264e-07
 9.79264e-07
 9.79264e-07
 9.79264e-07
 9.79264e-07
 9.79264e-07
 9.79264e-07
 9.79264e-07
 9.79264e-07
 9.79264e-07
 9.79264e-07
 9.79264e-07
 9.79264e-07
 9.79264e-07
 9.79264e-07
 9.79264e-07
 9.79264e-07
 9.79264e-07
 9.79264e-07
 9.79264e-07
 9.79264e-07
 9.79264e-07
 9.79264e-07
 9.79264e-07
 9.79264e-07
 4.25833e-01
 4.26197e-01
 4.27235e-01
 4.28406e-01
 4.30628e-01
 4.32983e-01
 4.36880e-01
 4.40903e-01
 4.46524e-01
 4.53074e-01
 4.63030e-01
 4.79233e-01
 5.06329e-01
 5.47992e-01
 6.04827e-01
 6.70313e-01
 7.24830e-01
 7.32212e-01
 6.29782e-01
 4.30822e-01
 1.89829e-01
 4.04636e-02
 2.48734e-03
 2.32948e-05
 1.01746e-06
 9.79470e-07
 9.79264e-07
 9.79264e-07
 9.79264e-07
 9.79264e-07
 9.79264e-07
 9.79264e-07
 9.79264e-07
 9.79264e-07
 9.79264e-07
 9.79264e-07
 9.79264e-07
 9.79264e-07
 9.79264e-07
 9.79264e-07
 9.79264e-07
 9.79264e-07
 9.79264e-07
 9.79264e-07
 9.79264e-07
 9.79264e-07
 9.79264e-07
 9.79264e-07
 9.79264e-07
 9.79264e-07
 9.79264e-07
 9.79264e-07
 9.79264e-07
 9.79264e-07
 9.79264e-07
 9.79264e-07
 9.79264e-07
 9.79264e-07
 9.79264e-07
 9.79264e-07
 4.33556e-01
 4.34333e-01
 4.35503e-01
 4.37524e-01
 4.39703e-01
 4.43071e-01
 4.46806e-01
 4.52187e-01
 4.59244e-01
 4.70094e-01
 4.86931e-01
 5.13263e-01
 5.52203e-01
 6.04827e-01
 6.66514e-01
 7.21937e-01
 7.44537e-01
 6.65774e-01
 4.95724e-01
 2.56647e-01
 7.21651e-02
 7.55878e-03
 1.42613e-04
 1.39370e-06
 9.79966e-07
 9.79280e-07
 9.79264e-07
 9.79264e-07
 9.79264e-07
 9.79264e-07
 9.79264e-07
 9.79264e-07
 9.79264e-07
 9.79264e-07
 9.79264e-07
 9.79264e-07
 9.79264e-07
 9.79264e-07
 9.79264e-07
 9.79264e-07
 9.79264e-07
 9.79264e-07
 9.79264e-07
 9.79264e-07
 9.79264e-07
 9.79264e-07
 9.79264e-07
 9.79264e-07
 9.79264e-07
 9.79264e-07
 9.79264e-07
 9.79264e-07
 9.79264e-07
 9.79264e-07
 9.79264e-07
 9.79264e-07
 9.79264e-07
 9.79264e-07
 9.79264e-07
 9.79264e-07
 4.44129e-01
 4.44895e-01
 4.46562e-01
 4.48679e-01
 4.51904e-01
 4.56052e-01
 4.62072e-01
 4.70484e-01
 4.82921e-01
 5.01118e-01
 5.27598e-01
 5.64806e-01
 6.13588e-01
 6.70313e-01
 7.21937e-01
 7.47291e-01
 6.82303e-01
 5.34202e-01
 3.06548e-01
 1.04144e-01
 1.53943e-02
 5.19194e-04
 3.64428e-06
 9.81119e-07
 9.79367e-07
 9.79264e-07
 9.79264e-07
 9.79264e-07
 9.79264e-07
 9.79264e-07
 9.79264e-07
 9.79264e-07
 9.79264e-07
 9.79264e-07
 9.79264e-07
 9.79264e-07
 9.79264e-07
 9.79264e-07
 9.79264e-07
 9.79264e-07
 9.79264e-07
 9.79264e-07
 9.79264e-07
 9.79264e-07
 9.79264e-07
 9.79264e-07
 9.79264e-07
 9.79264e-07
 9.79264e-07
 9.79264e-07
 9.79264e-07
 9.79264e-07
 9.79264e-07
 9.79264e-07
 9.79264e-07
 9.79264e-07
 9.79264e-07
 9.79264e-07
 9.79264e-07
 9.79264e-07
 4.59448e-01
 4.60774e-01
 4.63308e-01
 4.67053e-01
 4.72152e-01
 4.79427e-01
 4.89469e-01
 5.03585e-01
 5.23115e-01
 5.49891e-01
 5.85568e-01
 6.30410e-01
 6.80892e-01
 7.24830e-01
 7.44537e-01
 6.82303e-01
 5.46902e-01
 3.32843e-01
 1.27601e-01
 2.35338e-02
 1.21000e-03
 1.12009e-05
 1.00424e-06
 9.79549e-07
 9.79265e-07
 9.79264e-07
 9.79264e-07
 9.79264e-07
 9.79264e-07
 9.79264e-07
 9.79264e-07
 9.79264e-07
 9.79264e-07
 9.79264e-07
 9.79264e-07
 9.79264e-07
 9.79264e-07
 9.79264e-07
 9.79264e-07
 9.79264e-07
 9.79264e-07
 9.79264e-07
 9.79264e-07
 9.79264e-07
 9.79264e-07
 9.79264e-07
 9.79264e-07
 9.79264e-07
 9.79264e-07
 9.79264e-07
 9.79264e-07
 9.79264e-07
 9.79264e-07
 9.79264e-07
 9.79264e-07
 9.79264e-07
 9.79264e-07
 9.79264e-07
 9.79264e-07
 9.79264e-07
 4.86720e-01
 4.88934e-01
 4.93234e-01
 4.99065e-01
 5.07192e-01
 5.18351e-01
 5.33457e-01
 5.53623e-01
 5.80012e-01
 6.13543e-01
 6.53579e-01
 6.95178e-01
 7.30156e-01
 7.32212e-01
 6.65774e-01
 5.34202e-01
 3.32843e-01
 1.36161e-01
 2.87379e-02
 1.94880e-03
 2.52088e-05
 1.05971e-06
 9.79818e-07
 9.79272e-07
 9.79264e-07
 9.79264e-07
 9.79264e-07
 9.79264e-07
 9.79264e-07
 9.79264e-07
 9.79264e-07
 9.79264e-07
 9.79264e-07
 9.79264e-07
 9.79264e-07
 9.79264e-07
 9.79264e-07
 9.79264e-07
 9.79264e-07
 9.79264e-07
 9.79264e-07
 9.79264e-07
 9.79264e-07
 9.79264e-07
 9.79264e-07
 9.79264e-07
 9.79264e-07
 9.79264e-07
 9.79264e-07
 9.79264e-07
 9.79264e-07
 9.79264e-07
 9.79264e-07
 9.79264e-07
 9.79264e-07
 9.79264e-07
 9.79264e-07
 9.79264e-07
 9.79264e-07
 9.79264e-07
 5.28965e-01
 5.32298e-01
 5.38284e-01
 5.46251e-01
 5.57304e-01
 5.72241e-01
 5.91780e-01
 6.16552e-01
 6.46134e-01
 6.78129e-01
 7.08905e-01
 7.28802e-01
 7.01659e-01
 6.29782e-01
 4.95724e-01
 3.06548e-01
 1.27601e-01
 2.87379e-02
 2.27273e-03
 3.78515e-05
 1.13563e-06
 9.80099e-07
 9.79294e-07
 9.79264e-07
 9.79264e-07
 9.79264e-07
 9.79264e-07
 9.79264e-07
 9.79264e-07
 9.79264e-07
 9.79264e-07
 9.79264e-07
 9.79264e-07
 9.79264e-07
 9.79264e-07
 9.79264e-07
 9.79264e-07
 9.79264e-07
 9.79264e-07
 9.79264e-07
 9.79264e-07
 9.79264e-07
 9.79264e-07
 9.79264e-07
 9.79264e-07
 9.79264e-07
 9.79264e-07
 9.79264e-07
 9.79264e-07
 9.79264e-07
 9.79264e-07
 9.79264e-07
 9.79264e-07
 9.79264e-07
 9.79264e-07
 9.79264e-07
 9.79264e-07
 9.79264e-07
 9.79264e-07
 9.79264e-07
 5.83169e-01
 5.87475e-01
 5.94729e-01
 6.04274e-01
 6.17334e-01
 6.33913e-01
 6.53464e-01
 6.74593e-01
 6.97768e-01
 7.12915e-01
 6.99352e-01
 6.53314e-01
 5.70197e-01
 4.30822e-01
 2.56647e-01
 1.04144e-01
 2.35338e-02
 1.94880e-03
 3.78515e-05
 1.17376e-06
 9.80294e-07
 9.79319e-07
 9.79264e-07
 9.79264e-07
 9.79264e-07
 9.79264e-07
 9.79264e-07
 9.79264e-07
 9.79264e-07
 9.79264e-07
 9.79264e-07
 9.79264e-07
 9.79264e-07
 9.79264e-07
 9.79264e-07
 9.79264e-07
 9.79264e-07
 9.79264e-07
 9.79264e-07
 9.79264e-07
 9.79264e-07
 9.79264e-07
 9.79264e-07
 9.79264e-07
 9.79264e-07
 9.79264e-07
 9.79264e-07
 9.79264e-07
 9.79264e-07
 9.79264e-07
 9.79264e-07
 9.79264e-07
 9.79264e-07
 9.79264e-07
 9.79264e-07
 9.79264e-07
 9.79264e-07
 9.79264e-07
 9.79264e-07
 9.79264e-07
 6.37633e-01
 6.41601e-01
 6.47805e-01
 6.55864e-01
 6.67469e-01
 6.80208e-01
 6.90509e-01
 6.92296e-01
 6.73479e-01
 6.38032e-01
 5.78856e-01
 4.79952e-01
 3.41198e-01
 1.89829e-01
 7.21651e-02
 1.53943e-02
 1.21000e-03
 2.52088e-05
 1.13563e-06
 9.80294e-07
 9.79330e-07
 9.79264e-07
 9.79264e-07
 9.79264e-07
 9.79264e-07
 9.79264e-07
 9.79264e-07
 9.79264e-07
 9.79264e-07
 9.79264e-07
 9.79264e-07
 9.79264e-07
 9.79264e-07
 9.79264e-07
 9.79264e-07
 9.79264e-07
 9.79264e-07
 9.79264e-07
 9.79264e-07
 9.79264e-07
 9.79264e-07
 9.79264e-07
 9.79264e-07
 9.79264e-07
 9.79264e-07
 9.79264e-07
 9.79264e-07
 9.79264e-07
 9.79264e-07
 9.79264e-07
 9.79264e-07
 9.79264e-07
 9.79264e-07
 9.79264e-07
 9.79264e-07
 9.79264e-07
 9.79264e-07
 9.79264e-07
 9.79264e-07
 9.79264e-07
 6.63532e-01
 6.65087e-01
 6.66143e-01
 6.64475e-01
 6.57449e-01
 6.45086e-01
 6.25544e-01
 5.93922e-01
 5.45800e-01
 4.67884e-01
 3.60667e-01
 2.35064e-01
 1.18269e-01
 4.04636e-02
 7.55878e-03
 5.19194e-04
 1.12009e-05
 1.05971e-06
 9.80099e-07
 9.79319e-07
 9.79264e-07
 9.79264e-07
 9.79264e-07
 9.79264e-07
 9.79264e-07
 9.79264e-07
 9.79264e-07
 9.79264e-07
 9.79264e-07
 9.79264e-07
 9.79264e-07
 9.79264e-07
 9.79264e-07
 9.79264e-07
 9.79264e-07
 9.79264e-07
 9.79264e-07
 9.79264e-07
 9.79264e-07
 9.79264e-07
 9.79264e-07
 9.79264e-07
 9.79264e-07
 9.79264e-07
 9.79264e-07
 9.79264e-07
 9.79264e-07
 9.79264e-07
 9.79264e-07
 9.79264e-07
 9.79264e-07
 9.79264e-07
 9.79264e-07
 9.79264e-07
 9.79264e-07
 9.79264e-07
 9.79264e-07
 9.79264e-07
 9.79264e-07
 9.79264e-07
 5.85190e-01
 5.83167e-01
 5.77125e-01
 5.65396e-01
 5.46865e-01
 5.16634e-01
 4.70093e-01
 4.05499e-01
 3.22170e-01
 2.25713e-01
 1.31020e-01
 5.77663e-02
 1.68479e-02
 2.48734e-03
 1.42613e-04
 3.64428e-06
 1.00424e-06
 9.79818e-07
 9.79294e-07
 9.79264e-07
 9.79264e-07
 9.79264e-07
 9.79264e-07
 9.79264e-07
 9.79264e-07
 9.79264e-07
 9.79264e-07
 9.79264e-07
 9.79264e-07
 9.79264e-07
 9.79264e-07
 9.79264e-07
 9.79264e-07
 9.79264e-07
 9.79264e-07
 9.79264e-07
 9.79264e-07
 9.79264e-07
 9.79264e-07
 9.79264e-07
 9.79264e-07
 9.79264e-07
 9.79264e-07
 9.79264e-07
 9.79264e-07
 9.79264e-07
 9.79264e-07
 9.79264e-07
 9.79264e-07
 9.79264e-07
 9.79264e-07
 9.79264e-07
 9.79264e-07
 9.79264e-07
 9.79264e-07
 9.79264e-07
 9.79264e-07
 9.79264e-07
 9.79264e-07
 9.79264e-07
 4.23056e-01
 4.17395e-01
 4.03615e-01
 3.79367e-01
 3.43536e-01
 2.95403e-01
 2.36127e-01
 1.70063e-01
 1.05534e-01
 5.30733e-02
 1.95581e-02
 4.39959e-03
 4.89381e-04
 2.32948e-05
 1.39370e-06
 9.81119e-07
 9.79549e-07
 9.79272e-07
 9.79264e-07
 9.79264e-07
 9.79264e-07
 9.79264e-07
 9.79264e-07
 9.79264e-07
 9.79264e-07
 9.79264e-07
 9.79264e-07
 9.79264e-07
 9.79264e-07
 9.79264e-07
 9.79264e-07
 9.79264e-07
 9.79264e-07
 9.79264e-07
 9.79264e-07
 9.79264e-07
 9.79264e-07
 9.79264e-07
 9.79264e-07
 9.79264e-07
 9.79264e-07
 9.79264e-07
 9.79264e-07
 9.79264e-07
 9.79264e-07
 9.79264e-07
 9.79264e-07
 9.79264e-07
 9.79264e-07
 9.79264e-07
 9.79264e-07
 9.79264e-07
 9.79264e-07
 9.79264e-07
 9.79264e-07
 9.79264e-07
 9.79264e-07
 9.79264e-07
 9.79264e-07
 9.79264e-07
 1.96009e-01
 1.89775e-01
 1.75681e-01
 1.53111e-01
 1.23666e-01
 9.05192e-02
 5.81914e-02
 3.12087e-02
 1.29287e-02
 3.57412e-03
 5.83967e-04
 4.91140e-05
 2.81076e-06
 1.01746e-06
 9.79966e-07
 9.79367e-07
 9.79265e-07
 9.79264e-07
 9.79264e-07
 9.79264e-07
 9.79264e-07
 9.79264e-07
 9.79264e-07
 9.79264e-07
 9.79264e-07
 9.79264e-07
 9.79264e-07
 9.79264e-07
 9.79264e-07
 9.79264e-07
 9.79264e-07
 9.79264e-07
 9.79264e-07
 9.79264e-07
 9.79264e-07
 9.79264e-07
 9.79264e-07
 9.79264e-07
 9.79264e-07
 9.79264e-07
 9.79264e-07
 9.79264e-07
 9.79264e-07
 9.79264e-07
 9.79264e-07
 9.79264e-07
 9.79264e-07
 9.79264e-07
 9.79264e-07
 9.79264e-07
 9.79264e-07
 9.79264e-07
 9.79264e-07
 9.79264e-07
 9.79264e-07
 9.79264e-07
 9.79264e-07
 9.79264e-07
 9.79264e-07
 9.79264e-07
 4.11834e-02
 3.86118e-02
 3.32403e-02
 2.56011e-02
 1.71447e-02
 9.55360e-03
 4.09218e-03
 1.26602e-03
 2.60351e-04
 3.20257e-05
 3.00922e-06
 1.05391e-06
 9.80216e-07
 9.79470e-07
 9.79280e-07
 9.79264e-07
 9.79264e-07
 9.79264e-07
 9.79264e-07
 9.79264e-07
 9.79264e-07
 9.79264e-07
 9.79264e-07
 9.79264e-07
 9.79264e-07
 9.79264e-07
 9.79264e-07
 9.79264e-07
 9.79264e-07
 9.79264e-07
 9.79264e-07
 9.79264e-07
 9.79264e-07
 9.79264e-07
 9.79264e-07
 9.79264e-07
 9.79264e-07
 9.79264e-07
 9.79264e-07
 9.79264e-07
 9.79264e-07
 9.79264e-07
 9.79264e-07
 9.79264e-07
 9.79264e-07
 9.79264e-07
 9.79264e-07
 9.79264e-07
 9.79264e-07
 9.79264e-07
 9.79264e-07
 9.79264e-07
 9.79264e-07
 9.79264e-07
 9.79264e-07
 9.79264e-07
 9.79264e-07
 9.79264e-07
 9.79264e-07
 9.79264e-07
 2.03120e-03
 1.78752e-03
 1.33983e-03
 8.20364e-04
 3.93107e-04
 1.39726e-04
 3.49456e-05
 6.44273e-06
 1.52276e-06
 1.01363e-06
 9.79980e-07
 9.79459e-07
 9.79292e-07
 9.79264e-07
 9.79264e-07
 9.79264e-07
 9.79264e-07
 9.79264e-07
 9.79264e-07
 9.79264e-07
 9.79264e-07
 9.79264e-07
 9.79264e-07
 9.79264e-07
 9.79264e-07
 9.79264e-07
 9.79264e-07
 9.79264e-07
 9.79264e-07
 9.79264e-07
 9.79264e-07
 9.79264e-07
 9.79264e-07
 9.79264e-07
 9.79264e-07
 9.79264e-07
 9.79264e-07
 9.79264e-07
 9.79264e-07
 9.79264e-07
 9.79264e-07
 9.79264e-07
 9.79264e-07
 9.79264e-07
 9.79264e-07
 9.79264e-07
 9.79264e-07
 9.79264e-07
 9.79264e-07
 9.79264e-07
 9.79264e-07
 9.79264e-07
 9.79264e-07
 9.79264e-07
 9.79264e-07
 9.79264e-07
 9.79264e-07
 9.79264e-07
 9.79264e-07
 9.79264e-07
 1.06680e-05
 8.85064e-06
 5.98095e-06
 3.34283e-06
 1.77390e-06
 1.16279e-06
 1.00834e-06
 9.81752e-07
 9.79548e-07
 9.79354e-07
 9.79278e-07
 9.79264e-07
 9.79264e-07
 9.79264e-07
 9.79264e-07
 9.79264e-07
 9.79264e-07
 9.79264e-07
 9.79264e-07
 9.79264e-07
 9.79264e-07
 9.79264e-07
 9.79264e-07
 9.79264e-07
 9.79264e-07
 9.79264e-07
 9.79264e-07
 9.79264e-07
 9.79264e-07
 9.79264e-07
 9.79264e-07
 9.79264e-07
 9.79264e-07
 9.79264e-07
 9.79264e-07
 9.79264e-07
 9.79264e-07
 9.79264e-07
 9.79264e-07
 9.79264e-07
 9.79264e-07
 9.79264e-07
 9.79264e-07
 9.79264e-07
 9.79264e-07
 9.79264e-07
 9.79264e-07
 9.79264e-07
 9.79264e-07
 9.79264e-07
 9.79264e-07
 9.79264e-07
 9.79264e-07
 9.79264e-07
 9.79264e-07
 9.79264e-07
 9.79264e-07
 9.79264e-07
 9.79264e-07
 9.79264e-07
 9.83748e-07
 9.82552e-07
 9.80924e-07
 9.79591e-07
 9.79467e-07
 9.79370e-07
 9.79308e-07
 9.79276e-07
 9.79264e-07
 9.79264e-07
 9.79264e-07
 9.79264e-07
 9.79264e-07
 9.79264e-07
 9.79264e-07
 9.79264e-07
 9.79264e-07
 9.79264e-07
 9.79264e-07
 9.79264e-07
 9.79264e-07
 9.79264e-07
 9.79264e-07
 9.79264e-07
 9.79264e-07
 9.79264e-07
 9.79264e-07
 9.79264e-07
 9.79264e-07
 9.79264e-07
 9.79264e-07
 9.79264e-07
 9.79264e-07
 9.79264e-07
 9.79264e-07
 9.79264e-07
 9.79264e-07
 9.79264e-07
 9.79264e-07
 9.79264e-07
 9.79264e-07
 9.79264e-07
 9.79264e-07
 9.79264e-07
 9.79264e-07
 9.79264e-07
 9.79264e-07
 9.79264e-07
 9.79264e-07
 9.79264e-07
 9.79264e-07
 9.79264e-07
 9.79264e-07
 9.79264e-07
 9.79264e-07
 9.79264e-07
 9.79264e-07
 9.79264e-07
 9.79264e-07
 9.79264e-07
 9.79266e-07
 9.79266e-07
 9.79265e-07
 9.79264e-07
 9.79264e-07
 9.79264e-07
 9.79264e-07
 9.79264e-07
 9.79264e-07
 9.79264e-07
 9.79264e-07
 9.79264e-07
 9.79264e-07
 9.79264e-07
 9.79264e-07
 9.79264e-07
 9.79264e-07
 9.79264e-07
 9.79264e-07
 9.79264e-07
 9.79264e-07
 9.79264e-07
 9.79264e-07
 9.79264e-07
 9.79264e-07
 9.79264e-07
 9.79264e-07
 9.79264e-07
 9.79264e-07
 9.79264e-07
 9.79264e-07
 9.79264e-07
 9.79264e-07
 9.79264e-07
 9.79264e-07
 9.79264e-07
 9.79264e-07
 9.79264e-07
 9.79264e-07
 9.79264e-07
 9.79264e-07
 9.79264e-07
 9.79264e-07
 9.79264e-07
 9.79264e-07
 9.79264e-07
 9.79264e-07
 9.79264e-07
 9.79264e-07
 9.79264e-07
 9.79264e-07
 9.79264e-07
 9.79264e-07
 9.79264e-07
 9.79264e-07
 9.79264e-07
 9.79264e-07
 9.79264e-07
 9.79264e-07
 9.79264e-07
 9.79264e-07
 9.79264e-07
 9.79264e-07
 9.79264e-07
 9.79264e-07
 9.79264e-07
 9.79264e-07
 9.79264e-07
 9.79264e-07
 9.79264e-07
 9.79264e-07
 9.79264e-07
 9.79264e-07
 9.79264e-07
 9.79264e-07
 9.79264e-07
 9.79264e-07
 9.79264e-07
 9.79264e-07
 9.79264e-07
 9.79264e-07
 9.79264e-07
 9.79264e-07
 9.79264e-07
 9.79264e-07
 9.79264e-07
 9.79264e-07
 9.79264e-07
 9.79264e-07
 9.79264e-07
 9.79264e-07
 9.79264e-07
 9.79264e-07
 9.79264e-07
 9.79264e-07
 9.79264e-07
 9.79264e-07
 9.79264e-07
 9.79264e-07
 9.79264e-07
 9.79264e-07
 9.79264e-07
 9.79264e-07
 9.79264e-07
 9.79264e-07
 9.79264e-07
 9.79264e-07
 9.79264e-07
 9.79264e-07
 9.79264e-07
 9.79264e-07
 9.79264e-07
 9.79264e-07
 9.79264e-07
 9.79264e-07
 9.79264e-07
 9.79264e-07
 9.79264e-07
 9.79264e-07
 9.79264e-07
 9.79264e-07
 9.79264e-07
 9.79264e-07
 9.79264e-07
 9.79264e-07
 9.79264e-07
 9.79264e-07
 9.79264e-07
 9.79264e-07
 9.79264e-07
 9.79264e-07
 9.79264e-07
 9.79264e-07
 9.79264e-07
 9.79264e-07
 9.79264e-07
 9.79264e-07
 9.79264e-07
 9.79264e-07
 9.79264e-07
 9.79264e-07
 9.79264e-07
 9.79264e-07
 9.79264e-07
 9.79264e-07
 9.79264e-07
 9.79264e-07
 9.79264e-07
 9.79264e-07
 9.79264e-07
 9.79264e-07
 9.79264e-07
 9.79264e-07
 9.79264e-07
 9.79264e-07
 9.79264e-07
 9.79264e-07
 9.79264e-07
 9.79264e-07
 9.79264e-07
 9.79264e-07
 9.79264e-07
 9.79264e-07
 9.79264e-07
 9.79264e-07
 9.79264e-07
 9.79264e-07
 9.79264e-07
 9.79264e-07
 9.79264e-07
 9.79264e-07
 9.79264e-07
 9.79264e-07
 9.79264e-07
 9.79264e-07
 9.79264e-07
 9.79264e-07
 9.79264e-07
 9.79264e-07
 9.79264e-07
 9.79264e-07
 9.79264e-07
 9.79264e-07
 9.79264e-07
 9.79264e-07
 9.79264e-07
 9.79264e-07
 9.79264e-07
 9.79264e-07
 9.79264e-07
 9.79264e-07
 9.79264e-07
 9.79264e-07
 9.79264e-07
 9.79264e-07
 9.79264e-07
 9.79264e-07
 9.79264e-07
 9.79264e-07
 9.79264e-07
 9.79264e-07
 9.79264e-07
 9.79264e-07
 9.79264e-07
 9.79264e-07
 9.79264e-07
 9.79264e-07
 9.79264e-07
 9.79264e-07
 9.79264e-07
 9.79264e-07
 9.79264e-07
 9.79264e-07
 9.79264e-07
 9.79264e-07
 9.79264e-07
 9.79264e-07
 9.79264e-07
 9.79264e-07
 9.79264e-07
 9.79264e-07
 9.79264e-07
 9.79264e-07
 9.79264e-07
 9.79264e-07
 9.79264e-07
 9.79264e-07
 9.79264e-07
 9.79264e-07
 9.79264e-07
 9.79264e-07
 9.79264e-07
 9.79264e-07
 9.79264e-07
 9.79264e-07
 9.79264e-07
 9.79264e-07
 9.79264e-07
 9.79264e-07
 9.79264e-07
 9.79264e-07
 9.79264e-07
 9.79264e-07
 9.79264e-07
 9.79264e-07
 9.79264e-07
 9.79264e-07
 9.79264e-07
 9.79264e-07
 9.79264e-07
 9.79264e-07
 9.79264e-07
 9.79264e-07
 9.79264e-07
 9.79264e-07
 9.79264e-07
 9.79264e-07
 9.79264e-07
 9.79264e-07
 9.79264e-07
 9.79264e-07
 9.79264e-07
 9.79264e-07
 9.79264e-07
 9.79264e-07
 9.79264e-07
 9.79264e-07
 9.79264e-07
 9.79264e-07
 9.79264e-07
 9.79264e-07
 9.79264e-07
 9.79264e-07
 9.79264e-07
 9.79264e-07
 9.79264e-07
 9.79264e-07
 9.79264e-07
 9.79264e-07
 9.79264e-07
 9.79264e-07
 9.79264e-07
 9.79264e-07
 9.79264e-07
 9.79264e-07
 9.79264e-07
 9.79264e-07
 9.79264e-07
 9.79264e-07
 9.79264e-07
 9.79264e-07
 9.79264e-07
 9.79264e-07
 9.79264e-07
 9.79264e-07
 9.79264e-07
 9.79264e-07
 9.79264e-07
 9.79264e-07
 9.79264e-07
 9.79264e-07
 9.79264e-07
 9.79264e-07
 9.79264e-07
 9.79264e-07
 9.79264e-07
 9.79264e-07
 9.79264e-07
 9.79264e-07
 9.79264e-07
 9.79264e-07
 9.79264e-07
 9.79264e-07
 9.79264e-07
 9.79264e-07
 9.79264e-07
 9.79264e-07
 9.79264e-07
 9.79264e-07
 9.79264e-07
 9.79264e-07
 9.79264e-07
 9.79264e-07
 9.79264e-07
 9.79264e-07
 9.79264e-07
 9.79264e-07
 9.79264e-07
 9.79264e-07
 9.79264e-07
 9.79264e-07
 9.79264e-07
 9.79264e-07
 9.79264e-07
 9.79264e-07
 9.79264e-07
 9.79264e-07
 9.79264e-07
 9.79264e-07
 9.79264e-07
 9.79264e-07
 9.79264e-07
 9.79264e-07
 9.79264e-07
 9.79264e-07
 9.79264e-07
 9.79264e-07
 9.79264e-07
 9.79264e-07
 9.79264e-07
 9.79264e-07
 9.79264e-07
 9.79264e-07
 9.79264e-07
 9.79264e-07
 9.79264e-07
 9.79264e-07
 9.79264e-07
 9.79264e-07
 9.79264e-07
 9.79264e-07
 9.79264e-07
 9.79264e-07
 9.79264e-07
 9.79264e-07
 9.79264e-07
 9.79264e-07
 9.79264e-07
 9.79264e-07
 9.79264e-07
 9.79264e-07
 9.79264e-07
 9.79264e-07
 9.79264e-07
 9.79264e-07
 9.79264e-07
 9.79264e-07
 9.79264e-07
 9.79264e-07
 9.79264e-07
 9.79264e-07
 9.79264e-07
 9.79264e-07
 9.79264e-07
 9.79264e-07
 9.79264e-07
 9.79264e-07
 9.79264e-07
 9.79264e-07
 9.79264e-07
 9.79264e-07
 9.79264e-07
 9.79264e-07
 9.79264e-07
 9.79264e-07
 9.79264e-07
 9.79264e-07
 9.79264e-07
 9.79264e-07
 9.79264e-07
 9.79264e-07
 9.79264e-07
 9.79264e-07
 9.79264e-07
 9.79264e-07
 9.79264e-07
 9.79264e-07
 9.79264e-07
 9.79264e-07
 9.79264e-07
 9.79264e-07
 9.79264e-07
 9.79264e-07
 9.79264e-07
 9.79264e-07
 9.79264e-07
 9.79264e-07
 9.79264e-07
 9.79264e-07
 9.79264e-07
 9.79264e-07
 9.79264e-07
 9.79264e-07
 9.79264e-07
 9.79264e-07
 9.79264e-07
 9.79264e-07
 9.79264e-07
 9.79264e-07
 9.79264e-07
 9.79264e-07
 9.79264e-07
 9.79264e-07
 9.79264e-07
 9.79264e-07
 9.79264e-07
 9.79264e-07
 9.79264e-07
 9.79264e-07
 9.79264e-07
 9.79264e-07
 9.79264e-07
 9.79264e-07
 9.79264e-07
 9.79264e-07
 9.79264e-07
 9.79264e-07
 9.79264e-07
 9.79264e-07
 9.79264e-07
 9.79264e-07
 9.79264e-07
 9.79264e-07
 9.79264e-07
 9.79264e-07
 9.79264e-07
 9.79264e-07
 9.79264e-07
 9.79264e-07
 9.79264e-07
 9.79264e-07
 9.79264e-07
 9.79264e-07
 9.79264e-07
 9.79264e-07
 9.79264e-07
 9.79264e-07
 9.79264e-07
 9.79264e-07
 9.79264e-07
 9.79264e-07
 9.79264e-07
 9.79264e-07
 9.79264e-07
 9.79264e-07
 9.79264e-07
 9.79264e-07
 9.79264e-07
 9.79264e-07
 9.79264e-07
 9.79264e-07
 9.79264e-07
 9.79264e-07
 9.79264e-07
 9.79264e-07
 9.79264e-07
 9.79264e-07
 9.79264e-07
 9.79264e-07
 9.79264e-07
 9.79264e-07
 9.79264e-07
 9.79264e-07
 9.79264e-07
 9.79264e-07
 9.79264e-07
 9.79264e-07
 9.79264e-07
 9.79264e-07
 9.79264e-07
 9.79264e-07
 9.79264e-07
 9.79264e-07
 9.79264e-07
 9.79264e-07
 9.79264e-07
 9.79264e-07
 9.79264e-07
 9.79264e-07
 9.79264e-07
 9.79264e-07
 9.79264e-07
 9.79264e-07
 9.79264e-07
 9.79264e-07
 9.79264e-07
 9.79264e-07
 9.79264e-07
 9.79264e-07
 9.79264e-07
 9.79264e-07
 9.79264e-07
 9.79264e-07
 9.79264e-07
 9.79264e-07
 9.79264e-07
 9.79264e-07
 9.79264e-07
 9.79264e-07
 9.79264e-07
 9.79264e-07
 9.79264e-07
 9.79264e-07
 9.79264e-07
 9.79264e-07
 9.79264e-07
 9.79264e-07
 9.79264e-07
 9.79264e-07
 9.79264e-07
 9.79264e-07
 9.79264e-07
 9.79264e-07
 9.79264e-07
 9.79264e-07
 9.79264e-07
 9.79264e-07
 9.79264e-07
 9.79264e-07
 9.79264e-07
 9.79264e-07
 9.79264e-07
 9.79264e-07
 9.79264e-07
 9.79264e-07
 9.79264e-07
 9.79264e-07
 9.79264e-07
 9.79264e-07
 9.79264e-07
 9.79264e-07
 9.79264e-07
 9.79264e-07
 9.79264e-07
 9.79264e-07
 9.79264e-07
 9.79264e-07
 9.79264e-07
 9.79264e-07
 9.79264e-07
 9.79264e-07
 9.79264e-07
 9.79264e-07
 9.79264e-07
 9.79264e-07
 9.79264e-07
 9.79264e-07
 9.79264e-07
 9.79264e-07
 9.79264e-07
 9.79264e-07
 9.79264e-07
 9.79264e-07
 9.79264e-07
 9.79264e-07
 9.79264e-07
 9.79264e-07
 9.79264e-07
 9.79264e-07
 9.79264e-07
 9.79264e-07
 9.79264e-07
 9.79264e-07
 9.79264e-07
 9.79264e-07
 9.79264e-07
 9.79264e-07
 9.79264e-07
 9.79264e-07
 9.79264e-07
 9.79264e-07
 9.79264e-07
 9.79264e-07
 9.79264e-07
 9.79264e-07
 9.79264e-07
 9.79264e-07
 9.79264e-07
 9.79264e-07
 9.79264e-07
 9.79264e-07
 9.79264e-07
 9.79264e-07
 9.79264e-07
 9.79264e-07
 9.79264e-07
 9.79264e-07
 9.79264e-07
 9.79264e-07
 9.79264e-07
 9.79264e-07
 9.79264e-07
 9.79264e-07
 9.79264e-07
 9.79264e-07
 9.79264e-07
 9.79264e-07
 9.79264e-07
 9.79264e-07
 9.79264e-07
 9.79264e-07
 9.79264e-07
 9.79264e-07
 9.79264e-07
 9.79264e-07
 9.79264e-07
 9.79264e-07
 9.79264e-07
 9.79264e-07
 9.79264e-07
 9.79264e-07
 9.79264e-07
 9.79264e-07
 9.79264e-07
 9.79264e-07
 9.79264e-07
 9.79264e-07
 9.79264e-07
 9.79264e-07
 9.79264e-07
 9.79264e-07
 9.79264e-07
 9.79264e-07
 9.79264e-07
 9.79264e-07
 9.79264e-07
 9.79264e-07
 9.79264e-07
 9.79264e-07
 9.79264e-07
 9.79264e-07
 9.79264e-07
 9.79264e-07
 9.79264e-07
 9.79264e-07
 9.79264e-07
 9.79264e-07
 9.79264e-07
 9.79264e-07
 9.79264e-07
 9.79264e-07
 9.79264e-07
 9.79264e-07
 9.79264e-07
 9.79264e-07
 9.79264e-07
 9.79264e-07
 9.79264e-07
 9.79264e-07
 9.79264e-07
 9.79264e-07
 9.79264e-07
 9.79264e-07
 9.79264e-07
 9.79264e-07
 9.79264e-07
 9.79264e-07
 9.79264e-07
 9.79264e-07
 9.79264e-07
 9.79264e-07
 9.79264e-07
 9.79264e-07
 9.79264e-07
 9.79264e-07
 9.79264e-07
 9.79264e-07
 9.79264e-07
 9.79264e-07
 9.79264e-07
 9.79264e-07
 9.79264e-07
 9.79264e-07
 9.79264e-07
 9.79264e-07
 9.79264e-07
 9.79264e-07
 9.79264e-07
 9.79264e-07
 9.79264e-07
 9.79264e-07
 9.79264e-07
 9.79264e-07
 9.79264e-07
 9.79264e-07
 9.79264e-07
 9.79264e-07
 9.79264e-07
 9.79264e-07
 9.79264e-07
 9.79264e-07
 9.79264e-07
 9.79264e-07
 9.79264e-07
 9.79264e-07
 9.79264e-07
 9.79264e-07
 9.79264e-07
 9.79264e-07
 9.79264e-07
 9.79264e-07
 9.79264e-07
 9.79264e-07
 9.79264e-07
 9.79264e-07
 9.79264e-07
 9.79264e-07
 9.79264e-07
 9.79264e-07
 9.79264e-07
 9.79264e-07
 9.79264e-07
 9.79264e-07
 9.79264e-07
 9.79264e-07
 9.79264e-07
 9.79264e-07
 9.79264e-07
 9.79264e-07
 9.79264e-07
 9.79264e-07
 9.79264e-07
 9.79264e-07
 9.79264e-07
 9.79264e-07
 9.79264e-07
 9.79264e-07
 9.79264e-07
 9.79264e-07
 9.79264e-07
 9.79264e-07
 9.79264e-07
 9.79264e-07
 9.79264e-07
 9.79264e-07
 9.79264e-07
 9.79264e-07
 9.79264e-07
 9.79264e-07
 9.79264e-07
 9.79264e-07
 9.79264e-07
 9.79264e-07
 9.79264e-07
 9.79264e-07
 9.79264e-07
 9.79264e-07
 9.79264e-07
 9.79264e-07
 9.79264e-07
 9.79264e-07
 9.79264e-07
 9.79264e-07
 9.79264e-07
 9.79264e-07
 9.79264e-07
 9.79264e-07
 9.79264e-07
 9.79264e-07
 9.79264e-07
 9.79264e-07
 9.79264e-07
 9.79264e-07
 9.79264e-07
 9.79264e-07
 9.79264e-07
 9.79264e-07
 9.79264e-07
 9.79264e-07
 9.79264e-07
 9.79264e-07
 9.79264e-07
 9.79264e-07
 9.79264e-07
 9.79264e-07
 9.79264e-07
 9.79264e-07
 9.79264e-07
 9.79264e-07
 9.79264e-07
 9.79264e-07
 9.79264e-07
 9.79264e-07
 9.79264e-07
 9.79264e-07
 9.79264e-07
 9.79264e-07
 9.79264e-07
 9.79264e-07
 9.79264e-07
 9.79264e-07
 9.79264e-07
 9.79264e-07
 9.79264e-07
 9.79264e-07
 9.79264e-07
 9.79264e-07
 9.79264e-07
 9.79264e-07
 9.79264e-07
 9.79264e-07
 9.79264e-07
 9.79264e-07
 9.79264e-07
 9.79264e-07
 9.79264e-07
 9.79264e-07
 9.79264e-07
 9.79264e-07
 9.79264e-07
 9.79264e-07
 9.79264e-07
 9.79264e-07
 9.79264e-07
 9.79264e-07
 9.79264e-07
 9.79264e-07
 9.79264e-07
 9.79264e-07
 9.79264e-07
 9.79264e-07
 9.79264e-07
 9.79264e-07
 9.79264e-07
 9.79264e-07
 9.79264e-07
 9.79264e-07
 9.79264e-07
 9.79264e-07
 9.79264e-07
 9.79264e-07
 9.79264e-07
 9.79264e-07
 9.79264e-07
 9.79264e-07
 9.79264e-07
 9.79264e-07
 9.79264e-07
 9.79264e-07
 9.79264e-07
 9.79264e-07
 9.79264e-07
 9.79264e-07
 9.79264e-07
 9.79264e-07
 9.79264e-07
 9.79264e-07
 9.79264e-07
 9.79264e-07
 9.79264e-07
 9.79264e-07
 9.79264e-07
 9.79264e-07
 9.79264e-07
 9.79264e-07
 9.79264e-07
 9.79264e-07
 9.79264e-07
 9.79264e-07
 9.79264e-07
 9.79264e-07
 9.79264e-07
 9.79264e-07
 9.79264e-07
 9.79264e-07
 9.79264e-07
 9.79264e-07
 9.79264e-07
 9.79264e-07
 9.79264e-07
 9.79264e-07
 9.79264e-07
 9.79264e-07
 9.79264e-07
 9.79264e-07
 9.79264e-07
 9.79264e-07
 9.79264e-07
 9.79264e-07
 9.79264e-07
 9.79264e-07
 9.79264e-07
 9.79264e-07
 9.79264e-07
 9.79264e-07
 9.79264e-07
 9.79264e-07
 9.79264e-07
 9.79264e-07
 9.79264e-07
 9.79264e-07
 9.79264e-07
 9.79264e-07
 9.79264e-07
 9.79264e-07
 9.79264e-07
 9.79264e-07
 9.79264e-07
 9.79264e-07
 9.79264e-07
 9.79264e-07
 9.79264e-07
 9.79264e-07
 9.79264e-07
 9.79264e-07
 9.79264e-07
 9.79264e-07
 9.79264e-07
 9.79264e-07
 9.79264e-07
 9.79264e-07
 9.79264e-07
 9.79264e-07
 9.79264e-07
 9.79264e-07
 9.79264e-07
 9.79264e-07
 9.79264e-07
 9.79264e-07
 9.79264e-07
 9.79264e-07
 9.79264e-07
 9.79264e-07
 9.79264e-07
 9.79264e-07
 9.79264e-07
 9.79264e-07
 9.79264e-07
 9.79264e-07
 9.79264e-07
 9.79264e-07
 9.79264e-07
 9.79264e-07
 9.79264e-07
 9.79264e-07
 9.79264e-07
 9.79264e-07
 9.79264e-07
 9.79264e-07
 9.79264e-07
 9.79264e-07
 9.79264e-07
 9.79264e-07
 9.79264e-07
 9.79264e-07
 9.79264e-07
 9.79264e-07
 9.79264e-07
 9.79264e-07
 9.79264e-07
 9.79264e-07
 9.79264e-07
 9.79264e-07
 9.79264e-07
 9.79264e-07
 9.79264e-07
 9.79264e-07
 9.79264e-07
 9.79264e-07
 9.79264e-07
 9.79264e-07
 9.79264e-07
 9.79264e-07
 9.79264e-07
 9.79264e-07
 9.79264e-07
 9.79264e-07
 9.79264e-07
 9.79264e-07
 9.79264e-07
 9.79264e-07
 9.79264e-07
 9.79264e-07
 9.79264e-07
 9.79264e-07
 9.79264e-07
 9.79264e-07
 9.79264e-07
 9.79264e-07
 9.79264e-07
 9.79264e-07
 9.79264e-07
 9.79264e-07
 9.79264e-07
 9.79264e-07
 9.79264e-07
 9.79264e-07
 9.79264e-07
 9.79264e-07
 9.79264e-07
 9.79264e-07
 9.79264e-07
 9.79264e-07
 9.79264e-07
 9.79264e-07
 9.79264e-07
 9.79264e-07
 9.79264e-07
 9.79264e-07
 9.79264e-07
 9.79264e-07
 9.79264e-07
 9.79264e-07
 9.79264e-07
 9.79264e-07
 9.79264e-07
 9.79264e-07
 9.79264e-07
 9.79264e-07
 9.79264e-07
 9.79264e-07
 9.79264e-07
 9.79264e-07
 9.79264e-07
 9.79264e-07
 9.79264e-07
 9.79264e-07
 9.79264e-07
 9.79264e-07
 9.79264e-07
 9.79264e-07
 9.79264e-07
 9.79264e-07
 9.79264e-07
 9.79264e-07
 9.79264e-07
 9.79264e-07
 9.79264e-07
 9.79264e-07
 9.79264e-07
 9.79264e-07
 9.79264e-07
 9.79264e-07
 9.79264e-07
 9.79264e-07
 9.79264e-07
 9.79264e-07
 9.79264e-07
 9.79264e-07
 9.79264e-07
 9.79264e-07
 9.79264e-07
 9.79264e-07
 9.79264e-07
 9.79264e-07
 9.79264e-07
 9.79264e-07
 9.79264e-07
 9.79264e-07
 9.79264e-07
 9.79264e-07
 9.79264e-07
 9.79264e-07
 9.79264e-07
 9.79264e-07
 9.79264e-07
 9.79264e-07
 9.79264e-07
 9.79264e-07
 9.79264e-07
 9.79264e-07
 9.79264e-07
 9.79264e-07
 9.79264e-07
 9.79264e-07
 9.79264e-07
 9.79264e-07
 9.79264e-07
 9.79264e-07
 9.79264e-07
 9.79264e-07
 9.79264e-07
 9.79264e-07
 9.79264e-07
 9.79264e-07
 9.79264e-07
 9.79264e-07
 9.79264e-07
 9.79264e-07
 9.79264e-07
 9.79264e-07
 9.79264e-07
 9.79264e-07
 9.79264e-07
 9.79264e-07
 9.79264e-07
 9.79264e-07
 9.79264e-07
 9.79264e-07
 9.79264e-07
 9.79264e-07
 9.79264e-07
 9.79264e-07
 9.79264e-07
 9.79264e-07
 9.79264e-07
 9.79264e-07
 9.79264e-07
 9.79264e-07
 9.79264e-07
 9.79264e-07
 9.79264e-07
 9.79264e-07
 9.79264e-07
 9.79264e-07
 9.79264e-07
 9.79264e-07
 9.79264e-07
 9.79264e-07
 9.79264e-07
 9.79264e-07
 9.79264e-07
 9.79264e-07
 9.79264e-07
 9.79264e-07
 9.79264e-07
 9.79264e-07
 9.79264e-07
 9.79264e-07
 9.79264e-07
 9.79264e-07
 9.79264e-07
 9.79264e-07
 9.79264e-07
 9.79264e-07
 9.79264e-07
 9.79264e-07
 9.79264e-07
 9.79264e-07
 9.79264e-07
 9.79264e-07
 9.79264e-07
 9.79264e-07
 9.79264e-07
 9.79264e-07
 9.79264e-07
 9.79264e-07
 9.79264e-07
 9.79264e-07
 9.79264e-07
 9.79264e-07
 9.79264e-07
 9.79264e-07
 9.79264e-07
 9.79264e-07
 9.79264e-07
 9.79264e-07
 9.79264e-07
 9.79264e-07
 9.79264e-07
 9.79264e-07
 9.79264e-07
 9.79264e-07
 9.79264e-07
 9.79264e-07
 9.79264e-07
 9.79264e-07
 9.79264e-07
 9.79264e-07
 9.79264e-07
 9.79264e-07
 9.79264e-07
 9.79264e-07
 9.79264e-07
 9.79264e-07
 9.79264e-07
 9.79264e-07
 9.79264e-07
 9.79264e-07
 9.79264e-07
 9.79264e-07
 9.79264e-07
 9.79264e-07
 9.79264e-07
 9.79264e-07
 9.79264e-07
 9.79264e-07
 9.79264e-07
 9.79264e-07
 9.79264e-07
 9.79264e-07
 9.79264e-07
 9.79264e-07
 9.79264e-07
 9.79264e-07
 9.79264e-07
 9.79264e-07
 9.79264e-07
 9.79264e-07
 9.79264e-07
 9.79264e-07
 9.79264e-07
 9.79264e-07
 9.79264e-07
 9.79264e-07
 9.79264e-07
 9.79264e-07
 9.79264e-07
 9.79264e-07
 9.79264e-07
 9.79264e-07
 9.79264e-07
 9.79264e-07
 9.79264e-07
 9.79264e-07
 9.79264e-07
 9.79264e-07
 9.79264e-07
 9.79264e-07
 9.79264e-07
 9.79264e-07
 9.79264e-07
 9.79264e-07
 9.79264e-07
 9.79264e-07
 9.79264e-07
 9.79264e-07
 9.79264e-07
 9.79264e-07
 9.79264e-07
 9.79264e-07
 9.79264e-07
 9.79264e-07
 9.79264e-07
 9.79264e-07
 9.79264e-07
 9.79264e-07
 9.79264e-07
 9.79264e-07
 9.79264e-07
 9.79264e-07
 9.79264e-07
 9.79264e-07
 9.79264e-07
 9.79264e-07
 9.79264e-07
 9.79264e-07
 9.79264e-07
 9.79264e-07
 9.79264e-07
 9.79264e-07
 9.79264e-07
 9.79264e-07
 9.79264e-07
 9.79264e-07
 9.79264e-07
 9.79264e-07
 9.79264e-07
 9.79264e-07
 9.79264e-07
 9.79264e-07
 9.79264e-07
 9.79264e-07
 9.79264e-07
 9.79264e-07
 9.79264e-07
 9.79264e-07
 9.79264e-07
 9.79264e-07
 9.79264e-07
 9.79264e-07
 9.79264e-07
 9.79264e-07
 9.79264e-07
 9.79264e-07
 9.79264e-07
 9.79264e-07
 9.79264e-07
 9.79264e-07
 9.79264e-07
 9.79264e-07
 9.79264e-07
 9.79264e-07
 9.79264e-07
 9.79264e-07
 9.79264e-07
 9.79264e-07
 9.79264e-07
 9.79264e-07
 9.79264e-07
 9.79264e-07
 9.79264e-07
 9.79264e-07
 9.79264e-07
 9.79264e-07
 9.79264e-07
 9.79264e-07
 9.79264e-07
 9.79264e-07
 9.79264e-07
 9.79264e-07
 9.79264e-07
 9.79264e-07
 9.79264e-07
 9.79264e-07
 9.79264e-07
 9.79264e-07
 9.79264e-07
 9.79264e-07
 9.79264e-07
 9.79264e-07
 9.79264e-07
 9.79264e-07
 9.79264e-07
 9.79264e-07
 9.79264e-07
 9.79264e-07
 9.79264e-07
 9.79264e-07
 9.79264e-07
 9.79264e-07
 9.79264e-07
 9.79264e-07
 9.79264e-07
 9.79264e-07
 9.79264e-07
 9.79264e-07
 9.79264e-07
 9.79264e-07
 9.79264e-07
 9.79264e-07
 9.79264e-07
 9.79264e-07
 9.79264e-07
 9.79264e-07
 9.79264e-07
 9.79264e-07
 9.79264e-07
 9.79264e-07
 9.79264e-07
 9.79264e-07
 9.79264e-07
 9.79264e-07
 9.79264e-07
 9.79264e-07
 9.79264e-07
 9.79264e-07
 9.79264e-07
 9.79264e-07
 9.79264e-07
 9.79264e-07
 9.79264e-07
 9.79264e-07
 9.79264e-07
 9.79264e-07
 9.79264e-07
 9.79264e-07
 9.79264e-07
 9.79264e-07
 9.79264e-07
 9.79264e-07
 9.79264e-07
 9.79264e-07
 9.79264e-07
 9.79264e-07
 9.79264e-07
 9.79264e-07
 9.79264e-07
 9.79264e-07
 9.79264e-07
 9.79264e-07
 9.79264e-07
 9.79264e-07
 9.79264e-07
 9.79264e-07
 9.79264e-07
 9.79264e-07
 9.79264e-07
 9.79264e-07
 9.79264e-07
 9.79264e-07
 9.79264e-07
 9.79264e-07
 9.79264e-07
 9.79264e-07
 9.79264e-07
 9.79264e-07
 9.79264e-07
 9.79264e-07
 9.79264e-07
 9.79264e-07
 9.79264e-07
 9.79264e-07
 9.79264e-07
 9.79264e-07
 9.79264e-07
 9.79264e-07
 9.79264e-07
 9.79264e-07
 9.79264e-07
 9.79264e-07
 9.79264e-07
 9.79264e-07
 9.79264e-07
 9.79264e-07
 9.79264e-07
 9.79264e-07
 9.79264e-07
 9.79264e-07
 9.79264e-07
 9.79264e-07
 9.79264e-07
 9.79264e-07
 9.79264e-07
 9.79264e-07
 9.79264e-07
 9.79264e-07
 9.79264e-07
 9.79264e-07
 9.79264e-07
 9.79264e-07
 9.79264e-07
 9.79264e-07
 9.79264e-07
 9.79264e-07
 9.79264e-07
 9.79264e-07
 9.79264e-07
 9.79264e-07
 9.79264e-07
 9.79264e-07
 9.79264e-07
 9.79264e-07
 9.79264e-07
 9.79264e-07
 9.79264e-07
 9.79264e-07
 9.79264e-07
 9.79264e-07
 9.79264e-07
 9.79264e-07
 9.79264e-07
 9.79264e-07
 9.79264e-07
 9.79264e-07
 9.79264e-07
 9.79264e-07
 9.79264e-07
 9.79264e-07
 9.79264e-07
 9.79264e-07
 9.79264e-07
 9.79264e-07
 9.79264e-07
 9.79264e-07
 9.79264e-07
 9.79264e-07
 9.79264e-07
 9.79264e-07
 9.79264e-07
 9.79264e-07
 9.79264e-07
 9.79264e-07
 9.79264e-07
 9.79264e-07
 9.79264e-07
 9.79264e-07
 9.79264e-07
 9.79264e-07
 9.79264e-07
 9.79264e-07
 9.79264e-07
 9.79264e-07
 9.79264e-07
 9.79264e-07
 9.79264e-07
 9.79264e-07
 9.79264e-07
 9.79264e-07
 9.79264e-07
 9.79264e-07
 9.79264e-07
 9.79264e-07
 9.79264e-07
 9.79264e-07
 9.79264e-07
 9.79264e-07
 9.79264e-07
 9.79264e-07
 9.79264e-07
 9.79264e-07
 9.79264e-07
 9.79264e-07
 9.79264e-07
 9.79264e-07
 9.79264e-07
 9.79264e-07
 9.79264e-07
 9.79264e-07
 9.79264e-07
 9.79264e-07
 9.79264e-07
 9.79264e-07
 9.79264e-07
 9.79264e-07
 9.79264e-07
 9.79264e-07
 9.79264e-07
 9.79264e-07
 9.79264e-07
 9.79264e-07
 9.79264e-07
 9.79264e-07
 9.79264e-07
 9.79264e-07
 9.79264e-07
 9.79264e-07
 9.79264e-07
 9.79264e-07
 9.79264e-07
 9.79264e-07
 9.79264e-07
 9.79264e-07
 9.79264e-07
 9.79264e-07
 9.79264e-07
 9.79264e-07
 9.79264e-07
 9.79264e-07
 9.79264e-07
 9.79264e-07
 9.79264e-07
 9.79264e-07
 9.79264e-07
 9.79264e-07
 9.79264e-07
 9.79264e-07
 9.79264e-07
 9.79264e-07
 9.79264e-07
 9.79264e-07
 9.79264e-07
 9.79264e-07
 9.79264e-07
 9.79264e-07
 9.79264e-07
 9.79264e-07
 9.79264e-07
 9.79264e-07
 9.79264e-07
 9.79264e-07
 9.79264e-07
 9.79264e-07
 9.79264e-07
 9.79264e-07
 9.79264e-07
 9.79264e-07
 9.79264e-07
 9.79264e-07
 9.79264e-07
 9.79264e-07
 9.79264e-07
 9.79264e-07
 9.79264e-07
 9.79264e-07
 9.79264e-07
 9.79264e-07
 9.79264e-07
 9.79264e-07
 9.79264e-07
 9.79264e-07
 9.79264e-07
 9.79264e-07
 9.79264e-07
 9.79264e-07
 9.79264e-07
 9.79264e-07
 9.79264e-07
 9.79264e-07
 9.79264e-07
 9.79264e-07
 9.79264e-07
 9.79264e-07
 9.79264e-07
 9.79264e-07
 9.79264e-07
 9.79264e-07
 9.79264e-07
 9.79264e-07
 9.79264e-07
 9.79264e-07
 9.79264e-07
 9.79264e-07
 9.79264e-07
 9.79264e-07
 9.79264e-07
 9.79264e-07
 9.79264e-07
 9.79264e-07
 9.79264e-07
 9.79264e-07
 9.79264e-07
 9.79264e-07
 9.79264e-07
 9.79264e-07
 9.79264e-07
 9.79264e-07
 9.79264e-07
 9.79264e-07
 9.79264e-07
 9.79264e-07
 9.79264e-07
 9.79264e-07
 9.79264e-07
 9.79264e-07
 9.79264e-07
 9.79264e-07
 9.79264e-07
 9.79264e-07
 9.79264e-07
 9.79264e-07
 9.79264e-07
 9.79264e-07
 9.79264e-07
 9.79264e-07
 9.79264e-07
 9.79264e-07
 9.79264e-07
 9.79264e-07
 9.79264e-07
 9.79264e-07
 9.79264e-07
 9.79264e-07
 9.79264e-07
 9.79264e-07
 9.79264e-07
 9.79264e-07
 9.79264e-07
 9.79264e-07
 9.79264e-07
 9.79264e-07
 9.79264e-07
 9.79264e-07
 9.79264e-07
 9.79264e-07
 9.79264e-07
 9.79264e-07
 9.79264e-07
 9.79264e-07
 9.79264e-07
 9.79264e-07
 9.79264e-07
 9.79264e-07
 9.79264e-07
 9.79264e-07
 9.79264e-07
 9.79264e-07
 9.79264e-07
 9.79264e-07
 9.79264e-07
 9.79264e-07
 9.79264e-07
 9.79264e-07
 9.79264e-07
 9.79264e-07
 9.79264e-07
 9.79264e-07
 9.79264e-07
 9.79264e-07
 9.79264e-07
 9.79264e-07
 9.79264e-07
 9.79264e-07
 9.79264e-07
 9.79264e-07
 9.79264e-07
 9.79264e-07
 9.79264e-07
 9.79264e-07
 9.79264e-07
 9.79264e-07
 9.79264e-07
 9.79264e-07
 9.79264e-07
 9.79264e-07
 9.79264e-07
 9.79264e-07
 9.79264e-07
 9.79264e-07
 9.79264e-07
 9.79264e-07
 9.79264e-07
 9.79264e-07
 9.79264e-07
 9.79264e-07
 9.79264e-07
 9.79264e-07
 9.79264e-07
 9.79264e-07
 9.79264e-07
 9.79264e-07
 9.79264e-07
 9.79264e-07
 9.79264e-07
 9.79264e-07
 9.79264e-07
 9.79264e-07
 9.79264e-07
 9.79264e-07
 9.79264e-07
 9.79264e-07
 9.79264e-07
 9.79264e-07
 9.79264e-07
 9.79264e-07
 9.79264e-07
 9.79264e-07
 9.79264e-07
 9.79264e-07
 9.79264e-07
 9.79264e-07
 9.79264e-07
 9.79264e-07
 9.79264e-07
 9.79264e-07
 9.79264e-07
 9.79264e-07
 9.79264e-07
 9.79264e-07
 9.79264e-07
 9.79264e-07
 9.79264e-07
 9.79264e-07
 9.79264e-07
 9.79264e-07
 9.79264e-07
 9.79264e-07
 9.79264e-07
 9.79264e-07
 9.79264e-07
 9.79264e-07
 9.79264e-07
 9.79264e-07
 9.79264e-07
 9.79264e-07
 9.79264e-07
 9.79264e-07
 9.79264e-07
 9.79264e-07
 9.79264e-07
 9.79264e-07
 9.79264e-07
 9.79264e-07
 9.79264e-07
 9.79264e-07
 9.79264e-07
 9.79264e-07
 9.79264e-07
 9.79264e-07
 9.79264e-07
 9.79264e-07
 9.79264e-07
 9.79264e-07
 9.79264e-07
 9.79264e-07
 9.79264e-07
 9.79264e-07
 9.79264e-07
 9.79264e-07
 9.79264e-07
 9.79264e-07
 9.79264e-07
 9.79264e-07
 9.79264e-07
 9.79264e-07
 9.79264e-07
 9.79264e-07
 9.79264e-07
 9.79264e-07
 9.79264e-07
 9.79264e-07
 9.79264e-07
 9.79264e-07
 9.79264e-07
 9.79264e-07
 9.79264e-07
 9.79264e-07
 9.79264e-07
 9.79264e-07
 9.79264e-07
 9.79264e-07
 9.79264e-07
 9.79264e-07
 9.79264e-07
 9.79264e-07
 9.79264e-07
 9.79264e-07
 9.79264e-07
 9.79264e-07
 9.79264e-07
 9.79264e-07
 9.79264e-07
 9.79264e-07
 9.79264e-07
 9.79264e-07
 9.79264e-07
 9.79264e-07
 9.79264e-07
 9.79264e-07
 9.79264e-07
 9.79264e-07
 9.79264e-07
 9.79264e-07
 9.79264e-07
 9.79264e-07
 9.79264e-07
 9.79264e-07
 9.79264e-07
 9.79264e-07
 9.79264e-07
 9.79264e-07
 9.79264e-07
 9.79264e-07
 9.79264e-07
 9.79264e-07
 9.79264e-07
 9.79264e-07
 9.79264e-07
 9.79264e-07
 9.79264e-07
 9.79264e-07
 9.79264e-07
 9.79264e-07
 9.79264e-07
 9.79264e-07
 9.79264e-07
 9.79264e-07
 9.79264e-07
 9.79264e-07
 9.79263e-07
