PseudoViscosity
part
         1
hexa8
 2.64554e-32
 3.14208e-32
 0.00000e+00
 1.02158e-15
 1.57707e-31
 1.02158e-15
 1.02158e-15
 0.00000e+00
 0.00000e+00
 0.00000e+00
 3.54040e-32
 1.02158e-15
 1.69214e-31
 0.00000e+00
 6.22904e-31
 0.00000e+00
 0.00000e+00
 0.00000e+00
 0.00000e+00
 0.00000e+00
 0.00000e+00
 0.00000e+00
 0.00000e+00
 0.00000e+00
 0.00000e+00
 1.02158e-15
 2.04316e-15
 3.84636e-31
 0.00000e+00
 0.00000e+00
 2.04316e-15
 1.55080e-31
 0.00000e+00
 0.00000e+00
 0.00000e+00
 1.02158e-15
 4.58235e-32
 0.00000e+00
 0.00000e+00
 4.08632e-15
 2.66214e-30
 0.00000e+00
 3.18636e-32
 2.04316e-15
 5.01382e-31
 0.00000e+00
 0.00000e+00
 0.00000e+00
 0.00000e+00
 0.00000e+00
 0.00000e+00
 6.23745e-32
 0.00000e+00
 0.00000e+00
 0.00000e+00
 3.65682e-31
 0.00000e+00
 1.02158e-15
 3.06474e-15
 8.21616e-32
 1.02158e-15
 0.00000e+00
 1.02158e-15
 2.67599e-31
 8.84305e-31
 1.02158e-15
 2.27648e-31
 3.06474e-15
 5.93112e-31
 0.00000e+00
 0.00000e+00
 0.00000e+00
 0.00000e+00
 0.00000e+00
 0.00000e+00
 0.00000e+00
 0.00000e+00
 1.02158e-15
 8.11596e-32
 0.00000e+00
 2.04316e-15
 6.44024e-31
 1.02158e-15
 2.02470e-31
 2.04316e-15
 1.02158e-15
 0.00000e+00
 3.06474e-15
 2.23605e-30
 2.04316e-15
 3.06474e-15
 7.62981e-31
 1.27384e-30
 3.06474e-15
 3.53962e-31
 0.00000e+00
 0.00000e+00
 0.00000e+00
 0.00000e+00
 0.00000e+00
 0.00000e+00
 0.00000e+00
 3.05437e-32
 0.00000e+00
 0.00000e+00
 3.88653e-31
 1.26415e-30
 3.06474e-15
 5.01109e-32
 5.59460e-31
 6.12948e-15
 2.78806e-31
 2.04316e-15
 0.00000e+00
 3.21784e-31
 7.37696e-31
 1.02158e-15
 1.02158e-15
 6.22560e-31
 0.00000e+00
 0.00000e+00
 0.00000e+00
 0.00000e+00
 0.00000e+00
 0.00000e+00
 1.02158e-15
 1.02158e-15
 1.89846e-31
 2.04316e-15
 9.72378e-32
 1.02158e-15
 6.39496e-31
 1.02158e-15
 2.34389e-31
 0.00000e+00
 1.02158e-15
 2.28330e-31
 2.04316e-15
 4.93867e-31
 1.02158e-15
 5.36405e-31
 1.33841e-30
 0.00000e+00
 0.00000e+00
 0.00000e+00
 0.00000e+00
 0.00000e+00
 0.00000e+00
 0.00000e+00
 0.00000e+00
 6.81649e-32
 5.71695e-32
 4.45461e-32
 1.02158e-15
 4.17335e-32
 1.02158e-15
 0.00000e+00
 0.00000e+00
 0.00000e+00
 0.00000e+00
 1.49477e-31
 6.24883e-31
 1.04026e-30
 0.00000e+00
 4.08632e-15
 3.06474e-15
 3.06474e-15
 1.54011e-30
 6.27747e-31
 0.00000e+00
 0.00000e+00
 0.00000e+00
 0.00000e+00
 0.00000e+00
 0.00000e+00
 1.55177e-31
 1.02158e-15
 3.52995e-31
 2.04316e-15
 1.02158e-15
 2.04316e-15
 0.00000e+00
 1.53124e-31
 0.00000e+00
 0.00000e+00
 0.00000e+00
 0.00000e+00
 4.08632e-15
 1.95947e-30
 3.06474e-15
 6.92747e-31
 0.00000e+00
 3.31493e-31
 0.00000e+00
 0.00000e+00
 0.00000e+00
 0.00000e+00
 0.00000e+00
 0.00000e+00
 0.00000e+00
 0.00000e+00
 9.56726e-32
 1.02158e-15
 8.36489e-32
 6.55635e-31
 2.05009e-31
 0.00000e+00
 2.34781e-31
 5.30424e-33
 2.04316e-15
 2.04316e-15
 2.60128e-31
 1.02158e-15
 1.02158e-15
 2.92943e-31
 4.08632e-15
 3.56689e-30
 7.15106e-15
 1.81427e-30
 0.00000e+00
 0.00000e+00
 0.00000e+00
 0.00000e+00
 0.00000e+00
 0.00000e+00
 0.00000e+00
 0.00000e+00
 3.07442e-31
 1.02158e-15
 0.00000e+00
 0.00000e+00
 2.65824e-31
 1.02158e-15
 2.04316e-15
 3.21390e-31
 3.89945e-31
 2.95463e-31
 4.08632e-15
 2.97078e-31
 2.04316e-15
 5.43962e-31
 2.40891e-30
 3.06474e-15
 0.00000e+00
 0.00000e+00
 0.00000e+00
 0.00000e+00
 0.00000e+00
 0.00000e+00
 0.00000e+00
 1.16067e-31
 1.02158e-15
 1.02158e-15
 2.04316e-15
 3.91532e-33
 2.04316e-15
 0.00000e+00
 2.02505e-31
 2.04316e-15
 2.01722e-31
 4.08632e-15
 8.99668e-31
 4.08632e-15
 1.38592e-30
 3.23969e-31
 2.04316e-15
 3.12362e-31
 0.00000e+00
 0.00000e+00
 0.00000e+00
 0.00000e+00
 0.00000e+00
 0.00000e+00
 0.00000e+00
 0.00000e+00
 0.00000e+00
 1.02158e-15
 1.02158e-15
 8.42657e-32
 0.00000e+00
 2.94640e-31
 3.40954e-32
 0.00000e+00
 1.02158e-15
 1.98471e-31
 2.04316e-15
 2.04316e-15
 3.06474e-15
 1.75477e-30
 0.00000e+00
 4.08632e-15
 1.51349e-30
 3.06474e-15
 2.04316e-15
 0.00000e+00
 0.00000e+00
 0.00000e+00
 0.00000e+00
 0.00000e+00
 0.00000e+00
 0.00000e+00
 2.39798e-31
 1.02158e-15
 1.02158e-15
 2.04316e-15
 2.04316e-15
 5.89268e-32
 0.00000e+00
 1.33023e-31
 2.04316e-15
 5.77210e-32
 2.61635e-31
 3.06474e-15
 1.02158e-15
 4.55636e-32
 4.43040e-32
 0.00000e+00
 4.08632e-15
 1.71367e-30
 0.00000e+00
 0.00000e+00
 0.00000e+00
 0.00000e+00
 0.00000e+00
 0.00000e+00
 0.00000e+00
 4.93886e-32
 2.09133e-32
 0.00000e+00
 3.06474e-15
 1.02158e-15
 0.00000e+00
 3.46423e-31
 0.00000e+00
 7.49797e-31
 2.04316e-15
 9.15379e-31
 7.15245e-31
 8.87287e-32
 2.04316e-15
 2.04316e-15
 2.11412e-30
 7.75928e-31
 8.86079e-31
 0.00000e+00
 0.00000e+00
 0.00000e+00
 0.00000e+00
 0.00000e+00
 0.00000e+00
 8.86079e-32
 1.02158e-15
 1.02158e-15
 2.04316e-15
 3.66503e-31
 0.00000e+00
 4.39940e-31
 2.04316e-15
 0.00000e+00
 1.04424e-30
 3.06474e-15
 3.67358e-31
 3.06474e-15
 1.40511e-31
 6.27270e-31
 1.02158e-15
 3.06474e-15
 3.06474e-15
 0.00000e+00
 0.00000e+00
 0.00000e+00
 0.00000e+00
 0.00000e+00
 0.00000e+00
 0.00000e+00
 1.02158e-15
 1.02158e-15
 3.31256e-31
 2.04316e-15
 0.00000e+00
 1.37881e-32
 4.90257e-31
 2.04316e-15
 0.00000e+00
 1.02158e-15
 1.40416e-31
 1.73483e-30
 3.06474e-15
 3.77238e-31
 2.04316e-15
 1.02158e-15
 3.06474e-15
 2.78347e-30
 0.00000e+00
 0.00000e+00
 0.00000e+00
 0.00000e+00
 0.00000e+00
 0.00000e+00
 0.00000e+00
 9.20127e-33
 7.18851e-32
 4.93355e-32
 3.43365e-31
 2.84345e-31
 2.04316e-15
 1.02158e-15
 1.02158e-15
 3.31328e-31
 2.04316e-15
 2.32751e-32
 4.31376e-31
 1.10284e-31
 3.68588e-32
 9.06866e-32
 4.43040e-32
 0.00000e+00
 2.04316e-15
 6.87890e-31
 0.00000e+00
 0.00000e+00
 0.00000e+00
 0.00000e+00
 0.00000e+00
 0.00000e+00
 2.57748e-31
 1.02158e-15
 1.02158e-15
 3.06474e-15
 2.04316e-15
 1.02158e-15
 1.02158e-15
 3.06474e-15
 1.02158e-15
 1.02158e-15
 1.02158e-15
 0.00000e+00
 1.48942e-31
 6.84225e-32
 1.02158e-15
 1.02158e-15
 0.00000e+00
 1.63173e-31
 1.45687e-30
 0.00000e+00
 0.00000e+00
 0.00000e+00
 0.00000e+00
 0.00000e+00
 0.00000e+00
 6.48922e-31
 3.48986e-31
 0.00000e+00
 3.56344e-31
 2.04316e-15
 2.65737e-31
 1.02158e-15
 0.00000e+00
 1.73109e-31
 1.02158e-15
 7.31697e-32
 1.05774e-31
 3.06474e-15
 6.91289e-31
 1.11831e-31
 6.12948e-15
 1.84169e-30
 1.02158e-15
 3.06474e-15
 7.61500e-31
 0.00000e+00
 0.00000e+00
 0.00000e+00
 0.00000e+00
 0.00000e+00
 3.06474e-15
 3.06474e-15
 1.57882e-33
 0.00000e+00
 0.00000e+00
 7.69949e-31
 4.08632e-15
 4.16262e-32
 0.00000e+00
 0.00000e+00
 7.71306e-31
 2.04316e-15
 2.30062e-31
 1.02158e-15
 0.00000e+00
 5.38653e-31
 2.04316e-15
 1.57130e-31
 5.16876e-31
 0.00000e+00
 0.00000e+00
 0.00000e+00
 0.00000e+00
 0.00000e+00
 0.00000e+00
 2.55329e-31
 1.54074e-31
 0.00000e+00
 1.02158e-15
 2.04316e-15
 1.02158e-15
 0.00000e+00
 1.02158e-15
 2.97397e-31
 0.00000e+00
 0.00000e+00
 6.12948e-15
 1.73952e-30
 2.53587e-31
 1.76712e-32
 0.00000e+00
 2.04316e-15
 4.08632e-15
 3.41240e-30
 0.00000e+00
 0.00000e+00
 0.00000e+00
 0.00000e+00
 0.00000e+00
 0.00000e+00
 0.00000e+00
 0.00000e+00
 9.69535e-32
 1.02158e-15
 1.02158e-15
 3.08149e-31
 1.12244e-31
 4.88296e-31
 6.37622e-32
 0.00000e+00
 0.00000e+00
 3.06474e-15
 8.49907e-31
 2.04316e-15
 1.24505e-30
 5.51614e-31
 3.06474e-15
 2.94329e-30
 0.00000e+00
 0.00000e+00
 0.00000e+00
 0.00000e+00
 0.00000e+00
 0.00000e+00
 0.00000e+00
 0.00000e+00
 5.84876e-31
 1.02158e-15
 4.75614e-31
 0.00000e+00
 4.21226e-32
 8.38802e-32
 2.04316e-15
 4.08632e-15
 1.37314e-30
 7.69726e-32
 0.00000e+00
 0.00000e+00
 0.00000e+00
 0.00000e+00
 6.12948e-15
 1.63723e-30
 0.00000e+00
 3.06474e-15
 7.50116e-31
 0.00000e+00
 0.00000e+00
 0.00000e+00
 0.00000e+00
 0.00000e+00
 0.00000e+00
 2.04316e-15
 5.06938e-31
 0.00000e+00
 0.00000e+00
 1.02158e-15
 4.16540e-31
 1.02158e-15
 5.38204e-31
 0.00000e+00
 1.02158e-15
 1.02158e-15
 2.73712e-31
 0.00000e+00
 0.00000e+00
 5.78507e-31
 4.08632e-15
 3.00824e-30
 4.08632e-15
 2.88661e-30
 0.00000e+00
 0.00000e+00
 0.00000e+00
 0.00000e+00
 0.00000e+00
 3.65710e-31
 1.02158e-15
 1.87210e-32
 0.00000e+00
 0.00000e+00
 0.00000e+00
 1.15462e-31
 0.00000e+00
 0.00000e+00
 9.54078e-31
 3.06474e-15
 7.79046e-31
 0.00000e+00
 0.00000e+00
 0.00000e+00
 0.00000e+00
 8.17264e-15
 2.04316e-15
 1.02158e-15
 0.00000e+00
 0.00000e+00
 0.00000e+00
 0.00000e+00
 0.00000e+00
 0.00000e+00
part
         2
hexa8
 0.00000e+00
 0.00000e+00
 0.00000e+00
 0.00000e+00
 0.00000e+00
 0.00000e+00
 0.00000e+00
 0.00000e+00
 0.00000e+00
 0.00000e+00
 0.00000e+00
 0.00000e+00
 0.00000e+00
 0.00000e+00
 0.00000e+00
 0.00000e+00
 0.00000e+00
 0.00000e+00
 0.00000e+00
 0.00000e+00
 0.00000e+00
 0.00000e+00
 0.00000e+00
 4.99202e-04
 6.78342e-04
 0.00000e+00
 0.00000e+00
 0.00000e+00
 0.00000e+00
 0.00000e+00
 0.00000e+00
 0.00000e+00
 0.00000e+00
 0.00000e+00
 0.00000e+00
 0.00000e+00
 0.00000e+00
 0.00000e+00
 0.00000e+00
 0.00000e+00
 0.00000e+00
 0.00000e+00
 0.00000e+00
 0.00000e+00
 0.00000e+00
 0.00000e+00
 0.00000e+00
 0.00000e+00
 4.99202e-04
 6.78342e-04
 0.00000e+00
 0.00000e+00
 0.00000e+00
 0.00000e+00
 0.00000e+00
 0.00000e+00
 0.00000e+00
 0.00000e+00
 0.00000e+00
 0.00000e+00
 0.00000e+00
 0.00000e+00
 0.00000e+00
 0.00000e+00
 0.00000e+00
 0.00000e+00
 0.00000e+00
 0.00000e+00
 0.00000e+00
 0.00000e+00
 0.00000e+00
 0.00000e+00
 0.00000e+00
 4.99202e-04
 6.78342e-04
 0.00000e+00
 0.00000e+00
 0.00000e+00
 0.00000e+00
 0.00000e+00
 0.00000e+00
 0.00000e+00
 0.00000e+00
 0.00000e+00
 0.00000e+00
 0.00000e+00
 0.00000e+00
 0.00000e+00
 0.00000e+00
 0.00000e+00
 0.00000e+00
 0.00000e+00
 0.00000e+00
 0.00000e+00
 0.00000e+00
 0.00000e+00
 0.00000e+00
 0.00000e+00
 4.99202e-04
 6.78342e-04
 0.00000e+00
 0.00000e+00
 0.00000e+00
 0.00000e+00
 0.00000e+00
 0.00000e+00
 0.00000e+00
 0.00000e+00
 0.00000e+00
 0.00000e+00
 0.00000e+00
 0.00000e+00
 0.00000e+00
 0.00000e+00
 0.00000e+00
 0.00000e+00
 0.00000e+00
 0.00000e+00
 0.00000e+00
 0.00000e+00
 0.00000e+00
 0.00000e+00
 0.00000e+00
 4.99202e-04
 6.78342e-04
 0.00000e+00
 0.00000e+00
 0.00000e+00
 0.00000e+00
 0.00000e+00
 0.00000e+00
 0.00000e+00
 0.00000e+00
 0.00000e+00
 0.00000e+00
 0.00000e+00
 0.00000e+00
 0.00000e+00
 0.00000e+00
 0.00000e+00
 0.00000e+00
 0.00000e+00
 0.00000e+00
 0.00000e+00
 0.00000e+00
 0.00000e+00
 0.00000e+00
 0.00000e+00
 4.99202e-04
 6.78342e-04
 0.00000e+00
 0.00000e+00
 0.00000e+00
 0.00000e+00
 0.00000e+00
 0.00000e+00
 0.00000e+00
 0.00000e+00
 0.00000e+00
 0.00000e+00
 0.00000e+00
 0.00000e+00
 0.00000e+00
 0.00000e+00
 0.00000e+00
 0.00000e+00
 0.00000e+00
 0.00000e+00
 0.00000e+00
 0.00000e+00
 0.00000e+00
 0.00000e+00
 0.00000e+00
 4.99202e-04
 6.78342e-04
 0.00000e+00
 0.00000e+00
 0.00000e+00
 0.00000e+00
 0.00000e+00
 0.00000e+00
 0.00000e+00
 0.00000e+00
 0.00000e+00
 0.00000e+00
 0.00000e+00
 0.00000e+00
 0.00000e+00
 0.00000e+00
 0.00000e+00
 0.00000e+00
 0.00000e+00
 0.00000e+00
 0.00000e+00
 0.00000e+00
 0.00000e+00
 0.00000e+00
 0.00000e+00
 4.99202e-04
 6.78342e-04
 0.00000e+00
 0.00000e+00
 0.00000e+00
 0.00000e+00
 0.00000e+00
 0.00000e+00
 0.00000e+00
 0.00000e+00
 0.00000e+00
 0.00000e+00
 0.00000e+00
 0.00000e+00
 0.00000e+00
 0.00000e+00
 0.00000e+00
 0.00000e+00
 0.00000e+00
 0.00000e+00
 0.00000e+00
 0.00000e+00
 0.00000e+00
 0.00000e+00
 0.00000e+00
 4.99202e-04
 6.78342e-04
 0.00000e+00
 0.00000e+00
 0.00000e+00
 0.00000e+00
 0.00000e+00
 0.00000e+00
 0.00000e+00
 0.00000e+00
 0.00000e+00
 0.00000e+00
 0.00000e+00
 0.00000e+00
 0.00000e+00
 0.00000e+00
 0.00000e+00
 0.00000e+00
 0.00000e+00
 0.00000e+00
 0.00000e+00
 0.00000e+00
 0.00000e+00
 0.00000e+00
 0.00000e+00
 4.99202e-04
 6.78342e-04
 0.00000e+00
 0.00000e+00
 0.00000e+00
 0.00000e+00
 0.00000e+00
 0.00000e+00
 0.00000e+00
 0.00000e+00
 0.00000e+00
 0.00000e+00
 0.00000e+00
 0.00000e+00
 0.00000e+00
 0.00000e+00
 0.00000e+00
 0.00000e+00
 0.00000e+00
 0.00000e+00
 0.00000e+00
 0.00000e+00
 0.00000e+00
 0.00000e+00
 0.00000e+00
 4.99202e-04
 6.78342e-04
 0.00000e+00
 0.00000e+00
 0.00000e+00
 0.00000e+00
 0.00000e+00
 0.00000e+00
 0.00000e+00
 0.00000e+00
 0.00000e+00
 0.00000e+00
 0.00000e+00
 0.00000e+00
 0.00000e+00
 0.00000e+00
 0.00000e+00
 0.00000e+00
 0.00000e+00
 0.00000e+00
 0.00000e+00
 0.00000e+00
 0.00000e+00
 0.00000e+00
 0.00000e+00
 4.99202e-04
 6.78342e-04
 0.00000e+00
 0.00000e+00
 0.00000e+00
 0.00000e+00
 0.00000e+00
 0.00000e+00
 0.00000e+00
 0.00000e+00
 0.00000e+00
 0.00000e+00
 0.00000e+00
 0.00000e+00
 0.00000e+00
 0.00000e+00
 0.00000e+00
 0.00000e+00
 0.00000e+00
 0.00000e+00
 0.00000e+00
 0.00000e+00
 0.00000e+00
 0.00000e+00
 0.00000e+00
 4.99202e-04
 6.78342e-04
 0.00000e+00
 0.00000e+00
 0.00000e+00
 0.00000e+00
 0.00000e+00
 0.00000e+00
 0.00000e+00
 0.00000e+00
 0.00000e+00
 0.00000e+00
 0.00000e+00
 0.00000e+00
 0.00000e+00
 0.00000e+00
 0.00000e+00
 0.00000e+00
 0.00000e+00
 0.00000e+00
 0.00000e+00
 0.00000e+00
 0.00000e+00
 0.00000e+00
 0.00000e+00
 4.99202e-04
 6.78342e-04
 0.00000e+00
 0.00000e+00
 0.00000e+00
 0.00000e+00
 0.00000e+00
 0.00000e+00
 0.00000e+00
 0.00000e+00
 0.00000e+00
 0.00000e+00
 0.00000e+00
 0.00000e+00
 0.00000e+00
 0.00000e+00
 0.00000e+00
 0.00000e+00
 0.00000e+00
 0.00000e+00
 0.00000e+00
 0.00000e+00
 0.00000e+00
 0.00000e+00
 0.00000e+00
 4.99202e-04
 6.78342e-04
 0.00000e+00
 0.00000e+00
 0.00000e+00
 0.00000e+00
 0.00000e+00
 0.00000e+00
 0.00000e+00
 0.00000e+00
 0.00000e+00
 0.00000e+00
 0.00000e+00
 0.00000e+00
 0.00000e+00
 0.00000e+00
 0.00000e+00
 0.00000e+00
 0.00000e+00
 0.00000e+00
 0.00000e+00
 0.00000e+00
 0.00000e+00
 0.00000e+00
 0.00000e+00
 4.99202e-04
 6.78342e-04
 0.00000e+00
 0.00000e+00
 0.00000e+00
 0.00000e+00
 0.00000e+00
 0.00000e+00
 0.00000e+00
 0.00000e+00
 0.00000e+00
 0.00000e+00
 0.00000e+00
 0.00000e+00
 0.00000e+00
 0.00000e+00
 0.00000e+00
 0.00000e+00
 0.00000e+00
 0.00000e+00
 0.00000e+00
 0.00000e+00
 0.00000e+00
 0.00000e+00
 0.00000e+00
 4.99202e-04
 6.78342e-04
 0.00000e+00
 0.00000e+00
 0.00000e+00
 0.00000e+00
 0.00000e+00
 0.00000e+00
 0.00000e+00
 0.00000e+00
 0.00000e+00
 0.00000e+00
 0.00000e+00
 0.00000e+00
 0.00000e+00
 0.00000e+00
 0.00000e+00
 0.00000e+00
 0.00000e+00
 0.00000e+00
 0.00000e+00
 0.00000e+00
 0.00000e+00
 0.00000e+00
 0.00000e+00
 4.99202e-04
 6.78342e-04
 0.00000e+00
 0.00000e+00
 0.00000e+00
 0.00000e+00
 0.00000e+00
 0.00000e+00
 0.00000e+00
 0.00000e+00
 0.00000e+00
 0.00000e+00
 0.00000e+00
 0.00000e+00
 0.00000e+00
 0.00000e+00
 0.00000e+00
 0.00000e+00
 0.00000e+00
 0.00000e+00
 0.00000e+00
 0.00000e+00
 0.00000e+00
 0.00000e+00
 0.00000e+00
 4.99202e-04
 6.78342e-04
 0.00000e+00
 0.00000e+00
 0.00000e+00
 0.00000e+00
 0.00000e+00
 0.00000e+00
 0.00000e+00
 0.00000e+00
 0.00000e+00
 0.00000e+00
 0.00000e+00
 0.00000e+00
 0.00000e+00
 0.00000e+00
 0.00000e+00
 0.00000e+00
 0.00000e+00
 0.00000e+00
 0.00000e+00
 0.00000e+00
 0.00000e+00
 0.00000e+00
 0.00000e+00
 4.99202e-04
 6.78342e-04
 0.00000e+00
 0.00000e+00
 0.00000e+00
 0.00000e+00
 0.00000e+00
 0.00000e+00
 0.00000e+00
 0.00000e+00
 0.00000e+00
 0.00000e+00
 0.00000e+00
 0.00000e+00
 0.00000e+00
 0.00000e+00
 0.00000e+00
 0.00000e+00
 0.00000e+00
 0.00000e+00
 0.00000e+00
 0.00000e+00
 0.00000e+00
 0.00000e+00
 0.00000e+00
 4.99202e-04
 6.78342e-04
 0.00000e+00
 0.00000e+00
 0.00000e+00
 0.00000e+00
 0.00000e+00
 0.00000e+00
 0.00000e+00
 0.00000e+00
 0.00000e+00
 0.00000e+00
 0.00000e+00
 0.00000e+00
 0.00000e+00
 0.00000e+00
 0.00000e+00
 0.00000e+00
 0.00000e+00
 0.00000e+00
 0.00000e+00
 0.00000e+00
 0.00000e+00
 0.00000e+00
 0.00000e+00
 4.99202e-04
 6.78342e-04
 0.00000e+00
 0.00000e+00
 0.00000e+00
 0.00000e+00
 0.00000e+00
 0.00000e+00
 0.00000e+00
 0.00000e+00
 0.00000e+00
 0.00000e+00
 0.00000e+00
 0.00000e+00
 0.00000e+00
 0.00000e+00
 0.00000e+00
 0.00000e+00
 0.00000e+00
 0.00000e+00
 0.00000e+00
 0.00000e+00
 0.00000e+00
 0.00000e+00
 0.00000e+00
 4.99202e-04
 6.78342e-04
 0.00000e+00
 0.00000e+00
 0.00000e+00
 0.00000e+00
 0.00000e+00
 0.00000e+00
 0.00000e+00
 0.00000e+00
 0.00000e+00
 0.00000e+00
 0.00000e+00
 0.00000e+00
 0.00000e+00
 0.00000e+00
 0.00000e+00
 0.00000e+00
 0.00000e+00
 0.00000e+00
 0.00000e+00
 0.00000e+00
 0.00000e+00
 0.00000e+00
 0.00000e+00
 4.99202e-04
 6.78342e-04
 0.00000e+00
 0.00000e+00
 0.00000e+00
 0.00000e+00
 0.00000e+00
 0.00000e+00
 0.00000e+00
 0.00000e+00
 0.00000e+00
 0.00000e+00
 0.00000e+00
 0.00000e+00
 0.00000e+00
 0.00000e+00
 0.00000e+00
 0.00000e+00
 0.00000e+00
 0.00000e+00
 0.00000e+00
 0.00000e+00
 0.00000e+00
 0.00000e+00
 0.00000e+00
 4.99202e-04
 6.78342e-04
part
         3
hexa8
 8.28892e-04
 9.63502e-04
 1.04347e-03
 1.06360e-03
 1.02528e-03
 9.03175e-04
 6.41483e-04
 3.12588e-04
 3.08898e-05
 0.00000e+00
 0.00000e+00
 0.00000e+00
 1.83031e-03
 3.29078e-03
 4.01918e-03
 5.56753e-03
 8.96885e-03
 1.46204e-02
 2.24558e-02
 3.09876e-02
 3.77783e-02
 3.97231e-02
 3.82391e-02
 2.56400e-02
 1.38274e-02
 8.28892e-04
 9.63502e-04
 1.04347e-03
 1.06360e-03
 1.02528e-03
 9.03175e-04
 6.41483e-04
 3.12588e-04
 3.08898e-05
 0.00000e+00
 0.00000e+00
 0.00000e+00
 1.83031e-03
 3.29078e-03
 4.01918e-03
 5.56753e-03
 8.96885e-03
 1.46204e-02
 2.24558e-02
 3.09876e-02
 3.77783e-02
 3.97231e-02
 3.82391e-02
 2.56400e-02
 1.38274e-02
 8.28892e-04
 9.63502e-04
 1.04347e-03
 1.06360e-03
 1.02528e-03
 9.03175e-04
 6.41483e-04
 3.12588e-04
 3.08898e-05
 0.00000e+00
 0.00000e+00
 0.00000e+00
 1.83031e-03
 3.29078e-03
 4.01918e-03
 5.56753e-03
 8.96885e-03
 1.46204e-02
 2.24558e-02
 3.09876e-02
 3.77783e-02
 3.97231e-02
 3.82391e-02
 2.56400e-02
 1.38274e-02
 8.28892e-04
 9.63502e-04
 1.04347e-03
 1.06360e-03
 1.02528e-03
 9.03175e-04
 6.41483e-04
 3.12588e-04
 3.08898e-05
 0.00000e+00
 0.00000e+00
 0.00000e+00
 1.83031e-03
 3.29078e-03
 4.01918e-03
 5.56753e-03
 8.96885e-03
 1.46204e-02
 2.24558e-02
 3.09876e-02
 3.77783e-02
 3.97231e-02
 3.82391e-02
 2.56400e-02
 1.38274e-02
 8.28892e-04
 9.63502e-04
 1.04347e-03
 1.06360e-03
 1.02528e-03
 9.03175e-04
 6.41483e-04
 3.12588e-04
 3.08898e-05
 0.00000e+00
 0.00000e+00
 0.00000e+00
 1.83031e-03
 3.29078e-03
 4.01918e-03
 5.56753e-03
 8.96885e-03
 1.46204e-02
 2.24558e-02
 3.09876e-02
 3.77783e-02
 3.97231e-02
 3.82391e-02
 2.56400e-02
 1.38274e-02
 8.28892e-04
 9.63502e-04
 1.04347e-03
 1.06360e-03
 1.02528e-03
 9.03175e-04
 6.41483e-04
 3.12588e-04
 3.08898e-05
 0.00000e+00
 0.00000e+00
 0.00000e+00
 1.83031e-03
 3.29078e-03
 4.01918e-03
 5.56753e-03
 8.96885e-03
 1.46204e-02
 2.24558e-02
 3.09876e-02
 3.77783e-02
 3.97231e-02
 3.82391e-02
 2.56400e-02
 1.38274e-02
 8.28892e-04
 9.63502e-04
 1.04347e-03
 1.06360e-03
 1.02528e-03
 9.03175e-04
 6.41483e-04
 3.12588e-04
 3.08898e-05
 0.00000e+00
 0.00000e+00
 0.00000e+00
 1.83031e-03
 3.29078e-03
 4.01918e-03
 5.56753e-03
 8.96885e-03
 1.46204e-02
 2.24558e-02
 3.09876e-02
 3.77783e-02
 3.97231e-02
 3.82391e-02
 2.56400e-02
 1.38274e-02
 8.28892e-04
 9.63502e-04
 1.04347e-03
 1.06360e-03
 1.02528e-03
 9.03175e-04
 6.41483e-04
 3.12588e-04
 3.08898e-05
 0.00000e+00
 0.00000e+00
 0.00000e+00
 1.83031e-03
 3.29078e-03
 4.01918e-03
 5.56753e-03
 8.96885e-03
 1.46204e-02
 2.24558e-02
 3.09876e-02
 3.77783e-02
 3.97231e-02
 3.82391e-02
 2.56400e-02
 1.38274e-02
 8.28892e-04
 9.63502e-04
 1.04347e-03
 1.06360e-03
 1.02528e-03
 9.03175e-04
 6.41483e-04
 3.12588e-04
 3.08898e-05
 0.00000e+00
 0.00000e+00
 0.00000e+00
 1.83031e-03
 3.29078e-03
 4.01918e-03
 5.56753e-03
 8.96885e-03
 1.46204e-02
 2.24558e-02
 3.09876e-02
 3.77783e-02
 3.97231e-02
 3.82391e-02
 2.56400e-02
 1.38274e-02
 8.28892e-04
 9.63502e-04
 1.04347e-03
 1.06360e-03
 1.02528e-03
 9.03175e-04
 6.41483e-04
 3.12588e-04
 3.08898e-05
 0.00000e+00
 0.00000e+00
 0.00000e+00
 1.83031e-03
 3.29078e-03
 4.01918e-03
 5.56753e-03
 8.96885e-03
 1.46204e-02
 2.24558e-02
 3.09876e-02
 3.77783e-02
 3.97231e-02
 3.82391e-02
 2.56400e-02
 1.38274e-02
 8.28892e-04
 9.63502e-04
 1.04347e-03
 1.06360e-03
 1.02528e-03
 9.03175e-04
 6.41483e-04
 3.12588e-04
 3.08898e-05
 0.00000e+00
 0.00000e+00
 0.00000e+00
 1.83031e-03
 3.29078e-03
 4.01918e-03
 5.56753e-03
 8.96885e-03
 1.46204e-02
 2.24558e-02
 3.09876e-02
 3.77783e-02
 3.97231e-02
 3.82391e-02
 2.56400e-02
 1.38274e-02
 8.28892e-04
 9.63502e-04
 1.04347e-03
 1.06360e-03
 1.02528e-03
 9.03175e-04
 6.41483e-04
 3.12588e-04
 3.08898e-05
 0.00000e+00
 0.00000e+00
 0.00000e+00
 1.83031e-03
 3.29078e-03
 4.01918e-03
 5.56753e-03
 8.96885e-03
 1.46204e-02
 2.24558e-02
 3.09876e-02
 3.77783e-02
 3.97231e-02
 3.82391e-02
 2.56400e-02
 1.38274e-02
 8.28892e-04
 9.63502e-04
 1.04347e-03
 1.06360e-03
 1.02528e-03
 9.03175e-04
 6.41483e-04
 3.12588e-04
 3.08898e-05
 0.00000e+00
 0.00000e+00
 0.00000e+00
 1.83031e-03
 3.29078e-03
 4.01918e-03
 5.56753e-03
 8.96885e-03
 1.46204e-02
 2.24558e-02
 3.09876e-02
 3.77783e-02
 3.97231e-02
 3.82391e-02
 2.56400e-02
 1.38274e-02
 8.28892e-04
 9.63502e-04
 1.04347e-03
 1.06360e-03
 1.02528e-03
 9.03175e-04
 6.41483e-04
 3.12588e-04
 3.08898e-05
 0.00000e+00
 0.00000e+00
 0.00000e+00
 1.83031e-03
 3.29078e-03
 4.01918e-03
 5.56753e-03
 8.96885e-03
 1.46204e-02
 2.24558e-02
 3.09876e-02
 3.77783e-02
 3.97231e-02
 3.82391e-02
 2.56400e-02
 1.38274e-02
 8.28892e-04
 9.63502e-04
 1.04347e-03
 1.06360e-03
 1.02528e-03
 9.03175e-04
 6.41483e-04
 3.12588e-04
 3.08898e-05
 0.00000e+00
 0.00000e+00
 0.00000e+00
 1.83031e-03
 3.29078e-03
 4.01918e-03
 5.56753e-03
 8.96885e-03
 1.46204e-02
 2.24558e-02
 3.09876e-02
 3.77783e-02
 3.97231e-02
 3.82391e-02
 2.56400e-02
 1.38274e-02
 8.28892e-04
 9.63502e-04
 1.04347e-03
 1.06360e-03
 1.02528e-03
 9.03175e-04
 6.41483e-04
 3.12588e-04
 3.08898e-05
 0.00000e+00
 0.00000e+00
 0.00000e+00
 1.83031e-03
 3.29078e-03
 4.01918e-03
 5.56753e-03
 8.96885e-03
 1.46204e-02
 2.24558e-02
 3.09876e-02
 3.77783e-02
 3.97231e-02
 3.82391e-02
 2.56400e-02
 1.38274e-02
 8.28892e-04
 9.63502e-04
 1.04347e-03
 1.06360e-03
 1.02528e-03
 9.03175e-04
 6.41483e-04
 3.12588e-04
 3.08898e-05
 0.00000e+00
 0.00000e+00
 0.00000e+00
 1.83031e-03
 3.29078e-03
 4.01918e-03
 5.56753e-03
 8.96885e-03
 1.46204e-02
 2.24558e-02
 3.09876e-02
 3.77783e-02
 3.97231e-02
 3.82391e-02
 2.56400e-02
 1.38274e-02
 8.28892e-04
 9.63502e-04
 1.04347e-03
 1.06360e-03
 1.02528e-03
 9.03175e-04
 6.41483e-04
 3.12588e-04
 3.08898e-05
 0.00000e+00
 0.00000e+00
 0.00000e+00
 1.83031e-03
 3.29078e-03
 4.01918e-03
 5.56753e-03
 8.96885e-03
 1.46204e-02
 2.24558e-02
 3.09876e-02
 3.77783e-02
 3.97231e-02
 3.82391e-02
 2.56400e-02
 1.38274e-02
 8.28892e-04
 9.63502e-04
 1.04347e-03
 1.06360e-03
 1.02528e-03
 9.03175e-04
 6.41483e-04
 3.12588e-04
 3.08898e-05
 0.00000e+00
 0.00000e+00
 0.00000e+00
 1.83031e-03
 3.29078e-03
 4.01918e-03
 5.56753e-03
 8.96885e-03
 1.46204e-02
 2.24558e-02
 3.09876e-02
 3.77783e-02
 3.97231e-02
 3.82391e-02
 2.56400e-02
 1.38274e-02
 8.28892e-04
 9.63502e-04
 1.04347e-03
 1.06360e-03
 1.02528e-03
 9.03175e-04
 6.41483e-04
 3.12588e-04
 3.08898e-05
 0.00000e+00
 0.00000e+00
 0.00000e+00
 1.83031e-03
 3.29078e-03
 4.01918e-03
 5.56753e-03
 8.96885e-03
 1.46204e-02
 2.24558e-02
 3.09876e-02
 3.77783e-02
 3.97231e-02
 3.82391e-02
 2.56400e-02
 1.38274e-02
 8.28892e-04
 9.63502e-04
 1.04347e-03
 1.06360e-03
 1.02528e-03
 9.03175e-04
 6.41483e-04
 3.12588e-04
 3.08898e-05
 0.00000e+00
 0.00000e+00
 0.00000e+00
 1.83031e-03
 3.29078e-03
 4.01918e-03
 5.56753e-03
 8.96885e-03
 1.46204e-02
 2.24558e-02
 3.09876e-02
 3.77783e-02
 3.97231e-02
 3.82391e-02
 2.56400e-02
 1.38274e-02
 8.28892e-04
 9.63502e-04
 1.04347e-03
 1.06360e-03
 1.02528e-03
 9.03175e-04
 6.41483e-04
 3.12588e-04
 3.08898e-05
 0.00000e+00
 0.00000e+00
 0.00000e+00
 1.83031e-03
 3.29078e-03
 4.01918e-03
 5.56753e-03
 8.96885e-03
 1.46204e-02
 2.24558e-02
 3.09876e-02
 3.77783e-02
 3.97231e-02
 3.82391e-02
 2.56400e-02
 1.38274e-02
 8.28892e-04
 9.63502e-04
 1.04347e-03
 1.06360e-03
 1.02528e-03
 9.03175e-04
 6.41483e-04
 3.12588e-04
 3.08898e-05
 0.00000e+00
 0.00000e+00
 0.00000e+00
 1.83031e-03
 3.29078e-03
 4.01918e-03
 5.56753e-03
 8.96885e-03
 1.46204e-02
 2.24558e-02
 3.09876e-02
 3.77783e-02
 3.97231e-02
 3.82391e-02
 2.56400e-02
 1.38274e-02
 8.28892e-04
 9.63502e-04
 1.04347e-03
 1.06360e-03
 1.02528e-03
 9.03175e-04
 6.41483e-04
 3.12588e-04
 3.08898e-05
 0.00000e+00
 0.00000e+00
 0.00000e+00
 1.83031e-03
 3.29078e-03
 4.01918e-03
 5.56753e-03
 8.96885e-03
 1.46204e-02
 2.24558e-02
 3.09876e-02
 3.77783e-02
 3.97231e-02
 3.82391e-02
 2.56400e-02
 1.38274e-02
 8.28892e-04
 9.63502e-04
 1.04347e-03
 1.06360e-03
 1.02528e-03
 9.03175e-04
 6.41483e-04
 3.12588e-04
 3.08898e-05
 0.00000e+00
 0.00000e+00
 0.00000e+00
 1.83031e-03
 3.29078e-03
 4.01918e-03
 5.56753e-03
 8.96885e-03
 1.46204e-02
 2.24558e-02
 3.09876e-02
 3.77783e-02
 3.97231e-02
 3.82391e-02
 2.56400e-02
 1.38274e-02
part
         4
hexa8
 5.42180e-03
 1.66221e-03
 4.51094e-04
 1.14861e-04
 2.79272e-05
 6.50891e-06
 1.45510e-06
 3.12045e-07
 6.41901e-08
 1.26662e-08
 2.39776e-09
 4.35578e-10
 7.59558e-11
 1.27155e-11
 2.04196e-12
 3.16607e-13
 4.63717e-14
 4.68286e-15
 4.56864e-16
 1.63994e-31
 6.85297e-16
 0.00000e+00
 6.85297e-16
 2.96962e-15
 5.52782e-30
 5.42180e-03
 1.66221e-03
 4.51094e-04
 1.14861e-04
 2.79272e-05
 6.50891e-06
 1.45510e-06
 3.12045e-07
 6.41901e-08
 1.26662e-08
 2.39776e-09
 4.35581e-10
 7.59559e-11
 1.27177e-11
 2.04367e-12
 3.16036e-13
 4.47727e-14
 8.10934e-15
 2.39854e-15
 5.71081e-16
 4.56864e-16
 1.71324e-15
 1.14216e-15
 1.25638e-15
 1.71324e-15
 5.42180e-03
 1.66221e-03
 4.51094e-04
 1.14861e-04
 2.79272e-05
 6.50891e-06
 1.45510e-06
 3.12045e-07
 6.41901e-08
 1.26662e-08
 2.39776e-09
 4.35577e-10
 7.59547e-11
 1.27161e-11
 2.04036e-12
 3.17178e-13
 4.52296e-14
 8.10934e-15
 1.37060e-29
 6.47677e-30
 1.71324e-15
 4.53228e-30
 5.81281e-30
 1.25638e-15
 5.71081e-16
 5.42180e-03
 1.66221e-03
 4.51094e-04
 1.14861e-04
 2.79272e-05
 6.50891e-06
 1.45510e-06
 3.12045e-07
 6.41901e-08
 1.26662e-08
 2.39776e-09
 4.35577e-10
 7.59536e-11
 1.27155e-11
 2.04253e-12
 3.19006e-13
 4.75139e-14
 4.68286e-15
 1.22938e-30
 3.99756e-15
 2.00384e-30
 4.83542e-30
 3.42648e-15
 1.19654e-29
 2.52467e-31
 5.42180e-03
 1.66221e-03
 4.51094e-04
 1.14861e-04
 2.79272e-05
 6.50891e-06
 1.45510e-06
 3.12045e-07
 6.41901e-08
 1.26662e-08
 2.39776e-09
 4.35578e-10
 7.59536e-11
 1.27179e-11
 2.04321e-12
 3.17635e-13
 4.42016e-14
 6.96718e-15
 1.13489e-30
 1.14216e-15
 5.17663e-31
 1.47118e-30
 5.12809e-30
 2.96962e-15
 0.00000e+00
 5.42180e-03
 1.66221e-03
 4.51094e-04
 1.14861e-04
 2.79272e-05
 6.50891e-06
 1.45510e-06
 3.12045e-07
 6.41901e-08
 1.26662e-08
 2.39776e-09
 4.35576e-10
 7.59576e-11
 1.27183e-11
 2.04435e-12
 3.17749e-13
 4.87703e-14
 6.28189e-15
 5.71081e-16
 3.54070e-15
 8.72295e-30
 2.55799e-30
 2.39854e-15
 5.93924e-15
 8.31236e-30
 5.42180e-03
 1.66221e-03
 4.51094e-04
 1.14861e-04
 2.79272e-05
 6.50891e-06
 1.45510e-06
 3.12045e-07
 6.41901e-08
 1.26662e-08
 2.39776e-09
 4.35575e-10
 7.59586e-11
 1.27201e-11
 2.04847e-12
 3.19006e-13
 5.11688e-14
 1.22211e-14
 1.73820e-29
 2.39854e-15
 2.28432e-15
 7.86394e-31
 2.95568e-30
 6.85297e-16
 0.00000e+00
 5.42180e-03
 1.66221e-03
 4.51094e-04
 1.14861e-04
 2.79272e-05
 6.50891e-06
 1.45510e-06
 3.12045e-07
 6.41901e-08
 1.26662e-08
 2.39776e-09
 4.35585e-10
 7.59541e-11
 1.27180e-11
 2.04310e-12
 3.18891e-13
 4.59149e-14
 9.82259e-15
 1.71324e-15
 0.00000e+00
 2.39854e-15
 4.56864e-16
 1.71324e-15
 6.83244e-30
 1.82746e-15
 5.42180e-03
 1.66221e-03
 4.51094e-04
 1.14861e-04
 2.79272e-05
 6.50891e-06
 1.45510e-06
 3.12045e-07
 6.41901e-08
 1.26662e-08
 2.39776e-09
 4.35577e-10
 7.59523e-11
 1.27166e-11
 2.04093e-12
 3.18320e-13
 4.81992e-14
 5.71081e-15
 5.71081e-16
 3.71826e-30
 0.00000e+00
 1.64237e-29
 4.56864e-15
 1.75711e-29
 2.28432e-15
 5.42180e-03
 1.66221e-03
 4.51094e-04
 1.14861e-04
 2.79272e-05
 6.50891e-06
 1.45510e-06
 3.12045e-07
 6.41901e-08
 1.26662e-08
 2.39776e-09
 4.35572e-10
 7.59559e-11
 1.27182e-11
 2.04721e-12
 3.13752e-13
 4.93414e-14
 8.79464e-15
 3.21862e-30
 2.28432e-15
 2.78433e-30
 1.14216e-15
 9.52933e-30
 2.85540e-15
 5.71081e-16
 5.42180e-03
 1.66221e-03
 4.51094e-04
 1.14861e-04
 2.79272e-05
 6.50891e-06
 1.45510e-06
 3.12045e-07
 6.41901e-08
 1.26662e-08
 2.39776e-09
 4.35577e-10
 7.59535e-11
 1.27144e-11
 2.04721e-12
 3.17178e-13
 4.87703e-14
 4.68286e-15
 7.79957e-30
 5.75673e-31
 1.25638e-15
 1.82746e-15
 6.12736e-30
 5.25394e-15
 9.19143e-30
 5.42180e-03
 1.66221e-03
 4.51094e-04
 1.14861e-04
 2.79272e-05
 6.50891e-06
 1.45510e-06
 3.12045e-07
 6.41901e-08
 1.26662e-08
 2.39776e-09
 4.35583e-10
 7.59529e-11
 1.27220e-11
 2.04835e-12
 3.14209e-13
 4.47727e-14
 8.10934e-15
 1.22666e-29
 1.14216e-15
 2.28432e-15
 6.85297e-16
 0.00000e+00
 1.25638e-15
 0.00000e+00
 5.42180e-03
 1.66221e-03
 4.51094e-04
 1.14861e-04
 2.79272e-05
 6.50891e-06
 1.45510e-06
 3.12045e-07
 6.41901e-08
 1.26662e-08
 2.39776e-09
 4.35579e-10
 7.59559e-11
 1.27143e-11
 2.04607e-12
 3.14894e-13
 4.59149e-14
 5.82502e-15
 1.71324e-15
 4.56864e-16
 2.39854e-15
 7.14812e-31
 0.00000e+00
 0.00000e+00
 1.82593e-30
 5.42180e-03
 1.66221e-03
 4.51094e-04
 1.14861e-04
 2.79272e-05
 6.50891e-06
 1.45510e-06
 3.12045e-07
 6.41901e-08
 1.26662e-08
 2.39776e-09
 4.35579e-10
 7.59571e-11
 1.27173e-11
 2.04824e-12
 3.13752e-13
 4.66002e-14
 5.82502e-15
 5.71081e-16
 5.71081e-16
 1.00148e-30
 5.69506e-30
 2.39854e-15
 6.65993e-30
 6.07422e-31
 5.42180e-03
 1.66221e-03
 4.51094e-04
 1.14861e-04
 2.79272e-05
 6.50891e-06
 1.45510e-06
 3.12045e-07
 6.41901e-08
 1.26662e-08
 2.39776e-09
 4.35576e-10
 7.59530e-11
 1.27155e-11
 2.04949e-12
 3.13066e-13
 4.53438e-14
 2.39854e-15
 1.25638e-15
 4.62223e-31
 6.43933e-31
 5.71081e-16
 1.25638e-15
 2.28432e-15
 6.85297e-16
 5.42180e-03
 1.66221e-03
 4.51094e-04
 1.14861e-04
 2.79272e-05
 6.50891e-06
 1.45510e-06
 3.12045e-07
 6.41901e-08
 1.26662e-08
 2.39776e-09
 4.35575e-10
 7.59530e-11
 1.27172e-11
 2.04778e-12
 3.12952e-13
 5.05977e-14
 1.71324e-15
 3.42648e-15
 0.00000e+00
 3.31392e-30
 0.00000e+00
 1.19991e-30
 5.71081e-16
 9.94519e-31
 5.42180e-03
 1.66221e-03
 4.51094e-04
 1.14861e-04
 2.79272e-05
 6.50891e-06
 1.45510e-06
 3.12045e-07
 6.41901e-08
 1.26662e-08
 2.39776e-09
 4.35574e-10
 7.59542e-11
 1.27149e-11
 2.04550e-12
 3.13181e-13
 4.88845e-14
 5.25394e-15
 1.82746e-15
 1.01288e-30
 5.71081e-16
 2.01813e-33
 3.99527e-30
 1.71324e-15
 2.72082e-30
 5.42180e-03
 1.66221e-03
 4.51094e-04
 1.14861e-04
 2.79272e-05
 6.50891e-06
 1.45510e-06
 3.12045e-07
 6.41901e-08
 1.26662e-08
 2.39776e-09
 4.35578e-10
 7.59565e-11
 1.27126e-11
 2.04664e-12
 3.15465e-13
 5.05977e-14
 4.11178e-15
 5.71081e-16
 5.71081e-16
 8.12862e-30
 1.70822e-30
 0.00000e+00
 0.00000e+00
 4.51365e-31
 5.42180e-03
 1.66221e-03
 4.51094e-04
 1.14861e-04
 2.79272e-05
 6.50891e-06
 1.45510e-06
 3.12045e-07
 6.41901e-08
 1.26662e-08
 2.39776e-09
 4.35576e-10
 7.59594e-11
 1.27183e-11
 2.05007e-12
 3.14894e-13
 4.53438e-14
 2.28432e-15
 6.39610e-15
 1.25638e-15
 1.14216e-15
 3.08149e-31
 1.46480e-30
 0.00000e+00
 0.00000e+00
 5.42180e-03
 1.66221e-03
 4.51094e-04
 1.14861e-04
 2.79272e-05
 6.50891e-06
 1.45510e-06
 3.12045e-07
 6.41901e-08
 1.26662e-08
 2.39776e-09
 4.35575e-10
 7.59536e-11
 1.27160e-11
 2.04721e-12
 3.11467e-13
 4.88845e-14
 6.51032e-15
 2.96962e-15
 9.27936e-31
 0.00000e+00
 0.00000e+00
 1.03987e-30
 4.62223e-30
 1.14903e-30
 5.42180e-03
 1.66221e-03
 4.51094e-04
 1.14861e-04
 2.79272e-05
 6.50891e-06
 1.45510e-06
 3.12045e-07
 6.41901e-08
 1.26662e-08
 2.39776e-09
 4.35572e-10
 7.59536e-11
 1.27172e-11
 2.04321e-12
 3.14209e-13
 4.52296e-14
 2.96962e-15
 5.73696e-30
 1.82746e-15
 1.82746e-15
 5.54668e-30
 1.87124e-29
 4.11178e-15
 7.89378e-30
 5.42180e-03
 1.66221e-03
 4.51094e-04
 1.14861e-04
 2.79272e-05
 6.50891e-06
 1.45510e-06
 3.12045e-07
 6.41901e-08
 1.26662e-08
 2.39776e-09
 4.35576e-10
 7.59565e-11
 1.27196e-11
 2.04835e-12
 3.16607e-13
 4.87703e-14
 6.39610e-15
 1.58332e-29
 4.11178e-15
 9.84006e-30
 0.00000e+00
 1.83223e-30
 5.71081e-16
 3.29031e-31
 5.42180e-03
 1.66221e-03
 4.51094e-04
 1.14861e-04
 2.79272e-05
 6.50891e-06
 1.45510e-06
 3.12045e-07
 6.41901e-08
 1.26662e-08
 2.39776e-09
 4.35573e-10
 7.59518e-11
 1.27167e-11
 2.04378e-12
 3.15465e-13
 4.99124e-14
 7.53826e-15
 9.86076e-30
 1.25302e-31
 1.14216e-15
 1.14216e-15
 1.01816e-29
 2.85540e-15
 1.71324e-15
 5.42180e-03
 1.66221e-03
 4.51094e-04
 1.14861e-04
 2.79272e-05
 6.50891e-06
 1.45510e-06
 3.12045e-07
 6.41901e-08
 1.26662e-08
 2.39776e-09
 4.35572e-10
 7.59542e-11
 1.27167e-11
 2.04481e-12
 3.12610e-13
 4.77423e-14
 2.28432e-15
 2.77334e-30
 4.76779e-31
 1.82746e-15
 3.69025e-30
 6.85297e-16
 5.13973e-15
 5.01054e-30
 5.42180e-03
 1.66221e-03
 4.51094e-04
 1.14861e-04
 2.79272e-05
 6.50891e-06
 1.45510e-06
 3.12045e-07
 6.41901e-08
 1.26662e-08
 2.39776e-09
 4.35578e-10
 7.59565e-11
 1.27167e-11
 2.04721e-12
 3.16036e-13
 4.87703e-14
 6.96718e-15
 1.14216e-15
 1.14216e-15
 5.71081e-16
 0.00000e+00
 5.71081e-16
 1.25638e-15
 5.71081e-16
