Pressure
part
         1
quad4
 5.74865e-01
 5.74765e-01
 5.74867e-01
 5.75053e-01
 5.74873e-01
 5.75036e-01
 5.75248e-01
 5.75385e-01
 5.75482e-01
 5.75624e-01
 5.75783e-01
 5.76006e-01
 5.76261e-01
 5.76582e-01
 5.76954e-01
 5.77402e-01
 5.77923e-01
 5.78535e-01
 5.79245e-01
 5.80066e-01
 5.81011e-01
 5.82092e-01
 5.83325e-01
 5.84727e-01
 5.86314e-01
 5.88110e-01
 5.90132e-01
 5.92409e-01
 5.94963e-01
 5.97831e-01
 6.01038e-01
 6.04633e-01
 6.08653e-01
 6.13154e-01
 6.18191e-01
 6.23840e-01
 6.30193e-01
 6.37350e-01
 6.45453e-01
 6.54731e-01
 6.65414e-01
 6.77934e-01
 6.93832e-01
 7.17041e-01
 7.54331e-01
 8.13868e-01
 9.01679e-01
 1.01518e+00
 1.13195e+00
 1.20996e+00
 1.13964e+00
 9.57986e-01
 7.19761e-01
 4.42874e-01
 1.83886e-01
 3.48713e-02
 1.13078e-03
 2.05704e-06
 9.79272e-07
 9.79262e-07
 5.74765e-01
 5.74511e-01
 5.74492e-01
 5.74542e-01
 5.74891e-01
 5.74951e-01
 5.75177e-01
 5.75334e-01
 5.75448e-01
 5.75602e-01
 5.75788e-01
 5.76002e-01
 5.76276e-01
 5.76587e-01
 5.76972e-01
 5.77415e-01
 5.77945e-01
 5.78558e-01
 5.79275e-01
 5.80099e-01
 5.81051e-01
 5.82136e-01
 5.83379e-01
 5.84784e-01
 5.86385e-01
 5.88184e-01
 5.90220e-01
 5.92503e-01
 5.95073e-01
 5.97944e-01
 6.01170e-01
 6.04774e-01
 6.08808e-01
 6.13317e-01
 6.18377e-01
 6.24040e-01
 6.30406e-01
 6.37577e-01
 6.45710e-01
 6.55013e-01
 6.65708e-01
 6.78249e-01
 6.94224e-01
 7.17596e-01
 7.55155e-01
 8.15089e-01
 9.03439e-01
 1.01751e+00
 1.13443e+00
 1.21183e+00
 1.13898e+00
 9.55896e-01
 7.16771e-01
 4.39215e-01
 1.80917e-01
 3.37559e-02
 1.05452e-03
 1.92196e-06
 9.79271e-07
 9.79262e-07
 5.74867e-01
 5.74492e-01
 5.74781e-01
 5.75056e-01
 5.75202e-01
 5.75035e-01
 5.75239e-01
 5.75363e-01
 5.75467e-01
 5.75625e-01
 5.75803e-01
 5.76036e-01
 5.76294e-01
 5.76624e-01
 5.77000e-01
 5.77462e-01
 5.77989e-01
 5.78619e-01
 5.79336e-01
 5.80178e-01
 5.81132e-01
 5.82240e-01
 5.83485e-01
 5.84917e-01
 5.86519e-01
 5.88348e-01
 5.90389e-01
 5.92701e-01
 5.95278e-01
 5.98185e-01
 6.01420e-01
 6.05056e-01
 6.09107e-01
 6.13655e-01
 6.18731e-01
 6.24424e-01
 6.30823e-01
 6.38037e-01
 6.46197e-01
 6.55532e-01
 6.66277e-01
 6.78896e-01
 6.94996e-01
 7.18635e-01
 7.56737e-01
 8.17580e-01
 9.07096e-01
 1.02217e+00
 1.13900e+00
 1.21481e+00
 1.13687e+00
 9.51154e-01
 7.10382e-01
 4.31662e-01
 1.74908e-01
 3.15574e-02
 9.12997e-04
 1.69533e-06
 9.79269e-07
 9.79262e-07
 5.75053e-01
 5.74542e-01
 5.75056e-01
 5.75363e-01
 5.75306e-01
 5.75315e-01
 5.75341e-01
 5.75448e-01
 5.75552e-01
 5.75682e-01
 5.75864e-01
 5.76076e-01
 5.76355e-01
 5.76671e-01
 5.77072e-01
 5.77524e-01
 5.78078e-01
 5.78703e-01
 5.79452e-01
 5.80291e-01
 5.81280e-01
 5.82386e-01
 5.83669e-01
 5.85102e-01
 5.86746e-01
 5.88578e-01
 5.90665e-01
 5.92985e-01
 5.95610e-01
 5.98527e-01
 6.01811e-01
 6.05465e-01
 6.09567e-01
 6.14136e-01
 6.19262e-01
 6.24992e-01
 6.31444e-01
 6.38694e-01
 6.46908e-01
 6.56312e-01
 6.67129e-01
 6.79821e-01
 6.96090e-01
 7.20178e-01
 7.59181e-01
 8.21391e-01
 9.12538e-01
 1.02891e+00
 1.14536e+00
 1.21852e+00
 1.13297e+00
 9.43440e-01
 7.00194e-01
 4.19904e-01
 1.65815e-01
 2.83825e-02
 7.28650e-04
 1.44630e-06
 9.79268e-07
 9.79262e-07
 5.74873e-01
 5.74891e-01
 5.75202e-01
 5.75306e-01
 5.75392e-01
 5.75404e-01
 5.75444e-01
 5.75505e-01
 5.75618e-01
 5.75755e-01
 5.75925e-01
 5.76156e-01
 5.76421e-01
 5.76766e-01
 5.77154e-01
 5.77641e-01
 5.78187e-01
 5.78850e-01
 5.79593e-01
 5.80476e-01
 5.81463e-01
 5.82614e-01
 5.83900e-01
 5.85382e-01
 5.87033e-01
 5.88920e-01
 5.91015e-01
 5.93395e-01
 5.96033e-01
 5.99014e-01
 6.02317e-01
 6.06037e-01
 6.10164e-01
 6.14801e-01
 6.19964e-01
 6.25762e-01
 6.32262e-01
 6.39579e-01
 6.47865e-01
 6.57355e-01
 6.68248e-01
 6.81042e-01
 6.97577e-01
 7.22316e-01
 7.62540e-01
 8.26567e-01
 9.19859e-01
 1.03789e+00
 1.15367e+00
 1.22283e+00
 1.12727e+00
 9.32840e-01
 6.86152e-01
 4.03969e-01
 1.53874e-01
 2.44625e-02
 5.31810e-04
 1.23747e-06
 9.79266e-07
 9.79262e-07
 5.75036e-01
 5.74951e-01
 5.75035e-01
 5.75315e-01
 5.75404e-01
 5.75453e-01
 5.75506e-01
 5.75584e-01
 5.75687e-01
 5.75831e-01
 5.76018e-01
 5.76241e-01
 5.76536e-01
 5.76870e-01
 5.77296e-01
 5.77773e-01
 5.78361e-01
 5.79019e-01
 5.79808e-01
 5.80691e-01
 5.81728e-01
 5.82884e-01
 5.84227e-01
 5.85716e-01
 5.87431e-01
 5.89327e-01
 5.91495e-01
 5.93886e-01
 5.96603e-01
 5.99601e-01
 6.02987e-01
 6.06733e-01
 6.10943e-01
 6.15620e-01
 6.20865e-01
 6.26718e-01
 6.33301e-01
 6.40691e-01
 6.49073e-01
 6.58660e-01
 6.69650e-01
 6.82585e-01
 6.99486e-01
 7.25085e-01
 7.66885e-01
 8.33221e-01
 9.29198e-01
 1.04922e+00
 1.16384e+00
 1.22725e+00
 1.11943e+00
 9.19116e-01
 6.68037e-01
 3.83852e-01
 1.39417e-01
 2.00917e-02
 3.51181e-04
 1.09832e-06
 9.79265e-07
 9.79262e-07
 5.75248e-01
 5.75177e-01
 5.75239e-01
 5.75341e-01
 5.75444e-01
 5.75506e-01
 5.75582e-01
 5.75665e-01
 5.75781e-01
 5.75934e-01
 5.76124e-01
 5.76374e-01
 5.76660e-01
 5.77034e-01
 5.77450e-01
 5.77971e-01
 5.78556e-01
 5.79264e-01
 5.80054e-01
 5.80992e-01
 5.82033e-01
 5.83254e-01
 5.84601e-01
 5.86167e-01
 5.87888e-01
 5.89870e-01
 5.92047e-01
 5.94530e-01
 5.97265e-01
 6.00358e-01
 6.03772e-01
 6.07614e-01
 6.11865e-01
 6.16640e-01
 6.21940e-01
 6.27893e-01
 6.34554e-01
 6.42045e-01
 6.50533e-01
 6.60242e-01
 6.71348e-01
 6.84471e-01
 7.01852e-01
 7.28553e-01
 7.72329e-01
 8.41508e-01
 9.40718e-01
 1.06297e+00
 1.17578e+00
 1.23105e+00
 1.10906e+00
 9.02021e-01
 6.45590e-01
 3.59601e-01
 1.22899e-01
 1.56027e-02
 2.06871e-04
 1.02415e-06
 9.79265e-07
 9.79262e-07
 5.75385e-01
 5.75334e-01
 5.75363e-01
 5.75448e-01
 5.75505e-01
 5.75584e-01
 5.75665e-01
 5.75767e-01
 5.75897e-01
 5.76059e-01
 5.76273e-01
 5.76519e-01
 5.76845e-01
 5.77209e-01
 5.77673e-01
 5.78192e-01
 5.78830e-01
 5.79538e-01
 5.80388e-01
 5.81329e-01
 5.82444e-01
 5.83666e-01
 5.85100e-01
 5.86669e-01
 5.88485e-01
 5.90477e-01
 5.92755e-01
 5.95257e-01
 5.98098e-01
 6.01218e-01
 6.04744e-01
 6.08625e-01
 6.12992e-01
 6.17823e-01
 6.23235e-01
 6.29270e-01
 6.36046e-01
 6.43640e-01
 6.52265e-01
 6.62110e-01
 6.73357e-01
 6.86720e-01
 7.04723e-01
 7.32815e-01
 7.79020e-01
 8.51620e-01
 9.54600e-01
 1.07921e+00
 1.18931e+00
 1.23327e+00
 1.09577e+00
 8.81299e-01
 6.18520e-01
 3.31351e-01
 1.04914e-01
 1.13310e-02
 1.06772e-04
 9.92777e-07
 9.79264e-07
 9.79262e-07
 5.75482e-01
 5.75448e-01
 5.75467e-01
 5.75552e-01
 5.75618e-01
 5.75687e-01
 5.75781e-01
 5.75897e-01
 5.76039e-01
 5.76224e-01
 5.76437e-01
 5.76725e-01
 5.77043e-01
 5.77458e-01
 5.77920e-01
 5.78495e-01
 5.79131e-01
 5.79906e-01
 5.80757e-01
 5.81778e-01
 5.82892e-01
 5.84208e-01
 5.85646e-01
 5.87316e-01
 5.89144e-01
 5.91245e-01
 5.93539e-01
 5.96162e-01
 5.99025e-01
 6.02274e-01
 6.05837e-01
 6.09846e-01
 6.14271e-01
 6.19228e-01
 6.24720e-01
 6.30888e-01
 6.37769e-01
 6.45501e-01
 6.54276e-01
 6.64283e-01
 6.75691e-01
 6.89360e-01
 7.08160e-01
 7.37984e-01
 7.87130e-01
 8.63768e-01
 9.71050e-01
 1.09799e+00
 1.20435e+00
 1.23247e+00
 1.07933e+00
 8.56890e-01
 5.86512e-01
 2.99372e-01
 8.62041e-02
 7.56745e-03
 4.72821e-05
 9.82433e-07
 9.79264e-07
 9.79262e-07
 5.75624e-01
 5.75602e-01
 5.75625e-01
 5.75682e-01
 5.75755e-01
 5.75831e-01
 5.75934e-01
 5.76059e-01
 5.76224e-01
 5.76411e-01
 5.76667e-01
 5.76947e-01
 5.77320e-01
 5.77732e-01
 5.78252e-01
 5.78825e-01
 5.79533e-01
 5.80305e-01
 5.81244e-01
 5.82263e-01
 5.83475e-01
 5.84797e-01
 5.86340e-01
 5.88021e-01
 5.89968e-01
 5.92081e-01
 5.94510e-01
 5.97152e-01
 6.00155e-01
 6.03441e-01
 6.07144e-01
 6.11209e-01
 6.15778e-01
 6.20812e-01
 6.26451e-01
 6.32730e-01
 6.39753e-01
 6.47629e-01
 6.56586e-01
 6.66770e-01
 6.78369e-01
 6.92427e-01
 7.12250e-01
 7.44210e-01
 7.96876e-01
 8.78221e-01
 9.90284e-01
 1.11929e+00
 1.22205e+00
 1.22550e+00
 1.05986e+00
 8.27545e-01
 5.49290e-01
 2.64119e-01
 6.76394e-02
 4.52589e-03
 1.77556e-05
 9.79838e-07
 9.79264e-07
 9.79262e-07
 5.75783e-01
 5.75788e-01
 5.75803e-01
 5.75864e-01
 5.75925e-01
 5.76018e-01
 5.76124e-01
 5.76273e-01
 5.76437e-01
 5.76667e-01
 5.76915e-01
 5.77253e-01
 5.77622e-01
 5.78092e-01
 5.78612e-01
 5.79261e-01
 5.79965e-01
 5.80830e-01
 5.81765e-01
 5.82885e-01
 5.84105e-01
 5.85537e-01
 5.87087e-01
 5.88899e-01
 5.90854e-01
 5.93111e-01
 5.95561e-01
 5.98349e-01
 6.01389e-01
 6.04830e-01
 6.08582e-01
 6.12810e-01
 6.17454e-01
 6.22642e-01
 6.28393e-01
 6.34834e-01
 6.41993e-01
 6.50051e-01
 6.59211e-01
 6.69591e-01
 6.81408e-01
 6.95973e-01
 7.17095e-01
 7.51676e-01
 8.08519e-01
 8.95276e-01
 1.01255e+00
 1.14291e+00
 1.24155e+00
 1.21251e+00
 1.03597e+00
 7.92690e-01
 5.06666e-01
 2.26321e-01
 5.00833e-02
 2.38698e-03
 5.87069e-06
 9.79349e-07
 9.79264e-07
 9.79262e-07
 5.76006e-01
 5.76002e-01
 5.76036e-01
 5.76076e-01
 5.76156e-01
 5.76241e-01
 5.76374e-01
 5.76519e-01
 5.76725e-01
 5.76947e-01
 5.77253e-01
 5.77586e-01
 5.78013e-01
 5.78487e-01
 5.79084e-01
 5.79727e-01
 5.80526e-01
 5.81389e-01
 5.82428e-01
 5.83555e-01
 5.84890e-01
 5.86326e-01
 5.88018e-01
 5.89836e-01
 5.91940e-01
 5.94219e-01
 5.96824e-01
 5.99644e-01
 6.02855e-01
 6.06340e-01
 6.10266e-01
 6.14570e-01
 6.19382e-01
 6.24675e-01
 6.30608e-01
 6.37187e-01
 6.44523e-01
 6.52779e-01
 6.62170e-01
 6.72759e-01
 6.84834e-01
 7.00059e-01
 7.22834e-01
 7.60609e-01
 8.22377e-01
 9.15293e-01
 1.03808e+00
 1.16857e+00
 1.25992e+00
 1.19664e+00
 1.00506e+00
 7.51842e-01
 4.58667e-01
 1.87044e-01
 3.44861e-02
 1.08546e-03
 2.08128e-06
 9.79277e-07
 9.79264e-07
 9.79262e-07
 5.76261e-01
 5.76276e-01
 5.76294e-01
 5.76355e-01
 5.76421e-01
 5.76536e-01
 5.76660e-01
 5.76845e-01
 5.77043e-01
 5.77320e-01
 5.77622e-01
 5.78013e-01
 5.78446e-01
 5.78998e-01
 5.79586e-01
 5.80327e-01
 5.81126e-01
 5.82093e-01
 5.83139e-01
 5.84389e-01
 5.85723e-01
 5.87307e-01
 5.89006e-01
 5.90976e-01
 5.93103e-01
 5.95547e-01
 5.98176e-01
 6.01181e-01
 6.04436e-01
 6.08100e-01
 6.12102e-01
 6.16593e-01
 6.21500e-01
 6.26985e-01
 6.33064e-01
 6.39829e-01
 6.47343e-01
 6.55842e-01
 6.65481e-01
 6.76287e-01
 6.88680e-01
 7.04776e-01
 7.29649e-01
 7.71300e-01
 8.38830e-01
 9.38679e-01
 1.06707e+00
 1.19586e+00
 1.27506e+00
 1.17623e+00
 9.68098e-01
 7.04512e-01
 4.05595e-01
 1.47730e-01
 2.16631e-02
 4.10948e-04
 1.16166e-06
 9.79267e-07
 9.79264e-07
 9.79262e-07
 5.76582e-01
 5.76587e-01
 5.76624e-01
 5.76671e-01
 5.76766e-01
 5.76870e-01
 5.77034e-01
 5.77209e-01
 5.77458e-01
 5.77732e-01
 5.78092e-01
 5.78487e-01
 5.78998e-01
 5.79539e-01
 5.80229e-01
 5.80971e-01
 5.81874e-01
 5.82848e-01
 5.84021e-01
 5.85267e-01
 5.86755e-01
 5.88348e-01
 5.90200e-01
 5.92191e-01
 5.94494e-01
 5.96958e-01
 5.99778e-01
 6.02830e-01
 6.06272e-01
 6.10005e-01
 6.14213e-01
 6.18796e-01
 6.23899e-01
 6.29532e-01
 6.35820e-01
 6.42750e-01
 6.50491e-01
 6.59257e-01
 6.69162e-01
 6.80193e-01
 6.92989e-01
 7.10244e-01
 7.37773e-01
 7.84108e-01
 8.58340e-01
 9.65874e-01
 1.09967e+00
 1.22421e+00
 1.28412e+00
 1.14936e+00
 9.25479e-01
 6.50106e-01
 3.48158e-01
 1.10166e-01
 1.20695e-02
 1.23785e-04
 1.00020e-06
 9.79265e-07
 9.79264e-07
 9.79262e-07
 5.76954e-01
 5.76972e-01
 5.77000e-01
 5.77072e-01
 5.77154e-01
 5.77296e-01
 5.77450e-01
 5.77673e-01
 5.77920e-01
 5.78252e-01
 5.78612e-01
 5.79084e-01
 5.79586e-01
 5.80229e-01
 5.80919e-01
 5.81766e-01
 5.82675e-01
 5.83780e-01
 5.84948e-01
 5.86349e-01
 5.87848e-01
 5.89597e-01
 5.91466e-01
 5.93644e-01
 5.95965e-01
 5.98623e-01
 6.01493e-01
 6.04745e-01
 6.08244e-01
 6.12197e-01
 6.16501e-01
 6.21285e-01
 6.26524e-01
 6.32389e-01
 6.38847e-01
 6.45990e-01
 6.53981e-01
 6.63057e-01
 6.73227e-01
 6.84494e-01
 6.97830e-01
 7.16634e-01
 7.47516e-01
 7.99478e-01
 8.81454e-01
 9.97349e-01
 1.13586e+00
 1.25302e+00
 1.28309e+00
 1.11589e+00
 8.77231e-01
 5.88136e-01
 2.87672e-01
 7.63504e-02
 5.67360e-03
 2.83336e-05
 9.80867e-07
 9.79264e-07
 9.79264e-07
 9.79262e-07
 5.77402e-01
 5.77415e-01
 5.77462e-01
 5.77524e-01
 5.77641e-01
 5.77773e-01
 5.77971e-01
 5.78192e-01
 5.78495e-01
 5.78825e-01
 5.79261e-01
 5.79727e-01
 5.80327e-01
 5.80971e-01
 5.81766e-01
 5.82618e-01
 5.83661e-01
 5.84759e-01
 5.86083e-01
 5.87498e-01
 5.89156e-01
 5.90917e-01
 5.92982e-01
 5.95178e-01
 5.97694e-01
 6.00401e-01
 6.03485e-01
 6.06784e-01
 6.10510e-01
 6.14564e-01
 6.19083e-01
 6.23987e-01
 6.29471e-01
 6.35521e-01
 6.42197e-01
 6.49555e-01
 6.57858e-01
 6.67259e-01
 6.77684e-01
 6.89212e-01
 7.03301e-01
 7.24182e-01
 7.59276e-01
 8.17972e-01
 9.08814e-01
 1.03356e+00
 1.17520e+00
 1.28499e+00
 1.26431e+00
 1.07669e+00
 8.20172e-01
 5.18501e-01
 2.26230e-01
 4.80220e-02
 2.14033e-03
 5.27518e-06
 9.79358e-07
 9.79264e-07
 9.79264e-07
 9.79262e-07
 5.77923e-01
 5.77945e-01
 5.77989e-01
 5.78078e-01
 5.78187e-01
 5.78361e-01
 5.78556e-01
 5.78830e-01
 5.79131e-01
 5.79533e-01
 5.79965e-01
 5.80526e-01
 5.81126e-01
 5.81874e-01
 5.82675e-01
 5.83661e-01
 5.84697e-01
 5.85952e-01
 5.87290e-01
 5.88867e-01
 5.90533e-01
 5.92496e-01
 5.94580e-01
 5.96972e-01
 5.99533e-01
 6.02468e-01
 6.05595e-01
 6.09122e-01
 6.12951e-01
 6.17241e-01
 6.21865e-01
 6.27014e-01
 6.32693e-01
 6.38986e-01
 6.45853e-01
 6.53494e-01
 6.62146e-01
 6.71887e-01
 6.82539e-01
 6.94390e-01
 7.09557e-01
 7.33215e-01
 7.73567e-01
 8.40271e-01
 9.41142e-01
 1.07488e+00
 1.21663e+00
 1.31350e+00
 1.23636e+00
 1.02572e+00
 7.53339e-01
 4.41966e-01
 1.66794e-01
 2.65398e-02
 6.25858e-04
 1.42297e-06
 9.79272e-07
 9.79264e-07
 9.79264e-07
 9.79262e-07
 5.78535e-01
 5.78558e-01
 5.78619e-01
 5.78703e-01
 5.78850e-01
 5.79019e-01
 5.79264e-01
 5.79538e-01
 5.79906e-01
 5.80305e-01
 5.80830e-01
 5.81389e-01
 5.82093e-01
 5.82848e-01
 5.83780e-01
 5.84759e-01
 5.85952e-01
 5.87221e-01
 5.88724e-01
 5.90306e-01
 5.92177e-01
 5.94162e-01
 5.96444e-01
 5.98875e-01
 6.01675e-01
 6.04654e-01
 6.08008e-01
 6.11633e-01
 6.15719e-01
 6.20109e-01
 6.24972e-01
 6.30314e-01
 6.36270e-01
 6.42752e-01
 6.49868e-01
 6.57835e-01
 6.66890e-01
 6.76942e-01
 6.87792e-01
 7.00099e-01
 7.16831e-01
 7.44174e-01
 7.91052e-01
 8.67209e-01
 9.79234e-01
 1.12150e+00
 1.25878e+00
 1.33126e+00
 1.19857e+00
 9.64633e-01
 6.76351e-01
 3.60416e-01
 1.12961e-01
 1.23134e-02
 1.31830e-04
 1.00673e-06
 9.79265e-07
 9.79264e-07
 9.79264e-07
 9.79262e-07
 5.79245e-01
 5.79275e-01
 5.79336e-01
 5.79452e-01
 5.79593e-01
 5.79808e-01
 5.80054e-01
 5.80388e-01
 5.80757e-01
 5.81244e-01
 5.81765e-01
 5.82428e-01
 5.83139e-01
 5.84021e-01
 5.84948e-01
 5.86083e-01
 5.87290e-01
 5.88724e-01
 5.90231e-01
 5.92019e-01
 5.93914e-01
 5.96098e-01
 5.98414e-01
 6.01092e-01
 6.03940e-01
 6.07145e-01
 6.10589e-01
 6.14489e-01
 6.18679e-01
 6.23304e-01
 6.28344e-01
 6.33990e-01
 6.40152e-01
 6.46868e-01
 6.54260e-01
 6.62643e-01
 6.72108e-01
 6.82416e-01
 6.93452e-01
 7.06473e-01
 7.25469e-01
 7.57659e-01
 8.12567e-01
 8.99777e-01
 1.02388e+00
 1.17315e+00
 1.29994e+00
 1.33036e+00
 1.14950e+00
 8.95371e-01
 5.88855e-01
 2.77006e-01
 6.83539e-02
 4.39166e-03
 1.87217e-05
 9.80243e-07
 9.79264e-07
 9.79264e-07
 9.79264e-07
 9.79262e-07
 5.80066e-01
 5.80099e-01
 5.80178e-01
 5.80291e-01
 5.80476e-01
 5.80691e-01
 5.80992e-01
 5.81329e-01
 5.81778e-01
 5.82263e-01
 5.82885e-01
 5.83555e-01
 5.84389e-01
 5.85267e-01
 5.86349e-01
 5.87498e-01
 5.88867e-01
 5.90306e-01
 5.92019e-01
 5.93831e-01
 5.95926e-01
 5.98142e-01
 6.00710e-01
 6.03438e-01
 6.06512e-01
 6.09798e-01
 6.13530e-01
 6.17542e-01
 6.21968e-01
 6.26747e-01
 6.32108e-01
 6.37986e-01
 6.44391e-01
 6.51331e-01
 6.59110e-01
 6.67959e-01
 6.77805e-01
 6.88278e-01
 6.99561e-01
 7.13745e-01
 7.35978e-01
 7.74460e-01
 8.39168e-01
 9.39126e-01
 1.07574e+00
 1.22855e+00
 1.34296e+00
 1.29944e+00
 1.09078e+00
 8.12947e-01
 4.91544e-01
 1.96526e-01
 3.53555e-02
 1.12807e-03
 2.41669e-06
 9.79298e-07
 9.79264e-07
 9.79264e-07
 9.79264e-07
 9.79262e-07
 5.81011e-01
 5.81051e-01
 5.81132e-01
 5.81280e-01
 5.81463e-01
 5.81728e-01
 5.82033e-01
 5.82444e-01
 5.82892e-01
 5.83475e-01
 5.84105e-01
 5.84890e-01
 5.85723e-01
 5.86755e-01
 5.87848e-01
 5.89156e-01
 5.90533e-01
 5.92177e-01
 5.93914e-01
 5.95926e-01
 5.98052e-01
 6.00520e-01
 6.03140e-01
 6.06097e-01
 6.09244e-01
 6.12826e-01
 6.16679e-01
 6.20933e-01
 6.25491e-01
 6.30594e-01
 6.36208e-01
 6.42357e-01
 6.48953e-01
 6.56228e-01
 6.64476e-01
 6.73821e-01
 6.83944e-01
 6.94504e-01
 7.06230e-01
 7.22299e-01
 7.49069e-01
 7.95614e-01
 8.72149e-01
 9.86505e-01
 1.13512e+00
 1.28507e+00
 1.37354e+00
 1.25391e+00
 1.01415e+00
 7.16375e-01
 3.87525e-01
 1.25099e-01
 1.47052e-02
 1.92418e-04
 1.04097e-06
 9.79267e-07
 9.79264e-07
 9.79264e-07
 9.79264e-07
 9.79262e-07
 5.82092e-01
 5.82136e-01
 5.82240e-01
 5.82386e-01
 5.82614e-01
 5.82884e-01
 5.83254e-01
 5.83666e-01
 5.84208e-01
 5.84797e-01
 5.85537e-01
 5.86326e-01
 5.87307e-01
 5.88348e-01
 5.89597e-01
 5.90917e-01
 5.92496e-01
 5.94162e-01
 5.96098e-01
 5.98142e-01
 6.00520e-01
 6.03041e-01
 6.05893e-01
 6.08917e-01
 6.12362e-01
 6.16073e-01
 6.20175e-01
 6.24544e-01
 6.29421e-01
 6.34792e-01
 6.40712e-01
 6.47040e-01
 6.53919e-01
 6.61625e-01
 6.70439e-01
 6.80209e-01
 6.90459e-01
 7.01094e-01
 7.13708e-01
 7.32739e-01
 7.65723e-01
 8.22459e-01
 9.13078e-01
 1.04313e+00
 1.20149e+00
 1.33893e+00
 1.37787e+00
 1.19088e+00
 9.25680e-01
 6.05994e-01
 2.82393e-01
 6.86776e-02
 4.37301e-03
 1.96876e-05
 9.80568e-07
 9.79264e-07
 9.79264e-07
 9.79264e-07
 9.79264e-07
 9.79262e-07
 5.83325e-01
 5.83379e-01
 5.83485e-01
 5.83669e-01
 5.83900e-01
 5.84227e-01
 5.84601e-01
 5.85100e-01
 5.85646e-01
 5.86340e-01
 5.87087e-01
 5.88018e-01
 5.89006e-01
 5.90200e-01
 5.91466e-01
 5.92982e-01
 5.94580e-01
 5.96444e-01
 5.98414e-01
 6.00710e-01
 6.03140e-01
 6.05893e-01
 6.08810e-01
 6.12134e-01
 6.15710e-01
 6.19677e-01
 6.23884e-01
 6.28564e-01
 6.33715e-01
 6.39426e-01
 6.45532e-01
 6.52104e-01
 6.59354e-01
 6.67645e-01
 6.77013e-01
 6.87051e-01
 6.97268e-01
 7.08152e-01
 7.22454e-01
 7.45953e-01
 7.87254e-01
 8.56681e-01
 9.63734e-01
 1.10987e+00
 1.27248e+00
 1.39190e+00
 1.33781e+00
 1.11391e+00
 8.20106e-01
 4.83632e-01
 1.84358e-01
 3.04819e-02
 8.40977e-04
 1.91530e-06
 9.79294e-07
 9.79264e-07
 9.79264e-07
 9.79264e-07
 9.79264e-07
 9.79262e-07
 5.84727e-01
 5.84784e-01
 5.84917e-01
 5.85102e-01
 5.85382e-01
 5.85716e-01
 5.86167e-01
 5.86669e-01
 5.87316e-01
 5.88021e-01
 5.88899e-01
 5.89836e-01
 5.90976e-01
 5.92191e-01
 5.93644e-01
 5.95178e-01
 5.96972e-01
 5.98875e-01
 6.01092e-01
 6.03438e-01
 6.06097e-01
 6.08917e-01
 6.12134e-01
 6.15591e-01
 6.19430e-01
 6.23495e-01
 6.28006e-01
 6.32960e-01
 6.38477e-01
 6.44389e-01
 6.50717e-01
 6.57600e-01
 6.65417e-01
 6.74348e-01
 6.84147e-01
 6.94206e-01
 7.04343e-01
 7.15986e-01
 7.33244e-01
 7.63211e-01
 8.15393e-01
 9.00372e-01
 1.02596e+00
 1.18666e+00
 1.34297e+00
 1.42315e+00
 1.27432e+00
 1.01349e+00
 6.95969e-01
 3.55620e-01
 1.03251e-01
 9.91394e-03
 9.26045e-05
 9.99712e-07
 9.79267e-07
 9.79264e-07
 9.79264e-07
 9.79264e-07
 9.79264e-07
 9.79262e-07
 5.86314e-01
 5.86385e-01
 5.86519e-01
 5.86746e-01
 5.87033e-01
 5.87431e-01
 5.87888e-01
 5.88485e-01
 5.89144e-01
 5.89968e-01
 5.90854e-01
 5.91940e-01
 5.93103e-01
 5.94494e-01
 5.95965e-01
 5.97694e-01
 5.99533e-01
 6.01675e-01
 6.03940e-01
 6.06512e-01
 6.09244e-01
 6.12362e-01
 6.15710e-01
 6.19430e-01
 6.23366e-01
 6.27729e-01
 6.32511e-01
 6.37853e-01
 6.43587e-01
 6.49712e-01
 6.56299e-01
 6.63711e-01
 6.72211e-01
 6.81720e-01
 6.91676e-01
 7.01542e-01
 7.11824e-01
 7.25217e-01
 7.47264e-01
 7.86234e-01
 8.52368e-01
 9.55969e-01
 1.10124e+00
 1.27140e+00
 1.40808e+00
 1.40432e+00
 1.18823e+00
 8.97003e-01
 5.55296e-01
 2.32619e-01
 4.64761e-02
 1.98261e-03
 5.73100e-06
 9.79490e-07
 9.79264e-07
 9.79264e-07
 9.79264e-07
 9.79264e-07
 9.79264e-07
 9.79262e-07
 5.88110e-01
 5.88184e-01
 5.88348e-01
 5.88578e-01
 5.88920e-01
 5.89327e-01
 5.89870e-01
 5.90477e-01
 5.91245e-01
 5.92081e-01
 5.93111e-01
 5.94219e-01
 5.95547e-01
 5.96958e-01
 5.98623e-01
 6.00401e-01
 6.02468e-01
 6.04654e-01
 6.07145e-01
 6.09798e-01
 6.12826e-01
 6.16073e-01
 6.19677e-01
 6.23495e-01
 6.27729e-01
 6.32360e-01
 6.37542e-01
 6.43113e-01
 6.49056e-01
 6.55403e-01
 6.62482e-01
 6.70587e-01
 6.79776e-01
 6.89594e-01
 6.99376e-01
 7.09035e-01
 7.20175e-01
 7.36934e-01
 7.66222e-01
 8.17330e-01
 9.00961e-01
 1.02604e+00
 1.18982e+00
 1.35776e+00
 1.45829e+00
 1.33722e+00
 1.07719e+00
 7.56369e-01
 4.04785e-01
 1.28635e-01
 1.50953e-02
 2.15853e-04
 1.07812e-06
 9.79273e-07
 9.79264e-07
 9.79264e-07
 9.79264e-07
 9.79264e-07
 9.79264e-07
 9.79262e-07
 5.90132e-01
 5.90220e-01
 5.90389e-01
 5.90665e-01
 5.91015e-01
 5.91495e-01
 5.92047e-01
 5.92755e-01
 5.93539e-01
 5.94510e-01
 5.95561e-01
 5.96824e-01
 5.98176e-01
 5.99778e-01
 6.01493e-01
 6.03485e-01
 6.05595e-01
 6.08008e-01
 6.10589e-01
 6.13530e-01
 6.16679e-01
 6.20175e-01
 6.23884e-01
 6.28006e-01
 6.32511e-01
 6.37542e-01
 6.42957e-01
 6.48733e-01
 6.54877e-01
 6.61687e-01
 6.69456e-01
 6.78324e-01
 6.87954e-01
 6.97683e-01
 7.07086e-01
 7.16986e-01
 7.30359e-01
 7.52817e-01
 7.92476e-01
 8.59486e-01
 9.64455e-01
 1.11264e+00
 1.28905e+00
 1.43521e+00
 1.45351e+00
 1.23788e+00
 9.43342e-01
 5.94832e-01
 2.58652e-01
 5.58441e-02
 2.89498e-03
 1.11210e-05
 9.80041e-07
 9.79265e-07
 9.79264e-07
 9.79264e-07
 9.79264e-07
 9.79264e-07
 9.79264e-07
 9.79262e-07
 5.92409e-01
 5.92503e-01
 5.92701e-01
 5.92985e-01
 5.93395e-01
 5.93886e-01
 5.94530e-01
 5.95257e-01
 5.96162e-01
 5.97152e-01
 5.98349e-01
 5.99644e-01
 6.01181e-01
 6.02830e-01
 6.04745e-01
 6.06784e-01
 6.09122e-01
 6.11633e-01
 6.14489e-01
 6.17542e-01
 6.20933e-01
 6.24544e-01
 6.28564e-01
 6.32960e-01
 6.37853e-01
 6.43113e-01
 6.48733e-01
 6.54704e-01
 6.61298e-01
 6.68792e-01
 6.77360e-01
 6.86770e-01
 6.96412e-01
 7.05702e-01
 7.14947e-01
 7.26231e-01
 7.44025e-01
 7.75274e-01
 8.29169e-01
 9.16443e-01
 1.04621e+00
 1.21585e+00
 1.39032e+00
 1.49544e+00
 1.37641e+00
 1.11012e+00
 7.81457e-01
 4.21058e-01
 1.36079e-01
 1.67674e-02
 2.74979e-04
 1.14866e-06
 9.79281e-07
 9.79264e-07
 9.79264e-07
 9.79264e-07
 9.79264e-07
 9.79264e-07
 9.79264e-07
 9.79262e-07
 5.94963e-01
 5.95073e-01
 5.95278e-01
 5.95610e-01
 5.96033e-01
 5.96603e-01
 5.97265e-01
 5.98098e-01
 5.99025e-01
 6.00155e-01
 6.01389e-01
 6.02855e-01
 6.04436e-01
 6.06272e-01
 6.08244e-01
 6.10510e-01
 6.12951e-01
 6.15719e-01
 6.18679e-01
 6.21968e-01
 6.25491e-01
 6.29421e-01
 6.33715e-01
 6.38477e-01
 6.43587e-01
 6.49056e-01
 6.54877e-01
 6.61298e-01
 6.68573e-01
 6.76883e-01
 6.86050e-01
 6.95552e-01
 7.04759e-01
 7.13655e-01
 7.23683e-01
 7.38389e-01
 7.63648e-01
 8.07601e-01
 8.80365e-01
 9.92479e-01
 1.14849e+00
 1.33101e+00
 1.47813e+00
 1.48320e+00
 1.25888e+00
 9.53225e-01
 5.94975e-01
 2.54568e-01
 5.37827e-02
 2.74046e-03
 1.09306e-05
 9.80183e-07
 9.79265e-07
 9.79264e-07
 9.79264e-07
 9.79264e-07
 9.79264e-07
 9.79264e-07
 9.79264e-07
 9.79262e-07
 5.97831e-01
 5.97944e-01
 5.98185e-01
 5.98527e-01
 5.99014e-01
 5.99601e-01
 6.00358e-01
 6.01218e-01
 6.02274e-01
 6.03441e-01
 6.04830e-01
 6.06340e-01
 6.08100e-01
 6.10005e-01
 6.12197e-01
 6.14564e-01
 6.17241e-01
 6.20109e-01
 6.23304e-01
 6.26747e-01
 6.30594e-01
 6.34792e-01
 6.39426e-01
 6.44389e-01
 6.49712e-01
 6.55403e-01
 6.61687e-01
 6.68792e-01
 6.76883e-01
 6.85811e-01
 6.95117e-01
 7.04198e-01
 7.12880e-01
 7.22170e-01
 7.34895e-01
 7.56031e-01
 7.92704e-01
 8.54153e-01
 9.51026e-01
 1.09155e+00
 1.26983e+00
 1.44406e+00
 1.53494e+00
 1.38604e+00
 1.10431e+00
 7.63529e-01
 3.97611e-01
 1.21305e-01
 1.35981e-02
 1.93953e-04
 1.08647e-06
 9.79282e-07
 9.79264e-07
 9.79264e-07
 9.79264e-07
 9.79264e-07
 9.79264e-07
 9.79264e-07
 9.79264e-07
 9.79262e-07
 6.01038e-01
 6.01170e-01
 6.01420e-01
 6.01811e-01
 6.02317e-01
 6.02987e-01
 6.03772e-01
 6.04744e-01
 6.05837e-01
 6.07144e-01
 6.08582e-01
 6.10266e-01
 6.12102e-01
 6.14213e-01
 6.16501e-01
 6.19083e-01
 6.21865e-01
 6.24972e-01
 6.28344e-01
 6.32108e-01
 6.36208e-01
 6.40712e-01
 6.45532e-01
 6.50717e-01
 6.56299e-01
 6.62482e-01
 6.69456e-01
 6.77360e-01
 6.86050e-01
 6.95117e-01
 7.04016e-01
 7.12515e-01
 7.21367e-01
 7.32886e-01
 7.51303e-01
 7.82863e-01
 8.35857e-01
 9.20442e-01
 1.04637e+00
 1.21484e+00
 1.40048e+00
 1.53409e+00
 1.48462e+00
 1.24052e+00
 9.17266e-01
 5.48388e-01
 2.17354e-01
 4.03411e-02
 1.61647e-03
 5.30333e-06
 9.79648e-07
 9.79265e-07
 9.79264e-07
 9.79264e-07
 9.79264e-07
 9.79264e-07
 9.79264e-07
 9.79264e-07
 9.79264e-07
 9.79262e-07
 6.04633e-01
 6.04774e-01
 6.05056e-01
 6.05465e-01
 6.06037e-01
 6.06733e-01
 6.07614e-01
 6.08625e-01
 6.09846e-01
 6.11209e-01
 6.12810e-01
 6.14570e-01
 6.16593e-01
 6.18796e-01
 6.21285e-01
 6.23987e-01
 6.27014e-01
 6.30314e-01
 6.33990e-01
 6.37986e-01
 6.42357e-01
 6.47040e-01
 6.52104e-01
 6.57600e-01
 6.63711e-01
 6.70587e-01
 6.78324e-01
 6.86770e-01
 6.95552e-01
 7.04198e-01
 7.12515e-01
 7.21115e-01
 7.31967e-01
 7.48737e-01
 7.76908e-01
 8.23907e-01
 8.99134e-01
 1.01270e+00
 1.16971e+00
 1.35582e+00
 1.51427e+00
 1.55743e+00
 1.35305e+00
 1.05161e+00
 6.93332e-01
 3.31553e-01
 8.72981e-02
 7.41945e-03
 6.88267e-05
 1.00206e-06
 9.79275e-07
 9.79264e-07
 9.79264e-07
 9.79264e-07
 9.79264e-07
 9.79264e-07
 9.79264e-07
 9.79264e-07
 9.79264e-07
 9.79262e-07
 6.08653e-01
 6.08808e-01
 6.09107e-01
 6.09567e-01
 6.10164e-01
 6.10943e-01
 6.11865e-01
 6.12992e-01
 6.14271e-01
 6.15778e-01
 6.17454e-01
 6.19382e-01
 6.21500e-01
 6.23899e-01
 6.26524e-01
 6.29471e-01
 6.32693e-01
 6.36270e-01
 6.40152e-01
 6.44391e-01
 6.48953e-01
 6.53919e-01
 6.59354e-01
 6.65417e-01
 6.72211e-01
 6.79776e-01
 6.87954e-01
 6.96412e-01
 7.04759e-01
 7.12880e-01
 7.21367e-01
 7.31967e-01
 7.47925e-01
 7.74111e-01
 8.17181e-01
 8.85739e-01
 9.89622e-01
 1.13585e+00
 1.31724e+00
 1.49243e+00
 1.58489e+00
 1.44422e+00
 1.16541e+00
 8.23829e-01
 4.50767e-01
 1.52706e-01
 2.16187e-02
 5.18204e-04
 1.67634e-06
 9.79355e-07
 9.79264e-07
 9.79264e-07
 9.79264e-07
 9.79264e-07
 9.79264e-07
 9.79264e-07
 9.79264e-07
 9.79264e-07
 9.79264e-07
 9.79262e-07
 6.13154e-01
 6.13317e-01
 6.13655e-01
 6.14136e-01
 6.14801e-01
 6.15620e-01
 6.16640e-01
 6.17823e-01
 6.19228e-01
 6.20812e-01
 6.22642e-01
 6.24675e-01
 6.26985e-01
 6.29532e-01
 6.32389e-01
 6.35521e-01
 6.38986e-01
 6.42752e-01
 6.46868e-01
 6.51331e-01
 6.56228e-01
 6.61625e-01
 6.67645e-01
 6.74348e-01
 6.81720e-01
 6.89594e-01
 6.97683e-01
 7.05702e-01
 7.13655e-01
 7.22170e-01
 7.32886e-01
 7.48737e-01
 7.74111e-01
 8.15010e-01
 8.79286e-01
 9.76212e-01
 1.11349e+00
 1.28821e+00
 1.46971e+00
 1.58910e+00
 1.51164e+00
 1.26215e+00
 9.35334e-01
 5.63971e-01
 2.29832e-01
 4.60242e-02
 2.28275e-03
 1.04370e-05
 9.80734e-07
 9.79268e-07
 9.79264e-07
 9.79264e-07
 9.79264e-07
 9.79264e-07
 9.79264e-07
 9.79264e-07
 9.79264e-07
 9.79264e-07
 9.79264e-07
 9.79262e-07
 6.18191e-01
 6.18377e-01
 6.18731e-01
 6.19262e-01
 6.19964e-01
 6.20865e-01
 6.21940e-01
 6.23235e-01
 6.24720e-01
 6.26451e-01
 6.28393e-01
 6.30608e-01
 6.33064e-01
 6.35820e-01
 6.38847e-01
 6.42197e-01
 6.45853e-01
 6.49868e-01
 6.54260e-01
 6.59110e-01
 6.64476e-01
 6.70439e-01
 6.77013e-01
 6.84147e-01
 6.91676e-01
 6.99376e-01
 7.07086e-01
 7.14947e-01
 7.23683e-01
 7.34895e-01
 7.51303e-01
 7.76908e-01
 8.17181e-01
 8.79286e-01
 9.71815e-01
 1.10241e+00
 1.27035e+00
 1.45177e+00
 1.58385e+00
 1.55891e+00
 1.33745e+00
 1.02579e+00
 6.63343e-01
 3.09300e-01
 7.95045e-02
 6.74505e-03
 6.83322e-05
 1.00915e-06
 9.79286e-07
 9.79264e-07
 9.79264e-07
 9.79264e-07
 9.79264e-07
 9.79264e-07
 9.79264e-07
 9.79264e-07
 9.79264e-07
 9.79264e-07
 9.79264e-07
 9.79262e-07
 6.23840e-01
 6.24040e-01
 6.24424e-01
 6.24992e-01
 6.25762e-01
 6.26718e-01
 6.27893e-01
 6.29270e-01
 6.30888e-01
 6.32730e-01
 6.34834e-01
 6.37187e-01
 6.39829e-01
 6.42750e-01
 6.45990e-01
 6.49555e-01
 6.53494e-01
 6.57835e-01
 6.62643e-01
 6.67959e-01
 6.73821e-01
 6.80209e-01
 6.87051e-01
 6.94206e-01
 7.01542e-01
 7.09035e-01
 7.16986e-01
 7.26231e-01
 7.38389e-01
 7.56031e-01
 7.82863e-01
 8.23907e-01
 8.85739e-01
 9.76212e-01
 1.10241e+00
 1.26434e+00
 1.44204e+00
 1.57810e+00
 1.59006e+00
 1.38970e+00
 1.09400e+00
 7.44040e-01
 3.82360e-01
 1.17892e-01
 1.46068e-02
 2.91162e-04
 1.32393e-06
 9.79356e-07
 9.79265e-07
 9.79264e-07
 9.79264e-07
 9.79264e-07
 9.79264e-07
 9.79264e-07
 9.79264e-07
 9.79264e-07
 9.79264e-07
 9.79264e-07
 9.79264e-07
 9.79262e-07
 6.30193e-01
 6.30406e-01
 6.30823e-01
 6.31444e-01
 6.32262e-01
 6.33301e-01
 6.34554e-01
 6.36046e-01
 6.37769e-01
 6.39753e-01
 6.41993e-01
 6.44523e-01
 6.47343e-01
 6.50491e-01
 6.53981e-01
 6.57858e-01
 6.62146e-01
 6.66890e-01
 6.72108e-01
 6.77805e-01
 6.83944e-01
 6.90459e-01
 6.97268e-01
 7.04343e-01
 7.11824e-01
 7.20175e-01
 7.30359e-01
 7.44025e-01
 7.63648e-01
 7.92704e-01
 8.35857e-01
 8.99134e-01
 9.89622e-01
 1.11349e+00
 1.27035e+00
 1.44204e+00
 1.57612e+00
 1.60368e+00
 1.41959e+00
 1.13940e+00
 8.03182e-01
 4.42297e-01
 1.55704e-01
 2.49714e-02
 8.40868e-04
 3.19279e-06
 9.79674e-07
 9.79267e-07
 9.79264e-07
 9.79264e-07
 9.79264e-07
 9.79264e-07
 9.79264e-07
 9.79264e-07
 9.79264e-07
 9.79264e-07
 9.79264e-07
 9.79264e-07
 9.79264e-07
 9.79262e-07
 6.37350e-01
 6.37577e-01
 6.38037e-01
 6.38694e-01
 6.39579e-01
 6.40691e-01
 6.42045e-01
 6.43640e-01
 6.45501e-01
 6.47629e-01
 6.50051e-01
 6.52779e-01
 6.55842e-01
 6.59257e-01
 6.63057e-01
 6.67259e-01
 6.71887e-01
 6.76942e-01
 6.82416e-01
 6.88278e-01
 6.94504e-01
 7.01094e-01
 7.08152e-01
 7.15986e-01
 7.25217e-01
 7.36934e-01
 7.52817e-01
 7.75274e-01
 8.07601e-01
 8.54153e-01
 9.20442e-01
 1.01270e+00
 1.13585e+00
 1.28821e+00
 1.45177e+00
 1.57810e+00
 1.60368e+00
 1.42935e+00
 1.16218e+00
 8.39170e-01
 4.84526e-01
 1.87271e-01
 3.59600e-02
 1.77797e-03
 9.66497e-06
 9.81423e-07
 9.79274e-07
 9.79264e-07
 9.79264e-07
 9.79264e-07
 9.79264e-07
 9.79264e-07
 9.79264e-07
 9.79264e-07
 9.79264e-07
 9.79264e-07
 9.79264e-07
 9.79264e-07
 9.79264e-07
 9.79262e-07
 6.45453e-01
 6.45710e-01
 6.46197e-01
 6.46908e-01
 6.47865e-01
 6.49073e-01
 6.50533e-01
 6.52265e-01
 6.54276e-01
 6.56586e-01
 6.59211e-01
 6.62170e-01
 6.65481e-01
 6.69162e-01
 6.73227e-01
 6.77684e-01
 6.82539e-01
 6.87792e-01
 6.93452e-01
 6.99561e-01
 7.06230e-01
 7.13708e-01
 7.22454e-01
 7.33244e-01
 7.47264e-01
 7.66222e-01
 7.92476e-01
 8.29169e-01
 8.80365e-01
 9.51026e-01
 1.04637e+00
 1.16971e+00
 1.31724e+00
 1.46971e+00
 1.58385e+00
 1.59006e+00
 1.41959e+00
 1.16218e+00
 8.51240e-01
 5.06284e-01
 2.08084e-01
 4.51429e-02
 2.92227e-03
 2.35872e-05
 9.88605e-07
 9.79289e-07
 9.79264e-07
 9.79264e-07
 9.79264e-07
 9.79264e-07
 9.79264e-07
 9.79264e-07
 9.79264e-07
 9.79264e-07
 9.79264e-07
 9.79264e-07
 9.79264e-07
 9.79264e-07
 9.79264e-07
 9.79262e-07
 6.54731e-01
 6.55013e-01
 6.55532e-01
 6.56312e-01
 6.57355e-01
 6.58660e-01
 6.60242e-01
 6.62110e-01
 6.64283e-01
 6.66770e-01
 6.69591e-01
 6.72759e-01
 6.76287e-01
 6.80193e-01
 6.84494e-01
 6.89212e-01
 6.94390e-01
 7.00099e-01
 7.06473e-01
 7.13745e-01
 7.22299e-01
 7.32739e-01
 7.45953e-01
 7.63211e-01
 7.86234e-01
 8.17330e-01
 8.59486e-01
 9.16443e-01
 9.92479e-01
 1.09155e+00
 1.21484e+00
 1.35582e+00
 1.49243e+00
 1.58910e+00
 1.55891e+00
 1.38970e+00
 1.13940e+00
 8.39170e-01
 5.06284e-01
 2.15337e-01
 5.03567e-02
 3.88148e-03
 4.24253e-05
 1.00626e-06
 9.79311e-07
 9.79264e-07
 9.79264e-07
 9.79264e-07
 9.79264e-07
 9.79264e-07
 9.79264e-07
 9.79264e-07
 9.79264e-07
 9.79264e-07
 9.79264e-07
 9.79264e-07
 9.79264e-07
 9.79264e-07
 9.79264e-07
 9.79262e-07
 6.65414e-01
 6.65708e-01
 6.66277e-01
 6.67129e-01
 6.68248e-01
 6.69650e-01
 6.71348e-01
 6.73357e-01
 6.75691e-01
 6.78369e-01
 6.81408e-01
 6.84834e-01
 6.88680e-01
 6.92989e-01
 6.97830e-01
 7.03301e-01
 7.09557e-01
 7.16831e-01
 7.25469e-01
 7.35978e-01
 7.49069e-01
 7.65723e-01
 7.87254e-01
 8.15393e-01
 8.52368e-01
 9.00961e-01
 9.64455e-01
 1.04621e+00
 1.14849e+00
 1.26983e+00
 1.40048e+00
 1.51427e+00
 1.58489e+00
 1.51164e+00
 1.33745e+00
 1.09400e+00
 8.03182e-01
 4.84526e-01
 2.08084e-01
 5.03567e-02
 4.25689e-03
 5.65797e-05
 1.02989e-06
 9.79336e-07
 9.79265e-07
 9.79264e-07
 9.79264e-07
 9.79264e-07
 9.79264e-07
 9.79264e-07
 9.79264e-07
 9.79264e-07
 9.79264e-07
 9.79264e-07
 9.79264e-07
 9.79264e-07
 9.79264e-07
 9.79264e-07
 9.79264e-07
 9.79262e-07
 6.77934e-01
 6.78249e-01
 6.78896e-01
 6.79821e-01
 6.81042e-01
 6.82585e-01
 6.84471e-01
 6.86720e-01
 6.89360e-01
 6.92427e-01
 6.95973e-01
 7.00059e-01
 7.04776e-01
 7.10244e-01
 7.16634e-01
 7.24182e-01
 7.33215e-01
 7.44174e-01
 7.57659e-01
 7.74460e-01
 7.95614e-01
 8.22459e-01
 8.56681e-01
 9.00372e-01
 9.55969e-01
 1.02604e+00
 1.11264e+00
 1.21585e+00
 1.33101e+00
 1.44406e+00
 1.53409e+00
 1.55743e+00
 1.44422e+00
 1.26215e+00
 1.02579e+00
 7.44040e-01
 4.42297e-01
 1.87271e-01
 4.51429e-02
 3.88148e-03
 5.65797e-05
 1.04158e-06
 9.79352e-07
 9.79265e-07
 9.79264e-07
 9.79264e-07
 9.79264e-07
 9.79264e-07
 9.79264e-07
 9.79264e-07
 9.79264e-07
 9.79264e-07
 9.79264e-07
 9.79264e-07
 9.79264e-07
 9.79264e-07
 9.79264e-07
 9.79264e-07
 9.79264e-07
 9.79262e-07
 6.93832e-01
 6.94224e-01
 6.94996e-01
 6.96090e-01
 6.97577e-01
 6.99486e-01
 7.01852e-01
 7.04723e-01
 7.08160e-01
 7.12250e-01
 7.17095e-01
 7.22834e-01
 7.29649e-01
 7.37773e-01
 7.47516e-01
 7.59276e-01
 7.73567e-01
 7.91052e-01
 8.12567e-01
 8.39168e-01
 8.72149e-01
 9.13078e-01
 9.63734e-01
 1.02596e+00
 1.10124e+00
 1.18982e+00
 1.28905e+00
 1.39032e+00
 1.47813e+00
 1.53494e+00
 1.48462e+00
 1.35305e+00
 1.16541e+00
 9.35334e-01
 6.63343e-01
 3.82360e-01
 1.55704e-01
 3.59600e-02
 2.92227e-03
 4.24253e-05
 1.02989e-06
 9.79352e-07
 9.79265e-07
 9.79264e-07
 9.79264e-07
 9.79264e-07
 9.79264e-07
 9.79264e-07
 9.79264e-07
 9.79264e-07
 9.79264e-07
 9.79264e-07
 9.79264e-07
 9.79264e-07
 9.79264e-07
 9.79264e-07
 9.79264e-07
 9.79264e-07
 9.79264e-07
 9.79262e-07
 7.17041e-01
 7.17596e-01
 7.18635e-01
 7.20178e-01
 7.22316e-01
 7.25085e-01
 7.28553e-01
 7.32815e-01
 7.37984e-01
 7.44210e-01
 7.51676e-01
 7.60609e-01
 7.71300e-01
 7.84108e-01
 7.99478e-01
 8.17972e-01
 8.40271e-01
 8.67209e-01
 8.99777e-01
 9.39126e-01
 9.86505e-01
 1.04313e+00
 1.10987e+00
 1.18666e+00
 1.27140e+00
 1.35776e+00
 1.43521e+00
 1.49544e+00
 1.48320e+00
 1.38604e+00
 1.24052e+00
 1.05161e+00
 8.23829e-01
 5.63971e-01
 3.09300e-01
 1.17892e-01
 2.49714e-02
 1.77797e-03
 2.35872e-05
 1.00626e-06
 9.79336e-07
 9.79265e-07
 9.79264e-07
 9.79264e-07
 9.79264e-07
 9.79264e-07
 9.79264e-07
 9.79264e-07
 9.79264e-07
 9.79264e-07
 9.79264e-07
 9.79264e-07
 9.79264e-07
 9.79264e-07
 9.79264e-07
 9.79264e-07
 9.79264e-07
 9.79264e-07
 9.79264e-07
 9.79262e-07
 7.54331e-01
 7.55155e-01
 7.56737e-01
 7.59181e-01
 7.62540e-01
 7.66885e-01
 7.72329e-01
 7.79020e-01
 7.87130e-01
 7.96876e-01
 8.08519e-01
 8.22377e-01
 8.38830e-01
 8.58340e-01
 8.81454e-01
 9.08814e-01
 9.41142e-01
 9.79234e-01
 1.02388e+00
 1.07574e+00
 1.13512e+00
 1.20149e+00
 1.27248e+00
 1.34297e+00
 1.40808e+00
 1.45829e+00
 1.45351e+00
 1.37641e+00
 1.25888e+00
 1.10431e+00
 9.17266e-01
 6.93332e-01
 4.50767e-01
 2.29832e-01
 7.95045e-02
 1.46068e-02
 8.40868e-04
 9.66497e-06
 9.88605e-07
 9.79311e-07
 9.79265e-07
 9.79264e-07
 9.79264e-07
 9.79264e-07
 9.79264e-07
 9.79264e-07
 9.79264e-07
 9.79264e-07
 9.79264e-07
 9.79264e-07
 9.79264e-07
 9.79264e-07
 9.79264e-07
 9.79264e-07
 9.79264e-07
 9.79264e-07
 9.79264e-07
 9.79264e-07
 9.79264e-07
 9.79262e-07
 8.13868e-01
 8.15089e-01
 8.17580e-01
 8.21391e-01
 8.26567e-01
 8.33221e-01
 8.41508e-01
 8.51620e-01
 8.63768e-01
 8.78221e-01
 8.95276e-01
 9.15293e-01
 9.38679e-01
 9.65874e-01
 9.97349e-01
 1.03356e+00
 1.07488e+00
 1.12150e+00
 1.17315e+00
 1.22855e+00
 1.28507e+00
 1.33893e+00
 1.39190e+00
 1.42315e+00
 1.40432e+00
 1.33722e+00
 1.23788e+00
 1.11012e+00
 9.53225e-01
 7.63529e-01
 5.48388e-01
 3.31553e-01
 1.52706e-01
 4.60242e-02
 6.74505e-03
 2.91162e-04
 3.19279e-06
 9.81423e-07
 9.79289e-07
 9.79264e-07
 9.79264e-07
 9.79264e-07
 9.79264e-07
 9.79264e-07
 9.79264e-07
 9.79264e-07
 9.79264e-07
 9.79264e-07
 9.79264e-07
 9.79264e-07
 9.79264e-07
 9.79264e-07
 9.79264e-07
 9.79264e-07
 9.79264e-07
 9.79264e-07
 9.79264e-07
 9.79264e-07
 9.79264e-07
 9.79262e-07
 9.01679e-01
 9.03439e-01
 9.07096e-01
 9.12538e-01
 9.19859e-01
 9.29198e-01
 9.40718e-01
 9.54600e-01
 9.71050e-01
 9.90284e-01
 1.01255e+00
 1.03808e+00
 1.06707e+00
 1.09967e+00
 1.13586e+00
 1.17520e+00
 1.21663e+00
 1.25878e+00
 1.29994e+00
 1.34296e+00
 1.37354e+00
 1.37787e+00
 1.33781e+00
 1.27432e+00
 1.18823e+00
 1.07719e+00
 9.43342e-01
 7.81457e-01
 5.94975e-01
 3.97611e-01
 2.17354e-01
 8.72981e-02
 2.16187e-02
 2.28275e-03
 6.83322e-05
 1.32393e-06
 9.79674e-07
 9.79274e-07
 9.79264e-07
 9.79264e-07
 9.79264e-07
 9.79264e-07
 9.79264e-07
 9.79264e-07
 9.79264e-07
 9.79264e-07
 9.79264e-07
 9.79264e-07
 9.79264e-07
 9.79264e-07
 9.79264e-07
 9.79264e-07
 9.79264e-07
 9.79264e-07
 9.79264e-07
 9.79264e-07
 9.79264e-07
 9.79264e-07
 9.79264e-07
 9.79262e-07
 1.01518e+00
 1.01751e+00
 1.02217e+00
 1.02891e+00
 1.03789e+00
 1.04922e+00
 1.06297e+00
 1.07921e+00
 1.09799e+00
 1.11929e+00
 1.14291e+00
 1.16857e+00
 1.19586e+00
 1.22421e+00
 1.25302e+00
 1.28499e+00
 1.31350e+00
 1.33126e+00
 1.33036e+00
 1.29944e+00
 1.25391e+00
 1.19088e+00
 1.11391e+00
 1.01349e+00
 8.97003e-01
 7.56369e-01
 5.94832e-01
 4.21058e-01
 2.54568e-01
 1.21305e-01
 4.03411e-02
 7.41945e-03
 5.18204e-04
 1.04370e-05
 1.00915e-06
 9.79356e-07
 9.79267e-07
 9.79264e-07
 9.79264e-07
 9.79264e-07
 9.79264e-07
 9.79264e-07
 9.79264e-07
 9.79264e-07
 9.79264e-07
 9.79264e-07
 9.79264e-07
 9.79264e-07
 9.79264e-07
 9.79264e-07
 9.79264e-07
 9.79264e-07
 9.79264e-07
 9.79264e-07
 9.79264e-07
 9.79264e-07
 9.79264e-07
 9.79264e-07
 9.79264e-07
 9.79262e-07
 1.13195e+00
 1.13443e+00
 1.13900e+00
 1.14536e+00
 1.15367e+00
 1.16384e+00
 1.17578e+00
 1.18931e+00
 1.20435e+00
 1.22205e+00
 1.24155e+00
 1.25992e+00
 1.27506e+00
 1.28412e+00
 1.28309e+00
 1.26431e+00
 1.23636e+00
 1.19857e+00
 1.14950e+00
 1.09078e+00
 1.01415e+00
 9.25680e-01
 8.20106e-01
 6.95969e-01
 5.55296e-01
 4.04785e-01
 2.58652e-01
 1.36079e-01
 5.37827e-02
 1.35981e-02
 1.61647e-03
 6.88267e-05
 1.67634e-06
 9.80734e-07
 9.79286e-07
 9.79265e-07
 9.79264e-07
 9.79264e-07
 9.79264e-07
 9.79264e-07
 9.79264e-07
 9.79264e-07
 9.79264e-07
 9.79264e-07
 9.79264e-07
 9.79264e-07
 9.79264e-07
 9.79264e-07
 9.79264e-07
 9.79264e-07
 9.79264e-07
 9.79264e-07
 9.79264e-07
 9.79264e-07
 9.79264e-07
 9.79264e-07
 9.79264e-07
 9.79264e-07
 9.79264e-07
 9.79262e-07
 1.20996e+00
 1.21183e+00
 1.21481e+00
 1.21852e+00
 1.22283e+00
 1.22725e+00
 1.23105e+00
 1.23327e+00
 1.23247e+00
 1.22550e+00
 1.21251e+00
 1.19664e+00
 1.17623e+00
 1.14936e+00
 1.11589e+00
 1.07669e+00
 1.02572e+00
 9.64633e-01
 8.95371e-01
 8.12947e-01
 7.16375e-01
 6.05994e-01
 4.83632e-01
 3.55620e-01
 2.32619e-01
 1.28635e-01
 5.58441e-02
 1.67674e-02
 2.74046e-03
 1.93953e-04
 5.30333e-06
 1.00206e-06
 9.79355e-07
 9.79268e-07
 9.79264e-07
 9.79264e-07
 9.79264e-07
 9.79264e-07
 9.79264e-07
 9.79264e-07
 9.79264e-07
 9.79264e-07
 9.79264e-07
 9.79264e-07
 9.79264e-07
 9.79264e-07
 9.79264e-07
 9.79264e-07
 9.79264e-07
 9.79264e-07
 9.79264e-07
 9.79264e-07
 9.79264e-07
 9.79264e-07
 9.79264e-07
 9.79264e-07
 9.79264e-07
 9.79264e-07
 9.79264e-07
 9.79262e-07
 1.13964e+00
 1.13898e+00
 1.13687e+00
 1.13297e+00
 1.12727e+00
 1.11943e+00
 1.10906e+00
 1.09577e+00
 1.07933e+00
 1.05986e+00
 1.03597e+00
 1.00506e+00
 9.68098e-01
 9.25479e-01
 8.77231e-01
 8.20172e-01
 7.53339e-01
 6.76351e-01
 5.88855e-01
 4.91544e-01
 3.87525e-01
 2.82393e-01
 1.84358e-01
 1.03251e-01
 4.64761e-02
 1.50953e-02
 2.89498e-03
 2.74979e-04
 1.09306e-05
 1.08647e-06
 9.79648e-07
 9.79275e-07
 9.79264e-07
 9.79264e-07
 9.79264e-07
 9.79264e-07
 9.79264e-07
 9.79264e-07
 9.79264e-07
 9.79264e-07
 9.79264e-07
 9.79264e-07
 9.79264e-07
 9.79264e-07
 9.79264e-07
 9.79264e-07
 9.79264e-07
 9.79264e-07
 9.79264e-07
 9.79264e-07
 9.79264e-07
 9.79264e-07
 9.79264e-07
 9.79264e-07
 9.79264e-07
 9.79264e-07
 9.79264e-07
 9.79264e-07
 9.79264e-07
 9.79262e-07
 9.57986e-01
 9.55896e-01
 9.51154e-01
 9.43440e-01
 9.32840e-01
 9.19116e-01
 9.02021e-01
 8.81299e-01
 8.56890e-01
 8.27545e-01
 7.92690e-01
 7.51842e-01
 7.04512e-01
 6.50106e-01
 5.88136e-01
 5.18501e-01
 4.41966e-01
 3.60416e-01
 2.77006e-01
 1.96526e-01
 1.25099e-01
 6.86776e-02
 3.04819e-02
 9.91394e-03
 1.98261e-03
 2.15853e-04
 1.11210e-05
 1.14866e-06
 9.80183e-07
 9.79282e-07
 9.79265e-07
 9.79264e-07
 9.79264e-07
 9.79264e-07
 9.79264e-07
 9.79264e-07
 9.79264e-07
 9.79264e-07
 9.79264e-07
 9.79264e-07
 9.79264e-07
 9.79264e-07
 9.79264e-07
 9.79264e-07
 9.79264e-07
 9.79264e-07
 9.79264e-07
 9.79264e-07
 9.79264e-07
 9.79264e-07
 9.79264e-07
 9.79264e-07
 9.79264e-07
 9.79264e-07
 9.79264e-07
 9.79264e-07
 9.79264e-07
 9.79264e-07
 9.79264e-07
 9.79262e-07
 7.19761e-01
 7.16771e-01
 7.10382e-01
 7.00194e-01
 6.86152e-01
 6.68037e-01
 6.45590e-01
 6.18520e-01
 5.86512e-01
 5.49290e-01
 5.06666e-01
 4.58667e-01
 4.05595e-01
 3.48158e-01
 2.87672e-01
 2.26230e-01
 1.66794e-01
 1.12961e-01
 6.83539e-02
 3.53555e-02
 1.47052e-02
 4.37301e-03
 8.40977e-04
 9.26045e-05
 5.73100e-06
 1.07812e-06
 9.80041e-07
 9.79281e-07
 9.79265e-07
 9.79264e-07
 9.79264e-07
 9.79264e-07
 9.79264e-07
 9.79264e-07
 9.79264e-07
 9.79264e-07
 9.79264e-07
 9.79264e-07
 9.79264e-07
 9.79264e-07
 9.79264e-07
 9.79264e-07
 9.79264e-07
 9.79264e-07
 9.79264e-07
 9.79264e-07
 9.79264e-07
 9.79264e-07
 9.79264e-07
 9.79264e-07
 9.79264e-07
 9.79264e-07
 9.79264e-07
 9.79264e-07
 9.79264e-07
 9.79264e-07
 9.79264e-07
 9.79264e-07
 9.79264e-07
 9.79262e-07
 4.42874e-01
 4.39215e-01
 4.31662e-01
 4.19904e-01
 4.03969e-01
 3.83852e-01
 3.59601e-01
 3.31351e-01
 2.99372e-01
 2.64119e-01
 2.26321e-01
 1.87044e-01
 1.47730e-01
 1.10166e-01
 7.63504e-02
 4.80220e-02
 2.65398e-02
 1.23134e-02
 4.39166e-03
 1.12807e-03
 1.92418e-04
 1.96876e-05
 1.91530e-06
 9.99712e-07
 9.79490e-07
 9.79273e-07
 9.79265e-07
 9.79264e-07
 9.79264e-07
 9.79264e-07
 9.79264e-07
 9.79264e-07
 9.79264e-07
 9.79264e-07
 9.79264e-07
 9.79264e-07
 9.79264e-07
 9.79264e-07
 9.79264e-07
 9.79264e-07
 9.79264e-07
 9.79264e-07
 9.79264e-07
 9.79264e-07
 9.79264e-07
 9.79264e-07
 9.79264e-07
 9.79264e-07
 9.79264e-07
 9.79264e-07
 9.79264e-07
 9.79264e-07
 9.79264e-07
 9.79264e-07
 9.79264e-07
 9.79264e-07
 9.79264e-07
 9.79264e-07
 9.79264e-07
 9.79262e-07
 1.83886e-01
 1.80917e-01
 1.74908e-01
 1.65815e-01
 1.53874e-01
 1.39417e-01
 1.22899e-01
 1.04914e-01
 8.62041e-02
 6.76394e-02
 5.00833e-02
 3.44861e-02
 2.16631e-02
 1.20695e-02
 5.67360e-03
 2.14033e-03
 6.25858e-04
 1.31830e-04
 1.87217e-05
 2.41669e-06
 1.04097e-06
 9.80568e-07
 9.79294e-07
 9.79267e-07
 9.79264e-07
 9.79264e-07
 9.79264e-07
 9.79264e-07
 9.79264e-07
 9.79264e-07
 9.79264e-07
 9.79264e-07
 9.79264e-07
 9.79264e-07
 9.79264e-07
 9.79264e-07
 9.79264e-07
 9.79264e-07
 9.79264e-07
 9.79264e-07
 9.79264e-07
 9.79264e-07
 9.79264e-07
 9.79264e-07
 9.79264e-07
 9.79264e-07
 9.79264e-07
 9.79264e-07
 9.79264e-07
 9.79264e-07
 9.79264e-07
 9.79264e-07
 9.79264e-07
 9.79264e-07
 9.79264e-07
 9.79264e-07
 9.79264e-07
 9.79264e-07
 9.79264e-07
 9.79262e-07
 3.48713e-02
 3.37559e-02
 3.15574e-02
 2.83825e-02
 2.44625e-02
 2.00917e-02
 1.56027e-02
 1.13310e-02
 7.56745e-03
 4.52589e-03
 2.38698e-03
 1.08546e-03
 4.10948e-04
 1.23785e-04
 2.83336e-05
 5.27518e-06
 1.42297e-06
 1.00673e-06
 9.80243e-07
 9.79298e-07
 9.79267e-07
 9.79264e-07
 9.79264e-07
 9.79264e-07
 9.79264e-07
 9.79264e-07
 9.79264e-07
 9.79264e-07
 9.79264e-07
 9.79264e-07
 9.79264e-07
 9.79264e-07
 9.79264e-07
 9.79264e-07
 9.79264e-07
 9.79264e-07
 9.79264e-07
 9.79264e-07
 9.79264e-07
 9.79264e-07
 9.79264e-07
 9.79264e-07
 9.79264e-07
 9.79264e-07
 9.79264e-07
 9.79264e-07
 9.79264e-07
 9.79264e-07
 9.79264e-07
 9.79264e-07
 9.79264e-07
 9.79264e-07
 9.79264e-07
 9.79264e-07
 9.79264e-07
 9.79264e-07
 9.79264e-07
 9.79264e-07
 9.79264e-07
 9.79262e-07
 1.13078e-03
 1.05452e-03
 9.12997e-04
 7.28650e-04
 5.31810e-04
 3.51181e-04
 2.06871e-04
 1.06772e-04
 4.72821e-05
 1.77556e-05
 5.87069e-06
 2.08128e-06
 1.16166e-06
 1.00020e-06
 9.80867e-07
 9.79358e-07
 9.79272e-07
 9.79265e-07
 9.79264e-07
 9.79264e-07
 9.79264e-07
 9.79264e-07
 9.79264e-07
 9.79264e-07
 9.79264e-07
 9.79264e-07
 9.79264e-07
 9.79264e-07
 9.79264e-07
 9.79264e-07
 9.79264e-07
 9.79264e-07
 9.79264e-07
 9.79264e-07
 9.79264e-07
 9.79264e-07
 9.79264e-07
 9.79264e-07
 9.79264e-07
 9.79264e-07
 9.79264e-07
 9.79264e-07
 9.79264e-07
 9.79264e-07
 9.79264e-07
 9.79264e-07
 9.79264e-07
 9.79264e-07
 9.79264e-07
 9.79264e-07
 9.79264e-07
 9.79264e-07
 9.79264e-07
 9.79264e-07
 9.79264e-07
 9.79264e-07
 9.79264e-07
 9.79264e-07
 9.79264e-07
 9.79262e-07
 2.05704e-06
 1.92196e-06
 1.69533e-06
 1.44630e-06
 1.23747e-06
 1.09832e-06
 1.02415e-06
 9.92777e-07
 9.82433e-07
 9.79838e-07
 9.79349e-07
 9.79277e-07
 9.79267e-07
 9.79265e-07
 9.79264e-07
 9.79264e-07
 9.79264e-07
 9.79264e-07
 9.79264e-07
 9.79264e-07
 9.79264e-07
 9.79264e-07
 9.79264e-07
 9.79264e-07
 9.79264e-07
 9.79264e-07
 9.79264e-07
 9.79264e-07
 9.79264e-07
 9.79264e-07
 9.79264e-07
 9.79264e-07
 9.79264e-07
 9.79264e-07
 9.79264e-07
 9.79264e-07
 9.79264e-07
 9.79264e-07
 9.79264e-07
 9.79264e-07
 9.79264e-07
 9.79264e-07
 9.79264e-07
 9.79264e-07
 9.79264e-07
 9.79264e-07
 9.79264e-07
 9.79264e-07
 9.79264e-07
 9.79264e-07
 9.79264e-07
 9.79264e-07
 9.79264e-07
 9.79264e-07
 9.79264e-07
 9.79264e-07
 9.79264e-07
 9.79264e-07
 9.79264e-07
 9.79262e-07
 9.79272e-07
 9.79271e-07
 9.79269e-07
 9.79268e-07
 9.79266e-07
 9.79265e-07
 9.79265e-07
 9.79264e-07
 9.79264e-07
 9.79264e-07
 9.79264e-07
 9.79264e-07
 9.79264e-07
 9.79264e-07
 9.79264e-07
 9.79264e-07
 9.79264e-07
 9.79264e-07
 9.79264e-07
 9.79264e-07
 9.79264e-07
 9.79264e-07
 9.79264e-07
 9.79264e-07
 9.79264e-07
 9.79264e-07
 9.79264e-07
 9.79264e-07
 9.79264e-07
 9.79264e-07
 9.79264e-07
 9.79264e-07
 9.79264e-07
 9.79264e-07
 9.79264e-07
 9.79264e-07
 9.79264e-07
 9.79264e-07
 9.79264e-07
 9.79264e-07
 9.79264e-07
 9.79264e-07
 9.79264e-07
 9.79264e-07
 9.79264e-07
 9.79264e-07
 9.79264e-07
 9.79264e-07
 9.79264e-07
 9.79264e-07
 9.79264e-07
 9.79264e-07
 9.79264e-07
 9.79264e-07
 9.79264e-07
 9.79264e-07
 9.79264e-07
 9.79264e-07
 9.79264e-07
 9.79262e-07
 9.79262e-07
 9.79262e-07
 9.79262e-07
 9.79262e-07
 9.79262e-07
 9.79262e-07
 9.79262e-07
 9.79262e-07
 9.79262e-07
 9.79262e-07
 9.79262e-07
 9.79262e-07
 9.79262e-07
 9.79262e-07
 9.79262e-07
 9.79262e-07
 9.79262e-07
 9.79262e-07
 9.79262e-07
 9.79262e-07
 9.79262e-07
 9.79262e-07
 9.79262e-07
 9.79262e-07
 9.79262e-07
 9.79262e-07
 9.79262e-07
 9.79262e-07
 9.79262e-07
 9.79262e-07
 9.79262e-07
 9.79262e-07
 9.79262e-07
 9.79262e-07
 9.79262e-07
 9.79262e-07
 9.79262e-07
 9.79262e-07
 9.79262e-07
 9.79262e-07
 9.79262e-07
 9.79262e-07
 9.79262e-07
 9.79262e-07
 9.79262e-07
 9.79262e-07
 9.79262e-07
 9.79262e-07
 9.79262e-07
 9.79262e-07
 9.79262e-07
 9.79262e-07
 9.79262e-07
 9.79262e-07
 9.79262e-07
 9.79262e-07
 9.79262e-07
 9.79262e-07
 9.79262e-07
 9.79260e-07
