Pressure
part
         1
quad4
 7.36558e-01
 7.36357e-01
 7.36814e-01
 7.37057e-01
 7.37023e-01
 7.37148e-01
 7.37528e-01
 7.37897e-01
 7.38319e-01
 7.38879e-01
 7.39575e-01
 7.40399e-01
 7.41474e-01
 7.42775e-01
 7.44355e-01
 7.46235e-01
 7.48564e-01
 7.51256e-01
 7.54564e-01
 7.58425e-01
 7.63060e-01
 7.68500e-01
 7.75025e-01
 7.82687e-01
 7.91906e-01
 8.02814e-01
 8.16252e-01
 8.32717e-01
 8.53119e-01
 8.84721e-01
 9.42639e-01
 1.04051e+00
 1.17611e+00
 1.31331e+00
 1.39153e+00
 1.24872e+00
 9.94105e-01
 6.60512e-01
 3.02507e-01
 6.65036e-02
 2.97087e-03
 5.87865e-06
 9.79313e-07
 9.79264e-07
 9.79264e-07
 9.79264e-07
 9.79264e-07
 9.79264e-07
 9.79264e-07
 9.79264e-07
 9.79264e-07
 9.79264e-07
 9.79264e-07
 9.79264e-07
 9.79264e-07
 9.79264e-07
 9.79264e-07
 9.79264e-07
 9.79264e-07
 9.79263e-07
 7.36357e-01
 7.35994e-01
 7.35801e-01
 7.36365e-01
 7.36986e-01
 7.37351e-01
 7.37493e-01
 7.37910e-01
 7.38315e-01
 7.38911e-01
 7.39578e-01
 7.40464e-01
 7.41531e-01
 7.42854e-01
 7.44414e-01
 7.46378e-01
 7.48684e-01
 7.51439e-01
 7.54766e-01
 7.58633e-01
 7.63315e-01
 7.68800e-01
 7.75345e-01
 7.83046e-01
 7.92385e-01
 8.03306e-01
 8.16801e-01
 8.33380e-01
 8.53970e-01
 8.85896e-01
 9.44550e-01
 1.04375e+00
 1.18090e+00
 1.31859e+00
 1.39451e+00
 1.24657e+00
 9.89473e-01
 6.53341e-01
 2.95620e-01
 6.34914e-02
 2.68755e-03
 5.01820e-06
 9.79301e-07
 9.79264e-07
 9.79264e-07
 9.79264e-07
 9.79264e-07
 9.79264e-07
 9.79264e-07
 9.79264e-07
 9.79264e-07
 9.79264e-07
 9.79264e-07
 9.79264e-07
 9.79264e-07
 9.79264e-07
 9.79264e-07
 9.79264e-07
 9.79264e-07
 9.79263e-07
 7.36814e-01
 7.35801e-01
 7.36399e-01
 7.36653e-01
 7.37560e-01
 7.37377e-01
 7.37720e-01
 7.37965e-01
 7.38440e-01
 7.38978e-01
 7.39711e-01
 7.40575e-01
 7.41668e-01
 7.43027e-01
 7.44622e-01
 7.46641e-01
 7.48934e-01
 7.51792e-01
 7.55081e-01
 7.59116e-01
 7.63777e-01
 7.69395e-01
 7.75976e-01
 7.83846e-01
 7.93200e-01
 8.04249e-01
 8.17964e-01
 8.34722e-01
 8.55418e-01
 8.88088e-01
 9.48704e-01
 1.05076e+00
 1.19037e+00
 1.32781e+00
 1.39808e+00
 1.24052e+00
 9.78907e-01
 6.38227e-01
 2.81600e-01
 5.75852e-02
 2.17845e-03
 3.68290e-06
 9.79285e-07
 9.79264e-07
 9.79264e-07
 9.79264e-07
 9.79264e-07
 9.79264e-07
 9.79264e-07
 9.79264e-07
 9.79264e-07
 9.79264e-07
 9.79264e-07
 9.79264e-07
 9.79264e-07
 9.79264e-07
 9.79264e-07
 9.79264e-07
 9.79264e-07
 9.79263e-07
 7.37057e-01
 7.36365e-01
 7.36653e-01
 7.37601e-01
 7.37463e-01
 7.37735e-01
 7.37814e-01
 7.38226e-01
 7.38601e-01
 7.39187e-01
 7.39880e-01
 7.40781e-01
 7.41953e-01
 7.43270e-01
 7.44986e-01
 7.46975e-01
 7.49388e-01
 7.52270e-01
 7.55685e-01
 7.59755e-01
 7.64547e-01
 7.70241e-01
 7.76972e-01
 7.84921e-01
 7.94466e-01
 8.05662e-01
 8.19673e-01
 8.36533e-01
 8.57553e-01
 8.91630e-01
 9.55213e-01
 1.06118e+00
 1.20389e+00
 1.34032e+00
 1.40103e+00
 1.22966e+00
 9.61262e-01
 6.14161e-01
 2.60288e-01
 4.92028e-02
 1.55781e-03
 2.41368e-06
 9.79274e-07
 9.79264e-07
 9.79264e-07
 9.79264e-07
 9.79264e-07
 9.79264e-07
 9.79264e-07
 9.79264e-07
 9.79264e-07
 9.79264e-07
 9.79264e-07
 9.79264e-07
 9.79264e-07
 9.79264e-07
 9.79264e-07
 9.79264e-07
 9.79264e-07
 9.79263e-07
 7.37023e-01
 7.36986e-01
 7.37560e-01
 7.37463e-01
 7.37724e-01
 7.37779e-01
 7.38113e-01
 7.38386e-01
 7.38858e-01
 7.39409e-01
 7.40164e-01
 7.41141e-01
 7.42263e-01
 7.43692e-01
 7.45449e-01
 7.47497e-01
 7.50011e-01
 7.52978e-01
 7.56476e-01
 7.60705e-01
 7.65545e-01
 7.71478e-01
 7.78233e-01
 7.86492e-01
 7.96117e-01
 8.07618e-01
 8.21913e-01
 8.38992e-01
 8.60538e-01
 8.96644e-01
 9.64283e-01
 1.07545e+00
 1.22204e+00
 1.35649e+00
 1.40248e+00
 1.21387e+00
 9.36107e-01
 5.81011e-01
 2.32461e-01
 3.92500e-02
 9.65405e-04
 1.56568e-06
 9.79268e-07
 9.79264e-07
 9.79264e-07
 9.79264e-07
 9.79264e-07
 9.79264e-07
 9.79264e-07
 9.79264e-07
 9.79264e-07
 9.79264e-07
 9.79264e-07
 9.79264e-07
 9.79264e-07
 9.79264e-07
 9.79264e-07
 9.79264e-07
 9.79264e-07
 9.79263e-07
 7.37148e-01
 7.37351e-01
 7.37377e-01
 7.37735e-01
 7.37779e-01
 7.38074e-01
 7.38298e-01
 7.38665e-01
 7.39128e-01
 7.39763e-01
 7.40546e-01
 7.41547e-01
 7.42718e-01
 7.44275e-01
 7.46052e-01
 7.48211e-01
 7.50854e-01
 7.53843e-01
 7.57598e-01
 7.61798e-01
 7.66964e-01
 7.72921e-01
 7.79979e-01
 7.88401e-01
 7.98293e-01
 8.10060e-01
 8.24814e-01
 8.42099e-01
 8.64463e-01
 9.03395e-01
 9.76393e-01
 1.09412e+00
 1.24509e+00
 1.37687e+00
 1.39912e+00
 1.19285e+00
 9.02412e-01
 5.38470e-01
 1.99273e-01
 2.88358e-02
 5.05453e-04
 1.15719e-06
 9.79266e-07
 9.79264e-07
 9.79264e-07
 9.79264e-07
 9.79264e-07
 9.79264e-07
 9.79264e-07
 9.79264e-07
 9.79264e-07
 9.79264e-07
 9.79264e-07
 9.79264e-07
 9.79264e-07
 9.79264e-07
 9.79264e-07
 9.79264e-07
 9.79264e-07
 9.79263e-07
 7.37528e-01
 7.37493e-01
 7.37720e-01
 7.37814e-01
 7.38113e-01
 7.38298e-01
 7.38611e-01
 7.39014e-01
 7.39547e-01
 7.40148e-01
 7.41071e-01
 7.42045e-01
 7.43407e-01
 7.44970e-01
 7.46822e-01
 7.49178e-01
 7.51790e-01
 7.55089e-01
 7.58842e-01
 7.63325e-01
 7.68609e-01
 7.74829e-01
 7.82049e-01
 7.90870e-01
 8.00868e-01
 8.13185e-01
 8.28341e-01
 8.45910e-01
 8.69462e-01
 9.12285e-01
 9.92159e-01
 1.11783e+00
 1.27310e+00
 1.40257e+00
 1.38634e+00
 1.16636e+00
 8.58957e-01
 4.86439e-01
 1.62452e-01
 1.91237e-02
 2.15914e-04
 1.01747e-06
 9.79265e-07
 9.79264e-07
 9.79264e-07
 9.79264e-07
 9.79264e-07
 9.79264e-07
 9.79264e-07
 9.79264e-07
 9.79264e-07
 9.79264e-07
 9.79264e-07
 9.79264e-07
 9.79264e-07
 9.79264e-07
 9.79264e-07
 9.79264e-07
 9.79264e-07
 9.79263e-07
 7.37897e-01
 7.37910e-01
 7.37965e-01
 7.38226e-01
 7.38386e-01
 7.38665e-01
 7.39014e-01
 7.39484e-01
 7.39950e-01
 7.40800e-01
 7.41639e-01
 7.42801e-01
 7.44200e-01
 7.45804e-01
 7.47896e-01
 7.50235e-01
 7.53107e-01
 7.56499e-01
 7.60468e-01
 7.65101e-01
 7.70733e-01
 7.76992e-01
 7.84743e-01
 7.93680e-01
 8.04083e-01
 8.16937e-01
 8.32603e-01
 8.50441e-01
 8.75821e-01
 9.23888e-01
 1.01238e+00
 1.14729e+00
 1.30603e+00
 1.42976e+00
 1.36751e+00
 1.13026e+00
 8.04466e-01
 4.25322e-01
 1.24353e-01
 1.10858e-02
 7.18417e-05
 9.84759e-07
 9.79264e-07
 9.79264e-07
 9.79264e-07
 9.79264e-07
 9.79264e-07
 9.79264e-07
 9.79264e-07
 9.79264e-07
 9.79264e-07
 9.79264e-07
 9.79264e-07
 9.79264e-07
 9.79264e-07
 9.79264e-07
 9.79264e-07
 9.79264e-07
 9.79264e-07
 9.79263e-07
 7.38319e-01
 7.38315e-01
 7.38440e-01
 7.38601e-01
 7.38858e-01
 7.39128e-01
 7.39547e-01
 7.39950e-01
 7.40708e-01
 7.41451e-01
 7.42444e-01
 7.43699e-01
 7.45115e-01
 7.46972e-01
 7.49092e-01
 7.51626e-01
 7.54665e-01
 7.58275e-01
 7.62320e-01
 7.67424e-01
 7.73038e-01
 7.79783e-01
 7.87809e-01
 7.97097e-01
 8.07842e-01
 8.21539e-01
 8.37524e-01
 8.55816e-01
 8.83925e-01
 9.39002e-01
 1.03804e+00
 1.18331e+00
 1.34367e+00
 1.45442e+00
 1.34213e+00
 1.08205e+00
 7.37756e-01
 3.56482e-01
 8.78017e-02
 5.31322e-03
 1.79813e-05
 9.79780e-07
 9.79264e-07
 9.79264e-07
 9.79264e-07
 9.79264e-07
 9.79264e-07
 9.79264e-07
 9.79264e-07
 9.79264e-07
 9.79264e-07
 9.79264e-07
 9.79264e-07
 9.79264e-07
 9.79264e-07
 9.79264e-07
 9.79264e-07
 9.79264e-07
 9.79264e-07
 9.79263e-07
 7.38879e-01
 7.38911e-01
 7.38978e-01
 7.39187e-01
 7.39409e-01
 7.39763e-01
 7.40148e-01
 7.40800e-01
 7.41451e-01
 7.42322e-01
 7.43449e-01
 7.44725e-01
 7.46370e-01
 7.48304e-01
 7.50565e-01
 7.53284e-01
 7.56608e-01
 7.60198e-01
 7.64784e-01
 7.69939e-01
 7.75922e-01
 7.83001e-01
 7.91545e-01
 8.00915e-01
 8.12481e-01
 8.26908e-01
 8.43159e-01
 8.62161e-01
 8.94421e-01
 9.58672e-01
 1.07038e+00
 1.22666e+00
 1.38543e+00
 1.47131e+00
 1.30537e+00
 1.02302e+00
 6.57885e-01
 2.82610e-01
 5.55808e-02
 2.02810e-03
 3.76915e-06
 9.79302e-07
 9.79264e-07
 9.79264e-07
 9.79264e-07
 9.79264e-07
 9.79264e-07
 9.79264e-07
 9.79264e-07
 9.79264e-07
 9.79264e-07
 9.79264e-07
 9.79264e-07
 9.79264e-07
 9.79264e-07
 9.79264e-07
 9.79264e-07
 9.79264e-07
 9.79264e-07
 9.79263e-07
 7.39575e-01
 7.39578e-01
 7.39711e-01
 7.39880e-01
 7.40164e-01
 7.40546e-01
 7.41071e-01
 7.41639e-01
 7.42444e-01
 7.43449e-01
 7.44600e-01
 7.46071e-01
 7.47841e-01
 7.49890e-01
 7.52327e-01
 7.55395e-01
 7.58648e-01
 7.62749e-01
 7.67521e-01
 7.72971e-01
 7.79198e-01
 7.86999e-01
 7.95601e-01
 8.05511e-01
 8.17960e-01
 8.33177e-01
 8.49400e-01
 8.69864e-01
 9.08249e-01
 9.84330e-01
 1.11082e+00
 1.27783e+00
 1.42977e+00
 1.47292e+00
 1.25637e+00
 9.49583e-01
 5.64642e-01
 2.07990e-01
 3.03778e-02
 5.81250e-04
 1.26519e-06
 9.79268e-07
 9.79264e-07
 9.79264e-07
 9.79264e-07
 9.79264e-07
 9.79264e-07
 9.79264e-07
 9.79264e-07
 9.79264e-07
 9.79264e-07
 9.79264e-07
 9.79264e-07
 9.79264e-07
 9.79264e-07
 9.79264e-07
 9.79264e-07
 9.79264e-07
 9.79264e-07
 9.79263e-07
 7.40399e-01
 7.40464e-01
 7.40575e-01
 7.40781e-01
 7.41141e-01
 7.41547e-01
 7.42045e-01
 7.42801e-01
 7.43699e-01
 7.44725e-01
 7.46071e-01
 7.47687e-01
 7.49563e-01
 7.51764e-01
 7.54604e-01
 7.57597e-01
 7.61296e-01
 7.65681e-01
 7.70773e-01
 7.76312e-01
 7.83355e-01
 7.91395e-01
 8.00316e-01
 8.10865e-01
 8.24601e-01
 8.40109e-01
 8.56339e-01
 8.79557e-01
 9.26830e-01
 1.01778e+00
 1.16095e+00
 1.33646e+00
 1.47969e+00
 1.44467e+00
 1.19712e+00
 8.58118e-01
 4.59692e-01
 1.38497e-01
 1.35195e-02
 1.14199e-04
 9.95603e-07
 9.79265e-07
 9.79264e-07
 9.79264e-07
 9.79264e-07
 9.79264e-07
 9.79264e-07
 9.79264e-07
 9.79264e-07
 9.79264e-07
 9.79264e-07
 9.79264e-07
 9.79264e-07
 9.79264e-07
 9.79264e-07
 9.79264e-07
 9.79264e-07
 9.79264e-07
 9.79264e-07
 9.79263e-07
 7.41474e-01
 7.41531e-01
 7.41668e-01
 7.41953e-01
 7.42263e-01
 7.42718e-01
 7.43407e-01
 7.44200e-01
 7.45115e-01
 7.46370e-01
 7.47841e-01
 7.49563e-01
 7.51578e-01
 7.54208e-01
 7.56984e-01
 7.60364e-01
 7.64391e-01
 7.69182e-01
 7.74226e-01
 7.80557e-01
 7.88056e-01
 7.96410e-01
 8.05580e-01
 8.17504e-01
 8.32208e-01
 8.47615e-01
 8.64155e-01
 8.92441e-01
 9.52125e-01
 1.06129e+00
 1.22227e+00
 1.40098e+00
 1.52188e+00
 1.39856e+00
 1.11608e+00
 7.47070e-01
 3.47779e-01
 8.04479e-02
 4.39174e-03
 1.43317e-05
 9.79768e-07
 9.79264e-07
 9.79264e-07
 9.79264e-07
 9.79264e-07
 9.79264e-07
 9.79264e-07
 9.79264e-07
 9.79264e-07
 9.79264e-07
 9.79264e-07
 9.79264e-07
 9.79264e-07
 9.79264e-07
 9.79264e-07
 9.79264e-07
 9.79264e-07
 9.79264e-07
 9.79264e-07
 9.79263e-07
 7.42775e-01
 7.42854e-01
 7.43027e-01
 7.43270e-01
 7.43692e-01
 7.44275e-01
 7.44970e-01
 7.45804e-01
 7.46972e-01
 7.48304e-01
 7.49890e-01
 7.51764e-01
 7.54208e-01
 7.56787e-01
 7.59912e-01
 7.63624e-01
 7.68134e-01
 7.72816e-01
 7.78550e-01
 7.85498e-01
 7.93451e-01
 8.01764e-01
 8.12047e-01
 8.25421e-01
 8.40698e-01
 8.55389e-01
 8.73615e-01
 9.10414e-01
 9.86796e-01
 1.11746e+00
 1.29560e+00
 1.46803e+00
 1.53995e+00
 1.33075e+00
 1.01553e+00
 6.16927e-01
 2.37553e-01
 3.83880e-02
 9.65943e-04
 1.83184e-06
 9.79282e-07
 9.79264e-07
 9.79264e-07
 9.79264e-07
 9.79264e-07
 9.79264e-07
 9.79264e-07
 9.79264e-07
 9.79264e-07
 9.79264e-07
 9.79264e-07
 9.79264e-07
 9.79264e-07
 9.79264e-07
 9.79264e-07
 9.79264e-07
 9.79264e-07
 9.79264e-07
 9.79264e-07
 9.79263e-07
 7.44355e-01
 7.44414e-01
 7.44622e-01
 7.44986e-01
 7.45449e-01
 7.46052e-01
 7.46822e-01
 7.47896e-01
 7.49092e-01
 7.50565e-01
 7.52327e-01
 7.54604e-01
 7.56984e-01
 7.59912e-01
 7.63368e-01
 7.67611e-01
 7.72004e-01
 7.77277e-01
 7.83694e-01
 7.91290e-01
 7.99065e-01
 8.08119e-01
 8.19963e-01
 8.34721e-01
 8.49410e-01
 8.63638e-01
 8.86262e-01
 9.36358e-01
 1.03424e+00
 1.18892e+00
 1.38003e+00
 1.53664e+00
 1.50776e+00
 1.24515e+00
 8.88543e-01
 4.71819e-01
 1.40580e-01
 1.37550e-02
 1.26546e-04
 1.00419e-06
 9.79266e-07
 9.79264e-07
 9.79264e-07
 9.79264e-07
 9.79264e-07
 9.79264e-07
 9.79264e-07
 9.79264e-07
 9.79264e-07
 9.79264e-07
 9.79264e-07
 9.79264e-07
 9.79264e-07
 9.79264e-07
 9.79264e-07
 9.79264e-07
 9.79264e-07
 9.79264e-07
 9.79264e-07
 9.79263e-07
 7.46235e-01
 7.46378e-01
 7.46641e-01
 7.46975e-01
 7.47497e-01
 7.48211e-01
 7.49178e-01
 7.50235e-01
 7.51626e-01
 7.53284e-01
 7.55395e-01
 7.57597e-01
 7.60364e-01
 7.63624e-01
 7.67611e-01
 7.71741e-01
 7.76663e-01
 7.82624e-01
 7.89847e-01
 7.97252e-01
 8.05451e-01
 8.15922e-01
 8.29735e-01
 8.44618e-01
 8.57981e-01
 8.73266e-01
 9.04975e-01
 9.74233e-01
 1.09842e+00
 1.27754e+00
 1.47076e+00
 1.58963e+00
 1.43734e+00
 1.12919e+00
 7.33677e-01
 3.22768e-01
 6.78337e-02
 3.13083e-03
 9.07991e-06
 9.79601e-07
 9.79264e-07
 9.79264e-07
 9.79264e-07
 9.79264e-07
 9.79264e-07
 9.79264e-07
 9.79264e-07
 9.79264e-07
 9.79264e-07
 9.79264e-07
 9.79264e-07
 9.79264e-07
 9.79264e-07
 9.79264e-07
 9.79264e-07
 9.79264e-07
 9.79264e-07
 9.79264e-07
 9.79264e-07
 9.79263e-07
 7.48564e-01
 7.48684e-01
 7.48934e-01
 7.49388e-01
 7.50011e-01
 7.50854e-01
 7.51790e-01
 7.53107e-01
 7.54665e-01
 7.56608e-01
 7.58648e-01
 7.61296e-01
 7.64391e-01
 7.68134e-01
 7.72004e-01
 7.76663e-01
 7.82271e-01
 7.89118e-01
 7.96201e-01
 8.03816e-01
 8.13193e-01
 8.25932e-01
 8.40657e-01
 8.54259e-01
 8.66506e-01
 8.86852e-01
 9.34134e-01
 1.02910e+00
 1.18337e+00
 1.38265e+00
 1.55809e+00
 1.58917e+00
 1.33300e+00
 9.82315e-01
 5.55838e-01
 1.87845e-01
 2.40960e-02
 3.99917e-04
 1.19695e-06
 9.79275e-07
 9.79264e-07
 9.79264e-07
 9.79264e-07
 9.79264e-07
 9.79264e-07
 9.79264e-07
 9.79264e-07
 9.79264e-07
 9.79264e-07
 9.79264e-07
 9.79264e-07
 9.79264e-07
 9.79264e-07
 9.79264e-07
 9.79264e-07
 9.79264e-07
 9.79264e-07
 9.79264e-07
 9.79264e-07
 9.79263e-07
 7.51256e-01
 7.51439e-01
 7.51792e-01
 7.52270e-01
 7.52978e-01
 7.53843e-01
 7.55089e-01
 7.56499e-01
 7.58275e-01
 7.60198e-01
 7.62749e-01
 7.65681e-01
 7.69182e-01
 7.72816e-01
 7.77277e-01
 7.82624e-01
 7.89118e-01
 7.95851e-01
 8.03037e-01
 8.11647e-01
 8.23403e-01
 8.37653e-01
 8.51547e-01
 8.62912e-01
 8.77030e-01
 9.09034e-01
 9.79780e-01
 1.10673e+00
 1.29170e+00
 1.49754e+00
 1.63413e+00
 1.50852e+00
 1.19800e+00
 7.97767e-01
 3.69751e-01
 8.64881e-02
 5.21110e-03
 2.37003e-05
 9.81303e-07
 9.79265e-07
 9.79264e-07
 9.79264e-07
 9.79264e-07
 9.79264e-07
 9.79264e-07
 9.79264e-07
 9.79264e-07
 9.79264e-07
 9.79264e-07
 9.79264e-07
 9.79264e-07
 9.79264e-07
 9.79264e-07
 9.79264e-07
 9.79264e-07
 9.79264e-07
 9.79264e-07
 9.79264e-07
 9.79264e-07
 9.79263e-07
 7.54564e-01
 7.54766e-01
 7.55081e-01
 7.55685e-01
 7.56476e-01
 7.57598e-01
 7.58842e-01
 7.60468e-01
 7.62320e-01
 7.64784e-01
 7.67521e-01
 7.70773e-01
 7.74226e-01
 7.78550e-01
 7.83694e-01
 7.89847e-01
 7.96201e-01
 8.03037e-01
 8.11151e-01
 8.22161e-01
 8.35787e-01
 8.49659e-01
 8.60909e-01
 8.71975e-01
 8.94248e-01
 9.46808e-01
 1.04926e+00
 1.21244e+00
 1.42129e+00
 1.60468e+00
 1.64131e+00
 1.38087e+00
 1.02069e+00
 5.83402e-01
 2.02404e-01
 2.78317e-02
 5.60680e-04
 1.43994e-06
 9.79291e-07
 9.79264e-07
 9.79264e-07
 9.79264e-07
 9.79264e-07
 9.79264e-07
 9.79264e-07
 9.79264e-07
 9.79264e-07
 9.79264e-07
 9.79264e-07
 9.79264e-07
 9.79264e-07
 9.79264e-07
 9.79264e-07
 9.79264e-07
 9.79264e-07
 9.79264e-07
 9.79264e-07
 9.79264e-07
 9.79264e-07
 9.79263e-07
 7.58425e-01
 7.58633e-01
 7.59116e-01
 7.59755e-01
 7.60705e-01
 7.61798e-01
 7.63325e-01
 7.65101e-01
 7.67424e-01
 7.69939e-01
 7.72971e-01
 7.76312e-01
 7.80557e-01
 7.85498e-01
 7.91290e-01
 7.97252e-01
 8.03816e-01
 8.11647e-01
 8.22161e-01
 8.35164e-01
 8.48686e-01
 8.59842e-01
 8.69529e-01
 8.86122e-01
 9.26134e-01
 1.00906e+00
 1.15015e+00
 1.34791e+00
 1.55916e+00
 1.68750e+00
 1.53694e+00
 1.21155e+00
 7.96665e-01
 3.62287e-01
 8.28661e-02
 4.93975e-03
 2.39417e-05
 9.81922e-07
 9.79266e-07
 9.79264e-07
 9.79264e-07
 9.79264e-07
 9.79264e-07
 9.79264e-07
 9.79264e-07
 9.79264e-07
 9.79264e-07
 9.79264e-07
 9.79264e-07
 9.79264e-07
 9.79264e-07
 9.79264e-07
 9.79264e-07
 9.79264e-07
 9.79264e-07
 9.79264e-07
 9.79264e-07
 9.79264e-07
 9.79264e-07
 9.79263e-07
 7.63060e-01
 7.63315e-01
 7.63777e-01
 7.64547e-01
 7.65545e-01
 7.66964e-01
 7.68609e-01
 7.70733e-01
 7.73038e-01
 7.75922e-01
 7.79198e-01
 7.83355e-01
 7.88056e-01
 7.93451e-01
 7.99065e-01
 8.05451e-01
 8.13193e-01
 8.23403e-01
 8.35787e-01
 8.48686e-01
 8.59502e-01
 8.68547e-01
 8.82179e-01
 9.14336e-01
 9.83172e-01
 1.10546e+00
 1.28738e+00
 1.50500e+00
 1.67718e+00
 1.65424e+00
 1.37346e+00
 9.89359e-01
 5.41309e-01
 1.74814e-01
 2.15166e-02
 3.67361e-04
 1.24590e-06
 9.79292e-07
 9.79264e-07
 9.79264e-07
 9.79264e-07
 9.79264e-07
 9.79264e-07
 9.79264e-07
 9.79264e-07
 9.79264e-07
 9.79264e-07
 9.79264e-07
 9.79264e-07
 9.79264e-07
 9.79264e-07
 9.79264e-07
 9.79264e-07
 9.79264e-07
 9.79264e-07
 9.79264e-07
 9.79264e-07
 9.79264e-07
 9.79264e-07
 9.79263e-07
 7.68500e-01
 7.68800e-01
 7.69395e-01
 7.70241e-01
 7.71478e-01
 7.72921e-01
 7.74829e-01
 7.76992e-01
 7.79783e-01
 7.83001e-01
 7.86999e-01
 7.91395e-01
 7.96410e-01
 8.01764e-01
 8.08119e-01
 8.15922e-01
 8.25932e-01
 8.37653e-01
 8.49659e-01
 8.59842e-01
 8.68547e-01
 8.81003e-01
 9.09033e-01
 9.68861e-01
 1.07703e+00
 1.24347e+00
 1.45612e+00
 1.65290e+00
 1.72847e+00
 1.50370e+00
 1.15224e+00
 7.15334e-01
 2.94580e-01
 5.73084e-02
 2.54242e-03
 9.07832e-06
 9.80047e-07
 9.79265e-07
 9.79264e-07
 9.79264e-07
 9.79264e-07
 9.79264e-07
 9.79264e-07
 9.79264e-07
 9.79264e-07
 9.79264e-07
 9.79264e-07
 9.79264e-07
 9.79264e-07
 9.79264e-07
 9.79264e-07
 9.79264e-07
 9.79264e-07
 9.79264e-07
 9.79264e-07
 9.79264e-07
 9.79264e-07
 9.79264e-07
 9.79264e-07
 9.79263e-07
 7.75025e-01
 7.75345e-01
 7.75976e-01
 7.76972e-01
 7.78233e-01
 7.79979e-01
 7.82049e-01
 7.84743e-01
 7.87809e-01
 7.91545e-01
 7.95601e-01
 8.00316e-01
 8.05580e-01
 8.12047e-01
 8.19963e-01
 8.29735e-01
 8.40657e-01
 8.51547e-01
 8.60909e-01
 8.69529e-01
 8.82179e-01
 9.09033e-01
 9.64302e-01
 1.06331e+00
 1.21719e+00
 1.42077e+00
 1.62941e+00
 1.75127e+00
 1.60264e+00
 1.28166e+00
 8.68390e-01
 4.23955e-01
 1.13099e-01
 9.87656e-03
 9.74119e-05
 1.01607e-06
 9.79279e-07
 9.79264e-07
 9.79264e-07
 9.79264e-07
 9.79264e-07
 9.79264e-07
 9.79264e-07
 9.79264e-07
 9.79264e-07
 9.79264e-07
 9.79264e-07
 9.79264e-07
 9.79264e-07
 9.79264e-07
 9.79264e-07
 9.79264e-07
 9.79264e-07
 9.79264e-07
 9.79264e-07
 9.79264e-07
 9.79264e-07
 9.79264e-07
 9.79264e-07
 9.79263e-07
 7.82687e-01
 7.83046e-01
 7.83846e-01
 7.84921e-01
 7.86492e-01
 7.88401e-01
 7.90870e-01
 7.93680e-01
 7.97097e-01
 8.00915e-01
 8.05511e-01
 8.10865e-01
 8.17504e-01
 8.25421e-01
 8.34721e-01
 8.44618e-01
 8.54259e-01
 8.62912e-01
 8.71975e-01
 8.86122e-01
 9.14336e-01
 9.68861e-01
 1.06331e+00
 1.20848e+00
 1.40248e+00
 1.61140e+00
 1.75416e+00
 1.66972e+00
 1.38209e+00
 9.91795e-01
 5.45118e-01
 1.81737e-01
 2.48964e-02
 5.71596e-04
 1.73804e-06
 9.79367e-07
 9.79264e-07
 9.79264e-07
 9.79264e-07
 9.79264e-07
 9.79264e-07
 9.79264e-07
 9.79264e-07
 9.79264e-07
 9.79264e-07
 9.79264e-07
 9.79264e-07
 9.79264e-07
 9.79264e-07
 9.79264e-07
 9.79264e-07
 9.79264e-07
 9.79264e-07
 9.79264e-07
 9.79264e-07
 9.79264e-07
 9.79264e-07
 9.79264e-07
 9.79264e-07
 9.79263e-07
 7.91906e-01
 7.92385e-01
 7.93200e-01
 7.94466e-01
 7.96117e-01
 7.98293e-01
 8.00868e-01
 8.04083e-01
 8.07842e-01
 8.12481e-01
 8.17960e-01
 8.24601e-01
 8.32208e-01
 8.40698e-01
 8.49410e-01
 8.57981e-01
 8.66506e-01
 8.77030e-01
 8.94248e-01
 9.26134e-01
 9.83172e-01
 1.07703e+00
 1.21719e+00
 1.40248e+00
 1.60476e+00
 1.75212e+00
 1.70837e+00
 1.44933e+00
 1.08173e+00
 6.44905e-01
 2.51791e-01
 4.65124e-02
 1.99829e-03
 8.00407e-06
 9.80306e-07
 9.79268e-07
 9.79264e-07
 9.79264e-07
 9.79264e-07
 9.79264e-07
 9.79264e-07
 9.79264e-07
 9.79264e-07
 9.79264e-07
 9.79264e-07
 9.79264e-07
 9.79264e-07
 9.79264e-07
 9.79264e-07
 9.79264e-07
 9.79264e-07
 9.79264e-07
 9.79264e-07
 9.79264e-07
 9.79264e-07
 9.79264e-07
 9.79264e-07
 9.79264e-07
 9.79264e-07
 9.79263e-07
 8.02814e-01
 8.03306e-01
 8.04249e-01
 8.05662e-01
 8.07618e-01
 8.10060e-01
 8.13185e-01
 8.16937e-01
 8.21539e-01
 8.26908e-01
 8.33177e-01
 8.40109e-01
 8.47615e-01
 8.55389e-01
 8.63638e-01
 8.73266e-01
 8.86852e-01
 9.09034e-01
 9.46808e-01
 1.00906e+00
 1.10546e+00
 1.24347e+00
 1.42077e+00
 1.61140e+00
 1.75212e+00
 1.72128e+00
 1.48317e+00
 1.13627e+00
 7.15125e-01
 3.11145e-01
 7.05767e-02
 4.73294e-03
 3.55641e-05
 9.90519e-07
 9.79281e-07
 9.79264e-07
 9.79264e-07
 9.79264e-07
 9.79264e-07
 9.79264e-07
 9.79264e-07
 9.79264e-07
 9.79264e-07
 9.79264e-07
 9.79264e-07
 9.79264e-07
 9.79264e-07
 9.79264e-07
 9.79264e-07
 9.79264e-07
 9.79264e-07
 9.79264e-07
 9.79264e-07
 9.79264e-07
 9.79264e-07
 9.79264e-07
 9.79264e-07
 9.79264e-07
 9.79264e-07
 9.79263e-07
 8.16252e-01
 8.16801e-01
 8.17964e-01
 8.19673e-01
 8.21913e-01
 8.24814e-01
 8.28341e-01
 8.32603e-01
 8.37524e-01
 8.43159e-01
 8.49400e-01
 8.56339e-01
 8.64155e-01
 8.73615e-01
 8.86262e-01
 9.04975e-01
 9.34134e-01
 9.79780e-01
 1.04926e+00
 1.15015e+00
 1.28738e+00
 1.45612e+00
 1.62941e+00
 1.75416e+00
 1.70837e+00
 1.48317e+00
 1.15452e+00
 7.51243e-01
 3.50482e-01
 9.11894e-02
 8.30235e-03
 1.04229e-04
 1.05057e-06
 9.79314e-07
 9.79264e-07
 9.79264e-07
 9.79264e-07
 9.79264e-07
 9.79264e-07
 9.79264e-07
 9.79264e-07
 9.79264e-07
 9.79264e-07
 9.79264e-07
 9.79264e-07
 9.79264e-07
 9.79264e-07
 9.79264e-07
 9.79264e-07
 9.79264e-07
 9.79264e-07
 9.79264e-07
 9.79264e-07
 9.79264e-07
 9.79264e-07
 9.79264e-07
 9.79264e-07
 9.79264e-07
 9.79264e-07
 9.79263e-07
 8.32717e-01
 8.33380e-01
 8.34722e-01
 8.36533e-01
 8.38992e-01
 8.42099e-01
 8.45910e-01
 8.50441e-01
 8.55816e-01
 8.62161e-01
 8.69864e-01
 8.79557e-01
 8.92441e-01
 9.10414e-01
 9.36358e-01
 9.74233e-01
 1.02910e+00
 1.10673e+00
 1.21244e+00
 1.34791e+00
 1.50500e+00
 1.65290e+00
 1.75127e+00
 1.66972e+00
 1.44933e+00
 1.13627e+00
 7.51243e-01
 3.64209e-01
 1.03016e-01
 1.13793e-02
 2.05454e-04
 1.23052e-06
 9.79378e-07
 9.79265e-07
 9.79264e-07
 9.79264e-07
 9.79264e-07
 9.79264e-07
 9.79264e-07
 9.79264e-07
 9.79264e-07
 9.79264e-07
 9.79264e-07
 9.79264e-07
 9.79264e-07
 9.79264e-07
 9.79264e-07
 9.79264e-07
 9.79264e-07
 9.79264e-07
 9.79264e-07
 9.79264e-07
 9.79264e-07
 9.79264e-07
 9.79264e-07
 9.79264e-07
 9.79264e-07
 9.79264e-07
 9.79264e-07
 9.79263e-07
 8.53119e-01
 8.53970e-01
 8.55418e-01
 8.57553e-01
 8.60538e-01
 8.64463e-01
 8.69462e-01
 8.75821e-01
 8.83925e-01
 8.94421e-01
 9.08249e-01
 9.26830e-01
 9.52125e-01
 9.86796e-01
 1.03424e+00
 1.09842e+00
 1.18337e+00
 1.29170e+00
 1.42129e+00
 1.55916e+00
 1.67718e+00
 1.72847e+00
 1.60264e+00
 1.38209e+00
 1.08173e+00
 7.15125e-01
 3.50482e-01
 1.03016e-01
 1.25851e-02
 2.84925e-04
 1.49939e-06
 9.79467e-07
 9.79267e-07
 9.79264e-07
 9.79264e-07
 9.79264e-07
 9.79264e-07
 9.79264e-07
 9.79264e-07
 9.79264e-07
 9.79264e-07
 9.79264e-07
 9.79264e-07
 9.79264e-07
 9.79264e-07
 9.79264e-07
 9.79264e-07
 9.79264e-07
 9.79264e-07
 9.79264e-07
 9.79264e-07
 9.79264e-07
 9.79264e-07
 9.79264e-07
 9.79264e-07
 9.79264e-07
 9.79264e-07
 9.79264e-07
 9.79264e-07
 9.79263e-07
 8.84721e-01
 8.85896e-01
 8.88088e-01
 8.91630e-01
 8.96644e-01
 9.03395e-01
 9.12285e-01
 9.23888e-01
 9.39002e-01
 9.58672e-01
 9.84330e-01
 1.01778e+00
 1.06129e+00
 1.11746e+00
 1.18892e+00
 1.27754e+00
 1.38265e+00
 1.49754e+00
 1.60468e+00
 1.68750e+00
 1.65424e+00
 1.50370e+00
 1.28166e+00
 9.91795e-01
 6.44905e-01
 3.11145e-01
 9.11894e-02
 1.13793e-02
 2.84925e-04
 1.63896e-06
 9.79541e-07
 9.79268e-07
 9.79264e-07
 9.79264e-07
 9.79264e-07
 9.79264e-07
 9.79264e-07
 9.79264e-07
 9.79264e-07
 9.79264e-07
 9.79264e-07
 9.79264e-07
 9.79264e-07
 9.79264e-07
 9.79264e-07
 9.79264e-07
 9.79264e-07
 9.79264e-07
 9.79264e-07
 9.79264e-07
 9.79264e-07
 9.79264e-07
 9.79264e-07
 9.79264e-07
 9.79264e-07
 9.79264e-07
 9.79264e-07
 9.79264e-07
 9.79264e-07
 9.79263e-07
 9.42639e-01
 9.44550e-01
 9.48704e-01
 9.55213e-01
 9.64283e-01
 9.76393e-01
 9.92159e-01
 1.01238e+00
 1.03804e+00
 1.07038e+00
 1.11082e+00
 1.16095e+00
 1.22227e+00
 1.29560e+00
 1.38003e+00
 1.47076e+00
 1.55809e+00
 1.63413e+00
 1.64131e+00
 1.53694e+00
 1.37346e+00
 1.15224e+00
 8.68390e-01
 5.45118e-01
 2.51791e-01
 7.05767e-02
 8.30235e-03
 2.05454e-04
 1.49939e-06
 9.79541e-07
 9.79269e-07
 9.79264e-07
 9.79264e-07
 9.79264e-07
 9.79264e-07
 9.79264e-07
 9.79264e-07
 9.79264e-07
 9.79264e-07
 9.79264e-07
 9.79264e-07
 9.79264e-07
 9.79264e-07
 9.79264e-07
 9.79264e-07
 9.79264e-07
 9.79264e-07
 9.79264e-07
 9.79264e-07
 9.79264e-07
 9.79264e-07
 9.79264e-07
 9.79264e-07
 9.79264e-07
 9.79264e-07
 9.79264e-07
 9.79264e-07
 9.79264e-07
 9.79264e-07
 9.79263e-07
 1.04051e+00
 1.04375e+00
 1.05076e+00
 1.06118e+00
 1.07545e+00
 1.09412e+00
 1.11783e+00
 1.14729e+00
 1.18331e+00
 1.22666e+00
 1.27783e+00
 1.33646e+00
 1.40098e+00
 1.46803e+00
 1.53664e+00
 1.58963e+00
 1.58917e+00
 1.50852e+00
 1.38087e+00
 1.21155e+00
 9.89359e-01
 7.15334e-01
 4.23955e-01
 1.81737e-01
 4.65124e-02
 4.73294e-03
 1.04229e-04
 1.23052e-06
 9.79467e-07
 9.79268e-07
 9.79264e-07
 9.79264e-07
 9.79264e-07
 9.79264e-07
 9.79264e-07
 9.79264e-07
 9.79264e-07
 9.79264e-07
 9.79264e-07
 9.79264e-07
 9.79264e-07
 9.79264e-07
 9.79264e-07
 9.79264e-07
 9.79264e-07
 9.79264e-07
 9.79264e-07
 9.79264e-07
 9.79264e-07
 9.79264e-07
 9.79264e-07
 9.79264e-07
 9.79264e-07
 9.79264e-07
 9.79264e-07
 9.79264e-07
 9.79264e-07
 9.79264e-07
 9.79264e-07
 9.79263e-07
 1.17611e+00
 1.18090e+00
 1.19037e+00
 1.20389e+00
 1.22204e+00
 1.24509e+00
 1.27310e+00
 1.30603e+00
 1.34367e+00
 1.38543e+00
 1.42977e+00
 1.47969e+00
 1.52188e+00
 1.53995e+00
 1.50776e+00
 1.43734e+00
 1.33300e+00
 1.19800e+00
 1.02069e+00
 7.96665e-01
 5.41309e-01
 2.94580e-01
 1.13099e-01
 2.48964e-02
 1.99829e-03
 3.55641e-05
 1.05057e-06
 9.79378e-07
 9.79267e-07
 9.79264e-07
 9.79264e-07
 9.79264e-07
 9.79264e-07
 9.79264e-07
 9.79264e-07
 9.79264e-07
 9.79264e-07
 9.79264e-07
 9.79264e-07
 9.79264e-07
 9.79264e-07
 9.79264e-07
 9.79264e-07
 9.79264e-07
 9.79264e-07
 9.79264e-07
 9.79264e-07
 9.79264e-07
 9.79264e-07
 9.79264e-07
 9.79264e-07
 9.79264e-07
 9.79264e-07
 9.79264e-07
 9.79264e-07
 9.79264e-07
 9.79264e-07
 9.79264e-07
 9.79264e-07
 9.79263e-07
 1.31331e+00
 1.31859e+00
 1.32781e+00
 1.34032e+00
 1.35649e+00
 1.37687e+00
 1.40257e+00
 1.42976e+00
 1.45442e+00
 1.47131e+00
 1.47292e+00
 1.44467e+00
 1.39856e+00
 1.33075e+00
 1.24515e+00
 1.12919e+00
 9.82315e-01
 7.97767e-01
 5.83402e-01
 3.62287e-01
 1.74814e-01
 5.73084e-02
 9.87656e-03
 5.71596e-04
 8.00407e-06
 9.90519e-07
 9.79314e-07
 9.79265e-07
 9.79264e-07
 9.79264e-07
 9.79264e-07
 9.79264e-07
 9.79264e-07
 9.79264e-07
 9.79264e-07
 9.79264e-07
 9.79264e-07
 9.79264e-07
 9.79264e-07
 9.79264e-07
 9.79264e-07
 9.79264e-07
 9.79264e-07
 9.79264e-07
 9.79264e-07
 9.79264e-07
 9.79264e-07
 9.79264e-07
 9.79264e-07
 9.79264e-07
 9.79264e-07
 9.79264e-07
 9.79264e-07
 9.79264e-07
 9.79264e-07
 9.79264e-07
 9.79264e-07
 9.79264e-07
 9.79264e-07
 9.79263e-07
 1.39153e+00
 1.39451e+00
 1.39808e+00
 1.40103e+00
 1.40248e+00
 1.39912e+00
 1.38634e+00
 1.36751e+00
 1.34213e+00
 1.30537e+00
 1.25637e+00
 1.19712e+00
 1.11608e+00
 1.01553e+00
 8.88543e-01
 7.33677e-01
 5.55838e-01
 3.69751e-01
 2.02404e-01
 8.28661e-02
 2.15166e-02
 2.54242e-03
 9.74119e-05
 1.73804e-06
 9.80306e-07
 9.79281e-07
 9.79264e-07
 9.79264e-07
 9.79264e-07
 9.79264e-07
 9.79264e-07
 9.79264e-07
 9.79264e-07
 9.79264e-07
 9.79264e-07
 9.79264e-07
 9.79264e-07
 9.79264e-07
 9.79264e-07
 9.79264e-07
 9.79264e-07
 9.79264e-07
 9.79264e-07
 9.79264e-07
 9.79264e-07
 9.79264e-07
 9.79264e-07
 9.79264e-07
 9.79264e-07
 9.79264e-07
 9.79264e-07
 9.79264e-07
 9.79264e-07
 9.79264e-07
 9.79264e-07
 9.79264e-07
 9.79264e-07
 9.79264e-07
 9.79264e-07
 9.79263e-07
 1.24872e+00
 1.24657e+00
 1.24052e+00
 1.22966e+00
 1.21387e+00
 1.19285e+00
 1.16636e+00
 1.13026e+00
 1.08205e+00
 1.02302e+00
 9.49583e-01
 8.58118e-01
 7.47070e-01
 6.16927e-01
 4.71819e-01
 3.22768e-01
 1.87845e-01
 8.64881e-02
 2.78317e-02
 4.93975e-03
 3.67361e-04
 9.07832e-06
 1.01607e-06
 9.79367e-07
 9.79268e-07
 9.79264e-07
 9.79264e-07
 9.79264e-07
 9.79264e-07
 9.79264e-07
 9.79264e-07
 9.79264e-07
 9.79264e-07
 9.79264e-07
 9.79264e-07
 9.79264e-07
 9.79264e-07
 9.79264e-07
 9.79264e-07
 9.79264e-07
 9.79264e-07
 9.79264e-07
 9.79264e-07
 9.79264e-07
 9.79264e-07
 9.79264e-07
 9.79264e-07
 9.79264e-07
 9.79264e-07
 9.79264e-07
 9.79264e-07
 9.79264e-07
 9.79264e-07
 9.79264e-07
 9.79264e-07
 9.79264e-07
 9.79264e-07
 9.79264e-07
 9.79264e-07
 9.79263e-07
 9.94105e-01
 9.89473e-01
 9.78907e-01
 9.61262e-01
 9.36107e-01
 9.02412e-01
 8.58957e-01
 8.04466e-01
 7.37756e-01
 6.57885e-01
 5.64642e-01
 4.59692e-01
 3.47779e-01
 2.37553e-01
 1.40580e-01
 6.78337e-02
 2.40960e-02
 5.21110e-03
 5.60680e-04
 2.39417e-05
 1.24590e-06
 9.80047e-07
 9.79279e-07
 9.79264e-07
 9.79264e-07
 9.79264e-07
 9.79264e-07
 9.79264e-07
 9.79264e-07
 9.79264e-07
 9.79264e-07
 9.79264e-07
 9.79264e-07
 9.79264e-07
 9.79264e-07
 9.79264e-07
 9.79264e-07
 9.79264e-07
 9.79264e-07
 9.79264e-07
 9.79264e-07
 9.79264e-07
 9.79264e-07
 9.79264e-07
 9.79264e-07
 9.79264e-07
 9.79264e-07
 9.79264e-07
 9.79264e-07
 9.79264e-07
 9.79264e-07
 9.79264e-07
 9.79264e-07
 9.79264e-07
 9.79264e-07
 9.79264e-07
 9.79264e-07
 9.79264e-07
 9.79264e-07
 9.79263e-07
 6.60512e-01
 6.53341e-01
 6.38227e-01
 6.14161e-01
 5.81011e-01
 5.38470e-01
 4.86439e-01
 4.25322e-01
 3.56482e-01
 2.82610e-01
 2.07990e-01
 1.38497e-01
 8.04479e-02
 3.83880e-02
 1.37550e-02
 3.13083e-03
 3.99917e-04
 2.37003e-05
 1.43994e-06
 9.81922e-07
 9.79292e-07
 9.79265e-07
 9.79264e-07
 9.79264e-07
 9.79264e-07
 9.79264e-07
 9.79264e-07
 9.79264e-07
 9.79264e-07
 9.79264e-07
 9.79264e-07
 9.79264e-07
 9.79264e-07
 9.79264e-07
 9.79264e-07
 9.79264e-07
 9.79264e-07
 9.79264e-07
 9.79264e-07
 9.79264e-07
 9.79264e-07
 9.79264e-07
 9.79264e-07
 9.79264e-07
 9.79264e-07
 9.79264e-07
 9.79264e-07
 9.79264e-07
 9.79264e-07
 9.79264e-07
 9.79264e-07
 9.79264e-07
 9.79264e-07
 9.79264e-07
 9.79264e-07
 9.79264e-07
 9.79264e-07
 9.79264e-07
 9.79264e-07
 9.79263e-07
 3.02507e-01
 2.95620e-01
 2.81600e-01
 2.60288e-01
 2.32461e-01
 1.99273e-01
 1.62452e-01
 1.24353e-01
 8.78017e-02
 5.55808e-02
 3.03778e-02
 1.35195e-02
 4.39174e-03
 9.65943e-04
 1.26546e-04
 9.07991e-06
 1.19695e-06
 9.81303e-07
 9.79291e-07
 9.79266e-07
 9.79264e-07
 9.79264e-07
 9.79264e-07
 9.79264e-07
 9.79264e-07
 9.79264e-07
 9.79264e-07
 9.79264e-07
 9.79264e-07
 9.79264e-07
 9.79264e-07
 9.79264e-07
 9.79264e-07
 9.79264e-07
 9.79264e-07
 9.79264e-07
 9.79264e-07
 9.79264e-07
 9.79264e-07
 9.79264e-07
 9.79264e-07
 9.79264e-07
 9.79264e-07
 9.79264e-07
 9.79264e-07
 9.79264e-07
 9.79264e-07
 9.79264e-07
 9.79264e-07
 9.79264e-07
 9.79264e-07
 9.79264e-07
 9.79264e-07
 9.79264e-07
 9.79264e-07
 9.79264e-07
 9.79264e-07
 9.79264e-07
 9.79264e-07
 9.79263e-07
 6.65036e-02
 6.34914e-02
 5.75852e-02
 4.92028e-02
 3.92500e-02
 2.88358e-02
 1.91237e-02
 1.10858e-02
 5.31322e-03
 2.02810e-03
 5.81250e-04
 1.14199e-04
 1.43317e-05
 1.83184e-06
 1.00419e-06
 9.79601e-07
 9.79275e-07
 9.79265e-07
 9.79264e-07
 9.79264e-07
 9.79264e-07
 9.79264e-07
 9.79264e-07
 9.79264e-07
 9.79264e-07
 9.79264e-07
 9.79264e-07
 9.79264e-07
 9.79264e-07
 9.79264e-07
 9.79264e-07
 9.79264e-07
 9.79264e-07
 9.79264e-07
 9.79264e-07
 9.79264e-07
 9.79264e-07
 9.79264e-07
 9.79264e-07
 9.79264e-07
 9.79264e-07
 9.79264e-07
 9.79264e-07
 9.79264e-07
 9.79264e-07
 9.79264e-07
 9.79264e-07
 9.79264e-07
 9.79264e-07
 9.79264e-07
 9.79264e-07
 9.79264e-07
 9.79264e-07
 9.79264e-07
 9.79264e-07
 9.79264e-07
 9.79264e-07
 9.79264e-07
 9.79264e-07
 9.79263e-07
 2.97087e-03
 2.68755e-03
 2.17845e-03
 1.55781e-03
 9.65405e-04
 5.05453e-04
 2.15914e-04
 7.18417e-05
 1.79813e-05
 3.76915e-06
 1.26519e-06
 9.95603e-07
 9.79768e-07
 9.79282e-07
 9.79266e-07
 9.79264e-07
 9.79264e-07
 9.79264e-07
 9.79264e-07
 9.79264e-07
 9.79264e-07
 9.79264e-07
 9.79264e-07
 9.79264e-07
 9.79264e-07
 9.79264e-07
 9.79264e-07
 9.79264e-07
 9.79264e-07
 9.79264e-07
 9.79264e-07
 9.79264e-07
 9.79264e-07
 9.79264e-07
 9.79264e-07
 9.79264e-07
 9.79264e-07
 9.79264e-07
 9.79264e-07
 9.79264e-07
 9.79264e-07
 9.79264e-07
 9.79264e-07
 9.79264e-07
 9.79264e-07
 9.79264e-07
 9.79264e-07
 9.79264e-07
 9.79264e-07
 9.79264e-07
 9.79264e-07
 9.79264e-07
 9.79264e-07
 9.79264e-07
 9.79264e-07
 9.79264e-07
 9.79264e-07
 9.79264e-07
 9.79264e-07
 9.79263e-07
 5.87865e-06
 5.01820e-06
 3.68290e-06
 2.41368e-06
 1.56568e-06
 1.15719e-06
 1.01747e-06
 9.84759e-07
 9.79780e-07
 9.79302e-07
 9.79268e-07
 9.79265e-07
 9.79264e-07
 9.79264e-07
 9.79264e-07
 9.79264e-07
 9.79264e-07
 9.79264e-07
 9.79264e-07
 9.79264e-07
 9.79264e-07
 9.79264e-07
 9.79264e-07
 9.79264e-07
 9.79264e-07
 9.79264e-07
 9.79264e-07
 9.79264e-07
 9.79264e-07
 9.79264e-07
 9.79264e-07
 9.79264e-07
 9.79264e-07
 9.79264e-07
 9.79264e-07
 9.79264e-07
 9.79264e-07
 9.79264e-07
 9.79264e-07
 9.79264e-07
 9.79264e-07
 9.79264e-07
 9.79264e-07
 9.79264e-07
 9.79264e-07
 9.79264e-07
 9.79264e-07
 9.79264e-07
 9.79264e-07
 9.79264e-07
 9.79264e-07
 9.79264e-07
 9.79264e-07
 9.79264e-07
 9.79264e-07
 9.79264e-07
 9.79264e-07
 9.79264e-07
 9.79264e-07
 9.79263e-07
 9.79313e-07
 9.79301e-07
 9.79285e-07
 9.79274e-07
 9.79268e-07
 9.79266e-07
 9.79265e-07
 9.79264e-07
 9.79264e-07
 9.79264e-07
 9.79264e-07
 9.79264e-07
 9.79264e-07
 9.79264e-07
 9.79264e-07
 9.79264e-07
 9.79264e-07
 9.79264e-07
 9.79264e-07
 9.79264e-07
 9.79264e-07
 9.79264e-07
 9.79264e-07
 9.79264e-07
 9.79264e-07
 9.79264e-07
 9.79264e-07
 9.79264e-07
 9.79264e-07
 9.79264e-07
 9.79264e-07
 9.79264e-07
 9.79264e-07
 9.79264e-07
 9.79264e-07
 9.79264e-07
 9.79264e-07
 9.79264e-07
 9.79264e-07
 9.79264e-07
 9.79264e-07
 9.79264e-07
 9.79264e-07
 9.79264e-07
 9.79264e-07
 9.79264e-07
 9.79264e-07
 9.79264e-07
 9.79264e-07
 9.79264e-07
 9.79264e-07
 9.79264e-07
 9.79264e-07
 9.79264e-07
 9.79264e-07
 9.79264e-07
 9.79264e-07
 9.79264e-07
 9.79264e-07
 9.79263e-07
 9.79264e-07
 9.79264e-07
 9.79264e-07
 9.79264e-07
 9.79264e-07
 9.79264e-07
 9.79264e-07
 9.79264e-07
 9.79264e-07
 9.79264e-07
 9.79264e-07
 9.79264e-07
 9.79264e-07
 9.79264e-07
 9.79264e-07
 9.79264e-07
 9.79264e-07
 9.79264e-07
 9.79264e-07
 9.79264e-07
 9.79264e-07
 9.79264e-07
 9.79264e-07
 9.79264e-07
 9.79264e-07
 9.79264e-07
 9.79264e-07
 9.79264e-07
 9.79264e-07
 9.79264e-07
 9.79264e-07
 9.79264e-07
 9.79264e-07
 9.79264e-07
 9.79264e-07
 9.79264e-07
 9.79264e-07
 9.79264e-07
 9.79264e-07
 9.79264e-07
 9.79264e-07
 9.79264e-07
 9.79264e-07
 9.79264e-07
 9.79264e-07
 9.79264e-07
 9.79264e-07
 9.79264e-07
 9.79264e-07
 9.79264e-07
 9.79264e-07
 9.79264e-07
 9.79264e-07
 9.79264e-07
 9.79264e-07
 9.79264e-07
 9.79264e-07
 9.79264e-07
 9.79264e-07
 9.79263e-07
 9.79264e-07
 9.79264e-07
 9.79264e-07
 9.79264e-07
 9.79264e-07
 9.79264e-07
 9.79264e-07
 9.79264e-07
 9.79264e-07
 9.79264e-07
 9.79264e-07
 9.79264e-07
 9.79264e-07
 9.79264e-07
 9.79264e-07
 9.79264e-07
 9.79264e-07
 9.79264e-07
 9.79264e-07
 9.79264e-07
 9.79264e-07
 9.79264e-07
 9.79264e-07
 9.79264e-07
 9.79264e-07
 9.79264e-07
 9.79264e-07
 9.79264e-07
 9.79264e-07
 9.79264e-07
 9.79264e-07
 9.79264e-07
 9.79264e-07
 9.79264e-07
 9.79264e-07
 9.79264e-07
 9.79264e-07
 9.79264e-07
 9.79264e-07
 9.79264e-07
 9.79264e-07
 9.79264e-07
 9.79264e-07
 9.79264e-07
 9.79264e-07
 9.79264e-07
 9.79264e-07
 9.79264e-07
 9.79264e-07
 9.79264e-07
 9.79264e-07
 9.79264e-07
 9.79264e-07
 9.79264e-07
 9.79264e-07
 9.79264e-07
 9.79264e-07
 9.79264e-07
 9.79264e-07
 9.79263e-07
 9.79264e-07
 9.79264e-07
 9.79264e-07
 9.79264e-07
 9.79264e-07
 9.79264e-07
 9.79264e-07
 9.79264e-07
 9.79264e-07
 9.79264e-07
 9.79264e-07
 9.79264e-07
 9.79264e-07
 9.79264e-07
 9.79264e-07
 9.79264e-07
 9.79264e-07
 9.79264e-07
 9.79264e-07
 9.79264e-07
 9.79264e-07
 9.79264e-07
 9.79264e-07
 9.79264e-07
 9.79264e-07
 9.79264e-07
 9.79264e-07
 9.79264e-07
 9.79264e-07
 9.79264e-07
 9.79264e-07
 9.79264e-07
 9.79264e-07
 9.79264e-07
 9.79264e-07
 9.79264e-07
 9.79264e-07
 9.79264e-07
 9.79264e-07
 9.79264e-07
 9.79264e-07
 9.79264e-07
 9.79264e-07
 9.79264e-07
 9.79264e-07
 9.79264e-07
 9.79264e-07
 9.79264e-07
 9.79264e-07
 9.79264e-07
 9.79264e-07
 9.79264e-07
 9.79264e-07
 9.79264e-07
 9.79264e-07
 9.79264e-07
 9.79264e-07
 9.79264e-07
 9.79264e-07
 9.79263e-07
 9.79264e-07
 9.79264e-07
 9.79264e-07
 9.79264e-07
 9.79264e-07
 9.79264e-07
 9.79264e-07
 9.79264e-07
 9.79264e-07
 9.79264e-07
 9.79264e-07
 9.79264e-07
 9.79264e-07
 9.79264e-07
 9.79264e-07
 9.79264e-07
 9.79264e-07
 9.79264e-07
 9.79264e-07
 9.79264e-07
 9.79264e-07
 9.79264e-07
 9.79264e-07
 9.79264e-07
 9.79264e-07
 9.79264e-07
 9.79264e-07
 9.79264e-07
 9.79264e-07
 9.79264e-07
 9.79264e-07
 9.79264e-07
 9.79264e-07
 9.79264e-07
 9.79264e-07
 9.79264e-07
 9.79264e-07
 9.79264e-07
 9.79264e-07
 9.79264e-07
 9.79264e-07
 9.79264e-07
 9.79264e-07
 9.79264e-07
 9.79264e-07
 9.79264e-07
 9.79264e-07
 9.79264e-07
 9.79264e-07
 9.79264e-07
 9.79264e-07
 9.79264e-07
 9.79264e-07
 9.79264e-07
 9.79264e-07
 9.79264e-07
 9.79264e-07
 9.79264e-07
 9.79264e-07
 9.79263e-07
 9.79264e-07
 9.79264e-07
 9.79264e-07
 9.79264e-07
 9.79264e-07
 9.79264e-07
 9.79264e-07
 9.79264e-07
 9.79264e-07
 9.79264e-07
 9.79264e-07
 9.79264e-07
 9.79264e-07
 9.79264e-07
 9.79264e-07
 9.79264e-07
 9.79264e-07
 9.79264e-07
 9.79264e-07
 9.79264e-07
 9.79264e-07
 9.79264e-07
 9.79264e-07
 9.79264e-07
 9.79264e-07
 9.79264e-07
 9.79264e-07
 9.79264e-07
 9.79264e-07
 9.79264e-07
 9.79264e-07
 9.79264e-07
 9.79264e-07
 9.79264e-07
 9.79264e-07
 9.79264e-07
 9.79264e-07
 9.79264e-07
 9.79264e-07
 9.79264e-07
 9.79264e-07
 9.79264e-07
 9.79264e-07
 9.79264e-07
 9.79264e-07
 9.79264e-07
 9.79264e-07
 9.79264e-07
 9.79264e-07
 9.79264e-07
 9.79264e-07
 9.79264e-07
 9.79264e-07
 9.79264e-07
 9.79264e-07
 9.79264e-07
 9.79264e-07
 9.79264e-07
 9.79264e-07
 9.79263e-07
 9.79264e-07
 9.79264e-07
 9.79264e-07
 9.79264e-07
 9.79264e-07
 9.79264e-07
 9.79264e-07
 9.79264e-07
 9.79264e-07
 9.79264e-07
 9.79264e-07
 9.79264e-07
 9.79264e-07
 9.79264e-07
 9.79264e-07
 9.79264e-07
 9.79264e-07
 9.79264e-07
 9.79264e-07
 9.79264e-07
 9.79264e-07
 9.79264e-07
 9.79264e-07
 9.79264e-07
 9.79264e-07
 9.79264e-07
 9.79264e-07
 9.79264e-07
 9.79264e-07
 9.79264e-07
 9.79264e-07
 9.79264e-07
 9.79264e-07
 9.79264e-07
 9.79264e-07
 9.79264e-07
 9.79264e-07
 9.79264e-07
 9.79264e-07
 9.79264e-07
 9.79264e-07
 9.79264e-07
 9.79264e-07
 9.79264e-07
 9.79264e-07
 9.79264e-07
 9.79264e-07
 9.79264e-07
 9.79264e-07
 9.79264e-07
 9.79264e-07
 9.79264e-07
 9.79264e-07
 9.79264e-07
 9.79264e-07
 9.79264e-07
 9.79264e-07
 9.79264e-07
 9.79264e-07
 9.79263e-07
 9.79264e-07
 9.79264e-07
 9.79264e-07
 9.79264e-07
 9.79264e-07
 9.79264e-07
 9.79264e-07
 9.79264e-07
 9.79264e-07
 9.79264e-07
 9.79264e-07
 9.79264e-07
 9.79264e-07
 9.79264e-07
 9.79264e-07
 9.79264e-07
 9.79264e-07
 9.79264e-07
 9.79264e-07
 9.79264e-07
 9.79264e-07
 9.79264e-07
 9.79264e-07
 9.79264e-07
 9.79264e-07
 9.79264e-07
 9.79264e-07
 9.79264e-07
 9.79264e-07
 9.79264e-07
 9.79264e-07
 9.79264e-07
 9.79264e-07
 9.79264e-07
 9.79264e-07
 9.79264e-07
 9.79264e-07
 9.79264e-07
 9.79264e-07
 9.79264e-07
 9.79264e-07
 9.79264e-07
 9.79264e-07
 9.79264e-07
 9.79264e-07
 9.79264e-07
 9.79264e-07
 9.79264e-07
 9.79264e-07
 9.79264e-07
 9.79264e-07
 9.79264e-07
 9.79264e-07
 9.79264e-07
 9.79264e-07
 9.79264e-07
 9.79264e-07
 9.79264e-07
 9.79264e-07
 9.79263e-07
 9.79264e-07
 9.79264e-07
 9.79264e-07
 9.79264e-07
 9.79264e-07
 9.79264e-07
 9.79264e-07
 9.79264e-07
 9.79264e-07
 9.79264e-07
 9.79264e-07
 9.79264e-07
 9.79264e-07
 9.79264e-07
 9.79264e-07
 9.79264e-07
 9.79264e-07
 9.79264e-07
 9.79264e-07
 9.79264e-07
 9.79264e-07
 9.79264e-07
 9.79264e-07
 9.79264e-07
 9.79264e-07
 9.79264e-07
 9.79264e-07
 9.79264e-07
 9.79264e-07
 9.79264e-07
 9.79264e-07
 9.79264e-07
 9.79264e-07
 9.79264e-07
 9.79264e-07
 9.79264e-07
 9.79264e-07
 9.79264e-07
 9.79264e-07
 9.79264e-07
 9.79264e-07
 9.79264e-07
 9.79264e-07
 9.79264e-07
 9.79264e-07
 9.79264e-07
 9.79264e-07
 9.79264e-07
 9.79264e-07
 9.79264e-07
 9.79264e-07
 9.79264e-07
 9.79264e-07
 9.79264e-07
 9.79264e-07
 9.79264e-07
 9.79264e-07
 9.79264e-07
 9.79264e-07
 9.79263e-07
 9.79264e-07
 9.79264e-07
 9.79264e-07
 9.79264e-07
 9.79264e-07
 9.79264e-07
 9.79264e-07
 9.79264e-07
 9.79264e-07
 9.79264e-07
 9.79264e-07
 9.79264e-07
 9.79264e-07
 9.79264e-07
 9.79264e-07
 9.79264e-07
 9.79264e-07
 9.79264e-07
 9.79264e-07
 9.79264e-07
 9.79264e-07
 9.79264e-07
 9.79264e-07
 9.79264e-07
 9.79264e-07
 9.79264e-07
 9.79264e-07
 9.79264e-07
 9.79264e-07
 9.79264e-07
 9.79264e-07
 9.79264e-07
 9.79264e-07
 9.79264e-07
 9.79264e-07
 9.79264e-07
 9.79264e-07
 9.79264e-07
 9.79264e-07
 9.79264e-07
 9.79264e-07
 9.79264e-07
 9.79264e-07
 9.79264e-07
 9.79264e-07
 9.79264e-07
 9.79264e-07
 9.79264e-07
 9.79264e-07
 9.79264e-07
 9.79264e-07
 9.79264e-07
 9.79264e-07
 9.79264e-07
 9.79264e-07
 9.79264e-07
 9.79264e-07
 9.79264e-07
 9.79264e-07
 9.79263e-07
 9.79264e-07
 9.79264e-07
 9.79264e-07
 9.79264e-07
 9.79264e-07
 9.79264e-07
 9.79264e-07
 9.79264e-07
 9.79264e-07
 9.79264e-07
 9.79264e-07
 9.79264e-07
 9.79264e-07
 9.79264e-07
 9.79264e-07
 9.79264e-07
 9.79264e-07
 9.79264e-07
 9.79264e-07
 9.79264e-07
 9.79264e-07
 9.79264e-07
 9.79264e-07
 9.79264e-07
 9.79264e-07
 9.79264e-07
 9.79264e-07
 9.79264e-07
 9.79264e-07
 9.79264e-07
 9.79264e-07
 9.79264e-07
 9.79264e-07
 9.79264e-07
 9.79264e-07
 9.79264e-07
 9.79264e-07
 9.79264e-07
 9.79264e-07
 9.79264e-07
 9.79264e-07
 9.79264e-07
 9.79264e-07
 9.79264e-07
 9.79264e-07
 9.79264e-07
 9.79264e-07
 9.79264e-07
 9.79264e-07
 9.79264e-07
 9.79264e-07
 9.79264e-07
 9.79264e-07
 9.79264e-07
 9.79264e-07
 9.79264e-07
 9.79264e-07
 9.79264e-07
 9.79264e-07
 9.79263e-07
 9.79264e-07
 9.79264e-07
 9.79264e-07
 9.79264e-07
 9.79264e-07
 9.79264e-07
 9.79264e-07
 9.79264e-07
 9.79264e-07
 9.79264e-07
 9.79264e-07
 9.79264e-07
 9.79264e-07
 9.79264e-07
 9.79264e-07
 9.79264e-07
 9.79264e-07
 9.79264e-07
 9.79264e-07
 9.79264e-07
 9.79264e-07
 9.79264e-07
 9.79264e-07
 9.79264e-07
 9.79264e-07
 9.79264e-07
 9.79264e-07
 9.79264e-07
 9.79264e-07
 9.79264e-07
 9.79264e-07
 9.79264e-07
 9.79264e-07
 9.79264e-07
 9.79264e-07
 9.79264e-07
 9.79264e-07
 9.79264e-07
 9.79264e-07
 9.79264e-07
 9.79264e-07
 9.79264e-07
 9.79264e-07
 9.79264e-07
 9.79264e-07
 9.79264e-07
 9.79264e-07
 9.79264e-07
 9.79264e-07
 9.79264e-07
 9.79264e-07
 9.79264e-07
 9.79264e-07
 9.79264e-07
 9.79264e-07
 9.79264e-07
 9.79264e-07
 9.79264e-07
 9.79264e-07
 9.79263e-07
 9.79264e-07
 9.79264e-07
 9.79264e-07
 9.79264e-07
 9.79264e-07
 9.79264e-07
 9.79264e-07
 9.79264e-07
 9.79264e-07
 9.79264e-07
 9.79264e-07
 9.79264e-07
 9.79264e-07
 9.79264e-07
 9.79264e-07
 9.79264e-07
 9.79264e-07
 9.79264e-07
 9.79264e-07
 9.79264e-07
 9.79264e-07
 9.79264e-07
 9.79264e-07
 9.79264e-07
 9.79264e-07
 9.79264e-07
 9.79264e-07
 9.79264e-07
 9.79264e-07
 9.79264e-07
 9.79264e-07
 9.79264e-07
 9.79264e-07
 9.79264e-07
 9.79264e-07
 9.79264e-07
 9.79264e-07
 9.79264e-07
 9.79264e-07
 9.79264e-07
 9.79264e-07
 9.79264e-07
 9.79264e-07
 9.79264e-07
 9.79264e-07
 9.79264e-07
 9.79264e-07
 9.79264e-07
 9.79264e-07
 9.79264e-07
 9.79264e-07
 9.79264e-07
 9.79264e-07
 9.79264e-07
 9.79264e-07
 9.79264e-07
 9.79264e-07
 9.79264e-07
 9.79264e-07
 9.79263e-07
 9.79264e-07
 9.79264e-07
 9.79264e-07
 9.79264e-07
 9.79264e-07
 9.79264e-07
 9.79264e-07
 9.79264e-07
 9.79264e-07
 9.79264e-07
 9.79264e-07
 9.79264e-07
 9.79264e-07
 9.79264e-07
 9.79264e-07
 9.79264e-07
 9.79264e-07
 9.79264e-07
 9.79264e-07
 9.79264e-07
 9.79264e-07
 9.79264e-07
 9.79264e-07
 9.79264e-07
 9.79264e-07
 9.79264e-07
 9.79264e-07
 9.79264e-07
 9.79264e-07
 9.79264e-07
 9.79264e-07
 9.79264e-07
 9.79264e-07
 9.79264e-07
 9.79264e-07
 9.79264e-07
 9.79264e-07
 9.79264e-07
 9.79264e-07
 9.79264e-07
 9.79264e-07
 9.79264e-07
 9.79264e-07
 9.79264e-07
 9.79264e-07
 9.79264e-07
 9.79264e-07
 9.79264e-07
 9.79264e-07
 9.79264e-07
 9.79264e-07
 9.79264e-07
 9.79264e-07
 9.79264e-07
 9.79264e-07
 9.79264e-07
 9.79264e-07
 9.79264e-07
 9.79264e-07
 9.79263e-07
 9.79264e-07
 9.79264e-07
 9.79264e-07
 9.79264e-07
 9.79264e-07
 9.79264e-07
 9.79264e-07
 9.79264e-07
 9.79264e-07
 9.79264e-07
 9.79264e-07
 9.79264e-07
 9.79264e-07
 9.79264e-07
 9.79264e-07
 9.79264e-07
 9.79264e-07
 9.79264e-07
 9.79264e-07
 9.79264e-07
 9.79264e-07
 9.79264e-07
 9.79264e-07
 9.79264e-07
 9.79264e-07
 9.79264e-07
 9.79264e-07
 9.79264e-07
 9.79264e-07
 9.79264e-07
 9.79264e-07
 9.79264e-07
 9.79264e-07
 9.79264e-07
 9.79264e-07
 9.79264e-07
 9.79264e-07
 9.79264e-07
 9.79264e-07
 9.79264e-07
 9.79264e-07
 9.79264e-07
 9.79264e-07
 9.79264e-07
 9.79264e-07
 9.79264e-07
 9.79264e-07
 9.79264e-07
 9.79264e-07
 9.79264e-07
 9.79264e-07
 9.79264e-07
 9.79264e-07
 9.79264e-07
 9.79264e-07
 9.79264e-07
 9.79264e-07
 9.79264e-07
 9.79264e-07
 9.79263e-07
 9.79264e-07
 9.79264e-07
 9.79264e-07
 9.79264e-07
 9.79264e-07
 9.79264e-07
 9.79264e-07
 9.79264e-07
 9.79264e-07
 9.79264e-07
 9.79264e-07
 9.79264e-07
 9.79264e-07
 9.79264e-07
 9.79264e-07
 9.79264e-07
 9.79264e-07
 9.79264e-07
 9.79264e-07
 9.79264e-07
 9.79264e-07
 9.79264e-07
 9.79264e-07
 9.79264e-07
 9.79264e-07
 9.79264e-07
 9.79264e-07
 9.79264e-07
 9.79264e-07
 9.79264e-07
 9.79264e-07
 9.79264e-07
 9.79264e-07
 9.79264e-07
 9.79264e-07
 9.79264e-07
 9.79264e-07
 9.79264e-07
 9.79264e-07
 9.79264e-07
 9.79264e-07
 9.79264e-07
 9.79264e-07
 9.79264e-07
 9.79264e-07
 9.79264e-07
 9.79264e-07
 9.79264e-07
 9.79264e-07
 9.79264e-07
 9.79264e-07
 9.79264e-07
 9.79264e-07
 9.79264e-07
 9.79264e-07
 9.79264e-07
 9.79264e-07
 9.79264e-07
 9.79264e-07
 9.79263e-07
 9.79264e-07
 9.79264e-07
 9.79264e-07
 9.79264e-07
 9.79264e-07
 9.79264e-07
 9.79264e-07
 9.79264e-07
 9.79264e-07
 9.79264e-07
 9.79264e-07
 9.79264e-07
 9.79264e-07
 9.79264e-07
 9.79264e-07
 9.79264e-07
 9.79264e-07
 9.79264e-07
 9.79264e-07
 9.79264e-07
 9.79264e-07
 9.79264e-07
 9.79264e-07
 9.79264e-07
 9.79264e-07
 9.79264e-07
 9.79264e-07
 9.79264e-07
 9.79264e-07
 9.79264e-07
 9.79264e-07
 9.79264e-07
 9.79264e-07
 9.79264e-07
 9.79264e-07
 9.79264e-07
 9.79264e-07
 9.79264e-07
 9.79264e-07
 9.79264e-07
 9.79264e-07
 9.79264e-07
 9.79264e-07
 9.79264e-07
 9.79264e-07
 9.79264e-07
 9.79264e-07
 9.79264e-07
 9.79264e-07
 9.79264e-07
 9.79264e-07
 9.79264e-07
 9.79264e-07
 9.79264e-07
 9.79264e-07
 9.79264e-07
 9.79264e-07
 9.79264e-07
 9.79264e-07
 9.79263e-07
 9.79263e-07
 9.79263e-07
 9.79263e-07
 9.79263e-07
 9.79263e-07
 9.79263e-07
 9.79263e-07
 9.79263e-07
 9.79263e-07
 9.79263e-07
 9.79263e-07
 9.79263e-07
 9.79263e-07
 9.79263e-07
 9.79263e-07
 9.79263e-07
 9.79263e-07
 9.79263e-07
 9.79263e-07
 9.79263e-07
 9.79263e-07
 9.79263e-07
 9.79263e-07
 9.79263e-07
 9.79263e-07
 9.79263e-07
 9.79263e-07
 9.79263e-07
 9.79263e-07
 9.79263e-07
 9.79263e-07
 9.79263e-07
 9.79263e-07
 9.79263e-07
 9.79263e-07
 9.79263e-07
 9.79263e-07
 9.79263e-07
 9.79263e-07
 9.79263e-07
 9.79263e-07
 9.79263e-07
 9.79263e-07
 9.79263e-07
 9.79263e-07
 9.79263e-07
 9.79263e-07
 9.79263e-07
 9.79263e-07
 9.79263e-07
 9.79263e-07
 9.79263e-07
 9.79263e-07
 9.79263e-07
 9.79263e-07
 9.79263e-07
 9.79263e-07
 9.79263e-07
 9.79263e-07
 9.79262e-07
