Materiau
part
         1
quad4
 7.62842e-01
 6.47735e-01
 6.43870e-01
 6.32096e-01
 6.25538e-01
 6.06959e-01
 5.81724e-01
 5.79594e-01
 5.86777e-01
 5.53377e-01
 5.44646e-01
 5.34672e-01
 5.24591e-01
 5.17869e-01
 5.09462e-01
 5.02269e-01
 4.94108e-01
 4.86150e-01
 4.77631e-01
 4.68891e-01
 4.59770e-01
 4.50334e-01
 4.40569e-01
 4.30481e-01
 4.20079e-01
 4.09360e-01
 3.98332e-01
 3.86994e-01
 3.75350e-01
 3.63401e-01
 3.51148e-01
 3.38591e-01
 3.25730e-01
 3.12560e-01
 2.99076e-01
 2.85269e-01
 2.71124e-01
 2.56620e-01
 2.41729e-01
 2.26410e-01
 2.10604e-01
 1.94207e-01
 1.77070e-01
 1.59007e-01
 1.39838e-01
 1.19435e-01
 9.78027e-02
 7.52925e-02
 5.29405e-02
 3.23475e-02
 1.56364e-02
 4.91743e-03
 6.61919e-04
 1.46403e-05
 2.56149e-08
 0.00000e+00
 0.00000e+00
 0.00000e+00
 0.00000e+00
 0.00000e+00
 6.47725e-01
 6.45003e-01
 6.44287e-01
 6.38496e-01
 6.26407e-01
 6.24117e-01
 5.84867e-01
 5.93416e-01
 5.97069e-01
 5.72107e-01
 5.65678e-01
 5.56036e-01
 5.45566e-01
 5.35916e-01
 5.23745e-01
 5.11460e-01
 4.97611e-01
 4.83848e-01
 4.69841e-01
 4.56237e-01
 4.42844e-01
 4.29821e-01
 4.17082e-01
 4.04585e-01
 3.92263e-01
 3.80060e-01
 3.67933e-01
 3.55839e-01
 3.43743e-01
 3.31612e-01
 3.19420e-01
 3.07138e-01
 2.94744e-01
 2.82214e-01
 2.69526e-01
 2.56653e-01
 2.43571e-01
 2.30246e-01
 2.16641e-01
 2.02709e-01
 1.88386e-01
 1.73569e-01
 1.58116e-01
 1.41854e-01
 1.24620e-01
 1.06300e-01
 8.69054e-02
 6.67620e-02
 4.68108e-02
 2.84899e-02
 1.36877e-02
 4.25893e-03
 5.61034e-04
 1.19175e-05
 1.98873e-08
 0.00000e+00
 0.00000e+00
 0.00000e+00
 0.00000e+00
 0.00000e+00
 6.43867e-01
 6.44285e-01
 6.45155e-01
 6.46163e-01
 6.38650e-01
 6.39108e-01
 6.07571e-01
 6.07553e-01
 5.99569e-01
 5.68872e-01
 5.66718e-01
 5.49605e-01
 5.39374e-01
 5.26157e-01
 5.13254e-01
 5.00240e-01
 4.87077e-01
 4.74091e-01
 4.60988e-01
 4.47998e-01
 4.35087e-01
 4.22299e-01
 4.09627e-01
 3.97083e-01
 3.84671e-01
 3.72367e-01
 3.60151e-01
 3.47991e-01
 3.35862e-01
 3.23736e-01
 3.11586e-01
 2.99387e-01
 2.87114e-01
 2.74742e-01
 2.62247e-01
 2.49601e-01
 2.36776e-01
 2.23738e-01
 2.10445e-01
 1.96851e-01
 1.82888e-01
 1.68452e-01
 1.53400e-01
 1.37559e-01
 1.20770e-01
 1.02917e-01
 8.40158e-02
 6.43959e-02
 4.49895e-02
 2.72157e-02
 1.29312e-02
 3.93947e-03
 4.96455e-04
 9.72045e-06
 1.47771e-08
 0.00000e+00
 0.00000e+00
 0.00000e+00
 0.00000e+00
 0.00000e+00
 6.32097e-01
 6.38496e-01
 6.46163e-01
 6.47828e-01
 6.40227e-01
 6.40966e-01
 6.25063e-01
 6.27489e-01
 6.15054e-01
 5.91388e-01
 5.80447e-01
 5.56292e-01
 5.41338e-01
 5.23020e-01
 5.07314e-01
 4.92194e-01
 4.77619e-01
 4.63705e-01
 4.50041e-01
 4.36756e-01
 4.23680e-01
 4.10859e-01
 3.98226e-01
 3.85777e-01
 3.73477e-01
 3.61305e-01
 3.49232e-01
 3.37233e-01
 3.25282e-01
 3.13353e-01
 3.01423e-01
 2.89465e-01
 2.77458e-01
 2.65375e-01
 2.53192e-01
 2.40880e-01
 2.28410e-01
 2.15746e-01
 2.02847e-01
 1.89663e-01
 1.76125e-01
 1.62129e-01
 1.47529e-01
 1.32158e-01
 1.15862e-01
 9.85298e-02
 8.01935e-02
 6.11960e-02
 4.24730e-02
 2.54270e-02
 1.18649e-02
 3.49498e-03
 4.10258e-04
 7.08205e-06
 9.35213e-09
 0.00000e+00
 0.00000e+00
 0.00000e+00
 0.00000e+00
 0.00000e+00
 6.25538e-01
 6.26407e-01
 6.38650e-01
 6.40227e-01
 6.40649e-01
 6.40012e-01
 6.35745e-01
 6.31233e-01
 6.21266e-01
 6.03481e-01
 5.86193e-01
 5.64160e-01
 5.46348e-01
 5.25934e-01
 5.08745e-01
 4.91070e-01
 4.75216e-01
 4.59756e-01
 4.45185e-01
 4.31008e-01
 4.17346e-01
 4.04009e-01
 3.91011e-01
 3.78266e-01
 3.65757e-01
 3.53433e-01
 3.41267e-01
 3.29223e-01
 3.17272e-01
 3.05386e-01
 2.93534e-01
 2.81690e-01
 2.69827e-01
 2.57919e-01
 2.45936e-01
 2.33849e-01
 2.21626e-01
 2.09228e-01
 1.96612e-01
 1.83726e-01
 1.70499e-01
 1.56822e-01
 1.42550e-01
 1.27518e-01
 1.11577e-01
 9.46201e-02
 7.66982e-02
 5.81792e-02
 4.00146e-02
 2.36096e-02
 1.07385e-02
 3.01578e-03
 3.19332e-04
 4.63556e-06
 5.06149e-09
 0.00000e+00
 0.00000e+00
 0.00000e+00
 0.00000e+00
 0.00000e+00
 6.06959e-01
 6.24117e-01
 6.39108e-01
 6.40966e-01
 6.40012e-01
 6.38127e-01
 6.33164e-01
 6.25672e-01
 6.13250e-01
 5.95934e-01
 5.75677e-01
 5.55631e-01
 5.35306e-01
 5.16771e-01
 4.98905e-01
 4.82442e-01
 4.66586e-01
 4.51425e-01
 4.36774e-01
 4.22653e-01
 4.08940e-01
 3.95622e-01
 3.82615e-01
 3.69902e-01
 3.57424e-01
 3.45158e-01
 3.33060e-01
 3.21104e-01
 3.09258e-01
 2.97492e-01
 2.85780e-01
 2.74092e-01
 2.62404e-01
 2.50685e-01
 2.38908e-01
 2.27042e-01
 2.15053e-01
 2.02903e-01
 1.90547e-01
 1.77931e-01
 1.64980e-01
 1.51584e-01
 1.37598e-01
 1.22857e-01
 1.07221e-01
 9.05878e-02
 7.30326e-02
 5.49608e-02
 3.73476e-02
 2.16121e-02
 9.49757e-03
 2.50168e-03
 2.29410e-04
 2.67038e-06
 2.29202e-09
 0.00000e+00
 0.00000e+00
 0.00000e+00
 0.00000e+00
 0.00000e+00
 5.81724e-01
 5.84867e-01
 6.07571e-01
 6.25063e-01
 6.35745e-01
 6.33164e-01
 6.27308e-01
 6.18171e-01
 6.05239e-01
 5.88158e-01
 5.70214e-01
 5.49666e-01
 5.30543e-01
 5.11249e-01
 4.93350e-01
 4.76108e-01
 4.59876e-01
 4.44281e-01
 4.29405e-01
 4.15044e-01
 4.01207e-01
 3.87771e-01
 3.74720e-01
 3.61977e-01
 3.49514e-01
 3.37280e-01
 3.25243e-01
 3.13368e-01
 3.01621e-01
 2.89974e-01
 2.78395e-01
 2.66858e-01
 2.55333e-01
 2.43792e-01
 2.32206e-01
 2.20542e-01
 2.08767e-01
 1.96839e-01
 1.84714e-01
 1.72335e-01
 1.59626e-01
 1.46472e-01
 1.32727e-01
 1.18229e-01
 1.02846e-01
 8.64842e-02
 6.92461e-02
 5.15896e-02
 3.45205e-02
 1.94821e-02
 8.18723e-03
 1.98254e-03
 1.50647e-04
 1.33540e-06
 8.53942e-10
 0.00000e+00
 0.00000e+00
 0.00000e+00
 0.00000e+00
 0.00000e+00
 5.79594e-01
 5.93416e-01
 6.07553e-01
 6.27489e-01
 6.31233e-01
 6.25672e-01
 6.18171e-01
 6.06513e-01
 5.92397e-01
 5.75050e-01
 5.56824e-01
 5.37882e-01
 5.19182e-01
 5.01033e-01
 4.83563e-01
 4.66908e-01
 4.50897e-01
 4.35605e-01
 4.20849e-01
 4.06657e-01
 3.92902e-01
 3.79578e-01
 3.66602e-01
 3.53954e-01
 3.41576e-01
 3.29440e-01
 3.17505e-01
 3.05742e-01
 2.94118e-01
 2.82602e-01
 2.71167e-01
 2.59782e-01
 2.48422e-01
 2.37054e-01
 2.25651e-01
 2.14179e-01
 2.02603e-01
 1.90882e-01
 1.78968e-01
 1.66805e-01
 1.54311e-01
 1.41370e-01
 1.27834e-01
 1.13543e-01
 9.83735e-02
 8.22443e-02
 6.52919e-02
 4.80398e-02
 3.15313e-02
 1.72403e-02
 6.84321e-03
 1.48627e-03
 8.90720e-05
 5.68903e-07
 2.55168e-10
 0.00000e+00
 0.00000e+00
 0.00000e+00
 0.00000e+00
 0.00000e+00
 5.86777e-01
 5.97069e-01
 5.99569e-01
 6.15054e-01
 6.21266e-01
 6.13250e-01
 6.05239e-01
 5.92397e-01
 5.78102e-01
 5.61201e-01
 5.43785e-01
 5.25619e-01
 5.07807e-01
 4.90263e-01
 4.73407e-01
 4.57104e-01
 4.41487e-01
 4.26413e-01
 4.11923e-01
 3.97899e-01
 3.84337e-01
 3.71156e-01
 3.58337e-01
 3.45821e-01
 3.33583e-01
 3.21580e-01
 3.09782e-01
 2.98158e-01
 2.86675e-01
 2.75309e-01
 2.64026e-01
 2.52802e-01
 2.41606e-01
 2.30412e-01
 2.19187e-01
 2.07899e-01
 1.96512e-01
 1.84984e-01
 1.73266e-01
 1.61301e-01
 1.49001e-01
 1.36248e-01
 1.22890e-01
 1.08773e-01
 9.37820e-02
 7.78546e-02
 6.11665e-02
 4.43205e-02
 2.84051e-02
 1.49262e-02
 5.51232e-03
 1.04126e-03
 4.64782e-05
 2.01997e-07
 0.00000e+00
 0.00000e+00
 0.00000e+00
 0.00000e+00
 0.00000e+00
 0.00000e+00
 5.53377e-01
 5.72107e-01
 5.68872e-01
 5.91388e-01
 6.03481e-01
 5.95934e-01
 5.88158e-01
 5.75050e-01
 5.61201e-01
 5.44919e-01
 5.28467e-01
 5.11461e-01
 4.94666e-01
 4.78145e-01
 4.62027e-01
 4.46436e-01
 4.31309e-01
 4.16705e-01
 4.02540e-01
 3.88830e-01
 3.75503e-01
 3.62552e-01
 3.49922e-01
 3.37592e-01
 3.25521e-01
 3.13682e-01
 3.02044e-01
 2.90576e-01
 2.79253e-01
 2.68043e-01
 2.56923e-01
 2.45862e-01
 2.34836e-01
 2.23812e-01
 2.12763e-01
 2.01653e-01
 1.90447e-01
 1.79102e-01
 1.67568e-01
 1.55785e-01
 1.43661e-01
 1.31071e-01
 1.17866e-01
 1.03895e-01
 8.90500e-02
 7.32998e-02
 5.68667e-02
 4.04431e-02
 2.51717e-02
 1.25864e-02
 4.24448e-03
 6.70348e-04
 2.08650e-05
 5.82274e-08
 0.00000e+00
 0.00000e+00
 0.00000e+00
 0.00000e+00
 0.00000e+00
 0.00000e+00
 5.44646e-01
 5.65678e-01
 5.66718e-01
 5.80447e-01
 5.86193e-01
 5.75677e-01
 5.70214e-01
 5.56824e-01
 5.43785e-01
 5.28467e-01
 5.12994e-01
 4.97051e-01
 4.81201e-01
 4.65540e-01
 4.50212e-01
 4.35246e-01
 4.20700e-01
 4.06548e-01
 3.92808e-01
 3.79434e-01
 3.66423e-01
 3.53733e-01
 3.41349e-01
 3.29234e-01
 3.17367e-01
 3.05718e-01
 2.94260e-01
 2.82970e-01
 2.71816e-01
 2.60778e-01
 2.49825e-01
 2.38936e-01
 2.28078e-01
 2.17227e-01
 2.06349e-01
 1.95414e-01
 1.84382e-01
 1.73211e-01
 1.61851e-01
 1.50235e-01
 1.38268e-01
 1.25822e-01
 1.12743e-01
 9.88913e-02
 8.41636e-02
 6.85712e-02
 5.23972e-02
 3.64282e-02
 2.18708e-02
 1.02770e-02
 3.09094e-03
 3.86836e-04
 7.80123e-06
 1.32143e-08
 0.00000e+00
 0.00000e+00
 0.00000e+00
 0.00000e+00
 0.00000e+00
 0.00000e+00
 5.34672e-01
 5.56036e-01
 5.49605e-01
 5.56292e-01
 5.64160e-01
 5.55631e-01
 5.49666e-01
 5.37882e-01
 5.25619e-01
 5.11461e-01
 4.97051e-01
 4.82201e-01
 4.67340e-01
 4.52572e-01
 4.38012e-01
 4.23738e-01
 4.09766e-01
 3.96129e-01
 3.82815e-01
 3.69828e-01
 3.57145e-01
 3.44757e-01
 3.32637e-01
 3.20767e-01
 3.09124e-01
 2.97683e-01
 2.86425e-01
 2.75321e-01
 2.64353e-01
 2.53491e-01
 2.42716e-01
 2.31998e-01
 2.21314e-01
 2.10633e-01
 1.99927e-01
 1.89161e-01
 1.78298e-01
 1.67293e-01
 1.56096e-01
 1.44634e-01
 1.32808e-01
 1.20482e-01
 1.07505e-01
 9.37463e-02
 7.91117e-02
 6.36637e-02
 4.77687e-02
 3.23048e-02
 1.85517e-02
 8.06265e-03
 2.09924e-03
 1.91858e-04
 2.34213e-06
 2.28862e-09
 0.00000e+00
 0.00000e+00
 0.00000e+00
 0.00000e+00
 0.00000e+00
 0.00000e+00
 5.24591e-01
 5.45566e-01
 5.39374e-01
 5.41338e-01
 5.46348e-01
 5.35306e-01
 5.30543e-01
 5.19182e-01
 5.07807e-01
 4.94666e-01
 4.81201e-01
 4.67340e-01
 4.53367e-01
 4.39433e-01
 4.25619e-01
 4.12000e-01
 3.98617e-01
 3.85488e-01
 3.72631e-01
 3.60040e-01
 3.47715e-01
 3.35642e-01
 3.23809e-01
 3.12200e-01
 3.00796e-01
 2.89582e-01
 2.78531e-01
 2.67630e-01
 2.56851e-01
 2.46177e-01
 2.35580e-01
 2.25040e-01
 2.14528e-01
 2.04020e-01
 1.93482e-01
 1.82883e-01
 1.72182e-01
 1.61337e-01
 1.50291e-01
 1.38970e-01
 1.27265e-01
 1.15037e-01
 1.02138e-01
 8.84459e-02
 7.38856e-02
 5.85779e-02
 4.29983e-02
 2.81125e-02
 1.52752e-02
 6.01455e-03
 1.30060e-03
 7.93144e-05
 5.49519e-07
 2.90643e-10
 0.00000e+00
 0.00000e+00
 0.00000e+00
 0.00000e+00
 0.00000e+00
 0.00000e+00
 5.17869e-01
 5.35916e-01
 5.26157e-01
 5.23020e-01
 5.25934e-01
 5.16771e-01
 5.11249e-01
 5.01033e-01
 4.90263e-01
 4.78145e-01
 4.65540e-01
 4.52572e-01
 4.39433e-01
 4.26262e-01
 4.13150e-01
 4.00161e-01
 3.87342e-01
 3.74721e-01
 3.62312e-01
 3.50127e-01
 3.38164e-01
 3.26419e-01
 3.14885e-01
 3.03547e-01
 2.92398e-01
 2.81414e-01
 2.70587e-01
 2.59890e-01
 2.49312e-01
 2.38826e-01
 2.28415e-01
 2.18053e-01
 2.07717e-01
 1.97377e-01
 1.87007e-01
 1.76569e-01
 1.66026e-01
 1.55331e-01
 1.44427e-01
 1.33232e-01
 1.21628e-01
 1.09475e-01
 9.66275e-02
 8.29763e-02
 6.84783e-02
 5.33217e-02
 3.81120e-02
 2.39032e-02
 1.21153e-02
 4.20639e-03
 7.13668e-04
 2.64319e-05
 9.69792e-08
 0.00000e+00
 0.00000e+00
 0.00000e+00
 0.00000e+00
 0.00000e+00
 0.00000e+00
 0.00000e+00
 5.09462e-01
 5.23745e-01
 5.13254e-01
 5.07314e-01
 5.08745e-01
 4.98905e-01
 4.93350e-01
 4.83563e-01
 4.73407e-01
 4.62027e-01
 4.50212e-01
 4.38012e-01
 4.25619e-01
 4.13150e-01
 4.00683e-01
 3.88291e-01
 3.76010e-01
 3.63880e-01
 3.51915e-01
 3.40132e-01
 3.28531e-01
 3.17120e-01
 3.05886e-01
 2.94831e-01
 2.83935e-01
 2.73196e-01
 2.62590e-01
 2.52111e-01
 2.41731e-01
 2.31442e-01
 2.21216e-01
 2.11035e-01
 2.00872e-01
 1.90702e-01
 1.80495e-01
 1.70215e-01
 1.59822e-01
 1.49270e-01
 1.38495e-01
 1.27408e-01
 1.15884e-01
 1.03781e-01
 9.09606e-02
 7.73252e-02
 6.28843e-02
 4.79112e-02
 3.31480e-02
 1.97440e-02
 9.15978e-03
 2.70598e-03
 3.31867e-04
 6.72379e-06
 1.22651e-08
 0.00000e+00
 0.00000e+00
 0.00000e+00
 0.00000e+00
 0.00000e+00
 0.00000e+00
 0.00000e+00
 5.02269e-01
 5.11460e-01
 5.00240e-01
 4.92194e-01
 4.91070e-01
 4.82442e-01
 4.76108e-01
 4.66908e-01
 4.57104e-01
 4.46436e-01
 4.35246e-01
 4.23738e-01
 4.12000e-01
 4.00161e-01
 3.88291e-01
 3.76447e-01
 3.64678e-01
 3.53013e-01
 3.41479e-01
 3.30086e-01
 3.18849e-01
 3.07764e-01
 2.96838e-01
 2.86059e-01
 2.75430e-01
 2.64929e-01
 2.54557e-01
 2.44289e-01
 2.34120e-01
 2.24022e-01
 2.13986e-01
 2.03983e-01
 1.93994e-01
 1.83991e-01
 1.73943e-01
 1.63815e-01
 1.53566e-01
 1.43146e-01
 1.32486e-01
 1.21488e-01
 1.10020e-01
 9.79402e-02
 8.51219e-02
 7.14834e-02
 5.71035e-02
 4.23726e-02
 2.81612e-02
 1.57189e-02
 6.50736e-03
 1.55940e-03
 1.21324e-04
 1.23397e-06
 1.05962e-09
 0.00000e+00
 0.00000e+00
 0.00000e+00
 0.00000e+00
 0.00000e+00
 0.00000e+00
 0.00000e+00
 4.94108e-01
 4.97611e-01
 4.87077e-01
 4.77619e-01
 4.75216e-01
 4.66586e-01
 4.59876e-01
 4.50897e-01
 4.41487e-01
 4.31309e-01
 4.20700e-01
 4.09766e-01
 3.98617e-01
 3.87342e-01
 3.76010e-01
 3.64678e-01
 3.53384e-01
 3.42165e-01
 3.31038e-01
 3.20029e-01
 3.09138e-01
 2.98383e-01
 2.87753e-01
 2.77259e-01
 2.66885e-01
 2.56635e-01
 2.46487e-01
 2.36441e-01
 2.26473e-01
 2.16575e-01
 2.06723e-01
 1.96900e-01
 1.87081e-01
 1.77241e-01
 1.67348e-01
 1.57365e-01
 1.47251e-01
 1.36952e-01
 1.26392e-01
 1.15460e-01
 1.04022e-01
 9.19370e-02
 7.90944e-02
 6.54442e-02
 5.11473e-02
 3.67452e-02
 2.32262e-02
 1.19310e-02
 4.25781e-03
 7.70700e-04
 3.34394e-05
 1.57462e-07
 0.00000e+00
 0.00000e+00
 0.00000e+00
 0.00000e+00
 0.00000e+00
 0.00000e+00
 0.00000e+00
 0.00000e+00
 4.86150e-01
 4.83848e-01
 4.74091e-01
 4.63705e-01
 4.59756e-01
 4.51425e-01
 4.44281e-01
 4.35605e-01
 4.26413e-01
 4.16705e-01
 4.06548e-01
 3.96129e-01
 3.85488e-01
 3.74721e-01
 3.63880e-01
 3.53013e-01
 3.42165e-01
 3.31359e-01
 3.20627e-01
 3.09976e-01
 2.99431e-01
 2.88986e-01
 2.78658e-01
 2.68434e-01
 2.58325e-01
 2.48311e-01
 2.38398e-01
 2.28563e-01
 2.18804e-01
 2.09097e-01
 1.99432e-01
 1.89785e-01
 1.80134e-01
 1.70452e-01
 1.60707e-01
 1.50862e-01
 1.40874e-01
 1.30682e-01
 1.20200e-01
 1.09309e-01
 9.78716e-02
 8.57544e-02
 7.28622e-02
 5.92037e-02
 4.50433e-02
 3.10869e-02
 1.84411e-02
 8.50275e-03
 2.49561e-03
 3.06703e-04
 6.46971e-06
 1.31208e-08
 0.00000e+00
 0.00000e+00
 0.00000e+00
 0.00000e+00
 0.00000e+00
 0.00000e+00
 0.00000e+00
 0.00000e+00
 4.77631e-01
 4.69841e-01
 4.60988e-01
 4.50041e-01
 4.45185e-01
 4.36774e-01
 4.29405e-01
 4.20849e-01
 4.11923e-01
 4.02540e-01
 3.92808e-01
 3.82815e-01
 3.72631e-01
 3.62312e-01
 3.51915e-01
 3.41479e-01
 3.31038e-01
 3.20627e-01
 3.10258e-01
 2.99961e-01
 2.89736e-01
 2.79604e-01
 2.69557e-01
 2.59610e-01
 2.49748e-01
 2.39980e-01
 2.30287e-01
 2.20671e-01
 2.11110e-01
 2.01598e-01
 1.92114e-01
 1.82639e-01
 1.73151e-01
 1.63622e-01
 1.54018e-01
 1.44302e-01
 1.34427e-01
 1.24324e-01
 1.13896e-01
 1.03018e-01
 9.15496e-02
 7.93724e-02
 6.64147e-02
 5.27671e-02
 3.88362e-02
 2.54824e-02
 1.39294e-02
 5.56716e-03
 1.25868e-03
 8.83905e-05
 8.15332e-07
 6.70357e-10
 0.00000e+00
 0.00000e+00
 0.00000e+00
 0.00000e+00
 0.00000e+00
 0.00000e+00
 0.00000e+00
 0.00000e+00
 4.68891e-01
 4.56237e-01
 4.47998e-01
 4.36756e-01
 4.31008e-01
 4.22653e-01
 4.15044e-01
 4.06657e-01
 3.97899e-01
 3.88830e-01
 3.79434e-01
 3.69828e-01
 3.60040e-01
 3.50127e-01
 3.40132e-01
 3.30086e-01
 3.20029e-01
 3.09976e-01
 2.99961e-01
 2.89987e-01
 2.80081e-01
 2.70237e-01
 2.60476e-01
 2.50785e-01
 2.41178e-01
 2.31638e-01
 2.22172e-01
 2.12761e-01
 2.03403e-01
 1.94077e-01
 1.84771e-01
 1.75464e-01
 1.66132e-01
 1.56748e-01
 1.47276e-01
 1.37679e-01
 1.27902e-01
 1.17867e-01
 1.07465e-01
 9.65657e-02
 8.50345e-02
 7.27699e-02
 5.97468e-02
 4.61600e-02
 3.25934e-02
 2.00480e-02
 9.84084e-03
 3.24630e-03
 5.10466e-04
 1.73213e-05
 6.36237e-08
 0.00000e+00
 0.00000e+00
 0.00000e+00
 0.00000e+00
 0.00000e+00
 0.00000e+00
 0.00000e+00
 0.00000e+00
 0.00000e+00
 4.59770e-01
 4.42844e-01
 4.35087e-01
 4.23680e-01
 4.17346e-01
 4.08940e-01
 4.01207e-01
 3.92902e-01
 3.84337e-01
 3.75503e-01
 3.66423e-01
 3.57145e-01
 3.47715e-01
 3.38164e-01
 3.28531e-01
 3.18849e-01
 3.09138e-01
 2.99431e-01
 2.89736e-01
 2.80081e-01
 2.70465e-01
 2.60912e-01
 2.51411e-01
 2.41982e-01
 2.32609e-01
 2.23304e-01
 2.14049e-01
 2.04847e-01
 1.95679e-01
 1.86538e-01
 1.77403e-01
 1.68258e-01
 1.59075e-01
 1.49827e-01
 1.40478e-01
 1.30985e-01
 1.21286e-01
 1.11292e-01
 1.00884e-01
 8.99282e-02
 7.83027e-02
 6.59296e-02
 5.28627e-02
 3.94355e-02
 2.64142e-02
 1.49347e-02
 6.34396e-03
 1.61370e-03
 1.48447e-04
 2.07886e-06
 2.83919e-09
 0.00000e+00
 0.00000e+00
 0.00000e+00
 0.00000e+00
 0.00000e+00
 0.00000e+00
 0.00000e+00
 0.00000e+00
 0.00000e+00
 4.50334e-01
 4.29821e-01
 4.22299e-01
 4.10859e-01
 4.04009e-01
 3.95622e-01
 3.87771e-01
 3.79578e-01
 3.71156e-01
 3.62552e-01
 3.53733e-01
 3.44757e-01
 3.35642e-01
 3.26419e-01
 3.17120e-01
 3.07764e-01
 2.98383e-01
 2.88986e-01
 2.79604e-01
 2.70237e-01
 2.60912e-01
 2.51621e-01
 2.42386e-01
 2.33195e-01
 2.24061e-01
 2.14972e-01
 2.05931e-01
 1.96924e-01
 1.87946e-01
 1.78980e-01
 1.70011e-01
 1.61019e-01
 1.51976e-01
 1.42853e-01
 1.33614e-01
 1.24209e-01
 1.14565e-01
 1.04579e-01
 9.41268e-02
 8.30775e-02
 7.13281e-02
 5.88448e-02
 4.57890e-02
 3.26773e-02
 2.04405e-02
 1.03282e-02
 3.59887e-03
 6.34965e-04
 2.76104e-05
 1.42721e-07
 0.00000e+00
 0.00000e+00
 0.00000e+00
 0.00000e+00
 0.00000e+00
 0.00000e+00
 0.00000e+00
 0.00000e+00
 0.00000e+00
 0.00000e+00
 4.40569e-01
 4.17082e-01
 4.09627e-01
 3.98226e-01
 3.91011e-01
 3.82615e-01
 3.74720e-01
 3.66602e-01
 3.58337e-01
 3.49922e-01
 3.41349e-01
 3.32637e-01
 3.23809e-01
 3.14885e-01
 3.05886e-01
 2.96838e-01
 2.87753e-01
 2.78658e-01
 2.69557e-01
 2.60476e-01
 2.51411e-01
 2.42386e-01
 2.33390e-01
 2.24441e-01
 2.15527e-01
 2.06655e-01
 1.97813e-01
 1.89000e-01
 1.80201e-01
 1.71404e-01
 1.62592e-01
 1.53743e-01
 1.44830e-01
 1.35821e-01
 1.26676e-01
 1.17336e-01
 1.07714e-01
 9.76993e-02
 8.71625e-02
 7.59842e-02
 6.40892e-02
 5.15225e-02
 3.85911e-02
 2.60101e-02
 1.48606e-02
 6.43777e-03
 1.70529e-03
 1.74051e-04
 2.93407e-06
 5.15349e-09
 0.00000e+00
 0.00000e+00
 0.00000e+00
 0.00000e+00
 0.00000e+00
 0.00000e+00
 0.00000e+00
 0.00000e+00
 0.00000e+00
 0.00000e+00
 4.30481e-01
 4.04585e-01
 3.97083e-01
 3.85777e-01
 3.78266e-01
 3.69902e-01
 3.61977e-01
 3.53954e-01
 3.45821e-01
 3.37592e-01
 3.29234e-01
 3.20767e-01
 3.12200e-01
 3.03547e-01
 2.94831e-01
 2.86059e-01
 2.77259e-01
 2.68434e-01
 2.59610e-01
 2.50785e-01
 2.41982e-01
 2.33195e-01
 2.24441e-01
 2.15712e-01
 2.07017e-01
 1.98347e-01
 1.89701e-01
 1.81070e-01
 1.72443e-01
 1.63806e-01
 1.55141e-01
 1.46425e-01
 1.37629e-01
 1.28719e-01
 1.19648e-01
 1.10343e-01
 1.00707e-01
 9.06202e-02
 7.99562e-02
 6.86178e-02
 5.65787e-02
 4.39989e-02
 3.13783e-02
 1.96132e-02
 9.90645e-03
 3.45980e-03
 6.18859e-04
 2.83096e-05
 1.61923e-07
 0.00000e+00
 0.00000e+00
 0.00000e+00
 0.00000e+00
 0.00000e+00
 0.00000e+00
 0.00000e+00
 0.00000e+00
 0.00000e+00
 0.00000e+00
 0.00000e+00
 4.20079e-01
 3.92263e-01
 3.84671e-01
 3.73477e-01
 3.65757e-01
 3.57424e-01
 3.49514e-01
 3.41576e-01
 3.33583e-01
 3.25521e-01
 3.17367e-01
 3.09124e-01
 3.00796e-01
 2.92398e-01
 2.83935e-01
 2.75430e-01
 2.66885e-01
 2.58325e-01
 2.49748e-01
 2.41178e-01
 2.32609e-01
 2.24061e-01
 2.15527e-01
 2.07017e-01
 1.98525e-01
 1.90052e-01
 1.81590e-01
 1.73133e-01
 1.64669e-01
 1.56182e-01
 1.47652e-01
 1.39055e-01
 1.30362e-01
 1.21532e-01
 1.12507e-01
 1.03202e-01
 9.35073e-02
 8.33012e-02
 7.24715e-02
 6.09553e-02
 4.88121e-02
 3.63625e-02
 2.43149e-02
 1.37257e-02
 5.83430e-03
 1.50196e-03
 1.46809e-04
 2.39415e-06
 4.23647e-09
 0.00000e+00
 0.00000e+00
 0.00000e+00
 0.00000e+00
 0.00000e+00
 0.00000e+00
 0.00000e+00
 0.00000e+00
 0.00000e+00
 0.00000e+00
 0.00000e+00
 4.09360e-01
 3.80060e-01
 3.72367e-01
 3.61305e-01
 3.53433e-01
 3.45158e-01
 3.37280e-01
 3.29440e-01
 3.21580e-01
 3.13682e-01
 3.05718e-01
 2.97683e-01
 2.89582e-01
 2.81414e-01
 2.73196e-01
 2.64929e-01
 2.56635e-01
 2.48311e-01
 2.39980e-01
 2.31638e-01
 2.23304e-01
 2.14972e-01
 2.06655e-01
 1.98347e-01
 1.90052e-01
 1.81763e-01
 1.73478e-01
 1.65185e-01
 1.56872e-01
 1.48522e-01
 1.40114e-01
 1.31623e-01
 1.23014e-01
 1.14239e-01
 1.05224e-01
 9.58733e-02
 8.60709e-02
 7.56996e-02
 6.46753e-02
 5.29949e-02
 4.08485e-02
 2.87631e-02
 1.76359e-02
 8.63770e-03
 2.86694e-03
 4.71121e-04
 1.87337e-05
 9.38660e-08
 0.00000e+00
 0.00000e+00
 0.00000e+00
 0.00000e+00
 0.00000e+00
 0.00000e+00
 0.00000e+00
 0.00000e+00
 0.00000e+00
 0.00000e+00
 0.00000e+00
 0.00000e+00
 3.98332e-01
 3.67933e-01
 3.60151e-01
 3.49232e-01
 3.41267e-01
 3.33060e-01
 3.25243e-01
 3.17505e-01
 3.09782e-01
 3.02044e-01
 2.94260e-01
 2.86425e-01
 2.78531e-01
 2.70587e-01
 2.62590e-01
 2.54557e-01
 2.46487e-01
 2.38398e-01
 2.30287e-01
 2.22172e-01
 2.14049e-01
 2.05931e-01
 1.97813e-01
 1.89701e-01
 1.81590e-01
 1.73478e-01
 1.65356e-01
 1.57215e-01
 1.49041e-01
 1.40815e-01
 1.32515e-01
 1.24111e-01
 1.15563e-01
 1.06807e-01
 9.77583e-02
 8.83105e-02
 7.83481e-02
 6.77737e-02
 5.65491e-02
 4.47728e-02
 3.28186e-02
 2.14256e-02
 1.16486e-02
 4.65177e-03
 1.07852e-03
 8.65180e-05
 1.09511e-06
 1.53721e-09
 0.00000e+00
 0.00000e+00
 0.00000e+00
 0.00000e+00
 0.00000e+00
 0.00000e+00
 0.00000e+00
 0.00000e+00
 0.00000e+00
 0.00000e+00
 0.00000e+00
 0.00000e+00
 3.86994e-01
 3.55839e-01
 3.47991e-01
 3.37233e-01
 3.29223e-01
 3.21104e-01
 3.13368e-01
 3.05742e-01
 2.98158e-01
 2.90576e-01
 2.82970e-01
 2.75321e-01
 2.67630e-01
 2.59890e-01
 2.52111e-01
 2.44289e-01
 2.36441e-01
 2.28563e-01
 2.20671e-01
 2.12761e-01
 2.04847e-01
 1.96924e-01
 1.89000e-01
 1.81070e-01
 1.73133e-01
 1.65185e-01
 1.57215e-01
 1.49213e-01
 1.41164e-01
 1.33046e-01
 1.24836e-01
 1.16497e-01
 1.07974e-01
 9.91937e-02
 9.00581e-02
 8.04576e-02
 7.02890e-02
 5.94933e-02
 4.81098e-02
 3.63936e-02
 2.49366e-02
 1.46637e-02
 6.70882e-03
 1.98464e-03
 2.65616e-04
 7.45428e-06
 2.59141e-08
 0.00000e+00
 0.00000e+00
 0.00000e+00
 0.00000e+00
 0.00000e+00
 0.00000e+00
 0.00000e+00
 0.00000e+00
 0.00000e+00
 0.00000e+00
 0.00000e+00
 0.00000e+00
 0.00000e+00
 3.75350e-01
 3.43743e-01
 3.35862e-01
 3.25282e-01
 3.17272e-01
 3.09258e-01
 3.01621e-01
 2.94118e-01
 2.86675e-01
 2.79253e-01
 2.71816e-01
 2.64353e-01
 2.56851e-01
 2.49312e-01
 2.41731e-01
 2.34120e-01
 2.26473e-01
 2.18804e-01
 2.11110e-01
 2.03403e-01
 1.95679e-01
 1.87946e-01
 1.80201e-01
 1.72443e-01
 1.64669e-01
 1.56872e-01
 1.49041e-01
 1.41164e-01
 1.33223e-01
 1.25196e-01
 1.17052e-01
 1.08743e-01
 1.00203e-01
 9.13435e-02
 8.20625e-02
 7.22564e-02
 6.18539e-02
 5.08579e-02
 3.94381e-02
 2.80589e-02
 1.75171e-02
 8.86883e-03
 3.14201e-03
 5.93449e-04
 3.21861e-05
 2.51345e-07
 2.19446e-10
 0.00000e+00
 0.00000e+00
 0.00000e+00
 0.00000e+00
 0.00000e+00
 0.00000e+00
 0.00000e+00
 0.00000e+00
 0.00000e+00
 0.00000e+00
 0.00000e+00
 0.00000e+00
 0.00000e+00
 3.63401e-01
 3.31612e-01
 3.23736e-01
 3.13353e-01
 3.05386e-01
 2.97492e-01
 2.89974e-01
 2.82602e-01
 2.75309e-01
 2.68043e-01
 2.60778e-01
 2.53491e-01
 2.46177e-01
 2.38826e-01
 2.31442e-01
 2.24022e-01
 2.16575e-01
 2.09097e-01
 2.01598e-01
 1.94077e-01
 1.86538e-01
 1.78980e-01
 1.71404e-01
 1.63806e-01
 1.56182e-01
 1.48522e-01
 1.40815e-01
 1.33046e-01
 1.25196e-01
 1.17237e-01
 1.09125e-01
 1.00802e-01
 9.21885e-02
 8.31896e-02
 7.37052e-02
 6.36578e-02
 5.30289e-02
 4.19293e-02
 3.07206e-02
 2.00828e-02
 1.09759e-02
 4.44886e-03
 1.07371e-03
 9.68656e-05
 1.52802e-06
 2.92031e-09
 0.00000e+00
 0.00000e+00
 0.00000e+00
 0.00000e+00
 0.00000e+00
 0.00000e+00
 0.00000e+00
 0.00000e+00
 0.00000e+00
 0.00000e+00
 0.00000e+00
 0.00000e+00
 0.00000e+00
 0.00000e+00
 3.51148e-01
 3.19420e-01
 3.11586e-01
 3.01423e-01
 2.93534e-01
 2.85780e-01
 2.78395e-01
 2.71167e-01
 2.64026e-01
 2.56923e-01
 2.49825e-01
 2.42716e-01
 2.35580e-01
 2.28415e-01
 2.21216e-01
 2.13986e-01
 2.06723e-01
 1.99432e-01
 1.92114e-01
 1.84771e-01
 1.77403e-01
 1.70011e-01
 1.62592e-01
 1.55141e-01
 1.47652e-01
 1.40114e-01
 1.32515e-01
 1.24836e-01
 1.17052e-01
 1.09125e-01
 1.01001e-01
 9.26075e-02
 8.38581e-02
 7.46582e-02
 6.49284e-02
 5.46385e-02
 4.38607e-02
 3.28784e-02
 2.22708e-02
 1.29002e-02
 5.78437e-03
 1.67082e-03
 2.19584e-04
 6.26548e-06
 2.37628e-08
 0.00000e+00
 0.00000e+00
 0.00000e+00
 0.00000e+00
 0.00000e+00
 0.00000e+00
 0.00000e+00
 0.00000e+00
 0.00000e+00
 0.00000e+00
 0.00000e+00
 0.00000e+00
 0.00000e+00
 0.00000e+00
 0.00000e+00
 3.38591e-01
 3.07138e-01
 2.99387e-01
 2.89465e-01
 2.81690e-01
 2.74092e-01
 2.66858e-01
 2.59782e-01
 2.52802e-01
 2.45862e-01
 2.38936e-01
 2.31998e-01
 2.25040e-01
 2.18053e-01
 2.11035e-01
 2.03983e-01
 1.96900e-01
 1.89785e-01
 1.82639e-01
 1.75464e-01
 1.68258e-01
 1.61019e-01
 1.53743e-01
 1.46425e-01
 1.39055e-01
 1.31623e-01
 1.24111e-01
 1.16497e-01
 1.08743e-01
 1.00802e-01
 9.26075e-02
 8.40797e-02
 7.51307e-02
 6.56835e-02
 5.57019e-02
 4.52343e-02
 3.45083e-02
 2.40204e-02
 1.45420e-02
 7.03418e-03
 2.32539e-03
 3.97124e-04
 1.84450e-05
 1.27309e-07
 1.04507e-10
 0.00000e+00
 0.00000e+00
 0.00000e+00
 0.00000e+00
 0.00000e+00
 0.00000e+00
 0.00000e+00
 0.00000e+00
 0.00000e+00
 0.00000e+00
 0.00000e+00
 0.00000e+00
 0.00000e+00
 0.00000e+00
 0.00000e+00
 3.25730e-01
 2.94744e-01
 2.87114e-01
 2.77458e-01
 2.69827e-01
 2.62404e-01
 2.55333e-01
 2.48422e-01
 2.41606e-01
 2.34836e-01
 2.28078e-01
 2.21314e-01
 2.14528e-01
 2.07717e-01
 2.00872e-01
 1.93994e-01
 1.87081e-01
 1.80134e-01
 1.73151e-01
 1.66132e-01
 1.59075e-01
 1.51976e-01
 1.44830e-01
 1.37629e-01
 1.30362e-01
 1.23014e-01
 1.15563e-01
 1.07974e-01
 1.00203e-01
 9.21885e-02
 8.38581e-02
 7.51307e-02
 6.59340e-02
 5.62306e-02
 4.60555e-02
 3.55987e-02
 2.52924e-02
 1.58288e-02
 8.10251e-03
 2.96327e-03
 6.10238e-04
 4.14146e-05
 4.75480e-07
 6.95328e-10
 0.00000e+00
 0.00000e+00
 0.00000e+00
 0.00000e+00
 0.00000e+00
 0.00000e+00
 0.00000e+00
 0.00000e+00
 0.00000e+00
 0.00000e+00
 0.00000e+00
 0.00000e+00
 0.00000e+00
 0.00000e+00
 0.00000e+00
 0.00000e+00
 3.12560e-01
 2.82214e-01
 2.74742e-01
 2.65375e-01
 2.57919e-01
 2.50685e-01
 2.43792e-01
 2.37054e-01
 2.30412e-01
 2.23812e-01
 2.17227e-01
 2.10633e-01
 2.04020e-01
 1.97377e-01
 1.90702e-01
 1.83991e-01
 1.77241e-01
 1.70452e-01
 1.63622e-01
 1.56748e-01
 1.49827e-01
 1.42853e-01
 1.35821e-01
 1.28719e-01
 1.21532e-01
 1.14239e-01
 1.06807e-01
 9.91937e-02
 9.13435e-02
 8.31896e-02
 7.46582e-02
 6.56835e-02
 5.62306e-02
 4.63286e-02
 3.61446e-02
 2.60636e-02
 1.67114e-02
 8.91606e-03
 3.51196e-03
 8.28181e-04
 7.47767e-05
 1.30168e-06
 3.07959e-09
 0.00000e+00
 0.00000e+00
 0.00000e+00
 0.00000e+00
 0.00000e+00
 0.00000e+00
 0.00000e+00
 0.00000e+00
 0.00000e+00
 0.00000e+00
 0.00000e+00
 0.00000e+00
 0.00000e+00
 0.00000e+00
 0.00000e+00
 0.00000e+00
 0.00000e+00
 2.99076e-01
 2.69526e-01
 2.62247e-01
 2.53192e-01
 2.45936e-01
 2.38908e-01
 2.32206e-01
 2.25651e-01
 2.19187e-01
 2.12763e-01
 2.06349e-01
 1.99927e-01
 1.93482e-01
 1.87007e-01
 1.80495e-01
 1.73943e-01
 1.67348e-01
 1.60707e-01
 1.54018e-01
 1.47276e-01
 1.40478e-01
 1.33614e-01
 1.26676e-01
 1.19648e-01
 1.12507e-01
 1.05224e-01
 9.77583e-02
 9.00581e-02
 8.20625e-02
 7.37052e-02
 6.49284e-02
 5.57019e-02
 4.60555e-02
 3.61446e-02
 2.63219e-02
 1.71598e-02
 9.42398e-03
 3.91218e-03
 1.01595e-03
 1.12934e-04
 2.72484e-06
 9.60869e-09
 0.00000e+00
 0.00000e+00
 0.00000e+00
 0.00000e+00
 0.00000e+00
 0.00000e+00
 0.00000e+00
 0.00000e+00
 0.00000e+00
 0.00000e+00
 0.00000e+00
 0.00000e+00
 0.00000e+00
 0.00000e+00
 0.00000e+00
 0.00000e+00
 0.00000e+00
 0.00000e+00
 2.85269e-01
 2.56653e-01
 2.49601e-01
 2.40880e-01
 2.33849e-01
 2.27042e-01
 2.20542e-01
 2.14179e-01
 2.07899e-01
 2.01653e-01
 1.95414e-01
 1.89161e-01
 1.82883e-01
 1.76569e-01
 1.70215e-01
 1.63815e-01
 1.57365e-01
 1.50862e-01
 1.44302e-01
 1.37679e-01
 1.30985e-01
 1.24209e-01
 1.17336e-01
 1.10343e-01
 1.03202e-01
 9.58733e-02
 8.83105e-02
 8.04576e-02
 7.22564e-02
 6.36578e-02
 5.46385e-02
 4.52343e-02
 3.55987e-02
 2.60636e-02
 1.71598e-02
 9.59651e-03
 4.12276e-03
 1.14252e-03
 1.46500e-04
 4.50817e-06
 2.19082e-08
 0.00000e+00
 0.00000e+00
 0.00000e+00
 0.00000e+00
 0.00000e+00
 0.00000e+00
 0.00000e+00
 0.00000e+00
 0.00000e+00
 0.00000e+00
 0.00000e+00
 0.00000e+00
 0.00000e+00
 0.00000e+00
 0.00000e+00
 0.00000e+00
 0.00000e+00
 0.00000e+00
 0.00000e+00
 2.71124e-01
 2.43571e-01
 2.36776e-01
 2.28410e-01
 2.21626e-01
 2.15053e-01
 2.08767e-01
 2.02603e-01
 1.96512e-01
 1.90447e-01
 1.84382e-01
 1.78298e-01
 1.72182e-01
 1.66026e-01
 1.59822e-01
 1.53566e-01
 1.47251e-01
 1.40874e-01
 1.34427e-01
 1.27902e-01
 1.21286e-01
 1.14565e-01
 1.07714e-01
 1.00707e-01
 9.35073e-02
 8.60709e-02
 7.83481e-02
 7.02890e-02
 6.18539e-02
 5.30289e-02
 4.38607e-02
 3.45083e-02
 2.52924e-02
 1.67114e-02
 9.42398e-03
 4.12276e-03
 1.18714e-03
 1.66036e-04
 6.04032e-06
 3.74231e-08
 0.00000e+00
 0.00000e+00
 0.00000e+00
 0.00000e+00
 0.00000e+00
 0.00000e+00
 0.00000e+00
 0.00000e+00
 0.00000e+00
 0.00000e+00
 0.00000e+00
 0.00000e+00
 0.00000e+00
 0.00000e+00
 0.00000e+00
 0.00000e+00
 0.00000e+00
 0.00000e+00
 0.00000e+00
 0.00000e+00
 2.56620e-01
 2.30246e-01
 2.23738e-01
 2.15746e-01
 2.09228e-01
 2.02903e-01
 1.96839e-01
 1.90882e-01
 1.84984e-01
 1.79102e-01
 1.73211e-01
 1.67293e-01
 1.61337e-01
 1.55331e-01
 1.49270e-01
 1.43146e-01
 1.36952e-01
 1.30682e-01
 1.24324e-01
 1.17867e-01
 1.11292e-01
 1.04579e-01
 9.76993e-02
 9.06202e-02
 8.33012e-02
 7.56996e-02
 6.77737e-02
 5.94933e-02
 5.08579e-02
 4.19293e-02
 3.28784e-02
 2.40204e-02
 1.58288e-02
 8.91606e-03
 3.91218e-03
 1.14252e-03
 1.66036e-04
 6.64792e-06
 4.87062e-08
 0.00000e+00
 0.00000e+00
 0.00000e+00
 0.00000e+00
 0.00000e+00
 0.00000e+00
 0.00000e+00
 0.00000e+00
 0.00000e+00
 0.00000e+00
 0.00000e+00
 0.00000e+00
 0.00000e+00
 0.00000e+00
 0.00000e+00
 0.00000e+00
 0.00000e+00
 0.00000e+00
 0.00000e+00
 0.00000e+00
 0.00000e+00
 2.41729e-01
 2.16641e-01
 2.10445e-01
 2.02847e-01
 1.96612e-01
 1.90547e-01
 1.84714e-01
 1.78968e-01
 1.73266e-01
 1.67568e-01
 1.61851e-01
 1.56096e-01
 1.50291e-01
 1.44427e-01
 1.38495e-01
 1.32486e-01
 1.26392e-01
 1.20200e-01
 1.13896e-01
 1.07465e-01
 1.00884e-01
 9.41268e-02
 8.71625e-02
 7.99562e-02
 7.24715e-02
 6.46753e-02
 5.65491e-02
 4.81098e-02
 3.94381e-02
 3.07206e-02
 2.22708e-02
 1.45420e-02
 8.10251e-03
 3.51196e-03
 1.01595e-03
 1.46500e-04
 6.04032e-06
 4.87062e-08
 0.00000e+00
 0.00000e+00
 0.00000e+00
 0.00000e+00
 0.00000e+00
 0.00000e+00
 0.00000e+00
 0.00000e+00
 0.00000e+00
 0.00000e+00
 0.00000e+00
 0.00000e+00
 0.00000e+00
 0.00000e+00
 0.00000e+00
 0.00000e+00
 0.00000e+00
 0.00000e+00
 0.00000e+00
 0.00000e+00
 0.00000e+00
 0.00000e+00
 2.26410e-01
 2.02709e-01
 1.96851e-01
 1.89663e-01
 1.83726e-01
 1.77931e-01
 1.72335e-01
 1.66805e-01
 1.61301e-01
 1.55785e-01
 1.50235e-01
 1.44634e-01
 1.38970e-01
 1.33232e-01
 1.27408e-01
 1.21488e-01
 1.15460e-01
 1.09309e-01
 1.03018e-01
 9.65657e-02
 8.99282e-02
 8.30775e-02
 7.59842e-02
 6.86178e-02
 6.09553e-02
 5.29949e-02
 4.47728e-02
 3.63936e-02
 2.80589e-02
 2.00828e-02
 1.29002e-02
 7.03418e-03
 2.96327e-03
 8.28181e-04
 1.12934e-04
 4.50817e-06
 3.74231e-08
 0.00000e+00
 0.00000e+00
 0.00000e+00
 0.00000e+00
 0.00000e+00
 0.00000e+00
 0.00000e+00
 0.00000e+00
 0.00000e+00
 0.00000e+00
 0.00000e+00
 0.00000e+00
 0.00000e+00
 0.00000e+00
 0.00000e+00
 0.00000e+00
 0.00000e+00
 0.00000e+00
 0.00000e+00
 0.00000e+00
 0.00000e+00
 0.00000e+00
 0.00000e+00
 2.10604e-01
 1.88386e-01
 1.82888e-01
 1.76125e-01
 1.70499e-01
 1.64980e-01
 1.59626e-01
 1.54311e-01
 1.49001e-01
 1.43661e-01
 1.38268e-01
 1.32808e-01
 1.27265e-01
 1.21628e-01
 1.15884e-01
 1.10020e-01
 1.04022e-01
 9.78716e-02
 9.15496e-02
 8.50345e-02
 7.83027e-02
 7.13281e-02
 6.40892e-02
 5.65787e-02
 4.88121e-02
 4.08485e-02
 3.28186e-02
 2.49366e-02
 1.75171e-02
 1.09759e-02
 5.78437e-03
 2.32539e-03
 6.10238e-04
 7.47767e-05
 2.72484e-06
 2.19082e-08
 0.00000e+00
 0.00000e+00
 0.00000e+00
 0.00000e+00
 0.00000e+00
 0.00000e+00
 0.00000e+00
 0.00000e+00
 0.00000e+00
 0.00000e+00
 0.00000e+00
 0.00000e+00
 0.00000e+00
 0.00000e+00
 0.00000e+00
 0.00000e+00
 0.00000e+00
 0.00000e+00
 0.00000e+00
 0.00000e+00
 0.00000e+00
 0.00000e+00
 0.00000e+00
 0.00000e+00
 1.94207e-01
 1.73569e-01
 1.68452e-01
 1.62129e-01
 1.56822e-01
 1.51584e-01
 1.46472e-01
 1.41370e-01
 1.36248e-01
 1.31071e-01
 1.25822e-01
 1.20482e-01
 1.15037e-01
 1.09475e-01
 1.03781e-01
 9.79402e-02
 9.19370e-02
 8.57544e-02
 7.93724e-02
 7.27699e-02
 6.59296e-02
 5.88448e-02
 5.15225e-02
 4.39989e-02
 3.63625e-02
 2.87631e-02
 2.14256e-02
 1.46637e-02
 8.86883e-03
 4.44886e-03
 1.67082e-03
 3.97124e-04
 4.14146e-05
 1.30168e-06
 9.60869e-09
 0.00000e+00
 0.00000e+00
 0.00000e+00
 0.00000e+00
 0.00000e+00
 0.00000e+00
 0.00000e+00
 0.00000e+00
 0.00000e+00
 0.00000e+00
 0.00000e+00
 0.00000e+00
 0.00000e+00
 0.00000e+00
 0.00000e+00
 0.00000e+00
 0.00000e+00
 0.00000e+00
 0.00000e+00
 0.00000e+00
 0.00000e+00
 0.00000e+00
 0.00000e+00
 0.00000e+00
 0.00000e+00
 1.77070e-01
 1.58116e-01
 1.53400e-01
 1.47529e-01
 1.42550e-01
 1.37598e-01
 1.32727e-01
 1.27834e-01
 1.22890e-01
 1.17866e-01
 1.12743e-01
 1.07505e-01
 1.02138e-01
 9.66275e-02
 9.09606e-02
 8.51219e-02
 7.90944e-02
 7.28622e-02
 6.64147e-02
 5.97468e-02
 5.28627e-02
 4.57890e-02
 3.85911e-02
 3.13783e-02
 2.43149e-02
 1.76359e-02
 1.16486e-02
 6.70882e-03
 3.14201e-03
 1.07371e-03
 2.19584e-04
 1.84450e-05
 4.75480e-07
 3.07959e-09
 0.00000e+00
 0.00000e+00
 0.00000e+00
 0.00000e+00
 0.00000e+00
 0.00000e+00
 0.00000e+00
 0.00000e+00
 0.00000e+00
 0.00000e+00
 0.00000e+00
 0.00000e+00
 0.00000e+00
 0.00000e+00
 0.00000e+00
 0.00000e+00
 0.00000e+00
 0.00000e+00
 0.00000e+00
 0.00000e+00
 0.00000e+00
 0.00000e+00
 0.00000e+00
 0.00000e+00
 0.00000e+00
 0.00000e+00
 1.59007e-01
 1.41854e-01
 1.37559e-01
 1.32158e-01
 1.27518e-01
 1.22857e-01
 1.18229e-01
 1.13543e-01
 1.08773e-01
 1.03895e-01
 9.88913e-02
 9.37463e-02
 8.84459e-02
 8.29763e-02
 7.73252e-02
 7.14834e-02
 6.54442e-02
 5.92037e-02
 5.27671e-02
 4.61600e-02
 3.94355e-02
 3.26773e-02
 2.60101e-02
 1.96132e-02
 1.37257e-02
 8.63770e-03
 4.65177e-03
 1.98464e-03
 5.93449e-04
 9.68656e-05
 6.26548e-06
 1.27309e-07
 6.95328e-10
 0.00000e+00
 0.00000e+00
 0.00000e+00
 0.00000e+00
 0.00000e+00
 0.00000e+00
 0.00000e+00
 0.00000e+00
 0.00000e+00
 0.00000e+00
 0.00000e+00
 0.00000e+00
 0.00000e+00
 0.00000e+00
 0.00000e+00
 0.00000e+00
 0.00000e+00
 0.00000e+00
 0.00000e+00
 0.00000e+00
 0.00000e+00
 0.00000e+00
 0.00000e+00
 0.00000e+00
 0.00000e+00
 0.00000e+00
 0.00000e+00
 1.39838e-01
 1.24620e-01
 1.20770e-01
 1.15862e-01
 1.11577e-01
 1.07221e-01
 1.02846e-01
 9.83735e-02
 9.37820e-02
 8.90500e-02
 8.41636e-02
 7.91117e-02
 7.38856e-02
 6.84783e-02
 6.28843e-02
 5.71035e-02
 5.11473e-02
 4.50433e-02
 3.88362e-02
 3.25934e-02
 2.64142e-02
 2.04405e-02
 1.48606e-02
 9.90645e-03
 5.83430e-03
 2.86694e-03
 1.07852e-03
 2.65616e-04
 3.21861e-05
 1.52802e-06
 2.37628e-08
 1.04507e-10
 0.00000e+00
 0.00000e+00
 0.00000e+00
 0.00000e+00
 0.00000e+00
 0.00000e+00
 0.00000e+00
 0.00000e+00
 0.00000e+00
 0.00000e+00
 0.00000e+00
 0.00000e+00
 0.00000e+00
 0.00000e+00
 0.00000e+00
 0.00000e+00
 0.00000e+00
 0.00000e+00
 0.00000e+00
 0.00000e+00
 0.00000e+00
 0.00000e+00
 0.00000e+00
 0.00000e+00
 0.00000e+00
 0.00000e+00
 0.00000e+00
 0.00000e+00
 1.19435e-01
 1.06300e-01
 1.02917e-01
 9.85298e-02
 9.46201e-02
 9.05878e-02
 8.64842e-02
 8.22443e-02
 7.78546e-02
 7.32998e-02
 6.85712e-02
 6.36637e-02
 5.85779e-02
 5.33217e-02
 4.79112e-02
 4.23726e-02
 3.67452e-02
 3.10869e-02
 2.54824e-02
 2.00480e-02
 1.49347e-02
 1.03282e-02
 6.43777e-03
 3.45980e-03
 1.50196e-03
 4.71121e-04
 8.65180e-05
 7.45428e-06
 2.51345e-07
 2.92031e-09
 0.00000e+00
 0.00000e+00
 0.00000e+00
 0.00000e+00
 0.00000e+00
 0.00000e+00
 0.00000e+00
 0.00000e+00
 0.00000e+00
 0.00000e+00
 0.00000e+00
 0.00000e+00
 0.00000e+00
 0.00000e+00
 0.00000e+00
 0.00000e+00
 0.00000e+00
 0.00000e+00
 0.00000e+00
 0.00000e+00
 0.00000e+00
 0.00000e+00
 0.00000e+00
 0.00000e+00
 0.00000e+00
 0.00000e+00
 0.00000e+00
 0.00000e+00
 0.00000e+00
 0.00000e+00
 9.78027e-02
 8.69054e-02
 8.40158e-02
 8.01935e-02
 7.66982e-02
 7.30326e-02
 6.92461e-02
 6.52919e-02
 6.11665e-02
 5.68667e-02
 5.23972e-02
 4.77687e-02
 4.29983e-02
 3.81120e-02
 3.31480e-02
 2.81612e-02
 2.32262e-02
 1.84411e-02
 1.39294e-02
 9.84084e-03
 6.34396e-03
 3.59887e-03
 1.70529e-03
 6.18859e-04
 1.46809e-04
 1.87337e-05
 1.09511e-06
 2.59141e-08
 2.19446e-10
 0.00000e+00
 0.00000e+00
 0.00000e+00
 0.00000e+00
 0.00000e+00
 0.00000e+00
 0.00000e+00
 0.00000e+00
 0.00000e+00
 0.00000e+00
 0.00000e+00
 0.00000e+00
 0.00000e+00
 0.00000e+00
 0.00000e+00
 0.00000e+00
 0.00000e+00
 0.00000e+00
 0.00000e+00
 0.00000e+00
 0.00000e+00
 0.00000e+00
 0.00000e+00
 0.00000e+00
 0.00000e+00
 0.00000e+00
 0.00000e+00
 0.00000e+00
 0.00000e+00
 0.00000e+00
 0.00000e+00
 7.52925e-02
 6.67620e-02
 6.43959e-02
 6.11960e-02
 5.81792e-02
 5.49608e-02
 5.15896e-02
 4.80398e-02
 4.43205e-02
 4.04431e-02
 3.64282e-02
 3.23048e-02
 2.81125e-02
 2.39032e-02
 1.97440e-02
 1.57189e-02
 1.19310e-02
 8.50275e-03
 5.56716e-03
 3.24630e-03
 1.61370e-03
 6.34965e-04
 1.74051e-04
 2.83096e-05
 2.39415e-06
 9.38660e-08
 1.53721e-09
 0.00000e+00
 0.00000e+00
 0.00000e+00
 0.00000e+00
 0.00000e+00
 0.00000e+00
 0.00000e+00
 0.00000e+00
 0.00000e+00
 0.00000e+00
 0.00000e+00
 0.00000e+00
 0.00000e+00
 0.00000e+00
 0.00000e+00
 0.00000e+00
 0.00000e+00
 0.00000e+00
 0.00000e+00
 0.00000e+00
 0.00000e+00
 0.00000e+00
 0.00000e+00
 0.00000e+00
 0.00000e+00
 0.00000e+00
 0.00000e+00
 0.00000e+00
 0.00000e+00
 0.00000e+00
 0.00000e+00
 0.00000e+00
 0.00000e+00
 5.29405e-02
 4.68108e-02
 4.49895e-02
 4.24730e-02
 4.00146e-02
 3.73476e-02
 3.45205e-02
 3.15313e-02
 2.84051e-02
 2.51717e-02
 2.18708e-02
 1.85517e-02
 1.52752e-02
 1.21153e-02
 9.15978e-03
 6.50736e-03
 4.25781e-03
 2.49561e-03
 1.25868e-03
 5.10466e-04
 1.48447e-04
 2.76104e-05
 2.93407e-06
 1.61923e-07
 4.23647e-09
 0.00000e+00
 0.00000e+00
 0.00000e+00
 0.00000e+00
 0.00000e+00
 0.00000e+00
 0.00000e+00
 0.00000e+00
 0.00000e+00
 0.00000e+00
 0.00000e+00
 0.00000e+00
 0.00000e+00
 0.00000e+00
 0.00000e+00
 0.00000e+00
 0.00000e+00
 0.00000e+00
 0.00000e+00
 0.00000e+00
 0.00000e+00
 0.00000e+00
 0.00000e+00
 0.00000e+00
 0.00000e+00
 0.00000e+00
 0.00000e+00
 0.00000e+00
 0.00000e+00
 0.00000e+00
 0.00000e+00
 0.00000e+00
 0.00000e+00
 0.00000e+00
 0.00000e+00
 3.23475e-02
 2.84899e-02
 2.72157e-02
 2.54270e-02
 2.36096e-02
 2.16121e-02
 1.94821e-02
 1.72403e-02
 1.49262e-02
 1.25864e-02
 1.02770e-02
 8.06265e-03
 6.01455e-03
 4.20639e-03
 2.70598e-03
 1.55940e-03
 7.70700e-04
 3.06703e-04
 8.83905e-05
 1.73213e-05
 2.07886e-06
 1.42721e-07
 5.15349e-09
 0.00000e+00
 0.00000e+00
 0.00000e+00
 0.00000e+00
 0.00000e+00
 0.00000e+00
 0.00000e+00
 0.00000e+00
 0.00000e+00
 0.00000e+00
 0.00000e+00
 0.00000e+00
 0.00000e+00
 0.00000e+00
 0.00000e+00
 0.00000e+00
 0.00000e+00
 0.00000e+00
 0.00000e+00
 0.00000e+00
 0.00000e+00
 0.00000e+00
 0.00000e+00
 0.00000e+00
 0.00000e+00
 0.00000e+00
 0.00000e+00
 0.00000e+00
 0.00000e+00
 0.00000e+00
 0.00000e+00
 0.00000e+00
 0.00000e+00
 0.00000e+00
 0.00000e+00
 0.00000e+00
 0.00000e+00
 1.56364e-02
 1.36877e-02
 1.29312e-02
 1.18649e-02
 1.07385e-02
 9.49757e-03
 8.18723e-03
 6.84321e-03
 5.51232e-03
 4.24448e-03
 3.09094e-03
 2.09924e-03
 1.30060e-03
 7.13668e-04
 3.31867e-04
 1.21324e-04
 3.34394e-05
 6.46971e-06
 8.15332e-07
 6.36237e-08
 2.83919e-09
 0.00000e+00
 0.00000e+00
 0.00000e+00
 0.00000e+00
 0.00000e+00
 0.00000e+00
 0.00000e+00
 0.00000e+00
 0.00000e+00
 0.00000e+00
 0.00000e+00
 0.00000e+00
 0.00000e+00
 0.00000e+00
 0.00000e+00
 0.00000e+00
 0.00000e+00
 0.00000e+00
 0.00000e+00
 0.00000e+00
 0.00000e+00
 0.00000e+00
 0.00000e+00
 0.00000e+00
 0.00000e+00
 0.00000e+00
 0.00000e+00
 0.00000e+00
 0.00000e+00
 0.00000e+00
 0.00000e+00
 0.00000e+00
 0.00000e+00
 0.00000e+00
 0.00000e+00
 0.00000e+00
 0.00000e+00
 0.00000e+00
 0.00000e+00
 4.91743e-03
 4.25893e-03
 3.93947e-03
 3.49498e-03
 3.01578e-03
 2.50168e-03
 1.98254e-03
 1.48627e-03
 1.04126e-03
 6.70348e-04
 3.86836e-04
 1.91858e-04
 7.93144e-05
 2.64319e-05
 6.72379e-06
 1.23397e-06
 1.57462e-07
 1.31208e-08
 6.70357e-10
 0.00000e+00
 0.00000e+00
 0.00000e+00
 0.00000e+00
 0.00000e+00
 0.00000e+00
 0.00000e+00
 0.00000e+00
 0.00000e+00
 0.00000e+00
 0.00000e+00
 0.00000e+00
 0.00000e+00
 0.00000e+00
 0.00000e+00
 0.00000e+00
 0.00000e+00
 0.00000e+00
 0.00000e+00
 0.00000e+00
 0.00000e+00
 0.00000e+00
 0.00000e+00
 0.00000e+00
 0.00000e+00
 0.00000e+00
 0.00000e+00
 0.00000e+00
 0.00000e+00
 0.00000e+00
 0.00000e+00
 0.00000e+00
 0.00000e+00
 0.00000e+00
 0.00000e+00
 0.00000e+00
 0.00000e+00
 0.00000e+00
 0.00000e+00
 0.00000e+00
 0.00000e+00
 6.61919e-04
 5.61034e-04
 4.96455e-04
 4.10258e-04
 3.19332e-04
 2.29410e-04
 1.50647e-04
 8.90720e-05
 4.64782e-05
 2.08650e-05
 7.80123e-06
 2.34213e-06
 5.49519e-07
 9.69792e-08
 1.22651e-08
 1.05962e-09
 0.00000e+00
 0.00000e+00
 0.00000e+00
 0.00000e+00
 0.00000e+00
 0.00000e+00
 0.00000e+00
 0.00000e+00
 0.00000e+00
 0.00000e+00
 0.00000e+00
 0.00000e+00
 0.00000e+00
 0.00000e+00
 0.00000e+00
 0.00000e+00
 0.00000e+00
 0.00000e+00
 0.00000e+00
 0.00000e+00
 0.00000e+00
 0.00000e+00
 0.00000e+00
 0.00000e+00
 0.00000e+00
 0.00000e+00
 0.00000e+00
 0.00000e+00
 0.00000e+00
 0.00000e+00
 0.00000e+00
 0.00000e+00
 0.00000e+00
 0.00000e+00
 0.00000e+00
 0.00000e+00
 0.00000e+00
 0.00000e+00
 0.00000e+00
 0.00000e+00
 0.00000e+00
 0.00000e+00
 0.00000e+00
 0.00000e+00
 1.46403e-05
 1.19175e-05
 9.72045e-06
 7.08205e-06
 4.63556e-06
 2.67038e-06
 1.33540e-06
 5.68903e-07
 2.01997e-07
 5.82274e-08
 1.32143e-08
 2.28862e-09
 2.90643e-10
 0.00000e+00
 0.00000e+00
 0.00000e+00
 0.00000e+00
 0.00000e+00
 0.00000e+00
 0.00000e+00
 0.00000e+00
 0.00000e+00
 0.00000e+00
 0.00000e+00
 0.00000e+00
 0.00000e+00
 0.00000e+00
 0.00000e+00
 0.00000e+00
 0.00000e+00
 0.00000e+00
 0.00000e+00
 0.00000e+00
 0.00000e+00
 0.00000e+00
 0.00000e+00
 0.00000e+00
 0.00000e+00
 0.00000e+00
 0.00000e+00
 0.00000e+00
 0.00000e+00
 0.00000e+00
 0.00000e+00
 0.00000e+00
 0.00000e+00
 0.00000e+00
 0.00000e+00
 0.00000e+00
 0.00000e+00
 0.00000e+00
 0.00000e+00
 0.00000e+00
 0.00000e+00
 0.00000e+00
 0.00000e+00
 0.00000e+00
 0.00000e+00
 0.00000e+00
 0.00000e+00
 2.56149e-08
 1.98873e-08
 1.47771e-08
 9.35213e-09
 5.06149e-09
 2.29202e-09
 8.53942e-10
 2.55168e-10
 0.00000e+00
 0.00000e+00
 0.00000e+00
 0.00000e+00
 0.00000e+00
 0.00000e+00
 0.00000e+00
 0.00000e+00
 0.00000e+00
 0.00000e+00
 0.00000e+00
 0.00000e+00
 0.00000e+00
 0.00000e+00
 0.00000e+00
 0.00000e+00
 0.00000e+00
 0.00000e+00
 0.00000e+00
 0.00000e+00
 0.00000e+00
 0.00000e+00
 0.00000e+00
 0.00000e+00
 0.00000e+00
 0.00000e+00
 0.00000e+00
 0.00000e+00
 0.00000e+00
 0.00000e+00
 0.00000e+00
 0.00000e+00
 0.00000e+00
 0.00000e+00
 0.00000e+00
 0.00000e+00
 0.00000e+00
 0.00000e+00
 0.00000e+00
 0.00000e+00
 0.00000e+00
 0.00000e+00
 0.00000e+00
 0.00000e+00
 0.00000e+00
 0.00000e+00
 0.00000e+00
 0.00000e+00
 0.00000e+00
 0.00000e+00
 0.00000e+00
 0.00000e+00
 0.00000e+00
 0.00000e+00
 0.00000e+00
 0.00000e+00
 0.00000e+00
 0.00000e+00
 0.00000e+00
 0.00000e+00
 0.00000e+00
 0.00000e+00
 0.00000e+00
 0.00000e+00
 0.00000e+00
 0.00000e+00
 0.00000e+00
 0.00000e+00
 0.00000e+00
 0.00000e+00
 0.00000e+00
 0.00000e+00
 0.00000e+00
 0.00000e+00
 0.00000e+00
 0.00000e+00
 0.00000e+00
 0.00000e+00
 0.00000e+00
 0.00000e+00
 0.00000e+00
 0.00000e+00
 0.00000e+00
 0.00000e+00
 0.00000e+00
 0.00000e+00
 0.00000e+00
 0.00000e+00
 0.00000e+00
 0.00000e+00
 0.00000e+00
 0.00000e+00
 0.00000e+00
 0.00000e+00
 0.00000e+00
 0.00000e+00
 0.00000e+00
 0.00000e+00
 0.00000e+00
 0.00000e+00
 0.00000e+00
 0.00000e+00
 0.00000e+00
 0.00000e+00
 0.00000e+00
 0.00000e+00
 0.00000e+00
 0.00000e+00
 0.00000e+00
 0.00000e+00
 0.00000e+00
 0.00000e+00
 0.00000e+00
 0.00000e+00
 0.00000e+00
 0.00000e+00
 0.00000e+00
 0.00000e+00
 0.00000e+00
 0.00000e+00
 0.00000e+00
 0.00000e+00
 0.00000e+00
 0.00000e+00
 0.00000e+00
 0.00000e+00
 0.00000e+00
 0.00000e+00
 0.00000e+00
 0.00000e+00
 0.00000e+00
 0.00000e+00
 0.00000e+00
 0.00000e+00
 0.00000e+00
 0.00000e+00
 0.00000e+00
 0.00000e+00
 0.00000e+00
 0.00000e+00
 0.00000e+00
 0.00000e+00
 0.00000e+00
 0.00000e+00
 0.00000e+00
 0.00000e+00
 0.00000e+00
 0.00000e+00
 0.00000e+00
 0.00000e+00
 0.00000e+00
 0.00000e+00
 0.00000e+00
 0.00000e+00
 0.00000e+00
 0.00000e+00
 0.00000e+00
 0.00000e+00
 0.00000e+00
 0.00000e+00
 0.00000e+00
 0.00000e+00
 0.00000e+00
 0.00000e+00
 0.00000e+00
 0.00000e+00
 0.00000e+00
 0.00000e+00
 0.00000e+00
 0.00000e+00
 0.00000e+00
 0.00000e+00
 0.00000e+00
 0.00000e+00
 0.00000e+00
 0.00000e+00
 0.00000e+00
 0.00000e+00
 0.00000e+00
 0.00000e+00
 0.00000e+00
 0.00000e+00
 0.00000e+00
 0.00000e+00
 0.00000e+00
 0.00000e+00
 0.00000e+00
 0.00000e+00
 0.00000e+00
 0.00000e+00
 0.00000e+00
 0.00000e+00
 0.00000e+00
 0.00000e+00
 0.00000e+00
 0.00000e+00
 0.00000e+00
 0.00000e+00
 0.00000e+00
 0.00000e+00
 0.00000e+00
 0.00000e+00
 0.00000e+00
 0.00000e+00
 0.00000e+00
 0.00000e+00
 0.00000e+00
 0.00000e+00
 0.00000e+00
 0.00000e+00
 0.00000e+00
 0.00000e+00
 0.00000e+00
 0.00000e+00
 0.00000e+00
 0.00000e+00
 0.00000e+00
 0.00000e+00
 0.00000e+00
 0.00000e+00
 0.00000e+00
 0.00000e+00
 0.00000e+00
 0.00000e+00
 0.00000e+00
 0.00000e+00
 0.00000e+00
 0.00000e+00
 0.00000e+00
 0.00000e+00
 0.00000e+00
 0.00000e+00
 0.00000e+00
 0.00000e+00
 0.00000e+00
 0.00000e+00
 0.00000e+00
 0.00000e+00
 0.00000e+00
 0.00000e+00
 0.00000e+00
 0.00000e+00
 0.00000e+00
 0.00000e+00
 0.00000e+00
 0.00000e+00
 0.00000e+00
 0.00000e+00
 0.00000e+00
 0.00000e+00
 0.00000e+00
 0.00000e+00
 0.00000e+00
 0.00000e+00
 0.00000e+00
 0.00000e+00
 0.00000e+00
 0.00000e+00
 0.00000e+00
 0.00000e+00
 0.00000e+00
 0.00000e+00
 0.00000e+00
 0.00000e+00
 0.00000e+00
 0.00000e+00
 0.00000e+00
 0.00000e+00
 0.00000e+00
 0.00000e+00
 0.00000e+00
 0.00000e+00
 0.00000e+00
 0.00000e+00
 0.00000e+00
 0.00000e+00
 0.00000e+00
 0.00000e+00
 0.00000e+00
 0.00000e+00
 0.00000e+00
 0.00000e+00
 0.00000e+00
 0.00000e+00
 0.00000e+00
 0.00000e+00
 0.00000e+00
 0.00000e+00
 0.00000e+00
 0.00000e+00
 0.00000e+00
 0.00000e+00
 0.00000e+00
 0.00000e+00
 0.00000e+00
 0.00000e+00
 0.00000e+00
 0.00000e+00
 0.00000e+00
 0.00000e+00
 0.00000e+00
 0.00000e+00
 0.00000e+00
 0.00000e+00
 0.00000e+00
 0.00000e+00
 0.00000e+00
 0.00000e+00
 0.00000e+00
 0.00000e+00
 0.00000e+00
 0.00000e+00
 0.00000e+00
 0.00000e+00
 0.00000e+00
 0.00000e+00
 0.00000e+00
 0.00000e+00
 0.00000e+00
 0.00000e+00
 0.00000e+00
 0.00000e+00
 0.00000e+00
 0.00000e+00
 0.00000e+00
 0.00000e+00
 0.00000e+00
 0.00000e+00
 0.00000e+00
 0.00000e+00
 0.00000e+00
 0.00000e+00
 0.00000e+00
 0.00000e+00
 0.00000e+00
 0.00000e+00
 0.00000e+00
 0.00000e+00
 0.00000e+00
 0.00000e+00
 0.00000e+00
 0.00000e+00
 0.00000e+00
 0.00000e+00
 0.00000e+00
 0.00000e+00
 0.00000e+00
 0.00000e+00
 0.00000e+00
 0.00000e+00
 0.00000e+00
 0.00000e+00
