Materiau
part
         1
quad4
 7.62842e-01
 6.58862e-01
 6.52932e-01
 6.34865e-01
 6.26972e-01
 6.14620e-01
 5.86259e-01
 5.70393e-01
 5.58990e-01
 5.51465e-01
 5.35178e-01
 5.30050e-01
 5.18520e-01
 5.09622e-01
 4.98529e-01
 4.87671e-01
 4.75964e-01
 4.63960e-01
 4.51442e-01
 4.38511e-01
 4.25143e-01
 4.11344e-01
 3.97120e-01
 3.82459e-01
 3.67364e-01
 3.51823e-01
 3.35827e-01
 3.19360e-01
 3.02402e-01
 2.84919e-01
 2.66866e-01
 2.48188e-01
 2.28775e-01
 2.08424e-01
 1.86852e-01
 1.63761e-01
 1.38913e-01
 1.12240e-01
 8.42319e-02
 5.65368e-02
 3.16680e-02
 1.28581e-02
 2.84053e-03
 1.72878e-04
 1.09858e-06
 4.80818e-10
 0.00000e+00
 0.00000e+00
 0.00000e+00
 0.00000e+00
 0.00000e+00
 0.00000e+00
 0.00000e+00
 0.00000e+00
 0.00000e+00
 0.00000e+00
 0.00000e+00
 0.00000e+00
 0.00000e+00
 0.00000e+00
 6.58862e-01
 6.55590e-01
 6.52967e-01
 6.46572e-01
 6.25004e-01
 6.37375e-01
 6.23354e-01
 5.97389e-01
 5.87486e-01
 5.69570e-01
 5.50101e-01
 5.35250e-01
 5.16338e-01
 5.00084e-01
 4.82395e-01
 4.66117e-01
 4.49742e-01
 4.34064e-01
 4.18594e-01
 4.03445e-01
 3.88471e-01
 3.73614e-01
 3.58814e-01
 3.43996e-01
 3.29115e-01
 3.14112e-01
 2.98945e-01
 2.83560e-01
 2.67912e-01
 2.51944e-01
 2.35593e-01
 2.18787e-01
 2.01408e-01
 1.83257e-01
 1.64071e-01
 1.43577e-01
 1.21566e-01
 9.79923e-02
 7.33119e-02
 4.90023e-02
 2.72827e-02
 1.09676e-02
 2.37962e-03
 1.39334e-04
 8.39735e-07
 3.46628e-10
 0.00000e+00
 0.00000e+00
 0.00000e+00
 0.00000e+00
 0.00000e+00
 0.00000e+00
 0.00000e+00
 0.00000e+00
 0.00000e+00
 0.00000e+00
 0.00000e+00
 0.00000e+00
 0.00000e+00
 0.00000e+00
 6.52932e-01
 6.52967e-01
 6.55267e-01
 6.56812e-01
 6.38575e-01
 6.38640e-01
 6.35439e-01
 5.96850e-01
 5.92210e-01
 5.62714e-01
 5.50961e-01
 5.28862e-01
 5.11566e-01
 4.93074e-01
 4.75518e-01
 4.58496e-01
 4.41879e-01
 4.25770e-01
 4.10023e-01
 3.94602e-01
 3.79427e-01
 3.64428e-01
 3.49546e-01
 3.34719e-01
 3.19891e-01
 3.05009e-01
 2.90023e-01
 2.74881e-01
 2.59530e-01
 2.43910e-01
 2.27956e-01
 2.11590e-01
 1.94689e-01
 1.77051e-01
 1.58409e-01
 1.38498e-01
 1.17104e-01
 9.41932e-02
 7.02299e-02
 4.66803e-02
 2.57315e-02
 1.01486e-02
 2.12235e-03
 1.14807e-04
 6.22260e-07
 2.28424e-10
 0.00000e+00
 0.00000e+00
 0.00000e+00
 0.00000e+00
 0.00000e+00
 0.00000e+00
 0.00000e+00
 0.00000e+00
 0.00000e+00
 0.00000e+00
 0.00000e+00
 0.00000e+00
 0.00000e+00
 0.00000e+00
 6.34865e-01
 6.46572e-01
 6.56812e-01
 6.52305e-01
 6.39758e-01
 6.37136e-01
 6.18908e-01
 6.03104e-01
 5.81820e-01
 5.58801e-01
 5.38298e-01
 5.17529e-01
 4.97933e-01
 4.79476e-01
 4.61560e-01
 4.44533e-01
 4.27961e-01
 4.11969e-01
 3.96354e-01
 3.81101e-01
 3.66108e-01
 3.51324e-01
 3.36684e-01
 3.22131e-01
 3.07616e-01
 2.93083e-01
 2.78484e-01
 2.63764e-01
 2.48872e-01
 2.33744e-01
 2.18313e-01
 2.02498e-01
 1.86171e-01
 1.69126e-01
 1.51101e-01
 1.31840e-01
 1.11141e-01
 8.89980e-02
 6.59130e-02
 4.33604e-02
 2.34959e-02
 8.98103e-03
 1.76942e-03
 8.44047e-05
 3.88425e-07
 1.18888e-10
 0.00000e+00
 0.00000e+00
 0.00000e+00
 0.00000e+00
 0.00000e+00
 0.00000e+00
 0.00000e+00
 0.00000e+00
 0.00000e+00
 0.00000e+00
 0.00000e+00
 0.00000e+00
 0.00000e+00
 0.00000e+00
 6.26972e-01
 6.25004e-01
 6.38575e-01
 6.39758e-01
 6.36028e-01
 6.30847e-01
 6.19045e-01
 5.99458e-01
 5.77855e-01
 5.55213e-01
 5.33835e-01
 5.12142e-01
 4.92228e-01
 4.72510e-01
 4.54138e-01
 4.36283e-01
 4.19310e-01
 4.02851e-01
 3.86965e-01
 3.71479e-01
 3.56360e-01
 3.41510e-01
 3.26875e-01
 3.12389e-01
 2.97993e-01
 2.83634e-01
 2.69252e-01
 2.54796e-01
 2.40204e-01
 2.25411e-01
 2.10344e-01
 1.94919e-01
 1.78999e-01
 1.62373e-01
 1.44780e-01
 1.25976e-01
 1.05764e-01
 8.41736e-02
 6.17668e-02
 4.00484e-02
 2.11762e-02
 7.73670e-03
 1.39779e-03
 5.57674e-05
 2.04873e-07
 0.00000e+00
 0.00000e+00
 0.00000e+00
 0.00000e+00
 0.00000e+00
 0.00000e+00
 0.00000e+00
 0.00000e+00
 0.00000e+00
 0.00000e+00
 0.00000e+00
 0.00000e+00
 0.00000e+00
 0.00000e+00
 0.00000e+00
 6.14620e-01
 6.37375e-01
 6.38640e-01
 6.37136e-01
 6.30847e-01
 6.21639e-01
 6.05630e-01
 5.87048e-01
 5.64986e-01
 5.42698e-01
 5.20719e-01
 4.99913e-01
 4.79786e-01
 4.60728e-01
 4.42433e-01
 4.24949e-01
 4.08114e-01
 3.91883e-01
 3.76146e-01
 3.60844e-01
 3.45891e-01
 3.31228e-01
 3.16789e-01
 3.02515e-01
 2.88352e-01
 2.74240e-01
 2.60131e-01
 2.45964e-01
 2.31682e-01
 2.17216e-01
 2.02495e-01
 1.87428e-01
 1.71872e-01
 1.55612e-01
 1.38390e-01
 1.19972e-01
 1.00172e-01
 7.90680e-02
 5.73057e-02
 3.64346e-02
 1.86315e-02
 6.39920e-03
 1.02575e-03
 3.22207e-05
 8.86003e-08
 0.00000e+00
 0.00000e+00
 0.00000e+00
 0.00000e+00
 0.00000e+00
 0.00000e+00
 0.00000e+00
 0.00000e+00
 0.00000e+00
 0.00000e+00
 0.00000e+00
 0.00000e+00
 0.00000e+00
 0.00000e+00
 0.00000e+00
 5.86259e-01
 6.23354e-01
 6.35439e-01
 6.18908e-01
 6.19045e-01
 6.05630e-01
 5.89951e-01
 5.71302e-01
 5.50795e-01
 5.29402e-01
 5.08623e-01
 4.88015e-01
 4.68471e-01
 4.49534e-01
 4.31505e-01
 4.14122e-01
 3.97453e-01
 3.81334e-01
 3.65747e-01
 3.50586e-01
 3.35799e-01
 3.21313e-01
 3.07066e-01
 2.93004e-01
 2.79064e-01
 2.65199e-01
 2.51345e-01
 2.37453e-01
 2.23457e-01
 2.09291e-01
 1.94880e-01
 1.80131e-01
 1.64890e-01
 1.48938e-01
 1.32019e-01
 1.13914e-01
 9.44503e-02
 7.37637e-02
 5.26151e-02
 3.26085e-02
 1.59537e-02
 5.04987e-03
 6.88658e-04
 1.59085e-05
 3.06567e-08
 0.00000e+00
 0.00000e+00
 0.00000e+00
 0.00000e+00
 0.00000e+00
 0.00000e+00
 0.00000e+00
 0.00000e+00
 0.00000e+00
 0.00000e+00
 0.00000e+00
 0.00000e+00
 0.00000e+00
 0.00000e+00
 0.00000e+00
 5.70393e-01
 5.97389e-01
 5.96850e-01
 6.03104e-01
 5.99458e-01
 5.87048e-01
 5.71302e-01
 5.52585e-01
 5.33155e-01
 5.12970e-01
 4.93175e-01
 4.73741e-01
 4.54943e-01
 4.36791e-01
 4.19283e-01
 4.02423e-01
 3.86123e-01
 3.70369e-01
 3.55069e-01
 3.40187e-01
 3.25650e-01
 3.11407e-01
 2.97403e-01
 2.83579e-01
 2.69890e-01
 2.56273e-01
 2.42682e-01
 2.29057e-01
 2.15337e-01
 2.01453e-01
 1.87331e-01
 1.72869e-01
 1.57906e-01
 1.42217e-01
 1.25550e-01
 1.07697e-01
 8.85153e-02
 6.82084e-02
 4.76791e-02
 2.85976e-02
 1.32083e-02
 3.76069e-03
 4.11936e-04
 6.50192e-06
 8.23734e-09
 0.00000e+00
 0.00000e+00
 0.00000e+00
 0.00000e+00
 0.00000e+00
 0.00000e+00
 0.00000e+00
 0.00000e+00
 0.00000e+00
 0.00000e+00
 0.00000e+00
 0.00000e+00
 0.00000e+00
 0.00000e+00
 0.00000e+00
 5.58990e-01
 5.87486e-01
 5.92210e-01
 5.81820e-01
 5.77855e-01
 5.64986e-01
 5.50795e-01
 5.33155e-01
 5.15065e-01
 4.96179e-01
 4.77540e-01
 4.59068e-01
 4.41122e-01
 4.23653e-01
 4.06769e-01
 3.90403e-01
 3.74567e-01
 3.59192e-01
 3.44252e-01
 3.29686e-01
 3.15447e-01
 3.01488e-01
 2.87750e-01
 2.74196e-01
 2.60763e-01
 2.47413e-01
 2.34083e-01
 2.20724e-01
 2.07271e-01
 1.93656e-01
 1.79803e-01
 1.65604e-01
 1.50885e-01
 1.35416e-01
 1.18952e-01
 1.01296e-01
 8.23509e-02
 6.24079e-02
 4.25300e-02
 2.44681e-02
 1.04893e-02
 2.60489e-03
 2.11111e-04
 2.12994e-06
 1.66715e-09
 0.00000e+00
 0.00000e+00
 0.00000e+00
 0.00000e+00
 0.00000e+00
 0.00000e+00
 0.00000e+00
 0.00000e+00
 0.00000e+00
 0.00000e+00
 0.00000e+00
 0.00000e+00
 0.00000e+00
 0.00000e+00
 0.00000e+00
 5.51465e-01
 5.69570e-01
 5.62714e-01
 5.58801e-01
 5.55213e-01
 5.42698e-01
 5.29402e-01
 5.12970e-01
 4.96179e-01
 4.78572e-01
 4.61108e-01
 4.43740e-01
 4.26714e-01
 4.10080e-01
 3.93869e-01
 3.78112e-01
 3.62779e-01
 3.47858e-01
 3.33311e-01
 3.19102e-01
 3.05193e-01
 2.91534e-01
 2.78093e-01
 2.64811e-01
 2.51656e-01
 2.38568e-01
 2.25505e-01
 2.12407e-01
 1.99213e-01
 1.85855e-01
 1.72255e-01
 1.58293e-01
 1.43785e-01
 1.28495e-01
 1.12189e-01
 9.46793e-02
 7.59371e-02
 5.63708e-02
 3.72097e-02
 2.02999e-02
 7.90339e-03
 1.64009e-03
 9.04664e-05
 5.42013e-07
 2.42834e-10
 0.00000e+00
 0.00000e+00
 0.00000e+00
 0.00000e+00
 0.00000e+00
 0.00000e+00
 0.00000e+00
 0.00000e+00
 0.00000e+00
 0.00000e+00
 0.00000e+00
 0.00000e+00
 0.00000e+00
 0.00000e+00
 0.00000e+00
 5.35178e-01
 5.50101e-01
 5.50961e-01
 5.38298e-01
 5.33835e-01
 5.20719e-01
 5.08623e-01
 4.93175e-01
 4.77540e-01
 4.61108e-01
 4.44699e-01
 4.28317e-01
 4.12166e-01
 3.96307e-01
 3.80792e-01
 3.65633e-01
 3.50835e-01
 3.36387e-01
 3.22261e-01
 3.08438e-01
 2.94874e-01
 2.81547e-01
 2.68404e-01
 2.55420e-01
 2.42538e-01
 2.29724e-01
 2.16922e-01
 2.04083e-01
 1.91140e-01
 1.78028e-01
 1.64662e-01
 1.50912e-01
 1.36579e-01
 1.21426e-01
 1.05233e-01
 8.78256e-02
 6.92649e-02
 5.01215e-02
 3.17816e-02
 1.61958e-02
 5.56674e-03
 9.10926e-04
 3.10905e-05
 1.02537e-07
 0.00000e+00
 0.00000e+00
 0.00000e+00
 0.00000e+00
 0.00000e+00
 0.00000e+00
 0.00000e+00
 0.00000e+00
 0.00000e+00
 0.00000e+00
 0.00000e+00
 0.00000e+00
 0.00000e+00
 0.00000e+00
 0.00000e+00
 0.00000e+00
 5.30050e-01
 5.35250e-01
 5.28862e-01
 5.17529e-01
 5.12142e-01
 4.99913e-01
 4.88015e-01
 4.73741e-01
 4.59068e-01
 4.43740e-01
 4.28317e-01
 4.12877e-01
 3.97567e-01
 3.82467e-01
 3.67626e-01
 3.53070e-01
 3.38810e-01
 3.24838e-01
 3.11150e-01
 2.97713e-01
 2.84519e-01
 2.71518e-01
 2.58696e-01
 2.46000e-01
 2.33407e-01
 2.20861e-01
 2.08323e-01
 1.95734e-01
 1.83034e-01
 1.70155e-01
 1.57005e-01
 1.43437e-01
 1.29241e-01
 1.14182e-01
 9.80539e-02
 8.07165e-02
 6.23376e-02
 4.36999e-02
 2.63324e-02
 1.22827e-02
 3.59199e-03
 4.25910e-04
 8.08502e-06
 1.36774e-08
 0.00000e+00
 0.00000e+00
 0.00000e+00
 0.00000e+00
 0.00000e+00
 0.00000e+00
 0.00000e+00
 0.00000e+00
 0.00000e+00
 0.00000e+00
 0.00000e+00
 0.00000e+00
 0.00000e+00
 0.00000e+00
 0.00000e+00
 0.00000e+00
 5.18520e-01
 5.16338e-01
 5.11566e-01
 4.97933e-01
 4.92228e-01
 4.79786e-01
 4.68471e-01
 4.54943e-01
 4.41122e-01
 4.26714e-01
 4.12166e-01
 3.97567e-01
 3.83034e-01
 3.68648e-01
 3.54451e-01
 3.40482e-01
 3.26746e-01
 3.13259e-01
 2.99996e-01
 2.86966e-01
 2.74125e-01
 2.61473e-01
 2.48958e-01
 2.36569e-01
 2.24252e-01
 2.11979e-01
 1.99696e-01
 1.87351e-01
 1.74883e-01
 1.62223e-01
 1.49265e-01
 1.35846e-01
 1.21746e-01
 1.06735e-01
 9.06239e-02
 7.33367e-02
 5.51773e-02
 3.71679e-02
 2.09785e-02
 8.71311e-03
 2.06281e-03
 1.54988e-04
 1.49722e-06
 1.22034e-09
 0.00000e+00
 0.00000e+00
 0.00000e+00
 0.00000e+00
 0.00000e+00
 0.00000e+00
 0.00000e+00
 0.00000e+00
 0.00000e+00
 0.00000e+00
 0.00000e+00
 0.00000e+00
 0.00000e+00
 0.00000e+00
 0.00000e+00
 0.00000e+00
 5.09622e-01
 5.00084e-01
 4.93074e-01
 4.79476e-01
 4.72510e-01
 4.60728e-01
 4.49534e-01
 4.36791e-01
 4.23653e-01
 4.10080e-01
 3.96307e-01
 3.82467e-01
 3.68648e-01
 3.54919e-01
 3.41336e-01
 3.27918e-01
 3.14700e-01
 3.01669e-01
 2.88845e-01
 2.76195e-01
 2.63730e-01
 2.51404e-01
 2.39214e-01
 2.27114e-01
 2.15082e-01
 2.03070e-01
 1.91038e-01
 1.78927e-01
 1.66680e-01
 1.54220e-01
 1.41426e-01
 1.28116e-01
 1.14066e-01
 9.90555e-02
 8.29173e-02
 6.56776e-02
 4.78273e-02
 3.06203e-02
 1.58708e-02
 5.65295e-03
 1.00509e-03
 4.19033e-05
 1.88544e-07
 0.00000e+00
 0.00000e+00
 0.00000e+00
 0.00000e+00
 0.00000e+00
 0.00000e+00
 0.00000e+00
 0.00000e+00
 0.00000e+00
 0.00000e+00
 0.00000e+00
 0.00000e+00
 0.00000e+00
 0.00000e+00
 0.00000e+00
 0.00000e+00
 0.00000e+00
 4.98529e-01
 4.82395e-01
 4.75518e-01
 4.61560e-01
 4.54138e-01
 4.42433e-01
 4.31505e-01
 4.19283e-01
 4.06769e-01
 3.93869e-01
 3.80792e-01
 3.67626e-01
 3.54451e-01
 3.41336e-01
 3.28314e-01
 3.15432e-01
 3.02690e-01
 2.90121e-01
 2.77699e-01
 2.65447e-01
 2.53325e-01
 2.41342e-01
 2.29455e-01
 2.17652e-01
 2.05890e-01
 1.94138e-01
 1.82344e-01
 1.70456e-01
 1.58414e-01
 1.46131e-01
 1.33465e-01
 1.20219e-01
 1.06167e-01
 9.11077e-02
 7.49147e-02
 5.77505e-02
 4.03583e-02
 2.41938e-02
 1.11978e-02
 3.25073e-03
 3.87109e-04
 7.75308e-06
 1.50013e-08
 0.00000e+00
 0.00000e+00
 0.00000e+00
 0.00000e+00
 0.00000e+00
 0.00000e+00
 0.00000e+00
 0.00000e+00
 0.00000e+00
 0.00000e+00
 0.00000e+00
 0.00000e+00
 0.00000e+00
 0.00000e+00
 0.00000e+00
 0.00000e+00
 0.00000e+00
 4.87671e-01
 4.66117e-01
 4.58496e-01
 4.44533e-01
 4.36283e-01
 4.24949e-01
 4.14122e-01
 4.02423e-01
 3.90403e-01
 3.78112e-01
 3.65633e-01
 3.53070e-01
 3.40482e-01
 3.27918e-01
 3.15432e-01
 3.03033e-01
 2.90765e-01
 2.78611e-01
 2.66603e-01
 2.54710e-01
 2.42947e-01
 2.31278e-01
 2.19701e-01
 2.08176e-01
 1.96683e-01
 1.85175e-01
 1.73609e-01
 1.61930e-01
 1.50075e-01
 1.37937e-01
 1.25356e-01
 1.12122e-01
 9.80129e-02
 8.28545e-02
 6.66036e-02
 4.96023e-02
 3.28801e-02
 1.80745e-02
 7.17952e-03
 1.58103e-03
 1.04839e-04
 9.02224e-07
 7.00994e-10
 0.00000e+00
 0.00000e+00
 0.00000e+00
 0.00000e+00
 0.00000e+00
 0.00000e+00
 0.00000e+00
 0.00000e+00
 0.00000e+00
 0.00000e+00
 0.00000e+00
 0.00000e+00
 0.00000e+00
 0.00000e+00
 0.00000e+00
 0.00000e+00
 0.00000e+00
 4.75964e-01
 4.49742e-01
 4.41879e-01
 4.27961e-01
 4.19310e-01
 4.08114e-01
 3.97453e-01
 3.86123e-01
 3.74567e-01
 3.62779e-01
 3.50835e-01
 3.38810e-01
 3.26746e-01
 3.14700e-01
 3.02690e-01
 2.90765e-01
 2.78917e-01
 2.67186e-01
 2.55546e-01
 2.44022e-01
 2.32583e-01
 2.21236e-01
 2.09945e-01
 1.98697e-01
 1.87455e-01
 1.76181e-01
 1.64827e-01
 1.53340e-01
 1.41645e-01
 1.29613e-01
 1.17064e-01
 1.03781e-01
 8.95610e-02
 7.42665e-02
 5.79897e-02
 4.13225e-02
 2.55591e-02
 1.25014e-02
 4.02943e-03
 6.00449e-04
 1.85107e-05
 6.18348e-08
 0.00000e+00
 0.00000e+00
 0.00000e+00
 0.00000e+00
 0.00000e+00
 0.00000e+00
 0.00000e+00
 0.00000e+00
 0.00000e+00
 0.00000e+00
 0.00000e+00
 0.00000e+00
 0.00000e+00
 0.00000e+00
 0.00000e+00
 0.00000e+00
 0.00000e+00
 0.00000e+00
 4.63960e-01
 4.34064e-01
 4.25770e-01
 4.11969e-01
 4.02851e-01
 3.91883e-01
 3.81334e-01
 3.70369e-01
 3.59192e-01
 3.47858e-01
 3.36387e-01
 3.24838e-01
 3.13259e-01
 3.01669e-01
 2.90121e-01
 2.78611e-01
 2.67186e-01
 2.55825e-01
 2.44561e-01
 2.33368e-01
 2.22258e-01
 2.11203e-01
 2.00196e-01
 1.89207e-01
 1.78204e-01
 1.67146e-01
 1.55989e-01
 1.44672e-01
 1.33100e-01
 1.21123e-01
 1.08544e-01
 9.51492e-02
 8.07638e-02
 6.53289e-02
 4.91250e-02
 3.30531e-02
 1.86324e-02
 7.75775e-03
 1.87622e-03
 1.55064e-04
 1.88723e-06
 2.27076e-09
 0.00000e+00
 0.00000e+00
 0.00000e+00
 0.00000e+00
 0.00000e+00
 0.00000e+00
 0.00000e+00
 0.00000e+00
 0.00000e+00
 0.00000e+00
 0.00000e+00
 0.00000e+00
 0.00000e+00
 0.00000e+00
 0.00000e+00
 0.00000e+00
 0.00000e+00
 0.00000e+00
 4.51442e-01
 4.18594e-01
 4.10023e-01
 3.96354e-01
 3.86965e-01
 3.76146e-01
 3.65747e-01
 3.55069e-01
 3.44252e-01
 3.33311e-01
 3.22261e-01
 3.11150e-01
 2.99996e-01
 2.88845e-01
 2.77699e-01
 2.66603e-01
 2.55546e-01
 2.44561e-01
 2.33629e-01
 2.22770e-01
 2.11957e-01
 2.01191e-01
 1.90447e-01
 1.79703e-01
 1.68920e-01
 1.58062e-01
 1.47080e-01
 1.35902e-01
 1.24406e-01
 1.12420e-01
 9.97412e-02
 8.61711e-02
 7.15818e-02
 5.60533e-02
 4.01286e-02
 2.50115e-02
 1.24100e-02
 4.12262e-03
 6.59669e-04
 2.39751e-05
 1.02271e-07
 0.00000e+00
 0.00000e+00
 0.00000e+00
 0.00000e+00
 0.00000e+00
 0.00000e+00
 0.00000e+00
 0.00000e+00
 0.00000e+00
 0.00000e+00
 0.00000e+00
 0.00000e+00
 0.00000e+00
 0.00000e+00
 0.00000e+00
 0.00000e+00
 0.00000e+00
 0.00000e+00
 0.00000e+00
 4.38511e-01
 4.03445e-01
 3.94602e-01
 3.81101e-01
 3.71479e-01
 3.60844e-01
 3.50586e-01
 3.40187e-01
 3.29686e-01
 3.19102e-01
 3.08438e-01
 2.97713e-01
 2.86966e-01
 2.76195e-01
 2.65447e-01
 2.54710e-01
 2.44022e-01
 2.33368e-01
 2.22770e-01
 2.12208e-01
 2.01687e-01
 1.91187e-01
 1.80693e-01
 1.70172e-01
 1.59593e-01
 1.48914e-01
 1.38080e-01
 1.26994e-01
 1.15511e-01
 1.03444e-01
 9.05906e-02
 7.67898e-02
 6.20021e-02
 4.65147e-02
 3.11982e-02
 1.75108e-02
 7.25502e-03
 1.75278e-03
 1.47955e-04
 1.92911e-06
 2.64999e-09
 0.00000e+00
 0.00000e+00
 0.00000e+00
 0.00000e+00
 0.00000e+00
 0.00000e+00
 0.00000e+00
 0.00000e+00
 0.00000e+00
 0.00000e+00
 0.00000e+00
 0.00000e+00
 0.00000e+00
 0.00000e+00
 0.00000e+00
 0.00000e+00
 0.00000e+00
 0.00000e+00
 0.00000e+00
 4.25143e-01
 3.88471e-01
 3.79427e-01
 3.66108e-01
 3.56360e-01
 3.45891e-01
 3.35799e-01
 3.25650e-01
 3.15447e-01
 3.05193e-01
 2.94874e-01
 2.84519e-01
 2.74125e-01
 2.63730e-01
 2.53325e-01
 2.42947e-01
 2.32583e-01
 2.22258e-01
 2.11957e-01
 2.01687e-01
 1.91434e-01
 1.81186e-01
 1.70917e-01
 1.60601e-01
 1.50204e-01
 1.39679e-01
 1.28950e-01
 1.17896e-01
 1.06350e-01
 9.41192e-02
 8.10233e-02
 6.69640e-02
 5.20585e-02
 3.68858e-02
 2.26348e-02
 1.09573e-02
 3.50223e-03
 5.28514e-04
 1.77548e-05
 7.24574e-08
 0.00000e+00
 0.00000e+00
 0.00000e+00
 0.00000e+00
 0.00000e+00
 0.00000e+00
 0.00000e+00
 0.00000e+00
 0.00000e+00
 0.00000e+00
 0.00000e+00
 0.00000e+00
 0.00000e+00
 0.00000e+00
 0.00000e+00
 0.00000e+00
 0.00000e+00
 0.00000e+00
 0.00000e+00
 0.00000e+00
 4.11344e-01
 3.73614e-01
 3.64428e-01
 3.51324e-01
 3.41510e-01
 3.31228e-01
 3.21313e-01
 3.11407e-01
 3.01488e-01
 2.91534e-01
 2.81547e-01
 2.71518e-01
 2.61473e-01
 2.51404e-01
 2.41342e-01
 2.31278e-01
 2.21236e-01
 2.11203e-01
 2.01191e-01
 1.91187e-01
 1.81186e-01
 1.71164e-01
 1.61102e-01
 1.50970e-01
 1.40729e-01
 1.30318e-01
 1.19636e-01
 1.08536e-01
 9.68398e-02
 8.43635e-02
 7.09779e-02
 5.66975e-02
 4.18824e-02
 2.74554e-02
 1.48643e-02
 5.80339e-03
 1.27290e-03
 9.04250e-05
 9.64446e-07
 1.12673e-09
 0.00000e+00
 0.00000e+00
 0.00000e+00
 0.00000e+00
 0.00000e+00
 0.00000e+00
 0.00000e+00
 0.00000e+00
 0.00000e+00
 0.00000e+00
 0.00000e+00
 0.00000e+00
 0.00000e+00
 0.00000e+00
 0.00000e+00
 0.00000e+00
 0.00000e+00
 0.00000e+00
 0.00000e+00
 0.00000e+00
 3.97120e-01
 3.58814e-01
 3.49546e-01
 3.36684e-01
 3.26875e-01
 3.16789e-01
 3.07066e-01
 2.97403e-01
 2.87750e-01
 2.78093e-01
 2.68404e-01
 2.58696e-01
 2.48958e-01
 2.39214e-01
 2.29455e-01
 2.19701e-01
 2.09945e-01
 2.00196e-01
 1.90447e-01
 1.80693e-01
 1.70917e-01
 1.61102e-01
 1.51224e-01
 1.41250e-01
 1.31128e-01
 1.20773e-01
 1.10058e-01
 9.88203e-02
 8.68825e-02
 7.40997e-02
 6.04290e-02
 4.60812e-02
 3.17461e-02
 1.86559e-02
 8.41408e-03
 2.39169e-03
 2.93117e-04
 7.07986e-06
 2.08760e-08
 0.00000e+00
 0.00000e+00
 0.00000e+00
 0.00000e+00
 0.00000e+00
 0.00000e+00
 0.00000e+00
 0.00000e+00
 0.00000e+00
 0.00000e+00
 0.00000e+00
 0.00000e+00
 0.00000e+00
 0.00000e+00
 0.00000e+00
 0.00000e+00
 0.00000e+00
 0.00000e+00
 0.00000e+00
 0.00000e+00
 0.00000e+00
 3.82459e-01
 3.43996e-01
 3.34719e-01
 3.22131e-01
 3.12389e-01
 3.02515e-01
 2.93004e-01
 2.83579e-01
 2.74196e-01
 2.64811e-01
 2.55420e-01
 2.46000e-01
 2.36569e-01
 2.27114e-01
 2.17652e-01
 2.08176e-01
 1.98697e-01
 1.89207e-01
 1.79703e-01
 1.70172e-01
 1.60601e-01
 1.50970e-01
 1.41250e-01
 1.31396e-01
 1.21335e-01
 1.10956e-01
 1.00112e-01
 8.86387e-02
 7.63851e-02
 6.32799e-02
 4.94366e-02
 3.53626e-02
 2.20865e-02
 1.10653e-02
 3.79500e-03
 6.69373e-04
 3.17083e-05
 2.10390e-07
 1.55843e-10
 0.00000e+00
 0.00000e+00
 0.00000e+00
 0.00000e+00
 0.00000e+00
 0.00000e+00
 0.00000e+00
 0.00000e+00
 0.00000e+00
 0.00000e+00
 0.00000e+00
 0.00000e+00
 0.00000e+00
 0.00000e+00
 0.00000e+00
 0.00000e+00
 0.00000e+00
 0.00000e+00
 0.00000e+00
 0.00000e+00
 0.00000e+00
 3.67364e-01
 3.29115e-01
 3.19891e-01
 3.07616e-01
 2.97993e-01
 2.88352e-01
 2.79064e-01
 2.69890e-01
 2.60763e-01
 2.51656e-01
 2.42538e-01
 2.33407e-01
 2.24252e-01
 2.15082e-01
 2.05890e-01
 1.96683e-01
 1.87455e-01
 1.78204e-01
 1.68920e-01
 1.59593e-01
 1.50204e-01
 1.40729e-01
 1.31128e-01
 1.21335e-01
 1.11252e-01
 1.00750e-01
 8.96750e-02
 7.78816e-02
 6.52842e-02
 5.19391e-02
 3.82212e-02
 2.49826e-02
 1.35210e-02
 5.32132e-03
 1.20709e-03
 9.58998e-05
 1.27545e-06
 2.05731e-09
 0.00000e+00
 0.00000e+00
 0.00000e+00
 0.00000e+00
 0.00000e+00
 0.00000e+00
 0.00000e+00
 0.00000e+00
 0.00000e+00
 0.00000e+00
 0.00000e+00
 0.00000e+00
 0.00000e+00
 0.00000e+00
 0.00000e+00
 0.00000e+00
 0.00000e+00
 0.00000e+00
 0.00000e+00
 0.00000e+00
 0.00000e+00
 0.00000e+00
 3.51823e-01
 3.14112e-01
 3.05009e-01
 2.93083e-01
 2.83634e-01
 2.74240e-01
 2.65199e-01
 2.56273e-01
 2.47413e-01
 2.38568e-01
 2.29724e-01
 2.20861e-01
 2.11979e-01
 2.03070e-01
 1.94138e-01
 1.85175e-01
 1.76181e-01
 1.67146e-01
 1.58062e-01
 1.48914e-01
 1.39679e-01
 1.30318e-01
 1.20773e-01
 1.10956e-01
 1.00750e-01
 9.00175e-02
 7.86215e-02
 6.64732e-02
 5.35967e-02
 4.02788e-02
 2.72304e-02
 1.55973e-02
 6.78707e-03
 1.84357e-03
 2.14137e-04
 5.06027e-06
 1.57962e-08
 0.00000e+00
 0.00000e+00
 0.00000e+00
 0.00000e+00
 0.00000e+00
 0.00000e+00
 0.00000e+00
 0.00000e+00
 0.00000e+00
 0.00000e+00
 0.00000e+00
 0.00000e+00
 0.00000e+00
 0.00000e+00
 0.00000e+00
 0.00000e+00
 0.00000e+00
 0.00000e+00
 0.00000e+00
 0.00000e+00
 0.00000e+00
 0.00000e+00
 0.00000e+00
 3.35827e-01
 2.98945e-01
 2.90023e-01
 2.78484e-01
 2.69252e-01
 2.60131e-01
 2.51345e-01
 2.42682e-01
 2.34083e-01
 2.25505e-01
 2.16922e-01
 2.08323e-01
 1.99696e-01
 1.91038e-01
 1.82344e-01
 1.73609e-01
 1.64827e-01
 1.55989e-01
 1.47080e-01
 1.38080e-01
 1.28950e-01
 1.19636e-01
 1.10058e-01
 1.00112e-01
 8.96750e-02
 7.86215e-02
 6.68671e-02
 5.44216e-02
 4.15173e-02
 2.87603e-02
 1.71632e-02
 8.03025e-03
 2.48463e-03
 3.75900e-04
 1.40965e-05
 7.71205e-08
 0.00000e+00
 0.00000e+00
 0.00000e+00
 0.00000e+00
 0.00000e+00
 0.00000e+00
 0.00000e+00
 0.00000e+00
 0.00000e+00
 0.00000e+00
 0.00000e+00
 0.00000e+00
 0.00000e+00
 0.00000e+00
 0.00000e+00
 0.00000e+00
 0.00000e+00
 0.00000e+00
 0.00000e+00
 0.00000e+00
 0.00000e+00
 0.00000e+00
 0.00000e+00
 0.00000e+00
 3.19360e-01
 2.83560e-01
 2.74881e-01
 2.63764e-01
 2.54796e-01
 2.45964e-01
 2.37453e-01
 2.29057e-01
 2.20724e-01
 2.12407e-01
 2.04083e-01
 1.95734e-01
 1.87351e-01
 1.78927e-01
 1.70456e-01
 1.61930e-01
 1.53340e-01
 1.44672e-01
 1.35902e-01
 1.26994e-01
 1.17896e-01
 1.08536e-01
 9.88203e-02
 8.86387e-02
 7.78816e-02
 6.64732e-02
 5.44216e-02
 4.19306e-02
 2.95336e-02
 1.81340e-02
 8.92702e-03
 3.03129e-03
 5.48594e-04
 2.92637e-05
 2.54284e-07
 2.85609e-10
 0.00000e+00
 0.00000e+00
 0.00000e+00
 0.00000e+00
 0.00000e+00
 0.00000e+00
 0.00000e+00
 0.00000e+00
 0.00000e+00
 0.00000e+00
 0.00000e+00
 0.00000e+00
 0.00000e+00
 0.00000e+00
 0.00000e+00
 0.00000e+00
 0.00000e+00
 0.00000e+00
 0.00000e+00
 0.00000e+00
 0.00000e+00
 0.00000e+00
 0.00000e+00
 0.00000e+00
 3.02402e-01
 2.67912e-01
 2.59530e-01
 2.48872e-01
 2.40204e-01
 2.31682e-01
 2.23457e-01
 2.15337e-01
 2.07271e-01
 1.99213e-01
 1.91140e-01
 1.83034e-01
 1.74883e-01
 1.66680e-01
 1.58414e-01
 1.50075e-01
 1.41645e-01
 1.33100e-01
 1.24406e-01
 1.15511e-01
 1.06350e-01
 9.68398e-02
 8.68825e-02
 7.63851e-02
 6.52842e-02
 5.35967e-02
 4.15173e-02
 2.95336e-02
 1.84626e-02
 9.39557e-03
 3.39688e-03
 6.93741e-04
 4.75934e-05
 5.94912e-07
 1.02464e-09
 0.00000e+00
 0.00000e+00
 0.00000e+00
 0.00000e+00
 0.00000e+00
 0.00000e+00
 0.00000e+00
 0.00000e+00
 0.00000e+00
 0.00000e+00
 0.00000e+00
 0.00000e+00
 0.00000e+00
 0.00000e+00
 0.00000e+00
 0.00000e+00
 0.00000e+00
 0.00000e+00
 0.00000e+00
 0.00000e+00
 0.00000e+00
 0.00000e+00
 0.00000e+00
 0.00000e+00
 0.00000e+00
 2.84919e-01
 2.51944e-01
 2.43910e-01
 2.33744e-01
 2.25411e-01
 2.17216e-01
 2.09291e-01
 2.01453e-01
 1.93656e-01
 1.85855e-01
 1.78028e-01
 1.70155e-01
 1.62223e-01
 1.54220e-01
 1.46131e-01
 1.37937e-01
 1.29613e-01
 1.21123e-01
 1.12420e-01
 1.03444e-01
 9.41192e-02
 8.43635e-02
 7.40997e-02
 6.32799e-02
 5.19391e-02
 4.02788e-02
 2.87603e-02
 1.81340e-02
 9.39557e-03
 3.52515e-03
 7.76484e-04
 6.28625e-05
 1.02587e-06
 2.47588e-09
 0.00000e+00
 0.00000e+00
 0.00000e+00
 0.00000e+00
 0.00000e+00
 0.00000e+00
 0.00000e+00
 0.00000e+00
 0.00000e+00
 0.00000e+00
 0.00000e+00
 0.00000e+00
 0.00000e+00
 0.00000e+00
 0.00000e+00
 0.00000e+00
 0.00000e+00
 0.00000e+00
 0.00000e+00
 0.00000e+00
 0.00000e+00
 0.00000e+00
 0.00000e+00
 0.00000e+00
 0.00000e+00
 0.00000e+00
 2.66866e-01
 2.35593e-01
 2.27956e-01
 2.18313e-01
 2.10344e-01
 2.02495e-01
 1.94880e-01
 1.87331e-01
 1.79803e-01
 1.72255e-01
 1.64662e-01
 1.57005e-01
 1.49265e-01
 1.41426e-01
 1.33465e-01
 1.25356e-01
 1.17064e-01
 1.08544e-01
 9.97412e-02
 9.05906e-02
 8.10233e-02
 7.09779e-02
 6.04290e-02
 4.94366e-02
 3.82212e-02
 2.72304e-02
 1.71632e-02
 8.92702e-03
 3.39688e-03
 7.76484e-04
 6.88228e-05
 1.33829e-06
 4.15022e-09
 0.00000e+00
 0.00000e+00
 0.00000e+00
 0.00000e+00
 0.00000e+00
 0.00000e+00
 0.00000e+00
 0.00000e+00
 0.00000e+00
 0.00000e+00
 0.00000e+00
 0.00000e+00
 0.00000e+00
 0.00000e+00
 0.00000e+00
 0.00000e+00
 0.00000e+00
 0.00000e+00
 0.00000e+00
 0.00000e+00
 0.00000e+00
 0.00000e+00
 0.00000e+00
 0.00000e+00
 0.00000e+00
 0.00000e+00
 0.00000e+00
 2.48188e-01
 2.18787e-01
 2.11590e-01
 2.02498e-01
 1.94919e-01
 1.87428e-01
 1.80131e-01
 1.72869e-01
 1.65604e-01
 1.58293e-01
 1.50912e-01
 1.43437e-01
 1.35846e-01
 1.28116e-01
 1.20219e-01
 1.12122e-01
 1.03781e-01
 9.51492e-02
 8.61711e-02
 7.67898e-02
 6.69640e-02
 5.66975e-02
 4.60812e-02
 3.53626e-02
 2.49826e-02
 1.55973e-02
 8.03025e-03
 3.03129e-03
 6.93741e-04
 6.28625e-05
 1.33829e-06
 4.92323e-09
 0.00000e+00
 0.00000e+00
 0.00000e+00
 0.00000e+00
 0.00000e+00
 0.00000e+00
 0.00000e+00
 0.00000e+00
 0.00000e+00
 0.00000e+00
 0.00000e+00
 0.00000e+00
 0.00000e+00
 0.00000e+00
 0.00000e+00
 0.00000e+00
 0.00000e+00
 0.00000e+00
 0.00000e+00
 0.00000e+00
 0.00000e+00
 0.00000e+00
 0.00000e+00
 0.00000e+00
 0.00000e+00
 0.00000e+00
 0.00000e+00
 0.00000e+00
 2.28775e-01
 2.01408e-01
 1.94689e-01
 1.86171e-01
 1.78999e-01
 1.71872e-01
 1.64890e-01
 1.57906e-01
 1.50885e-01
 1.43785e-01
 1.36579e-01
 1.29241e-01
 1.21746e-01
 1.14066e-01
 1.06167e-01
 9.80129e-02
 8.95610e-02
 8.07638e-02
 7.15818e-02
 6.20021e-02
 5.20585e-02
 4.18824e-02
 3.17461e-02
 2.20865e-02
 1.35210e-02
 6.78707e-03
 2.48463e-03
 5.48594e-04
 4.75934e-05
 1.02587e-06
 4.15022e-09
 0.00000e+00
 0.00000e+00
 0.00000e+00
 0.00000e+00
 0.00000e+00
 0.00000e+00
 0.00000e+00
 0.00000e+00
 0.00000e+00
 0.00000e+00
 0.00000e+00
 0.00000e+00
 0.00000e+00
 0.00000e+00
 0.00000e+00
 0.00000e+00
 0.00000e+00
 0.00000e+00
 0.00000e+00
 0.00000e+00
 0.00000e+00
 0.00000e+00
 0.00000e+00
 0.00000e+00
 0.00000e+00
 0.00000e+00
 0.00000e+00
 0.00000e+00
 0.00000e+00
 2.08424e-01
 1.83257e-01
 1.77051e-01
 1.69126e-01
 1.62373e-01
 1.55612e-01
 1.48938e-01
 1.42217e-01
 1.35416e-01
 1.28495e-01
 1.21426e-01
 1.14182e-01
 1.06735e-01
 9.90555e-02
 9.11077e-02
 8.28545e-02
 7.42665e-02
 6.53289e-02
 5.60533e-02
 4.65147e-02
 3.68858e-02
 2.74554e-02
 1.86559e-02
 1.10653e-02
 5.32132e-03
 1.84357e-03
 3.75900e-04
 2.92637e-05
 5.94912e-07
 2.47588e-09
 0.00000e+00
 0.00000e+00
 0.00000e+00
 0.00000e+00
 0.00000e+00
 0.00000e+00
 0.00000e+00
 0.00000e+00
 0.00000e+00
 0.00000e+00
 0.00000e+00
 0.00000e+00
 0.00000e+00
 0.00000e+00
 0.00000e+00
 0.00000e+00
 0.00000e+00
 0.00000e+00
 0.00000e+00
 0.00000e+00
 0.00000e+00
 0.00000e+00
 0.00000e+00
 0.00000e+00
 0.00000e+00
 0.00000e+00
 0.00000e+00
 0.00000e+00
 0.00000e+00
 0.00000e+00
 1.86852e-01
 1.64071e-01
 1.58409e-01
 1.51101e-01
 1.44780e-01
 1.38390e-01
 1.32019e-01
 1.25550e-01
 1.18952e-01
 1.12189e-01
 1.05233e-01
 9.80539e-02
 9.06239e-02
 8.29173e-02
 7.49147e-02
 6.66036e-02
 5.79897e-02
 4.91250e-02
 4.01286e-02
 3.11982e-02
 2.26348e-02
 1.48643e-02
 8.41408e-03
 3.79500e-03
 1.20709e-03
 2.14137e-04
 1.40965e-05
 2.54284e-07
 1.02464e-09
 0.00000e+00
 0.00000e+00
 0.00000e+00
 0.00000e+00
 0.00000e+00
 0.00000e+00
 0.00000e+00
 0.00000e+00
 0.00000e+00
 0.00000e+00
 0.00000e+00
 0.00000e+00
 0.00000e+00
 0.00000e+00
 0.00000e+00
 0.00000e+00
 0.00000e+00
 0.00000e+00
 0.00000e+00
 0.00000e+00
 0.00000e+00
 0.00000e+00
 0.00000e+00
 0.00000e+00
 0.00000e+00
 0.00000e+00
 0.00000e+00
 0.00000e+00
 0.00000e+00
 0.00000e+00
 0.00000e+00
 1.63761e-01
 1.43577e-01
 1.38498e-01
 1.31840e-01
 1.25976e-01
 1.19972e-01
 1.13914e-01
 1.07697e-01
 1.01296e-01
 9.46793e-02
 8.78256e-02
 8.07165e-02
 7.33367e-02
 6.56776e-02
 5.77505e-02
 4.96023e-02
 4.13225e-02
 3.30531e-02
 2.50115e-02
 1.75108e-02
 1.09573e-02
 5.80339e-03
 2.39169e-03
 6.69373e-04
 9.58998e-05
 5.06027e-06
 7.71205e-08
 2.85609e-10
 0.00000e+00
 0.00000e+00
 0.00000e+00
 0.00000e+00
 0.00000e+00
 0.00000e+00
 0.00000e+00
 0.00000e+00
 0.00000e+00
 0.00000e+00
 0.00000e+00
 0.00000e+00
 0.00000e+00
 0.00000e+00
 0.00000e+00
 0.00000e+00
 0.00000e+00
 0.00000e+00
 0.00000e+00
 0.00000e+00
 0.00000e+00
 0.00000e+00
 0.00000e+00
 0.00000e+00
 0.00000e+00
 0.00000e+00
 0.00000e+00
 0.00000e+00
 0.00000e+00
 0.00000e+00
 0.00000e+00
 0.00000e+00
 1.38913e-01
 1.21566e-01
 1.17104e-01
 1.11141e-01
 1.05764e-01
 1.00172e-01
 9.44503e-02
 8.85153e-02
 8.23509e-02
 7.59371e-02
 6.92649e-02
 6.23376e-02
 5.51773e-02
 4.78273e-02
 4.03583e-02
 3.28801e-02
 2.55591e-02
 1.86324e-02
 1.24100e-02
 7.25502e-03
 3.50223e-03
 1.27290e-03
 2.93117e-04
 3.17083e-05
 1.27545e-06
 1.57962e-08
 0.00000e+00
 0.00000e+00
 0.00000e+00
 0.00000e+00
 0.00000e+00
 0.00000e+00
 0.00000e+00
 0.00000e+00
 0.00000e+00
 0.00000e+00
 0.00000e+00
 0.00000e+00
 0.00000e+00
 0.00000e+00
 0.00000e+00
 0.00000e+00
 0.00000e+00
 0.00000e+00
 0.00000e+00
 0.00000e+00
 0.00000e+00
 0.00000e+00
 0.00000e+00
 0.00000e+00
 0.00000e+00
 0.00000e+00
 0.00000e+00
 0.00000e+00
 0.00000e+00
 0.00000e+00
 0.00000e+00
 0.00000e+00
 0.00000e+00
 0.00000e+00
 1.12240e-01
 9.79923e-02
 9.41932e-02
 8.89980e-02
 8.41736e-02
 7.90680e-02
 7.37637e-02
 6.82084e-02
 6.24079e-02
 5.63708e-02
 5.01215e-02
 4.36999e-02
 3.71679e-02
 3.06203e-02
 2.41938e-02
 1.80745e-02
 1.25014e-02
 7.75775e-03
 4.12262e-03
 1.75278e-03
 5.28514e-04
 9.04250e-05
 7.07986e-06
 2.10390e-07
 2.05731e-09
 0.00000e+00
 0.00000e+00
 0.00000e+00
 0.00000e+00
 0.00000e+00
 0.00000e+00
 0.00000e+00
 0.00000e+00
 0.00000e+00
 0.00000e+00
 0.00000e+00
 0.00000e+00
 0.00000e+00
 0.00000e+00
 0.00000e+00
 0.00000e+00
 0.00000e+00
 0.00000e+00
 0.00000e+00
 0.00000e+00
 0.00000e+00
 0.00000e+00
 0.00000e+00
 0.00000e+00
 0.00000e+00
 0.00000e+00
 0.00000e+00
 0.00000e+00
 0.00000e+00
 0.00000e+00
 0.00000e+00
 0.00000e+00
 0.00000e+00
 0.00000e+00
 0.00000e+00
 8.42319e-02
 7.33119e-02
 7.02299e-02
 6.59130e-02
 6.17668e-02
 5.73057e-02
 5.26151e-02
 4.76791e-02
 4.25300e-02
 3.72097e-02
 3.17816e-02
 2.63324e-02
 2.09785e-02
 1.58708e-02
 1.11978e-02
 7.17952e-03
 4.02943e-03
 1.87622e-03
 6.59669e-04
 1.47955e-04
 1.77548e-05
 9.64446e-07
 2.08760e-08
 1.55843e-10
 0.00000e+00
 0.00000e+00
 0.00000e+00
 0.00000e+00
 0.00000e+00
 0.00000e+00
 0.00000e+00
 0.00000e+00
 0.00000e+00
 0.00000e+00
 0.00000e+00
 0.00000e+00
 0.00000e+00
 0.00000e+00
 0.00000e+00
 0.00000e+00
 0.00000e+00
 0.00000e+00
 0.00000e+00
 0.00000e+00
 0.00000e+00
 0.00000e+00
 0.00000e+00
 0.00000e+00
 0.00000e+00
 0.00000e+00
 0.00000e+00
 0.00000e+00
 0.00000e+00
 0.00000e+00
 0.00000e+00
 0.00000e+00
 0.00000e+00
 0.00000e+00
 0.00000e+00
 0.00000e+00
 5.65368e-02
 4.90023e-02
 4.66803e-02
 4.33604e-02
 4.00484e-02
 3.64346e-02
 3.26085e-02
 2.85976e-02
 2.44681e-02
 2.02999e-02
 1.61958e-02
 1.22827e-02
 8.71311e-03
 5.65295e-03
 3.25073e-03
 1.58103e-03
 6.00449e-04
 1.55064e-04
 2.39751e-05
 1.92911e-06
 7.24574e-08
 1.12673e-09
 0.00000e+00
 0.00000e+00
 0.00000e+00
 0.00000e+00
 0.00000e+00
 0.00000e+00
 0.00000e+00
 0.00000e+00
 0.00000e+00
 0.00000e+00
 0.00000e+00
 0.00000e+00
 0.00000e+00
 0.00000e+00
 0.00000e+00
 0.00000e+00
 0.00000e+00
 0.00000e+00
 0.00000e+00
 0.00000e+00
 0.00000e+00
 0.00000e+00
 0.00000e+00
 0.00000e+00
 0.00000e+00
 0.00000e+00
 0.00000e+00
 0.00000e+00
 0.00000e+00
 0.00000e+00
 0.00000e+00
 0.00000e+00
 0.00000e+00
 0.00000e+00
 0.00000e+00
 0.00000e+00
 0.00000e+00
 0.00000e+00
 3.16680e-02
 2.72827e-02
 2.57315e-02
 2.34959e-02
 2.11762e-02
 1.86315e-02
 1.59537e-02
 1.32083e-02
 1.04893e-02
 7.90339e-03
 5.56674e-03
 3.59199e-03
 2.06281e-03
 1.00509e-03
 3.87109e-04
 1.04839e-04
 1.85107e-05
 1.88723e-06
 1.02271e-07
 2.64999e-09
 0.00000e+00
 0.00000e+00
 0.00000e+00
 0.00000e+00
 0.00000e+00
 0.00000e+00
 0.00000e+00
 0.00000e+00
 0.00000e+00
 0.00000e+00
 0.00000e+00
 0.00000e+00
 0.00000e+00
 0.00000e+00
 0.00000e+00
 0.00000e+00
 0.00000e+00
 0.00000e+00
 0.00000e+00
 0.00000e+00
 0.00000e+00
 0.00000e+00
 0.00000e+00
 0.00000e+00
 0.00000e+00
 0.00000e+00
 0.00000e+00
 0.00000e+00
 0.00000e+00
 0.00000e+00
 0.00000e+00
 0.00000e+00
 0.00000e+00
 0.00000e+00
 0.00000e+00
 0.00000e+00
 0.00000e+00
 0.00000e+00
 0.00000e+00
 0.00000e+00
 1.28581e-02
 1.09676e-02
 1.01486e-02
 8.98103e-03
 7.73670e-03
 6.39920e-03
 5.04987e-03
 3.76069e-03
 2.60489e-03
 1.64009e-03
 9.10926e-04
 4.25910e-04
 1.54988e-04
 4.19033e-05
 7.75308e-06
 9.02224e-07
 6.18348e-08
 2.27076e-09
 0.00000e+00
 0.00000e+00
 0.00000e+00
 0.00000e+00
 0.00000e+00
 0.00000e+00
 0.00000e+00
 0.00000e+00
 0.00000e+00
 0.00000e+00
 0.00000e+00
 0.00000e+00
 0.00000e+00
 0.00000e+00
 0.00000e+00
 0.00000e+00
 0.00000e+00
 0.00000e+00
 0.00000e+00
 0.00000e+00
 0.00000e+00
 0.00000e+00
 0.00000e+00
 0.00000e+00
 0.00000e+00
 0.00000e+00
 0.00000e+00
 0.00000e+00
 0.00000e+00
 0.00000e+00
 0.00000e+00
 0.00000e+00
 0.00000e+00
 0.00000e+00
 0.00000e+00
 0.00000e+00
 0.00000e+00
 0.00000e+00
 0.00000e+00
 0.00000e+00
 0.00000e+00
 0.00000e+00
 2.84053e-03
 2.37962e-03
 2.12235e-03
 1.76942e-03
 1.39779e-03
 1.02575e-03
 6.88658e-04
 4.11936e-04
 2.11111e-04
 9.04664e-05
 3.10905e-05
 8.08502e-06
 1.49722e-06
 1.88544e-07
 1.50013e-08
 7.00994e-10
 0.00000e+00
 0.00000e+00
 0.00000e+00
 0.00000e+00
 0.00000e+00
 0.00000e+00
 0.00000e+00
 0.00000e+00
 0.00000e+00
 0.00000e+00
 0.00000e+00
 0.00000e+00
 0.00000e+00
 0.00000e+00
 0.00000e+00
 0.00000e+00
 0.00000e+00
 0.00000e+00
 0.00000e+00
 0.00000e+00
 0.00000e+00
 0.00000e+00
 0.00000e+00
 0.00000e+00
 0.00000e+00
 0.00000e+00
 0.00000e+00
 0.00000e+00
 0.00000e+00
 0.00000e+00
 0.00000e+00
 0.00000e+00
 0.00000e+00
 0.00000e+00
 0.00000e+00
 0.00000e+00
 0.00000e+00
 0.00000e+00
 0.00000e+00
 0.00000e+00
 0.00000e+00
 0.00000e+00
 0.00000e+00
 0.00000e+00
 1.72878e-04
 1.39334e-04
 1.14807e-04
 8.44047e-05
 5.57674e-05
 3.22207e-05
 1.59085e-05
 6.50192e-06
 2.12994e-06
 5.42013e-07
 1.02537e-07
 1.36774e-08
 1.22034e-09
 0.00000e+00
 0.00000e+00
 0.00000e+00
 0.00000e+00
 0.00000e+00
 0.00000e+00
 0.00000e+00
 0.00000e+00
 0.00000e+00
 0.00000e+00
 0.00000e+00
 0.00000e+00
 0.00000e+00
 0.00000e+00
 0.00000e+00
 0.00000e+00
 0.00000e+00
 0.00000e+00
 0.00000e+00
 0.00000e+00
 0.00000e+00
 0.00000e+00
 0.00000e+00
 0.00000e+00
 0.00000e+00
 0.00000e+00
 0.00000e+00
 0.00000e+00
 0.00000e+00
 0.00000e+00
 0.00000e+00
 0.00000e+00
 0.00000e+00
 0.00000e+00
 0.00000e+00
 0.00000e+00
 0.00000e+00
 0.00000e+00
 0.00000e+00
 0.00000e+00
 0.00000e+00
 0.00000e+00
 0.00000e+00
 0.00000e+00
 0.00000e+00
 0.00000e+00
 0.00000e+00
 1.09858e-06
 8.39735e-07
 6.22260e-07
 3.88425e-07
 2.04873e-07
 8.86003e-08
 3.06567e-08
 8.23734e-09
 1.66715e-09
 2.42834e-10
 0.00000e+00
 0.00000e+00
 0.00000e+00
 0.00000e+00
 0.00000e+00
 0.00000e+00
 0.00000e+00
 0.00000e+00
 0.00000e+00
 0.00000e+00
 0.00000e+00
 0.00000e+00
 0.00000e+00
 0.00000e+00
 0.00000e+00
 0.00000e+00
 0.00000e+00
 0.00000e+00
 0.00000e+00
 0.00000e+00
 0.00000e+00
 0.00000e+00
 0.00000e+00
 0.00000e+00
 0.00000e+00
 0.00000e+00
 0.00000e+00
 0.00000e+00
 0.00000e+00
 0.00000e+00
 0.00000e+00
 0.00000e+00
 0.00000e+00
 0.00000e+00
 0.00000e+00
 0.00000e+00
 0.00000e+00
 0.00000e+00
 0.00000e+00
 0.00000e+00
 0.00000e+00
 0.00000e+00
 0.00000e+00
 0.00000e+00
 0.00000e+00
 0.00000e+00
 0.00000e+00
 0.00000e+00
 0.00000e+00
 0.00000e+00
 4.80818e-10
 3.46628e-10
 2.28424e-10
 1.18888e-10
 0.00000e+00
 0.00000e+00
 0.00000e+00
 0.00000e+00
 0.00000e+00
 0.00000e+00
 0.00000e+00
 0.00000e+00
 0.00000e+00
 0.00000e+00
 0.00000e+00
 0.00000e+00
 0.00000e+00
 0.00000e+00
 0.00000e+00
 0.00000e+00
 0.00000e+00
 0.00000e+00
 0.00000e+00
 0.00000e+00
 0.00000e+00
 0.00000e+00
 0.00000e+00
 0.00000e+00
 0.00000e+00
 0.00000e+00
 0.00000e+00
 0.00000e+00
 0.00000e+00
 0.00000e+00
 0.00000e+00
 0.00000e+00
 0.00000e+00
 0.00000e+00
 0.00000e+00
 0.00000e+00
 0.00000e+00
 0.00000e+00
 0.00000e+00
 0.00000e+00
 0.00000e+00
 0.00000e+00
 0.00000e+00
 0.00000e+00
 0.00000e+00
 0.00000e+00
 0.00000e+00
 0.00000e+00
 0.00000e+00
 0.00000e+00
 0.00000e+00
 0.00000e+00
 0.00000e+00
 0.00000e+00
 0.00000e+00
 0.00000e+00
 0.00000e+00
 0.00000e+00
 0.00000e+00
 0.00000e+00
 0.00000e+00
 0.00000e+00
 0.00000e+00
 0.00000e+00
 0.00000e+00
 0.00000e+00
 0.00000e+00
 0.00000e+00
 0.00000e+00
 0.00000e+00
 0.00000e+00
 0.00000e+00
 0.00000e+00
 0.00000e+00
 0.00000e+00
 0.00000e+00
 0.00000e+00
 0.00000e+00
 0.00000e+00
 0.00000e+00
 0.00000e+00
 0.00000e+00
 0.00000e+00
 0.00000e+00
 0.00000e+00
 0.00000e+00
 0.00000e+00
 0.00000e+00
 0.00000e+00
 0.00000e+00
 0.00000e+00
 0.00000e+00
 0.00000e+00
 0.00000e+00
 0.00000e+00
 0.00000e+00
 0.00000e+00
 0.00000e+00
 0.00000e+00
 0.00000e+00
 0.00000e+00
 0.00000e+00
 0.00000e+00
 0.00000e+00
 0.00000e+00
 0.00000e+00
 0.00000e+00
 0.00000e+00
 0.00000e+00
 0.00000e+00
 0.00000e+00
 0.00000e+00
 0.00000e+00
 0.00000e+00
 0.00000e+00
 0.00000e+00
 0.00000e+00
 0.00000e+00
 0.00000e+00
 0.00000e+00
 0.00000e+00
 0.00000e+00
 0.00000e+00
 0.00000e+00
 0.00000e+00
 0.00000e+00
 0.00000e+00
 0.00000e+00
 0.00000e+00
 0.00000e+00
 0.00000e+00
 0.00000e+00
 0.00000e+00
 0.00000e+00
 0.00000e+00
 0.00000e+00
 0.00000e+00
 0.00000e+00
 0.00000e+00
 0.00000e+00
 0.00000e+00
 0.00000e+00
 0.00000e+00
 0.00000e+00
 0.00000e+00
 0.00000e+00
 0.00000e+00
 0.00000e+00
 0.00000e+00
 0.00000e+00
 0.00000e+00
 0.00000e+00
 0.00000e+00
 0.00000e+00
 0.00000e+00
 0.00000e+00
 0.00000e+00
 0.00000e+00
 0.00000e+00
 0.00000e+00
 0.00000e+00
 0.00000e+00
 0.00000e+00
 0.00000e+00
 0.00000e+00
 0.00000e+00
 0.00000e+00
 0.00000e+00
 0.00000e+00
 0.00000e+00
 0.00000e+00
 0.00000e+00
 0.00000e+00
 0.00000e+00
 0.00000e+00
 0.00000e+00
 0.00000e+00
 0.00000e+00
 0.00000e+00
 0.00000e+00
 0.00000e+00
 0.00000e+00
 0.00000e+00
 0.00000e+00
 0.00000e+00
 0.00000e+00
 0.00000e+00
 0.00000e+00
 0.00000e+00
 0.00000e+00
 0.00000e+00
 0.00000e+00
 0.00000e+00
 0.00000e+00
 0.00000e+00
 0.00000e+00
 0.00000e+00
 0.00000e+00
 0.00000e+00
 0.00000e+00
 0.00000e+00
 0.00000e+00
 0.00000e+00
 0.00000e+00
 0.00000e+00
 0.00000e+00
 0.00000e+00
 0.00000e+00
 0.00000e+00
 0.00000e+00
 0.00000e+00
 0.00000e+00
 0.00000e+00
 0.00000e+00
 0.00000e+00
 0.00000e+00
 0.00000e+00
 0.00000e+00
 0.00000e+00
 0.00000e+00
 0.00000e+00
 0.00000e+00
 0.00000e+00
 0.00000e+00
 0.00000e+00
 0.00000e+00
 0.00000e+00
 0.00000e+00
 0.00000e+00
 0.00000e+00
 0.00000e+00
 0.00000e+00
 0.00000e+00
 0.00000e+00
 0.00000e+00
 0.00000e+00
 0.00000e+00
 0.00000e+00
 0.00000e+00
 0.00000e+00
 0.00000e+00
 0.00000e+00
 0.00000e+00
 0.00000e+00
 0.00000e+00
 0.00000e+00
 0.00000e+00
 0.00000e+00
 0.00000e+00
 0.00000e+00
 0.00000e+00
 0.00000e+00
 0.00000e+00
 0.00000e+00
 0.00000e+00
 0.00000e+00
 0.00000e+00
 0.00000e+00
 0.00000e+00
 0.00000e+00
 0.00000e+00
 0.00000e+00
 0.00000e+00
 0.00000e+00
 0.00000e+00
 0.00000e+00
 0.00000e+00
 0.00000e+00
 0.00000e+00
 0.00000e+00
 0.00000e+00
 0.00000e+00
 0.00000e+00
 0.00000e+00
 0.00000e+00
 0.00000e+00
 0.00000e+00
 0.00000e+00
 0.00000e+00
 0.00000e+00
 0.00000e+00
 0.00000e+00
 0.00000e+00
 0.00000e+00
 0.00000e+00
 0.00000e+00
 0.00000e+00
 0.00000e+00
 0.00000e+00
 0.00000e+00
 0.00000e+00
 0.00000e+00
 0.00000e+00
 0.00000e+00
 0.00000e+00
 0.00000e+00
 0.00000e+00
 0.00000e+00
 0.00000e+00
 0.00000e+00
 0.00000e+00
 0.00000e+00
 0.00000e+00
 0.00000e+00
 0.00000e+00
 0.00000e+00
 0.00000e+00
 0.00000e+00
 0.00000e+00
 0.00000e+00
 0.00000e+00
 0.00000e+00
 0.00000e+00
 0.00000e+00
 0.00000e+00
 0.00000e+00
 0.00000e+00
 0.00000e+00
 0.00000e+00
 0.00000e+00
 0.00000e+00
 0.00000e+00
 0.00000e+00
 0.00000e+00
 0.00000e+00
 0.00000e+00
 0.00000e+00
 0.00000e+00
 0.00000e+00
 0.00000e+00
 0.00000e+00
 0.00000e+00
 0.00000e+00
 0.00000e+00
 0.00000e+00
 0.00000e+00
 0.00000e+00
 0.00000e+00
 0.00000e+00
 0.00000e+00
 0.00000e+00
 0.00000e+00
 0.00000e+00
 0.00000e+00
 0.00000e+00
 0.00000e+00
 0.00000e+00
 0.00000e+00
 0.00000e+00
 0.00000e+00
 0.00000e+00
 0.00000e+00
 0.00000e+00
 0.00000e+00
 0.00000e+00
 0.00000e+00
 0.00000e+00
 0.00000e+00
 0.00000e+00
 0.00000e+00
 0.00000e+00
 0.00000e+00
 0.00000e+00
 0.00000e+00
 0.00000e+00
 0.00000e+00
 0.00000e+00
 0.00000e+00
 0.00000e+00
 0.00000e+00
 0.00000e+00
 0.00000e+00
 0.00000e+00
 0.00000e+00
 0.00000e+00
 0.00000e+00
 0.00000e+00
 0.00000e+00
 0.00000e+00
 0.00000e+00
 0.00000e+00
 0.00000e+00
 0.00000e+00
 0.00000e+00
 0.00000e+00
 0.00000e+00
 0.00000e+00
 0.00000e+00
 0.00000e+00
 0.00000e+00
 0.00000e+00
 0.00000e+00
 0.00000e+00
 0.00000e+00
 0.00000e+00
 0.00000e+00
 0.00000e+00
 0.00000e+00
 0.00000e+00
 0.00000e+00
 0.00000e+00
 0.00000e+00
 0.00000e+00
 0.00000e+00
 0.00000e+00
 0.00000e+00
 0.00000e+00
 0.00000e+00
 0.00000e+00
 0.00000e+00
 0.00000e+00
 0.00000e+00
 0.00000e+00
 0.00000e+00
 0.00000e+00
 0.00000e+00
 0.00000e+00
 0.00000e+00
 0.00000e+00
 0.00000e+00
 0.00000e+00
 0.00000e+00
 0.00000e+00
 0.00000e+00
 0.00000e+00
 0.00000e+00
 0.00000e+00
 0.00000e+00
 0.00000e+00
 0.00000e+00
 0.00000e+00
 0.00000e+00
 0.00000e+00
 0.00000e+00
 0.00000e+00
 0.00000e+00
 0.00000e+00
 0.00000e+00
 0.00000e+00
 0.00000e+00
 0.00000e+00
 0.00000e+00
 0.00000e+00
 0.00000e+00
 0.00000e+00
 0.00000e+00
 0.00000e+00
 0.00000e+00
 0.00000e+00
 0.00000e+00
 0.00000e+00
 0.00000e+00
 0.00000e+00
 0.00000e+00
 0.00000e+00
 0.00000e+00
 0.00000e+00
 0.00000e+00
 0.00000e+00
 0.00000e+00
 0.00000e+00
 0.00000e+00
 0.00000e+00
 0.00000e+00
 0.00000e+00
 0.00000e+00
 0.00000e+00
 0.00000e+00
 0.00000e+00
 0.00000e+00
 0.00000e+00
 0.00000e+00
 0.00000e+00
 0.00000e+00
 0.00000e+00
 0.00000e+00
 0.00000e+00
 0.00000e+00
 0.00000e+00
 0.00000e+00
 0.00000e+00
 0.00000e+00
 0.00000e+00
 0.00000e+00
 0.00000e+00
 0.00000e+00
 0.00000e+00
 0.00000e+00
 0.00000e+00
 0.00000e+00
 0.00000e+00
 0.00000e+00
 0.00000e+00
 0.00000e+00
 0.00000e+00
 0.00000e+00
 0.00000e+00
 0.00000e+00
 0.00000e+00
 0.00000e+00
 0.00000e+00
 0.00000e+00
 0.00000e+00
 0.00000e+00
 0.00000e+00
 0.00000e+00
 0.00000e+00
 0.00000e+00
 0.00000e+00
 0.00000e+00
 0.00000e+00
 0.00000e+00
 0.00000e+00
 0.00000e+00
 0.00000e+00
 0.00000e+00
 0.00000e+00
 0.00000e+00
 0.00000e+00
 0.00000e+00
 0.00000e+00
 0.00000e+00
 0.00000e+00
 0.00000e+00
 0.00000e+00
 0.00000e+00
 0.00000e+00
 0.00000e+00
 0.00000e+00
 0.00000e+00
 0.00000e+00
 0.00000e+00
 0.00000e+00
 0.00000e+00
 0.00000e+00
 0.00000e+00
 0.00000e+00
 0.00000e+00
 0.00000e+00
 0.00000e+00
 0.00000e+00
 0.00000e+00
 0.00000e+00
 0.00000e+00
 0.00000e+00
 0.00000e+00
 0.00000e+00
 0.00000e+00
 0.00000e+00
 0.00000e+00
 0.00000e+00
 0.00000e+00
 0.00000e+00
 0.00000e+00
 0.00000e+00
 0.00000e+00
 0.00000e+00
 0.00000e+00
 0.00000e+00
 0.00000e+00
 0.00000e+00
 0.00000e+00
 0.00000e+00
 0.00000e+00
 0.00000e+00
 0.00000e+00
 0.00000e+00
 0.00000e+00
 0.00000e+00
 0.00000e+00
 0.00000e+00
 0.00000e+00
 0.00000e+00
 0.00000e+00
 0.00000e+00
 0.00000e+00
 0.00000e+00
 0.00000e+00
 0.00000e+00
 0.00000e+00
 0.00000e+00
 0.00000e+00
 0.00000e+00
 0.00000e+00
 0.00000e+00
 0.00000e+00
 0.00000e+00
 0.00000e+00
 0.00000e+00
 0.00000e+00
 0.00000e+00
 0.00000e+00
 0.00000e+00
 0.00000e+00
 0.00000e+00
 0.00000e+00
 0.00000e+00
 0.00000e+00
 0.00000e+00
 0.00000e+00
 0.00000e+00
 0.00000e+00
 0.00000e+00
 0.00000e+00
 0.00000e+00
 0.00000e+00
 0.00000e+00
 0.00000e+00
 0.00000e+00
 0.00000e+00
 0.00000e+00
 0.00000e+00
 0.00000e+00
 0.00000e+00
 0.00000e+00
 0.00000e+00
 0.00000e+00
 0.00000e+00
 0.00000e+00
 0.00000e+00
 0.00000e+00
 0.00000e+00
 0.00000e+00
 0.00000e+00
 0.00000e+00
 0.00000e+00
 0.00000e+00
 0.00000e+00
 0.00000e+00
 0.00000e+00
 0.00000e+00
 0.00000e+00
 0.00000e+00
 0.00000e+00
 0.00000e+00
 0.00000e+00
 0.00000e+00
 0.00000e+00
 0.00000e+00
 0.00000e+00
 0.00000e+00
 0.00000e+00
 0.00000e+00
 0.00000e+00
 0.00000e+00
 0.00000e+00
 0.00000e+00
 0.00000e+00
 0.00000e+00
 0.00000e+00
 0.00000e+00
 0.00000e+00
 0.00000e+00
 0.00000e+00
 0.00000e+00
 0.00000e+00
 0.00000e+00
 0.00000e+00
 0.00000e+00
 0.00000e+00
 0.00000e+00
 0.00000e+00
 0.00000e+00
 0.00000e+00
 0.00000e+00
 0.00000e+00
 0.00000e+00
 0.00000e+00
 0.00000e+00
 0.00000e+00
 0.00000e+00
 0.00000e+00
 0.00000e+00
 0.00000e+00
 0.00000e+00
 0.00000e+00
 0.00000e+00
 0.00000e+00
 0.00000e+00
 0.00000e+00
 0.00000e+00
 0.00000e+00
 0.00000e+00
 0.00000e+00
 0.00000e+00
 0.00000e+00
 0.00000e+00
 0.00000e+00
 0.00000e+00
 0.00000e+00
 0.00000e+00
 0.00000e+00
 0.00000e+00
 0.00000e+00
 0.00000e+00
 0.00000e+00
 0.00000e+00
 0.00000e+00
 0.00000e+00
 0.00000e+00
 0.00000e+00
 0.00000e+00
 0.00000e+00
 0.00000e+00
 0.00000e+00
 0.00000e+00
 0.00000e+00
 0.00000e+00
 0.00000e+00
 0.00000e+00
 0.00000e+00
 0.00000e+00
 0.00000e+00
 0.00000e+00
 0.00000e+00
 0.00000e+00
 0.00000e+00
 0.00000e+00
 0.00000e+00
 0.00000e+00
 0.00000e+00
 0.00000e+00
 0.00000e+00
 0.00000e+00
 0.00000e+00
 0.00000e+00
 0.00000e+00
 0.00000e+00
 0.00000e+00
 0.00000e+00
 0.00000e+00
 0.00000e+00
 0.00000e+00
 0.00000e+00
 0.00000e+00
 0.00000e+00
 0.00000e+00
 0.00000e+00
 0.00000e+00
 0.00000e+00
 0.00000e+00
 0.00000e+00
 0.00000e+00
 0.00000e+00
 0.00000e+00
 0.00000e+00
 0.00000e+00
 0.00000e+00
 0.00000e+00
 0.00000e+00
 0.00000e+00
 0.00000e+00
 0.00000e+00
 0.00000e+00
 0.00000e+00
 0.00000e+00
 0.00000e+00
 0.00000e+00
 0.00000e+00
 0.00000e+00
 0.00000e+00
 0.00000e+00
 0.00000e+00
 0.00000e+00
 0.00000e+00
 0.00000e+00
 0.00000e+00
 0.00000e+00
 0.00000e+00
 0.00000e+00
 0.00000e+00
 0.00000e+00
 0.00000e+00
 0.00000e+00
 0.00000e+00
 0.00000e+00
 0.00000e+00
 0.00000e+00
 0.00000e+00
 0.00000e+00
 0.00000e+00
 0.00000e+00
 0.00000e+00
 0.00000e+00
 0.00000e+00
 0.00000e+00
 0.00000e+00
 0.00000e+00
 0.00000e+00
 0.00000e+00
 0.00000e+00
 0.00000e+00
 0.00000e+00
 0.00000e+00
 0.00000e+00
 0.00000e+00
 0.00000e+00
 0.00000e+00
 0.00000e+00
 0.00000e+00
 0.00000e+00
 0.00000e+00
 0.00000e+00
 0.00000e+00
 0.00000e+00
 0.00000e+00
 0.00000e+00
 0.00000e+00
 0.00000e+00
 0.00000e+00
 0.00000e+00
 0.00000e+00
 0.00000e+00
 0.00000e+00
 0.00000e+00
 0.00000e+00
 0.00000e+00
 0.00000e+00
 0.00000e+00
 0.00000e+00
 0.00000e+00
 0.00000e+00
 0.00000e+00
 0.00000e+00
 0.00000e+00
 0.00000e+00
 0.00000e+00
 0.00000e+00
 0.00000e+00
 0.00000e+00
 0.00000e+00
 0.00000e+00
 0.00000e+00
 0.00000e+00
 0.00000e+00
 0.00000e+00
 0.00000e+00
 0.00000e+00
 0.00000e+00
 0.00000e+00
 0.00000e+00
 0.00000e+00
 0.00000e+00
 0.00000e+00
 0.00000e+00
 0.00000e+00
 0.00000e+00
 0.00000e+00
 0.00000e+00
 0.00000e+00
 0.00000e+00
 0.00000e+00
 0.00000e+00
 0.00000e+00
 0.00000e+00
 0.00000e+00
 0.00000e+00
 0.00000e+00
 0.00000e+00
 0.00000e+00
 0.00000e+00
 0.00000e+00
 0.00000e+00
 0.00000e+00
 0.00000e+00
 0.00000e+00
 0.00000e+00
 0.00000e+00
 0.00000e+00
 0.00000e+00
 0.00000e+00
 0.00000e+00
 0.00000e+00
 0.00000e+00
 0.00000e+00
 0.00000e+00
 0.00000e+00
 0.00000e+00
 0.00000e+00
 0.00000e+00
 0.00000e+00
 0.00000e+00
 0.00000e+00
 0.00000e+00
 0.00000e+00
 0.00000e+00
 0.00000e+00
 0.00000e+00
 0.00000e+00
 0.00000e+00
 0.00000e+00
 0.00000e+00
 0.00000e+00
 0.00000e+00
 0.00000e+00
 0.00000e+00
