Materiau
part
         1
quad4
 7.62842e-01
 6.62028e-01
 6.56576e-01
 6.37072e-01
 6.21831e-01
 6.05203e-01
 5.87501e-01
 5.73706e-01
 5.54641e-01
 5.50285e-01
 5.34501e-01
 5.28471e-01
 5.16352e-01
 5.06080e-01
 4.93889e-01
 4.81724e-01
 4.68780e-01
 4.55466e-01
 4.41633e-01
 4.27344e-01
 4.12589e-01
 3.97359e-01
 3.81658e-01
 3.65469e-01
 3.48785e-01
 3.31586e-01
 3.13851e-01
 2.95541e-01
 2.76608e-01
 2.56995e-01
 2.36582e-01
 2.15139e-01
 1.92342e-01
 1.67854e-01
 1.41399e-01
 1.12938e-01
 8.31270e-02
 5.39926e-02
 2.84919e-02
 1.02826e-02
 1.79499e-03
 6.60477e-05
 2.15754e-07
 0.00000e+00
 0.00000e+00
 0.00000e+00
 0.00000e+00
 0.00000e+00
 0.00000e+00
 0.00000e+00
 0.00000e+00
 0.00000e+00
 0.00000e+00
 0.00000e+00
 0.00000e+00
 0.00000e+00
 0.00000e+00
 0.00000e+00
 0.00000e+00
 0.00000e+00
 6.62028e-01
 6.59198e-01
 6.57049e-01
 6.50305e-01
 6.23194e-01
 6.36927e-01
 6.21494e-01
 5.96635e-01
 5.81042e-01
 5.62799e-01
 5.41003e-01
 5.24744e-01
 5.04839e-01
 4.87758e-01
 4.69621e-01
 4.52835e-01
 4.36035e-01
 4.19832e-01
 4.03823e-01
 3.88044e-01
 3.72380e-01
 3.56749e-01
 3.41098e-01
 3.25347e-01
 3.09447e-01
 2.93333e-01
 2.76952e-01
 2.60238e-01
 2.43119e-01
 2.25516e-01
 2.07301e-01
 1.88246e-01
 1.68048e-01
 1.46404e-01
 1.23071e-01
 9.80332e-02
 7.19010e-02
 4.64754e-02
 2.43499e-02
 8.68150e-03
 1.48152e-03
 5.20674e-05
 1.60583e-07
 0.00000e+00
 0.00000e+00
 0.00000e+00
 0.00000e+00
 0.00000e+00
 0.00000e+00
 0.00000e+00
 0.00000e+00
 0.00000e+00
 0.00000e+00
 0.00000e+00
 0.00000e+00
 0.00000e+00
 0.00000e+00
 0.00000e+00
 0.00000e+00
 0.00000e+00
 6.56576e-01
 6.57049e-01
 6.58613e-01
 6.59886e-01
 6.38278e-01
 6.39178e-01
 6.34153e-01
 5.95682e-01
 5.88237e-01
 5.57499e-01
 5.42708e-01
 5.19451e-01
 5.00327e-01
 4.80920e-01
 4.62450e-01
 4.44736e-01
 4.27537e-01
 4.10865e-01
 3.94557e-01
 3.78540e-01
 3.62724e-01
 3.47028e-01
 3.31384e-01
 3.15725e-01
 2.99985e-01
 2.84106e-01
 2.68023e-01
 2.51668e-01
 2.34964e-01
 2.17829e-01
 2.00125e-01
 1.81621e-01
 1.62011e-01
 1.40998e-01
 1.18336e-01
 9.40231e-02
 6.86825e-02
 4.40947e-02
 2.28177e-02
 7.94381e-03
 1.29363e-03
 4.13823e-05
 1.13777e-07
 0.00000e+00
 0.00000e+00
 0.00000e+00
 0.00000e+00
 0.00000e+00
 0.00000e+00
 0.00000e+00
 0.00000e+00
 0.00000e+00
 0.00000e+00
 0.00000e+00
 0.00000e+00
 0.00000e+00
 0.00000e+00
 0.00000e+00
 0.00000e+00
 0.00000e+00
 6.37072e-01
 6.50305e-01
 6.59886e-01
 6.51895e-01
 6.39295e-01
 6.33301e-01
 6.12900e-01
 5.93718e-01
 5.70933e-01
 5.47900e-01
 5.25927e-01
 5.05057e-01
 4.84829e-01
 4.65900e-01
 4.47499e-01
 4.29971e-01
 4.12933e-01
 3.96445e-01
 3.80327e-01
 3.64531e-01
 3.48961e-01
 3.33547e-01
 3.18226e-01
 3.02926e-01
 2.87592e-01
 2.72157e-01
 2.56562e-01
 2.40730e-01
 2.24588e-01
 2.08046e-01
 1.90961e-01
 1.73097e-01
 1.54153e-01
 1.33846e-01
 1.11942e-01
 8.84754e-02
 6.41212e-02
 4.06577e-02
 2.05992e-02
 6.89644e-03
 1.04054e-03
 2.86752e-05
 6.60695e-08
 0.00000e+00
 0.00000e+00
 0.00000e+00
 0.00000e+00
 0.00000e+00
 0.00000e+00
 0.00000e+00
 0.00000e+00
 0.00000e+00
 0.00000e+00
 0.00000e+00
 0.00000e+00
 0.00000e+00
 0.00000e+00
 0.00000e+00
 0.00000e+00
 0.00000e+00
 6.21831e-01
 6.23194e-01
 6.38278e-01
 6.39295e-01
 6.33657e-01
 6.25500e-01
 6.09240e-01
 5.87617e-01
 5.64818e-01
 5.41602e-01
 5.19544e-01
 4.97584e-01
 4.77186e-01
 4.57246e-01
 4.38521e-01
 4.20398e-01
 4.03086e-01
 3.86292e-01
 3.70018e-01
 3.54114e-01
 3.38523e-01
 3.23154e-01
 3.07937e-01
 2.92806e-01
 2.77689e-01
 2.62525e-01
 2.47241e-01
 2.31763e-01
 2.16008e-01
 1.99882e-01
 1.83233e-01
 1.65817e-01
 1.47336e-01
 1.27520e-01
 1.06143e-01
 8.32852e-02
 5.97020e-02
 3.71962e-02
 1.82787e-02
 5.78290e-03
 7.79956e-04
 1.74027e-05
 3.14710e-08
 0.00000e+00
 0.00000e+00
 0.00000e+00
 0.00000e+00
 0.00000e+00
 0.00000e+00
 0.00000e+00
 0.00000e+00
 0.00000e+00
 0.00000e+00
 0.00000e+00
 0.00000e+00
 0.00000e+00
 0.00000e+00
 0.00000e+00
 0.00000e+00
 0.00000e+00
 6.05203e-01
 6.36927e-01
 6.39178e-01
 6.33301e-01
 6.25500e-01
 6.12969e-01
 5.94229e-01
 5.73251e-01
 5.50133e-01
 5.27492e-01
 5.05241e-01
 4.84184e-01
 4.63875e-01
 4.44581e-01
 4.26069e-01
 4.08333e-01
 3.91234e-01
 3.74705e-01
 3.58642e-01
 3.42970e-01
 3.27606e-01
 3.12478e-01
 2.97520e-01
 2.82661e-01
 2.67841e-01
 2.52988e-01
 2.38040e-01
 2.22915e-01
 2.07532e-01
 1.91793e-01
 1.75536e-01
 1.58511e-01
 1.40426e-01
 1.21022e-01
 1.00092e-01
 7.77714e-02
 5.49317e-02
 3.34153e-02
 1.57447e-02
 4.60987e-03
 5.30661e-04
 8.95170e-06
 1.18911e-08
 0.00000e+00
 0.00000e+00
 0.00000e+00
 0.00000e+00
 0.00000e+00
 0.00000e+00
 0.00000e+00
 0.00000e+00
 0.00000e+00
 0.00000e+00
 0.00000e+00
 0.00000e+00
 0.00000e+00
 0.00000e+00
 0.00000e+00
 0.00000e+00
 0.00000e+00
 5.87501e-01
 6.21494e-01
 6.34153e-01
 6.12900e-01
 6.09240e-01
 5.94229e-01
 5.76061e-01
 5.55977e-01
 5.34600e-01
 5.12883e-01
 4.91806e-01
 4.71117e-01
 4.51422e-01
 4.32390e-01
 4.14214e-01
 3.96687e-01
 3.79827e-01
 3.63497e-01
 3.47649e-01
 3.32192e-01
 3.17054e-01
 3.02169e-01
 2.87461e-01
 2.72874e-01
 2.58334e-01
 2.43782e-01
 2.29145e-01
 2.14345e-01
 1.99299e-01
 1.83904e-01
 1.67985e-01
 1.51288e-01
 1.33524e-01
 1.14448e-01
 9.38803e-02
 7.20290e-02
 4.99092e-02
 2.94212e-02
 1.31073e-02
 3.46352e-03
 3.19012e-04
 3.80115e-06
 3.47393e-09
 0.00000e+00
 0.00000e+00
 0.00000e+00
 0.00000e+00
 0.00000e+00
 0.00000e+00
 0.00000e+00
 0.00000e+00
 0.00000e+00
 0.00000e+00
 0.00000e+00
 0.00000e+00
 0.00000e+00
 0.00000e+00
 0.00000e+00
 0.00000e+00
 0.00000e+00
 5.73706e-01
 5.96635e-01
 5.95682e-01
 5.93718e-01
 5.87617e-01
 5.73251e-01
 5.55977e-01
 5.36307e-01
 5.16242e-01
 4.95773e-01
 4.75766e-01
 4.56204e-01
 4.37294e-01
 4.19036e-01
 4.01418e-01
 3.84422e-01
 3.67971e-01
 3.52025e-01
 3.36507e-01
 3.21358e-01
 3.06517e-01
 2.91912e-01
 2.77493e-01
 2.63187e-01
 2.48942e-01
 2.34685e-01
 2.20352e-01
 2.05860e-01
 1.91129e-01
 1.76046e-01
 1.60425e-01
 1.44005e-01
 1.26504e-01
 1.07688e-01
 8.74231e-02
 6.60092e-02
 4.46304e-02
 2.52613e-02
 1.04560e-02
 2.41264e-03
 1.65144e-04
 1.29629e-06
 7.59274e-10
 0.00000e+00
 0.00000e+00
 0.00000e+00
 0.00000e+00
 0.00000e+00
 0.00000e+00
 0.00000e+00
 0.00000e+00
 0.00000e+00
 0.00000e+00
 0.00000e+00
 0.00000e+00
 0.00000e+00
 0.00000e+00
 0.00000e+00
 0.00000e+00
 0.00000e+00
 5.54641e-01
 5.81042e-01
 5.88237e-01
 5.70933e-01
 5.64818e-01
 5.50133e-01
 5.34600e-01
 5.16242e-01
 4.97590e-01
 4.78431e-01
 4.59574e-01
 4.40985e-01
 4.22931e-01
 4.05380e-01
 3.88395e-01
 3.71924e-01
 3.55951e-01
 3.40420e-01
 3.25281e-01
 3.10485e-01
 2.95966e-01
 2.81681e-01
 2.67560e-01
 2.53560e-01
 2.39607e-01
 2.25650e-01
 2.11611e-01
 1.97416e-01
 1.82980e-01
 1.68181e-01
 1.52818e-01
 1.36627e-01
 1.19333e-01
 1.00713e-01
 8.07038e-02
 5.97260e-02
 3.91440e-02
 2.10248e-02
 7.90732e-03
 1.52474e-03
 7.15624e-05
 3.42886e-07
 1.18145e-10
 0.00000e+00
 0.00000e+00
 0.00000e+00
 0.00000e+00
 0.00000e+00
 0.00000e+00
 0.00000e+00
 0.00000e+00
 0.00000e+00
 0.00000e+00
 0.00000e+00
 0.00000e+00
 0.00000e+00
 0.00000e+00
 0.00000e+00
 0.00000e+00
 0.00000e+00
 5.50285e-01
 5.62799e-01
 5.57499e-01
 5.47900e-01
 5.41602e-01
 5.27492e-01
 5.12883e-01
 4.95773e-01
 4.78431e-01
 4.60541e-01
 4.42839e-01
 4.25319e-01
 4.08169e-01
 3.91427e-01
 3.75117e-01
 3.59244e-01
 3.43789e-01
 3.28714e-01
 3.13992e-01
 2.99566e-01
 2.85404e-01
 2.71442e-01
 2.57645e-01
 2.43944e-01
 2.30295e-01
 2.16629e-01
 2.02878e-01
 1.88966e-01
 1.74807e-01
 1.60263e-01
 1.45121e-01
 1.29110e-01
 1.11970e-01
 9.34918e-02
 7.37037e-02
 5.31986e-02
 3.35134e-02
 1.68205e-02
 5.58539e-03
 8.48285e-04
 2.48425e-05
 6.73221e-08
 0.00000e+00
 0.00000e+00
 0.00000e+00
 0.00000e+00
 0.00000e+00
 0.00000e+00
 0.00000e+00
 0.00000e+00
 0.00000e+00
 0.00000e+00
 0.00000e+00
 0.00000e+00
 0.00000e+00
 0.00000e+00
 0.00000e+00
 0.00000e+00
 0.00000e+00
 0.00000e+00
 5.34501e-01
 5.41003e-01
 5.42708e-01
 5.25927e-01
 5.19544e-01
 5.05241e-01
 4.91806e-01
 4.75766e-01
 4.59574e-01
 4.42839e-01
 4.26175e-01
 4.09623e-01
 3.93329e-01
 3.77355e-01
 3.61724e-01
 3.46454e-01
 3.31526e-01
 3.16936e-01
 3.02637e-01
 2.88614e-01
 2.74808e-01
 2.61197e-01
 2.47716e-01
 2.34331e-01
 2.20977e-01
 2.07602e-01
 1.94129e-01
 1.80488e-01
 1.66585e-01
 1.52267e-01
 1.37302e-01
 1.21421e-01
 1.04380e-01
 8.59992e-02
 6.64210e-02
 4.64667e-02
 2.78298e-02
 1.27852e-02
 3.61179e-03
 3.95502e-04
 6.52066e-06
 9.31858e-09
 0.00000e+00
 0.00000e+00
 0.00000e+00
 0.00000e+00
 0.00000e+00
 0.00000e+00
 0.00000e+00
 0.00000e+00
 0.00000e+00
 0.00000e+00
 0.00000e+00
 0.00000e+00
 0.00000e+00
 0.00000e+00
 0.00000e+00
 0.00000e+00
 0.00000e+00
 0.00000e+00
 5.28471e-01
 5.24744e-01
 5.19451e-01
 5.05057e-01
 4.97584e-01
 4.84184e-01
 4.71117e-01
 4.56204e-01
 4.40985e-01
 4.25319e-01
 4.09623e-01
 3.93978e-01
 3.78510e-01
 3.63268e-01
 3.48306e-01
 3.33622e-01
 3.19235e-01
 3.05114e-01
 2.91263e-01
 2.77628e-01
 2.64204e-01
 2.50929e-01
 2.37782e-01
 2.24702e-01
 2.11648e-01
 1.98551e-01
 1.85348e-01
 1.71964e-01
 1.58294e-01
 1.44163e-01
 1.29330e-01
 1.13527e-01
 9.65289e-02
 7.82150e-02
 5.88734e-02
 3.95926e-02
 2.22163e-02
 9.08387e-03
 2.07524e-03
 1.43563e-04
 1.22542e-06
 8.62942e-10
 0.00000e+00
 0.00000e+00
 0.00000e+00
 0.00000e+00
 0.00000e+00
 0.00000e+00
 0.00000e+00
 0.00000e+00
 0.00000e+00
 0.00000e+00
 0.00000e+00
 0.00000e+00
 0.00000e+00
 0.00000e+00
 0.00000e+00
 0.00000e+00
 0.00000e+00
 0.00000e+00
 5.16352e-01
 5.04839e-01
 5.00327e-01
 4.84829e-01
 4.77186e-01
 4.63875e-01
 4.51422e-01
 4.37294e-01
 4.22931e-01
 4.08169e-01
 3.93329e-01
 3.78510e-01
 3.63791e-01
 3.49254e-01
 3.34913e-01
 3.20813e-01
 3.06936e-01
 2.93302e-01
 2.79870e-01
 2.66649e-01
 2.53582e-01
 2.40663e-01
 2.27832e-01
 2.15063e-01
 2.02294e-01
 1.89471e-01
 1.76524e-01
 1.63378e-01
 1.49911e-01
 1.35927e-01
 1.21174e-01
 1.05395e-01
 8.83836e-02
 7.01246e-02
 5.11027e-02
 3.26733e-02
 1.68342e-02
 5.89762e-03
 1.00985e-03
 3.88387e-05
 1.56836e-07
 0.00000e+00
 0.00000e+00
 0.00000e+00
 0.00000e+00
 0.00000e+00
 0.00000e+00
 0.00000e+00
 0.00000e+00
 0.00000e+00
 0.00000e+00
 0.00000e+00
 0.00000e+00
 0.00000e+00
 0.00000e+00
 0.00000e+00
 0.00000e+00
 0.00000e+00
 0.00000e+00
 0.00000e+00
 5.06080e-01
 4.87758e-01
 4.80920e-01
 4.65900e-01
 4.57246e-01
 4.44581e-01
 4.32390e-01
 4.19036e-01
 4.05380e-01
 3.91427e-01
 3.77355e-01
 3.63268e-01
 3.49254e-01
 3.35349e-01
 3.21616e-01
 3.08049e-01
 2.94688e-01
 2.81500e-01
 2.68507e-01
 2.55664e-01
 2.42974e-01
 2.30385e-01
 2.17879e-01
 2.05405e-01
 1.92916e-01
 1.80351e-01
 1.67646e-01
 1.54716e-01
 1.41415e-01
 1.27527e-01
 1.12796e-01
 9.69821e-02
 7.99180e-02
 6.17315e-02
 4.31803e-02
 2.58528e-02
 1.18881e-02
 3.39028e-03
 3.87047e-04
 7.18586e-06
 1.26758e-08
 0.00000e+00
 0.00000e+00
 0.00000e+00
 0.00000e+00
 0.00000e+00
 0.00000e+00
 0.00000e+00
 0.00000e+00
 0.00000e+00
 0.00000e+00
 0.00000e+00
 0.00000e+00
 0.00000e+00
 0.00000e+00
 0.00000e+00
 0.00000e+00
 0.00000e+00
 0.00000e+00
 0.00000e+00
 4.93889e-01
 4.69621e-01
 4.62450e-01
 4.47499e-01
 4.38521e-01
 4.26069e-01
 4.14214e-01
 4.01418e-01
 3.88395e-01
 3.75117e-01
 3.61724e-01
 3.48306e-01
 3.34913e-01
 3.21616e-01
 3.08424e-01
 2.95389e-01
 2.82489e-01
 2.69761e-01
 2.57163e-01
 2.44715e-01
 2.32368e-01
 2.20117e-01
 2.07915e-01
 1.95731e-01
 1.83506e-01
 1.71185e-01
 1.58703e-01
 1.45957e-01
 1.32775e-01
 1.18926e-01
 1.04153e-01
 8.82450e-02
 7.11132e-02
 5.30774e-02
 3.52194e-02
 1.93306e-02
 7.61943e-03
 1.64484e-03
 1.04180e-04
 8.38217e-07
 6.01244e-10
 0.00000e+00
 0.00000e+00
 0.00000e+00
 0.00000e+00
 0.00000e+00
 0.00000e+00
 0.00000e+00
 0.00000e+00
 0.00000e+00
 0.00000e+00
 0.00000e+00
 0.00000e+00
 0.00000e+00
 0.00000e+00
 0.00000e+00
 0.00000e+00
 0.00000e+00
 0.00000e+00
 0.00000e+00
 4.81724e-01
 4.52835e-01
 4.44736e-01
 4.29971e-01
 4.20398e-01
 4.08333e-01
 3.96687e-01
 3.84422e-01
 3.71924e-01
 3.59244e-01
 3.46454e-01
 3.33622e-01
 3.20813e-01
 3.08049e-01
 2.95389e-01
 2.82821e-01
 2.70391e-01
 2.58068e-01
 2.45879e-01
 2.33785e-01
 2.21789e-01
 2.09850e-01
 1.97948e-01
 1.86033e-01
 1.74057e-01
 1.61964e-01
 1.49679e-01
 1.37075e-01
 1.23955e-01
 1.10075e-01
 9.51969e-02
 7.91433e-02
 6.19665e-02
 4.42531e-02
 2.73950e-02
 1.33672e-02
 4.26680e-03
 6.21075e-04
 1.82639e-05
 5.74801e-08
 0.00000e+00
 0.00000e+00
 0.00000e+00
 0.00000e+00
 0.00000e+00
 0.00000e+00
 0.00000e+00
 0.00000e+00
 0.00000e+00
 0.00000e+00
 0.00000e+00
 0.00000e+00
 0.00000e+00
 0.00000e+00
 0.00000e+00
 0.00000e+00
 0.00000e+00
 0.00000e+00
 0.00000e+00
 0.00000e+00
 4.68780e-01
 4.36035e-01
 4.27537e-01
 4.12933e-01
 4.03086e-01
 3.91234e-01
 3.79827e-01
 3.67971e-01
 3.55951e-01
 3.43789e-01
 3.31526e-01
 3.19235e-01
 3.06936e-01
 2.94688e-01
 2.82489e-01
 2.70391e-01
 2.58371e-01
 2.46463e-01
 2.34636e-01
 2.22901e-01
 2.11224e-01
 1.99594e-01
 1.87968e-01
 1.76307e-01
 1.64561e-01
 1.52673e-01
 1.40549e-01
 1.28031e-01
 1.14903e-01
 1.00920e-01
 8.58700e-02
 6.96531e-02
 5.25217e-02
 3.54079e-02
 1.99633e-02
 8.27694e-03
 1.97643e-03
 1.58509e-04
 1.84333e-06
 2.10344e-09
 0.00000e+00
 0.00000e+00
 0.00000e+00
 0.00000e+00
 0.00000e+00
 0.00000e+00
 0.00000e+00
 0.00000e+00
 0.00000e+00
 0.00000e+00
 0.00000e+00
 0.00000e+00
 0.00000e+00
 0.00000e+00
 0.00000e+00
 0.00000e+00
 0.00000e+00
 0.00000e+00
 0.00000e+00
 0.00000e+00
 4.55466e-01
 4.19832e-01
 4.10865e-01
 3.96445e-01
 3.86292e-01
 3.74705e-01
 3.63497e-01
 3.52025e-01
 3.40420e-01
 3.28714e-01
 3.16936e-01
 3.05114e-01
 2.93302e-01
 2.81500e-01
 2.69761e-01
 2.58068e-01
 2.46463e-01
 2.34920e-01
 2.23457e-01
 2.12045e-01
 2.00682e-01
 1.89334e-01
 1.77968e-01
 1.66540e-01
 1.55004e-01
 1.43290e-01
 1.31275e-01
 1.18774e-01
 1.05557e-01
 9.13943e-02
 7.61202e-02
 5.97768e-02
 4.29000e-02
 2.67743e-02
 1.32660e-02
 4.37449e-03
 6.87540e-04
 2.41093e-05
 9.83808e-08
 0.00000e+00
 0.00000e+00
 0.00000e+00
 0.00000e+00
 0.00000e+00
 0.00000e+00
 0.00000e+00
 0.00000e+00
 0.00000e+00
 0.00000e+00
 0.00000e+00
 0.00000e+00
 0.00000e+00
 0.00000e+00
 0.00000e+00
 0.00000e+00
 0.00000e+00
 0.00000e+00
 0.00000e+00
 0.00000e+00
 0.00000e+00
 4.41633e-01
 4.03823e-01
 3.94557e-01
 3.80327e-01
 3.70018e-01
 3.58642e-01
 3.47649e-01
 3.36507e-01
 3.25281e-01
 3.13992e-01
 3.02637e-01
 2.91263e-01
 2.79870e-01
 2.68507e-01
 2.57163e-01
 2.45879e-01
 2.34636e-01
 2.23457e-01
 2.12318e-01
 2.01225e-01
 1.90147e-01
 1.79062e-01
 1.67932e-01
 1.56717e-01
 1.45363e-01
 1.33775e-01
 1.21801e-01
 1.09233e-01
 9.58406e-02
 8.14290e-02
 6.59217e-02
 4.95824e-02
 3.33134e-02
 1.86953e-02
 7.71105e-03
 1.83983e-03
 1.51037e-04
 1.89167e-06
 2.48550e-09
 0.00000e+00
 0.00000e+00
 0.00000e+00
 0.00000e+00
 0.00000e+00
 0.00000e+00
 0.00000e+00
 0.00000e+00
 0.00000e+00
 0.00000e+00
 0.00000e+00
 0.00000e+00
 0.00000e+00
 0.00000e+00
 0.00000e+00
 0.00000e+00
 0.00000e+00
 0.00000e+00
 0.00000e+00
 0.00000e+00
 0.00000e+00
 4.27344e-01
 3.88044e-01
 3.78540e-01
 3.64531e-01
 3.54114e-01
 3.42970e-01
 3.32192e-01
 3.21358e-01
 3.10485e-01
 2.99566e-01
 2.88614e-01
 2.77628e-01
 2.66649e-01
 2.55664e-01
 2.44715e-01
 2.33785e-01
 2.22901e-01
 2.12045e-01
 2.01225e-01
 1.90417e-01
 1.79606e-01
 1.68758e-01
 1.57843e-01
 1.46814e-01
 1.35599e-01
 1.24072e-01
 1.12051e-01
 9.93208e-02
 8.56696e-02
 7.09666e-02
 5.52998e-02
 3.92509e-02
 2.40918e-02
 1.16262e-02
 3.67934e-03
 5.43460e-04
 1.75485e-05
 6.84746e-08
 0.00000e+00
 0.00000e+00
 0.00000e+00
 0.00000e+00
 0.00000e+00
 0.00000e+00
 0.00000e+00
 0.00000e+00
 0.00000e+00
 0.00000e+00
 0.00000e+00
 0.00000e+00
 0.00000e+00
 0.00000e+00
 0.00000e+00
 0.00000e+00
 0.00000e+00
 0.00000e+00
 0.00000e+00
 0.00000e+00
 0.00000e+00
 0.00000e+00
 4.12589e-01
 3.72380e-01
 3.62724e-01
 3.48961e-01
 3.38523e-01
 3.27606e-01
 3.17054e-01
 3.06517e-01
 2.95966e-01
 2.85404e-01
 2.74808e-01
 2.64204e-01
 2.53582e-01
 2.42974e-01
 2.32368e-01
 2.21789e-01
 2.11224e-01
 2.00682e-01
 1.90147e-01
 1.79606e-01
 1.69033e-01
 1.58401e-01
 1.47674e-01
 1.36792e-01
 1.25651e-01
 1.14096e-01
 1.01928e-01
 8.89379e-02
 7.49661e-02
 5.99987e-02
 4.43864e-02
 2.91003e-02
 1.57117e-02
 6.08088e-03
 1.30872e-03
 8.94727e-05
 9.07544e-07
 1.00819e-09
 0.00000e+00
 0.00000e+00
 0.00000e+00
 0.00000e+00
 0.00000e+00
 0.00000e+00
 0.00000e+00
 0.00000e+00
 0.00000e+00
 0.00000e+00
 0.00000e+00
 0.00000e+00
 0.00000e+00
 0.00000e+00
 0.00000e+00
 0.00000e+00
 0.00000e+00
 0.00000e+00
 0.00000e+00
 0.00000e+00
 0.00000e+00
 0.00000e+00
 3.97359e-01
 3.56749e-01
 3.47028e-01
 3.33547e-01
 3.23154e-01
 3.12478e-01
 3.02169e-01
 2.91912e-01
 2.81681e-01
 2.71442e-01
 2.61197e-01
 2.50929e-01
 2.40663e-01
 2.30385e-01
 2.20117e-01
 2.09850e-01
 1.99594e-01
 1.89334e-01
 1.79062e-01
 1.68758e-01
 1.58401e-01
 1.47959e-01
 1.37382e-01
 1.26583e-01
 1.15427e-01
 1.03738e-01
 9.13150e-02
 7.79879e-02
 6.36888e-02
 4.86139e-02
 3.34804e-02
 1.96166e-02
 8.77254e-03
 2.44866e-03
 2.89162e-04
 6.59374e-06
 1.83066e-08
 0.00000e+00
 0.00000e+00
 0.00000e+00
 0.00000e+00
 0.00000e+00
 0.00000e+00
 0.00000e+00
 0.00000e+00
 0.00000e+00
 0.00000e+00
 0.00000e+00
 0.00000e+00
 0.00000e+00
 0.00000e+00
 0.00000e+00
 0.00000e+00
 0.00000e+00
 0.00000e+00
 0.00000e+00
 0.00000e+00
 0.00000e+00
 0.00000e+00
 0.00000e+00
 3.81658e-01
 3.41098e-01
 3.31384e-01
 3.18226e-01
 3.07937e-01
 2.97520e-01
 2.87461e-01
 2.77493e-01
 2.67560e-01
 2.57645e-01
 2.47716e-01
 2.37782e-01
 2.27832e-01
 2.17879e-01
 2.07915e-01
 1.97948e-01
 1.87968e-01
 1.77968e-01
 1.67932e-01
 1.57843e-01
 1.47674e-01
 1.37382e-01
 1.26890e-01
 1.16082e-01
 1.04802e-01
 9.28639e-02
 8.00962e-02
 6.64061e-02
 5.18939e-02
 3.70829e-02
 2.30765e-02
 1.14583e-02
 3.85659e-03
 6.56890e-04
 2.91561e-05
 1.79564e-07
 1.23490e-10
 0.00000e+00
 0.00000e+00
 0.00000e+00
 0.00000e+00
 0.00000e+00
 0.00000e+00
 0.00000e+00
 0.00000e+00
 0.00000e+00
 0.00000e+00
 0.00000e+00
 0.00000e+00
 0.00000e+00
 0.00000e+00
 0.00000e+00
 0.00000e+00
 0.00000e+00
 0.00000e+00
 0.00000e+00
 0.00000e+00
 0.00000e+00
 0.00000e+00
 0.00000e+00
 3.65469e-01
 3.25347e-01
 3.15725e-01
 3.02926e-01
 2.92806e-01
 2.82661e-01
 2.72874e-01
 2.63187e-01
 2.53560e-01
 2.43944e-01
 2.34331e-01
 2.24702e-01
 2.15063e-01
 2.05405e-01
 1.95731e-01
 1.86033e-01
 1.76307e-01
 1.66540e-01
 1.56717e-01
 1.46814e-01
 1.36792e-01
 1.26583e-01
 1.16082e-01
 1.05153e-01
 9.36274e-02
 8.13407e-02
 6.81905e-02
 5.42223e-02
 3.98245e-02
 2.59094e-02
 1.38834e-02
 5.35567e-03
 1.17176e-03
 8.67318e-05
 1.05440e-06
 1.55478e-09
 0.00000e+00
 0.00000e+00
 0.00000e+00
 0.00000e+00
 0.00000e+00
 0.00000e+00
 0.00000e+00
 0.00000e+00
 0.00000e+00
 0.00000e+00
 0.00000e+00
 0.00000e+00
 0.00000e+00
 0.00000e+00
 0.00000e+00
 0.00000e+00
 0.00000e+00
 0.00000e+00
 0.00000e+00
 0.00000e+00
 0.00000e+00
 0.00000e+00
 0.00000e+00
 0.00000e+00
 3.48785e-01
 3.09447e-01
 2.99985e-01
 2.87592e-01
 2.77689e-01
 2.67841e-01
 2.58334e-01
 2.48942e-01
 2.39607e-01
 2.30295e-01
 2.20977e-01
 2.11648e-01
 2.02294e-01
 1.92916e-01
 1.83506e-01
 1.74057e-01
 1.64561e-01
 1.55004e-01
 1.45363e-01
 1.35599e-01
 1.25651e-01
 1.15427e-01
 1.04802e-01
 9.36274e-02
 8.17521e-02
 6.90742e-02
 5.56111e-02
 4.16645e-02
 2.79985e-02
 1.58534e-02
 6.74889e-03
 1.76383e-03
 1.90036e-04
 4.03491e-06
 1.12812e-08
 0.00000e+00
 0.00000e+00
 0.00000e+00
 0.00000e+00
 0.00000e+00
 0.00000e+00
 0.00000e+00
 0.00000e+00
 0.00000e+00
 0.00000e+00
 0.00000e+00
 0.00000e+00
 0.00000e+00
 0.00000e+00
 0.00000e+00
 0.00000e+00
 0.00000e+00
 0.00000e+00
 0.00000e+00
 0.00000e+00
 0.00000e+00
 0.00000e+00
 0.00000e+00
 0.00000e+00
 0.00000e+00
 3.31586e-01
 2.93333e-01
 2.84106e-01
 2.72157e-01
 2.62525e-01
 2.52988e-01
 2.43782e-01
 2.34685e-01
 2.25650e-01
 2.16629e-01
 2.07602e-01
 1.98551e-01
 1.89471e-01
 1.80351e-01
 1.71185e-01
 1.61964e-01
 1.52673e-01
 1.43290e-01
 1.33775e-01
 1.24072e-01
 1.14096e-01
 1.03738e-01
 9.28639e-02
 8.13407e-02
 6.90742e-02
 5.60724e-02
 4.25869e-02
 2.92752e-02
 1.72342e-02
 7.86742e-03
 2.33261e-03
 3.26934e-04
 1.07995e-05
 5.16076e-08
 0.00000e+00
 0.00000e+00
 0.00000e+00
 0.00000e+00
 0.00000e+00
 0.00000e+00
 0.00000e+00
 0.00000e+00
 0.00000e+00
 0.00000e+00
 0.00000e+00
 0.00000e+00
 0.00000e+00
 0.00000e+00
 0.00000e+00
 0.00000e+00
 0.00000e+00
 0.00000e+00
 0.00000e+00
 0.00000e+00
 0.00000e+00
 0.00000e+00
 0.00000e+00
 0.00000e+00
 0.00000e+00
 0.00000e+00
 3.13851e-01
 2.76952e-01
 2.68023e-01
 2.56562e-01
 2.47241e-01
 2.38040e-01
 2.29145e-01
 2.20352e-01
 2.11611e-01
 2.02878e-01
 1.94129e-01
 1.85348e-01
 1.76524e-01
 1.67646e-01
 1.58703e-01
 1.49679e-01
 1.40549e-01
 1.31275e-01
 1.21801e-01
 1.12051e-01
 1.01928e-01
 9.13150e-02
 8.00962e-02
 6.81905e-02
 5.56111e-02
 4.25869e-02
 2.97043e-02
 1.79439e-02
 8.58780e-03
 2.77956e-03
 4.63773e-04
 2.14099e-05
 1.58215e-07
 1.51538e-10
 0.00000e+00
 0.00000e+00
 0.00000e+00
 0.00000e+00
 0.00000e+00
 0.00000e+00
 0.00000e+00
 0.00000e+00
 0.00000e+00
 0.00000e+00
 0.00000e+00
 0.00000e+00
 0.00000e+00
 0.00000e+00
 0.00000e+00
 0.00000e+00
 0.00000e+00
 0.00000e+00
 0.00000e+00
 0.00000e+00
 0.00000e+00
 0.00000e+00
 0.00000e+00
 0.00000e+00
 0.00000e+00
 0.00000e+00
 2.95541e-01
 2.60238e-01
 2.51668e-01
 2.40730e-01
 2.31763e-01
 2.22915e-01
 2.14345e-01
 2.05860e-01
 1.97416e-01
 1.88966e-01
 1.80488e-01
 1.71964e-01
 1.63378e-01
 1.54716e-01
 1.45957e-01
 1.37075e-01
 1.28031e-01
 1.18774e-01
 1.09233e-01
 9.93208e-02
 8.89379e-02
 7.79879e-02
 6.64061e-02
 5.42223e-02
 4.16645e-02
 2.92752e-02
 1.79439e-02
 8.83606e-03
 3.02465e-03
 5.64745e-04
 3.29078e-05
 3.40435e-07
 4.88606e-10
 0.00000e+00
 0.00000e+00
 0.00000e+00
 0.00000e+00
 0.00000e+00
 0.00000e+00
 0.00000e+00
 0.00000e+00
 0.00000e+00
 0.00000e+00
 0.00000e+00
 0.00000e+00
 0.00000e+00
 0.00000e+00
 0.00000e+00
 0.00000e+00
 0.00000e+00
 0.00000e+00
 0.00000e+00
 0.00000e+00
 0.00000e+00
 0.00000e+00
 0.00000e+00
 0.00000e+00
 0.00000e+00
 0.00000e+00
 0.00000e+00
 2.76608e-01
 2.43119e-01
 2.34964e-01
 2.24588e-01
 2.16008e-01
 2.07532e-01
 1.99299e-01
 1.91129e-01
 1.82980e-01
 1.74807e-01
 1.66585e-01
 1.58294e-01
 1.49911e-01
 1.41415e-01
 1.32775e-01
 1.23955e-01
 1.14903e-01
 1.05557e-01
 9.58406e-02
 8.56696e-02
 7.49661e-02
 6.36888e-02
 5.18939e-02
 3.98245e-02
 2.79985e-02
 1.72342e-02
 8.58780e-03
 3.02465e-03
 6.01923e-04
 4.04809e-05
 5.31755e-07
 1.04024e-09
 0.00000e+00
 0.00000e+00
 0.00000e+00
 0.00000e+00
 0.00000e+00
 0.00000e+00
 0.00000e+00
 0.00000e+00
 0.00000e+00
 0.00000e+00
 0.00000e+00
 0.00000e+00
 0.00000e+00
 0.00000e+00
 0.00000e+00
 0.00000e+00
 0.00000e+00
 0.00000e+00
 0.00000e+00
 0.00000e+00
 0.00000e+00
 0.00000e+00
 0.00000e+00
 0.00000e+00
 0.00000e+00
 0.00000e+00
 0.00000e+00
 0.00000e+00
 2.56995e-01
 2.25516e-01
 2.17829e-01
 2.08046e-01
 1.99882e-01
 1.91793e-01
 1.83904e-01
 1.76046e-01
 1.68181e-01
 1.60263e-01
 1.52267e-01
 1.44163e-01
 1.35927e-01
 1.27527e-01
 1.18926e-01
 1.10075e-01
 1.00920e-01
 9.13943e-02
 8.14290e-02
 7.09666e-02
 5.99987e-02
 4.86139e-02
 3.70829e-02
 2.59094e-02
 1.58534e-02
 7.86742e-03
 2.77956e-03
 5.64745e-04
 4.04809e-05
 6.15372e-07
 1.50786e-09
 0.00000e+00
 0.00000e+00
 0.00000e+00
 0.00000e+00
 0.00000e+00
 0.00000e+00
 0.00000e+00
 0.00000e+00
 0.00000e+00
 0.00000e+00
 0.00000e+00
 0.00000e+00
 0.00000e+00
 0.00000e+00
 0.00000e+00
 0.00000e+00
 0.00000e+00
 0.00000e+00
 0.00000e+00
 0.00000e+00
 0.00000e+00
 0.00000e+00
 0.00000e+00
 0.00000e+00
 0.00000e+00
 0.00000e+00
 0.00000e+00
 0.00000e+00
 0.00000e+00
 2.36582e-01
 2.07301e-01
 2.00125e-01
 1.90961e-01
 1.83233e-01
 1.75536e-01
 1.67985e-01
 1.60425e-01
 1.52818e-01
 1.45121e-01
 1.37302e-01
 1.29330e-01
 1.21174e-01
 1.12796e-01
 1.04153e-01
 9.51969e-02
 8.58700e-02
 7.61202e-02
 6.59217e-02
 5.52998e-02
 4.43864e-02
 3.34804e-02
 2.30765e-02
 1.38834e-02
 6.74889e-03
 2.33261e-03
 4.63773e-04
 3.29078e-05
 5.31755e-07
 1.50786e-09
 0.00000e+00
 0.00000e+00
 0.00000e+00
 0.00000e+00
 0.00000e+00
 0.00000e+00
 0.00000e+00
 0.00000e+00
 0.00000e+00
 0.00000e+00
 0.00000e+00
 0.00000e+00
 0.00000e+00
 0.00000e+00
 0.00000e+00
 0.00000e+00
 0.00000e+00
 0.00000e+00
 0.00000e+00
 0.00000e+00
 0.00000e+00
 0.00000e+00
 0.00000e+00
 0.00000e+00
 0.00000e+00
 0.00000e+00
 0.00000e+00
 0.00000e+00
 0.00000e+00
 0.00000e+00
 2.15139e-01
 1.88246e-01
 1.81621e-01
 1.73097e-01
 1.65817e-01
 1.58511e-01
 1.51288e-01
 1.44005e-01
 1.36627e-01
 1.29110e-01
 1.21421e-01
 1.13527e-01
 1.05395e-01
 9.69821e-02
 8.82450e-02
 7.91433e-02
 6.96531e-02
 5.97768e-02
 4.95824e-02
 3.92509e-02
 2.91003e-02
 1.96166e-02
 1.14583e-02
 5.35567e-03
 1.76383e-03
 3.26934e-04
 2.14099e-05
 3.40435e-07
 1.04024e-09
 0.00000e+00
 0.00000e+00
 0.00000e+00
 0.00000e+00
 0.00000e+00
 0.00000e+00
 0.00000e+00
 0.00000e+00
 0.00000e+00
 0.00000e+00
 0.00000e+00
 0.00000e+00
 0.00000e+00
 0.00000e+00
 0.00000e+00
 0.00000e+00
 0.00000e+00
 0.00000e+00
 0.00000e+00
 0.00000e+00
 0.00000e+00
 0.00000e+00
 0.00000e+00
 0.00000e+00
 0.00000e+00
 0.00000e+00
 0.00000e+00
 0.00000e+00
 0.00000e+00
 0.00000e+00
 0.00000e+00
 1.92342e-01
 1.68048e-01
 1.62011e-01
 1.54153e-01
 1.47336e-01
 1.40426e-01
 1.33524e-01
 1.26504e-01
 1.19333e-01
 1.11970e-01
 1.04380e-01
 9.65289e-02
 8.83836e-02
 7.99180e-02
 7.11132e-02
 6.19665e-02
 5.25217e-02
 4.29000e-02
 3.33134e-02
 2.40918e-02
 1.57117e-02
 8.77254e-03
 3.85659e-03
 1.17176e-03
 1.90036e-04
 1.07995e-05
 1.58215e-07
 4.88606e-10
 0.00000e+00
 0.00000e+00
 0.00000e+00
 0.00000e+00
 0.00000e+00
 0.00000e+00
 0.00000e+00
 0.00000e+00
 0.00000e+00
 0.00000e+00
 0.00000e+00
 0.00000e+00
 0.00000e+00
 0.00000e+00
 0.00000e+00
 0.00000e+00
 0.00000e+00
 0.00000e+00
 0.00000e+00
 0.00000e+00
 0.00000e+00
 0.00000e+00
 0.00000e+00
 0.00000e+00
 0.00000e+00
 0.00000e+00
 0.00000e+00
 0.00000e+00
 0.00000e+00
 0.00000e+00
 0.00000e+00
 0.00000e+00
 1.67854e-01
 1.46404e-01
 1.40998e-01
 1.33846e-01
 1.27520e-01
 1.21022e-01
 1.14448e-01
 1.07688e-01
 1.00713e-01
 9.34918e-02
 8.59992e-02
 7.82150e-02
 7.01246e-02
 6.17315e-02
 5.30774e-02
 4.42531e-02
 3.54079e-02
 2.67743e-02
 1.86953e-02
 1.16262e-02
 6.08088e-03
 2.44866e-03
 6.56890e-04
 8.67318e-05
 4.03491e-06
 5.16076e-08
 1.51538e-10
 0.00000e+00
 0.00000e+00
 0.00000e+00
 0.00000e+00
 0.00000e+00
 0.00000e+00
 0.00000e+00
 0.00000e+00
 0.00000e+00
 0.00000e+00
 0.00000e+00
 0.00000e+00
 0.00000e+00
 0.00000e+00
 0.00000e+00
 0.00000e+00
 0.00000e+00
 0.00000e+00
 0.00000e+00
 0.00000e+00
 0.00000e+00
 0.00000e+00
 0.00000e+00
 0.00000e+00
 0.00000e+00
 0.00000e+00
 0.00000e+00
 0.00000e+00
 0.00000e+00
 0.00000e+00
 0.00000e+00
 0.00000e+00
 0.00000e+00
 1.41399e-01
 1.23071e-01
 1.18336e-01
 1.11942e-01
 1.06143e-01
 1.00092e-01
 9.38803e-02
 8.74231e-02
 8.07038e-02
 7.37037e-02
 6.64210e-02
 5.88734e-02
 5.11027e-02
 4.31803e-02
 3.52194e-02
 2.73950e-02
 1.99633e-02
 1.32660e-02
 7.71105e-03
 3.67934e-03
 1.30872e-03
 2.89162e-04
 2.91561e-05
 1.05440e-06
 1.12812e-08
 0.00000e+00
 0.00000e+00
 0.00000e+00
 0.00000e+00
 0.00000e+00
 0.00000e+00
 0.00000e+00
 0.00000e+00
 0.00000e+00
 0.00000e+00
 0.00000e+00
 0.00000e+00
 0.00000e+00
 0.00000e+00
 0.00000e+00
 0.00000e+00
 0.00000e+00
 0.00000e+00
 0.00000e+00
 0.00000e+00
 0.00000e+00
 0.00000e+00
 0.00000e+00
 0.00000e+00
 0.00000e+00
 0.00000e+00
 0.00000e+00
 0.00000e+00
 0.00000e+00
 0.00000e+00
 0.00000e+00
 0.00000e+00
 0.00000e+00
 0.00000e+00
 0.00000e+00
 1.12938e-01
 9.80332e-02
 9.40231e-02
 8.84754e-02
 8.32852e-02
 7.77714e-02
 7.20290e-02
 6.60092e-02
 5.97260e-02
 5.31986e-02
 4.64667e-02
 3.95926e-02
 3.26733e-02
 2.58528e-02
 1.93306e-02
 1.33672e-02
 8.27694e-03
 4.37449e-03
 1.83983e-03
 5.43460e-04
 8.94727e-05
 6.59374e-06
 1.79564e-07
 1.55478e-09
 0.00000e+00
 0.00000e+00
 0.00000e+00
 0.00000e+00
 0.00000e+00
 0.00000e+00
 0.00000e+00
 0.00000e+00
 0.00000e+00
 0.00000e+00
 0.00000e+00
 0.00000e+00
 0.00000e+00
 0.00000e+00
 0.00000e+00
 0.00000e+00
 0.00000e+00
 0.00000e+00
 0.00000e+00
 0.00000e+00
 0.00000e+00
 0.00000e+00
 0.00000e+00
 0.00000e+00
 0.00000e+00
 0.00000e+00
 0.00000e+00
 0.00000e+00
 0.00000e+00
 0.00000e+00
 0.00000e+00
 0.00000e+00
 0.00000e+00
 0.00000e+00
 0.00000e+00
 0.00000e+00
 8.31270e-02
 7.19010e-02
 6.86825e-02
 6.41212e-02
 5.97020e-02
 5.49317e-02
 4.99092e-02
 4.46304e-02
 3.91440e-02
 3.35134e-02
 2.78298e-02
 2.22163e-02
 1.68342e-02
 1.18881e-02
 7.61943e-03
 4.26680e-03
 1.97643e-03
 6.87540e-04
 1.51037e-04
 1.75485e-05
 9.07544e-07
 1.83066e-08
 1.23490e-10
 0.00000e+00
 0.00000e+00
 0.00000e+00
 0.00000e+00
 0.00000e+00
 0.00000e+00
 0.00000e+00
 0.00000e+00
 0.00000e+00
 0.00000e+00
 0.00000e+00
 0.00000e+00
 0.00000e+00
 0.00000e+00
 0.00000e+00
 0.00000e+00
 0.00000e+00
 0.00000e+00
 0.00000e+00
 0.00000e+00
 0.00000e+00
 0.00000e+00
 0.00000e+00
 0.00000e+00
 0.00000e+00
 0.00000e+00
 0.00000e+00
 0.00000e+00
 0.00000e+00
 0.00000e+00
 0.00000e+00
 0.00000e+00
 0.00000e+00
 0.00000e+00
 0.00000e+00
 0.00000e+00
 0.00000e+00
 5.39926e-02
 4.64754e-02
 4.40947e-02
 4.06577e-02
 3.71962e-02
 3.34153e-02
 2.94212e-02
 2.52613e-02
 2.10248e-02
 1.68205e-02
 1.27852e-02
 9.08387e-03
 5.89762e-03
 3.39028e-03
 1.64484e-03
 6.21075e-04
 1.58509e-04
 2.41093e-05
 1.89167e-06
 6.84746e-08
 1.00819e-09
 0.00000e+00
 0.00000e+00
 0.00000e+00
 0.00000e+00
 0.00000e+00
 0.00000e+00
 0.00000e+00
 0.00000e+00
 0.00000e+00
 0.00000e+00
 0.00000e+00
 0.00000e+00
 0.00000e+00
 0.00000e+00
 0.00000e+00
 0.00000e+00
 0.00000e+00
 0.00000e+00
 0.00000e+00
 0.00000e+00
 0.00000e+00
 0.00000e+00
 0.00000e+00
 0.00000e+00
 0.00000e+00
 0.00000e+00
 0.00000e+00
 0.00000e+00
 0.00000e+00
 0.00000e+00
 0.00000e+00
 0.00000e+00
 0.00000e+00
 0.00000e+00
 0.00000e+00
 0.00000e+00
 0.00000e+00
 0.00000e+00
 0.00000e+00
 2.84919e-02
 2.43499e-02
 2.28177e-02
 2.05992e-02
 1.82787e-02
 1.57447e-02
 1.31073e-02
 1.04560e-02
 7.90732e-03
 5.58539e-03
 3.61179e-03
 2.07524e-03
 1.00985e-03
 3.87047e-04
 1.04180e-04
 1.82639e-05
 1.84333e-06
 9.83808e-08
 2.48550e-09
 0.00000e+00
 0.00000e+00
 0.00000e+00
 0.00000e+00
 0.00000e+00
 0.00000e+00
 0.00000e+00
 0.00000e+00
 0.00000e+00
 0.00000e+00
 0.00000e+00
 0.00000e+00
 0.00000e+00
 0.00000e+00
 0.00000e+00
 0.00000e+00
 0.00000e+00
 0.00000e+00
 0.00000e+00
 0.00000e+00
 0.00000e+00
 0.00000e+00
 0.00000e+00
 0.00000e+00
 0.00000e+00
 0.00000e+00
 0.00000e+00
 0.00000e+00
 0.00000e+00
 0.00000e+00
 0.00000e+00
 0.00000e+00
 0.00000e+00
 0.00000e+00
 0.00000e+00
 0.00000e+00
 0.00000e+00
 0.00000e+00
 0.00000e+00
 0.00000e+00
 0.00000e+00
 1.02826e-02
 8.68150e-03
 7.94381e-03
 6.89644e-03
 5.78290e-03
 4.60987e-03
 3.46352e-03
 2.41264e-03
 1.52474e-03
 8.48285e-04
 3.95502e-04
 1.43563e-04
 3.88387e-05
 7.18586e-06
 8.38217e-07
 5.74801e-08
 2.10344e-09
 0.00000e+00
 0.00000e+00
 0.00000e+00
 0.00000e+00
 0.00000e+00
 0.00000e+00
 0.00000e+00
 0.00000e+00
 0.00000e+00
 0.00000e+00
 0.00000e+00
 0.00000e+00
 0.00000e+00
 0.00000e+00
 0.00000e+00
 0.00000e+00
 0.00000e+00
 0.00000e+00
 0.00000e+00
 0.00000e+00
 0.00000e+00
 0.00000e+00
 0.00000e+00
 0.00000e+00
 0.00000e+00
 0.00000e+00
 0.00000e+00
 0.00000e+00
 0.00000e+00
 0.00000e+00
 0.00000e+00
 0.00000e+00
 0.00000e+00
 0.00000e+00
 0.00000e+00
 0.00000e+00
 0.00000e+00
 0.00000e+00
 0.00000e+00
 0.00000e+00
 0.00000e+00
 0.00000e+00
 0.00000e+00
 1.79499e-03
 1.48152e-03
 1.29363e-03
 1.04054e-03
 7.79956e-04
 5.30661e-04
 3.19012e-04
 1.65144e-04
 7.15624e-05
 2.48425e-05
 6.52066e-06
 1.22542e-06
 1.56836e-07
 1.26758e-08
 6.01244e-10
 0.00000e+00
 0.00000e+00
 0.00000e+00
 0.00000e+00
 0.00000e+00
 0.00000e+00
 0.00000e+00
 0.00000e+00
 0.00000e+00
 0.00000e+00
 0.00000e+00
 0.00000e+00
 0.00000e+00
 0.00000e+00
 0.00000e+00
 0.00000e+00
 0.00000e+00
 0.00000e+00
 0.00000e+00
 0.00000e+00
 0.00000e+00
 0.00000e+00
 0.00000e+00
 0.00000e+00
 0.00000e+00
 0.00000e+00
 0.00000e+00
 0.00000e+00
 0.00000e+00
 0.00000e+00
 0.00000e+00
 0.00000e+00
 0.00000e+00
 0.00000e+00
 0.00000e+00
 0.00000e+00
 0.00000e+00
 0.00000e+00
 0.00000e+00
 0.00000e+00
 0.00000e+00
 0.00000e+00
 0.00000e+00
 0.00000e+00
 0.00000e+00
 6.60477e-05
 5.20674e-05
 4.13823e-05
 2.86752e-05
 1.74027e-05
 8.95170e-06
 3.80115e-06
 1.29629e-06
 3.42886e-07
 6.73221e-08
 9.31858e-09
 8.62942e-10
 0.00000e+00
 0.00000e+00
 0.00000e+00
 0.00000e+00
 0.00000e+00
 0.00000e+00
 0.00000e+00
 0.00000e+00
 0.00000e+00
 0.00000e+00
 0.00000e+00
 0.00000e+00
 0.00000e+00
 0.00000e+00
 0.00000e+00
 0.00000e+00
 0.00000e+00
 0.00000e+00
 0.00000e+00
 0.00000e+00
 0.00000e+00
 0.00000e+00
 0.00000e+00
 0.00000e+00
 0.00000e+00
 0.00000e+00
 0.00000e+00
 0.00000e+00
 0.00000e+00
 0.00000e+00
 0.00000e+00
 0.00000e+00
 0.00000e+00
 0.00000e+00
 0.00000e+00
 0.00000e+00
 0.00000e+00
 0.00000e+00
 0.00000e+00
 0.00000e+00
 0.00000e+00
 0.00000e+00
 0.00000e+00
 0.00000e+00
 0.00000e+00
 0.00000e+00
 0.00000e+00
 0.00000e+00
 2.15754e-07
 1.60583e-07
 1.13777e-07
 6.60695e-08
 3.14710e-08
 1.18911e-08
 3.47393e-09
 7.59274e-10
 1.18145e-10
 0.00000e+00
 0.00000e+00
 0.00000e+00
 0.00000e+00
 0.00000e+00
 0.00000e+00
 0.00000e+00
 0.00000e+00
 0.00000e+00
 0.00000e+00
 0.00000e+00
 0.00000e+00
 0.00000e+00
 0.00000e+00
 0.00000e+00
 0.00000e+00
 0.00000e+00
 0.00000e+00
 0.00000e+00
 0.00000e+00
 0.00000e+00
 0.00000e+00
 0.00000e+00
 0.00000e+00
 0.00000e+00
 0.00000e+00
 0.00000e+00
 0.00000e+00
 0.00000e+00
 0.00000e+00
 0.00000e+00
 0.00000e+00
 0.00000e+00
 0.00000e+00
 0.00000e+00
 0.00000e+00
 0.00000e+00
 0.00000e+00
 0.00000e+00
 0.00000e+00
 0.00000e+00
 0.00000e+00
 0.00000e+00
 0.00000e+00
 0.00000e+00
 0.00000e+00
 0.00000e+00
 0.00000e+00
 0.00000e+00
 0.00000e+00
 0.00000e+00
 0.00000e+00
 0.00000e+00
 0.00000e+00
 0.00000e+00
 0.00000e+00
 0.00000e+00
 0.00000e+00
 0.00000e+00
 0.00000e+00
 0.00000e+00
 0.00000e+00
 0.00000e+00
 0.00000e+00
 0.00000e+00
 0.00000e+00
 0.00000e+00
 0.00000e+00
 0.00000e+00
 0.00000e+00
 0.00000e+00
 0.00000e+00
 0.00000e+00
 0.00000e+00
 0.00000e+00
 0.00000e+00
 0.00000e+00
 0.00000e+00
 0.00000e+00
 0.00000e+00
 0.00000e+00
 0.00000e+00
 0.00000e+00
 0.00000e+00
 0.00000e+00
 0.00000e+00
 0.00000e+00
 0.00000e+00
 0.00000e+00
 0.00000e+00
 0.00000e+00
 0.00000e+00
 0.00000e+00
 0.00000e+00
 0.00000e+00
 0.00000e+00
 0.00000e+00
 0.00000e+00
 0.00000e+00
 0.00000e+00
 0.00000e+00
 0.00000e+00
 0.00000e+00
 0.00000e+00
 0.00000e+00
 0.00000e+00
 0.00000e+00
 0.00000e+00
 0.00000e+00
 0.00000e+00
 0.00000e+00
 0.00000e+00
 0.00000e+00
 0.00000e+00
 0.00000e+00
 0.00000e+00
 0.00000e+00
 0.00000e+00
 0.00000e+00
 0.00000e+00
 0.00000e+00
 0.00000e+00
 0.00000e+00
 0.00000e+00
 0.00000e+00
 0.00000e+00
 0.00000e+00
 0.00000e+00
 0.00000e+00
 0.00000e+00
 0.00000e+00
 0.00000e+00
 0.00000e+00
 0.00000e+00
 0.00000e+00
 0.00000e+00
 0.00000e+00
 0.00000e+00
 0.00000e+00
 0.00000e+00
 0.00000e+00
 0.00000e+00
 0.00000e+00
 0.00000e+00
 0.00000e+00
 0.00000e+00
 0.00000e+00
 0.00000e+00
 0.00000e+00
 0.00000e+00
 0.00000e+00
 0.00000e+00
 0.00000e+00
 0.00000e+00
 0.00000e+00
 0.00000e+00
 0.00000e+00
 0.00000e+00
 0.00000e+00
 0.00000e+00
 0.00000e+00
 0.00000e+00
 0.00000e+00
 0.00000e+00
 0.00000e+00
 0.00000e+00
 0.00000e+00
 0.00000e+00
 0.00000e+00
 0.00000e+00
 0.00000e+00
 0.00000e+00
 0.00000e+00
 0.00000e+00
 0.00000e+00
 0.00000e+00
 0.00000e+00
 0.00000e+00
 0.00000e+00
 0.00000e+00
 0.00000e+00
 0.00000e+00
 0.00000e+00
 0.00000e+00
 0.00000e+00
 0.00000e+00
 0.00000e+00
 0.00000e+00
 0.00000e+00
 0.00000e+00
 0.00000e+00
 0.00000e+00
 0.00000e+00
 0.00000e+00
 0.00000e+00
 0.00000e+00
 0.00000e+00
 0.00000e+00
 0.00000e+00
 0.00000e+00
 0.00000e+00
 0.00000e+00
 0.00000e+00
 0.00000e+00
 0.00000e+00
 0.00000e+00
 0.00000e+00
 0.00000e+00
 0.00000e+00
 0.00000e+00
 0.00000e+00
 0.00000e+00
 0.00000e+00
 0.00000e+00
 0.00000e+00
 0.00000e+00
 0.00000e+00
 0.00000e+00
 0.00000e+00
 0.00000e+00
 0.00000e+00
 0.00000e+00
 0.00000e+00
 0.00000e+00
 0.00000e+00
 0.00000e+00
 0.00000e+00
 0.00000e+00
 0.00000e+00
 0.00000e+00
 0.00000e+00
 0.00000e+00
 0.00000e+00
 0.00000e+00
 0.00000e+00
 0.00000e+00
 0.00000e+00
 0.00000e+00
 0.00000e+00
 0.00000e+00
 0.00000e+00
 0.00000e+00
 0.00000e+00
 0.00000e+00
 0.00000e+00
 0.00000e+00
 0.00000e+00
 0.00000e+00
 0.00000e+00
 0.00000e+00
 0.00000e+00
 0.00000e+00
 0.00000e+00
 0.00000e+00
 0.00000e+00
 0.00000e+00
 0.00000e+00
 0.00000e+00
 0.00000e+00
 0.00000e+00
 0.00000e+00
 0.00000e+00
 0.00000e+00
 0.00000e+00
 0.00000e+00
 0.00000e+00
 0.00000e+00
 0.00000e+00
 0.00000e+00
 0.00000e+00
 0.00000e+00
 0.00000e+00
 0.00000e+00
 0.00000e+00
 0.00000e+00
 0.00000e+00
 0.00000e+00
 0.00000e+00
 0.00000e+00
 0.00000e+00
 0.00000e+00
 0.00000e+00
 0.00000e+00
 0.00000e+00
 0.00000e+00
 0.00000e+00
 0.00000e+00
 0.00000e+00
 0.00000e+00
 0.00000e+00
 0.00000e+00
 0.00000e+00
 0.00000e+00
 0.00000e+00
 0.00000e+00
 0.00000e+00
 0.00000e+00
 0.00000e+00
 0.00000e+00
 0.00000e+00
 0.00000e+00
 0.00000e+00
 0.00000e+00
 0.00000e+00
 0.00000e+00
 0.00000e+00
 0.00000e+00
 0.00000e+00
 0.00000e+00
 0.00000e+00
 0.00000e+00
 0.00000e+00
 0.00000e+00
 0.00000e+00
 0.00000e+00
 0.00000e+00
 0.00000e+00
 0.00000e+00
 0.00000e+00
 0.00000e+00
 0.00000e+00
 0.00000e+00
 0.00000e+00
 0.00000e+00
 0.00000e+00
 0.00000e+00
 0.00000e+00
 0.00000e+00
 0.00000e+00
 0.00000e+00
 0.00000e+00
 0.00000e+00
 0.00000e+00
 0.00000e+00
 0.00000e+00
 0.00000e+00
 0.00000e+00
 0.00000e+00
 0.00000e+00
 0.00000e+00
 0.00000e+00
 0.00000e+00
 0.00000e+00
 0.00000e+00
 0.00000e+00
 0.00000e+00
 0.00000e+00
 0.00000e+00
 0.00000e+00
 0.00000e+00
 0.00000e+00
 0.00000e+00
 0.00000e+00
 0.00000e+00
 0.00000e+00
 0.00000e+00
 0.00000e+00
 0.00000e+00
 0.00000e+00
 0.00000e+00
 0.00000e+00
 0.00000e+00
 0.00000e+00
 0.00000e+00
 0.00000e+00
 0.00000e+00
 0.00000e+00
 0.00000e+00
 0.00000e+00
 0.00000e+00
 0.00000e+00
 0.00000e+00
 0.00000e+00
 0.00000e+00
 0.00000e+00
 0.00000e+00
 0.00000e+00
 0.00000e+00
 0.00000e+00
 0.00000e+00
 0.00000e+00
 0.00000e+00
 0.00000e+00
 0.00000e+00
 0.00000e+00
 0.00000e+00
 0.00000e+00
 0.00000e+00
 0.00000e+00
 0.00000e+00
 0.00000e+00
 0.00000e+00
 0.00000e+00
 0.00000e+00
 0.00000e+00
 0.00000e+00
 0.00000e+00
 0.00000e+00
 0.00000e+00
 0.00000e+00
 0.00000e+00
 0.00000e+00
 0.00000e+00
 0.00000e+00
 0.00000e+00
 0.00000e+00
 0.00000e+00
 0.00000e+00
 0.00000e+00
 0.00000e+00
 0.00000e+00
 0.00000e+00
 0.00000e+00
 0.00000e+00
 0.00000e+00
 0.00000e+00
 0.00000e+00
 0.00000e+00
 0.00000e+00
 0.00000e+00
 0.00000e+00
 0.00000e+00
 0.00000e+00
 0.00000e+00
 0.00000e+00
 0.00000e+00
 0.00000e+00
 0.00000e+00
 0.00000e+00
 0.00000e+00
 0.00000e+00
 0.00000e+00
 0.00000e+00
 0.00000e+00
 0.00000e+00
 0.00000e+00
 0.00000e+00
 0.00000e+00
 0.00000e+00
 0.00000e+00
 0.00000e+00
 0.00000e+00
 0.00000e+00
 0.00000e+00
 0.00000e+00
 0.00000e+00
 0.00000e+00
 0.00000e+00
 0.00000e+00
 0.00000e+00
 0.00000e+00
 0.00000e+00
 0.00000e+00
 0.00000e+00
 0.00000e+00
 0.00000e+00
 0.00000e+00
 0.00000e+00
 0.00000e+00
 0.00000e+00
 0.00000e+00
 0.00000e+00
 0.00000e+00
 0.00000e+00
 0.00000e+00
 0.00000e+00
 0.00000e+00
 0.00000e+00
 0.00000e+00
 0.00000e+00
 0.00000e+00
 0.00000e+00
 0.00000e+00
 0.00000e+00
 0.00000e+00
 0.00000e+00
 0.00000e+00
 0.00000e+00
 0.00000e+00
 0.00000e+00
 0.00000e+00
 0.00000e+00
 0.00000e+00
 0.00000e+00
 0.00000e+00
 0.00000e+00
 0.00000e+00
 0.00000e+00
 0.00000e+00
 0.00000e+00
 0.00000e+00
 0.00000e+00
 0.00000e+00
 0.00000e+00
 0.00000e+00
 0.00000e+00
 0.00000e+00
 0.00000e+00
 0.00000e+00
 0.00000e+00
 0.00000e+00
 0.00000e+00
 0.00000e+00
 0.00000e+00
 0.00000e+00
 0.00000e+00
 0.00000e+00
 0.00000e+00
 0.00000e+00
 0.00000e+00
 0.00000e+00
 0.00000e+00
 0.00000e+00
 0.00000e+00
 0.00000e+00
 0.00000e+00
 0.00000e+00
 0.00000e+00
 0.00000e+00
 0.00000e+00
 0.00000e+00
 0.00000e+00
 0.00000e+00
 0.00000e+00
 0.00000e+00
 0.00000e+00
 0.00000e+00
 0.00000e+00
 0.00000e+00
 0.00000e+00
 0.00000e+00
 0.00000e+00
 0.00000e+00
 0.00000e+00
 0.00000e+00
 0.00000e+00
 0.00000e+00
 0.00000e+00
 0.00000e+00
 0.00000e+00
 0.00000e+00
 0.00000e+00
 0.00000e+00
 0.00000e+00
 0.00000e+00
 0.00000e+00
 0.00000e+00
 0.00000e+00
 0.00000e+00
 0.00000e+00
 0.00000e+00
 0.00000e+00
 0.00000e+00
 0.00000e+00
 0.00000e+00
 0.00000e+00
 0.00000e+00
 0.00000e+00
 0.00000e+00
 0.00000e+00
 0.00000e+00
 0.00000e+00
 0.00000e+00
 0.00000e+00
 0.00000e+00
 0.00000e+00
 0.00000e+00
 0.00000e+00
 0.00000e+00
 0.00000e+00
 0.00000e+00
 0.00000e+00
 0.00000e+00
 0.00000e+00
 0.00000e+00
 0.00000e+00
 0.00000e+00
 0.00000e+00
 0.00000e+00
 0.00000e+00
 0.00000e+00
 0.00000e+00
 0.00000e+00
 0.00000e+00
 0.00000e+00
 0.00000e+00
 0.00000e+00
 0.00000e+00
 0.00000e+00
 0.00000e+00
 0.00000e+00
 0.00000e+00
 0.00000e+00
 0.00000e+00
 0.00000e+00
 0.00000e+00
 0.00000e+00
 0.00000e+00
 0.00000e+00
 0.00000e+00
 0.00000e+00
 0.00000e+00
 0.00000e+00
 0.00000e+00
 0.00000e+00
 0.00000e+00
 0.00000e+00
 0.00000e+00
 0.00000e+00
 0.00000e+00
 0.00000e+00
 0.00000e+00
 0.00000e+00
 0.00000e+00
 0.00000e+00
 0.00000e+00
 0.00000e+00
 0.00000e+00
 0.00000e+00
 0.00000e+00
 0.00000e+00
 0.00000e+00
 0.00000e+00
 0.00000e+00
 0.00000e+00
 0.00000e+00
 0.00000e+00
 0.00000e+00
 0.00000e+00
 0.00000e+00
 0.00000e+00
 0.00000e+00
 0.00000e+00
 0.00000e+00
 0.00000e+00
 0.00000e+00
 0.00000e+00
 0.00000e+00
 0.00000e+00
 0.00000e+00
 0.00000e+00
 0.00000e+00
 0.00000e+00
 0.00000e+00
 0.00000e+00
 0.00000e+00
 0.00000e+00
 0.00000e+00
 0.00000e+00
 0.00000e+00
 0.00000e+00
 0.00000e+00
 0.00000e+00
 0.00000e+00
 0.00000e+00
 0.00000e+00
 0.00000e+00
 0.00000e+00
 0.00000e+00
 0.00000e+00
 0.00000e+00
 0.00000e+00
 0.00000e+00
 0.00000e+00
 0.00000e+00
 0.00000e+00
 0.00000e+00
 0.00000e+00
 0.00000e+00
 0.00000e+00
 0.00000e+00
 0.00000e+00
 0.00000e+00
 0.00000e+00
 0.00000e+00
 0.00000e+00
 0.00000e+00
 0.00000e+00
 0.00000e+00
 0.00000e+00
 0.00000e+00
 0.00000e+00
 0.00000e+00
 0.00000e+00
 0.00000e+00
 0.00000e+00
 0.00000e+00
 0.00000e+00
 0.00000e+00
 0.00000e+00
 0.00000e+00
 0.00000e+00
 0.00000e+00
 0.00000e+00
 0.00000e+00
 0.00000e+00
 0.00000e+00
 0.00000e+00
 0.00000e+00
 0.00000e+00
 0.00000e+00
 0.00000e+00
 0.00000e+00
 0.00000e+00
 0.00000e+00
 0.00000e+00
 0.00000e+00
 0.00000e+00
 0.00000e+00
 0.00000e+00
 0.00000e+00
 0.00000e+00
 0.00000e+00
 0.00000e+00
 0.00000e+00
 0.00000e+00
 0.00000e+00
 0.00000e+00
 0.00000e+00
 0.00000e+00
 0.00000e+00
 0.00000e+00
 0.00000e+00
 0.00000e+00
 0.00000e+00
 0.00000e+00
 0.00000e+00
 0.00000e+00
 0.00000e+00
 0.00000e+00
 0.00000e+00
 0.00000e+00
 0.00000e+00
 0.00000e+00
 0.00000e+00
 0.00000e+00
 0.00000e+00
 0.00000e+00
 0.00000e+00
 0.00000e+00
 0.00000e+00
 0.00000e+00
 0.00000e+00
 0.00000e+00
 0.00000e+00
 0.00000e+00
 0.00000e+00
 0.00000e+00
 0.00000e+00
 0.00000e+00
 0.00000e+00
 0.00000e+00
 0.00000e+00
 0.00000e+00
 0.00000e+00
 0.00000e+00
 0.00000e+00
 0.00000e+00
 0.00000e+00
 0.00000e+00
 0.00000e+00
 0.00000e+00
 0.00000e+00
 0.00000e+00
 0.00000e+00
 0.00000e+00
 0.00000e+00
 0.00000e+00
 0.00000e+00
 0.00000e+00
 0.00000e+00
 0.00000e+00
 0.00000e+00
 0.00000e+00
 0.00000e+00
 0.00000e+00
 0.00000e+00
 0.00000e+00
 0.00000e+00
 0.00000e+00
 0.00000e+00
 0.00000e+00
 0.00000e+00
 0.00000e+00
 0.00000e+00
 0.00000e+00
 0.00000e+00
 0.00000e+00
 0.00000e+00
 0.00000e+00
 0.00000e+00
 0.00000e+00
 0.00000e+00
 0.00000e+00
 0.00000e+00
 0.00000e+00
 0.00000e+00
 0.00000e+00
 0.00000e+00
 0.00000e+00
 0.00000e+00
 0.00000e+00
 0.00000e+00
 0.00000e+00
 0.00000e+00
 0.00000e+00
 0.00000e+00
 0.00000e+00
 0.00000e+00
 0.00000e+00
 0.00000e+00
 0.00000e+00
 0.00000e+00
 0.00000e+00
 0.00000e+00
 0.00000e+00
 0.00000e+00
 0.00000e+00
 0.00000e+00
 0.00000e+00
 0.00000e+00
 0.00000e+00
 0.00000e+00
 0.00000e+00
 0.00000e+00
 0.00000e+00
 0.00000e+00
 0.00000e+00
 0.00000e+00
 0.00000e+00
 0.00000e+00
 0.00000e+00
 0.00000e+00
 0.00000e+00
 0.00000e+00
 0.00000e+00
 0.00000e+00
 0.00000e+00
 0.00000e+00
 0.00000e+00
 0.00000e+00
 0.00000e+00
 0.00000e+00
 0.00000e+00
 0.00000e+00
 0.00000e+00
 0.00000e+00
 0.00000e+00
 0.00000e+00
 0.00000e+00
 0.00000e+00
 0.00000e+00
 0.00000e+00
 0.00000e+00
 0.00000e+00
 0.00000e+00
 0.00000e+00
 0.00000e+00
 0.00000e+00
 0.00000e+00
 0.00000e+00
 0.00000e+00
 0.00000e+00
 0.00000e+00
 0.00000e+00
 0.00000e+00
 0.00000e+00
 0.00000e+00
 0.00000e+00
 0.00000e+00
 0.00000e+00
 0.00000e+00
 0.00000e+00
 0.00000e+00
 0.00000e+00
 0.00000e+00
 0.00000e+00
 0.00000e+00
 0.00000e+00
 0.00000e+00
 0.00000e+00
 0.00000e+00
 0.00000e+00
 0.00000e+00
 0.00000e+00
 0.00000e+00
 0.00000e+00
 0.00000e+00
 0.00000e+00
 0.00000e+00
 0.00000e+00
 0.00000e+00
 0.00000e+00
 0.00000e+00
 0.00000e+00
 0.00000e+00
 0.00000e+00
 0.00000e+00
 0.00000e+00
 0.00000e+00
 0.00000e+00
 0.00000e+00
 0.00000e+00
 0.00000e+00
 0.00000e+00
 0.00000e+00
 0.00000e+00
 0.00000e+00
 0.00000e+00
 0.00000e+00
 0.00000e+00
 0.00000e+00
 0.00000e+00
 0.00000e+00
 0.00000e+00
 0.00000e+00
 0.00000e+00
 0.00000e+00
 0.00000e+00
 0.00000e+00
 0.00000e+00
 0.00000e+00
 0.00000e+00
 0.00000e+00
 0.00000e+00
 0.00000e+00
 0.00000e+00
 0.00000e+00
 0.00000e+00
 0.00000e+00
 0.00000e+00
 0.00000e+00
 0.00000e+00
 0.00000e+00
 0.00000e+00
 0.00000e+00
 0.00000e+00
 0.00000e+00
 0.00000e+00
 0.00000e+00
 0.00000e+00
 0.00000e+00
 0.00000e+00
 0.00000e+00
 0.00000e+00
 0.00000e+00
 0.00000e+00
 0.00000e+00
 0.00000e+00
 0.00000e+00
 0.00000e+00
 0.00000e+00
 0.00000e+00
 0.00000e+00
 0.00000e+00
 0.00000e+00
 0.00000e+00
 0.00000e+00
 0.00000e+00
 0.00000e+00
 0.00000e+00
 0.00000e+00
 0.00000e+00
 0.00000e+00
 0.00000e+00
 0.00000e+00
 0.00000e+00
 0.00000e+00
 0.00000e+00
 0.00000e+00
 0.00000e+00
 0.00000e+00
 0.00000e+00
 0.00000e+00
 0.00000e+00
 0.00000e+00
 0.00000e+00
 0.00000e+00
 0.00000e+00
 0.00000e+00
 0.00000e+00
 0.00000e+00
 0.00000e+00
 0.00000e+00
 0.00000e+00
 0.00000e+00
 0.00000e+00
 0.00000e+00
 0.00000e+00
 0.00000e+00
 0.00000e+00
 0.00000e+00
 0.00000e+00
 0.00000e+00
 0.00000e+00
 0.00000e+00
 0.00000e+00
 0.00000e+00
 0.00000e+00
 0.00000e+00
 0.00000e+00
 0.00000e+00
 0.00000e+00
 0.00000e+00
 0.00000e+00
 0.00000e+00
 0.00000e+00
 0.00000e+00
 0.00000e+00
 0.00000e+00
 0.00000e+00
 0.00000e+00
 0.00000e+00
 0.00000e+00
 0.00000e+00
 0.00000e+00
 0.00000e+00
 0.00000e+00
 0.00000e+00
 0.00000e+00
 0.00000e+00
 0.00000e+00
 0.00000e+00
 0.00000e+00
 0.00000e+00
 0.00000e+00
 0.00000e+00
 0.00000e+00
 0.00000e+00
 0.00000e+00
 0.00000e+00
 0.00000e+00
 0.00000e+00
 0.00000e+00
 0.00000e+00
 0.00000e+00
 0.00000e+00
 0.00000e+00
 0.00000e+00
 0.00000e+00
 0.00000e+00
 0.00000e+00
 0.00000e+00
 0.00000e+00
 0.00000e+00
 0.00000e+00
 0.00000e+00
 0.00000e+00
 0.00000e+00
 0.00000e+00
 0.00000e+00
 0.00000e+00
 0.00000e+00
 0.00000e+00
 0.00000e+00
 0.00000e+00
 0.00000e+00
 0.00000e+00
 0.00000e+00
 0.00000e+00
 0.00000e+00
 0.00000e+00
 0.00000e+00
 0.00000e+00
 0.00000e+00
 0.00000e+00
 0.00000e+00
 0.00000e+00
 0.00000e+00
 0.00000e+00
 0.00000e+00
