Materiau
part
         1
quad4
 7.62842e-01
 6.52626e-01
 6.47640e-01
 6.36171e-01
 6.33692e-01
 6.19024e-01
 5.78545e-01
 5.68587e-01
 5.71859e-01
 5.52996e-01
 5.37893e-01
 5.32227e-01
 5.21379e-01
 5.14173e-01
 5.04540e-01
 4.95696e-01
 4.85848e-01
 4.75874e-01
 4.65372e-01
 4.54531e-01
 4.43288e-01
 4.31669e-01
 4.19681e-01
 4.07317e-01
 3.94588e-01
 3.81488e-01
 3.68019e-01
 3.54177e-01
 3.39961e-01
 3.25363e-01
 3.10374e-01
 2.94979e-01
 2.79157e-01
 2.62876e-01
 2.46095e-01
 2.28751e-01
 2.10732e-01
 1.91855e-01
 1.71884e-01
 1.50585e-01
 1.27783e-01
 1.03476e-01
 7.81315e-02
 5.31433e-02
 3.06026e-02
 1.31898e-02
 3.30050e-03
 2.66340e-04
 2.53438e-06
 1.72638e-09
 0.00000e+00
 0.00000e+00
 0.00000e+00
 0.00000e+00
 0.00000e+00
 0.00000e+00
 0.00000e+00
 0.00000e+00
 0.00000e+00
 0.00000e+00
 6.52626e-01
 6.49059e-01
 6.47492e-01
 6.42766e-01
 6.32700e-01
 6.36823e-01
 6.05805e-01
 5.93561e-01
 5.92649e-01
 5.74606e-01
 5.60954e-01
 5.48778e-01
 5.33318e-01
 5.19565e-01
 5.03372e-01
 4.88204e-01
 4.72504e-01
 4.57548e-01
 4.42766e-01
 4.28463e-01
 4.14410e-01
 4.00599e-01
 3.86952e-01
 3.73407e-01
 3.59919e-01
 3.46431e-01
 3.32904e-01
 3.19294e-01
 3.05568e-01
 2.91689e-01
 2.77624e-01
 2.63337e-01
 2.48789e-01
 2.33933e-01
 2.18715e-01
 2.03065e-01
 1.86867e-01
 1.69946e-01
 1.52081e-01
 1.33063e-01
 1.12734e-01
 9.11047e-02
 6.86086e-02
 4.65002e-02
 2.66412e-02
 1.13877e-02
 2.80781e-03
 2.19313e-04
 1.99021e-06
 1.28657e-09
 0.00000e+00
 0.00000e+00
 0.00000e+00
 0.00000e+00
 0.00000e+00
 0.00000e+00
 0.00000e+00
 0.00000e+00
 0.00000e+00
 0.00000e+00
 6.47640e-01
 6.47492e-01
 6.49384e-01
 6.50864e-01
 6.40792e-01
 6.40315e-01
 6.34262e-01
 5.96341e-01
 5.95417e-01
 5.67338e-01
 5.60074e-01
 5.41439e-01
 5.27283e-01
 5.10759e-01
 4.95293e-01
 4.79874e-01
 4.64630e-01
 4.49714e-01
 4.35008e-01
 4.20570e-01
 4.06374e-01
 3.92394e-01
 3.78597e-01
 3.64933e-01
 3.51364e-01
 3.37844e-01
 3.24333e-01
 3.10794e-01
 2.97187e-01
 2.83477e-01
 2.69628e-01
 2.55601e-01
 2.41353e-01
 2.26835e-01
 2.11990e-01
 1.96746e-01
 1.80982e-01
 1.64520e-01
 1.47142e-01
 1.28640e-01
 1.08856e-01
 8.78071e-02
 6.59333e-02
 4.44762e-02
 2.52718e-02
 1.06355e-02
 2.54518e-03
 1.85996e-04
 1.53467e-06
 8.94708e-10
 0.00000e+00
 0.00000e+00
 0.00000e+00
 0.00000e+00
 0.00000e+00
 0.00000e+00
 0.00000e+00
 0.00000e+00
 0.00000e+00
 0.00000e+00
 6.36171e-01
 6.42766e-01
 6.50864e-01
 6.51760e-01
 6.41481e-01
 6.40682e-01
 6.27358e-01
 6.17369e-01
 5.98872e-01
 5.75227e-01
 5.58496e-01
 5.36948e-01
 5.18761e-01
 5.00921e-01
 4.83974e-01
 4.67902e-01
 4.52213e-01
 4.37117e-01
 4.22349e-01
 4.07972e-01
 3.93868e-01
 3.80024e-01
 3.66374e-01
 3.52883e-01
 3.39506e-01
 3.26205e-01
 3.12941e-01
 2.99676e-01
 2.86376e-01
 2.73002e-01
 2.59519e-01
 2.45886e-01
 2.32059e-01
 2.17988e-01
 2.03614e-01
 1.88860e-01
 1.73604e-01
 1.57668e-01
 1.40836e-01
 1.22909e-01
 1.03736e-01
 8.33584e-02
 6.22394e-02
 4.16225e-02
 2.33193e-02
 9.56751e-03
 2.18219e-03
 1.43529e-04
 1.02292e-06
 5.09379e-10
 0.00000e+00
 0.00000e+00
 0.00000e+00
 0.00000e+00
 0.00000e+00
 0.00000e+00
 0.00000e+00
 0.00000e+00
 0.00000e+00
 0.00000e+00
 6.33692e-01
 6.32700e-01
 6.40792e-01
 6.41481e-01
 6.39424e-01
 6.36766e-01
 6.30792e-01
 6.18296e-01
 6.00113e-01
 5.78479e-01
 5.58169e-01
 5.36362e-01
 5.17199e-01
 4.97550e-01
 4.79808e-01
 4.62351e-01
 4.45973e-01
 4.30051e-01
 4.14789e-01
 3.99938e-01
 3.85523e-01
 3.71424e-01
 3.57614e-01
 3.44022e-01
 3.30608e-01
 3.17324e-01
 3.04127e-01
 2.90976e-01
 2.77829e-01
 2.64650e-01
 2.51394e-01
 2.38022e-01
 2.24483e-01
 2.10725e-01
 1.96686e-01
 1.82285e-01
 1.67394e-01
 1.51833e-01
 1.35389e-01
 1.17871e-01
 9.91343e-02
 7.92450e-02
 5.87108e-02
 3.87930e-02
 2.13048e-02
 8.42894e-03
 1.79401e-03
 1.01644e-04
 5.92253e-07
 2.37169e-10
 0.00000e+00
 0.00000e+00
 0.00000e+00
 0.00000e+00
 0.00000e+00
 0.00000e+00
 0.00000e+00
 0.00000e+00
 0.00000e+00
 0.00000e+00
 6.19024e-01
 6.36823e-01
 6.40315e-01
 6.40682e-01
 6.36766e-01
 6.31803e-01
 6.21573e-01
 6.07633e-01
 5.89028e-01
 5.67690e-01
 5.46270e-01
 5.25865e-01
 5.05977e-01
 4.87411e-01
 4.69459e-01
 4.52400e-01
 4.35996e-01
 4.20250e-01
 4.05025e-01
 3.90285e-01
 3.75936e-01
 3.61941e-01
 3.48228e-01
 3.34758e-01
 3.21478e-01
 3.08345e-01
 2.95318e-01
 2.82354e-01
 2.69417e-01
 2.56463e-01
 2.43453e-01
 2.30343e-01
 2.17084e-01
 2.03620e-01
 1.89889e-01
 1.75805e-01
 1.61238e-01
 1.46004e-01
 1.29892e-01
 1.12723e-01
 9.43594e-02
 7.49026e-02
 5.49220e-02
 3.57080e-02
 1.90886e-02
 7.18857e-03
 1.39196e-03
 6.46108e-05
 2.90464e-07
 0.00000e+00
 0.00000e+00
 0.00000e+00
 0.00000e+00
 0.00000e+00
 0.00000e+00
 0.00000e+00
 0.00000e+00
 0.00000e+00
 0.00000e+00
 0.00000e+00
 5.78545e-01
 6.05805e-01
 6.34262e-01
 6.27358e-01
 6.30792e-01
 6.21573e-01
 6.10588e-01
 5.95647e-01
 5.77672e-01
 5.57279e-01
 5.37212e-01
 5.16580e-01
 4.97221e-01
 4.78313e-01
 4.60460e-01
 4.43260e-01
 4.26863e-01
 4.11046e-01
 3.95833e-01
 3.81090e-01
 3.66793e-01
 3.52854e-01
 3.39233e-01
 3.25869e-01
 3.12719e-01
 2.99734e-01
 2.86872e-01
 2.74093e-01
 2.61353e-01
 2.48615e-01
 2.35834e-01
 2.22967e-01
 2.09962e-01
 1.96763e-01
 1.83307e-01
 1.69502e-01
 1.55213e-01
 1.40253e-01
 1.24417e-01
 1.07533e-01
 8.94787e-02
 7.03969e-02
 5.09391e-02
 3.24350e-02
 1.67382e-02
 5.90818e-03
 1.00896e-03
 3.62323e-05
 1.18322e-07
 0.00000e+00
 0.00000e+00
 0.00000e+00
 0.00000e+00
 0.00000e+00
 0.00000e+00
 0.00000e+00
 0.00000e+00
 0.00000e+00
 0.00000e+00
 0.00000e+00
 5.68587e-01
 5.93561e-01
 5.96341e-01
 6.17369e-01
 6.18296e-01
 6.07633e-01
 5.95647e-01
 5.79350e-01
 5.61621e-01
 5.42127e-01
 5.22749e-01
 5.03464e-01
 4.84770e-01
 4.66714e-01
 4.49327e-01
 4.32638e-01
 4.16542e-01
 4.01053e-01
 3.86055e-01
 3.71539e-01
 3.57417e-01
 3.43660e-01
 3.30204e-01
 3.17011e-01
 3.04032e-01
 2.91224e-01
 2.78549e-01
 2.65962e-01
 2.53429e-01
 2.40903e-01
 2.28346e-01
 2.15710e-01
 2.02944e-01
 1.89992e-01
 1.76787e-01
 1.63233e-01
 1.49188e-01
 1.34465e-01
 1.18859e-01
 1.02211e-01
 8.44204e-02
 6.56800e-02
 4.67424e-02
 2.89869e-02
 1.42957e-02
 4.64193e-03
 6.72049e-04
 1.74949e-05
 3.90317e-08
 0.00000e+00
 0.00000e+00
 0.00000e+00
 0.00000e+00
 0.00000e+00
 0.00000e+00
 0.00000e+00
 0.00000e+00
 0.00000e+00
 0.00000e+00
 0.00000e+00
 5.71859e-01
 5.92649e-01
 5.95417e-01
 5.98872e-01
 6.00113e-01
 5.89028e-01
 5.77672e-01
 5.61621e-01
 5.44778e-01
 5.26442e-01
 5.08178e-01
 4.89828e-01
 4.71990e-01
 4.54582e-01
 4.37799e-01
 4.21548e-01
 4.05881e-01
 3.90709e-01
 3.76030e-01
 3.61768e-01
 3.47899e-01
 3.34363e-01
 3.21124e-01
 3.08137e-01
 2.95360e-01
 2.82756e-01
 2.70282e-01
 2.57904e-01
 2.45579e-01
 2.33269e-01
 2.20931e-01
 2.08520e-01
 1.95982e-01
 1.83261e-01
 1.70288e-01
 1.56961e-01
 1.43130e-01
 1.28606e-01
 1.13191e-01
 9.67340e-02
 7.91704e-02
 6.07537e-02
 4.23526e-02
 2.54082e-02
 1.18261e-02
 3.45190e-03
 4.01538e-04
 7.05593e-06
 1.01331e-08
 0.00000e+00
 0.00000e+00
 0.00000e+00
 0.00000e+00
 0.00000e+00
 0.00000e+00
 0.00000e+00
 0.00000e+00
 0.00000e+00
 0.00000e+00
 0.00000e+00
 5.52996e-01
 5.74606e-01
 5.67338e-01
 5.75227e-01
 5.78479e-01
 5.67690e-01
 5.57279e-01
 5.42127e-01
 5.26442e-01
 5.09308e-01
 4.92239e-01
 4.75062e-01
 4.58197e-01
 4.41688e-01
 4.25593e-01
 4.09977e-01
 3.94799e-01
 3.80077e-01
 3.65757e-01
 3.51830e-01
 3.38245e-01
 3.24977e-01
 3.11983e-01
 2.99228e-01
 2.86677e-01
 2.74288e-01
 2.62033e-01
 2.49866e-01
 2.37758e-01
 2.25663e-01
 2.13542e-01
 2.01349e-01
 1.89030e-01
 1.76528e-01
 1.63770e-01
 1.50647e-01
 1.37003e-01
 1.22645e-01
 1.07385e-01
 9.10779e-02
 7.37120e-02
 5.56209e-02
 3.77956e-02
 2.17518e-02
 9.40469e-03
 2.39680e-03
 2.06923e-04
 2.30009e-06
 2.01038e-09
 0.00000e+00
 0.00000e+00
 0.00000e+00
 0.00000e+00
 0.00000e+00
 0.00000e+00
 0.00000e+00
 0.00000e+00
 0.00000e+00
 0.00000e+00
 0.00000e+00
 5.37893e-01
 5.60954e-01
 5.60074e-01
 5.58496e-01
 5.58169e-01
 5.46270e-01
 5.37212e-01
 5.22749e-01
 5.08178e-01
 4.92239e-01
 4.76248e-01
 4.60115e-01
 4.44157e-01
 4.28456e-01
 4.13088e-01
 3.98074e-01
 3.83444e-01
 3.69181e-01
 3.55280e-01
 3.41712e-01
 3.28458e-01
 3.15486e-01
 3.02765e-01
 2.90268e-01
 2.77956e-01
 2.65805e-01
 2.53771e-01
 2.41830e-01
 2.29937e-01
 2.18059e-01
 2.06153e-01
 1.94172e-01
 1.82064e-01
 1.69769e-01
 1.57210e-01
 1.44270e-01
 1.30784e-01
 1.16559e-01
 1.01417e-01
 8.52261e-02
 6.80373e-02
 5.02958e-02
 3.31118e-02
 1.80859e-02
 7.11754e-03
 1.52096e-03
 8.96943e-05
 5.89357e-07
 2.92584e-10
 0.00000e+00
 0.00000e+00
 0.00000e+00
 0.00000e+00
 0.00000e+00
 0.00000e+00
 0.00000e+00
 0.00000e+00
 0.00000e+00
 0.00000e+00
 0.00000e+00
 5.32227e-01
 5.48778e-01
 5.41439e-01
 5.36948e-01
 5.36362e-01
 5.25865e-01
 5.16580e-01
 5.03464e-01
 4.89828e-01
 4.75062e-01
 4.60115e-01
 4.44991e-01
 4.29933e-01
 4.15037e-01
 4.00374e-01
 3.85993e-01
 3.71907e-01
 3.58132e-01
 3.44658e-01
 3.31475e-01
 3.18567e-01
 3.05908e-01
 2.93481e-01
 2.81251e-01
 2.69199e-01
 2.57285e-01
 2.45490e-01
 2.33771e-01
 2.22101e-01
 2.10438e-01
 1.98745e-01
 1.86971e-01
 1.75064e-01
 1.62965e-01
 1.50589e-01
 1.37808e-01
 1.24451e-01
 1.10326e-01
 9.52679e-02
 7.91649e-02
 6.21456e-02
 4.48021e-02
 2.83561e-02
 1.44949e-02
 5.05652e-03
 8.57796e-04
 3.15418e-05
 1.14056e-07
 0.00000e+00
 0.00000e+00
 0.00000e+00
 0.00000e+00
 0.00000e+00
 0.00000e+00
 0.00000e+00
 0.00000e+00
 0.00000e+00
 0.00000e+00
 0.00000e+00
 0.00000e+00
 5.21379e-01
 5.33318e-01
 5.27283e-01
 5.18761e-01
 5.17199e-01
 5.05977e-01
 4.97221e-01
 4.84770e-01
 4.71990e-01
 4.58197e-01
 4.44157e-01
 4.29933e-01
 4.15695e-01
 4.01554e-01
 3.87572e-01
 3.73799e-01
 3.60261e-01
 3.46973e-01
 3.33935e-01
 3.21149e-01
 3.08595e-01
 2.96267e-01
 2.84136e-01
 2.72191e-01
 2.60396e-01
 2.48738e-01
 2.37176e-01
 2.25690e-01
 2.14240e-01
 2.02793e-01
 1.91306e-01
 1.79733e-01
 1.68020e-01
 1.56105e-01
 1.43893e-01
 1.31246e-01
 1.17987e-01
 1.03927e-01
 8.89163e-02
 7.28831e-02
 5.60473e-02
 3.91762e-02
 2.36018e-02
 1.10816e-02
 3.31029e-03
 4.12260e-04
 8.52944e-06
 1.58731e-08
 0.00000e+00
 0.00000e+00
 0.00000e+00
 0.00000e+00
 0.00000e+00
 0.00000e+00
 0.00000e+00
 0.00000e+00
 0.00000e+00
 0.00000e+00
 0.00000e+00
 0.00000e+00
 5.14173e-01
 5.19565e-01
 5.10759e-01
 5.00921e-01
 4.97550e-01
 4.87411e-01
 4.78313e-01
 4.66714e-01
 4.54582e-01
 4.41688e-01
 4.28456e-01
 4.15037e-01
 4.01554e-01
 3.88109e-01
 3.74769e-01
 3.61577e-01
 3.48569e-01
 3.35757e-01
 3.23157e-01
 3.10761e-01
 2.98573e-01
 2.86570e-01
 2.74752e-01
 2.63086e-01
 2.51566e-01
 2.40154e-01
 2.28838e-01
 2.17579e-01
 2.06351e-01
 1.95115e-01
 1.83831e-01
 1.72451e-01
 1.60923e-01
 1.49176e-01
 1.37107e-01
 1.24567e-01
 1.11372e-01
 9.73430e-02
 8.23442e-02
 6.63722e-02
 4.97656e-02
 3.34731e-02
 1.89442e-02
 7.96698e-03
 1.94623e-03
 1.56911e-04
 1.67260e-06
 1.51161e-09
 0.00000e+00
 0.00000e+00
 0.00000e+00
 0.00000e+00
 0.00000e+00
 0.00000e+00
 0.00000e+00
 0.00000e+00
 0.00000e+00
 0.00000e+00
 0.00000e+00
 0.00000e+00
 5.04540e-01
 5.03372e-01
 4.95293e-01
 4.83974e-01
 4.79808e-01
 4.69459e-01
 4.60460e-01
 4.49327e-01
 4.37799e-01
 4.25593e-01
 4.13088e-01
 4.00374e-01
 3.87572e-01
 3.74769e-01
 3.62022e-01
 3.49383e-01
 3.36877e-01
 3.24533e-01
 3.12353e-01
 3.00352e-01
 2.88515e-01
 2.76850e-01
 2.65331e-01
 2.53960e-01
 2.42701e-01
 2.31550e-01
 2.20469e-01
 2.09441e-01
 1.98429e-01
 1.87401e-01
 1.76314e-01
 1.65119e-01
 1.53763e-01
 1.42168e-01
 1.30218e-01
 1.17751e-01
 1.04584e-01
 9.05505e-02
 7.55370e-02
 5.96320e-02
 4.33389e-02
 2.77732e-02
 1.45035e-02
 5.28014e-03
 9.84805e-04
 4.52031e-05
 2.28480e-07
 0.00000e+00
 0.00000e+00
 0.00000e+00
 0.00000e+00
 0.00000e+00
 0.00000e+00
 0.00000e+00
 0.00000e+00
 0.00000e+00
 0.00000e+00
 0.00000e+00
 0.00000e+00
 0.00000e+00
 4.95696e-01
 4.88204e-01
 4.79874e-01
 4.67902e-01
 4.62351e-01
 4.52400e-01
 4.43260e-01
 4.32638e-01
 4.21548e-01
 4.09977e-01
 3.98074e-01
 3.85993e-01
 3.73799e-01
 3.61577e-01
 3.49383e-01
 3.37255e-01
 3.25232e-01
 3.13325e-01
 3.01561e-01
 2.89933e-01
 2.78456e-01
 2.67109e-01
 2.55903e-01
 2.44807e-01
 2.33823e-01
 2.22918e-01
 2.12079e-01
 2.01274e-01
 1.90477e-01
 1.79650e-01
 1.68751e-01
 1.57731e-01
 1.46533e-01
 1.35069e-01
 1.23206e-01
 1.10777e-01
 9.75989e-02
 8.35243e-02
 6.84839e-02
 5.26807e-02
 3.68264e-02
 2.21867e-02
 1.04276e-02
 3.13785e-03
 4.03528e-04
 9.19338e-06
 2.03807e-08
 0.00000e+00
 0.00000e+00
 0.00000e+00
 0.00000e+00
 0.00000e+00
 0.00000e+00
 0.00000e+00
 0.00000e+00
 0.00000e+00
 0.00000e+00
 0.00000e+00
 0.00000e+00
 0.00000e+00
 4.85848e-01
 4.72504e-01
 4.64630e-01
 4.52213e-01
 4.45973e-01
 4.35996e-01
 4.26863e-01
 4.16542e-01
 4.05881e-01
 3.94799e-01
 3.83444e-01
 3.71907e-01
 3.60261e-01
 3.48569e-01
 3.36877e-01
 3.25232e-01
 3.13653e-01
 3.02174e-01
 2.90795e-01
 2.79542e-01
 2.68397e-01
 2.57379e-01
 2.46462e-01
 2.35655e-01
 2.24927e-01
 2.14275e-01
 2.03666e-01
 1.93083e-01
 1.82492e-01
 1.71858e-01
 1.61137e-01
 1.50280e-01
 1.39223e-01
 1.27862e-01
 1.16053e-01
 1.03620e-01
 9.03919e-02
 7.62409e-02
 6.11796e-02
 4.55617e-02
 3.03176e-02
 1.68592e-02
 6.88627e-03
 1.60700e-03
 1.20298e-04
 1.21464e-06
 1.10926e-09
 0.00000e+00
 0.00000e+00
 0.00000e+00
 0.00000e+00
 0.00000e+00
 0.00000e+00
 0.00000e+00
 0.00000e+00
 0.00000e+00
 0.00000e+00
 0.00000e+00
 0.00000e+00
 0.00000e+00
 4.75874e-01
 4.57548e-01
 4.49714e-01
 4.37117e-01
 4.30051e-01
 4.20250e-01
 4.11046e-01
 4.01053e-01
 3.90709e-01
 3.80077e-01
 3.69181e-01
 3.58132e-01
 3.46973e-01
 3.35757e-01
 3.24533e-01
 3.13325e-01
 3.02174e-01
 2.91085e-01
 2.80089e-01
 2.69177e-01
 2.58373e-01
 2.47654e-01
 2.37037e-01
 2.26495e-01
 2.16031e-01
 2.05615e-01
 1.95237e-01
 1.84865e-01
 1.74473e-01
 1.64021e-01
 1.53467e-01
 1.42758e-01
 1.31818e-01
 1.20528e-01
 1.08731e-01
 9.62504e-02
 8.29318e-02
 6.86843e-02
 5.36357e-02
 3.83465e-02
 2.39439e-02
 1.19736e-02
 4.04651e-03
 6.62803e-04
 2.43264e-05
 9.87485e-08
 0.00000e+00
 0.00000e+00
 0.00000e+00
 0.00000e+00
 0.00000e+00
 0.00000e+00
 0.00000e+00
 0.00000e+00
 0.00000e+00
 0.00000e+00
 0.00000e+00
 0.00000e+00
 0.00000e+00
 0.00000e+00
 4.65372e-01
 4.42766e-01
 4.35008e-01
 4.22349e-01
 4.14789e-01
 4.05025e-01
 3.95833e-01
 3.86055e-01
 3.76030e-01
 3.65757e-01
 3.55280e-01
 3.44658e-01
 3.33935e-01
 3.23157e-01
 3.12353e-01
 3.01561e-01
 2.90795e-01
 2.80089e-01
 2.69439e-01
 2.58872e-01
 2.48374e-01
 2.37964e-01
 2.27619e-01
 2.17349e-01
 2.07128e-01
 1.96949e-01
 1.86788e-01
 1.76622e-01
 1.66416e-01
 1.56135e-01
 1.45733e-01
 1.35153e-01
 1.24299e-01
 1.13040e-01
 1.01208e-01
 8.86341e-02
 7.51869e-02
 6.08484e-02
 4.58995e-02
 3.11445e-02
 1.78856e-02
 7.74514e-03
 2.02310e-03
 1.96578e-04
 2.99477e-06
 4.53752e-09
 0.00000e+00
 0.00000e+00
 0.00000e+00
 0.00000e+00
 0.00000e+00
 0.00000e+00
 0.00000e+00
 0.00000e+00
 0.00000e+00
 0.00000e+00
 0.00000e+00
 0.00000e+00
 0.00000e+00
 0.00000e+00
 4.54531e-01
 4.28463e-01
 4.20570e-01
 4.07972e-01
 3.99938e-01
 3.90285e-01
 3.81090e-01
 3.71539e-01
 3.61768e-01
 3.51830e-01
 3.41712e-01
 3.31475e-01
 3.21149e-01
 3.10761e-01
 3.00352e-01
 2.89933e-01
 2.79542e-01
 2.69177e-01
 2.58872e-01
 2.48615e-01
 2.38428e-01
 2.28295e-01
 2.18229e-01
 2.08207e-01
 1.98229e-01
 1.88273e-01
 1.78322e-01
 1.68347e-01
 1.58316e-01
 1.48192e-01
 1.37925e-01
 1.27445e-01
 1.16641e-01
 1.05364e-01
 9.34466e-02
 8.07336e-02
 6.71341e-02
 5.27465e-02
 3.80628e-02
 2.41192e-02
 1.23741e-02
 4.39272e-03
 7.98303e-04
 3.68747e-05
 2.07359e-07
 1.07272e-10
 0.00000e+00
 0.00000e+00
 0.00000e+00
 0.00000e+00
 0.00000e+00
 0.00000e+00
 0.00000e+00
 0.00000e+00
 0.00000e+00
 0.00000e+00
 0.00000e+00
 0.00000e+00
 0.00000e+00
 0.00000e+00
 4.43288e-01
 4.14410e-01
 4.06374e-01
 3.93868e-01
 3.85523e-01
 3.75936e-01
 3.66793e-01
 3.57417e-01
 3.47899e-01
 3.38245e-01
 3.28458e-01
 3.18567e-01
 3.08595e-01
 2.98573e-01
 2.88515e-01
 2.78456e-01
 2.68397e-01
 2.58373e-01
 2.48374e-01
 2.38428e-01
 2.28521e-01
 2.18669e-01
 2.08854e-01
 1.99080e-01
 1.89328e-01
 1.79587e-01
 1.69831e-01
 1.60035e-01
 1.50165e-01
 1.40181e-01
 1.30025e-01
 1.19610e-01
 1.08807e-01
 9.74594e-02
 8.54018e-02
 7.25104e-02
 5.87681e-02
 4.44377e-02
 3.02694e-02
 1.75008e-02
 7.68178e-03
 2.06751e-03
 2.18140e-04
 3.89030e-06
 7.38538e-09
 0.00000e+00
 0.00000e+00
 0.00000e+00
 0.00000e+00
 0.00000e+00
 0.00000e+00
 0.00000e+00
 0.00000e+00
 0.00000e+00
 0.00000e+00
 0.00000e+00
 0.00000e+00
 0.00000e+00
 0.00000e+00
 0.00000e+00
 4.31669e-01
 4.00599e-01
 3.92394e-01
 3.80024e-01
 3.71424e-01
 3.61941e-01
 3.52854e-01
 3.43660e-01
 3.34363e-01
 3.24977e-01
 3.15486e-01
 3.05908e-01
 2.96267e-01
 2.86570e-01
 2.76850e-01
 2.67109e-01
 2.57379e-01
 2.47654e-01
 2.37964e-01
 2.28295e-01
 2.18669e-01
 2.09070e-01
 1.99505e-01
 1.89959e-01
 1.80425e-01
 1.70883e-01
 1.61310e-01
 1.51677e-01
 1.41951e-01
 1.32084e-01
 1.22007e-01
 1.11611e-01
 1.00753e-01
 8.92738e-02
 7.70276e-02
 6.39382e-02
 5.01141e-02
 3.60458e-02
 2.27349e-02
 1.15860e-02
 4.07868e-03
 7.37404e-04
 3.46045e-05
 2.06977e-07
 1.21370e-10
 0.00000e+00
 0.00000e+00
 0.00000e+00
 0.00000e+00
 0.00000e+00
 0.00000e+00
 0.00000e+00
 0.00000e+00
 0.00000e+00
 0.00000e+00
 0.00000e+00
 0.00000e+00
 0.00000e+00
 0.00000e+00
 0.00000e+00
 4.19681e-01
 3.86952e-01
 3.78597e-01
 3.66374e-01
 3.57614e-01
 3.48228e-01
 3.39233e-01
 3.30204e-01
 3.21124e-01
 3.11983e-01
 3.02765e-01
 2.93481e-01
 2.84136e-01
 2.74752e-01
 2.65331e-01
 2.55903e-01
 2.46462e-01
 2.37037e-01
 2.27619e-01
 2.18229e-01
 2.08854e-01
 1.99505e-01
 1.90170e-01
 1.80843e-01
 1.71511e-01
 1.62153e-01
 1.52745e-01
 1.43259e-01
 1.33656e-01
 1.23877e-01
 1.13833e-01
 1.03399e-01
 9.24228e-02
 8.07526e-02
 6.82811e-02
 5.50196e-02
 4.12621e-02
 2.77709e-02
 1.57620e-02
 6.71603e-03
 1.72557e-03
 1.68309e-04
 2.76390e-06
 5.02617e-09
 0.00000e+00
 0.00000e+00
 0.00000e+00
 0.00000e+00
 0.00000e+00
 0.00000e+00
 0.00000e+00
 0.00000e+00
 0.00000e+00
 0.00000e+00
 0.00000e+00
 0.00000e+00
 0.00000e+00
 0.00000e+00
 0.00000e+00
 0.00000e+00
 4.07317e-01
 3.73407e-01
 3.64933e-01
 3.52883e-01
 3.44022e-01
 3.34758e-01
 3.25869e-01
 3.17011e-01
 3.08137e-01
 2.99228e-01
 2.90268e-01
 2.81251e-01
 2.72191e-01
 2.63086e-01
 2.53960e-01
 2.44807e-01
 2.35655e-01
 2.26495e-01
 2.17349e-01
 2.08207e-01
 1.99080e-01
 1.89959e-01
 1.80843e-01
 1.71719e-01
 1.62572e-01
 1.53382e-01
 1.44123e-01
 1.34763e-01
 1.25253e-01
 1.15520e-01
 1.05452e-01
 9.49125e-02
 8.37506e-02
 7.18417e-02
 5.91420e-02
 4.58097e-02
 3.23930e-02
 1.99095e-02
 9.73288e-03
 3.19809e-03
 5.15017e-04
 1.98675e-05
 9.77221e-08
 0.00000e+00
 0.00000e+00
 0.00000e+00
 0.00000e+00
 0.00000e+00
 0.00000e+00
 0.00000e+00
 0.00000e+00
 0.00000e+00
 0.00000e+00
 0.00000e+00
 0.00000e+00
 0.00000e+00
 0.00000e+00
 0.00000e+00
 0.00000e+00
 0.00000e+00
 3.94588e-01
 3.59919e-01
 3.51364e-01
 3.39506e-01
 3.30608e-01
 3.21478e-01
 3.12719e-01
 3.04032e-01
 2.95360e-01
 2.86677e-01
 2.77956e-01
 2.69199e-01
 2.60396e-01
 2.51566e-01
 2.42701e-01
 2.33823e-01
 2.24927e-01
 2.16031e-01
 2.07128e-01
 1.98229e-01
 1.89328e-01
 1.80425e-01
 1.71511e-01
 1.62572e-01
 1.53593e-01
 1.44552e-01
 1.35421e-01
 1.26159e-01
 1.16702e-01
 1.06956e-01
 9.67956e-02
 8.60785e-02
 7.46715e-02
 6.25023e-02
 4.96396e-02
 3.64617e-02
 2.37954e-02
 1.28659e-02
 5.05693e-03
 1.13549e-03
 8.58725e-05
 1.01672e-06
 1.36128e-09
 0.00000e+00
 0.00000e+00
 0.00000e+00
 0.00000e+00
 0.00000e+00
 0.00000e+00
 0.00000e+00
 0.00000e+00
 0.00000e+00
 0.00000e+00
 0.00000e+00
 0.00000e+00
 0.00000e+00
 0.00000e+00
 0.00000e+00
 0.00000e+00
 0.00000e+00
 3.81488e-01
 3.46431e-01
 3.37844e-01
 3.26205e-01
 3.17324e-01
 3.08345e-01
 2.99734e-01
 2.91224e-01
 2.82756e-01
 2.74288e-01
 2.65805e-01
 2.57285e-01
 2.48738e-01
 2.40154e-01
 2.31550e-01
 2.22918e-01
 2.14275e-01
 2.05615e-01
 1.96949e-01
 1.88273e-01
 1.79587e-01
 1.70883e-01
 1.62153e-01
 1.53382e-01
 1.44552e-01
 1.35639e-01
 1.26608e-01
 1.17404e-01
 1.07942e-01
 9.81124e-02
 8.77826e-02
 7.68193e-02
 6.51336e-02
 5.27405e-02
 3.98953e-02
 2.72539e-02
 1.58851e-02
 7.12002e-03
 2.02282e-03
 2.50897e-04
 6.28068e-06
 1.96656e-08
 0.00000e+00
 0.00000e+00
 0.00000e+00
 0.00000e+00
 0.00000e+00
 0.00000e+00
 0.00000e+00
 0.00000e+00
 0.00000e+00
 0.00000e+00
 0.00000e+00
 0.00000e+00
 0.00000e+00
 0.00000e+00
 0.00000e+00
 0.00000e+00
 0.00000e+00
 0.00000e+00
 3.68019e-01
 3.32904e-01
 3.24333e-01
 3.12941e-01
 3.04127e-01
 2.95318e-01
 2.86872e-01
 2.78549e-01
 2.70282e-01
 2.62033e-01
 2.53771e-01
 2.45490e-01
 2.37176e-01
 2.28838e-01
 2.20469e-01
 2.12079e-01
 2.03666e-01
 1.95237e-01
 1.86788e-01
 1.78322e-01
 1.69831e-01
 1.61310e-01
 1.52745e-01
 1.44123e-01
 1.35421e-01
 1.26608e-01
 1.17636e-01
 1.08430e-01
 9.88914e-02
 8.88988e-02
 7.83241e-02
 6.70711e-02
 5.51237e-02
 4.26527e-02
 3.01751e-02
 1.86110e-02
 9.19259e-03
 3.10514e-03
 5.39085e-04
 2.50857e-05
 1.65886e-07
 1.24575e-10
 0.00000e+00
 0.00000e+00
 0.00000e+00
 0.00000e+00
 0.00000e+00
 0.00000e+00
 0.00000e+00
 0.00000e+00
 0.00000e+00
 0.00000e+00
 0.00000e+00
 0.00000e+00
 0.00000e+00
 0.00000e+00
 0.00000e+00
 0.00000e+00
 0.00000e+00
 0.00000e+00
 3.54177e-01
 3.19294e-01
 3.10794e-01
 2.99676e-01
 2.90976e-01
 2.82354e-01
 2.74093e-01
 2.65962e-01
 2.57904e-01
 2.49866e-01
 2.41830e-01
 2.33771e-01
 2.25690e-01
 2.17579e-01
 2.09441e-01
 2.01274e-01
 1.93083e-01
 1.84865e-01
 1.76622e-01
 1.68347e-01
 1.60035e-01
 1.51677e-01
 1.43259e-01
 1.34763e-01
 1.26159e-01
 1.17404e-01
 1.08430e-01
 9.91493e-02
 8.94510e-02
 7.92152e-02
 6.83447e-02
 5.68075e-02
 4.47194e-02
 3.24913e-02
 2.09129e-02
 1.11037e-02
 4.26475e-03
 9.37007e-04
 7.05701e-05
 8.88047e-07
 1.37240e-09
 0.00000e+00
 0.00000e+00
 0.00000e+00
 0.00000e+00
 0.00000e+00
 0.00000e+00
 0.00000e+00
 0.00000e+00
 0.00000e+00
 0.00000e+00
 0.00000e+00
 0.00000e+00
 0.00000e+00
 0.00000e+00
 0.00000e+00
 0.00000e+00
 0.00000e+00
 0.00000e+00
 0.00000e+00
 3.39961e-01
 3.05568e-01
 2.97187e-01
 2.86376e-01
 2.77829e-01
 2.69417e-01
 2.61353e-01
 2.53429e-01
 2.45579e-01
 2.37758e-01
 2.29937e-01
 2.22101e-01
 2.14240e-01
 2.06351e-01
 1.98429e-01
 1.90477e-01
 1.82492e-01
 1.74473e-01
 1.66416e-01
 1.58316e-01
 1.50165e-01
 1.41951e-01
 1.33656e-01
 1.25253e-01
 1.16702e-01
 1.07942e-01
 9.88914e-02
 8.94510e-02
 7.95103e-02
 6.89760e-02
 5.78094e-02
 4.60937e-02
 3.41639e-02
 2.27021e-02
 1.27174e-02
 5.37037e-03
 1.39928e-03
 1.51037e-04
 3.24164e-06
 9.23048e-09
 0.00000e+00
 0.00000e+00
 0.00000e+00
 0.00000e+00
 0.00000e+00
 0.00000e+00
 0.00000e+00
 0.00000e+00
 0.00000e+00
 0.00000e+00
 0.00000e+00
 0.00000e+00
 0.00000e+00
 0.00000e+00
 0.00000e+00
 0.00000e+00
 0.00000e+00
 0.00000e+00
 0.00000e+00
 0.00000e+00
 3.25363e-01
 2.91689e-01
 2.83477e-01
 2.73002e-01
 2.64650e-01
 2.56463e-01
 2.48615e-01
 2.40903e-01
 2.33269e-01
 2.25663e-01
 2.18059e-01
 2.10438e-01
 2.02793e-01
 1.95115e-01
 1.87401e-01
 1.79650e-01
 1.71858e-01
 1.64021e-01
 1.56135e-01
 1.48192e-01
 1.40181e-01
 1.32084e-01
 1.23877e-01
 1.15520e-01
 1.06956e-01
 9.81124e-02
 8.88988e-02
 7.92152e-02
 6.89760e-02
 5.81420e-02
 4.67793e-02
 3.51731e-02
 2.39218e-02
 1.39347e-02
 6.30523e-03
 1.85934e-03
 2.59738e-04
 8.57184e-06
 4.10537e-08
 0.00000e+00
 0.00000e+00
 0.00000e+00
 0.00000e+00
 0.00000e+00
 0.00000e+00
 0.00000e+00
 0.00000e+00
 0.00000e+00
 0.00000e+00
 0.00000e+00
 0.00000e+00
 0.00000e+00
 0.00000e+00
 0.00000e+00
 0.00000e+00
 0.00000e+00
 0.00000e+00
 0.00000e+00
 0.00000e+00
 0.00000e+00
 3.10374e-01
 2.77624e-01
 2.69628e-01
 2.59519e-01
 2.51394e-01
 2.43453e-01
 2.35834e-01
 2.28346e-01
 2.20931e-01
 2.13542e-01
 2.06153e-01
 1.98745e-01
 1.91306e-01
 1.83831e-01
 1.76314e-01
 1.68751e-01
 1.61137e-01
 1.53467e-01
 1.45733e-01
 1.37925e-01
 1.30025e-01
 1.22007e-01
 1.13833e-01
 1.05452e-01
 9.67956e-02
 8.77826e-02
 7.83241e-02
 6.83447e-02
 5.78094e-02
 4.67793e-02
 3.55103e-02
 2.45391e-02
 1.46897e-02
 6.97879e-03
 2.24935e-03
 3.74571e-04
 1.72605e-05
 1.27210e-07
 1.21008e-10
 0.00000e+00
 0.00000e+00
 0.00000e+00
 0.00000e+00
 0.00000e+00
 0.00000e+00
 0.00000e+00
 0.00000e+00
 0.00000e+00
 0.00000e+00
 0.00000e+00
 0.00000e+00
 0.00000e+00
 0.00000e+00
 0.00000e+00
 0.00000e+00
 0.00000e+00
 0.00000e+00
 0.00000e+00
 0.00000e+00
 0.00000e+00
 2.94979e-01
 2.63337e-01
 2.55601e-01
 2.45886e-01
 2.38022e-01
 2.30343e-01
 2.22967e-01
 2.15710e-01
 2.08520e-01
 2.01349e-01
 1.94172e-01
 1.86971e-01
 1.79733e-01
 1.72451e-01
 1.65119e-01
 1.57731e-01
 1.50280e-01
 1.42758e-01
 1.35153e-01
 1.27445e-01
 1.19610e-01
 1.11611e-01
 1.03399e-01
 9.49125e-02
 8.60785e-02
 7.68193e-02
 6.70711e-02
 5.68075e-02
 4.60937e-02
 3.51731e-02
 2.45391e-02
 1.49454e-02
 7.33061e-03
 2.50966e-03
 4.70439e-04
 2.75960e-05
 2.85956e-07
 4.08453e-10
 0.00000e+00
 0.00000e+00
 0.00000e+00
 0.00000e+00
 0.00000e+00
 0.00000e+00
 0.00000e+00
 0.00000e+00
 0.00000e+00
 0.00000e+00
 0.00000e+00
 0.00000e+00
 0.00000e+00
 0.00000e+00
 0.00000e+00
 0.00000e+00
 0.00000e+00
 0.00000e+00
 0.00000e+00
 0.00000e+00
 0.00000e+00
 0.00000e+00
 2.79157e-01
 2.48789e-01
 2.41353e-01
 2.32059e-01
 2.24483e-01
 2.17084e-01
 2.09962e-01
 2.02944e-01
 1.95982e-01
 1.89030e-01
 1.82064e-01
 1.75064e-01
 1.68020e-01
 1.60923e-01
 1.53763e-01
 1.46533e-01
 1.39223e-01
 1.31818e-01
 1.24299e-01
 1.16641e-01
 1.08807e-01
 1.00753e-01
 9.24228e-02
 8.37506e-02
 7.46715e-02
 6.51336e-02
 5.51237e-02
 4.47194e-02
 3.41639e-02
 2.39218e-02
 1.46897e-02
 7.33061e-03
 2.60092e-03
 5.24915e-04
 3.61325e-05
 4.81699e-07
 9.44420e-10
 0.00000e+00
 0.00000e+00
 0.00000e+00
 0.00000e+00
 0.00000e+00
 0.00000e+00
 0.00000e+00
 0.00000e+00
 0.00000e+00
 0.00000e+00
 0.00000e+00
 0.00000e+00
 0.00000e+00
 0.00000e+00
 0.00000e+00
 0.00000e+00
 0.00000e+00
 0.00000e+00
 0.00000e+00
 0.00000e+00
 0.00000e+00
 0.00000e+00
 0.00000e+00
 2.62876e-01
 2.33933e-01
 2.26835e-01
 2.17988e-01
 2.10725e-01
 2.03620e-01
 1.96763e-01
 1.89992e-01
 1.83261e-01
 1.76528e-01
 1.69769e-01
 1.62965e-01
 1.56105e-01
 1.49176e-01
 1.42168e-01
 1.35069e-01
 1.27862e-01
 1.20528e-01
 1.13040e-01
 1.05364e-01
 9.74594e-02
 8.92738e-02
 8.07526e-02
 7.18417e-02
 6.25023e-02
 5.27405e-02
 4.26527e-02
 3.24913e-02
 2.27021e-02
 1.39347e-02
 6.97879e-03
 2.50966e-03
 5.24915e-04
 3.94501e-05
 6.21713e-07
 1.54452e-09
 0.00000e+00
 0.00000e+00
 0.00000e+00
 0.00000e+00
 0.00000e+00
 0.00000e+00
 0.00000e+00
 0.00000e+00
 0.00000e+00
 0.00000e+00
 0.00000e+00
 0.00000e+00
 0.00000e+00
 0.00000e+00
 0.00000e+00
 0.00000e+00
 0.00000e+00
 0.00000e+00
 0.00000e+00
 0.00000e+00
 0.00000e+00
 0.00000e+00
 0.00000e+00
 0.00000e+00
 2.46095e-01
 2.18715e-01
 2.11990e-01
 2.03614e-01
 1.96686e-01
 1.89889e-01
 1.83307e-01
 1.76787e-01
 1.70288e-01
 1.63770e-01
 1.57210e-01
 1.50589e-01
 1.43893e-01
 1.37107e-01
 1.30218e-01
 1.23206e-01
 1.16053e-01
 1.08731e-01
 1.01208e-01
 9.34466e-02
 8.54018e-02
 7.70276e-02
 6.82811e-02
 5.91420e-02
 4.96396e-02
 3.98953e-02
 3.01751e-02
 2.09129e-02
 1.27174e-02
 6.30523e-03
 2.24935e-03
 4.70439e-04
 3.61325e-05
 6.21713e-07
 1.81822e-09
 0.00000e+00
 0.00000e+00
 0.00000e+00
 0.00000e+00
 0.00000e+00
 0.00000e+00
 0.00000e+00
 0.00000e+00
 0.00000e+00
 0.00000e+00
 0.00000e+00
 0.00000e+00
 0.00000e+00
 0.00000e+00
 0.00000e+00
 0.00000e+00
 0.00000e+00
 0.00000e+00
 0.00000e+00
 0.00000e+00
 0.00000e+00
 0.00000e+00
 0.00000e+00
 0.00000e+00
 0.00000e+00
 2.28751e-01
 2.03065e-01
 1.96746e-01
 1.88860e-01
 1.82285e-01
 1.75805e-01
 1.69502e-01
 1.63233e-01
 1.56961e-01
 1.50647e-01
 1.44270e-01
 1.37808e-01
 1.31246e-01
 1.24567e-01
 1.17751e-01
 1.10777e-01
 1.03620e-01
 9.62504e-02
 8.86341e-02
 8.07336e-02
 7.25104e-02
 6.39382e-02
 5.50196e-02
 4.58097e-02
 3.64617e-02
 2.72539e-02
 1.86110e-02
 1.11037e-02
 5.37037e-03
 1.85934e-03
 3.74571e-04
 2.75960e-05
 4.81699e-07
 1.54452e-09
 0.00000e+00
 0.00000e+00
 0.00000e+00
 0.00000e+00
 0.00000e+00
 0.00000e+00
 0.00000e+00
 0.00000e+00
 0.00000e+00
 0.00000e+00
 0.00000e+00
 0.00000e+00
 0.00000e+00
 0.00000e+00
 0.00000e+00
 0.00000e+00
 0.00000e+00
 0.00000e+00
 0.00000e+00
 0.00000e+00
 0.00000e+00
 0.00000e+00
 0.00000e+00
 0.00000e+00
 0.00000e+00
 0.00000e+00
 2.10732e-01
 1.86867e-01
 1.80982e-01
 1.73604e-01
 1.67394e-01
 1.61238e-01
 1.55213e-01
 1.49188e-01
 1.43130e-01
 1.37003e-01
 1.30784e-01
 1.24451e-01
 1.17987e-01
 1.11372e-01
 1.04584e-01
 9.75989e-02
 9.03919e-02
 8.29318e-02
 7.51869e-02
 6.71341e-02
 5.87681e-02
 5.01141e-02
 4.12621e-02
 3.23930e-02
 2.37954e-02
 1.58851e-02
 9.19259e-03
 4.26475e-03
 1.39928e-03
 2.59738e-04
 1.72605e-05
 2.85956e-07
 9.44420e-10
 0.00000e+00
 0.00000e+00
 0.00000e+00
 0.00000e+00
 0.00000e+00
 0.00000e+00
 0.00000e+00
 0.00000e+00
 0.00000e+00
 0.00000e+00
 0.00000e+00
 0.00000e+00
 0.00000e+00
 0.00000e+00
 0.00000e+00
 0.00000e+00
 0.00000e+00
 0.00000e+00
 0.00000e+00
 0.00000e+00
 0.00000e+00
 0.00000e+00
 0.00000e+00
 0.00000e+00
 0.00000e+00
 0.00000e+00
 0.00000e+00
 1.91855e-01
 1.69946e-01
 1.64520e-01
 1.57668e-01
 1.51833e-01
 1.46004e-01
 1.40253e-01
 1.34465e-01
 1.28606e-01
 1.22645e-01
 1.16559e-01
 1.10326e-01
 1.03927e-01
 9.73430e-02
 9.05505e-02
 8.35243e-02
 7.62409e-02
 6.86843e-02
 6.08484e-02
 5.27465e-02
 4.44377e-02
 3.60458e-02
 2.77709e-02
 1.99095e-02
 1.28659e-02
 7.12002e-03
 3.10514e-03
 9.37007e-04
 1.51037e-04
 8.57184e-06
 1.27210e-07
 4.08453e-10
 0.00000e+00
 0.00000e+00
 0.00000e+00
 0.00000e+00
 0.00000e+00
 0.00000e+00
 0.00000e+00
 0.00000e+00
 0.00000e+00
 0.00000e+00
 0.00000e+00
 0.00000e+00
 0.00000e+00
 0.00000e+00
 0.00000e+00
 0.00000e+00
 0.00000e+00
 0.00000e+00
 0.00000e+00
 0.00000e+00
 0.00000e+00
 0.00000e+00
 0.00000e+00
 0.00000e+00
 0.00000e+00
 0.00000e+00
 0.00000e+00
 0.00000e+00
 1.71884e-01
 1.52081e-01
 1.47142e-01
 1.40836e-01
 1.35389e-01
 1.29892e-01
 1.24417e-01
 1.18859e-01
 1.13191e-01
 1.07385e-01
 1.01417e-01
 9.52679e-02
 8.89163e-02
 8.23442e-02
 7.55370e-02
 6.84839e-02
 6.11796e-02
 5.36357e-02
 4.58995e-02
 3.80628e-02
 3.02694e-02
 2.27349e-02
 1.57620e-02
 9.73288e-03
 5.05693e-03
 2.02282e-03
 5.39085e-04
 7.05701e-05
 3.24164e-06
 4.10537e-08
 1.21008e-10
 0.00000e+00
 0.00000e+00
 0.00000e+00
 0.00000e+00
 0.00000e+00
 0.00000e+00
 0.00000e+00
 0.00000e+00
 0.00000e+00
 0.00000e+00
 0.00000e+00
 0.00000e+00
 0.00000e+00
 0.00000e+00
 0.00000e+00
 0.00000e+00
 0.00000e+00
 0.00000e+00
 0.00000e+00
 0.00000e+00
 0.00000e+00
 0.00000e+00
 0.00000e+00
 0.00000e+00
 0.00000e+00
 0.00000e+00
 0.00000e+00
 0.00000e+00
 0.00000e+00
 1.50585e-01
 1.33063e-01
 1.28640e-01
 1.22909e-01
 1.17871e-01
 1.12723e-01
 1.07533e-01
 1.02211e-01
 9.67340e-02
 9.10779e-02
 8.52261e-02
 7.91649e-02
 7.28831e-02
 6.63722e-02
 5.96320e-02
 5.26807e-02
 4.55617e-02
 3.83465e-02
 3.11445e-02
 2.41192e-02
 1.75008e-02
 1.15860e-02
 6.71603e-03
 3.19809e-03
 1.13549e-03
 2.50897e-04
 2.50857e-05
 8.88047e-07
 9.23048e-09
 0.00000e+00
 0.00000e+00
 0.00000e+00
 0.00000e+00
 0.00000e+00
 0.00000e+00
 0.00000e+00
 0.00000e+00
 0.00000e+00
 0.00000e+00
 0.00000e+00
 0.00000e+00
 0.00000e+00
 0.00000e+00
 0.00000e+00
 0.00000e+00
 0.00000e+00
 0.00000e+00
 0.00000e+00
 0.00000e+00
 0.00000e+00
 0.00000e+00
 0.00000e+00
 0.00000e+00
 0.00000e+00
 0.00000e+00
 0.00000e+00
 0.00000e+00
 0.00000e+00
 0.00000e+00
 0.00000e+00
 1.27783e-01
 1.12734e-01
 1.08856e-01
 1.03736e-01
 9.91343e-02
 9.43594e-02
 8.94787e-02
 8.44204e-02
 7.91704e-02
 7.37120e-02
 6.80373e-02
 6.21456e-02
 5.60473e-02
 4.97656e-02
 4.33389e-02
 3.68264e-02
 3.03176e-02
 2.39439e-02
 1.78856e-02
 1.23741e-02
 7.68178e-03
 4.07868e-03
 1.72557e-03
 5.15017e-04
 8.58725e-05
 6.28068e-06
 1.65886e-07
 1.37240e-09
 0.00000e+00
 0.00000e+00
 0.00000e+00
 0.00000e+00
 0.00000e+00
 0.00000e+00
 0.00000e+00
 0.00000e+00
 0.00000e+00
 0.00000e+00
 0.00000e+00
 0.00000e+00
 0.00000e+00
 0.00000e+00
 0.00000e+00
 0.00000e+00
 0.00000e+00
 0.00000e+00
 0.00000e+00
 0.00000e+00
 0.00000e+00
 0.00000e+00
 0.00000e+00
 0.00000e+00
 0.00000e+00
 0.00000e+00
 0.00000e+00
 0.00000e+00
 0.00000e+00
 0.00000e+00
 0.00000e+00
 0.00000e+00
 1.03476e-01
 9.11047e-02
 8.78071e-02
 8.33584e-02
 7.92450e-02
 7.49026e-02
 7.03969e-02
 6.56800e-02
 6.07537e-02
 5.56209e-02
 5.02958e-02
 4.48021e-02
 3.91762e-02
 3.34731e-02
 2.77732e-02
 2.21867e-02
 1.68592e-02
 1.19736e-02
 7.74514e-03
 4.39272e-03
 2.06751e-03
 7.37404e-04
 1.68309e-04
 1.98675e-05
 1.01672e-06
 1.96656e-08
 1.24575e-10
 0.00000e+00
 0.00000e+00
 0.00000e+00
 0.00000e+00
 0.00000e+00
 0.00000e+00
 0.00000e+00
 0.00000e+00
 0.00000e+00
 0.00000e+00
 0.00000e+00
 0.00000e+00
 0.00000e+00
 0.00000e+00
 0.00000e+00
 0.00000e+00
 0.00000e+00
 0.00000e+00
 0.00000e+00
 0.00000e+00
 0.00000e+00
 0.00000e+00
 0.00000e+00
 0.00000e+00
 0.00000e+00
 0.00000e+00
 0.00000e+00
 0.00000e+00
 0.00000e+00
 0.00000e+00
 0.00000e+00
 0.00000e+00
 0.00000e+00
 7.81315e-02
 6.86086e-02
 6.59333e-02
 6.22394e-02
 5.87108e-02
 5.49220e-02
 5.09391e-02
 4.67424e-02
 4.23526e-02
 3.77956e-02
 3.31118e-02
 2.83561e-02
 2.36018e-02
 1.89442e-02
 1.45035e-02
 1.04276e-02
 6.88627e-03
 4.04651e-03
 2.02310e-03
 7.98303e-04
 2.18140e-04
 3.46045e-05
 2.76390e-06
 9.77221e-08
 1.36128e-09
 0.00000e+00
 0.00000e+00
 0.00000e+00
 0.00000e+00
 0.00000e+00
 0.00000e+00
 0.00000e+00
 0.00000e+00
 0.00000e+00
 0.00000e+00
 0.00000e+00
 0.00000e+00
 0.00000e+00
 0.00000e+00
 0.00000e+00
 0.00000e+00
 0.00000e+00
 0.00000e+00
 0.00000e+00
 0.00000e+00
 0.00000e+00
 0.00000e+00
 0.00000e+00
 0.00000e+00
 0.00000e+00
 0.00000e+00
 0.00000e+00
 0.00000e+00
 0.00000e+00
 0.00000e+00
 0.00000e+00
 0.00000e+00
 0.00000e+00
 0.00000e+00
 0.00000e+00
 5.31433e-02
 4.65002e-02
 4.44762e-02
 4.16225e-02
 3.87930e-02
 3.57080e-02
 3.24350e-02
 2.89869e-02
 2.54082e-02
 2.17518e-02
 1.80859e-02
 1.44949e-02
 1.10816e-02
 7.96698e-03
 5.28014e-03
 3.13785e-03
 1.60700e-03
 6.62803e-04
 1.96578e-04
 3.68747e-05
 3.89030e-06
 2.06977e-07
 5.02617e-09
 0.00000e+00
 0.00000e+00
 0.00000e+00
 0.00000e+00
 0.00000e+00
 0.00000e+00
 0.00000e+00
 0.00000e+00
 0.00000e+00
 0.00000e+00
 0.00000e+00
 0.00000e+00
 0.00000e+00
 0.00000e+00
 0.00000e+00
 0.00000e+00
 0.00000e+00
 0.00000e+00
 0.00000e+00
 0.00000e+00
 0.00000e+00
 0.00000e+00
 0.00000e+00
 0.00000e+00
 0.00000e+00
 0.00000e+00
 0.00000e+00
 0.00000e+00
 0.00000e+00
 0.00000e+00
 0.00000e+00
 0.00000e+00
 0.00000e+00
 0.00000e+00
 0.00000e+00
 0.00000e+00
 0.00000e+00
 3.06026e-02
 2.66412e-02
 2.52718e-02
 2.33193e-02
 2.13048e-02
 1.90886e-02
 1.67382e-02
 1.42957e-02
 1.18261e-02
 9.40469e-03
 7.11754e-03
 5.05652e-03
 3.31029e-03
 1.94623e-03
 9.84805e-04
 4.03528e-04
 1.20298e-04
 2.43264e-05
 2.99477e-06
 2.07359e-07
 7.38538e-09
 1.21370e-10
 0.00000e+00
 0.00000e+00
 0.00000e+00
 0.00000e+00
 0.00000e+00
 0.00000e+00
 0.00000e+00
 0.00000e+00
 0.00000e+00
 0.00000e+00
 0.00000e+00
 0.00000e+00
 0.00000e+00
 0.00000e+00
 0.00000e+00
 0.00000e+00
 0.00000e+00
 0.00000e+00
 0.00000e+00
 0.00000e+00
 0.00000e+00
 0.00000e+00
 0.00000e+00
 0.00000e+00
 0.00000e+00
 0.00000e+00
 0.00000e+00
 0.00000e+00
 0.00000e+00
 0.00000e+00
 0.00000e+00
 0.00000e+00
 0.00000e+00
 0.00000e+00
 0.00000e+00
 0.00000e+00
 0.00000e+00
 0.00000e+00
 1.31898e-02
 1.13877e-02
 1.06355e-02
 9.56751e-03
 8.42894e-03
 7.18857e-03
 5.90818e-03
 4.64193e-03
 3.45190e-03
 2.39680e-03
 1.52096e-03
 8.57796e-04
 4.12260e-04
 1.56911e-04
 4.52031e-05
 9.19338e-06
 1.21464e-06
 9.87485e-08
 4.53752e-09
 1.07272e-10
 0.00000e+00
 0.00000e+00
 0.00000e+00
 0.00000e+00
 0.00000e+00
 0.00000e+00
 0.00000e+00
 0.00000e+00
 0.00000e+00
 0.00000e+00
 0.00000e+00
 0.00000e+00
 0.00000e+00
 0.00000e+00
 0.00000e+00
 0.00000e+00
 0.00000e+00
 0.00000e+00
 0.00000e+00
 0.00000e+00
 0.00000e+00
 0.00000e+00
 0.00000e+00
 0.00000e+00
 0.00000e+00
 0.00000e+00
 0.00000e+00
 0.00000e+00
 0.00000e+00
 0.00000e+00
 0.00000e+00
 0.00000e+00
 0.00000e+00
 0.00000e+00
 0.00000e+00
 0.00000e+00
 0.00000e+00
 0.00000e+00
 0.00000e+00
 0.00000e+00
 3.30050e-03
 2.80781e-03
 2.54518e-03
 2.18219e-03
 1.79401e-03
 1.39196e-03
 1.00896e-03
 6.72049e-04
 4.01538e-04
 2.06923e-04
 8.96943e-05
 3.15418e-05
 8.52944e-06
 1.67260e-06
 2.28480e-07
 2.03807e-08
 1.10926e-09
 0.00000e+00
 0.00000e+00
 0.00000e+00
 0.00000e+00
 0.00000e+00
 0.00000e+00
 0.00000e+00
 0.00000e+00
 0.00000e+00
 0.00000e+00
 0.00000e+00
 0.00000e+00
 0.00000e+00
 0.00000e+00
 0.00000e+00
 0.00000e+00
 0.00000e+00
 0.00000e+00
 0.00000e+00
 0.00000e+00
 0.00000e+00
 0.00000e+00
 0.00000e+00
 0.00000e+00
 0.00000e+00
 0.00000e+00
 0.00000e+00
 0.00000e+00
 0.00000e+00
 0.00000e+00
 0.00000e+00
 0.00000e+00
 0.00000e+00
 0.00000e+00
 0.00000e+00
 0.00000e+00
 0.00000e+00
 0.00000e+00
 0.00000e+00
 0.00000e+00
 0.00000e+00
 0.00000e+00
 0.00000e+00
 2.66340e-04
 2.19313e-04
 1.85996e-04
 1.43529e-04
 1.01644e-04
 6.46108e-05
 3.62323e-05
 1.74949e-05
 7.05593e-06
 2.30009e-06
 5.89357e-07
 1.14056e-07
 1.58731e-08
 1.51161e-09
 0.00000e+00
 0.00000e+00
 0.00000e+00
 0.00000e+00
 0.00000e+00
 0.00000e+00
 0.00000e+00
 0.00000e+00
 0.00000e+00
 0.00000e+00
 0.00000e+00
 0.00000e+00
 0.00000e+00
 0.00000e+00
 0.00000e+00
 0.00000e+00
 0.00000e+00
 0.00000e+00
 0.00000e+00
 0.00000e+00
 0.00000e+00
 0.00000e+00
 0.00000e+00
 0.00000e+00
 0.00000e+00
 0.00000e+00
 0.00000e+00
 0.00000e+00
 0.00000e+00
 0.00000e+00
 0.00000e+00
 0.00000e+00
 0.00000e+00
 0.00000e+00
 0.00000e+00
 0.00000e+00
 0.00000e+00
 0.00000e+00
 0.00000e+00
 0.00000e+00
 0.00000e+00
 0.00000e+00
 0.00000e+00
 0.00000e+00
 0.00000e+00
 0.00000e+00
 2.53438e-06
 1.99021e-06
 1.53467e-06
 1.02292e-06
 5.92253e-07
 2.90464e-07
 1.18322e-07
 3.90317e-08
 1.01331e-08
 2.01038e-09
 2.92584e-10
 0.00000e+00
 0.00000e+00
 0.00000e+00
 0.00000e+00
 0.00000e+00
 0.00000e+00
 0.00000e+00
 0.00000e+00
 0.00000e+00
 0.00000e+00
 0.00000e+00
 0.00000e+00
 0.00000e+00
 0.00000e+00
 0.00000e+00
 0.00000e+00
 0.00000e+00
 0.00000e+00
 0.00000e+00
 0.00000e+00
 0.00000e+00
 0.00000e+00
 0.00000e+00
 0.00000e+00
 0.00000e+00
 0.00000e+00
 0.00000e+00
 0.00000e+00
 0.00000e+00
 0.00000e+00
 0.00000e+00
 0.00000e+00
 0.00000e+00
 0.00000e+00
 0.00000e+00
 0.00000e+00
 0.00000e+00
 0.00000e+00
 0.00000e+00
 0.00000e+00
 0.00000e+00
 0.00000e+00
 0.00000e+00
 0.00000e+00
 0.00000e+00
 0.00000e+00
 0.00000e+00
 0.00000e+00
 0.00000e+00
 1.72638e-09
 1.28657e-09
 8.94708e-10
 5.09379e-10
 2.37169e-10
 0.00000e+00
 0.00000e+00
 0.00000e+00
 0.00000e+00
 0.00000e+00
 0.00000e+00
 0.00000e+00
 0.00000e+00
 0.00000e+00
 0.00000e+00
 0.00000e+00
 0.00000e+00
 0.00000e+00
 0.00000e+00
 0.00000e+00
 0.00000e+00
 0.00000e+00
 0.00000e+00
 0.00000e+00
 0.00000e+00
 0.00000e+00
 0.00000e+00
 0.00000e+00
 0.00000e+00
 0.00000e+00
 0.00000e+00
 0.00000e+00
 0.00000e+00
 0.00000e+00
 0.00000e+00
 0.00000e+00
 0.00000e+00
 0.00000e+00
 0.00000e+00
 0.00000e+00
 0.00000e+00
 0.00000e+00
 0.00000e+00
 0.00000e+00
 0.00000e+00
 0.00000e+00
 0.00000e+00
 0.00000e+00
 0.00000e+00
 0.00000e+00
 0.00000e+00
 0.00000e+00
 0.00000e+00
 0.00000e+00
 0.00000e+00
 0.00000e+00
 0.00000e+00
 0.00000e+00
 0.00000e+00
 0.00000e+00
 0.00000e+00
 0.00000e+00
 0.00000e+00
 0.00000e+00
 0.00000e+00
 0.00000e+00
 0.00000e+00
 0.00000e+00
 0.00000e+00
 0.00000e+00
 0.00000e+00
 0.00000e+00
 0.00000e+00
 0.00000e+00
 0.00000e+00
 0.00000e+00
 0.00000e+00
 0.00000e+00
 0.00000e+00
 0.00000e+00
 0.00000e+00
 0.00000e+00
 0.00000e+00
 0.00000e+00
 0.00000e+00
 0.00000e+00
 0.00000e+00
 0.00000e+00
 0.00000e+00
 0.00000e+00
 0.00000e+00
 0.00000e+00
 0.00000e+00
 0.00000e+00
 0.00000e+00
 0.00000e+00
 0.00000e+00
 0.00000e+00
 0.00000e+00
 0.00000e+00
 0.00000e+00
 0.00000e+00
 0.00000e+00
 0.00000e+00
 0.00000e+00
 0.00000e+00
 0.00000e+00
 0.00000e+00
 0.00000e+00
 0.00000e+00
 0.00000e+00
 0.00000e+00
 0.00000e+00
 0.00000e+00
 0.00000e+00
 0.00000e+00
 0.00000e+00
 0.00000e+00
 0.00000e+00
 0.00000e+00
 0.00000e+00
 0.00000e+00
 0.00000e+00
 0.00000e+00
 0.00000e+00
 0.00000e+00
 0.00000e+00
 0.00000e+00
 0.00000e+00
 0.00000e+00
 0.00000e+00
 0.00000e+00
 0.00000e+00
 0.00000e+00
 0.00000e+00
 0.00000e+00
 0.00000e+00
 0.00000e+00
 0.00000e+00
 0.00000e+00
 0.00000e+00
 0.00000e+00
 0.00000e+00
 0.00000e+00
 0.00000e+00
 0.00000e+00
 0.00000e+00
 0.00000e+00
 0.00000e+00
 0.00000e+00
 0.00000e+00
 0.00000e+00
 0.00000e+00
 0.00000e+00
 0.00000e+00
 0.00000e+00
 0.00000e+00
 0.00000e+00
 0.00000e+00
 0.00000e+00
 0.00000e+00
 0.00000e+00
 0.00000e+00
 0.00000e+00
 0.00000e+00
 0.00000e+00
 0.00000e+00
 0.00000e+00
 0.00000e+00
 0.00000e+00
 0.00000e+00
 0.00000e+00
 0.00000e+00
 0.00000e+00
 0.00000e+00
 0.00000e+00
 0.00000e+00
 0.00000e+00
 0.00000e+00
 0.00000e+00
 0.00000e+00
 0.00000e+00
 0.00000e+00
 0.00000e+00
 0.00000e+00
 0.00000e+00
 0.00000e+00
 0.00000e+00
 0.00000e+00
 0.00000e+00
 0.00000e+00
 0.00000e+00
 0.00000e+00
 0.00000e+00
 0.00000e+00
 0.00000e+00
 0.00000e+00
 0.00000e+00
 0.00000e+00
 0.00000e+00
 0.00000e+00
 0.00000e+00
 0.00000e+00
 0.00000e+00
 0.00000e+00
 0.00000e+00
 0.00000e+00
 0.00000e+00
 0.00000e+00
 0.00000e+00
 0.00000e+00
 0.00000e+00
 0.00000e+00
 0.00000e+00
 0.00000e+00
 0.00000e+00
 0.00000e+00
 0.00000e+00
 0.00000e+00
 0.00000e+00
 0.00000e+00
 0.00000e+00
 0.00000e+00
 0.00000e+00
 0.00000e+00
 0.00000e+00
 0.00000e+00
 0.00000e+00
 0.00000e+00
 0.00000e+00
 0.00000e+00
 0.00000e+00
 0.00000e+00
 0.00000e+00
 0.00000e+00
 0.00000e+00
 0.00000e+00
 0.00000e+00
 0.00000e+00
 0.00000e+00
 0.00000e+00
 0.00000e+00
 0.00000e+00
 0.00000e+00
 0.00000e+00
 0.00000e+00
 0.00000e+00
 0.00000e+00
 0.00000e+00
 0.00000e+00
 0.00000e+00
 0.00000e+00
 0.00000e+00
 0.00000e+00
 0.00000e+00
 0.00000e+00
 0.00000e+00
 0.00000e+00
 0.00000e+00
 0.00000e+00
 0.00000e+00
 0.00000e+00
 0.00000e+00
 0.00000e+00
 0.00000e+00
 0.00000e+00
 0.00000e+00
 0.00000e+00
 0.00000e+00
 0.00000e+00
 0.00000e+00
 0.00000e+00
 0.00000e+00
 0.00000e+00
 0.00000e+00
 0.00000e+00
 0.00000e+00
 0.00000e+00
 0.00000e+00
 0.00000e+00
 0.00000e+00
 0.00000e+00
 0.00000e+00
 0.00000e+00
 0.00000e+00
 0.00000e+00
 0.00000e+00
 0.00000e+00
 0.00000e+00
 0.00000e+00
 0.00000e+00
 0.00000e+00
 0.00000e+00
 0.00000e+00
 0.00000e+00
 0.00000e+00
 0.00000e+00
 0.00000e+00
 0.00000e+00
 0.00000e+00
 0.00000e+00
 0.00000e+00
 0.00000e+00
 0.00000e+00
 0.00000e+00
 0.00000e+00
 0.00000e+00
 0.00000e+00
 0.00000e+00
 0.00000e+00
 0.00000e+00
 0.00000e+00
 0.00000e+00
 0.00000e+00
 0.00000e+00
 0.00000e+00
 0.00000e+00
 0.00000e+00
 0.00000e+00
 0.00000e+00
 0.00000e+00
 0.00000e+00
 0.00000e+00
 0.00000e+00
 0.00000e+00
 0.00000e+00
 0.00000e+00
 0.00000e+00
 0.00000e+00
 0.00000e+00
 0.00000e+00
 0.00000e+00
 0.00000e+00
 0.00000e+00
 0.00000e+00
 0.00000e+00
 0.00000e+00
 0.00000e+00
 0.00000e+00
 0.00000e+00
 0.00000e+00
 0.00000e+00
 0.00000e+00
 0.00000e+00
 0.00000e+00
 0.00000e+00
 0.00000e+00
 0.00000e+00
 0.00000e+00
 0.00000e+00
 0.00000e+00
 0.00000e+00
 0.00000e+00
 0.00000e+00
 0.00000e+00
 0.00000e+00
 0.00000e+00
 0.00000e+00
 0.00000e+00
 0.00000e+00
 0.00000e+00
 0.00000e+00
 0.00000e+00
 0.00000e+00
 0.00000e+00
 0.00000e+00
 0.00000e+00
 0.00000e+00
 0.00000e+00
 0.00000e+00
 0.00000e+00
 0.00000e+00
 0.00000e+00
 0.00000e+00
 0.00000e+00
 0.00000e+00
 0.00000e+00
 0.00000e+00
 0.00000e+00
 0.00000e+00
 0.00000e+00
 0.00000e+00
 0.00000e+00
 0.00000e+00
 0.00000e+00
 0.00000e+00
 0.00000e+00
 0.00000e+00
 0.00000e+00
 0.00000e+00
 0.00000e+00
 0.00000e+00
 0.00000e+00
 0.00000e+00
 0.00000e+00
 0.00000e+00
 0.00000e+00
 0.00000e+00
 0.00000e+00
 0.00000e+00
 0.00000e+00
 0.00000e+00
 0.00000e+00
 0.00000e+00
 0.00000e+00
 0.00000e+00
 0.00000e+00
 0.00000e+00
 0.00000e+00
 0.00000e+00
 0.00000e+00
 0.00000e+00
 0.00000e+00
 0.00000e+00
 0.00000e+00
 0.00000e+00
 0.00000e+00
 0.00000e+00
 0.00000e+00
 0.00000e+00
 0.00000e+00
 0.00000e+00
 0.00000e+00
 0.00000e+00
 0.00000e+00
 0.00000e+00
 0.00000e+00
 0.00000e+00
 0.00000e+00
 0.00000e+00
 0.00000e+00
 0.00000e+00
 0.00000e+00
 0.00000e+00
 0.00000e+00
 0.00000e+00
 0.00000e+00
 0.00000e+00
 0.00000e+00
 0.00000e+00
 0.00000e+00
 0.00000e+00
 0.00000e+00
 0.00000e+00
 0.00000e+00
 0.00000e+00
 0.00000e+00
 0.00000e+00
 0.00000e+00
 0.00000e+00
 0.00000e+00
 0.00000e+00
 0.00000e+00
 0.00000e+00
 0.00000e+00
 0.00000e+00
 0.00000e+00
 0.00000e+00
 0.00000e+00
 0.00000e+00
 0.00000e+00
 0.00000e+00
 0.00000e+00
 0.00000e+00
 0.00000e+00
 0.00000e+00
 0.00000e+00
 0.00000e+00
 0.00000e+00
 0.00000e+00
 0.00000e+00
 0.00000e+00
 0.00000e+00
 0.00000e+00
 0.00000e+00
 0.00000e+00
 0.00000e+00
 0.00000e+00
 0.00000e+00
 0.00000e+00
 0.00000e+00
 0.00000e+00
 0.00000e+00
 0.00000e+00
 0.00000e+00
 0.00000e+00
 0.00000e+00
 0.00000e+00
 0.00000e+00
 0.00000e+00
 0.00000e+00
 0.00000e+00
 0.00000e+00
 0.00000e+00
 0.00000e+00
 0.00000e+00
 0.00000e+00
 0.00000e+00
 0.00000e+00
 0.00000e+00
 0.00000e+00
 0.00000e+00
 0.00000e+00
 0.00000e+00
 0.00000e+00
 0.00000e+00
 0.00000e+00
 0.00000e+00
 0.00000e+00
 0.00000e+00
 0.00000e+00
 0.00000e+00
 0.00000e+00
 0.00000e+00
 0.00000e+00
 0.00000e+00
 0.00000e+00
 0.00000e+00
 0.00000e+00
 0.00000e+00
 0.00000e+00
 0.00000e+00
 0.00000e+00
 0.00000e+00
 0.00000e+00
 0.00000e+00
 0.00000e+00
 0.00000e+00
 0.00000e+00
 0.00000e+00
 0.00000e+00
 0.00000e+00
 0.00000e+00
 0.00000e+00
 0.00000e+00
 0.00000e+00
 0.00000e+00
 0.00000e+00
 0.00000e+00
 0.00000e+00
 0.00000e+00
 0.00000e+00
 0.00000e+00
 0.00000e+00
 0.00000e+00
 0.00000e+00
 0.00000e+00
 0.00000e+00
 0.00000e+00
 0.00000e+00
 0.00000e+00
 0.00000e+00
 0.00000e+00
 0.00000e+00
 0.00000e+00
 0.00000e+00
 0.00000e+00
 0.00000e+00
 0.00000e+00
 0.00000e+00
 0.00000e+00
 0.00000e+00
 0.00000e+00
 0.00000e+00
 0.00000e+00
 0.00000e+00
 0.00000e+00
 0.00000e+00
 0.00000e+00
 0.00000e+00
 0.00000e+00
 0.00000e+00
 0.00000e+00
 0.00000e+00
 0.00000e+00
 0.00000e+00
 0.00000e+00
 0.00000e+00
 0.00000e+00
 0.00000e+00
 0.00000e+00
 0.00000e+00
 0.00000e+00
 0.00000e+00
 0.00000e+00
 0.00000e+00
 0.00000e+00
 0.00000e+00
 0.00000e+00
 0.00000e+00
 0.00000e+00
 0.00000e+00
 0.00000e+00
 0.00000e+00
 0.00000e+00
 0.00000e+00
 0.00000e+00
 0.00000e+00
 0.00000e+00
 0.00000e+00
 0.00000e+00
 0.00000e+00
 0.00000e+00
 0.00000e+00
 0.00000e+00
 0.00000e+00
 0.00000e+00
 0.00000e+00
 0.00000e+00
 0.00000e+00
 0.00000e+00
 0.00000e+00
 0.00000e+00
 0.00000e+00
 0.00000e+00
 0.00000e+00
 0.00000e+00
 0.00000e+00
 0.00000e+00
 0.00000e+00
 0.00000e+00
 0.00000e+00
 0.00000e+00
 0.00000e+00
 0.00000e+00
 0.00000e+00
 0.00000e+00
 0.00000e+00
 0.00000e+00
 0.00000e+00
 0.00000e+00
 0.00000e+00
 0.00000e+00
 0.00000e+00
 0.00000e+00
 0.00000e+00
 0.00000e+00
 0.00000e+00
 0.00000e+00
 0.00000e+00
 0.00000e+00
 0.00000e+00
 0.00000e+00
 0.00000e+00
 0.00000e+00
 0.00000e+00
 0.00000e+00
 0.00000e+00
 0.00000e+00
 0.00000e+00
 0.00000e+00
 0.00000e+00
 0.00000e+00
 0.00000e+00
 0.00000e+00
 0.00000e+00
 0.00000e+00
 0.00000e+00
 0.00000e+00
 0.00000e+00
