Materiau
part
         1
quad4
 7.62842e-01
 6.55462e-01
 6.49705e-01
 6.35098e-01
 6.31246e-01
 6.18292e-01
 5.82447e-01
 5.68462e-01
 5.64835e-01
 5.52624e-01
 5.36180e-01
 5.31204e-01
 5.20080e-01
 5.12213e-01
 5.01961e-01
 4.92196e-01
 4.81507e-01
 4.70600e-01
 4.59175e-01
 4.47375e-01
 4.35159e-01
 4.22542e-01
 4.09533e-01
 3.96122e-01
 3.82316e-01
 3.68108e-01
 3.53497e-01
 3.38476e-01
 3.23034e-01
 3.07157e-01
 2.90825e-01
 2.74005e-01
 2.56656e-01
 2.38720e-01
 2.20088e-01
 2.00572e-01
 1.79917e-01
 1.57856e-01
 1.34186e-01
 1.08857e-01
 8.23116e-02
 5.60092e-02
 3.21921e-02
 1.37727e-02
 3.38197e-03
 2.60994e-04
 2.32497e-06
 1.47492e-09
 0.00000e+00
 0.00000e+00
 0.00000e+00
 0.00000e+00
 0.00000e+00
 0.00000e+00
 0.00000e+00
 0.00000e+00
 0.00000e+00
 0.00000e+00
 0.00000e+00
 0.00000e+00
 6.55462e-01
 6.51937e-01
 6.49731e-01
 6.44331e-01
 6.29517e-01
 6.37455e-01
 6.18993e-01
 5.95836e-01
 5.90789e-01
 5.73491e-01
 5.56598e-01
 5.43164e-01
 5.25826e-01
 5.10643e-01
 4.93592e-01
 4.77823e-01
 4.61767e-01
 4.46488e-01
 4.31423e-01
 4.16754e-01
 4.02302e-01
 3.88033e-01
 3.73882e-01
 3.59778e-01
 3.45678e-01
 3.31523e-01
 3.17274e-01
 3.02886e-01
 2.88321e-01
 2.73536e-01
 2.58491e-01
 2.43132e-01
 2.27405e-01
 2.11239e-01
 1.94521e-01
 1.77065e-01
 1.58636e-01
 1.38992e-01
 1.17951e-01
 9.54803e-02
 7.19939e-02
 4.88039e-02
 2.78996e-02
 1.18315e-02
 2.86011e-03
 2.13248e-04
 1.80783e-06
 1.08583e-09
 0.00000e+00
 0.00000e+00
 0.00000e+00
 0.00000e+00
 0.00000e+00
 0.00000e+00
 0.00000e+00
 0.00000e+00
 0.00000e+00
 0.00000e+00
 0.00000e+00
 0.00000e+00
 6.49705e-01
 6.49731e-01
 6.52028e-01
 6.53643e-01
 6.39717e-01
 6.39162e-01
 6.35905e-01
 5.96154e-01
 5.94026e-01
 5.65839e-01
 5.56544e-01
 5.36062e-01
 5.20397e-01
 5.02911e-01
 4.86352e-01
 4.70101e-01
 4.54152e-01
 4.38616e-01
 4.23377e-01
 4.08463e-01
 3.93811e-01
 3.79366e-01
 3.65081e-01
 3.50898e-01
 3.36770e-01
 3.22649e-01
 3.08489e-01
 2.94248e-01
 2.79882e-01
 2.65349e-01
 2.50601e-01
 2.35585e-01
 2.20241e-01
 2.04495e-01
 1.88230e-01
 1.71257e-01
 1.53340e-01
 1.34241e-01
 1.13776e-01
 9.19226e-02
 6.90991e-02
 4.66085e-02
 2.64119e-02
 1.10162e-02
 2.57965e-03
 1.79250e-04
 1.37576e-06
 7.41788e-10
 0.00000e+00
 0.00000e+00
 0.00000e+00
 0.00000e+00
 0.00000e+00
 0.00000e+00
 0.00000e+00
 0.00000e+00
 0.00000e+00
 0.00000e+00
 0.00000e+00
 0.00000e+00
 6.35098e-01
 6.44331e-01
 6.53643e-01
 6.52035e-01
 6.40665e-01
 6.39394e-01
 6.23515e-01
 6.10837e-01
 5.91015e-01
 5.67678e-01
 5.49074e-01
 5.28015e-01
 5.09094e-01
 4.91029e-01
 4.73602e-01
 4.57062e-01
 4.40935e-01
 4.25398e-01
 4.10222e-01
 3.95431e-01
 3.80915e-01
 3.66639e-01
 3.52540e-01
 3.38571e-01
 3.24687e-01
 3.10839e-01
 2.96988e-01
 2.83087e-01
 2.69096e-01
 2.54969e-01
 2.40659e-01
 2.26110e-01
 2.11260e-01
 1.96032e-01
 1.80304e-01
 1.63887e-01
 1.46547e-01
 1.28056e-01
 1.08239e-01
 8.70971e-02
 6.50791e-02
 4.34951e-02
 2.42798e-02
 9.85506e-03
 2.19215e-03
 1.36213e-04
 8.96837e-07
 4.10074e-10
 0.00000e+00
 0.00000e+00
 0.00000e+00
 0.00000e+00
 0.00000e+00
 0.00000e+00
 0.00000e+00
 0.00000e+00
 0.00000e+00
 0.00000e+00
 0.00000e+00
 0.00000e+00
 6.31246e-01
 6.29517e-01
 6.39717e-01
 6.40665e-01
 6.37921e-01
 6.34224e-01
 6.26053e-01
 6.09852e-01
 5.89533e-01
 5.67433e-01
 5.46513e-01
 5.24853e-01
 5.05371e-01
 4.85800e-01
 4.67768e-01
 4.50142e-01
 4.33479e-01
 4.17306e-01
 4.01750e-01
 3.86606e-01
 3.71868e-01
 3.57428e-01
 3.43247e-01
 3.29256e-01
 3.15407e-01
 3.01650e-01
 2.87935e-01
 2.74218e-01
 2.60449e-01
 2.46583e-01
 2.32566e-01
 2.18339e-01
 2.03837e-01
 1.88978e-01
 1.73634e-01
 1.57612e-01
 1.40681e-01
 1.22619e-01
 1.03259e-01
 8.26327e-02
 6.12352e-02
 4.04045e-02
 2.20778e-02
 8.61779e-03
 1.77971e-03
 9.43548e-05
 5.02981e-07
 1.82841e-10
 0.00000e+00
 0.00000e+00
 0.00000e+00
 0.00000e+00
 0.00000e+00
 0.00000e+00
 0.00000e+00
 0.00000e+00
 0.00000e+00
 0.00000e+00
 0.00000e+00
 0.00000e+00
 6.18292e-01
 6.37455e-01
 6.39162e-01
 6.39394e-01
 6.34224e-01
 6.27601e-01
 6.14598e-01
 5.98355e-01
 5.77866e-01
 5.55889e-01
 5.34278e-01
 5.13723e-01
 4.93738e-01
 4.74885e-01
 4.56774e-01
 4.39513e-01
 4.22907e-01
 4.06933e-01
 3.91469e-01
 3.76469e-01
 3.61844e-01
 3.47547e-01
 3.33509e-01
 3.19681e-01
 3.06011e-01
 2.92449e-01
 2.78952e-01
 2.65468e-01
 2.51956e-01
 2.38363e-01
 2.24638e-01
 2.10719e-01
 1.96542e-01
 1.82019e-01
 1.67017e-01
 1.51340e-01
 1.34757e-01
 1.17062e-01
 9.80911e-02
 7.79177e-02
 5.71068e-02
 3.70349e-02
 1.96580e-02
 7.27537e-03
 1.35684e-03
 5.81600e-05
 2.36197e-07
 0.00000e+00
 0.00000e+00
 0.00000e+00
 0.00000e+00
 0.00000e+00
 0.00000e+00
 0.00000e+00
 0.00000e+00
 0.00000e+00
 0.00000e+00
 0.00000e+00
 0.00000e+00
 0.00000e+00
 5.82447e-01
 6.18993e-01
 6.35905e-01
 6.23515e-01
 6.26053e-01
 6.14598e-01
 6.01367e-01
 5.84470e-01
 5.65087e-01
 5.44098e-01
 5.23633e-01
 5.03040e-01
 4.83605e-01
 4.64712e-01
 4.46791e-01
 4.29520e-01
 4.13002e-01
 3.97051e-01
 3.81670e-01
 3.66739e-01
 3.52224e-01
 3.38042e-01
 3.24144e-01
 3.10473e-01
 2.96977e-01
 2.83611e-01
 2.70320e-01
 2.57065e-01
 2.43792e-01
 2.30455e-01
 2.16998e-01
 2.03360e-01
 1.89472e-01
 1.75246e-01
 1.60539e-01
 1.45152e-01
 1.28858e-01
 1.11460e-01
 9.28090e-02
 7.30254e-02
 5.27686e-02
 3.34637e-02
 1.70986e-02
 5.89943e-03
 9.60183e-04
 3.12916e-05
 9.08867e-08
 0.00000e+00
 0.00000e+00
 0.00000e+00
 0.00000e+00
 0.00000e+00
 0.00000e+00
 0.00000e+00
 0.00000e+00
 0.00000e+00
 0.00000e+00
 0.00000e+00
 0.00000e+00
 0.00000e+00
 5.68462e-01
 5.95836e-01
 5.96154e-01
 6.10837e-01
 6.09852e-01
 5.98355e-01
 5.84470e-01
 5.66871e-01
 5.48201e-01
 5.28313e-01
 5.08715e-01
 4.89366e-01
 4.70640e-01
 4.52555e-01
 4.35126e-01
 4.18367e-01
 4.02185e-01
 3.86579e-01
 3.71447e-01
 3.56769e-01
 3.42463e-01
 3.28492e-01
 3.14796e-01
 3.01327e-01
 2.88040e-01
 2.74883e-01
 2.61817e-01
 2.48788e-01
 2.35756e-01
 2.22665e-01
 2.09464e-01
 1.96087e-01
 1.82468e-01
 1.68509e-01
 1.54062e-01
 1.38924e-01
 1.22871e-01
 1.05717e-01
 8.73354e-02
 6.79044e-02
 4.82008e-02
 2.97081e-02
 1.44501e-02
 4.55315e-03
 6.18759e-04
 1.43011e-05
 2.78705e-08
 0.00000e+00
 0.00000e+00
 0.00000e+00
 0.00000e+00
 0.00000e+00
 0.00000e+00
 0.00000e+00
 0.00000e+00
 0.00000e+00
 0.00000e+00
 0.00000e+00
 0.00000e+00
 0.00000e+00
 5.64835e-01
 5.90789e-01
 5.94026e-01
 5.91015e-01
 5.89533e-01
 5.77866e-01
 5.65087e-01
 5.48201e-01
 5.30692e-01
 5.12067e-01
 4.93616e-01
 4.75221e-01
 4.57345e-01
 4.39927e-01
 4.23110e-01
 4.06817e-01
 3.91081e-01
 3.75822e-01
 3.61030e-01
 3.46636e-01
 3.32605e-01
 3.18885e-01
 3.05429e-01
 2.92196e-01
 2.79137e-01
 2.66214e-01
 2.53376e-01
 2.40585e-01
 2.27789e-01
 2.14941e-01
 2.01984e-01
 1.88856e-01
 1.75485e-01
 1.61769e-01
 1.47551e-01
 1.32624e-01
 1.16767e-01
 9.98080e-02
 8.16550e-02
 6.25571e-02
 4.34275e-02
 2.58203e-02
 1.17893e-02
 3.30708e-03
 3.52601e-04
 5.36793e-06
 6.60699e-09
 0.00000e+00
 0.00000e+00
 0.00000e+00
 0.00000e+00
 0.00000e+00
 0.00000e+00
 0.00000e+00
 0.00000e+00
 0.00000e+00
 0.00000e+00
 0.00000e+00
 0.00000e+00
 0.00000e+00
 5.52624e-01
 5.73491e-01
 5.65839e-01
 5.67678e-01
 5.67433e-01
 5.55889e-01
 5.44098e-01
 5.28313e-01
 5.12067e-01
 4.94703e-01
 4.77449e-01
 4.60192e-01
 4.43263e-01
 4.26707e-01
 4.10568e-01
 3.94895e-01
 3.79653e-01
 3.64846e-01
 3.50428e-01
 3.36379e-01
 3.22654e-01
 3.09217e-01
 2.96031e-01
 2.83048e-01
 2.70240e-01
 2.57554e-01
 2.44959e-01
 2.32402e-01
 2.19846e-01
 2.07235e-01
 1.94515e-01
 1.81622e-01
 1.68484e-01
 1.54988e-01
 1.40968e-01
 1.26215e-01
 1.10515e-01
 9.37050e-02
 7.57491e-02
 5.69876e-02
 3.84799e-02
 2.18635e-02
 9.20484e-03
 2.22379e-03
 1.70493e-04
 1.60239e-06
 1.17265e-09
 0.00000e+00
 0.00000e+00
 0.00000e+00
 0.00000e+00
 0.00000e+00
 0.00000e+00
 0.00000e+00
 0.00000e+00
 0.00000e+00
 0.00000e+00
 0.00000e+00
 0.00000e+00
 0.00000e+00
 5.36180e-01
 5.56598e-01
 5.56544e-01
 5.49074e-01
 5.46513e-01
 5.34278e-01
 5.23633e-01
 5.08715e-01
 4.93616e-01
 4.77449e-01
 4.61261e-01
 4.45021e-01
 4.28981e-01
 4.13215e-01
 3.97786e-01
 3.82712e-01
 3.68011e-01
 3.53668e-01
 3.39671e-01
 3.25993e-01
 3.12605e-01
 2.99481e-01
 2.86578e-01
 2.73874e-01
 2.61320e-01
 2.48890e-01
 2.36535e-01
 2.24221e-01
 2.11899e-01
 1.99521e-01
 1.87029e-01
 1.74362e-01
 1.61439e-01
 1.48140e-01
 1.34288e-01
 1.19672e-01
 1.04090e-01
 8.73892e-02
 6.96081e-02
 5.12132e-02
 3.34059e-02
 1.79190e-02
 6.79724e-03
 1.35014e-03
 6.82959e-05
 3.68268e-07
 1.48021e-10
 0.00000e+00
 0.00000e+00
 0.00000e+00
 0.00000e+00
 0.00000e+00
 0.00000e+00
 0.00000e+00
 0.00000e+00
 0.00000e+00
 0.00000e+00
 0.00000e+00
 0.00000e+00
 0.00000e+00
 5.31204e-01
 5.43164e-01
 5.36062e-01
 5.28015e-01
 5.24853e-01
 5.13723e-01
 5.03040e-01
 4.89366e-01
 4.75221e-01
 4.60192e-01
 4.45021e-01
 4.29754e-01
 4.14583e-01
 3.99597e-01
 3.84856e-01
 3.70399e-01
 3.56237e-01
 3.42377e-01
 3.28810e-01
 3.15518e-01
 3.02486e-01
 2.89681e-01
 2.77086e-01
 2.64658e-01
 2.52378e-01
 2.40200e-01
 2.28097e-01
 2.16021e-01
 2.03934e-01
 1.91783e-01
 1.79512e-01
 1.67057e-01
 1.54333e-01
 1.41206e-01
 1.27489e-01
 1.12971e-01
 9.74668e-02
 8.08446e-02
 6.32309e-02
 4.52626e-02
 2.82719e-02
 1.40876e-02
 4.67159e-03
 7.16156e-04
 2.16486e-05
 6.22322e-08
 0.00000e+00
 0.00000e+00
 0.00000e+00
 0.00000e+00
 0.00000e+00
 0.00000e+00
 0.00000e+00
 0.00000e+00
 0.00000e+00
 0.00000e+00
 0.00000e+00
 0.00000e+00
 0.00000e+00
 0.00000e+00
 5.20080e-01
 5.25826e-01
 5.20397e-01
 5.09094e-01
 5.05371e-01
 4.93738e-01
 4.83605e-01
 4.70640e-01
 4.57345e-01
 4.43263e-01
 4.28981e-01
 4.14583e-01
 4.00209e-01
 3.85956e-01
 3.71877e-01
 3.58016e-01
 3.44391e-01
 3.31014e-01
 3.17879e-01
 3.04986e-01
 2.92309e-01
 2.79842e-01
 2.67548e-01
 2.55417e-01
 2.43403e-01
 2.31490e-01
 2.19632e-01
 2.07798e-01
 1.95940e-01
 1.84010e-01
 1.71950e-01
 1.59695e-01
 1.47149e-01
 1.34165e-01
 1.20549e-01
 1.06091e-01
 9.06222e-02
 7.40577e-02
 5.66305e-02
 3.91810e-02
 2.31672e-02
 1.04928e-02
 2.92395e-03
 3.14204e-04
 5.10568e-06
 7.32838e-09
 0.00000e+00
 0.00000e+00
 0.00000e+00
 0.00000e+00
 0.00000e+00
 0.00000e+00
 0.00000e+00
 0.00000e+00
 0.00000e+00
 0.00000e+00
 0.00000e+00
 0.00000e+00
 0.00000e+00
 0.00000e+00
 5.12213e-01
 5.10643e-01
 5.02911e-01
 4.91029e-01
 4.85800e-01
 4.74885e-01
 4.64712e-01
 4.52555e-01
 4.39927e-01
 4.26707e-01
 4.13215e-01
 3.99597e-01
 3.85956e-01
 3.72379e-01
 3.58926e-01
 3.45632e-01
 3.32528e-01
 3.19619e-01
 3.06920e-01
 2.94413e-01
 2.82106e-01
 2.69965e-01
 2.57990e-01
 2.46142e-01
 2.34410e-01
 2.22752e-01
 2.11144e-01
 1.99544e-01
 1.87911e-01
 1.76193e-01
 1.64334e-01
 1.52264e-01
 1.39873e-01
 1.26999e-01
 1.13444e-01
 9.90064e-02
 8.35336e-02
 6.70187e-02
 4.98364e-02
 3.30365e-02
 1.82082e-02
 7.27757e-03
 1.61277e-03
 1.05633e-04
 8.49463e-07
 5.70624e-10
 0.00000e+00
 0.00000e+00
 0.00000e+00
 0.00000e+00
 0.00000e+00
 0.00000e+00
 0.00000e+00
 0.00000e+00
 0.00000e+00
 0.00000e+00
 0.00000e+00
 0.00000e+00
 0.00000e+00
 0.00000e+00
 5.01961e-01
 4.93592e-01
 4.86352e-01
 4.73602e-01
 4.67768e-01
 4.56774e-01
 4.46791e-01
 4.35126e-01
 4.23110e-01
 4.10568e-01
 3.97786e-01
 3.84856e-01
 3.71877e-01
 3.58926e-01
 3.46051e-01
 3.33299e-01
 3.20686e-01
 3.08240e-01
 2.95952e-01
 2.83842e-01
 2.71881e-01
 2.60082e-01
 2.48407e-01
 2.36857e-01
 2.25391e-01
 2.13995e-01
 2.02628e-01
 1.91260e-01
 1.79843e-01
 1.68327e-01
 1.56657e-01
 1.44751e-01
 1.32486e-01
 1.19686e-01
 1.06149e-01
 9.16903e-02
 7.61834e-02
 5.97290e-02
 4.28982e-02
 2.69298e-02
 1.35425e-02
 4.58825e-03
 7.44364e-04
 2.60235e-05
 9.48733e-08
 0.00000e+00
 0.00000e+00
 0.00000e+00
 0.00000e+00
 0.00000e+00
 0.00000e+00
 0.00000e+00
 0.00000e+00
 0.00000e+00
 0.00000e+00
 0.00000e+00
 0.00000e+00
 0.00000e+00
 0.00000e+00
 0.00000e+00
 4.92196e-01
 4.77823e-01
 4.70101e-01
 4.57062e-01
 4.50142e-01
 4.39513e-01
 4.29520e-01
 4.18367e-01
 4.06817e-01
 3.94895e-01
 3.82712e-01
 3.70399e-01
 3.58016e-01
 3.45632e-01
 3.33299e-01
 3.21045e-01
 3.08909e-01
 2.96890e-01
 2.85017e-01
 2.73271e-01
 2.61672e-01
 2.50188e-01
 2.38827e-01
 2.27554e-01
 2.16362e-01
 2.05214e-01
 1.94087e-01
 1.82941e-01
 1.71730e-01
 1.60406e-01
 1.48908e-01
 1.37143e-01
 1.24969e-01
 1.12199e-01
 9.86347e-02
 8.41116e-02
 6.85590e-02
 5.22144e-02
 3.58921e-02
 2.09996e-02
 9.34965e-03
 2.54308e-03
 2.64567e-04
 4.29104e-06
 6.60434e-09
 0.00000e+00
 0.00000e+00
 0.00000e+00
 0.00000e+00
 0.00000e+00
 0.00000e+00
 0.00000e+00
 0.00000e+00
 0.00000e+00
 0.00000e+00
 0.00000e+00
 0.00000e+00
 0.00000e+00
 0.00000e+00
 0.00000e+00
 4.81507e-01
 4.61767e-01
 4.54152e-01
 4.40935e-01
 4.33479e-01
 4.22907e-01
 4.13002e-01
 4.02185e-01
 3.91081e-01
 3.79653e-01
 3.68011e-01
 3.56237e-01
 3.44391e-01
 3.32528e-01
 3.20686e-01
 3.08909e-01
 2.97205e-01
 2.85611e-01
 2.74114e-01
 2.62743e-01
 2.51471e-01
 2.40314e-01
 2.29241e-01
 2.18253e-01
 2.07318e-01
 1.96418e-01
 1.85519e-01
 1.74585e-01
 1.63569e-01
 1.52423e-01
 1.41077e-01
 1.29420e-01
 1.17294e-01
 1.04507e-01
 9.08686e-02
 7.62424e-02
 6.06563e-02
 4.45335e-02
 2.89349e-02
 1.54282e-02
 5.82817e-03
 1.17469e-03
 6.50510e-05
 4.42028e-07
 2.66642e-10
 0.00000e+00
 0.00000e+00
 0.00000e+00
 0.00000e+00
 0.00000e+00
 0.00000e+00
 0.00000e+00
 0.00000e+00
 0.00000e+00
 0.00000e+00
 0.00000e+00
 0.00000e+00
 0.00000e+00
 0.00000e+00
 0.00000e+00
 4.70600e-01
 4.46488e-01
 4.38616e-01
 4.25398e-01
 4.17306e-01
 4.06933e-01
 3.97051e-01
 3.86579e-01
 3.75822e-01
 3.64846e-01
 3.53668e-01
 3.42377e-01
 3.31014e-01
 3.19619e-01
 3.08240e-01
 2.96890e-01
 2.85611e-01
 2.74397e-01
 2.63282e-01
 2.52245e-01
 2.41310e-01
 2.30449e-01
 2.19672e-01
 2.08948e-01
 1.98268e-01
 1.87603e-01
 1.76922e-01
 1.66187e-01
 1.55353e-01
 1.44367e-01
 1.33144e-01
 1.21556e-01
 1.09430e-01
 9.65709e-02
 8.28125e-02
 6.80650e-02
 5.24974e-02
 3.67825e-02
 2.21971e-02
 1.04424e-02
 3.15275e-03
 4.14440e-04
 1.02099e-05
 2.64392e-08
 0.00000e+00
 0.00000e+00
 0.00000e+00
 0.00000e+00
 0.00000e+00
 0.00000e+00
 0.00000e+00
 0.00000e+00
 0.00000e+00
 0.00000e+00
 0.00000e+00
 0.00000e+00
 0.00000e+00
 0.00000e+00
 0.00000e+00
 0.00000e+00
 4.59175e-01
 4.31423e-01
 4.23377e-01
 4.10222e-01
 4.01750e-01
 3.91469e-01
 3.81670e-01
 3.71447e-01
 3.61030e-01
 3.50428e-01
 3.39671e-01
 3.28810e-01
 3.17879e-01
 3.06920e-01
 2.95952e-01
 2.85017e-01
 2.74114e-01
 2.63282e-01
 2.52504e-01
 2.41810e-01
 2.31176e-01
 2.20618e-01
 2.10110e-01
 1.99649e-01
 1.89208e-01
 1.78768e-01
 1.68291e-01
 1.57741e-01
 1.47072e-01
 1.36221e-01
 1.25086e-01
 1.13517e-01
 1.01334e-01
 8.83497e-02
 7.44287e-02
 5.95761e-02
 4.41526e-02
 2.91085e-02
 1.59102e-02
 6.29806e-03
 1.39556e-03
 9.62792e-05
 9.13465e-07
 8.39603e-10
 0.00000e+00
 0.00000e+00
 0.00000e+00
 0.00000e+00
 0.00000e+00
 0.00000e+00
 0.00000e+00
 0.00000e+00
 0.00000e+00
 0.00000e+00
 0.00000e+00
 0.00000e+00
 0.00000e+00
 0.00000e+00
 0.00000e+00
 0.00000e+00
 4.47375e-01
 4.16754e-01
 4.08463e-01
 3.95431e-01
 3.86606e-01
 3.76469e-01
 3.66739e-01
 3.56769e-01
 3.46636e-01
 3.36379e-01
 3.25993e-01
 3.15518e-01
 3.04986e-01
 2.94413e-01
 2.83842e-01
 2.73271e-01
 2.62743e-01
 2.52245e-01
 2.41810e-01
 2.31419e-01
 2.21091e-01
 2.10806e-01
 2.00566e-01
 1.90348e-01
 1.80138e-01
 1.69905e-01
 1.59618e-01
 1.49236e-01
 1.38711e-01
 1.27962e-01
 1.16866e-01
 1.05260e-01
 9.29569e-02
 7.97960e-02
 6.56943e-02
 5.08051e-02
 3.57503e-02
 2.17308e-02
 1.03647e-02
 3.22275e-03
 4.55542e-04
 1.31772e-05
 4.30909e-08
 0.00000e+00
 0.00000e+00
 0.00000e+00
 0.00000e+00
 0.00000e+00
 0.00000e+00
 0.00000e+00
 0.00000e+00
 0.00000e+00
 0.00000e+00
 0.00000e+00
 0.00000e+00
 0.00000e+00
 0.00000e+00
 0.00000e+00
 0.00000e+00
 0.00000e+00
 4.35159e-01
 4.02302e-01
 3.93811e-01
 3.80915e-01
 3.71868e-01
 3.61844e-01
 3.52224e-01
 3.42463e-01
 3.32605e-01
 3.22654e-01
 3.12605e-01
 3.02486e-01
 2.92309e-01
 2.82106e-01
 2.71881e-01
 2.61672e-01
 2.51471e-01
 2.41310e-01
 2.31176e-01
 2.21091e-01
 2.11038e-01
 2.01024e-01
 1.91029e-01
 1.81045e-01
 1.71046e-01
 1.61006e-01
 1.50890e-01
 1.40658e-01
 1.30246e-01
 1.19554e-01
 1.08440e-01
 9.67278e-02
 8.42442e-02
 7.08657e-02
 5.66125e-02
 4.18485e-02
 2.74907e-02
 1.49511e-02
 5.88328e-03
 1.30042e-03
 9.14665e-05
 9.25646e-07
 9.65278e-10
 0.00000e+00
 0.00000e+00
 0.00000e+00
 0.00000e+00
 0.00000e+00
 0.00000e+00
 0.00000e+00
 0.00000e+00
 0.00000e+00
 0.00000e+00
 0.00000e+00
 0.00000e+00
 0.00000e+00
 0.00000e+00
 0.00000e+00
 0.00000e+00
 0.00000e+00
 4.22542e-01
 3.88033e-01
 3.79366e-01
 3.66639e-01
 3.57428e-01
 3.47547e-01
 3.38042e-01
 3.28492e-01
 3.18885e-01
 3.09217e-01
 2.99481e-01
 2.89681e-01
 2.79842e-01
 2.69965e-01
 2.60082e-01
 2.50188e-01
 2.40314e-01
 2.30449e-01
 2.20618e-01
 2.10806e-01
 2.01024e-01
 1.91256e-01
 1.81497e-01
 1.71727e-01
 1.61923e-01
 1.52057e-01
 1.42094e-01
 1.31982e-01
 1.21641e-01
 1.10948e-01
 9.97448e-02
 8.78570e-02
 7.51395e-02
 6.15377e-02
 4.72381e-02
 3.28880e-02
 1.96695e-02
 9.14285e-03
 2.73028e-03
 3.62309e-04
 9.66706e-06
 3.02701e-08
 0.00000e+00
 0.00000e+00
 0.00000e+00
 0.00000e+00
 0.00000e+00
 0.00000e+00
 0.00000e+00
 0.00000e+00
 0.00000e+00
 0.00000e+00
 0.00000e+00
 0.00000e+00
 0.00000e+00
 0.00000e+00
 0.00000e+00
 0.00000e+00
 0.00000e+00
 0.00000e+00
 4.09533e-01
 3.73882e-01
 3.65081e-01
 3.52540e-01
 3.43247e-01
 3.33509e-01
 3.24144e-01
 3.14796e-01
 3.05429e-01
 2.96031e-01
 2.86578e-01
 2.77086e-01
 2.67548e-01
 2.57990e-01
 2.48407e-01
 2.38827e-01
 2.29241e-01
 2.19672e-01
 2.10110e-01
 2.00566e-01
 1.91029e-01
 1.81497e-01
 1.71953e-01
 1.62379e-01
 1.52751e-01
 1.43039e-01
 1.33202e-01
 1.23171e-01
 1.12843e-01
 1.02077e-01
 9.07083e-02
 7.85794e-02
 6.55989e-02
 5.18369e-02
 3.77230e-02
 2.42079e-02
 1.26865e-02
 4.69531e-03
 9.38441e-04
 5.52293e-05
 4.58967e-07
 4.08860e-10
 0.00000e+00
 0.00000e+00
 0.00000e+00
 0.00000e+00
 0.00000e+00
 0.00000e+00
 0.00000e+00
 0.00000e+00
 0.00000e+00
 0.00000e+00
 0.00000e+00
 0.00000e+00
 0.00000e+00
 0.00000e+00
 0.00000e+00
 0.00000e+00
 0.00000e+00
 0.00000e+00
 3.96122e-01
 3.59778e-01
 3.50898e-01
 3.38571e-01
 3.29256e-01
 3.19681e-01
 3.10473e-01
 3.01327e-01
 2.92196e-01
 2.83048e-01
 2.73874e-01
 2.64658e-01
 2.55417e-01
 2.46142e-01
 2.36857e-01
 2.27554e-01
 2.18253e-01
 2.08948e-01
 1.99649e-01
 1.90348e-01
 1.81045e-01
 1.71727e-01
 1.62379e-01
 1.52981e-01
 1.43509e-01
 1.33925e-01
 1.24175e-01
 1.14168e-01
 1.03780e-01
 9.28600e-02
 8.12494e-02
 6.88361e-02
 5.56211e-02
 4.18769e-02
 2.83396e-02
 1.62192e-02
 7.01235e-03
 1.85744e-03
 1.97141e-04
 3.80636e-06
 8.71414e-09
 0.00000e+00
 0.00000e+00
 0.00000e+00
 0.00000e+00
 0.00000e+00
 0.00000e+00
 0.00000e+00
 0.00000e+00
 0.00000e+00
 0.00000e+00
 0.00000e+00
 0.00000e+00
 0.00000e+00
 0.00000e+00
 0.00000e+00
 0.00000e+00
 0.00000e+00
 0.00000e+00
 0.00000e+00
 3.82316e-01
 3.45678e-01
 3.36770e-01
 3.24687e-01
 3.15407e-01
 3.06011e-01
 2.96977e-01
 2.88040e-01
 2.79137e-01
 2.70240e-01
 2.61320e-01
 2.52378e-01
 2.43403e-01
 2.34410e-01
 2.25391e-01
 2.16362e-01
 2.07318e-01
 1.98268e-01
 1.89208e-01
 1.80138e-01
 1.71046e-01
 1.61923e-01
 1.52751e-01
 1.43509e-01
 1.34165e-01
 1.24672e-01
 1.14952e-01
 1.04894e-01
 9.43617e-02
 8.32029e-02
 7.12955e-02
 5.86022e-02
 4.52884e-02
 3.19130e-02
 1.95040e-02
 9.44720e-03
 3.06424e-03
 4.88917e-04
 1.90975e-05
 1.00084e-07
 0.00000e+00
 0.00000e+00
 0.00000e+00
 0.00000e+00
 0.00000e+00
 0.00000e+00
 0.00000e+00
 0.00000e+00
 0.00000e+00
 0.00000e+00
 0.00000e+00
 0.00000e+00
 0.00000e+00
 0.00000e+00
 0.00000e+00
 0.00000e+00
 0.00000e+00
 0.00000e+00
 0.00000e+00
 0.00000e+00
 3.68108e-01
 3.31523e-01
 3.22649e-01
 3.10839e-01
 3.01650e-01
 2.92449e-01
 2.83611e-01
 2.74883e-01
 2.66214e-01
 2.57554e-01
 2.48890e-01
 2.40200e-01
 2.31490e-01
 2.22752e-01
 2.13995e-01
 2.05214e-01
 1.96418e-01
 1.87603e-01
 1.78768e-01
 1.69905e-01
 1.61006e-01
 1.52057e-01
 1.43039e-01
 1.33925e-01
 1.24672e-01
 1.15211e-01
 1.05445e-01
 9.52486e-02
 8.44816e-02
 7.30193e-02
 6.08050e-02
 4.79358e-02
 3.48346e-02
 2.23664e-02
 1.17818e-02
 4.43746e-03
 9.33633e-04
 6.35945e-05
 6.84834e-07
 8.76366e-10
 0.00000e+00
 0.00000e+00
 0.00000e+00
 0.00000e+00
 0.00000e+00
 0.00000e+00
 0.00000e+00
 0.00000e+00
 0.00000e+00
 0.00000e+00
 0.00000e+00
 0.00000e+00
 0.00000e+00
 0.00000e+00
 0.00000e+00
 0.00000e+00
 0.00000e+00
 0.00000e+00
 0.00000e+00
 0.00000e+00
 3.53497e-01
 3.17274e-01
 3.08489e-01
 2.96988e-01
 2.87935e-01
 2.78952e-01
 2.70320e-01
 2.61817e-01
 2.53376e-01
 2.44959e-01
 2.36535e-01
 2.28097e-01
 2.19632e-01
 2.11144e-01
 2.02628e-01
 1.94087e-01
 1.85519e-01
 1.76922e-01
 1.68291e-01
 1.59618e-01
 1.50890e-01
 1.42094e-01
 1.33202e-01
 1.24175e-01
 1.14952e-01
 1.05445e-01
 9.55419e-02
 8.51137e-02
 7.40403e-02
 6.22559e-02
 4.98176e-02
 3.70517e-02
 2.46866e-02
 1.38378e-02
 5.81783e-03
 1.49231e-03
 1.54136e-04
 3.03835e-06
 7.69944e-09
 0.00000e+00
 0.00000e+00
 0.00000e+00
 0.00000e+00
 0.00000e+00
 0.00000e+00
 0.00000e+00
 0.00000e+00
 0.00000e+00
 0.00000e+00
 0.00000e+00
 0.00000e+00
 0.00000e+00
 0.00000e+00
 0.00000e+00
 0.00000e+00
 0.00000e+00
 0.00000e+00
 0.00000e+00
 0.00000e+00
 0.00000e+00
 3.38476e-01
 3.02886e-01
 2.94248e-01
 2.83087e-01
 2.74218e-01
 2.65468e-01
 2.57065e-01
 2.48788e-01
 2.40585e-01
 2.32402e-01
 2.24221e-01
 2.16021e-01
 2.07798e-01
 1.99544e-01
 1.91260e-01
 1.82941e-01
 1.74585e-01
 1.66187e-01
 1.57741e-01
 1.49236e-01
 1.40658e-01
 1.31982e-01
 1.23171e-01
 1.14168e-01
 1.04894e-01
 9.52486e-02
 8.51137e-02
 7.43783e-02
 6.29759e-02
 5.09414e-02
 3.85382e-02
 2.63879e-02
 1.54825e-02
 7.05447e-03
 2.08908e-03
 2.90838e-04
 9.37846e-06
 4.26726e-08
 0.00000e+00
 0.00000e+00
 0.00000e+00
 0.00000e+00
 0.00000e+00
 0.00000e+00
 0.00000e+00
 0.00000e+00
 0.00000e+00
 0.00000e+00
 0.00000e+00
 0.00000e+00
 0.00000e+00
 0.00000e+00
 0.00000e+00
 0.00000e+00
 0.00000e+00
 0.00000e+00
 0.00000e+00
 0.00000e+00
 0.00000e+00
 0.00000e+00
 3.23034e-01
 2.88321e-01
 2.79882e-01
 2.69096e-01
 2.60449e-01
 2.51956e-01
 2.43792e-01
 2.35756e-01
 2.27789e-01
 2.19846e-01
 2.11899e-01
 2.03934e-01
 1.95940e-01
 1.87911e-01
 1.79843e-01
 1.71730e-01
 1.63569e-01
 1.55353e-01
 1.47072e-01
 1.38711e-01
 1.30246e-01
 1.21641e-01
 1.12843e-01
 1.03780e-01
 9.43617e-02
 8.44816e-02
 7.40403e-02
 6.29759e-02
 5.13151e-02
 3.92831e-02
 2.74242e-02
 1.66248e-02
 8.02487e-03
 2.63808e-03
 4.50130e-04
 2.13723e-05
 1.58965e-07
 1.49290e-10
 0.00000e+00
 0.00000e+00
 0.00000e+00
 0.00000e+00
 0.00000e+00
 0.00000e+00
 0.00000e+00
 0.00000e+00
 0.00000e+00
 0.00000e+00
 0.00000e+00
 0.00000e+00
 0.00000e+00
 0.00000e+00
 0.00000e+00
 0.00000e+00
 0.00000e+00
 0.00000e+00
 0.00000e+00
 0.00000e+00
 0.00000e+00
 0.00000e+00
 3.07157e-01
 2.73536e-01
 2.65349e-01
 2.54969e-01
 2.46583e-01
 2.38363e-01
 2.30455e-01
 2.22665e-01
 2.14941e-01
 2.07235e-01
 1.99521e-01
 1.91783e-01
 1.84010e-01
 1.76193e-01
 1.68327e-01
 1.60406e-01
 1.52423e-01
 1.44367e-01
 1.36221e-01
 1.27962e-01
 1.19554e-01
 1.10948e-01
 1.02077e-01
 9.28600e-02
 8.32029e-02
 7.30193e-02
 6.22559e-02
 5.09414e-02
 3.92831e-02
 2.77721e-02
 1.72092e-02
 8.64164e-03
 3.05622e-03
 5.99699e-04
 3.78643e-05
 4.18646e-07
 6.23422e-10
 0.00000e+00
 0.00000e+00
 0.00000e+00
 0.00000e+00
 0.00000e+00
 0.00000e+00
 0.00000e+00
 0.00000e+00
 0.00000e+00
 0.00000e+00
 0.00000e+00
 0.00000e+00
 0.00000e+00
 0.00000e+00
 0.00000e+00
 0.00000e+00
 0.00000e+00
 0.00000e+00
 0.00000e+00
 0.00000e+00
 0.00000e+00
 0.00000e+00
 0.00000e+00
 2.90825e-01
 2.58491e-01
 2.50601e-01
 2.40659e-01
 2.32566e-01
 2.24638e-01
 2.16998e-01
 2.09464e-01
 2.01984e-01
 1.94515e-01
 1.87029e-01
 1.79512e-01
 1.71950e-01
 1.64334e-01
 1.56657e-01
 1.48908e-01
 1.41077e-01
 1.33144e-01
 1.25086e-01
 1.16866e-01
 1.08440e-01
 9.97448e-02
 9.07083e-02
 8.12494e-02
 7.12955e-02
 6.08050e-02
 4.98176e-02
 3.85382e-02
 2.74242e-02
 1.72092e-02
 8.85295e-03
 3.28153e-03
 7.06058e-04
 5.42797e-05
 8.11102e-07
 1.74246e-09
 0.00000e+00
 0.00000e+00
 0.00000e+00
 0.00000e+00
 0.00000e+00
 0.00000e+00
 0.00000e+00
 0.00000e+00
 0.00000e+00
 0.00000e+00
 0.00000e+00
 0.00000e+00
 0.00000e+00
 0.00000e+00
 0.00000e+00
 0.00000e+00
 0.00000e+00
 0.00000e+00
 0.00000e+00
 0.00000e+00
 0.00000e+00
 0.00000e+00
 0.00000e+00
 0.00000e+00
 2.74005e-01
 2.43132e-01
 2.35585e-01
 2.26110e-01
 2.18339e-01
 2.10719e-01
 2.03360e-01
 1.96087e-01
 1.88856e-01
 1.81622e-01
 1.74362e-01
 1.67057e-01
 1.59695e-01
 1.52264e-01
 1.44751e-01
 1.37143e-01
 1.29420e-01
 1.21556e-01
 1.13517e-01
 1.05260e-01
 9.67278e-02
 8.78570e-02
 7.85794e-02
 6.88361e-02
 5.86022e-02
 4.79358e-02
 3.70517e-02
 2.63879e-02
 1.66248e-02
 8.64164e-03
 3.28153e-03
 7.44527e-04
 6.45926e-05
 1.19188e-06
 3.39851e-09
 0.00000e+00
 0.00000e+00
 0.00000e+00
 0.00000e+00
 0.00000e+00
 0.00000e+00
 0.00000e+00
 0.00000e+00
 0.00000e+00
 0.00000e+00
 0.00000e+00
 0.00000e+00
 0.00000e+00
 0.00000e+00
 0.00000e+00
 0.00000e+00
 0.00000e+00
 0.00000e+00
 0.00000e+00
 0.00000e+00
 0.00000e+00
 0.00000e+00
 0.00000e+00
 0.00000e+00
 0.00000e+00
 2.56656e-01
 2.27405e-01
 2.20241e-01
 2.11260e-01
 2.03837e-01
 1.96542e-01
 1.89472e-01
 1.82468e-01
 1.75485e-01
 1.68484e-01
 1.61439e-01
 1.54333e-01
 1.47149e-01
 1.39873e-01
 1.32486e-01
 1.24969e-01
 1.17294e-01
 1.09430e-01
 1.01334e-01
 9.29569e-02
 8.42442e-02
 7.51395e-02
 6.55989e-02
 5.56211e-02
 4.52884e-02
 3.48346e-02
 2.46866e-02
 1.54825e-02
 8.02487e-03
 3.05622e-03
 7.06058e-04
 6.45926e-05
 1.35199e-06
 4.71914e-09
 0.00000e+00
 0.00000e+00
 0.00000e+00
 0.00000e+00
 0.00000e+00
 0.00000e+00
 0.00000e+00
 0.00000e+00
 0.00000e+00
 0.00000e+00
 0.00000e+00
 0.00000e+00
 0.00000e+00
 0.00000e+00
 0.00000e+00
 0.00000e+00
 0.00000e+00
 0.00000e+00
 0.00000e+00
 0.00000e+00
 0.00000e+00
 0.00000e+00
 0.00000e+00
 0.00000e+00
 0.00000e+00
 0.00000e+00
 2.38720e-01
 2.11239e-01
 2.04495e-01
 1.96032e-01
 1.88978e-01
 1.82019e-01
 1.75246e-01
 1.68509e-01
 1.61769e-01
 1.54988e-01
 1.48140e-01
 1.41206e-01
 1.34165e-01
 1.26999e-01
 1.19686e-01
 1.12199e-01
 1.04507e-01
 9.65709e-02
 8.83497e-02
 7.97960e-02
 7.08657e-02
 6.15377e-02
 5.18369e-02
 4.18769e-02
 3.19130e-02
 2.23664e-02
 1.38378e-02
 7.05447e-03
 2.63808e-03
 5.99699e-04
 5.42797e-05
 1.19188e-06
 4.71914e-09
 0.00000e+00
 0.00000e+00
 0.00000e+00
 0.00000e+00
 0.00000e+00
 0.00000e+00
 0.00000e+00
 0.00000e+00
 0.00000e+00
 0.00000e+00
 0.00000e+00
 0.00000e+00
 0.00000e+00
 0.00000e+00
 0.00000e+00
 0.00000e+00
 0.00000e+00
 0.00000e+00
 0.00000e+00
 0.00000e+00
 0.00000e+00
 0.00000e+00
 0.00000e+00
 0.00000e+00
 0.00000e+00
 0.00000e+00
 0.00000e+00
 2.20088e-01
 1.94521e-01
 1.88230e-01
 1.80304e-01
 1.73634e-01
 1.67017e-01
 1.60539e-01
 1.54062e-01
 1.47551e-01
 1.40968e-01
 1.34288e-01
 1.27489e-01
 1.20549e-01
 1.13444e-01
 1.06149e-01
 9.86347e-02
 9.08686e-02
 8.28125e-02
 7.44287e-02
 6.56943e-02
 5.66125e-02
 4.72381e-02
 3.77230e-02
 2.83396e-02
 1.95040e-02
 1.17818e-02
 5.81783e-03
 2.08908e-03
 4.50130e-04
 3.78643e-05
 8.11102e-07
 3.39851e-09
 0.00000e+00
 0.00000e+00
 0.00000e+00
 0.00000e+00
 0.00000e+00
 0.00000e+00
 0.00000e+00
 0.00000e+00
 0.00000e+00
 0.00000e+00
 0.00000e+00
 0.00000e+00
 0.00000e+00
 0.00000e+00
 0.00000e+00
 0.00000e+00
 0.00000e+00
 0.00000e+00
 0.00000e+00
 0.00000e+00
 0.00000e+00
 0.00000e+00
 0.00000e+00
 0.00000e+00
 0.00000e+00
 0.00000e+00
 0.00000e+00
 0.00000e+00
 2.00572e-01
 1.77065e-01
 1.71257e-01
 1.63887e-01
 1.57612e-01
 1.51340e-01
 1.45152e-01
 1.38924e-01
 1.32624e-01
 1.26215e-01
 1.19672e-01
 1.12971e-01
 1.06091e-01
 9.90064e-02
 9.16903e-02
 8.41116e-02
 7.62424e-02
 6.80650e-02
 5.95761e-02
 5.08051e-02
 4.18485e-02
 3.28880e-02
 2.42079e-02
 1.62192e-02
 9.44720e-03
 4.43746e-03
 1.49231e-03
 2.90838e-04
 2.13723e-05
 4.18646e-07
 1.74246e-09
 0.00000e+00
 0.00000e+00
 0.00000e+00
 0.00000e+00
 0.00000e+00
 0.00000e+00
 0.00000e+00
 0.00000e+00
 0.00000e+00
 0.00000e+00
 0.00000e+00
 0.00000e+00
 0.00000e+00
 0.00000e+00
 0.00000e+00
 0.00000e+00
 0.00000e+00
 0.00000e+00
 0.00000e+00
 0.00000e+00
 0.00000e+00
 0.00000e+00
 0.00000e+00
 0.00000e+00
 0.00000e+00
 0.00000e+00
 0.00000e+00
 0.00000e+00
 0.00000e+00
 1.79917e-01
 1.58636e-01
 1.53340e-01
 1.46547e-01
 1.40681e-01
 1.34757e-01
 1.28858e-01
 1.22871e-01
 1.16767e-01
 1.10515e-01
 1.04090e-01
 9.74668e-02
 9.06222e-02
 8.35336e-02
 7.61834e-02
 6.85590e-02
 6.06563e-02
 5.24974e-02
 4.41526e-02
 3.57503e-02
 2.74907e-02
 1.96695e-02
 1.26865e-02
 7.01235e-03
 3.06424e-03
 9.33633e-04
 1.54136e-04
 9.37846e-06
 1.58965e-07
 6.23422e-10
 0.00000e+00
 0.00000e+00
 0.00000e+00
 0.00000e+00
 0.00000e+00
 0.00000e+00
 0.00000e+00
 0.00000e+00
 0.00000e+00
 0.00000e+00
 0.00000e+00
 0.00000e+00
 0.00000e+00
 0.00000e+00
 0.00000e+00
 0.00000e+00
 0.00000e+00
 0.00000e+00
 0.00000e+00
 0.00000e+00
 0.00000e+00
 0.00000e+00
 0.00000e+00
 0.00000e+00
 0.00000e+00
 0.00000e+00
 0.00000e+00
 0.00000e+00
 0.00000e+00
 0.00000e+00
 1.57856e-01
 1.38992e-01
 1.34241e-01
 1.28056e-01
 1.22619e-01
 1.17062e-01
 1.11460e-01
 1.05717e-01
 9.98080e-02
 9.37050e-02
 8.73892e-02
 8.08446e-02
 7.40577e-02
 6.70187e-02
 5.97290e-02
 5.22144e-02
 4.45335e-02
 3.67825e-02
 2.91085e-02
 2.17308e-02
 1.49511e-02
 9.14285e-03
 4.69531e-03
 1.85744e-03
 4.88917e-04
 6.35945e-05
 3.03835e-06
 4.26726e-08
 1.49290e-10
 0.00000e+00
 0.00000e+00
 0.00000e+00
 0.00000e+00
 0.00000e+00
 0.00000e+00
 0.00000e+00
 0.00000e+00
 0.00000e+00
 0.00000e+00
 0.00000e+00
 0.00000e+00
 0.00000e+00
 0.00000e+00
 0.00000e+00
 0.00000e+00
 0.00000e+00
 0.00000e+00
 0.00000e+00
 0.00000e+00
 0.00000e+00
 0.00000e+00
 0.00000e+00
 0.00000e+00
 0.00000e+00
 0.00000e+00
 0.00000e+00
 0.00000e+00
 0.00000e+00
 0.00000e+00
 0.00000e+00
 1.34186e-01
 1.17951e-01
 1.13776e-01
 1.08239e-01
 1.03259e-01
 9.80911e-02
 9.28090e-02
 8.73354e-02
 8.16550e-02
 7.57491e-02
 6.96081e-02
 6.32309e-02
 5.66305e-02
 4.98364e-02
 4.28982e-02
 3.58921e-02
 2.89349e-02
 2.21971e-02
 1.59102e-02
 1.03647e-02
 5.88328e-03
 2.73028e-03
 9.38441e-04
 1.97141e-04
 1.90975e-05
 6.84834e-07
 7.69944e-09
 0.00000e+00
 0.00000e+00
 0.00000e+00
 0.00000e+00
 0.00000e+00
 0.00000e+00
 0.00000e+00
 0.00000e+00
 0.00000e+00
 0.00000e+00
 0.00000e+00
 0.00000e+00
 0.00000e+00
 0.00000e+00
 0.00000e+00
 0.00000e+00
 0.00000e+00
 0.00000e+00
 0.00000e+00
 0.00000e+00
 0.00000e+00
 0.00000e+00
 0.00000e+00
 0.00000e+00
 0.00000e+00
 0.00000e+00
 0.00000e+00
 0.00000e+00
 0.00000e+00
 0.00000e+00
 0.00000e+00
 0.00000e+00
 0.00000e+00
 1.08857e-01
 9.54803e-02
 9.19226e-02
 8.70971e-02
 8.26327e-02
 7.79177e-02
 7.30254e-02
 6.79044e-02
 6.25571e-02
 5.69876e-02
 5.12132e-02
 4.52626e-02
 3.91810e-02
 3.30365e-02
 2.69298e-02
 2.09996e-02
 1.54282e-02
 1.04424e-02
 6.29806e-03
 3.22275e-03
 1.30042e-03
 3.62309e-04
 5.52293e-05
 3.80636e-06
 1.00084e-07
 8.76366e-10
 0.00000e+00
 0.00000e+00
 0.00000e+00
 0.00000e+00
 0.00000e+00
 0.00000e+00
 0.00000e+00
 0.00000e+00
 0.00000e+00
 0.00000e+00
 0.00000e+00
 0.00000e+00
 0.00000e+00
 0.00000e+00
 0.00000e+00
 0.00000e+00
 0.00000e+00
 0.00000e+00
 0.00000e+00
 0.00000e+00
 0.00000e+00
 0.00000e+00
 0.00000e+00
 0.00000e+00
 0.00000e+00
 0.00000e+00
 0.00000e+00
 0.00000e+00
 0.00000e+00
 0.00000e+00
 0.00000e+00
 0.00000e+00
 0.00000e+00
 0.00000e+00
 8.23116e-02
 7.19939e-02
 6.90991e-02
 6.50791e-02
 6.12352e-02
 5.71068e-02
 5.27686e-02
 4.82008e-02
 4.34275e-02
 3.84799e-02
 3.34059e-02
 2.82719e-02
 2.31672e-02
 1.82082e-02
 1.35425e-02
 9.34965e-03
 5.82817e-03
 3.15275e-03
 1.39556e-03
 4.55542e-04
 9.14665e-05
 9.66706e-06
 4.58967e-07
 8.71414e-09
 0.00000e+00
 0.00000e+00
 0.00000e+00
 0.00000e+00
 0.00000e+00
 0.00000e+00
 0.00000e+00
 0.00000e+00
 0.00000e+00
 0.00000e+00
 0.00000e+00
 0.00000e+00
 0.00000e+00
 0.00000e+00
 0.00000e+00
 0.00000e+00
 0.00000e+00
 0.00000e+00
 0.00000e+00
 0.00000e+00
 0.00000e+00
 0.00000e+00
 0.00000e+00
 0.00000e+00
 0.00000e+00
 0.00000e+00
 0.00000e+00
 0.00000e+00
 0.00000e+00
 0.00000e+00
 0.00000e+00
 0.00000e+00
 0.00000e+00
 0.00000e+00
 0.00000e+00
 0.00000e+00
 5.60092e-02
 4.88039e-02
 4.66085e-02
 4.34951e-02
 4.04045e-02
 3.70349e-02
 3.34637e-02
 2.97081e-02
 2.58203e-02
 2.18635e-02
 1.79190e-02
 1.40876e-02
 1.04928e-02
 7.27757e-03
 4.58825e-03
 2.54308e-03
 1.17469e-03
 4.14440e-04
 9.62792e-05
 1.31772e-05
 9.25646e-07
 3.02701e-08
 4.08860e-10
 0.00000e+00
 0.00000e+00
 0.00000e+00
 0.00000e+00
 0.00000e+00
 0.00000e+00
 0.00000e+00
 0.00000e+00
 0.00000e+00
 0.00000e+00
 0.00000e+00
 0.00000e+00
 0.00000e+00
 0.00000e+00
 0.00000e+00
 0.00000e+00
 0.00000e+00
 0.00000e+00
 0.00000e+00
 0.00000e+00
 0.00000e+00
 0.00000e+00
 0.00000e+00
 0.00000e+00
 0.00000e+00
 0.00000e+00
 0.00000e+00
 0.00000e+00
 0.00000e+00
 0.00000e+00
 0.00000e+00
 0.00000e+00
 0.00000e+00
 0.00000e+00
 0.00000e+00
 0.00000e+00
 0.00000e+00
 3.21921e-02
 2.78996e-02
 2.64119e-02
 2.42798e-02
 2.20778e-02
 1.96580e-02
 1.70986e-02
 1.44501e-02
 1.17893e-02
 9.20484e-03
 6.79724e-03
 4.67159e-03
 2.92395e-03
 1.61277e-03
 7.44364e-04
 2.64567e-04
 6.50510e-05
 1.02099e-05
 9.13465e-07
 4.30909e-08
 9.65278e-10
 0.00000e+00
 0.00000e+00
 0.00000e+00
 0.00000e+00
 0.00000e+00
 0.00000e+00
 0.00000e+00
 0.00000e+00
 0.00000e+00
 0.00000e+00
 0.00000e+00
 0.00000e+00
 0.00000e+00
 0.00000e+00
 0.00000e+00
 0.00000e+00
 0.00000e+00
 0.00000e+00
 0.00000e+00
 0.00000e+00
 0.00000e+00
 0.00000e+00
 0.00000e+00
 0.00000e+00
 0.00000e+00
 0.00000e+00
 0.00000e+00
 0.00000e+00
 0.00000e+00
 0.00000e+00
 0.00000e+00
 0.00000e+00
 0.00000e+00
 0.00000e+00
 0.00000e+00
 0.00000e+00
 0.00000e+00
 0.00000e+00
 0.00000e+00
 1.37727e-02
 1.18315e-02
 1.10162e-02
 9.85506e-03
 8.61779e-03
 7.27537e-03
 5.89943e-03
 4.55315e-03
 3.30708e-03
 2.22379e-03
 1.35014e-03
 7.16156e-04
 3.14204e-04
 1.05633e-04
 2.60235e-05
 4.29104e-06
 4.42028e-07
 2.64392e-08
 8.39603e-10
 0.00000e+00
 0.00000e+00
 0.00000e+00
 0.00000e+00
 0.00000e+00
 0.00000e+00
 0.00000e+00
 0.00000e+00
 0.00000e+00
 0.00000e+00
 0.00000e+00
 0.00000e+00
 0.00000e+00
 0.00000e+00
 0.00000e+00
 0.00000e+00
 0.00000e+00
 0.00000e+00
 0.00000e+00
 0.00000e+00
 0.00000e+00
 0.00000e+00
 0.00000e+00
 0.00000e+00
 0.00000e+00
 0.00000e+00
 0.00000e+00
 0.00000e+00
 0.00000e+00
 0.00000e+00
 0.00000e+00
 0.00000e+00
 0.00000e+00
 0.00000e+00
 0.00000e+00
 0.00000e+00
 0.00000e+00
 0.00000e+00
 0.00000e+00
 0.00000e+00
 0.00000e+00
 3.38197e-03
 2.86011e-03
 2.57965e-03
 2.19215e-03
 1.77971e-03
 1.35684e-03
 9.60183e-04
 6.18759e-04
 3.52601e-04
 1.70493e-04
 6.82959e-05
 2.16486e-05
 5.10568e-06
 8.49463e-07
 9.48733e-08
 6.60434e-09
 2.66642e-10
 0.00000e+00
 0.00000e+00
 0.00000e+00
 0.00000e+00
 0.00000e+00
 0.00000e+00
 0.00000e+00
 0.00000e+00
 0.00000e+00
 0.00000e+00
 0.00000e+00
 0.00000e+00
 0.00000e+00
 0.00000e+00
 0.00000e+00
 0.00000e+00
 0.00000e+00
 0.00000e+00
 0.00000e+00
 0.00000e+00
 0.00000e+00
 0.00000e+00
 0.00000e+00
 0.00000e+00
 0.00000e+00
 0.00000e+00
 0.00000e+00
 0.00000e+00
 0.00000e+00
 0.00000e+00
 0.00000e+00
 0.00000e+00
 0.00000e+00
 0.00000e+00
 0.00000e+00
 0.00000e+00
 0.00000e+00
 0.00000e+00
 0.00000e+00
 0.00000e+00
 0.00000e+00
 0.00000e+00
 0.00000e+00
 2.60994e-04
 2.13248e-04
 1.79250e-04
 1.36213e-04
 9.43548e-05
 5.81600e-05
 3.12916e-05
 1.43011e-05
 5.36793e-06
 1.60239e-06
 3.68268e-07
 6.22322e-08
 7.32838e-09
 5.70624e-10
 0.00000e+00
 0.00000e+00
 0.00000e+00
 0.00000e+00
 0.00000e+00
 0.00000e+00
 0.00000e+00
 0.00000e+00
 0.00000e+00
 0.00000e+00
 0.00000e+00
 0.00000e+00
 0.00000e+00
 0.00000e+00
 0.00000e+00
 0.00000e+00
 0.00000e+00
 0.00000e+00
 0.00000e+00
 0.00000e+00
 0.00000e+00
 0.00000e+00
 0.00000e+00
 0.00000e+00
 0.00000e+00
 0.00000e+00
 0.00000e+00
 0.00000e+00
 0.00000e+00
 0.00000e+00
 0.00000e+00
 0.00000e+00
 0.00000e+00
 0.00000e+00
 0.00000e+00
 0.00000e+00
 0.00000e+00
 0.00000e+00
 0.00000e+00
 0.00000e+00
 0.00000e+00
 0.00000e+00
 0.00000e+00
 0.00000e+00
 0.00000e+00
 0.00000e+00
 2.32497e-06
 1.80783e-06
 1.37576e-06
 8.96837e-07
 5.02981e-07
 2.36197e-07
 9.08867e-08
 2.78705e-08
 6.60699e-09
 1.17265e-09
 1.48021e-10
 0.00000e+00
 0.00000e+00
 0.00000e+00
 0.00000e+00
 0.00000e+00
 0.00000e+00
 0.00000e+00
 0.00000e+00
 0.00000e+00
 0.00000e+00
 0.00000e+00
 0.00000e+00
 0.00000e+00
 0.00000e+00
 0.00000e+00
 0.00000e+00
 0.00000e+00
 0.00000e+00
 0.00000e+00
 0.00000e+00
 0.00000e+00
 0.00000e+00
 0.00000e+00
 0.00000e+00
 0.00000e+00
 0.00000e+00
 0.00000e+00
 0.00000e+00
 0.00000e+00
 0.00000e+00
 0.00000e+00
 0.00000e+00
 0.00000e+00
 0.00000e+00
 0.00000e+00
 0.00000e+00
 0.00000e+00
 0.00000e+00
 0.00000e+00
 0.00000e+00
 0.00000e+00
 0.00000e+00
 0.00000e+00
 0.00000e+00
 0.00000e+00
 0.00000e+00
 0.00000e+00
 0.00000e+00
 0.00000e+00
 1.47492e-09
 1.08583e-09
 7.41788e-10
 4.10074e-10
 1.82841e-10
 0.00000e+00
 0.00000e+00
 0.00000e+00
 0.00000e+00
 0.00000e+00
 0.00000e+00
 0.00000e+00
 0.00000e+00
 0.00000e+00
 0.00000e+00
 0.00000e+00
 0.00000e+00
 0.00000e+00
 0.00000e+00
 0.00000e+00
 0.00000e+00
 0.00000e+00
 0.00000e+00
 0.00000e+00
 0.00000e+00
 0.00000e+00
 0.00000e+00
 0.00000e+00
 0.00000e+00
 0.00000e+00
 0.00000e+00
 0.00000e+00
 0.00000e+00
 0.00000e+00
 0.00000e+00
 0.00000e+00
 0.00000e+00
 0.00000e+00
 0.00000e+00
 0.00000e+00
 0.00000e+00
 0.00000e+00
 0.00000e+00
 0.00000e+00
 0.00000e+00
 0.00000e+00
 0.00000e+00
 0.00000e+00
 0.00000e+00
 0.00000e+00
 0.00000e+00
 0.00000e+00
 0.00000e+00
 0.00000e+00
 0.00000e+00
 0.00000e+00
 0.00000e+00
 0.00000e+00
 0.00000e+00
 0.00000e+00
 0.00000e+00
 0.00000e+00
 0.00000e+00
 0.00000e+00
 0.00000e+00
 0.00000e+00
 0.00000e+00
 0.00000e+00
 0.00000e+00
 0.00000e+00
 0.00000e+00
 0.00000e+00
 0.00000e+00
 0.00000e+00
 0.00000e+00
 0.00000e+00
 0.00000e+00
 0.00000e+00
 0.00000e+00
 0.00000e+00
 0.00000e+00
 0.00000e+00
 0.00000e+00
 0.00000e+00
 0.00000e+00
 0.00000e+00
 0.00000e+00
 0.00000e+00
 0.00000e+00
 0.00000e+00
 0.00000e+00
 0.00000e+00
 0.00000e+00
 0.00000e+00
 0.00000e+00
 0.00000e+00
 0.00000e+00
 0.00000e+00
 0.00000e+00
 0.00000e+00
 0.00000e+00
 0.00000e+00
 0.00000e+00
 0.00000e+00
 0.00000e+00
 0.00000e+00
 0.00000e+00
 0.00000e+00
 0.00000e+00
 0.00000e+00
 0.00000e+00
 0.00000e+00
 0.00000e+00
 0.00000e+00
 0.00000e+00
 0.00000e+00
 0.00000e+00
 0.00000e+00
 0.00000e+00
 0.00000e+00
 0.00000e+00
 0.00000e+00
 0.00000e+00
 0.00000e+00
 0.00000e+00
 0.00000e+00
 0.00000e+00
 0.00000e+00
 0.00000e+00
 0.00000e+00
 0.00000e+00
 0.00000e+00
 0.00000e+00
 0.00000e+00
 0.00000e+00
 0.00000e+00
 0.00000e+00
 0.00000e+00
 0.00000e+00
 0.00000e+00
 0.00000e+00
 0.00000e+00
 0.00000e+00
 0.00000e+00
 0.00000e+00
 0.00000e+00
 0.00000e+00
 0.00000e+00
 0.00000e+00
 0.00000e+00
 0.00000e+00
 0.00000e+00
 0.00000e+00
 0.00000e+00
 0.00000e+00
 0.00000e+00
 0.00000e+00
 0.00000e+00
 0.00000e+00
 0.00000e+00
 0.00000e+00
 0.00000e+00
 0.00000e+00
 0.00000e+00
 0.00000e+00
 0.00000e+00
 0.00000e+00
 0.00000e+00
 0.00000e+00
 0.00000e+00
 0.00000e+00
 0.00000e+00
 0.00000e+00
 0.00000e+00
 0.00000e+00
 0.00000e+00
 0.00000e+00
 0.00000e+00
 0.00000e+00
 0.00000e+00
 0.00000e+00
 0.00000e+00
 0.00000e+00
 0.00000e+00
 0.00000e+00
 0.00000e+00
 0.00000e+00
 0.00000e+00
 0.00000e+00
 0.00000e+00
 0.00000e+00
 0.00000e+00
 0.00000e+00
 0.00000e+00
 0.00000e+00
 0.00000e+00
 0.00000e+00
 0.00000e+00
 0.00000e+00
 0.00000e+00
 0.00000e+00
 0.00000e+00
 0.00000e+00
 0.00000e+00
 0.00000e+00
 0.00000e+00
 0.00000e+00
 0.00000e+00
 0.00000e+00
 0.00000e+00
 0.00000e+00
 0.00000e+00
 0.00000e+00
 0.00000e+00
 0.00000e+00
 0.00000e+00
 0.00000e+00
 0.00000e+00
 0.00000e+00
 0.00000e+00
 0.00000e+00
 0.00000e+00
 0.00000e+00
 0.00000e+00
 0.00000e+00
 0.00000e+00
 0.00000e+00
 0.00000e+00
 0.00000e+00
 0.00000e+00
 0.00000e+00
 0.00000e+00
 0.00000e+00
 0.00000e+00
 0.00000e+00
 0.00000e+00
 0.00000e+00
 0.00000e+00
 0.00000e+00
 0.00000e+00
 0.00000e+00
 0.00000e+00
 0.00000e+00
 0.00000e+00
 0.00000e+00
 0.00000e+00
 0.00000e+00
 0.00000e+00
 0.00000e+00
 0.00000e+00
 0.00000e+00
 0.00000e+00
 0.00000e+00
 0.00000e+00
 0.00000e+00
 0.00000e+00
 0.00000e+00
 0.00000e+00
 0.00000e+00
 0.00000e+00
 0.00000e+00
 0.00000e+00
 0.00000e+00
 0.00000e+00
 0.00000e+00
 0.00000e+00
 0.00000e+00
 0.00000e+00
 0.00000e+00
 0.00000e+00
 0.00000e+00
 0.00000e+00
 0.00000e+00
 0.00000e+00
 0.00000e+00
 0.00000e+00
 0.00000e+00
 0.00000e+00
 0.00000e+00
 0.00000e+00
 0.00000e+00
 0.00000e+00
 0.00000e+00
 0.00000e+00
 0.00000e+00
 0.00000e+00
 0.00000e+00
 0.00000e+00
 0.00000e+00
 0.00000e+00
 0.00000e+00
 0.00000e+00
 0.00000e+00
 0.00000e+00
 0.00000e+00
 0.00000e+00
 0.00000e+00
 0.00000e+00
 0.00000e+00
 0.00000e+00
 0.00000e+00
 0.00000e+00
 0.00000e+00
 0.00000e+00
 0.00000e+00
 0.00000e+00
 0.00000e+00
 0.00000e+00
 0.00000e+00
 0.00000e+00
 0.00000e+00
 0.00000e+00
 0.00000e+00
 0.00000e+00
 0.00000e+00
 0.00000e+00
 0.00000e+00
 0.00000e+00
 0.00000e+00
 0.00000e+00
 0.00000e+00
 0.00000e+00
 0.00000e+00
 0.00000e+00
 0.00000e+00
 0.00000e+00
 0.00000e+00
 0.00000e+00
 0.00000e+00
 0.00000e+00
 0.00000e+00
 0.00000e+00
 0.00000e+00
 0.00000e+00
 0.00000e+00
 0.00000e+00
 0.00000e+00
 0.00000e+00
 0.00000e+00
 0.00000e+00
 0.00000e+00
 0.00000e+00
 0.00000e+00
 0.00000e+00
 0.00000e+00
 0.00000e+00
 0.00000e+00
 0.00000e+00
 0.00000e+00
 0.00000e+00
 0.00000e+00
 0.00000e+00
 0.00000e+00
 0.00000e+00
 0.00000e+00
 0.00000e+00
 0.00000e+00
 0.00000e+00
 0.00000e+00
 0.00000e+00
 0.00000e+00
 0.00000e+00
 0.00000e+00
 0.00000e+00
 0.00000e+00
 0.00000e+00
 0.00000e+00
 0.00000e+00
 0.00000e+00
 0.00000e+00
 0.00000e+00
 0.00000e+00
 0.00000e+00
 0.00000e+00
 0.00000e+00
 0.00000e+00
 0.00000e+00
 0.00000e+00
 0.00000e+00
 0.00000e+00
 0.00000e+00
 0.00000e+00
 0.00000e+00
 0.00000e+00
 0.00000e+00
 0.00000e+00
 0.00000e+00
 0.00000e+00
 0.00000e+00
 0.00000e+00
 0.00000e+00
 0.00000e+00
 0.00000e+00
 0.00000e+00
 0.00000e+00
 0.00000e+00
 0.00000e+00
 0.00000e+00
 0.00000e+00
 0.00000e+00
 0.00000e+00
 0.00000e+00
 0.00000e+00
 0.00000e+00
 0.00000e+00
 0.00000e+00
 0.00000e+00
 0.00000e+00
 0.00000e+00
 0.00000e+00
 0.00000e+00
 0.00000e+00
 0.00000e+00
 0.00000e+00
 0.00000e+00
 0.00000e+00
 0.00000e+00
 0.00000e+00
 0.00000e+00
 0.00000e+00
 0.00000e+00
 0.00000e+00
 0.00000e+00
 0.00000e+00
 0.00000e+00
 0.00000e+00
 0.00000e+00
 0.00000e+00
 0.00000e+00
 0.00000e+00
 0.00000e+00
 0.00000e+00
 0.00000e+00
 0.00000e+00
 0.00000e+00
 0.00000e+00
 0.00000e+00
 0.00000e+00
 0.00000e+00
 0.00000e+00
 0.00000e+00
 0.00000e+00
 0.00000e+00
 0.00000e+00
 0.00000e+00
 0.00000e+00
 0.00000e+00
 0.00000e+00
 0.00000e+00
 0.00000e+00
 0.00000e+00
 0.00000e+00
 0.00000e+00
 0.00000e+00
 0.00000e+00
 0.00000e+00
 0.00000e+00
 0.00000e+00
 0.00000e+00
 0.00000e+00
 0.00000e+00
 0.00000e+00
 0.00000e+00
 0.00000e+00
 0.00000e+00
 0.00000e+00
 0.00000e+00
 0.00000e+00
 0.00000e+00
 0.00000e+00
 0.00000e+00
 0.00000e+00
 0.00000e+00
 0.00000e+00
 0.00000e+00
 0.00000e+00
 0.00000e+00
 0.00000e+00
 0.00000e+00
 0.00000e+00
 0.00000e+00
 0.00000e+00
 0.00000e+00
 0.00000e+00
 0.00000e+00
 0.00000e+00
 0.00000e+00
 0.00000e+00
 0.00000e+00
 0.00000e+00
 0.00000e+00
 0.00000e+00
 0.00000e+00
 0.00000e+00
 0.00000e+00
 0.00000e+00
 0.00000e+00
 0.00000e+00
 0.00000e+00
 0.00000e+00
 0.00000e+00
 0.00000e+00
 0.00000e+00
 0.00000e+00
 0.00000e+00
 0.00000e+00
 0.00000e+00
 0.00000e+00
 0.00000e+00
 0.00000e+00
 0.00000e+00
 0.00000e+00
 0.00000e+00
 0.00000e+00
 0.00000e+00
 0.00000e+00
 0.00000e+00
 0.00000e+00
 0.00000e+00
 0.00000e+00
 0.00000e+00
 0.00000e+00
 0.00000e+00
 0.00000e+00
 0.00000e+00
 0.00000e+00
 0.00000e+00
 0.00000e+00
 0.00000e+00
 0.00000e+00
 0.00000e+00
 0.00000e+00
 0.00000e+00
 0.00000e+00
 0.00000e+00
 0.00000e+00
 0.00000e+00
 0.00000e+00
 0.00000e+00
 0.00000e+00
 0.00000e+00
 0.00000e+00
 0.00000e+00
 0.00000e+00
 0.00000e+00
 0.00000e+00
 0.00000e+00
 0.00000e+00
 0.00000e+00
 0.00000e+00
 0.00000e+00
 0.00000e+00
 0.00000e+00
 0.00000e+00
 0.00000e+00
 0.00000e+00
 0.00000e+00
 0.00000e+00
 0.00000e+00
 0.00000e+00
 0.00000e+00
 0.00000e+00
 0.00000e+00
 0.00000e+00
 0.00000e+00
 0.00000e+00
 0.00000e+00
 0.00000e+00
 0.00000e+00
 0.00000e+00
 0.00000e+00
 0.00000e+00
 0.00000e+00
 0.00000e+00
 0.00000e+00
 0.00000e+00
 0.00000e+00
 0.00000e+00
 0.00000e+00
 0.00000e+00
 0.00000e+00
 0.00000e+00
 0.00000e+00
 0.00000e+00
 0.00000e+00
 0.00000e+00
 0.00000e+00
 0.00000e+00
 0.00000e+00
 0.00000e+00
 0.00000e+00
 0.00000e+00
 0.00000e+00
 0.00000e+00
 0.00000e+00
 0.00000e+00
 0.00000e+00
 0.00000e+00
 0.00000e+00
 0.00000e+00
 0.00000e+00
 0.00000e+00
 0.00000e+00
 0.00000e+00
 0.00000e+00
 0.00000e+00
 0.00000e+00
 0.00000e+00
 0.00000e+00
 0.00000e+00
 0.00000e+00
 0.00000e+00
 0.00000e+00
 0.00000e+00
 0.00000e+00
 0.00000e+00
 0.00000e+00
 0.00000e+00
 0.00000e+00
 0.00000e+00
 0.00000e+00
 0.00000e+00
 0.00000e+00
 0.00000e+00
 0.00000e+00
 0.00000e+00
 0.00000e+00
 0.00000e+00
 0.00000e+00
 0.00000e+00
 0.00000e+00
 0.00000e+00
 0.00000e+00
 0.00000e+00
 0.00000e+00
 0.00000e+00
 0.00000e+00
 0.00000e+00
 0.00000e+00
 0.00000e+00
 0.00000e+00
 0.00000e+00
 0.00000e+00
 0.00000e+00
 0.00000e+00
 0.00000e+00
 0.00000e+00
 0.00000e+00
 0.00000e+00
 0.00000e+00
 0.00000e+00
 0.00000e+00
 0.00000e+00
 0.00000e+00
 0.00000e+00
 0.00000e+00
 0.00000e+00
 0.00000e+00
 0.00000e+00
 0.00000e+00
 0.00000e+00
 0.00000e+00
 0.00000e+00
 0.00000e+00
 0.00000e+00
 0.00000e+00
 0.00000e+00
 0.00000e+00
 0.00000e+00
 0.00000e+00
 0.00000e+00
 0.00000e+00
 0.00000e+00
 0.00000e+00
 0.00000e+00
 0.00000e+00
 0.00000e+00
 0.00000e+00
 0.00000e+00
 0.00000e+00
 0.00000e+00
 0.00000e+00
 0.00000e+00
 0.00000e+00
 0.00000e+00
 0.00000e+00
 0.00000e+00
 0.00000e+00
 0.00000e+00
 0.00000e+00
 0.00000e+00
 0.00000e+00
 0.00000e+00
 0.00000e+00
 0.00000e+00
 0.00000e+00
 0.00000e+00
 0.00000e+00
 0.00000e+00
 0.00000e+00
 0.00000e+00
 0.00000e+00
 0.00000e+00
 0.00000e+00
 0.00000e+00
 0.00000e+00
 0.00000e+00
 0.00000e+00
 0.00000e+00
 0.00000e+00
 0.00000e+00
 0.00000e+00
 0.00000e+00
 0.00000e+00
 0.00000e+00
 0.00000e+00
 0.00000e+00
 0.00000e+00
 0.00000e+00
 0.00000e+00
 0.00000e+00
 0.00000e+00
 0.00000e+00
 0.00000e+00
 0.00000e+00
 0.00000e+00
 0.00000e+00
 0.00000e+00
 0.00000e+00
 0.00000e+00
 0.00000e+00
 0.00000e+00
 0.00000e+00
 0.00000e+00
 0.00000e+00
 0.00000e+00
 0.00000e+00
 0.00000e+00
 0.00000e+00
 0.00000e+00
 0.00000e+00
 0.00000e+00
 0.00000e+00
 0.00000e+00
 0.00000e+00
 0.00000e+00
 0.00000e+00
 0.00000e+00
 0.00000e+00
 0.00000e+00
 0.00000e+00
 0.00000e+00
 0.00000e+00
 0.00000e+00
 0.00000e+00
 0.00000e+00
 0.00000e+00
 0.00000e+00
 0.00000e+00
 0.00000e+00
 0.00000e+00
 0.00000e+00
 0.00000e+00
 0.00000e+00
 0.00000e+00
 0.00000e+00
 0.00000e+00
 0.00000e+00
 0.00000e+00
 0.00000e+00
 0.00000e+00
 0.00000e+00
 0.00000e+00
 0.00000e+00
 0.00000e+00
 0.00000e+00
 0.00000e+00
 0.00000e+00
 0.00000e+00
 0.00000e+00
