Materiau
part
         1
quad4
 7.62842e-01
 6.48933e-01
 6.45180e-01
 6.34517e-01
 6.29625e-01
 6.10554e-01
 5.78998e-01
 5.75002e-01
 5.82992e-01
 5.53029e-01
 5.42501e-01
 5.33991e-01
 5.23670e-01
 5.16947e-01
 5.08188e-01
 5.00645e-01
 4.92064e-01
 4.83573e-01
 4.74530e-01
 4.65226e-01
 4.55537e-01
 4.45515e-01
 4.35153e-01
 4.24455e-01
 4.13430e-01
 4.02075e-01
 3.90397e-01
 3.78394e-01
 3.66070e-01
 3.53423e-01
 3.40454e-01
 3.27161e-01
 3.13539e-01
 2.99580e-01
 2.85273e-01
 2.70602e-01
 2.55540e-01
 2.40054e-01
 2.24095e-01
 2.07585e-01
 1.90392e-01
 1.72333e-01
 1.53204e-01
 1.32842e-01
 1.11131e-01
 8.82434e-02
 6.48840e-02
 4.24817e-02
 2.30704e-02
 8.99051e-03
 1.86422e-03
 9.94574e-05
 5.27091e-07
 1.86551e-10
 0.00000e+00
 0.00000e+00
 0.00000e+00
 0.00000e+00
 0.00000e+00
 0.00000e+00
 6.48931e-01
 6.45941e-01
 6.45374e-01
 6.40650e-01
 6.30486e-01
 6.28365e-01
 5.87206e-01
 5.92032e-01
 5.95627e-01
 5.73304e-01
 5.64920e-01
 5.54807e-01
 5.43067e-01
 5.32143e-01
 5.18673e-01
 5.05368e-01
 4.90715e-01
 4.76519e-01
 4.62234e-01
 4.48417e-01
 4.34861e-01
 4.21669e-01
 4.08724e-01
 3.95975e-01
 3.83368e-01
 3.70845e-01
 3.58367e-01
 3.45891e-01
 3.33385e-01
 3.20813e-01
 3.08150e-01
 2.95366e-01
 2.82438e-01
 2.69337e-01
 2.56038e-01
 2.42508e-01
 2.28712e-01
 2.14605e-01
 2.00134e-01
 1.85214e-01
 1.69718e-01
 1.53475e-01
 1.36297e-01
 1.18037e-01
 9.85950e-02
 7.81350e-02
 5.73043e-02
 3.73872e-02
 2.01992e-02
 7.80373e-03
 1.59225e-03
 8.20757e-05
 4.15281e-07
 1.39226e-10
 0.00000e+00
 0.00000e+00
 0.00000e+00
 0.00000e+00
 0.00000e+00
 0.00000e+00
 6.45180e-01
 6.45374e-01
 6.46335e-01
 6.47392e-01
 6.40331e-01
 6.40694e-01
 6.16045e-01
 6.02713e-01
 5.99155e-01
 5.68422e-01
 5.64600e-01
 5.48061e-01
 5.36401e-01
 5.22381e-01
 5.08708e-01
 4.94934e-01
 4.81210e-01
 4.67594e-01
 4.53989e-01
 4.40551e-01
 4.27244e-01
 4.14083e-01
 4.01081e-01
 3.88227e-01
 3.75506e-01
 3.62884e-01
 3.50334e-01
 3.37822e-01
 3.25317e-01
 3.12792e-01
 3.00215e-01
 2.87560e-01
 2.74800e-01
 2.61906e-01
 2.48848e-01
 2.35593e-01
 2.22102e-01
 2.08330e-01
 1.94219e-01
 1.79683e-01
 1.64593e-01
 1.48777e-01
 1.32049e-01
 1.14264e-01
 9.53246e-02
 7.53960e-02
 5.51292e-02
 3.57893e-02
 1.91660e-02
 7.28235e-03
 1.43796e-03
 6.91167e-05
 3.18892e-07
 0.00000e+00
 0.00000e+00
 0.00000e+00
 0.00000e+00
 0.00000e+00
 0.00000e+00
 0.00000e+00
 6.34517e-01
 6.40650e-01
 6.47392e-01
 6.48994e-01
 6.41546e-01
 6.41626e-01
 6.28176e-01
 6.26770e-01
 6.11505e-01
 5.87262e-01
 5.74327e-01
 5.51091e-01
 5.35114e-01
 5.17089e-01
 5.00966e-01
 4.85584e-01
 4.70708e-01
 4.56459e-01
 4.42466e-01
 4.28853e-01
 4.15474e-01
 4.02358e-01
 3.89439e-01
 3.76704e-01
 3.64114e-01
 3.51643e-01
 3.39259e-01
 3.26933e-01
 3.14637e-01
 3.02342e-01
 2.90022e-01
 2.77648e-01
 2.65194e-01
 2.52630e-01
 2.39927e-01
 2.27049e-01
 2.13956e-01
 2.00600e-01
 1.86924e-01
 1.72839e-01
 1.58213e-01
 1.42878e-01
 1.26651e-01
 1.09395e-01
 9.10224e-02
 7.17134e-02
 5.21383e-02
 3.35497e-02
 1.77049e-02
 6.54929e-03
 1.22733e-03
 5.28715e-05
 2.11873e-07
 0.00000e+00
 0.00000e+00
 0.00000e+00
 0.00000e+00
 0.00000e+00
 0.00000e+00
 0.00000e+00
 6.29625e-01
 6.30486e-01
 6.40331e-01
 6.41546e-01
 6.41061e-01
 6.39742e-01
 6.35691e-01
 6.28918e-01
 6.16326e-01
 5.96747e-01
 5.78453e-01
 5.56371e-01
 5.38069e-01
 5.17892e-01
 5.00512e-01
 4.83003e-01
 4.67060e-01
 4.51508e-01
 4.36751e-01
 4.22393e-01
 4.08519e-01
 3.94970e-01
 3.81749e-01
 3.68776e-01
 3.56026e-01
 3.43450e-01
 3.31017e-01
 3.18690e-01
 3.06436e-01
 2.94224e-01
 2.82023e-01
 2.69803e-01
 2.57533e-01
 2.45183e-01
 2.32718e-01
 2.20102e-01
 2.07291e-01
 1.94236e-01
 1.80875e-01
 1.67117e-01
 1.52828e-01
 1.37839e-01
 1.21971e-01
 1.05093e-01
 8.71322e-02
 6.82858e-02
 4.92596e-02
 3.13108e-02
 1.61843e-02
 5.76301e-03
 1.00212e-03
 3.70181e-05
 1.22367e-07
 0.00000e+00
 0.00000e+00
 0.00000e+00
 0.00000e+00
 0.00000e+00
 0.00000e+00
 0.00000e+00
 6.10554e-01
 6.28365e-01
 6.40694e-01
 6.41626e-01
 6.39742e-01
 6.36990e-01
 6.30760e-01
 6.21432e-01
 6.07034e-01
 5.88174e-01
 5.67310e-01
 5.47056e-01
 5.26881e-01
 5.08439e-01
 4.90711e-01
 4.74146e-01
 4.58108e-01
 4.42767e-01
 4.27951e-01
 4.13653e-01
 3.99761e-01
 3.86254e-01
 3.73055e-01
 3.60138e-01
 3.47447e-01
 3.34954e-01
 3.22617e-01
 3.10403e-01
 2.98282e-01
 2.86218e-01
 2.74186e-01
 2.62150e-01
 2.50084e-01
 2.37952e-01
 2.25722e-01
 2.13355e-01
 2.00807e-01
 1.88026e-01
 1.74949e-01
 1.61481e-01
 1.47487e-01
 1.32796e-01
 1.17237e-01
 1.00683e-01
 8.30812e-02
 6.46545e-02
 4.61567e-02
 2.88618e-02
 1.45077e-02
 4.90745e-03
 7.70716e-04
 2.32328e-05
 6.00346e-08
 0.00000e+00
 0.00000e+00
 0.00000e+00
 0.00000e+00
 0.00000e+00
 0.00000e+00
 0.00000e+00
 5.78998e-01
 5.87206e-01
 6.16045e-01
 6.28176e-01
 6.35691e-01
 6.30760e-01
 6.23514e-01
 6.12619e-01
 5.98042e-01
 5.79697e-01
 5.60907e-01
 5.40237e-01
 5.21006e-01
 5.01879e-01
 4.84036e-01
 4.66853e-01
 4.50600e-01
 4.34962e-01
 4.20003e-01
 4.05545e-01
 3.91586e-01
 3.78018e-01
 3.64816e-01
 3.51911e-01
 3.39270e-01
 3.26843e-01
 3.14596e-01
 3.02492e-01
 2.90498e-01
 2.78581e-01
 2.66707e-01
 2.54849e-01
 2.42972e-01
 2.31044e-01
 2.19028e-01
 2.06887e-01
 1.94574e-01
 1.82037e-01
 1.69210e-01
 1.55994e-01
 1.42251e-01
 1.27811e-01
 1.12508e-01
 9.62214e-02
 7.89233e-02
 6.08729e-02
 4.28829e-02
 2.62559e-02
 1.27272e-02
 4.02626e-03
 5.52362e-04
 1.28575e-05
 2.45786e-08
 0.00000e+00
 0.00000e+00
 0.00000e+00
 0.00000e+00
 0.00000e+00
 0.00000e+00
 0.00000e+00
 5.75002e-01
 5.92032e-01
 6.02713e-01
 6.26770e-01
 6.28918e-01
 6.21432e-01
 6.12619e-01
 5.99425e-01
 5.84075e-01
 5.65889e-01
 5.47189e-01
 5.28080e-01
 5.09377e-01
 4.91281e-01
 4.73872e-01
 4.57234e-01
 4.41222e-01
 4.25890e-01
 4.11079e-01
 3.96806e-01
 3.82956e-01
 3.69520e-01
 3.56420e-01
 3.43631e-01
 3.31099e-01
 3.18792e-01
 3.06671e-01
 2.94702e-01
 2.82854e-01
 2.71090e-01
 2.59384e-01
 2.47700e-01
 2.36009e-01
 2.24275e-01
 2.12464e-01
 2.00534e-01
 1.88439e-01
 1.76125e-01
 1.63524e-01
 1.50531e-01
 1.37006e-01
 1.22781e-01
 1.07694e-01
 9.16321e-02
 7.45999e-02
 5.69048e-02
 3.94262e-02
 2.35067e-02
 1.08783e-02
 3.15841e-03
 3.62357e-04
 6.13518e-06
 8.21969e-09
 0.00000e+00
 0.00000e+00
 0.00000e+00
 0.00000e+00
 0.00000e+00
 0.00000e+00
 0.00000e+00
 5.82992e-01
 5.95627e-01
 5.99155e-01
 6.11505e-01
 6.16326e-01
 6.07034e-01
 5.98042e-01
 5.84075e-01
 5.68888e-01
 5.51424e-01
 5.33667e-01
 5.15412e-01
 4.97589e-01
 4.80107e-01
 4.63298e-01
 4.47038e-01
 4.31429e-01
 4.16347e-01
 4.01818e-01
 3.87739e-01
 3.74102e-01
 3.60832e-01
 3.47906e-01
 3.35271e-01
 3.22897e-01
 3.10743e-01
 2.98777e-01
 2.86966e-01
 2.75277e-01
 2.63683e-01
 2.52147e-01
 2.40643e-01
 2.29135e-01
 2.17592e-01
 2.05976e-01
 1.94246e-01
 1.82354e-01
 1.70247e-01
 1.57851e-01
 1.45058e-01
 1.31723e-01
 1.17678e-01
 1.02773e-01
 8.68982e-02
 7.01013e-02
 5.27544e-02
 3.58068e-02
 2.06520e-02
 9.01250e-03
 2.34703e-03
 2.11715e-04
 2.46450e-06
 2.19648e-09
 0.00000e+00
 0.00000e+00
 0.00000e+00
 0.00000e+00
 0.00000e+00
 0.00000e+00
 0.00000e+00
 5.53029e-01
 5.73304e-01
 5.68422e-01
 5.87262e-01
 5.96747e-01
 5.88174e-01
 5.79697e-01
 5.65889e-01
 5.51424e-01
 5.34821e-01
 5.18148e-01
 5.01081e-01
 4.84274e-01
 4.67774e-01
 4.51687e-01
 4.36109e-01
 4.20987e-01
 4.06364e-01
 3.92169e-01
 3.78409e-01
 3.65021e-01
 3.51991e-01
 3.39271e-01
 3.26834e-01
 3.14644e-01
 3.02669e-01
 2.90879e-01
 2.79240e-01
 2.67727e-01
 2.56305e-01
 2.44948e-01
 2.33623e-01
 2.22300e-01
 2.10943e-01
 1.99516e-01
 1.87977e-01
 1.76279e-01
 1.64364e-01
 1.52156e-01
 1.39540e-01
 1.26369e-01
 1.12474e-01
 9.77183e-02
 8.20007e-02
 6.54175e-02
 4.84273e-02
 3.20495e-02
 1.77363e-02
 7.18762e-03
 1.62845e-03
 1.08117e-04
 8.15616e-07
 4.55029e-10
 0.00000e+00
 0.00000e+00
 0.00000e+00
 0.00000e+00
 0.00000e+00
 0.00000e+00
 0.00000e+00
 5.42501e-01
 5.64920e-01
 5.64600e-01
 5.74327e-01
 5.78453e-01
 5.67310e-01
 5.60907e-01
 5.47189e-01
 5.33667e-01
 5.18148e-01
 5.02509e-01
 4.86517e-01
 4.70648e-01
 4.54995e-01
 4.39675e-01
 4.24714e-01
 4.10160e-01
 3.95991e-01
 3.82216e-01
 3.68798e-01
 3.55729e-01
 3.42971e-01
 3.30503e-01
 3.18294e-01
 3.06317e-01
 2.94545e-01
 2.82947e-01
 2.71499e-01
 2.60168e-01
 2.48932e-01
 2.37755e-01
 2.26614e-01
 2.15473e-01
 2.04300e-01
 1.93058e-01
 1.81703e-01
 1.70187e-01
 1.58452e-01
 1.46415e-01
 1.33956e-01
 1.20923e-01
 1.07151e-01
 9.25128e-02
 7.69282e-02
 6.05476e-02
 4.39379e-02
 2.81898e-02
 1.48151e-02
 5.46777e-03
 1.03547e-03
 4.70844e-05
 2.15931e-07
 0.00000e+00
 0.00000e+00
 0.00000e+00
 0.00000e+00
 0.00000e+00
 0.00000e+00
 0.00000e+00
 0.00000e+00
 5.33991e-01
 5.54807e-01
 5.48061e-01
 5.51091e-01
 5.56371e-01
 5.47056e-01
 5.40237e-01
 5.28080e-01
 5.15412e-01
 5.01081e-01
 4.86517e-01
 4.71600e-01
 4.56696e-01
 4.41907e-01
 4.27334e-01
 4.13044e-01
 3.99052e-01
 3.85388e-01
 3.72038e-01
 3.59006e-01
 3.46269e-01
 3.33815e-01
 3.21620e-01
 3.09661e-01
 2.97918e-01
 2.86362e-01
 2.74975e-01
 2.63724e-01
 2.52590e-01
 2.41540e-01
 2.30553e-01
 2.19594e-01
 2.08637e-01
 1.97645e-01
 1.86582e-01
 1.75404e-01
 1.64063e-01
 1.52495e-01
 1.40613e-01
 1.28289e-01
 1.15368e-01
 1.01692e-01
 8.71407e-02
 7.16712e-02
 5.54968e-02
 3.93082e-02
 2.42742e-02
 1.19557e-02
 3.91935e-03
 5.88146e-04
 1.68536e-05
 4.40950e-08
 0.00000e+00
 0.00000e+00
 0.00000e+00
 0.00000e+00
 0.00000e+00
 0.00000e+00
 0.00000e+00
 0.00000e+00
 5.23670e-01
 5.43067e-01
 5.36401e-01
 5.35114e-01
 5.38069e-01
 5.26881e-01
 5.21006e-01
 5.09377e-01
 4.97589e-01
 4.84274e-01
 4.70648e-01
 4.56696e-01
 4.42659e-01
 4.28680e-01
 4.14831e-01
 4.01179e-01
 3.87763e-01
 3.74598e-01
 3.61698e-01
 3.49060e-01
 3.36679e-01
 3.24544e-01
 3.12638e-01
 3.00947e-01
 2.89448e-01
 2.78127e-01
 2.66953e-01
 2.55914e-01
 2.44977e-01
 2.34125e-01
 2.23324e-01
 2.12553e-01
 2.01777e-01
 1.90964e-01
 1.80076e-01
 1.69069e-01
 1.57892e-01
 1.46479e-01
 1.34734e-01
 1.22523e-01
 1.09689e-01
 9.60808e-02
 8.15893e-02
 6.62227e-02
 5.02771e-02
 3.45716e-02
 2.03618e-02
 9.23775e-03
 2.60460e-03
 2.86297e-04
 4.73041e-06
 6.66704e-09
 0.00000e+00
 0.00000e+00
 0.00000e+00
 0.00000e+00
 0.00000e+00
 0.00000e+00
 0.00000e+00
 0.00000e+00
 5.16947e-01
 5.32143e-01
 5.22381e-01
 5.17089e-01
 5.17892e-01
 5.08439e-01
 5.01879e-01
 4.91281e-01
 4.80107e-01
 4.67774e-01
 4.54995e-01
 4.41907e-01
 4.28680e-01
 4.15440e-01
 4.02273e-01
 3.89235e-01
 3.76370e-01
 3.63702e-01
 3.51246e-01
 3.39009e-01
 3.26990e-01
 3.15181e-01
 3.03578e-01
 2.92160e-01
 2.80921e-01
 2.69834e-01
 2.58891e-01
 2.48062e-01
 2.37334e-01
 2.26676e-01
 2.16069e-01
 2.05482e-01
 1.94887e-01
 1.84250e-01
 1.73531e-01
 1.62688e-01
 1.51666e-01
 1.40394e-01
 1.28768e-01
 1.16645e-01
 1.03870e-01
 9.03028e-02
 7.58482e-02
 6.05805e-02
 4.49094e-02
 2.97750e-02
 1.65270e-02
 6.75093e-03
 1.56760e-03
 1.12535e-04
 9.98935e-07
 7.16271e-10
 0.00000e+00
 0.00000e+00
 0.00000e+00
 0.00000e+00
 0.00000e+00
 0.00000e+00
 0.00000e+00
 0.00000e+00
 5.08188e-01
 5.18673e-01
 5.08708e-01
 5.00966e-01
 5.00512e-01
 4.90711e-01
 4.84036e-01
 4.73872e-01
 4.63298e-01
 4.51687e-01
 4.39675e-01
 4.27334e-01
 4.14831e-01
 4.02273e-01
 3.89733e-01
 3.77276e-01
 3.64938e-01
 3.52753e-01
 3.40733e-01
 3.28894e-01
 3.17234e-01
 3.05759e-01
 2.94455e-01
 2.83322e-01
 2.72339e-01
 2.61502e-01
 2.50784e-01
 2.40178e-01
 2.29653e-01
 2.19198e-01
 2.08781e-01
 1.98380e-01
 1.87962e-01
 1.77497e-01
 1.66942e-01
 1.56254e-01
 1.45376e-01
 1.34230e-01
 1.22700e-01
 1.10640e-01
 9.78954e-02
 8.43411e-02
 6.99089e-02
 5.47513e-02
 3.94250e-02
 2.49822e-02
 1.28611e-02
 4.58842e-03
 8.23817e-04
 3.46437e-05
 1.53005e-07
 0.00000e+00
 0.00000e+00
 0.00000e+00
 0.00000e+00
 0.00000e+00
 0.00000e+00
 0.00000e+00
 0.00000e+00
 0.00000e+00
 5.00645e-01
 5.05368e-01
 4.94934e-01
 4.85584e-01
 4.83003e-01
 4.74146e-01
 4.66853e-01
 4.57234e-01
 4.47038e-01
 4.36109e-01
 4.24714e-01
 4.13044e-01
 4.01179e-01
 3.89235e-01
 3.77276e-01
 3.65356e-01
 3.53519e-01
 3.41790e-01
 3.30195e-01
 3.18741e-01
 3.07442e-01
 2.96291e-01
 2.85296e-01
 2.74439e-01
 2.63725e-01
 2.53128e-01
 2.42648e-01
 2.32256e-01
 2.21945e-01
 2.11686e-01
 2.01461e-01
 1.91242e-01
 1.81000e-01
 1.70700e-01
 1.60302e-01
 1.49761e-01
 1.39015e-01
 1.27975e-01
 1.16517e-01
 1.04491e-01
 9.17491e-02
 7.81790e-02
 6.37651e-02
 4.87553e-02
 3.38710e-02
 2.02774e-02
 9.47411e-03
 2.83432e-03
 3.59048e-04
 7.83934e-06
 1.60616e-08
 0.00000e+00
 0.00000e+00
 0.00000e+00
 0.00000e+00
 0.00000e+00
 0.00000e+00
 0.00000e+00
 0.00000e+00
 0.00000e+00
 4.92064e-01
 4.90715e-01
 4.81210e-01
 4.70708e-01
 4.67060e-01
 4.58108e-01
 4.50600e-01
 4.41222e-01
 4.31429e-01
 4.20987e-01
 4.10160e-01
 3.99052e-01
 3.87763e-01
 3.76370e-01
 3.64938e-01
 3.53519e-01
 3.42146e-01
 3.30857e-01
 3.19662e-01
 3.08588e-01
 2.97632e-01
 2.86810e-01
 2.76108e-01
 2.65538e-01
 2.55079e-01
 2.44734e-01
 2.34480e-01
 2.24312e-01
 2.14205e-01
 2.04147e-01
 1.94109e-01
 1.84070e-01
 1.73998e-01
 1.63858e-01
 1.53609e-01
 1.43203e-01
 1.32572e-01
 1.21617e-01
 1.10204e-01
 9.81814e-02
 8.54124e-02
 7.18039e-02
 5.74160e-02
 4.26267e-02
 2.83167e-02
 1.57678e-02
 6.48998e-03
 1.54041e-03
 1.18560e-04
 1.21632e-06
 1.09143e-09
 0.00000e+00
 0.00000e+00
 0.00000e+00
 0.00000e+00
 0.00000e+00
 0.00000e+00
 0.00000e+00
 0.00000e+00
 0.00000e+00
 4.83573e-01
 4.76519e-01
 4.67594e-01
 4.56459e-01
 4.51508e-01
 4.42767e-01
 4.34962e-01
 4.25890e-01
 4.16347e-01
 4.06364e-01
 3.95991e-01
 3.85388e-01
 3.74598e-01
 3.63702e-01
 3.52753e-01
 3.41790e-01
 3.30857e-01
 3.19972e-01
 3.09168e-01
 2.98448e-01
 2.87835e-01
 2.77320e-01
 2.66920e-01
 2.56618e-01
 2.46424e-01
 2.36317e-01
 2.26297e-01
 2.16343e-01
 2.06445e-01
 1.96579e-01
 1.86727e-01
 1.76862e-01
 1.66954e-01
 1.56965e-01
 1.46856e-01
 1.36573e-01
 1.26039e-01
 1.15142e-01
 1.03742e-01
 9.16895e-02
 7.88640e-02
 6.52073e-02
 5.08753e-02
 3.64178e-02
 2.28590e-02
 1.15857e-02
 4.03135e-03
 6.97617e-04
 2.80857e-05
 1.23896e-07
 0.00000e+00
 0.00000e+00
 0.00000e+00
 0.00000e+00
 0.00000e+00
 0.00000e+00
 0.00000e+00
 0.00000e+00
 0.00000e+00
 0.00000e+00
 4.74530e-01
 4.62234e-01
 4.53989e-01
 4.42466e-01
 4.36751e-01
 4.27951e-01
 4.20003e-01
 4.11079e-01
 4.01818e-01
 3.92169e-01
 3.82216e-01
 3.72038e-01
 3.61698e-01
 3.51246e-01
 3.40733e-01
 3.30195e-01
 3.19662e-01
 3.09168e-01
 2.98722e-01
 2.88353e-01
 2.78055e-01
 2.67852e-01
 2.57731e-01
 2.47705e-01
 2.37758e-01
 2.27896e-01
 2.18097e-01
 2.08359e-01
 1.98660e-01
 1.88987e-01
 1.79314e-01
 1.69617e-01
 1.59865e-01
 1.50020e-01
 1.40039e-01
 1.29862e-01
 1.19400e-01
 1.08530e-01
 9.71087e-02
 8.49937e-02
 7.20835e-02
 5.83861e-02
 4.41803e-02
 3.02069e-02
 1.76266e-02
 7.88657e-03
 2.19219e-03
 2.41977e-04
 4.36713e-06
 7.70111e-09
 0.00000e+00
 0.00000e+00
 0.00000e+00
 0.00000e+00
 0.00000e+00
 0.00000e+00
 0.00000e+00
 0.00000e+00
 0.00000e+00
 0.00000e+00
 4.65226e-01
 4.48417e-01
 4.40551e-01
 4.28853e-01
 4.22393e-01
 4.13653e-01
 4.05545e-01
 3.96806e-01
 3.87739e-01
 3.78409e-01
 3.68798e-01
 3.59006e-01
 3.49060e-01
 3.39009e-01
 3.28894e-01
 3.18741e-01
 3.08588e-01
 2.98448e-01
 2.88353e-01
 2.78302e-01
 2.68322e-01
 2.58403e-01
 2.48566e-01
 2.38795e-01
 2.29101e-01
 2.19466e-01
 2.09893e-01
 2.00360e-01
 1.90859e-01
 1.81370e-01
 1.71871e-01
 1.62334e-01
 1.52728e-01
 1.43015e-01
 1.33148e-01
 1.23055e-01
 1.12636e-01
 1.01759e-01
 9.02787e-02
 7.80685e-02
 6.50578e-02
 5.13506e-02
 3.73946e-02
 2.41083e-02
 1.27821e-02
 4.83353e-03
 9.87997e-04
 5.69757e-05
 4.13480e-07
 2.71772e-10
 0.00000e+00
 0.00000e+00
 0.00000e+00
 0.00000e+00
 0.00000e+00
 0.00000e+00
 0.00000e+00
 0.00000e+00
 0.00000e+00
 0.00000e+00
 4.55537e-01
 4.34861e-01
 4.27244e-01
 4.15474e-01
 4.08519e-01
 3.99761e-01
 3.91586e-01
 3.82956e-01
 3.74102e-01
 3.65021e-01
 3.55729e-01
 3.46269e-01
 3.36679e-01
 3.26990e-01
 3.17234e-01
 3.07442e-01
 2.97632e-01
 2.87835e-01
 2.78055e-01
 2.68322e-01
 2.58629e-01
 2.48999e-01
 2.39420e-01
 2.29909e-01
 2.20448e-01
 2.11044e-01
 2.01681e-01
 1.92352e-01
 1.83040e-01
 1.73729e-01
 1.64394e-01
 1.55008e-01
 1.45539e-01
 1.35945e-01
 1.26172e-01
 1.16137e-01
 1.05726e-01
 9.48018e-02
 8.32234e-02
 7.08877e-02
 5.77832e-02
 4.41411e-02
 3.06139e-02
 1.82802e-02
 8.51932e-03
 2.55937e-03
 3.36653e-04
 8.39052e-06
 2.22653e-08
 0.00000e+00
 0.00000e+00
 0.00000e+00
 0.00000e+00
 0.00000e+00
 0.00000e+00
 0.00000e+00
 0.00000e+00
 0.00000e+00
 0.00000e+00
 0.00000e+00
 4.45515e-01
 4.21669e-01
 4.14083e-01
 4.02358e-01
 3.94970e-01
 3.86254e-01
 3.78018e-01
 3.69520e-01
 3.60832e-01
 3.51991e-01
 3.42971e-01
 3.33815e-01
 3.24544e-01
 3.15181e-01
 3.05759e-01
 2.96291e-01
 2.86810e-01
 2.77320e-01
 2.67852e-01
 2.58403e-01
 2.48999e-01
 2.39629e-01
 2.30313e-01
 2.21038e-01
 2.11813e-01
 2.02624e-01
 1.93469e-01
 1.84333e-01
 1.75204e-01
 1.66061e-01
 1.56881e-01
 1.47635e-01
 1.38288e-01
 1.28796e-01
 1.19094e-01
 1.09083e-01
 9.86398e-02
 8.76243e-02
 7.59119e-02
 6.34328e-02
 5.02732e-02
 3.68375e-02
 2.39805e-02
 1.29261e-02
 5.04428e-03
 1.10117e-03
 7.43355e-05
 6.90353e-07
 6.25013e-10
 0.00000e+00
 0.00000e+00
 0.00000e+00
 0.00000e+00
 0.00000e+00
 0.00000e+00
 0.00000e+00
 0.00000e+00
 0.00000e+00
 0.00000e+00
 0.00000e+00
 4.35153e-01
 4.08724e-01
 4.01081e-01
 3.89439e-01
 3.81749e-01
 3.73055e-01
 3.64816e-01
 3.56420e-01
 3.47906e-01
 3.39271e-01
 3.30503e-01
 3.21620e-01
 3.12638e-01
 3.03578e-01
 2.94455e-01
 2.85296e-01
 2.76108e-01
 2.66920e-01
 2.57731e-01
 2.48566e-01
 2.39420e-01
 2.30313e-01
 2.21235e-01
 2.12198e-01
 2.03190e-01
 1.94213e-01
 1.85253e-01
 1.76304e-01
 1.67346e-01
 1.58362e-01
 1.49325e-01
 1.40205e-01
 1.30966e-01
 1.21554e-01
 1.11890e-01
 1.01862e-01
 9.13409e-02
 8.01906e-02
 6.83132e-02
 5.57018e-02
 4.25790e-02
 2.95650e-02
 1.76937e-02
 8.28798e-03
 2.52291e-03
 3.45243e-04
 9.48989e-06
 2.94422e-08
 0.00000e+00
 0.00000e+00
 0.00000e+00
 0.00000e+00
 0.00000e+00
 0.00000e+00
 0.00000e+00
 0.00000e+00
 0.00000e+00
 0.00000e+00
 0.00000e+00
 0.00000e+00
 4.24455e-01
 3.95975e-01
 3.88227e-01
 3.76704e-01
 3.68776e-01
 3.60138e-01
 3.51911e-01
 3.43631e-01
 3.35271e-01
 3.26834e-01
 3.18294e-01
 3.09661e-01
 3.00947e-01
 2.92160e-01
 2.83322e-01
 2.74439e-01
 2.65538e-01
 2.56618e-01
 2.47705e-01
 2.38795e-01
 2.29909e-01
 2.21038e-01
 2.12198e-01
 2.03378e-01
 1.94584e-01
 1.85805e-01
 1.77034e-01
 1.68259e-01
 1.59463e-01
 1.50624e-01
 1.41717e-01
 1.32709e-01
 1.23557e-01
 1.14195e-01
 1.04528e-01
 9.44370e-02
 8.37873e-02
 7.24631e-02
 6.04076e-02
 4.77185e-02
 3.48072e-02
 2.25090e-02
 1.20118e-02
 4.61717e-03
 9.87896e-04
 6.54299e-05
 6.12773e-07
 5.89101e-10
 0.00000e+00
 0.00000e+00
 0.00000e+00
 0.00000e+00
 0.00000e+00
 0.00000e+00
 0.00000e+00
 0.00000e+00
 0.00000e+00
 0.00000e+00
 0.00000e+00
 0.00000e+00
 4.13430e-01
 3.83368e-01
 3.75506e-01
 3.64114e-01
 3.56026e-01
 3.47447e-01
 3.39270e-01
 3.31099e-01
 3.22897e-01
 3.14644e-01
 3.06317e-01
 2.97918e-01
 2.89448e-01
 2.80921e-01
 2.72339e-01
 2.63725e-01
 2.55079e-01
 2.46424e-01
 2.37758e-01
 2.29101e-01
 2.20448e-01
 2.11813e-01
 2.03190e-01
 1.94584e-01
 1.85988e-01
 1.77399e-01
 1.68804e-01
 1.60193e-01
 1.51545e-01
 1.42838e-01
 1.34045e-01
 1.25130e-01
 1.16037e-01
 1.06685e-01
 9.69685e-02
 8.67598e-02
 7.59344e-02
 6.44086e-02
 5.22000e-02
 3.95608e-02
 2.71292e-02
 1.59294e-02
 7.23578e-03
 2.09545e-03
 2.63542e-04
 6.43960e-06
 1.82651e-08
 0.00000e+00
 0.00000e+00
 0.00000e+00
 0.00000e+00
 0.00000e+00
 0.00000e+00
 0.00000e+00
 0.00000e+00
 0.00000e+00
 0.00000e+00
 0.00000e+00
 0.00000e+00
 0.00000e+00
 4.02075e-01
 3.70845e-01
 3.62884e-01
 3.51643e-01
 3.43450e-01
 3.34954e-01
 3.26843e-01
 3.18792e-01
 3.10743e-01
 3.02669e-01
 2.94545e-01
 2.86362e-01
 2.78127e-01
 2.69834e-01
 2.61502e-01
 2.53128e-01
 2.44734e-01
 2.36317e-01
 2.27896e-01
 2.19466e-01
 2.11044e-01
 2.02624e-01
 1.94213e-01
 1.85805e-01
 1.77399e-01
 1.68986e-01
 1.60556e-01
 1.52094e-01
 1.43580e-01
 1.34989e-01
 1.26292e-01
 1.17442e-01
 1.08370e-01
 9.89814e-02
 8.91591e-02
 7.87784e-02
 6.77395e-02
 5.60133e-02
 4.37399e-02
 3.13823e-02
 1.97969e-02
 1.01554e-02
 3.65466e-03
 6.99815e-04
 3.79207e-05
 2.83447e-07
 2.24062e-10
 0.00000e+00
 0.00000e+00
 0.00000e+00
 0.00000e+00
 0.00000e+00
 0.00000e+00
 0.00000e+00
 0.00000e+00
 0.00000e+00
 0.00000e+00
 0.00000e+00
 0.00000e+00
 0.00000e+00
 3.90397e-01
 3.58367e-01
 3.50334e-01
 3.39259e-01
 3.31017e-01
 3.22617e-01
 3.14596e-01
 3.06671e-01
 2.98777e-01
 2.90879e-01
 2.82947e-01
 2.74975e-01
 2.66953e-01
 2.58891e-01
 2.50784e-01
 2.42648e-01
 2.34480e-01
 2.26297e-01
 2.18097e-01
 2.09893e-01
 2.01681e-01
 1.93469e-01
 1.85253e-01
 1.77034e-01
 1.68804e-01
 1.60556e-01
 1.52276e-01
 1.43949e-01
 1.35552e-01
 1.27060e-01
 1.18433e-01
 1.09611e-01
 1.00512e-01
 9.10282e-02
 8.10406e-02
 7.04409e-02
 5.91738e-02
 4.73048e-02
 3.51564e-02
 2.34257e-02
 1.31534e-02
 5.54925e-03
 1.42022e-03
 1.40924e-04
 2.46043e-06
 5.00949e-09
 0.00000e+00
 0.00000e+00
 0.00000e+00
 0.00000e+00
 0.00000e+00
 0.00000e+00
 0.00000e+00
 0.00000e+00
 0.00000e+00
 0.00000e+00
 0.00000e+00
 0.00000e+00
 0.00000e+00
 0.00000e+00
 3.78394e-01
 3.45891e-01
 3.37822e-01
 3.26933e-01
 3.18690e-01
 3.10403e-01
 3.02492e-01
 2.94702e-01
 2.86966e-01
 2.79240e-01
 2.71499e-01
 2.63724e-01
 2.55914e-01
 2.48062e-01
 2.40178e-01
 2.32256e-01
 2.24312e-01
 2.16343e-01
 2.08359e-01
 2.00360e-01
 1.92352e-01
 1.84333e-01
 1.76304e-01
 1.68259e-01
 1.60193e-01
 1.52094e-01
 1.43949e-01
 1.35739e-01
 1.27442e-01
 1.19022e-01
 1.10428e-01
 1.01587e-01
 9.24010e-02
 8.27595e-02
 7.25518e-02
 6.17077e-02
 5.02456e-02
 3.83854e-02
 2.66814e-02
 1.60397e-02
 7.61126e-03
 2.40165e-03
 3.65830e-04
 1.30991e-05
 6.15620e-08
 0.00000e+00
 0.00000e+00
 0.00000e+00
 0.00000e+00
 0.00000e+00
 0.00000e+00
 0.00000e+00
 0.00000e+00
 0.00000e+00
 0.00000e+00
 0.00000e+00
 0.00000e+00
 0.00000e+00
 0.00000e+00
 0.00000e+00
 3.66070e-01
 3.33385e-01
 3.25317e-01
 3.14637e-01
 3.06436e-01
 2.98282e-01
 2.90498e-01
 2.82854e-01
 2.75277e-01
 2.67727e-01
 2.60168e-01
 2.52590e-01
 2.44977e-01
 2.37334e-01
 2.29653e-01
 2.21945e-01
 2.14205e-01
 2.06445e-01
 1.98660e-01
 1.90859e-01
 1.83040e-01
 1.75204e-01
 1.67346e-01
 1.59463e-01
 1.51545e-01
 1.43580e-01
 1.35552e-01
 1.27442e-01
 1.19217e-01
 1.10833e-01
 1.02224e-01
 9.33026e-02
 8.39654e-02
 7.41051e-02
 6.36432e-02
 5.25708e-02
 4.10354e-02
 2.94741e-02
 1.86664e-02
 9.67204e-03
 3.56799e-03
 7.27513e-04
 4.64778e-05
 4.56938e-07
 5.23700e-10
 0.00000e+00
 0.00000e+00
 0.00000e+00
 0.00000e+00
 0.00000e+00
 0.00000e+00
 0.00000e+00
 0.00000e+00
 0.00000e+00
 0.00000e+00
 0.00000e+00
 0.00000e+00
 0.00000e+00
 0.00000e+00
 0.00000e+00
 3.53423e-01
 3.20813e-01
 3.12792e-01
 3.02342e-01
 2.94224e-01
 2.86218e-01
 2.78581e-01
 2.71090e-01
 2.63683e-01
 2.56305e-01
 2.48932e-01
 2.41540e-01
 2.34125e-01
 2.26676e-01
 2.19198e-01
 2.11686e-01
 2.04147e-01
 1.96579e-01
 1.88987e-01
 1.81370e-01
 1.73729e-01
 1.66061e-01
 1.58362e-01
 1.50624e-01
 1.42838e-01
 1.34989e-01
 1.27060e-01
 1.19022e-01
 1.10833e-01
 1.02436e-01
 9.37494e-02
 8.46802e-02
 7.51261e-02
 6.50059e-02
 5.42953e-02
 4.30940e-02
 3.17478e-02
 2.09253e-02
 1.15863e-02
 4.80314e-03
 1.20908e-03
 1.20078e-04
 2.21760e-06
 5.15698e-09
 0.00000e+00
 0.00000e+00
 0.00000e+00
 0.00000e+00
 0.00000e+00
 0.00000e+00
 0.00000e+00
 0.00000e+00
 0.00000e+00
 0.00000e+00
 0.00000e+00
 0.00000e+00
 0.00000e+00
 0.00000e+00
 0.00000e+00
 0.00000e+00
 3.40454e-01
 3.08150e-01
 3.00215e-01
 2.90022e-01
 2.82023e-01
 2.74186e-01
 2.66707e-01
 2.59384e-01
 2.52147e-01
 2.44948e-01
 2.37755e-01
 2.30553e-01
 2.23324e-01
 2.16069e-01
 2.08781e-01
 2.01461e-01
 1.94109e-01
 1.86727e-01
 1.79314e-01
 1.71871e-01
 1.64394e-01
 1.56881e-01
 1.49325e-01
 1.41717e-01
 1.34045e-01
 1.26292e-01
 1.18433e-01
 1.10428e-01
 1.02224e-01
 9.37494e-02
 8.49170e-02
 7.56322e-02
 6.58154e-02
 5.54347e-02
 4.45598e-02
 3.34703e-02
 2.27420e-02
 1.32387e-02
 5.98805e-03
 1.76007e-03
 2.41366e-04
 7.52444e-06
 3.23881e-08
 0.00000e+00
 0.00000e+00
 0.00000e+00
 0.00000e+00
 0.00000e+00
 0.00000e+00
 0.00000e+00
 0.00000e+00
 0.00000e+00
 0.00000e+00
 0.00000e+00
 0.00000e+00
 0.00000e+00
 0.00000e+00
 0.00000e+00
 0.00000e+00
 0.00000e+00
 3.27161e-01
 2.95366e-01
 2.87560e-01
 2.77648e-01
 2.69803e-01
 2.62150e-01
 2.54849e-01
 2.47700e-01
 2.40643e-01
 2.33623e-01
 2.26614e-01
 2.19594e-01
 2.12553e-01
 2.05482e-01
 1.98380e-01
 1.91242e-01
 1.84070e-01
 1.76862e-01
 1.69617e-01
 1.62334e-01
 1.55008e-01
 1.47635e-01
 1.40205e-01
 1.32709e-01
 1.25130e-01
 1.17442e-01
 1.09611e-01
 1.01587e-01
 9.33026e-02
 8.46802e-02
 7.56322e-02
 6.60839e-02
 5.60012e-02
 4.54366e-02
 3.46246e-02
 2.40681e-02
 1.45441e-02
 7.01815e-03
 2.31586e-03
 3.97372e-04
 1.89037e-05
 1.38121e-07
 1.24184e-10
 0.00000e+00
 0.00000e+00
 0.00000e+00
 0.00000e+00
 0.00000e+00
 0.00000e+00
 0.00000e+00
 0.00000e+00
 0.00000e+00
 0.00000e+00
 0.00000e+00
 0.00000e+00
 0.00000e+00
 0.00000e+00
 0.00000e+00
 0.00000e+00
 0.00000e+00
 3.13539e-01
 2.82438e-01
 2.74800e-01
 2.65194e-01
 2.57533e-01
 2.50084e-01
 2.42972e-01
 2.36009e-01
 2.29135e-01
 2.22300e-01
 2.15473e-01
 2.08637e-01
 2.01777e-01
 1.94887e-01
 1.87962e-01
 1.81000e-01
 1.73998e-01
 1.66954e-01
 1.59865e-01
 1.52728e-01
 1.45539e-01
 1.38288e-01
 1.30966e-01
 1.23557e-01
 1.16037e-01
 1.08370e-01
 1.00512e-01
 9.24010e-02
 8.39654e-02
 7.51261e-02
 6.58154e-02
 5.60012e-02
 4.57283e-02
 3.52032e-02
 2.48740e-02
 1.54442e-02
 7.81141e-03
 2.80599e-03
 5.64476e-04
 3.70764e-05
 4.20580e-07
 6.25868e-10
 0.00000e+00
 0.00000e+00
 0.00000e+00
 0.00000e+00
 0.00000e+00
 0.00000e+00
 0.00000e+00
 0.00000e+00
 0.00000e+00
 0.00000e+00
 0.00000e+00
 0.00000e+00
 0.00000e+00
 0.00000e+00
 0.00000e+00
 0.00000e+00
 0.00000e+00
 0.00000e+00
 2.99580e-01
 2.69337e-01
 2.61906e-01
 2.52630e-01
 2.45183e-01
 2.37952e-01
 2.31044e-01
 2.24275e-01
 2.17592e-01
 2.10943e-01
 2.04300e-01
 1.97645e-01
 1.90964e-01
 1.84250e-01
 1.77497e-01
 1.70700e-01
 1.63858e-01
 1.56965e-01
 1.50020e-01
 1.43015e-01
 1.35945e-01
 1.28796e-01
 1.21554e-01
 1.14195e-01
 1.06685e-01
 9.89814e-02
 9.10282e-02
 8.27595e-02
 7.41051e-02
 6.50059e-02
 5.54347e-02
 4.54366e-02
 3.52032e-02
 2.51442e-02
 1.59027e-02
 8.31003e-03
 3.16928e-03
 7.13134e-04
 5.93163e-05
 9.54418e-07
 2.14651e-09
 0.00000e+00
 0.00000e+00
 0.00000e+00
 0.00000e+00
 0.00000e+00
 0.00000e+00
 0.00000e+00
 0.00000e+00
 0.00000e+00
 0.00000e+00
 0.00000e+00
 0.00000e+00
 0.00000e+00
 0.00000e+00
 0.00000e+00
 0.00000e+00
 0.00000e+00
 0.00000e+00
 0.00000e+00
 2.85273e-01
 2.56038e-01
 2.48848e-01
 2.39927e-01
 2.32718e-01
 2.25722e-01
 2.19028e-01
 2.12464e-01
 2.05976e-01
 1.99516e-01
 1.93058e-01
 1.86582e-01
 1.80076e-01
 1.73531e-01
 1.66942e-01
 1.60302e-01
 1.53609e-01
 1.46856e-01
 1.40039e-01
 1.33148e-01
 1.26172e-01
 1.19094e-01
 1.11890e-01
 1.04528e-01
 9.69685e-02
 8.91591e-02
 8.10406e-02
 7.25518e-02
 6.36432e-02
 5.42953e-02
 4.45598e-02
 3.46246e-02
 2.48740e-02
 1.59027e-02
 8.47999e-03
 3.36214e-03
 8.15423e-04
 7.98537e-05
 1.67128e-06
 5.23767e-09
 0.00000e+00
 0.00000e+00
 0.00000e+00
 0.00000e+00
 0.00000e+00
 0.00000e+00
 0.00000e+00
 0.00000e+00
 0.00000e+00
 0.00000e+00
 0.00000e+00
 0.00000e+00
 0.00000e+00
 0.00000e+00
 0.00000e+00
 0.00000e+00
 0.00000e+00
 0.00000e+00
 0.00000e+00
 0.00000e+00
 2.70602e-01
 2.42508e-01
 2.35593e-01
 2.27049e-01
 2.20102e-01
 2.13355e-01
 2.06887e-01
 2.00534e-01
 1.94246e-01
 1.87977e-01
 1.81703e-01
 1.75404e-01
 1.69069e-01
 1.62688e-01
 1.56254e-01
 1.49761e-01
 1.43203e-01
 1.36573e-01
 1.29862e-01
 1.23055e-01
 1.16137e-01
 1.09083e-01
 1.01862e-01
 9.44370e-02
 8.67598e-02
 7.87784e-02
 7.04409e-02
 6.17077e-02
 5.25708e-02
 4.30940e-02
 3.34703e-02
 2.40681e-02
 1.54442e-02
 8.31003e-03
 3.36214e-03
 8.51819e-04
 9.22221e-05
 2.31568e-06
 9.35639e-09
 0.00000e+00
 0.00000e+00
 0.00000e+00
 0.00000e+00
 0.00000e+00
 0.00000e+00
 0.00000e+00
 0.00000e+00
 0.00000e+00
 0.00000e+00
 0.00000e+00
 0.00000e+00
 0.00000e+00
 0.00000e+00
 0.00000e+00
 0.00000e+00
 0.00000e+00
 0.00000e+00
 0.00000e+00
 0.00000e+00
 0.00000e+00
 2.55540e-01
 2.28712e-01
 2.22102e-01
 2.13956e-01
 2.07291e-01
 2.00807e-01
 1.94574e-01
 1.88439e-01
 1.82354e-01
 1.76279e-01
 1.70187e-01
 1.64063e-01
 1.57892e-01
 1.51666e-01
 1.45376e-01
 1.39015e-01
 1.32572e-01
 1.26039e-01
 1.19400e-01
 1.12636e-01
 1.05726e-01
 9.86398e-02
 9.13409e-02
 8.37873e-02
 7.59344e-02
 6.77395e-02
 5.91738e-02
 5.02456e-02
 4.10354e-02
 3.17478e-02
 2.27420e-02
 1.45441e-02
 7.81141e-03
 3.16928e-03
 8.15423e-04
 9.22221e-05
 2.57704e-06
 1.24511e-08
 0.00000e+00
 0.00000e+00
 0.00000e+00
 0.00000e+00
 0.00000e+00
 0.00000e+00
 0.00000e+00
 0.00000e+00
 0.00000e+00
 0.00000e+00
 0.00000e+00
 0.00000e+00
 0.00000e+00
 0.00000e+00
 0.00000e+00
 0.00000e+00
 0.00000e+00
 0.00000e+00
 0.00000e+00
 0.00000e+00
 0.00000e+00
 0.00000e+00
 2.40054e-01
 2.14605e-01
 2.08330e-01
 2.00600e-01
 1.94236e-01
 1.88026e-01
 1.82037e-01
 1.76125e-01
 1.70247e-01
 1.64364e-01
 1.58452e-01
 1.52495e-01
 1.46479e-01
 1.40394e-01
 1.34230e-01
 1.27975e-01
 1.21617e-01
 1.15142e-01
 1.08530e-01
 1.01759e-01
 9.48018e-02
 8.76243e-02
 8.01906e-02
 7.24631e-02
 6.44086e-02
 5.60133e-02
 4.73048e-02
 3.83854e-02
 2.94741e-02
 2.09253e-02
 1.32387e-02
 7.01815e-03
 2.80599e-03
 7.13134e-04
 7.98537e-05
 2.31568e-06
 1.24511e-08
 0.00000e+00
 0.00000e+00
 0.00000e+00
 0.00000e+00
 0.00000e+00
 0.00000e+00
 0.00000e+00
 0.00000e+00
 0.00000e+00
 0.00000e+00
 0.00000e+00
 0.00000e+00
 0.00000e+00
 0.00000e+00
 0.00000e+00
 0.00000e+00
 0.00000e+00
 0.00000e+00
 0.00000e+00
 0.00000e+00
 0.00000e+00
 0.00000e+00
 0.00000e+00
 2.24095e-01
 2.00134e-01
 1.94219e-01
 1.86924e-01
 1.80875e-01
 1.74949e-01
 1.69210e-01
 1.63524e-01
 1.57851e-01
 1.52156e-01
 1.46415e-01
 1.40613e-01
 1.34734e-01
 1.28768e-01
 1.22700e-01
 1.16517e-01
 1.10204e-01
 1.03742e-01
 9.71087e-02
 9.02787e-02
 8.32234e-02
 7.59119e-02
 6.83132e-02
 6.04076e-02
 5.22000e-02
 4.37399e-02
 3.51564e-02
 2.66814e-02
 1.86664e-02
 1.15863e-02
 5.98805e-03
 2.31586e-03
 5.64476e-04
 5.93163e-05
 1.67128e-06
 9.35639e-09
 0.00000e+00
 0.00000e+00
 0.00000e+00
 0.00000e+00
 0.00000e+00
 0.00000e+00
 0.00000e+00
 0.00000e+00
 0.00000e+00
 0.00000e+00
 0.00000e+00
 0.00000e+00
 0.00000e+00
 0.00000e+00
 0.00000e+00
 0.00000e+00
 0.00000e+00
 0.00000e+00
 0.00000e+00
 0.00000e+00
 0.00000e+00
 0.00000e+00
 0.00000e+00
 0.00000e+00
 2.07585e-01
 1.85214e-01
 1.79683e-01
 1.72839e-01
 1.67117e-01
 1.61481e-01
 1.55994e-01
 1.50531e-01
 1.45058e-01
 1.39540e-01
 1.33956e-01
 1.28289e-01
 1.22523e-01
 1.16645e-01
 1.10640e-01
 1.04491e-01
 9.81814e-02
 9.16895e-02
 8.49937e-02
 7.80685e-02
 7.08877e-02
 6.34328e-02
 5.57018e-02
 4.77185e-02
 3.95608e-02
 3.13823e-02
 2.34257e-02
 1.60397e-02
 9.67204e-03
 4.80314e-03
 1.76007e-03
 3.97372e-04
 3.70764e-05
 9.54418e-07
 5.23767e-09
 0.00000e+00
 0.00000e+00
 0.00000e+00
 0.00000e+00
 0.00000e+00
 0.00000e+00
 0.00000e+00
 0.00000e+00
 0.00000e+00
 0.00000e+00
 0.00000e+00
 0.00000e+00
 0.00000e+00
 0.00000e+00
 0.00000e+00
 0.00000e+00
 0.00000e+00
 0.00000e+00
 0.00000e+00
 0.00000e+00
 0.00000e+00
 0.00000e+00
 0.00000e+00
 0.00000e+00
 0.00000e+00
 1.90392e-01
 1.69718e-01
 1.64593e-01
 1.58213e-01
 1.52828e-01
 1.47487e-01
 1.42251e-01
 1.37006e-01
 1.31723e-01
 1.26369e-01
 1.20923e-01
 1.15368e-01
 1.09689e-01
 1.03870e-01
 9.78954e-02
 9.17491e-02
 8.54124e-02
 7.88640e-02
 7.20835e-02
 6.50578e-02
 5.77832e-02
 5.02732e-02
 4.25790e-02
 3.48072e-02
 2.71292e-02
 1.97969e-02
 1.31534e-02
 7.61126e-03
 3.56799e-03
 1.20908e-03
 2.41366e-04
 1.89037e-05
 4.20580e-07
 2.14651e-09
 0.00000e+00
 0.00000e+00
 0.00000e+00
 0.00000e+00
 0.00000e+00
 0.00000e+00
 0.00000e+00
 0.00000e+00
 0.00000e+00
 0.00000e+00
 0.00000e+00
 0.00000e+00
 0.00000e+00
 0.00000e+00
 0.00000e+00
 0.00000e+00
 0.00000e+00
 0.00000e+00
 0.00000e+00
 0.00000e+00
 0.00000e+00
 0.00000e+00
 0.00000e+00
 0.00000e+00
 0.00000e+00
 0.00000e+00
 1.72333e-01
 1.53475e-01
 1.48777e-01
 1.42878e-01
 1.37839e-01
 1.32796e-01
 1.27811e-01
 1.22781e-01
 1.17678e-01
 1.12474e-01
 1.07151e-01
 1.01692e-01
 9.60808e-02
 9.03028e-02
 8.43411e-02
 7.81790e-02
 7.18039e-02
 6.52073e-02
 5.83861e-02
 5.13506e-02
 4.41411e-02
 3.68375e-02
 2.95650e-02
 2.25090e-02
 1.59294e-02
 1.01554e-02
 5.54925e-03
 2.40165e-03
 7.27513e-04
 1.20078e-04
 7.52444e-06
 1.38121e-07
 6.25868e-10
 0.00000e+00
 0.00000e+00
 0.00000e+00
 0.00000e+00
 0.00000e+00
 0.00000e+00
 0.00000e+00
 0.00000e+00
 0.00000e+00
 0.00000e+00
 0.00000e+00
 0.00000e+00
 0.00000e+00
 0.00000e+00
 0.00000e+00
 0.00000e+00
 0.00000e+00
 0.00000e+00
 0.00000e+00
 0.00000e+00
 0.00000e+00
 0.00000e+00
 0.00000e+00
 0.00000e+00
 0.00000e+00
 0.00000e+00
 0.00000e+00
 1.53204e-01
 1.36297e-01
 1.32049e-01
 1.26651e-01
 1.21971e-01
 1.17237e-01
 1.12508e-01
 1.07694e-01
 1.02773e-01
 9.77183e-02
 9.25128e-02
 8.71407e-02
 8.15893e-02
 7.58482e-02
 6.99089e-02
 6.37651e-02
 5.74160e-02
 5.08753e-02
 4.41803e-02
 3.73946e-02
 3.06139e-02
 2.39805e-02
 1.76937e-02
 1.20118e-02
 7.23578e-03
 3.65466e-03
 1.42022e-03
 3.65830e-04
 4.64778e-05
 2.21760e-06
 3.23881e-08
 1.24184e-10
 0.00000e+00
 0.00000e+00
 0.00000e+00
 0.00000e+00
 0.00000e+00
 0.00000e+00
 0.00000e+00
 0.00000e+00
 0.00000e+00
 0.00000e+00
 0.00000e+00
 0.00000e+00
 0.00000e+00
 0.00000e+00
 0.00000e+00
 0.00000e+00
 0.00000e+00
 0.00000e+00
 0.00000e+00
 0.00000e+00
 0.00000e+00
 0.00000e+00
 0.00000e+00
 0.00000e+00
 0.00000e+00
 0.00000e+00
 0.00000e+00
 0.00000e+00
 1.32842e-01
 1.18037e-01
 1.14264e-01
 1.09395e-01
 1.05093e-01
 1.00683e-01
 9.62214e-02
 9.16321e-02
 8.68982e-02
 8.20007e-02
 7.69282e-02
 7.16712e-02
 6.62227e-02
 6.05805e-02
 5.47513e-02
 4.87553e-02
 4.26267e-02
 3.64178e-02
 3.02069e-02
 2.41083e-02
 1.82802e-02
 1.29261e-02
 8.28798e-03
 4.61717e-03
 2.09545e-03
 6.99815e-04
 1.40924e-04
 1.30991e-05
 4.56938e-07
 5.15698e-09
 0.00000e+00
 0.00000e+00
 0.00000e+00
 0.00000e+00
 0.00000e+00
 0.00000e+00
 0.00000e+00
 0.00000e+00
 0.00000e+00
 0.00000e+00
 0.00000e+00
 0.00000e+00
 0.00000e+00
 0.00000e+00
 0.00000e+00
 0.00000e+00
 0.00000e+00
 0.00000e+00
 0.00000e+00
 0.00000e+00
 0.00000e+00
 0.00000e+00
 0.00000e+00
 0.00000e+00
 0.00000e+00
 0.00000e+00
 0.00000e+00
 0.00000e+00
 0.00000e+00
 0.00000e+00
 1.11131e-01
 9.85950e-02
 9.53246e-02
 9.10224e-02
 8.71322e-02
 8.30812e-02
 7.89233e-02
 7.45999e-02
 7.01013e-02
 6.54175e-02
 6.05476e-02
 5.54968e-02
 5.02771e-02
 4.49094e-02
 3.94250e-02
 3.38710e-02
 2.83167e-02
 2.28590e-02
 1.76266e-02
 1.27821e-02
 8.51932e-03
 5.04428e-03
 2.52291e-03
 9.87896e-04
 2.63542e-04
 3.79207e-05
 2.46043e-06
 6.15620e-08
 5.23700e-10
 0.00000e+00
 0.00000e+00
 0.00000e+00
 0.00000e+00
 0.00000e+00
 0.00000e+00
 0.00000e+00
 0.00000e+00
 0.00000e+00
 0.00000e+00
 0.00000e+00
 0.00000e+00
 0.00000e+00
 0.00000e+00
 0.00000e+00
 0.00000e+00
 0.00000e+00
 0.00000e+00
 0.00000e+00
 0.00000e+00
 0.00000e+00
 0.00000e+00
 0.00000e+00
 0.00000e+00
 0.00000e+00
 0.00000e+00
 0.00000e+00
 0.00000e+00
 0.00000e+00
 0.00000e+00
 0.00000e+00
 8.82434e-02
 7.81350e-02
 7.53960e-02
 7.17134e-02
 6.82858e-02
 6.46545e-02
 6.08729e-02
 5.69048e-02
 5.27544e-02
 4.84273e-02
 4.39379e-02
 3.93082e-02
 3.45716e-02
 2.97750e-02
 2.49822e-02
 2.02774e-02
 1.57678e-02
 1.15857e-02
 7.88657e-03
 4.83353e-03
 2.55937e-03
 1.10117e-03
 3.45243e-04
 6.54299e-05
 6.43960e-06
 2.83447e-07
 5.00949e-09
 0.00000e+00
 0.00000e+00
 0.00000e+00
 0.00000e+00
 0.00000e+00
 0.00000e+00
 0.00000e+00
 0.00000e+00
 0.00000e+00
 0.00000e+00
 0.00000e+00
 0.00000e+00
 0.00000e+00
 0.00000e+00
 0.00000e+00
 0.00000e+00
 0.00000e+00
 0.00000e+00
 0.00000e+00
 0.00000e+00
 0.00000e+00
 0.00000e+00
 0.00000e+00
 0.00000e+00
 0.00000e+00
 0.00000e+00
 0.00000e+00
 0.00000e+00
 0.00000e+00
 0.00000e+00
 0.00000e+00
 0.00000e+00
 0.00000e+00
 6.48840e-02
 5.73043e-02
 5.51292e-02
 5.21383e-02
 4.92596e-02
 4.61567e-02
 4.28829e-02
 3.94262e-02
 3.58068e-02
 3.20495e-02
 2.81898e-02
 2.42742e-02
 2.03618e-02
 1.65270e-02
 1.28611e-02
 9.47411e-03
 6.48998e-03
 4.03135e-03
 2.19219e-03
 9.87997e-04
 3.36653e-04
 7.43355e-05
 9.48989e-06
 6.12773e-07
 1.82651e-08
 2.24062e-10
 0.00000e+00
 0.00000e+00
 0.00000e+00
 0.00000e+00
 0.00000e+00
 0.00000e+00
 0.00000e+00
 0.00000e+00
 0.00000e+00
 0.00000e+00
 0.00000e+00
 0.00000e+00
 0.00000e+00
 0.00000e+00
 0.00000e+00
 0.00000e+00
 0.00000e+00
 0.00000e+00
 0.00000e+00
 0.00000e+00
 0.00000e+00
 0.00000e+00
 0.00000e+00
 0.00000e+00
 0.00000e+00
 0.00000e+00
 0.00000e+00
 0.00000e+00
 0.00000e+00
 0.00000e+00
 0.00000e+00
 0.00000e+00
 0.00000e+00
 0.00000e+00
 4.24817e-02
 3.73872e-02
 3.57893e-02
 3.35497e-02
 3.13108e-02
 2.88618e-02
 2.62559e-02
 2.35067e-02
 2.06520e-02
 1.77363e-02
 1.48151e-02
 1.19557e-02
 9.23775e-03
 6.75093e-03
 4.58842e-03
 2.83432e-03
 1.54041e-03
 6.97617e-04
 2.41977e-04
 5.69757e-05
 8.39052e-06
 6.90353e-07
 2.94422e-08
 5.89101e-10
 0.00000e+00
 0.00000e+00
 0.00000e+00
 0.00000e+00
 0.00000e+00
 0.00000e+00
 0.00000e+00
 0.00000e+00
 0.00000e+00
 0.00000e+00
 0.00000e+00
 0.00000e+00
 0.00000e+00
 0.00000e+00
 0.00000e+00
 0.00000e+00
 0.00000e+00
 0.00000e+00
 0.00000e+00
 0.00000e+00
 0.00000e+00
 0.00000e+00
 0.00000e+00
 0.00000e+00
 0.00000e+00
 0.00000e+00
 0.00000e+00
 0.00000e+00
 0.00000e+00
 0.00000e+00
 0.00000e+00
 0.00000e+00
 0.00000e+00
 0.00000e+00
 0.00000e+00
 0.00000e+00
 2.30704e-02
 2.01992e-02
 1.91660e-02
 1.77049e-02
 1.61843e-02
 1.45077e-02
 1.27272e-02
 1.08783e-02
 9.01250e-03
 7.18762e-03
 5.46777e-03
 3.91935e-03
 2.60460e-03
 1.56760e-03
 8.23817e-04
 3.59048e-04
 1.18560e-04
 2.80857e-05
 4.36713e-06
 4.13480e-07
 2.22653e-08
 6.25013e-10
 0.00000e+00
 0.00000e+00
 0.00000e+00
 0.00000e+00
 0.00000e+00
 0.00000e+00
 0.00000e+00
 0.00000e+00
 0.00000e+00
 0.00000e+00
 0.00000e+00
 0.00000e+00
 0.00000e+00
 0.00000e+00
 0.00000e+00
 0.00000e+00
 0.00000e+00
 0.00000e+00
 0.00000e+00
 0.00000e+00
 0.00000e+00
 0.00000e+00
 0.00000e+00
 0.00000e+00
 0.00000e+00
 0.00000e+00
 0.00000e+00
 0.00000e+00
 0.00000e+00
 0.00000e+00
 0.00000e+00
 0.00000e+00
 0.00000e+00
 0.00000e+00
 0.00000e+00
 0.00000e+00
 0.00000e+00
 0.00000e+00
 8.99051e-03
 7.80373e-03
 7.28235e-03
 6.54929e-03
 5.76301e-03
 4.90745e-03
 4.02626e-03
 3.15841e-03
 2.34703e-03
 1.62845e-03
 1.03547e-03
 5.88146e-04
 2.86297e-04
 1.12535e-04
 3.46437e-05
 7.83934e-06
 1.21632e-06
 1.23896e-07
 7.70111e-09
 2.71772e-10
 0.00000e+00
 0.00000e+00
 0.00000e+00
 0.00000e+00
 0.00000e+00
 0.00000e+00
 0.00000e+00
 0.00000e+00
 0.00000e+00
 0.00000e+00
 0.00000e+00
 0.00000e+00
 0.00000e+00
 0.00000e+00
 0.00000e+00
 0.00000e+00
 0.00000e+00
 0.00000e+00
 0.00000e+00
 0.00000e+00
 0.00000e+00
 0.00000e+00
 0.00000e+00
 0.00000e+00
 0.00000e+00
 0.00000e+00
 0.00000e+00
 0.00000e+00
 0.00000e+00
 0.00000e+00
 0.00000e+00
 0.00000e+00
 0.00000e+00
 0.00000e+00
 0.00000e+00
 0.00000e+00
 0.00000e+00
 0.00000e+00
 0.00000e+00
 0.00000e+00
 1.86422e-03
 1.59225e-03
 1.43796e-03
 1.22733e-03
 1.00212e-03
 7.70716e-04
 5.52362e-04
 3.62357e-04
 2.11715e-04
 1.08117e-04
 4.70844e-05
 1.68536e-05
 4.73041e-06
 9.98935e-07
 1.53005e-07
 1.60616e-08
 1.09143e-09
 0.00000e+00
 0.00000e+00
 0.00000e+00
 0.00000e+00
 0.00000e+00
 0.00000e+00
 0.00000e+00
 0.00000e+00
 0.00000e+00
 0.00000e+00
 0.00000e+00
 0.00000e+00
 0.00000e+00
 0.00000e+00
 0.00000e+00
 0.00000e+00
 0.00000e+00
 0.00000e+00
 0.00000e+00
 0.00000e+00
 0.00000e+00
 0.00000e+00
 0.00000e+00
 0.00000e+00
 0.00000e+00
 0.00000e+00
 0.00000e+00
 0.00000e+00
 0.00000e+00
 0.00000e+00
 0.00000e+00
 0.00000e+00
 0.00000e+00
 0.00000e+00
 0.00000e+00
 0.00000e+00
 0.00000e+00
 0.00000e+00
 0.00000e+00
 0.00000e+00
 0.00000e+00
 0.00000e+00
 0.00000e+00
 9.94574e-05
 8.20757e-05
 6.91167e-05
 5.28715e-05
 3.70181e-05
 2.32328e-05
 1.28575e-05
 6.13518e-06
 2.46450e-06
 8.15616e-07
 2.15931e-07
 4.40950e-08
 6.66704e-09
 7.16271e-10
 0.00000e+00
 0.00000e+00
 0.00000e+00
 0.00000e+00
 0.00000e+00
 0.00000e+00
 0.00000e+00
 0.00000e+00
 0.00000e+00
 0.00000e+00
 0.00000e+00
 0.00000e+00
 0.00000e+00
 0.00000e+00
 0.00000e+00
 0.00000e+00
 0.00000e+00
 0.00000e+00
 0.00000e+00
 0.00000e+00
 0.00000e+00
 0.00000e+00
 0.00000e+00
 0.00000e+00
 0.00000e+00
 0.00000e+00
 0.00000e+00
 0.00000e+00
 0.00000e+00
 0.00000e+00
 0.00000e+00
 0.00000e+00
 0.00000e+00
 0.00000e+00
 0.00000e+00
 0.00000e+00
 0.00000e+00
 0.00000e+00
 0.00000e+00
 0.00000e+00
 0.00000e+00
 0.00000e+00
 0.00000e+00
 0.00000e+00
 0.00000e+00
 0.00000e+00
 5.27091e-07
 4.15281e-07
 3.18892e-07
 2.11873e-07
 1.22367e-07
 6.00346e-08
 2.45786e-08
 8.21969e-09
 2.19648e-09
 4.55029e-10
 0.00000e+00
 0.00000e+00
 0.00000e+00
 0.00000e+00
 0.00000e+00
 0.00000e+00
 0.00000e+00
 0.00000e+00
 0.00000e+00
 0.00000e+00
 0.00000e+00
 0.00000e+00
 0.00000e+00
 0.00000e+00
 0.00000e+00
 0.00000e+00
 0.00000e+00
 0.00000e+00
 0.00000e+00
 0.00000e+00
 0.00000e+00
 0.00000e+00
 0.00000e+00
 0.00000e+00
 0.00000e+00
 0.00000e+00
 0.00000e+00
 0.00000e+00
 0.00000e+00
 0.00000e+00
 0.00000e+00
 0.00000e+00
 0.00000e+00
 0.00000e+00
 0.00000e+00
 0.00000e+00
 0.00000e+00
 0.00000e+00
 0.00000e+00
 0.00000e+00
 0.00000e+00
 0.00000e+00
 0.00000e+00
 0.00000e+00
 0.00000e+00
 0.00000e+00
 0.00000e+00
 0.00000e+00
 0.00000e+00
 0.00000e+00
 1.86551e-10
 1.39226e-10
 0.00000e+00
 0.00000e+00
 0.00000e+00
 0.00000e+00
 0.00000e+00
 0.00000e+00
 0.00000e+00
 0.00000e+00
 0.00000e+00
 0.00000e+00
 0.00000e+00
 0.00000e+00
 0.00000e+00
 0.00000e+00
 0.00000e+00
 0.00000e+00
 0.00000e+00
 0.00000e+00
 0.00000e+00
 0.00000e+00
 0.00000e+00
 0.00000e+00
 0.00000e+00
 0.00000e+00
 0.00000e+00
 0.00000e+00
 0.00000e+00
 0.00000e+00
 0.00000e+00
 0.00000e+00
 0.00000e+00
 0.00000e+00
 0.00000e+00
 0.00000e+00
 0.00000e+00
 0.00000e+00
 0.00000e+00
 0.00000e+00
 0.00000e+00
 0.00000e+00
 0.00000e+00
 0.00000e+00
 0.00000e+00
 0.00000e+00
 0.00000e+00
 0.00000e+00
 0.00000e+00
 0.00000e+00
 0.00000e+00
 0.00000e+00
 0.00000e+00
 0.00000e+00
 0.00000e+00
 0.00000e+00
 0.00000e+00
 0.00000e+00
 0.00000e+00
 0.00000e+00
 0.00000e+00
 0.00000e+00
 0.00000e+00
 0.00000e+00
 0.00000e+00
 0.00000e+00
 0.00000e+00
 0.00000e+00
 0.00000e+00
 0.00000e+00
 0.00000e+00
 0.00000e+00
 0.00000e+00
 0.00000e+00
 0.00000e+00
 0.00000e+00
 0.00000e+00
 0.00000e+00
 0.00000e+00
 0.00000e+00
 0.00000e+00
 0.00000e+00
 0.00000e+00
 0.00000e+00
 0.00000e+00
 0.00000e+00
 0.00000e+00
 0.00000e+00
 0.00000e+00
 0.00000e+00
 0.00000e+00
 0.00000e+00
 0.00000e+00
 0.00000e+00
 0.00000e+00
 0.00000e+00
 0.00000e+00
 0.00000e+00
 0.00000e+00
 0.00000e+00
 0.00000e+00
 0.00000e+00
 0.00000e+00
 0.00000e+00
 0.00000e+00
 0.00000e+00
 0.00000e+00
 0.00000e+00
 0.00000e+00
 0.00000e+00
 0.00000e+00
 0.00000e+00
 0.00000e+00
 0.00000e+00
 0.00000e+00
 0.00000e+00
 0.00000e+00
 0.00000e+00
 0.00000e+00
 0.00000e+00
 0.00000e+00
 0.00000e+00
 0.00000e+00
 0.00000e+00
 0.00000e+00
 0.00000e+00
 0.00000e+00
 0.00000e+00
 0.00000e+00
 0.00000e+00
 0.00000e+00
 0.00000e+00
 0.00000e+00
 0.00000e+00
 0.00000e+00
 0.00000e+00
 0.00000e+00
 0.00000e+00
 0.00000e+00
 0.00000e+00
 0.00000e+00
 0.00000e+00
 0.00000e+00
 0.00000e+00
 0.00000e+00
 0.00000e+00
 0.00000e+00
 0.00000e+00
 0.00000e+00
 0.00000e+00
 0.00000e+00
 0.00000e+00
 0.00000e+00
 0.00000e+00
 0.00000e+00
 0.00000e+00
 0.00000e+00
 0.00000e+00
 0.00000e+00
 0.00000e+00
 0.00000e+00
 0.00000e+00
 0.00000e+00
 0.00000e+00
 0.00000e+00
 0.00000e+00
 0.00000e+00
 0.00000e+00
 0.00000e+00
 0.00000e+00
 0.00000e+00
 0.00000e+00
 0.00000e+00
 0.00000e+00
 0.00000e+00
 0.00000e+00
 0.00000e+00
 0.00000e+00
 0.00000e+00
 0.00000e+00
 0.00000e+00
 0.00000e+00
 0.00000e+00
 0.00000e+00
 0.00000e+00
 0.00000e+00
 0.00000e+00
 0.00000e+00
 0.00000e+00
 0.00000e+00
 0.00000e+00
 0.00000e+00
 0.00000e+00
 0.00000e+00
 0.00000e+00
 0.00000e+00
 0.00000e+00
 0.00000e+00
 0.00000e+00
 0.00000e+00
 0.00000e+00
 0.00000e+00
 0.00000e+00
 0.00000e+00
 0.00000e+00
 0.00000e+00
 0.00000e+00
 0.00000e+00
 0.00000e+00
 0.00000e+00
 0.00000e+00
 0.00000e+00
 0.00000e+00
 0.00000e+00
 0.00000e+00
 0.00000e+00
 0.00000e+00
 0.00000e+00
 0.00000e+00
 0.00000e+00
 0.00000e+00
 0.00000e+00
 0.00000e+00
 0.00000e+00
 0.00000e+00
 0.00000e+00
 0.00000e+00
 0.00000e+00
 0.00000e+00
 0.00000e+00
 0.00000e+00
 0.00000e+00
 0.00000e+00
 0.00000e+00
 0.00000e+00
 0.00000e+00
 0.00000e+00
 0.00000e+00
 0.00000e+00
 0.00000e+00
 0.00000e+00
 0.00000e+00
 0.00000e+00
 0.00000e+00
 0.00000e+00
 0.00000e+00
 0.00000e+00
 0.00000e+00
 0.00000e+00
 0.00000e+00
 0.00000e+00
 0.00000e+00
 0.00000e+00
 0.00000e+00
 0.00000e+00
 0.00000e+00
 0.00000e+00
 0.00000e+00
 0.00000e+00
 0.00000e+00
 0.00000e+00
 0.00000e+00
 0.00000e+00
 0.00000e+00
 0.00000e+00
 0.00000e+00
 0.00000e+00
 0.00000e+00
 0.00000e+00
 0.00000e+00
 0.00000e+00
 0.00000e+00
 0.00000e+00
 0.00000e+00
 0.00000e+00
 0.00000e+00
 0.00000e+00
 0.00000e+00
 0.00000e+00
 0.00000e+00
 0.00000e+00
 0.00000e+00
 0.00000e+00
 0.00000e+00
 0.00000e+00
 0.00000e+00
 0.00000e+00
 0.00000e+00
 0.00000e+00
 0.00000e+00
 0.00000e+00
 0.00000e+00
 0.00000e+00
 0.00000e+00
 0.00000e+00
 0.00000e+00
 0.00000e+00
 0.00000e+00
 0.00000e+00
 0.00000e+00
 0.00000e+00
 0.00000e+00
 0.00000e+00
 0.00000e+00
 0.00000e+00
 0.00000e+00
 0.00000e+00
 0.00000e+00
 0.00000e+00
 0.00000e+00
 0.00000e+00
 0.00000e+00
 0.00000e+00
 0.00000e+00
 0.00000e+00
 0.00000e+00
 0.00000e+00
 0.00000e+00
 0.00000e+00
 0.00000e+00
 0.00000e+00
 0.00000e+00
 0.00000e+00
 0.00000e+00
 0.00000e+00
 0.00000e+00
 0.00000e+00
 0.00000e+00
 0.00000e+00
 0.00000e+00
 0.00000e+00
 0.00000e+00
 0.00000e+00
 0.00000e+00
 0.00000e+00
 0.00000e+00
 0.00000e+00
 0.00000e+00
 0.00000e+00
 0.00000e+00
 0.00000e+00
 0.00000e+00
 0.00000e+00
 0.00000e+00
 0.00000e+00
 0.00000e+00
 0.00000e+00
 0.00000e+00
 0.00000e+00
 0.00000e+00
 0.00000e+00
 0.00000e+00
 0.00000e+00
 0.00000e+00
 0.00000e+00
 0.00000e+00
 0.00000e+00
 0.00000e+00
 0.00000e+00
 0.00000e+00
 0.00000e+00
 0.00000e+00
 0.00000e+00
 0.00000e+00
 0.00000e+00
 0.00000e+00
 0.00000e+00
 0.00000e+00
 0.00000e+00
 0.00000e+00
 0.00000e+00
 0.00000e+00
 0.00000e+00
 0.00000e+00
 0.00000e+00
 0.00000e+00
 0.00000e+00
 0.00000e+00
 0.00000e+00
 0.00000e+00
 0.00000e+00
 0.00000e+00
 0.00000e+00
 0.00000e+00
 0.00000e+00
 0.00000e+00
 0.00000e+00
 0.00000e+00
 0.00000e+00
 0.00000e+00
 0.00000e+00
 0.00000e+00
 0.00000e+00
 0.00000e+00
 0.00000e+00
 0.00000e+00
 0.00000e+00
 0.00000e+00
 0.00000e+00
 0.00000e+00
 0.00000e+00
 0.00000e+00
 0.00000e+00
 0.00000e+00
 0.00000e+00
 0.00000e+00
 0.00000e+00
 0.00000e+00
 0.00000e+00
 0.00000e+00
 0.00000e+00
 0.00000e+00
 0.00000e+00
 0.00000e+00
 0.00000e+00
 0.00000e+00
 0.00000e+00
 0.00000e+00
 0.00000e+00
 0.00000e+00
