PseudoViscosity
part
         1
hexa8
 1.01313e-15
 6.86470e-50
 0.00000e+00
 0.00000e+00
 0.00000e+00
 1.01313e-15
 1.17696e-30
 2.02625e-15
 6.71941e-31
 4.76245e-31
 2.02625e-15
 6.72581e-31
 3.23717e-32
 5.50826e-32
 2.02625e-15
 1.94401e-30
 0.00000e+00
 0.00000e+00
 4.06760e-31
 1.26661e-46
 0.00000e+00
 0.00000e+00
 0.00000e+00
 0.00000e+00
 0.00000e+00
 0.00000e+00
 0.00000e+00
 0.00000e+00
 0.00000e+00
 0.00000e+00
 0.00000e+00
 0.00000e+00
 0.00000e+00
 0.00000e+00
 0.00000e+00
 0.00000e+00
 0.00000e+00
 0.00000e+00
 0.00000e+00
 0.00000e+00
 0.00000e+00
 0.00000e+00
 0.00000e+00
 0.00000e+00
 0.00000e+00
 0.00000e+00
 4.04095e-04
 2.91000e-04
 3.48052e-04
 3.52488e-04
 3.37673e-04
 3.69616e-04
 3.92987e-04
 3.68953e-04
 3.48548e-04
 3.56260e-04
 4.54806e-04
 4.13362e-04
 3.05836e-04
 1.70425e-04
 1.23547e-04
 3.70473e-05
 1.88668e-06
 0.00000e+00
 5.84476e-04
 3.66032e-03
 5.21023e-03
 1.00641e-02
 2.06898e-02
 3.65478e-02
 4.70338e-02
 4.54593e-02
 3.77154e-02
 2.59721e-02
 1.33636e-02
 5.10961e-03
 1.58093e-03
 4.37760e-04
 1.14282e-04
 2.85072e-05
 6.81246e-06
 1.56015e-06
 3.42412e-07
 7.20325e-08
 1.45305e-08
 2.81211e-09
 5.22355e-10
 9.31504e-11
 1.59420e-11
 2.61271e-12
 4.13553e-13
 6.16195e-14
 7.47589e-15
 3.39813e-15
 1.24598e-15
 5.94226e-31
 3.71171e-46
 6.72367e-30
 2.94505e-15
 2.94505e-15
 1.01313e-15
 6.95890e-32
 0.00000e+00
 3.95729e-49
 0.00000e+00
 5.42669e-32
 1.61408e-31
 2.02625e-15
 5.44143e-31
 1.18737e-46
 1.02191e-31
 9.92481e-32
 1.01313e-15
 3.03938e-15
 3.75685e-31
 1.43715e-47
 5.29330e-46
 0.00000e+00
 1.01313e-15
 2.78869e-31
 0.00000e+00
 0.00000e+00
 0.00000e+00
 0.00000e+00
 0.00000e+00
 0.00000e+00
 0.00000e+00
 0.00000e+00
 0.00000e+00
 0.00000e+00
 0.00000e+00
 0.00000e+00
 0.00000e+00
 0.00000e+00
 0.00000e+00
 0.00000e+00
 0.00000e+00
 0.00000e+00
 0.00000e+00
 0.00000e+00
 0.00000e+00
 0.00000e+00
 0.00000e+00
 0.00000e+00
 0.00000e+00
 0.00000e+00
 4.04095e-04
 2.91000e-04
 3.48052e-04
 3.52488e-04
 3.37673e-04
 3.69616e-04
 3.92987e-04
 3.68953e-04
 3.48548e-04
 3.56260e-04
 4.54806e-04
 4.13362e-04
 3.05836e-04
 1.70425e-04
 1.23547e-04
 3.70473e-05
 1.88668e-06
 0.00000e+00
 5.84476e-04
 3.66032e-03
 5.21023e-03
 1.00641e-02
 2.06898e-02
 3.65478e-02
 4.70338e-02
 4.54593e-02
 3.77154e-02
 2.59721e-02
 1.33636e-02
 5.10961e-03
 1.58093e-03
 4.37760e-04
 1.14282e-04
 2.85072e-05
 6.81246e-06
 1.56015e-06
 3.42412e-07
 7.20325e-08
 1.45305e-08
 2.81211e-09
 5.22358e-10
 9.31476e-11
 1.59419e-11
 2.61611e-12
 4.14799e-13
 6.21858e-14
 1.21200e-14
 8.58785e-30
 9.53853e-31
 2.53597e-30
 1.24598e-15
 8.69312e-45
 8.97087e-31
 5.66355e-16
 0.00000e+00
 0.00000e+00
 0.00000e+00
 3.33125e-32
 1.01313e-15
 1.01313e-15
 1.98687e-31
 1.01313e-15
 3.03938e-15
 1.39454e-33
 4.36650e-31
 2.02625e-15
 6.49198e-32
 2.02625e-15
 2.02625e-15
 5.06564e-15
 3.45859e-30
 3.03938e-15
 6.66370e-31
 5.70485e-47
 0.00000e+00
 0.00000e+00
 0.00000e+00
 0.00000e+00
 0.00000e+00
 0.00000e+00
 0.00000e+00
 0.00000e+00
 0.00000e+00
 0.00000e+00
 0.00000e+00
 0.00000e+00
 0.00000e+00
 0.00000e+00
 0.00000e+00
 0.00000e+00
 0.00000e+00
 0.00000e+00
 0.00000e+00
 0.00000e+00
 0.00000e+00
 0.00000e+00
 0.00000e+00
 0.00000e+00
 0.00000e+00
 0.00000e+00
 4.04095e-04
 2.91000e-04
 3.48052e-04
 3.52488e-04
 3.37673e-04
 3.69616e-04
 3.92987e-04
 3.68953e-04
 3.48548e-04
 3.56260e-04
 4.54806e-04
 4.13362e-04
 3.05836e-04
 1.70425e-04
 1.23547e-04
 3.70473e-05
 1.88668e-06
 0.00000e+00
 5.84476e-04
 3.66032e-03
 5.21023e-03
 1.00641e-02
 2.06898e-02
 3.65478e-02
 4.70338e-02
 4.54593e-02
 3.77154e-02
 2.59721e-02
 1.33636e-02
 5.10961e-03
 1.58093e-03
 4.37760e-04
 1.14282e-04
 2.85072e-05
 6.81246e-06
 1.56015e-06
 3.42412e-07
 7.20325e-08
 1.45305e-08
 2.81211e-09
 5.22360e-10
 9.31476e-11
 1.59455e-11
 2.61792e-12
 4.12533e-13
 6.51309e-14
 7.58916e-15
 4.28692e-30
 6.48748e-31
 5.66355e-16
 1.24598e-15
 9.08285e-31
 6.79627e-16
 3.82123e-30
 2.02625e-15
 1.01313e-15
 1.01313e-15
 7.52201e-32
 1.07707e-31
 1.01313e-15
 3.21914e-31
 0.00000e+00
 2.56189e-31
 6.07876e-15
 1.54584e-30
 6.07876e-15
 3.07870e-31
 1.10232e-31
 1.40834e-31
 1.21710e-30
 1.57532e-45
 8.03874e-31
 3.03938e-15
 1.75116e-33
 0.00000e+00
 0.00000e+00
 0.00000e+00
 0.00000e+00
 0.00000e+00
 0.00000e+00
 0.00000e+00
 0.00000e+00
 0.00000e+00
 0.00000e+00
 0.00000e+00
 0.00000e+00
 0.00000e+00
 0.00000e+00
 0.00000e+00
 0.00000e+00
 0.00000e+00
 0.00000e+00
 0.00000e+00
 0.00000e+00
 0.00000e+00
 0.00000e+00
 0.00000e+00
 0.00000e+00
 0.00000e+00
 0.00000e+00
 4.04095e-04
 2.91000e-04
 3.48052e-04
 3.52488e-04
 3.37673e-04
 3.69616e-04
 3.92987e-04
 3.68953e-04
 3.48548e-04
 3.56260e-04
 4.54806e-04
 4.13362e-04
 3.05836e-04
 1.70425e-04
 1.23547e-04
 3.70473e-05
 1.88668e-06
 0.00000e+00
 5.84476e-04
 3.66032e-03
 5.21023e-03
 1.00641e-02
 2.06898e-02
 3.65478e-02
 4.70338e-02
 4.54593e-02
 3.77154e-02
 2.59721e-02
 1.33636e-02
 5.10961e-03
 1.58093e-03
 4.37760e-04
 1.14282e-04
 2.85072e-05
 6.81246e-06
 1.56015e-06
 3.42412e-07
 7.20325e-08
 1.45305e-08
 2.81211e-09
 5.22358e-10
 9.31505e-11
 1.59396e-11
 2.61339e-12
 4.12986e-13
 6.27522e-14
 7.36262e-15
 1.69907e-15
 1.69396e-30
 5.66355e-16
 7.44683e-30
 2.94505e-15
 1.04175e-29
 1.69907e-15
 1.25746e-31
 9.03154e-32
 7.87752e-32
 5.24114e-48
 4.08788e-31
 1.01313e-15
 1.57434e-48
 0.00000e+00
 4.10987e-31
 2.02625e-15
 4.43097e-32
 1.01313e-15
 4.00198e-47
 3.03938e-15
 0.00000e+00
 5.45484e-47
 5.06857e-30
 9.11815e-15
 1.06287e-30
 2.21687e-49
 0.00000e+00
 0.00000e+00
 0.00000e+00
 0.00000e+00
 0.00000e+00
 0.00000e+00
 0.00000e+00
 0.00000e+00
 0.00000e+00
 0.00000e+00
 0.00000e+00
 0.00000e+00
 0.00000e+00
 0.00000e+00
 0.00000e+00
 0.00000e+00
 0.00000e+00
 0.00000e+00
 0.00000e+00
 0.00000e+00
 0.00000e+00
 0.00000e+00
 0.00000e+00
 0.00000e+00
 0.00000e+00
 0.00000e+00
 4.04095e-04
 2.91000e-04
 3.48052e-04
 3.52488e-04
 3.37673e-04
 3.69616e-04
 3.92987e-04
 3.68953e-04
 3.48548e-04
 3.56260e-04
 4.54806e-04
 4.13362e-04
 3.05836e-04
 1.70425e-04
 1.23547e-04
 3.70473e-05
 1.88668e-06
 0.00000e+00
 5.84476e-04
 3.66032e-03
 5.21023e-03
 1.00641e-02
 2.06898e-02
 3.65478e-02
 4.70338e-02
 4.54593e-02
 3.77154e-02
 2.59721e-02
 1.33636e-02
 5.10961e-03
 1.58093e-03
 4.37760e-04
 1.14282e-04
 2.85072e-05
 6.81246e-06
 1.56015e-06
 3.42412e-07
 7.20325e-08
 1.45305e-08
 2.81211e-09
 5.22358e-10
 9.31466e-11
 1.59455e-11
 2.61622e-12
 4.08342e-13
 6.34318e-14
 6.45645e-15
 1.69907e-15
 8.63500e-31
 1.02149e-30
 6.79627e-16
 1.69907e-15
 6.66783e-30
 5.07817e-31
 2.02625e-15
 0.00000e+00
 0.00000e+00
 1.61310e-65
 1.12373e-47
 7.38915e-32
 1.51284e-30
 3.03938e-15
 8.20132e-31
 1.06220e-47
 1.41436e-31
 3.31834e-31
 1.01313e-15
 0.00000e+00
 0.00000e+00
 1.01313e-15
 1.53877e-30
 8.94581e-31
 1.01313e-15
 1.44633e-31
 0.00000e+00
 0.00000e+00
 0.00000e+00
 0.00000e+00
 0.00000e+00
 0.00000e+00
 0.00000e+00
 0.00000e+00
 0.00000e+00
 0.00000e+00
 0.00000e+00
 0.00000e+00
 0.00000e+00
 0.00000e+00
 0.00000e+00
 0.00000e+00
 0.00000e+00
 0.00000e+00
 0.00000e+00
 0.00000e+00
 0.00000e+00
 0.00000e+00
 0.00000e+00
 0.00000e+00
 0.00000e+00
 0.00000e+00
 4.04095e-04
 2.91000e-04
 3.48052e-04
 3.52488e-04
 3.37673e-04
 3.69616e-04
 3.92987e-04
 3.68953e-04
 3.48548e-04
 3.56260e-04
 4.54806e-04
 4.13362e-04
 3.05836e-04
 1.70425e-04
 1.23547e-04
 3.70473e-05
 1.88668e-06
 0.00000e+00
 5.84476e-04
 3.66032e-03
 5.21023e-03
 1.00641e-02
 2.06898e-02
 3.65478e-02
 4.70338e-02
 4.54593e-02
 3.77154e-02
 2.59721e-02
 1.33636e-02
 5.10961e-03
 1.58093e-03
 4.37760e-04
 1.14282e-04
 2.85072e-05
 6.81246e-06
 1.56015e-06
 3.42412e-07
 7.20325e-08
 1.45305e-08
 2.81211e-09
 5.22360e-10
 9.31466e-11
 1.59413e-11
 2.61622e-12
 4.11854e-13
 6.34318e-14
 9.17496e-15
 2.37869e-15
 4.19103e-15
 9.19907e-30
 3.90110e-30
 2.94505e-15
 3.51140e-15
 7.71393e-30
 1.01313e-15
 2.21549e-48
 4.71313e-32
 6.54523e-48
 4.45464e-64
 5.49490e-48
 4.16957e-31
 2.02625e-15
 2.18484e-31
 1.01313e-15
 1.01313e-15
 1.01313e-15
 3.24349e-31
 5.41677e-47
 2.02625e-15
 6.52957e-31
 4.05251e-15
 9.26191e-31
 6.26940e-31
 0.00000e+00
 0.00000e+00
 0.00000e+00
 0.00000e+00
 0.00000e+00
 0.00000e+00
 0.00000e+00
 0.00000e+00
 0.00000e+00
 0.00000e+00
 0.00000e+00
 0.00000e+00
 0.00000e+00
 0.00000e+00
 0.00000e+00
 0.00000e+00
 0.00000e+00
 0.00000e+00
 0.00000e+00
 0.00000e+00
 0.00000e+00
 0.00000e+00
 0.00000e+00
 0.00000e+00
 0.00000e+00
 0.00000e+00
 0.00000e+00
 4.04095e-04
 2.91000e-04
 3.48052e-04
 3.52488e-04
 3.37673e-04
 3.69616e-04
 3.92987e-04
 3.68953e-04
 3.48548e-04
 3.56260e-04
 4.54806e-04
 4.13362e-04
 3.05836e-04
 1.70425e-04
 1.23547e-04
 3.70473e-05
 1.88668e-06
 0.00000e+00
 5.84476e-04
 3.66032e-03
 5.21023e-03
 1.00641e-02
 2.06898e-02
 3.65478e-02
 4.70338e-02
 4.54593e-02
 3.77154e-02
 2.59721e-02
 1.33636e-02
 5.10961e-03
 1.58093e-03
 4.37760e-04
 1.14282e-04
 2.85072e-05
 6.81246e-06
 1.56015e-06
 3.42412e-07
 7.20325e-08
 1.45305e-08
 2.81212e-09
 5.22360e-10
 9.31470e-11
 1.59454e-11
 2.61622e-12
 4.14799e-13
 6.51309e-14
 1.84632e-14
 2.64436e-29
 2.94505e-15
 1.49095e-30
 1.01944e-15
 3.67023e-30
 3.51140e-15
 1.69907e-15
 1.60073e-31
 1.01313e-15
 2.54669e-48
 3.14706e-31
 2.02625e-15
 1.01313e-15
 8.81329e-32
 1.01313e-15
 2.01666e-31
 1.01313e-15
 1.84452e-32
 1.64074e-31
 1.01313e-15
 4.67963e-31
 5.35007e-32
 0.00000e+00
 6.80998e-31
 2.02625e-15
 2.02625e-15
 0.00000e+00
 0.00000e+00
 0.00000e+00
 0.00000e+00
 0.00000e+00
 0.00000e+00
 0.00000e+00
 0.00000e+00
 0.00000e+00
 0.00000e+00
 0.00000e+00
 0.00000e+00
 0.00000e+00
 0.00000e+00
 0.00000e+00
 0.00000e+00
 0.00000e+00
 0.00000e+00
 0.00000e+00
 0.00000e+00
 0.00000e+00
 0.00000e+00
 0.00000e+00
 0.00000e+00
 0.00000e+00
 0.00000e+00
 0.00000e+00
 4.04095e-04
 2.91000e-04
 3.48052e-04
 3.52488e-04
 3.37673e-04
 3.69616e-04
 3.92987e-04
 3.68953e-04
 3.48548e-04
 3.56260e-04
 4.54806e-04
 4.13362e-04
 3.05836e-04
 1.70425e-04
 1.23547e-04
 3.70473e-05
 1.88668e-06
 0.00000e+00
 5.84476e-04
 3.66032e-03
 5.21023e-03
 1.00641e-02
 2.06898e-02
 3.65478e-02
 4.70338e-02
 4.54593e-02
 3.77154e-02
 2.59721e-02
 1.33636e-02
 5.10961e-03
 1.58093e-03
 4.37760e-04
 1.14282e-04
 2.85072e-05
 6.81246e-06
 1.56015e-06
 3.42412e-07
 7.20325e-08
 1.45305e-08
 2.81211e-09
 5.22361e-10
 9.31481e-11
 1.59398e-11
 2.62075e-12
 4.11401e-13
 6.11664e-14
 1.38191e-14
 2.93131e-29
 6.79627e-16
 5.66355e-16
 3.79098e-30
 5.66355e-16
 2.63559e-30
 1.69907e-15
 1.53763e-31
 1.01313e-15
 1.01313e-15
 2.94405e-49
 3.59898e-31
 2.76085e-31
 2.10496e-47
 5.62226e-31
 2.51018e-31
 2.02625e-15
 4.70143e-31
 5.06564e-15
 3.09725e-31
 6.64089e-47
 1.39234e-48
 4.05251e-15
 5.30537e-30
 3.03938e-15
 1.19145e-30
 0.00000e+00
 0.00000e+00
 0.00000e+00
 0.00000e+00
 0.00000e+00
 0.00000e+00
 0.00000e+00
 0.00000e+00
 0.00000e+00
 0.00000e+00
 0.00000e+00
 0.00000e+00
 0.00000e+00
 0.00000e+00
 0.00000e+00
 0.00000e+00
 0.00000e+00
 0.00000e+00
 0.00000e+00
 0.00000e+00
 0.00000e+00
 0.00000e+00
 0.00000e+00
 0.00000e+00
 0.00000e+00
 0.00000e+00
 0.00000e+00
 4.04095e-04
 2.91000e-04
 3.48052e-04
 3.52488e-04
 3.37673e-04
 3.69616e-04
 3.92987e-04
 3.68953e-04
 3.48548e-04
 3.56260e-04
 4.54806e-04
 4.13362e-04
 3.05836e-04
 1.70425e-04
 1.23547e-04
 3.70473e-05
 1.88668e-06
 0.00000e+00
 5.84476e-04
 3.66032e-03
 5.21023e-03
 1.00641e-02
 2.06898e-02
 3.65478e-02
 4.70338e-02
 4.54593e-02
 3.77154e-02
 2.59721e-02
 1.33636e-02
 5.10961e-03
 1.58093e-03
 4.37760e-04
 1.14282e-04
 2.85072e-05
 6.81246e-06
 1.56015e-06
 3.42412e-07
 7.20325e-08
 1.45305e-08
 2.81211e-09
 5.22360e-10
 9.31429e-11
 1.59392e-11
 2.61962e-12
 4.13666e-13
 6.34318e-14
 8.04225e-15
 5.77683e-15
 3.58089e-30
 2.60830e-30
 7.88890e-30
 3.51140e-15
 1.23387e-29
 5.66355e-16
 2.02625e-15
 0.00000e+00
 7.91510e-31
 2.02625e-15
 1.01313e-15
 2.40164e-31
 1.01313e-15
 3.03938e-15
 8.41306e-48
 2.19519e-31
 6.90593e-31
 2.02625e-15
 8.14825e-48
 6.59185e-32
 0.00000e+00
 5.07868e-31
 2.07668e-46
 5.30426e-31
 3.20683e-30
 0.00000e+00
 0.00000e+00
 0.00000e+00
 0.00000e+00
 0.00000e+00
 0.00000e+00
 0.00000e+00
 0.00000e+00
 0.00000e+00
 0.00000e+00
 0.00000e+00
 0.00000e+00
 0.00000e+00
 0.00000e+00
 0.00000e+00
 0.00000e+00
 0.00000e+00
 0.00000e+00
 0.00000e+00
 0.00000e+00
 0.00000e+00
 0.00000e+00
 0.00000e+00
 0.00000e+00
 0.00000e+00
 0.00000e+00
 0.00000e+00
 4.04095e-04
 2.91000e-04
 3.48052e-04
 3.52488e-04
 3.37673e-04
 3.69616e-04
 3.92987e-04
 3.68953e-04
 3.48548e-04
 3.56260e-04
 4.54806e-04
 4.13362e-04
 3.05836e-04
 1.70425e-04
 1.23547e-04
 3.70473e-05
 1.88668e-06
 0.00000e+00
 5.84476e-04
 3.66032e-03
 5.21023e-03
 1.00641e-02
 2.06898e-02
 3.65478e-02
 4.70338e-02
 4.54593e-02
 3.77154e-02
 2.59721e-02
 1.33636e-02
 5.10961e-03
 1.58093e-03
 4.37760e-04
 1.14282e-04
 2.85072e-05
 6.81246e-06
 1.56015e-06
 3.42412e-07
 7.20325e-08
 1.45305e-08
 2.81211e-09
 5.22361e-10
 9.31441e-11
 1.59413e-11
 2.61849e-12
 4.10155e-13
 6.34318e-14
 1.43854e-14
 1.13271e-15
 1.81234e-15
 6.79627e-16
 2.56744e-30
 2.26542e-15
 4.19103e-15
 5.63564e-30
 2.04609e-31
 3.01886e-32
 2.02625e-15
 2.02625e-15
 2.01743e-31
 1.01313e-15
 1.34435e-31
 1.01313e-15
 3.15774e-31
 0.00000e+00
 6.74118e-32
 1.01313e-15
 1.01313e-15
 0.00000e+00
 1.14990e-31
 2.02625e-15
 4.52376e-31
 4.05251e-15
 3.74996e-30
 1.64921e-46
 0.00000e+00
 0.00000e+00
 0.00000e+00
 0.00000e+00
 0.00000e+00
 0.00000e+00
 0.00000e+00
 0.00000e+00
 0.00000e+00
 0.00000e+00
 0.00000e+00
 0.00000e+00
 0.00000e+00
 0.00000e+00
 0.00000e+00
 0.00000e+00
 0.00000e+00
 0.00000e+00
 0.00000e+00
 0.00000e+00
 0.00000e+00
 0.00000e+00
 0.00000e+00
 0.00000e+00
 0.00000e+00
 0.00000e+00
 4.04095e-04
 2.91000e-04
 3.48052e-04
 3.52488e-04
 3.37673e-04
 3.69616e-04
 3.92987e-04
 3.68953e-04
 3.48548e-04
 3.56260e-04
 4.54806e-04
 4.13362e-04
 3.05836e-04
 1.70425e-04
 1.23547e-04
 3.70473e-05
 1.88668e-06
 0.00000e+00
 5.84476e-04
 3.66032e-03
 5.21023e-03
 1.00641e-02
 2.06898e-02
 3.65478e-02
 4.70338e-02
 4.54593e-02
 3.77154e-02
 2.59721e-02
 1.33636e-02
 5.10961e-03
 1.58093e-03
 4.37760e-04
 1.14282e-04
 2.85072e-05
 6.81246e-06
 1.56015e-06
 3.42412e-07
 7.20325e-08
 1.45305e-08
 2.81211e-09
 5.22356e-10
 9.31464e-11
 1.59427e-11
 2.61849e-12
 4.11967e-13
 6.56972e-14
 8.04225e-15
 1.11250e-29
 1.14898e-30
 1.69907e-15
 1.69907e-15
 5.66355e-16
 3.39813e-15
 5.81096e-30
 1.08801e-31
 1.01313e-15
 2.02625e-15
 2.33720e-31
 7.12023e-32
 1.61426e-31
 1.01313e-15
 3.02617e-31
 1.50382e-47
 0.00000e+00
 2.02625e-15
 2.02625e-15
 2.02625e-15
 8.95481e-31
 2.02625e-15
 2.02625e-15
 2.15081e-30
 7.76652e-47
 1.01313e-15
 1.03410e-31
 0.00000e+00
 0.00000e+00
 0.00000e+00
 0.00000e+00
 0.00000e+00
 0.00000e+00
 0.00000e+00
 0.00000e+00
 0.00000e+00
 0.00000e+00
 0.00000e+00
 0.00000e+00
 0.00000e+00
 0.00000e+00
 0.00000e+00
 0.00000e+00
 0.00000e+00
 0.00000e+00
 0.00000e+00
 0.00000e+00
 0.00000e+00
 0.00000e+00
 0.00000e+00
 0.00000e+00
 0.00000e+00
 0.00000e+00
 4.04095e-04
 2.91000e-04
 3.48052e-04
 3.52488e-04
 3.37673e-04
 3.69616e-04
 3.92987e-04
 3.68953e-04
 3.48548e-04
 3.56260e-04
 4.54806e-04
 4.13362e-04
 3.05836e-04
 1.70425e-04
 1.23547e-04
 3.70473e-05
 1.88668e-06
 0.00000e+00
 5.84476e-04
 3.66032e-03
 5.21023e-03
 1.00641e-02
 2.06898e-02
 3.65478e-02
 4.70338e-02
 4.54593e-02
 3.77154e-02
 2.59721e-02
 1.33636e-02
 5.10961e-03
 1.58093e-03
 4.37760e-04
 1.14282e-04
 2.85072e-05
 6.81246e-06
 1.56015e-06
 3.42412e-07
 7.20325e-08
 1.45305e-08
 2.81212e-09
 5.22353e-10
 9.31486e-11
 1.59460e-11
 2.61849e-12
 4.13666e-13
 6.22991e-14
 1.04209e-14
 4.53084e-16
 3.39813e-15
 5.66355e-16
 5.66355e-16
 2.81253e-30
 2.83178e-15
 9.57765e-31
 1.97372e-48
 2.59417e-31
 1.01313e-15
 1.15014e-31
 3.03938e-15
 7.26965e-32
 3.53360e-47
 8.73759e-31
 2.02625e-15
 7.18148e-32
 4.78846e-31
 2.35872e-31
 1.57325e-31
 3.84251e-31
 1.01313e-15
 2.85232e-31
 2.11902e-46
 6.16075e-31
 3.03938e-15
 4.08294e-32
 0.00000e+00
 0.00000e+00
 0.00000e+00
 0.00000e+00
 0.00000e+00
 0.00000e+00
 0.00000e+00
 0.00000e+00
 0.00000e+00
 0.00000e+00
 0.00000e+00
 0.00000e+00
 0.00000e+00
 0.00000e+00
 0.00000e+00
 0.00000e+00
 0.00000e+00
 0.00000e+00
 0.00000e+00
 0.00000e+00
 0.00000e+00
 0.00000e+00
 0.00000e+00
 0.00000e+00
 0.00000e+00
 0.00000e+00
 4.04095e-04
 2.91000e-04
 3.48052e-04
 3.52488e-04
 3.37673e-04
 3.69616e-04
 3.92987e-04
 3.68953e-04
 3.48548e-04
 3.56260e-04
 4.54806e-04
 4.13362e-04
 3.05836e-04
 1.70425e-04
 1.23547e-04
 3.70473e-05
 1.88668e-06
 0.00000e+00
 5.84476e-04
 3.66032e-03
 5.21023e-03
 1.00641e-02
 2.06898e-02
 3.65478e-02
 4.70338e-02
 4.54593e-02
 3.77154e-02
 2.59721e-02
 1.33636e-02
 5.10961e-03
 1.58093e-03
 4.37760e-04
 1.14282e-04
 2.85072e-05
 6.81246e-06
 1.56015e-06
 3.42412e-07
 7.20325e-08
 1.45305e-08
 2.81211e-09
 5.22357e-10
 9.31464e-11
 1.59427e-11
 2.61736e-12
 4.07889e-13
 5.87877e-14
 8.72187e-15
 1.69907e-15
 2.82798e-30
 1.44908e-30
 7.24538e-31
 4.83499e-30
 2.94505e-15
 5.32584e-30
 1.45984e-47
 1.05608e-31
 1.49787e-47
 0.00000e+00
 2.02625e-15
 2.02625e-15
 6.82085e-31
 4.05251e-15
 2.02625e-15
 1.82414e-31
 2.02625e-15
 3.03938e-15
 3.03938e-15
 2.22902e-30
 2.53078e-33
 1.01313e-15
 1.09518e-30
 1.28276e-30
 2.01679e-30
 3.87292e-46
 0.00000e+00
 0.00000e+00
 0.00000e+00
 0.00000e+00
 0.00000e+00
 0.00000e+00
 0.00000e+00
 0.00000e+00
 0.00000e+00
 0.00000e+00
 0.00000e+00
 0.00000e+00
 0.00000e+00
 0.00000e+00
 0.00000e+00
 0.00000e+00
 0.00000e+00
 0.00000e+00
 0.00000e+00
 0.00000e+00
 0.00000e+00
 0.00000e+00
 0.00000e+00
 0.00000e+00
 0.00000e+00
 0.00000e+00
 4.04095e-04
 2.91000e-04
 3.48052e-04
 3.52488e-04
 3.37673e-04
 3.69616e-04
 3.92987e-04
 3.68953e-04
 3.48548e-04
 3.56260e-04
 4.54806e-04
 4.13362e-04
 3.05836e-04
 1.70425e-04
 1.23547e-04
 3.70473e-05
 1.88668e-06
 0.00000e+00
 5.84476e-04
 3.66032e-03
 5.21023e-03
 1.00641e-02
 2.06898e-02
 3.65478e-02
 4.70338e-02
 4.54593e-02
 3.77154e-02
 2.59721e-02
 1.33636e-02
 5.10961e-03
 1.58093e-03
 4.37760e-04
 1.14282e-04
 2.85072e-05
 6.81246e-06
 1.56015e-06
 3.42412e-07
 7.20325e-08
 1.45305e-08
 2.81211e-09
 5.22361e-10
 9.31459e-11
 1.59426e-11
 2.61679e-12
 4.11854e-13
 6.69432e-14
 6.90954e-15
 2.83178e-15
 1.81234e-15
 8.55818e-30
 1.14340e-44
 5.28854e-30
 1.25728e-44
 6.79627e-16
 7.09368e-32
 1.01313e-15
 4.98708e-31
 2.02625e-15
 1.50475e-31
 9.71839e-32
 1.79457e-31
 1.01313e-15
 0.00000e+00
 5.32627e-31
 2.02625e-15
 3.03938e-15
 6.59176e-31
 3.04659e-46
 0.00000e+00
 3.20162e-31
 4.64094e-30
 7.09189e-15
 9.11815e-15
 8.90946e-31
 0.00000e+00
 0.00000e+00
 0.00000e+00
 0.00000e+00
 0.00000e+00
 0.00000e+00
 0.00000e+00
 0.00000e+00
 0.00000e+00
 0.00000e+00
 0.00000e+00
 0.00000e+00
 0.00000e+00
 0.00000e+00
 0.00000e+00
 0.00000e+00
 0.00000e+00
 0.00000e+00
 0.00000e+00
 0.00000e+00
 0.00000e+00
 0.00000e+00
 0.00000e+00
 0.00000e+00
 0.00000e+00
 0.00000e+00
 4.04095e-04
 2.91000e-04
 3.48052e-04
 3.52488e-04
 3.37673e-04
 3.69616e-04
 3.92987e-04
 3.68953e-04
 3.48548e-04
 3.56260e-04
 4.54806e-04
 4.13362e-04
 3.05836e-04
 1.70425e-04
 1.23547e-04
 3.70473e-05
 1.88668e-06
 0.00000e+00
 5.84476e-04
 3.66032e-03
 5.21023e-03
 1.00641e-02
 2.06898e-02
 3.65478e-02
 4.70338e-02
 4.54593e-02
 3.77154e-02
 2.59721e-02
 1.33636e-02
 5.10961e-03
 1.58093e-03
 4.37760e-04
 1.14282e-04
 2.85072e-05
 6.81246e-06
 1.56015e-06
 3.42412e-07
 7.20325e-08
 1.45305e-08
 2.81211e-09
 5.22360e-10
 9.31435e-11
 1.59414e-11
 2.61679e-12
 4.12533e-13
 6.16195e-14
 1.09873e-14
 5.66355e-16
 3.35894e-30
 2.94505e-15
 1.69907e-15
 2.37869e-15
 1.17717e-29
 8.53758e-31
 1.01313e-15
 2.02625e-15
 1.34722e-31
 1.78617e-31
 1.14966e-47
 1.48463e-31
 1.40020e-47
 1.54893e-31
 3.82542e-32
 1.01313e-15
 1.01313e-15
 4.96097e-32
 6.43059e-32
 9.30825e-49
 2.02625e-15
 0.00000e+00
 1.48574e-30
 5.44979e-31
 5.06564e-15
 6.53822e-31
 0.00000e+00
 0.00000e+00
 0.00000e+00
 0.00000e+00
 0.00000e+00
 0.00000e+00
 0.00000e+00
 0.00000e+00
 0.00000e+00
 0.00000e+00
 0.00000e+00
 0.00000e+00
 0.00000e+00
 0.00000e+00
 0.00000e+00
 0.00000e+00
 0.00000e+00
 0.00000e+00
 0.00000e+00
 0.00000e+00
 0.00000e+00
 0.00000e+00
 0.00000e+00
 0.00000e+00
 0.00000e+00
 0.00000e+00
 4.04095e-04
 2.91000e-04
 3.48052e-04
 3.52488e-04
 3.37673e-04
 3.69616e-04
 3.92987e-04
 3.68953e-04
 3.48548e-04
 3.56260e-04
 4.54806e-04
 4.13362e-04
 3.05836e-04
 1.70425e-04
 1.23547e-04
 3.70473e-05
 1.88668e-06
 0.00000e+00
 5.84476e-04
 3.66032e-03
 5.21023e-03
 1.00641e-02
 2.06898e-02
 3.65478e-02
 4.70338e-02
 4.54593e-02
 3.77154e-02
 2.59721e-02
 1.33636e-02
 5.10961e-03
 1.58093e-03
 4.37760e-04
 1.14282e-04
 2.85072e-05
 6.81246e-06
 1.56015e-06
 3.42412e-07
 7.20325e-08
 1.45305e-08
 2.81211e-09
 5.22359e-10
 9.31446e-11
 1.59409e-11
 2.61679e-12
 4.12420e-13
 6.10531e-14
 7.47589e-15
 5.71476e-30
 1.24598e-15
 5.66355e-16
 4.53084e-16
 2.51634e-30
 5.66355e-16
 1.07164e-30
 3.58378e-47
 2.68280e-31
 1.01313e-15
 7.80726e-32
 1.01313e-15
 1.01313e-15
 1.43229e-31
 1.01313e-15
 2.54435e-31
 1.01313e-15
 1.01313e-15
 1.01313e-15
 1.01313e-15
 4.18067e-31
 2.68975e-47
 3.01666e-32
 4.05251e-15
 7.39324e-31
 2.69048e-31
 0.00000e+00
 0.00000e+00
 0.00000e+00
 0.00000e+00
 0.00000e+00
 0.00000e+00
 0.00000e+00
 0.00000e+00
 0.00000e+00
 0.00000e+00
 0.00000e+00
 0.00000e+00
 0.00000e+00
 0.00000e+00
 0.00000e+00
 0.00000e+00
 0.00000e+00
 0.00000e+00
 0.00000e+00
 0.00000e+00
 0.00000e+00
 0.00000e+00
 0.00000e+00
 0.00000e+00
 0.00000e+00
 0.00000e+00
 0.00000e+00
 4.04095e-04
 2.91000e-04
 3.48052e-04
 3.52488e-04
 3.37673e-04
 3.69616e-04
 3.92987e-04
 3.68953e-04
 3.48548e-04
 3.56260e-04
 4.54806e-04
 4.13362e-04
 3.05836e-04
 1.70425e-04
 1.23547e-04
 3.70473e-05
 1.88668e-06
 0.00000e+00
 5.84476e-04
 3.66032e-03
 5.21023e-03
 1.00641e-02
 2.06898e-02
 3.65478e-02
 4.70338e-02
 4.54593e-02
 3.77154e-02
 2.59721e-02
 1.33636e-02
 5.10961e-03
 1.58093e-03
 4.37760e-04
 1.14282e-04
 2.85072e-05
 6.81246e-06
 1.56015e-06
 3.42412e-07
 7.20325e-08
 1.45305e-08
 2.81211e-09
 5.22359e-10
 9.31441e-11
 1.59409e-11
 2.61849e-12
 4.09022e-13
 5.87877e-14
 1.15537e-14
 1.24598e-15
 1.24598e-15
 3.11313e-30
 7.18596e-31
 1.24598e-15
 3.39813e-15
 9.12232e-30
 2.43170e-31
 1.01313e-15
 0.00000e+00
 4.44095e-31
 2.02625e-15
 1.01313e-15
 3.17180e-31
 1.01313e-15
 8.62401e-32
 5.60793e-31
 2.02625e-15
 8.71060e-32
 3.92493e-31
 1.06233e-34
 2.60350e-32
 1.01313e-15
 6.69094e-31
 3.03938e-15
 0.00000e+00
 6.40518e-47
 0.00000e+00
 0.00000e+00
 0.00000e+00
 0.00000e+00
 0.00000e+00
 0.00000e+00
 0.00000e+00
 0.00000e+00
 0.00000e+00
 0.00000e+00
 0.00000e+00
 0.00000e+00
 0.00000e+00
 0.00000e+00
 0.00000e+00
 0.00000e+00
 0.00000e+00
 0.00000e+00
 0.00000e+00
 0.00000e+00
 0.00000e+00
 0.00000e+00
 0.00000e+00
 0.00000e+00
 0.00000e+00
 0.00000e+00
 4.04095e-04
 2.91000e-04
 3.48052e-04
 3.52488e-04
 3.37673e-04
 3.69616e-04
 3.92987e-04
 3.68953e-04
 3.48548e-04
 3.56260e-04
 4.54806e-04
 4.13362e-04
 3.05836e-04
 1.70425e-04
 1.23547e-04
 3.70473e-05
 1.88668e-06
 0.00000e+00
 5.84476e-04
 3.66032e-03
 5.21023e-03
 1.00641e-02
 2.06898e-02
 3.65478e-02
 4.70338e-02
 4.54593e-02
 3.77154e-02
 2.59721e-02
 1.33636e-02
 5.10961e-03
 1.58093e-03
 4.37760e-04
 1.14282e-04
 2.85072e-05
 6.81246e-06
 1.56015e-06
 3.42412e-07
 7.20325e-08
 1.45305e-08
 2.81211e-09
 5.22354e-10
 9.31493e-11
 1.59448e-11
 2.61905e-12
 4.11287e-13
 6.69432e-14
 8.60860e-15
 1.16516e-29
 1.51761e-45
 2.80615e-30
 2.37867e-30
 2.94505e-15
 7.19237e-30
 1.18344e-44
 2.49334e-31
 1.50420e-31
 2.63865e-63
 1.36431e-31
 1.01313e-15
 5.30158e-48
 1.01313e-15
 2.58012e-31
 4.93912e-47
 2.17000e-31
 1.87521e-49
 0.00000e+00
 3.03938e-15
 7.01211e-31
 1.81764e-48
 4.95484e-32
 1.36832e-47
 8.76264e-31
 3.03938e-15
 1.43654e-30
 0.00000e+00
 0.00000e+00
 0.00000e+00
 0.00000e+00
 0.00000e+00
 0.00000e+00
 0.00000e+00
 0.00000e+00
 0.00000e+00
 0.00000e+00
 0.00000e+00
 0.00000e+00
 0.00000e+00
 0.00000e+00
 0.00000e+00
 0.00000e+00
 0.00000e+00
 0.00000e+00
 0.00000e+00
 0.00000e+00
 0.00000e+00
 0.00000e+00
 0.00000e+00
 0.00000e+00
 0.00000e+00
 0.00000e+00
 4.04095e-04
 2.91000e-04
 3.48052e-04
 3.52488e-04
 3.37673e-04
 3.69616e-04
 3.92987e-04
 3.68953e-04
 3.48548e-04
 3.56260e-04
 4.54806e-04
 4.13362e-04
 3.05836e-04
 1.70425e-04
 1.23547e-04
 3.70473e-05
 1.88668e-06
 0.00000e+00
 5.84476e-04
 3.66032e-03
 5.21023e-03
 1.00641e-02
 2.06898e-02
 3.65478e-02
 4.70338e-02
 4.54593e-02
 3.77154e-02
 2.59721e-02
 1.33636e-02
 5.10961e-03
 1.58093e-03
 4.37760e-04
 1.14282e-04
 2.85072e-05
 6.81246e-06
 1.56015e-06
 3.42412e-07
 7.20325e-08
 1.45305e-08
 2.81211e-09
 5.22357e-10
 9.31494e-11
 1.59437e-11
 2.61622e-12
 4.10834e-13
 6.10531e-14
 1.25731e-14
 4.64411e-15
 4.04204e-30
 1.69907e-15
 6.46858e-30
 4.64411e-15
 1.03663e-30
 2.23753e-31
 1.01313e-15
 1.01313e-15
 2.84374e-47
 7.16103e-32
 3.11771e-33
 2.78493e-31
 1.01313e-15
 7.05496e-32
 0.00000e+00
 5.60453e-48
 9.36455e-31
 2.02625e-15
 1.46539e-31
 4.25309e-47
 1.30412e-31
 2.02625e-15
 2.22530e-47
 3.49660e-32
 5.45908e-31
 0.00000e+00
 0.00000e+00
 0.00000e+00
 0.00000e+00
 0.00000e+00
 0.00000e+00
 0.00000e+00
 0.00000e+00
 0.00000e+00
 0.00000e+00
 0.00000e+00
 0.00000e+00
 0.00000e+00
 0.00000e+00
 0.00000e+00
 0.00000e+00
 0.00000e+00
 0.00000e+00
 0.00000e+00
 0.00000e+00
 0.00000e+00
 0.00000e+00
 0.00000e+00
 0.00000e+00
 0.00000e+00
 0.00000e+00
 0.00000e+00
 4.04095e-04
 2.91000e-04
 3.48052e-04
 3.52488e-04
 3.37673e-04
 3.69616e-04
 3.92987e-04
 3.68953e-04
 3.48548e-04
 3.56260e-04
 4.54806e-04
 4.13362e-04
 3.05836e-04
 1.70425e-04
 1.23547e-04
 3.70473e-05
 1.88668e-06
 0.00000e+00
 5.84476e-04
 3.66032e-03
 5.21023e-03
 1.00641e-02
 2.06898e-02
 3.65478e-02
 4.70338e-02
 4.54593e-02
 3.77154e-02
 2.59721e-02
 1.33636e-02
 5.10961e-03
 1.58093e-03
 4.37760e-04
 1.14282e-04
 2.85072e-05
 6.81246e-06
 1.56015e-06
 3.42412e-07
 7.20325e-08
 1.45305e-08
 2.81211e-09
 5.22357e-10
 9.31441e-11
 1.59413e-11
 2.61622e-12
 4.14799e-13
 6.45645e-14
 6.90954e-15
 4.64411e-15
 1.03588e-29
 5.56751e-30
 6.95072e-45
 2.37869e-15
 6.79627e-16
 2.57603e-30
 2.53541e-31
 3.48869e-31
 2.87000e-48
 4.21644e-65
 0.00000e+00
 1.01313e-15
 1.08267e-31
 3.91099e-32
 0.00000e+00
 0.00000e+00
 1.01313e-15
 1.72321e-31
 2.11003e-47
 2.16241e-31
 4.71092e-32
 1.10948e-47
 4.05251e-15
 3.75847e-30
 0.00000e+00
 0.00000e+00
 0.00000e+00
 0.00000e+00
 0.00000e+00
 0.00000e+00
 0.00000e+00
 0.00000e+00
 0.00000e+00
 0.00000e+00
 0.00000e+00
 0.00000e+00
 0.00000e+00
 0.00000e+00
 0.00000e+00
 0.00000e+00
 0.00000e+00
 0.00000e+00
 0.00000e+00
 0.00000e+00
 0.00000e+00
 0.00000e+00
 0.00000e+00
 0.00000e+00
 0.00000e+00
 0.00000e+00
 0.00000e+00
 0.00000e+00
 4.04095e-04
 2.91000e-04
 3.48052e-04
 3.52488e-04
 3.37673e-04
 3.69616e-04
 3.92987e-04
 3.68953e-04
 3.48548e-04
 3.56260e-04
 4.54806e-04
 4.13362e-04
 3.05836e-04
 1.70425e-04
 1.23547e-04
 3.70473e-05
 1.88668e-06
 0.00000e+00
 5.84476e-04
 3.66032e-03
 5.21023e-03
 1.00641e-02
 2.06898e-02
 3.65478e-02
 4.70338e-02
 4.54593e-02
 3.77154e-02
 2.59721e-02
 1.33636e-02
 5.10961e-03
 1.58093e-03
 4.37760e-04
 1.14282e-04
 2.85072e-05
 6.81246e-06
 1.56015e-06
 3.42412e-07
 7.20325e-08
 1.45305e-08
 2.81211e-09
 5.22359e-10
 9.31442e-11
 1.59414e-11
 2.61566e-12
 4.07889e-13
 6.34318e-14
 7.58916e-15
 5.40078e-30
 1.69907e-15
 2.26542e-15
 5.66355e-16
 2.03116e-29
 4.64411e-15
 1.50898e-29
 0.00000e+00
 3.02463e-47
 1.27444e-31
 2.85048e-48
 1.01313e-15
 2.70095e-31
 0.00000e+00
 2.02625e-15
 1.16706e-30
 0.00000e+00
 4.66710e-33
 1.01313e-15
 3.03253e-31
 3.03938e-15
 1.89795e-30
 0.00000e+00
 1.90021e-30
 1.07822e-45
 0.00000e+00
 5.88095e-32
 4.11634e-46
 0.00000e+00
 0.00000e+00
 0.00000e+00
 0.00000e+00
 0.00000e+00
 0.00000e+00
 0.00000e+00
 0.00000e+00
 0.00000e+00
 0.00000e+00
 0.00000e+00
 0.00000e+00
 0.00000e+00
 0.00000e+00
 0.00000e+00
 0.00000e+00
 0.00000e+00
 0.00000e+00
 0.00000e+00
 0.00000e+00
 0.00000e+00
 0.00000e+00
 0.00000e+00
 0.00000e+00
 0.00000e+00
 4.04095e-04
 2.91000e-04
 3.48052e-04
 3.52488e-04
 3.37673e-04
 3.69616e-04
 3.92987e-04
 3.68953e-04
 3.48548e-04
 3.56260e-04
 4.54806e-04
 4.13362e-04
 3.05836e-04
 1.70425e-04
 1.23547e-04
 3.70473e-05
 1.88668e-06
 0.00000e+00
 5.84476e-04
 3.66032e-03
 5.21023e-03
 1.00641e-02
 2.06898e-02
 3.65478e-02
 4.70338e-02
 4.54593e-02
 3.77154e-02
 2.59721e-02
 1.33636e-02
 5.10961e-03
 1.58093e-03
 4.37760e-04
 1.14282e-04
 2.85072e-05
 6.81246e-06
 1.56015e-06
 3.42412e-07
 7.20325e-08
 1.45305e-08
 2.81211e-09
 5.22359e-10
 9.31458e-11
 1.59402e-11
 2.61679e-12
 4.11401e-13
 6.34318e-14
 1.25731e-14
 2.44607e-29
 1.69907e-15
 1.24598e-15
 3.32851e-30
 8.60819e-31
 5.66355e-16
 1.69907e-15
 0.00000e+00
 2.85641e-31
 1.01313e-15
 0.00000e+00
 1.01313e-15
 2.57138e-31
 6.12871e-32
 1.75927e-31
 5.72619e-47
 1.95527e-31
 6.63070e-47
 0.00000e+00
 6.97922e-48
 1.01313e-15
 3.17365e-31
 4.05251e-15
 3.03938e-15
 3.03938e-15
 1.01655e-31
 1.01313e-15
 2.51689e-30
 0.00000e+00
 0.00000e+00
 0.00000e+00
 0.00000e+00
 0.00000e+00
 0.00000e+00
 0.00000e+00
 0.00000e+00
 0.00000e+00
 0.00000e+00
 0.00000e+00
 0.00000e+00
 0.00000e+00
 0.00000e+00
 0.00000e+00
 0.00000e+00
 0.00000e+00
 0.00000e+00
 0.00000e+00
 0.00000e+00
 0.00000e+00
 0.00000e+00
 0.00000e+00
 0.00000e+00
 0.00000e+00
 4.04095e-04
 2.91000e-04
 3.48052e-04
 3.52488e-04
 3.37673e-04
 3.69616e-04
 3.92987e-04
 3.68953e-04
 3.48548e-04
 3.56260e-04
 4.54806e-04
 4.13362e-04
 3.05836e-04
 1.70425e-04
 1.23547e-04
 3.70473e-05
 1.88668e-06
 0.00000e+00
 5.84476e-04
 3.66032e-03
 5.21023e-03
 1.00641e-02
 2.06898e-02
 3.65478e-02
 4.70338e-02
 4.54593e-02
 3.77154e-02
 2.59721e-02
 1.33636e-02
 5.10961e-03
 1.58093e-03
 4.37760e-04
 1.14282e-04
 2.85072e-05
 6.81246e-06
 1.56015e-06
 3.42412e-07
 7.20325e-08
 1.45305e-08
 2.81211e-09
 5.22356e-10
 9.31452e-11
 1.59396e-11
 2.61622e-12
 4.13100e-13
 6.51309e-14
 1.09873e-14
 1.13271e-15
 1.30848e-46
 3.10019e-30
 6.47525e-32
 5.66355e-16
 2.26542e-15
 5.67508e-30
 5.24795e-31
 3.76866e-31
 1.11362e-47
 8.39610e-32
 3.50346e-32
 5.79873e-65
 2.02625e-15
 8.64482e-31
 0.00000e+00
 2.02625e-15
 7.09428e-31
 0.00000e+00
 3.66622e-32
 1.14992e-47
 1.09259e-47
 4.77105e-31
 6.88126e-31
 5.06564e-15
 2.10722e-47
 0.00000e+00
 1.75186e-46
 0.00000e+00
 0.00000e+00
 0.00000e+00
 0.00000e+00
 0.00000e+00
 0.00000e+00
 0.00000e+00
 0.00000e+00
 0.00000e+00
 0.00000e+00
 0.00000e+00
 0.00000e+00
 0.00000e+00
 0.00000e+00
 0.00000e+00
 0.00000e+00
 0.00000e+00
 0.00000e+00
 0.00000e+00
 0.00000e+00
 0.00000e+00
 0.00000e+00
 0.00000e+00
 0.00000e+00
 0.00000e+00
 4.04095e-04
 2.91000e-04
 3.48052e-04
 3.52488e-04
 3.37673e-04
 3.69616e-04
 3.92987e-04
 3.68953e-04
 3.48548e-04
 3.56260e-04
 4.54806e-04
 4.13362e-04
 3.05836e-04
 1.70425e-04
 1.23547e-04
 3.70473e-05
 1.88668e-06
 0.00000e+00
 5.84476e-04
 3.66032e-03
 5.21023e-03
 1.00641e-02
 2.06898e-02
 3.65478e-02
 4.70338e-02
 4.54593e-02
 3.77154e-02
 2.59721e-02
 1.33636e-02
 5.10961e-03
 1.58093e-03
 4.37760e-04
 1.14282e-04
 2.85072e-05
 6.81246e-06
 1.56015e-06
 3.42412e-07
 7.20325e-08
 1.45305e-08
 2.81211e-09
 5.22351e-10
 9.31487e-11
 1.59409e-11
 2.61668e-12
 4.10834e-13
 5.99204e-14
 9.85458e-15
 4.07776e-15
 3.93963e-31
 1.81234e-15
 2.09417e-31
 1.81234e-15
 2.21520e-30
 0.00000e+00
 2.02625e-15
 2.02625e-15
 1.33473e-31
 1.01313e-15
 0.00000e+00
 1.29636e-47
 1.17489e-31
 2.90831e-47
 0.00000e+00
 1.05091e-31
 6.07876e-15
 1.61022e-32
 1.89595e-48
 0.00000e+00
 0.00000e+00
 5.06564e-15
 2.02625e-15
 7.09189e-15
 1.31879e-30
 0.00000e+00
 0.00000e+00
 0.00000e+00
 0.00000e+00
 0.00000e+00
 0.00000e+00
 0.00000e+00
 0.00000e+00
 0.00000e+00
 0.00000e+00
 0.00000e+00
 0.00000e+00
 0.00000e+00
 0.00000e+00
 0.00000e+00
 0.00000e+00
 0.00000e+00
 0.00000e+00
 0.00000e+00
 0.00000e+00
 0.00000e+00
 0.00000e+00
 0.00000e+00
 0.00000e+00
 0.00000e+00
 0.00000e+00
 0.00000e+00
 4.04095e-04
 2.91000e-04
 3.48052e-04
 3.52488e-04
 3.37673e-04
 3.69616e-04
 3.92987e-04
 3.68953e-04
 3.48548e-04
 3.56260e-04
 4.54806e-04
 4.13362e-04
 3.05836e-04
 1.70425e-04
 1.23547e-04
 3.70473e-05
 1.88668e-06
 0.00000e+00
 5.84476e-04
 3.66032e-03
 5.21023e-03
 1.00641e-02
 2.06898e-02
 3.65478e-02
 4.70338e-02
 4.54593e-02
 3.77154e-02
 2.59721e-02
 1.33636e-02
 5.10961e-03
 1.58093e-03
 4.37760e-04
 1.14282e-04
 2.85072e-05
 6.81246e-06
 1.56015e-06
 3.42412e-07
 7.20325e-08
 1.45305e-08
 2.81211e-09
 5.22358e-10
 9.31481e-11
 1.59403e-11
 2.61736e-12
 4.13100e-13
 6.11664e-14
 1.21200e-14
 1.01944e-15
 1.25358e-30
 1.69907e-15
 2.86500e-46
 4.89917e-30
 1.24598e-15
 1.69907e-15
