InternalEnergy
part
         1
quad4
 2.14365e+02
 8.97754e+01
 8.44112e+01
 6.99124e+01
 6.45910e+01
 5.05814e+01
 3.90955e+01
 3.70304e+01
 3.05687e+01
 2.74935e+01
 2.38735e+01
 2.11527e+01
 1.86453e+01
 1.65246e+01
 1.46555e+01
 1.30322e+01
 1.16145e+01
 1.03773e+01
 9.29752e+00
 8.35363e+00
 7.52826e+00
 6.80530e+00
 6.17130e+00
 5.61410e+00
 5.12337e+00
 4.68981e+00
 4.30544e+00
 3.96296e+00
 3.65566e+00
 3.37650e+00
 3.11367e+00
 2.84562e+00
 2.54252e+00
 2.17311e+00
 1.74924e+00
 1.25969e+00
 8.82963e-01
 5.91899e-01
 3.36320e-01
 1.11782e-01
 6.95516e-03
 1.46647e-05
 2.44825e-06
 2.44816e-06
 2.44816e-06
 2.44816e-06
 2.44816e-06
 2.44816e-06
 2.44816e-06
 2.44816e-06
 2.44816e-06
 2.44816e-06
 2.44816e-06
 2.44816e-06
 2.44816e-06
 2.44816e-06
 2.44816e-06
 2.44816e-06
 2.44816e-06
 2.44816e-06
 8.97754e+01
 8.79888e+01
 8.41035e+01
 8.22239e+01
 5.54555e+01
 5.09368e+01
 4.36020e+01
 3.77210e+01
 3.19892e+01
 2.80313e+01
 2.42953e+01
 2.13178e+01
 1.86876e+01
 1.64715e+01
 1.45519e+01
 1.29044e+01
 1.14785e+01
 1.02449e+01
 9.17406e+00
 8.24283e+00
 7.43100e+00
 6.72171e+00
 6.10045e+00
 5.55485e+00
 5.07434e+00
 4.64961e+00
 4.27275e+00
 3.93657e+00
 3.63450e+00
 3.35960e+00
 3.09994e+00
 2.83381e+00
 2.53128e+00
 2.16110e+00
 1.73669e+00
 1.24830e+00
 8.74492e-01
 5.86204e-01
 3.30532e-01
 1.07753e-01
 6.31446e-03
 1.25206e-05
 2.44823e-06
 2.44816e-06
 2.44816e-06
 2.44816e-06
 2.44816e-06
 2.44816e-06
 2.44816e-06
 2.44816e-06
 2.44816e-06
 2.44816e-06
 2.44816e-06
 2.44816e-06
 2.44816e-06
 2.44816e-06
 2.44816e-06
 2.44816e-06
 2.44816e-06
 2.44816e-06
 8.44112e+01
 8.41035e+01
 8.50400e+01
 8.54151e+01
 7.05226e+01
 5.65542e+01
 4.94657e+01
 3.82481e+01
 3.32627e+01
 2.78326e+01
 2.41720e+01
 2.09334e+01
 1.83484e+01
 1.61353e+01
 1.42658e+01
 1.26565e+01
 1.12714e+01
 1.00715e+01
 9.03054e+00
 8.12427e+00
 7.33370e+00
 6.64209e+00
 6.03570e+00
 5.50242e+00
 5.03216e+00
 4.61585e+00
 4.24596e+00
 3.91547e+00
 3.61802e+00
 3.34673e+00
 3.08940e+00
 2.82381e+00
 2.51976e+00
 2.14589e+00
 1.71828e+00
 1.23037e+00
 8.60402e-01
 5.75665e-01
 3.19264e-01
 9.97201e-02
 5.15365e-03
 9.19203e-06
 2.44819e-06
 2.44816e-06
 2.44816e-06
 2.44816e-06
 2.44816e-06
 2.44816e-06
 2.44816e-06
 2.44816e-06
 2.44816e-06
 2.44816e-06
 2.44816e-06
 2.44816e-06
 2.44816e-06
 2.44816e-06
 2.44816e-06
 2.44816e-06
 2.44816e-06
 2.44816e-06
 6.99124e+01
 8.22239e+01
 8.54151e+01
 6.51561e+01
 5.62693e+01
 4.68952e+01
 3.92337e+01
 3.35147e+01
 2.89461e+01
 2.51773e+01
 2.20501e+01
 1.93977e+01
 1.71351e+01
 1.51911e+01
 1.35125e+01
 1.20585e+01
 1.07931e+01
 9.69034e+00
 8.72558e+00
 7.88089e+00
 7.13910e+00
 6.48685e+00
 5.91178e+00
 5.40373e+00
 4.95362e+00
 4.55355e+00
 4.19666e+00
 3.87658e+00
 3.58746e+00
 3.32262e+00
 3.06948e+00
 2.80512e+00
 2.49910e+00
 2.11994e+00
 1.68765e+00
 1.20194e+00
 8.38065e-01
 5.58560e-01
 3.01809e-01
 8.78336e-02
 3.71997e-03
 6.02668e-06
 2.44817e-06
 2.44816e-06
 2.44816e-06
 2.44816e-06
 2.44816e-06
 2.44816e-06
 2.44816e-06
 2.44816e-06
 2.44816e-06
 2.44816e-06
 2.44816e-06
 2.44816e-06
 2.44816e-06
 2.44816e-06
 2.44816e-06
 2.44816e-06
 2.44816e-06
 2.44816e-06
 6.45910e+01
 5.54555e+01
 7.05226e+01
 5.62693e+01
 4.85398e+01
 4.14402e+01
 3.54090e+01
 3.05964e+01
 2.66147e+01
 2.32882e+01
 2.05040e+01
 1.81154e+01
 1.60845e+01
 1.43235e+01
 1.28032e+01
 1.14759e+01
 1.03177e+01
 9.30136e+00
 8.40882e+00
 7.62268e+00
 6.92935e+00
 6.31652e+00
 5.77384e+00
 5.29220e+00
 4.86368e+00
 4.48119e+00
 4.13863e+00
 3.83016e+00
 3.55046e+00
 3.29289e+00
 3.04416e+00
 2.78040e+00
 2.47095e+00
 2.08421e+00
 1.64519e+00
 1.16450e+00
 8.08532e-01
 5.35008e-01
 2.78618e-01
 7.29194e-02
 2.32984e-03
 3.91090e-06
 2.44816e-06
 2.44816e-06
 2.44816e-06
 2.44816e-06
 2.44816e-06
 2.44816e-06
 2.44816e-06
 2.44816e-06
 2.44816e-06
 2.44816e-06
 2.44816e-06
 2.44816e-06
 2.44816e-06
 2.44816e-06
 2.44816e-06
 2.44816e-06
 2.44816e-06
 2.44816e-06
 5.05814e+01
 5.09368e+01
 5.65542e+01
 4.68952e+01
 4.14402e+01
 3.60606e+01
 3.12554e+01
 2.73331e+01
 2.39824e+01
 2.11656e+01
 1.87600e+01
 1.66991e+01
 1.49178e+01
 1.33718e+01
 1.20205e+01
 1.08362e+01
 9.79300e+00
 8.87260e+00
 8.05813e+00
 7.33651e+00
 6.69586e+00
 6.12641e+00
 5.61916e+00
 5.16668e+00
 4.76193e+00
 4.39896e+00
 4.07233e+00
 3.77684e+00
 3.50769e+00
 3.25809e+00
 3.01379e+00
 2.74970e+00
 2.43494e+00
 2.03971e+00
 1.58891e+00
 1.11940e+00
 7.72382e-01
 5.04768e-01
 2.50040e-01
 5.61850e-02
 1.23258e-03
 2.89151e-06
 2.44816e-06
 2.44816e-06
 2.44816e-06
 2.44816e-06
 2.44816e-06
 2.44816e-06
 2.44816e-06
 2.44816e-06
 2.44816e-06
 2.44816e-06
 2.44816e-06
 2.44816e-06
 2.44816e-06
 2.44816e-06
 2.44816e-06
 2.44816e-06
 2.44816e-06
 2.44816e-06
 3.90955e+01
 4.36020e+01
 4.94657e+01
 3.92337e+01
 3.54090e+01
 3.12554e+01
 2.75255e+01
 2.43481e+01
 2.15739e+01
 1.91880e+01
 1.71305e+01
 1.53446e+01
 1.37942e+01
 1.24368e+01
 1.12451e+01
 1.01927e+01
 9.26092e+00
 8.43276e+00
 7.69565e+00
 7.03798e+00
 6.45074e+00
 5.92531e+00
 5.45466e+00
 5.03233e+00
 4.65249e+00
 4.31007e+00
 4.00031e+00
 3.71864e+00
 3.46073e+00
 3.21941e+00
 2.97908e+00
 2.71316e+00
 2.39047e+00
 1.98854e+00
 1.51639e+00
 1.06837e+00
 7.30299e-01
 4.67962e-01
 2.16353e-01
 3.92635e-02
 5.31275e-04
 2.54300e-06
 2.44816e-06
 2.44816e-06
 2.44816e-06
 2.44816e-06
 2.44816e-06
 2.44816e-06
 2.44816e-06
 2.44816e-06
 2.44816e-06
 2.44816e-06
 2.44816e-06
 2.44816e-06
 2.44816e-06
 2.44816e-06
 2.44816e-06
 2.44816e-06
 2.44816e-06
 2.44816e-06
 3.70304e+01
 3.77210e+01
 3.82481e+01
 3.35147e+01
 3.05964e+01
 2.73331e+01
 2.43481e+01
 2.17107e+01
 1.93953e+01
 1.73739e+01
 1.56137e+01
 1.40754e+01
 1.27281e+01
 1.15432e+01
 1.04957e+01
 9.56595e+00
 8.73716e+00
 7.99659e+00
 7.33274e+00
 6.73709e+00
 6.20161e+00
 5.71962e+00
 5.28526e+00
 4.89319e+00
 4.53850e+00
 4.21702e+00
 3.92454e+00
 3.65714e+00
 3.41080e+00
 3.17763e+00
 2.94023e+00
 2.67035e+00
 2.33618e+00
 1.92604e+00
 1.43442e+00
 1.00963e+00
 6.82917e-01
 4.24345e-01
 1.78390e-01
 2.39947e-02
 1.77972e-04
 2.46160e-06
 2.44816e-06
 2.44816e-06
 2.44816e-06
 2.44816e-06
 2.44816e-06
 2.44816e-06
 2.44816e-06
 2.44816e-06
 2.44816e-06
 2.44816e-06
 2.44816e-06
 2.44816e-06
 2.44816e-06
 2.44816e-06
 2.44816e-06
 2.44816e-06
 2.44816e-06
 2.44816e-06
 3.05687e+01
 3.19892e+01
 3.32627e+01
 2.89461e+01
 2.66147e+01
 2.39824e+01
 2.15739e+01
 1.93953e+01
 1.74544e+01
 1.57405e+01
 1.42340e+01
 1.29081e+01
 1.17394e+01
 1.07055e+01
 9.78728e+00
 8.96752e+00
 8.23326e+00
 7.57293e+00
 6.97777e+00
 6.44033e+00
 5.95422e+00
 5.51396e+00
 5.11488e+00
 4.75236e+00
 4.42255e+00
 4.12188e+00
 3.84668e+00
 3.59366e+00
 3.35888e+00
 3.13322e+00
 2.89708e+00
 2.62037e+00
 2.27044e+00
 1.84913e+00
 1.34565e+00
 9.41737e-01
 6.31976e-01
 3.73668e-01
 1.37647e-01
 1.20678e-02
 4.47443e-05
 2.44933e-06
 2.44816e-06
 2.44816e-06
 2.44816e-06
 2.44816e-06
 2.44816e-06
 2.44816e-06
 2.44816e-06
 2.44816e-06
 2.44816e-06
 2.44816e-06
 2.44816e-06
 2.44816e-06
 2.44816e-06
 2.44816e-06
 2.44816e-06
 2.44816e-06
 2.44816e-06
 2.44816e-06
 2.74935e+01
 2.80313e+01
 2.78326e+01
 2.51773e+01
 2.32882e+01
 2.11656e+01
 1.91880e+01
 1.73739e+01
 1.57405e+01
 1.42842e+01
 1.29934e+01
 1.18496e+01
 1.08355e+01
 9.93363e+00
 9.12843e+00
 8.40662e+00
 7.75656e+00
 7.16903e+00
 6.63658e+00
 6.15296e+00
 5.71287e+00
 5.31206e+00
 4.94646e+00
 4.61236e+00
 4.30667e+00
 4.02629e+00
 3.76805e+00
 3.52925e+00
 3.30565e+00
 3.08628e+00
 2.84892e+00
 2.56180e+00
 2.19149e+00
 1.75518e+00
 1.24897e+00
 8.66736e-01
 5.77963e-01
 3.16574e-01
 9.63099e-02
 4.78970e-03
 9.40327e-06
 2.44822e-06
 2.44816e-06
 2.44816e-06
 2.44816e-06
 2.44816e-06
 2.44816e-06
 2.44816e-06
 2.44816e-06
 2.44816e-06
 2.44816e-06
 2.44816e-06
 2.44816e-06
 2.44816e-06
 2.44816e-06
 2.44816e-06
 2.44816e-06
 2.44816e-06
 2.44816e-06
 2.44816e-06
 2.38735e+01
 2.42953e+01
 2.41720e+01
 2.20501e+01
 2.05040e+01
 1.87600e+01
 1.71305e+01
 1.56137e+01
 1.42340e+01
 1.29934e+01
 1.18847e+01
 1.08967e+01
 1.00158e+01
 9.22838e+00
 8.52219e+00
 7.88627e+00
 7.31094e+00
 6.78858e+00
 6.31281e+00
 5.87819e+00
 5.48061e+00
 5.11644e+00
 4.78223e+00
 4.47506e+00
 4.19241e+00
 3.93148e+00
 3.68969e+00
 3.46473e+00
 3.25147e+00
 3.03646e+00
 2.79441e+00
 2.49238e+00
 2.09742e+00
 1.64116e+00
 1.14760e+00
 7.88748e-01
 5.14951e-01
 2.55655e-01
 5.83978e-02
 1.41096e-03
 3.16047e-06
 2.44816e-06
 2.44816e-06
 2.44816e-06
 2.44816e-06
 2.44816e-06
 2.44816e-06
 2.44816e-06
 2.44816e-06
 2.44816e-06
 2.44816e-06
 2.44816e-06
 2.44816e-06
 2.44816e-06
 2.44816e-06
 2.44816e-06
 2.44816e-06
 2.44816e-06
 2.44816e-06
 2.44816e-06
 2.11527e+01
 2.13178e+01
 2.09334e+01
 1.93977e+01
 1.81154e+01
 1.66991e+01
 1.53446e+01
 1.40754e+01
 1.29081e+01
 1.18496e+01
 1.08967e+01
 1.00420e+01
 9.27578e+00
 8.58763e+00
 7.96770e+00
 7.40689e+00
 6.89759e+00
 6.43319e+00
 6.00811e+00
 5.61791e+00
 5.25918e+00
 4.92869e+00
 4.62364e+00
 4.34177e+00
 4.08083e+00
 3.83836e+00
 3.61238e+00
 3.40061e+00
 3.19628e+00
 2.98275e+00
 2.73138e+00
 2.40831e+00
 1.99489e+00
 1.49941e+00
 1.04703e+00
 7.07874e-01
 4.43390e-01
 1.91666e-01
 2.86014e-02
 2.81799e-04
 2.48838e-06
 2.44816e-06
 2.44816e-06
 2.44816e-06
 2.44816e-06
 2.44816e-06
 2.44816e-06
 2.44816e-06
 2.44816e-06
 2.44816e-06
 2.44816e-06
 2.44816e-06
 2.44816e-06
 2.44816e-06
 2.44816e-06
 2.44816e-06
 2.44816e-06
 2.44816e-06
 2.44816e-06
 2.44816e-06
 1.86453e+01
 1.86876e+01
 1.83484e+01
 1.71351e+01
 1.60845e+01
 1.49178e+01
 1.37942e+01
 1.27281e+01
 1.17394e+01
 1.08355e+01
 1.00158e+01
 9.27578e+00
 8.60867e+00
 8.00676e+00
 7.46183e+00
 6.96695e+00
 6.51582e+00
 6.10277e+00
 5.72296e+00
 5.37290e+00
 5.04940e+00
 4.74969e+00
 4.47160e+00
 4.21328e+00
 3.97260e+00
 3.74754e+00
 3.53667e+00
 3.33707e+00
 3.13946e+00
 2.92331e+00
 2.65671e+00
 2.30479e+00
 1.87150e+00
 1.35190e+00
 9.37625e-01
 6.27337e-01
 3.63256e-01
 1.27967e-01
 1.00228e-02
 3.56536e-05
 2.44926e-06
 2.44816e-06
 2.44816e-06
 2.44816e-06
 2.44816e-06
 2.44816e-06
 2.44816e-06
 2.44816e-06
 2.44816e-06
 2.44816e-06
 2.44816e-06
 2.44816e-06
 2.44816e-06
 2.44816e-06
 2.44816e-06
 2.44816e-06
 2.44816e-06
 2.44816e-06
 2.44816e-06
 2.44816e-06
 1.65246e+01
 1.64715e+01
 1.61353e+01
 1.51911e+01
 1.43235e+01
 1.33718e+01
 1.24368e+01
 1.15432e+01
 1.07055e+01
 9.93363e+00
 9.22838e+00
 8.58763e+00
 8.00676e+00
 7.47967e+00
 7.00054e+00
 6.56363e+00
 6.16379e+00
 5.79617e+00
 5.45700e+00
 5.14301e+00
 4.85134e+00
 4.57973e+00
 4.32652e+00
 4.08995e+00
 3.86807e+00
 3.65945e+00
 3.46283e+00
 3.27379e+00
 3.07954e+00
 2.85511e+00
 2.56607e+00
 2.17771e+00
 1.71941e+00
 1.20232e+00
 8.25503e-01
 5.42448e-01
 2.78273e-01
 7.07154e-02
 2.31668e-03
 4.57257e-06
 2.44817e-06
 2.44816e-06
 2.44816e-06
 2.44816e-06
 2.44816e-06
 2.44816e-06
 2.44816e-06
 2.44816e-06
 2.44816e-06
 2.44816e-06
 2.44816e-06
 2.44816e-06
 2.44816e-06
 2.44816e-06
 2.44816e-06
 2.44816e-06
 2.44816e-06
 2.44816e-06
 2.44816e-06
 2.44816e-06
 1.46555e+01
 1.45519e+01
 1.42658e+01
 1.35125e+01
 1.28032e+01
 1.20205e+01
 1.12451e+01
 1.04957e+01
 9.78728e+00
 9.12843e+00
 8.52219e+00
 7.96770e+00
 7.46183e+00
 7.00054e+00
 6.57928e+00
 6.19358e+00
 5.83900e+00
 5.51199e+00
 5.20915e+00
 4.92755e+00
 4.66463e+00
 4.41876e+00
 4.18838e+00
 3.97176e+00
 3.76735e+00
 3.57429e+00
 3.39075e+00
 3.20970e+00
 3.01390e+00
 2.77356e+00
 2.45298e+00
 2.03242e+00
 1.52772e+00
 1.06021e+00
 7.14736e-01
 4.46563e-01
 1.92439e-01
 2.88841e-02
 3.11538e-04
 2.50953e-06
 2.44816e-06
 2.44816e-06
 2.44816e-06
 2.44816e-06
 2.44816e-06
 2.44816e-06
 2.44816e-06
 2.44816e-06
 2.44816e-06
 2.44816e-06
 2.44816e-06
 2.44816e-06
 2.44816e-06
 2.44816e-06
 2.44816e-06
 2.44816e-06
 2.44816e-06
 2.44816e-06
 2.44816e-06
 2.44816e-06
 1.30322e+01
 1.29044e+01
 1.26565e+01
 1.20585e+01
 1.14759e+01
 1.08362e+01
 1.01927e+01
 9.56595e+00
 8.96752e+00
 8.40662e+00
 7.88627e+00
 7.40689e+00
 6.96695e+00
 6.56363e+00
 6.19358e+00
 5.85309e+00
 5.53902e+00
 5.24826e+00
 4.97796e+00
 4.72539e+00
 4.48868e+00
 4.26634e+00
 4.05681e+00
 3.85848e+00
 3.67048e+00
 3.49204e+00
 3.31969e+00
 3.14258e+00
 2.93814e+00
 2.67231e+00
 2.30906e+00
 1.86047e+00
 1.32780e+00
 9.13836e-01
 6.09583e-01
 3.41230e-01
 1.11370e-01
 7.22062e-03
 2.25950e-05
 2.44883e-06
 2.44816e-06
 2.44816e-06
 2.44816e-06
 2.44816e-06
 2.44816e-06
 2.44816e-06
 2.44816e-06
 2.44816e-06
 2.44816e-06
 2.44816e-06
 2.44816e-06
 2.44816e-06
 2.44816e-06
 2.44816e-06
 2.44816e-06
 2.44816e-06
 2.44816e-06
 2.44816e-06
 2.44816e-06
 2.44816e-06
 1.16145e+01
 1.14785e+01
 1.12714e+01
 1.07931e+01
 1.03177e+01
 9.79300e+00
 9.26092e+00
 8.73716e+00
 8.23326e+00
 7.75656e+00
 7.31094e+00
 6.89759e+00
 6.51582e+00
 6.16379e+00
 5.83900e+00
 5.53902e+00
 5.26117e+00
 5.00294e+00
 4.76169e+00
 4.53548e+00
 4.32266e+00
 4.12176e+00
 3.93117e+00
 3.74985e+00
 3.57737e+00
 3.41216e+00
 3.24780e+00
 3.06843e+00
 2.84553e+00
 2.54265e+00
 2.12928e+00
 1.64432e+00
 1.13585e+00
 7.72212e-01
 4.96119e-01
 2.34614e-01
 4.72369e-02
 9.71033e-04
 2.98913e-06
 2.44816e-06
 2.44816e-06
 2.44816e-06
 2.44816e-06
 2.44816e-06
 2.44816e-06
 2.44816e-06
 2.44816e-06
 2.44816e-06
 2.44816e-06
 2.44816e-06
 2.44816e-06
 2.44816e-06
 2.44816e-06
 2.44816e-06
 2.44816e-06
 2.44816e-06
 2.44816e-06
 2.44816e-06
 2.44816e-06
 2.44816e-06
 1.03773e+01
 1.02449e+01
 1.00715e+01
 9.69034e+00
 9.30136e+00
 8.87260e+00
 8.43276e+00
 7.99659e+00
 7.57293e+00
 7.16903e+00
 6.78858e+00
 6.43319e+00
 6.10277e+00
 5.79617e+00
 5.51199e+00
 5.24826e+00
 5.00294e+00
 4.77376e+00
 4.55886e+00
 4.35664e+00
 4.16558e+00
 3.98405e+00
 3.81089e+00
 3.64564e+00
 3.48761e+00
 3.33313e+00
 3.17148e+00
 2.98060e+00
 2.72656e+00
 2.37314e+00
 1.92570e+00
 1.39039e+00
 9.57462e-01
 6.40988e-01
 3.71641e-01
 1.33413e-01
 1.16728e-02
 5.87683e-05
 2.45280e-06
 2.44816e-06
 2.44816e-06
 2.44816e-06
 2.44816e-06
 2.44816e-06
 2.44816e-06
 2.44816e-06
 2.44816e-06
 2.44816e-06
 2.44816e-06
 2.44816e-06
 2.44816e-06
 2.44816e-06
 2.44816e-06
 2.44816e-06
 2.44816e-06
 2.44816e-06
 2.44816e-06
 2.44816e-06
 2.44816e-06
 2.44816e-06
 9.29752e+00
 9.17406e+00
 9.03054e+00
 8.72558e+00
 8.40882e+00
 8.05813e+00
 7.69565e+00
 7.33274e+00
 6.97777e+00
 6.63658e+00
 6.31281e+00
 6.00811e+00
 5.72296e+00
 5.45700e+00
 5.20915e+00
 4.97796e+00
 4.76169e+00
 4.55886e+00
 4.36798e+00
 4.18761e+00
 4.01615e+00
 3.85233e+00
 3.69554e+00
 3.54546e+00
 3.39991e+00
 3.25169e+00
 3.08431e+00
 2.86886e+00
 2.56873e+00
 2.15484e+00
 1.66903e+00
 1.15404e+00
 7.85457e-01
 5.07509e-01
 2.45204e-01
 5.31536e-02
 1.35060e-03
 3.59362e-06
 2.44817e-06
 2.44816e-06
 2.44816e-06
 2.44816e-06
 2.44816e-06
 2.44816e-06
 2.44816e-06
 2.44816e-06
 2.44816e-06
 2.44816e-06
 2.44816e-06
 2.44816e-06
 2.44816e-06
 2.44816e-06
 2.44816e-06
 2.44816e-06
 2.44816e-06
 2.44816e-06
 2.44816e-06
 2.44816e-06
 2.44816e-06
 2.44816e-06
 8.35363e+00
 8.24283e+00
 8.12427e+00
 7.88089e+00
 7.62268e+00
 7.33651e+00
 7.03798e+00
 6.73709e+00
 6.44033e+00
 6.15296e+00
 5.87819e+00
 5.61791e+00
 5.37290e+00
 5.14301e+00
 4.92755e+00
 4.72539e+00
 4.53548e+00
 4.35664e+00
 4.18761e+00
 4.02691e+00
 3.87328e+00
 3.72599e+00
 3.58475e+00
 3.44819e+00
 3.31127e+00
 3.16165e+00
 2.97573e+00
 2.71909e+00
 2.35749e+00
 1.90512e+00
 1.36752e+00
 9.41960e-01
 6.32160e-01
 3.62700e-01
 1.28200e-01
 1.10433e-02
 5.93024e-05
 2.45417e-06
 2.44816e-06
 2.44816e-06
 2.44816e-06
 2.44816e-06
 2.44816e-06
 2.44816e-06
 2.44816e-06
 2.44816e-06
 2.44816e-06
 2.44816e-06
 2.44816e-06
 2.44816e-06
 2.44816e-06
 2.44816e-06
 2.44816e-06
 2.44816e-06
 2.44816e-06
 2.44816e-06
 2.44816e-06
 2.44816e-06
 2.44816e-06
 2.44816e-06
 7.52826e+00
 7.43100e+00
 7.33370e+00
 7.13910e+00
 6.92935e+00
 6.69586e+00
 6.45074e+00
 6.20161e+00
 5.95422e+00
 5.71287e+00
 5.48061e+00
 5.25918e+00
 5.04940e+00
 4.85134e+00
 4.66463e+00
 4.48868e+00
 4.32266e+00
 4.16558e+00
 4.01615e+00
 3.87328e+00
 3.73623e+00
 3.60465e+00
 3.47750e+00
 3.35099e+00
 3.21558e+00
 3.05214e+00
 2.83010e+00
 2.51441e+00
 2.08945e+00
 1.58264e+00
 1.10089e+00
 7.46777e-01
 4.75889e-01
 2.19682e-01
 4.22523e-02
 8.88603e-04
 3.10956e-06
 2.44817e-06
 2.44816e-06
 2.44816e-06
 2.44816e-06
 2.44816e-06
 2.44816e-06
 2.44816e-06
 2.44816e-06
 2.44816e-06
 2.44816e-06
 2.44816e-06
 2.44816e-06
 2.44816e-06
 2.44816e-06
 2.44816e-06
 2.44816e-06
 2.44816e-06
 2.44816e-06
 2.44816e-06
 2.44816e-06
 2.44816e-06
 2.44816e-06
 2.44816e-06
 6.80530e+00
 6.72171e+00
 6.64209e+00
 6.48685e+00
 6.31652e+00
 6.12641e+00
 5.92531e+00
 5.71962e+00
 5.51396e+00
 5.31206e+00
 5.11644e+00
 4.92869e+00
 4.74969e+00
 4.57973e+00
 4.41876e+00
 4.26634e+00
 4.12176e+00
 3.98405e+00
 3.85233e+00
 3.72599e+00
 3.60465e+00
 3.48733e+00
 3.37090e+00
 3.24756e+00
 3.10151e+00
 2.90613e+00
 2.62742e+00
 2.23783e+00
 1.77559e+00
 1.25208e+00
 8.63415e-01
 5.76695e-01
 3.12120e-01
 9.54701e-02
 5.83864e-03
 2.25407e-05
 2.44963e-06
 2.44816e-06
 2.44816e-06
 2.44816e-06
 2.44816e-06
 2.44816e-06
 2.44816e-06
 2.44816e-06
 2.44816e-06
 2.44816e-06
 2.44816e-06
 2.44816e-06
 2.44816e-06
 2.44816e-06
 2.44816e-06
 2.44816e-06
 2.44816e-06
 2.44816e-06
 2.44816e-06
 2.44816e-06
 2.44816e-06
 2.44816e-06
 2.44816e-06
 2.44816e-06
 6.17130e+00
 6.10045e+00
 6.03570e+00
 5.91178e+00
 5.77384e+00
 5.61916e+00
 5.45466e+00
 5.28526e+00
 5.11488e+00
 4.94646e+00
 4.78223e+00
 4.62364e+00
 4.47160e+00
 4.32652e+00
 4.18838e+00
 4.05681e+00
 3.93117e+00
 3.81089e+00
 3.69554e+00
 3.58475e+00
 3.47750e+00
 3.37090e+00
 3.25818e+00
 3.12579e+00
 2.95049e+00
 2.70077e+00
 2.34830e+00
 1.91162e+00
 1.39039e+00
 9.71853e-01
 6.61311e-01
 3.97304e-01
 1.59688e-01
 2.08738e-02
 2.38676e-04
 2.53774e-06
 2.44816e-06
 2.44816e-06
 2.44816e-06
 2.44816e-06
 2.44816e-06
 2.44816e-06
 2.44816e-06
 2.44816e-06
 2.44816e-06
 2.44816e-06
 2.44816e-06
 2.44816e-06
 2.44816e-06
 2.44816e-06
 2.44816e-06
 2.44816e-06
 2.44816e-06
 2.44816e-06
 2.44816e-06
 2.44816e-06
 2.44816e-06
 2.44816e-06
 2.44816e-06
 2.44816e-06
 5.61410e+00
 5.55485e+00
 5.50242e+00
 5.40373e+00
 5.29220e+00
 5.16668e+00
 5.03233e+00
 4.89319e+00
 4.75236e+00
 4.61236e+00
 4.47506e+00
 4.34177e+00
 4.21328e+00
 4.08995e+00
 3.97176e+00
 3.85848e+00
 3.74985e+00
 3.64564e+00
 3.54546e+00
 3.44819e+00
 3.35099e+00
 3.24756e+00
 3.12579e+00
 2.96507e+00
 2.73683e+00
 2.41377e+00
 2.00039e+00
 1.50102e+00
 1.06393e+00
 7.30594e-01
 4.70092e-01
 2.22814e-01
 4.74572e-02
 1.36562e-03
 4.33125e-06
 2.44822e-06
 2.44816e-06
 2.44816e-06
 2.44816e-06
 2.44816e-06
 2.44816e-06
 2.44816e-06
 2.44816e-06
 2.44816e-06
 2.44816e-06
 2.44816e-06
 2.44816e-06
 2.44816e-06
 2.44816e-06
 2.44816e-06
 2.44816e-06
 2.44816e-06
 2.44816e-06
 2.44816e-06
 2.44816e-06
 2.44816e-06
 2.44816e-06
 2.44816e-06
 2.44816e-06
 2.44816e-06
 5.12337e+00
 5.07434e+00
 5.03216e+00
 4.95362e+00
 4.86368e+00
 4.76193e+00
 4.65249e+00
 4.53850e+00
 4.42255e+00
 4.30667e+00
 4.19241e+00
 4.08083e+00
 3.97260e+00
 3.86807e+00
 3.76735e+00
 3.67048e+00
 3.57737e+00
 3.48761e+00
 3.39991e+00
 3.31127e+00
 3.21558e+00
 3.10151e+00
 2.95049e+00
 2.73683e+00
 2.43537e+00
 2.04408e+00
 1.57275e+00
 1.12953e+00
 7.87555e-01
 5.27074e-01
 2.77355e-01
 7.98545e-02
 4.60199e-03
 1.98531e-05
 2.45001e-06
 2.44816e-06
 2.44816e-06
 2.44816e-06
 2.44816e-06
 2.44816e-06
 2.44816e-06
 2.44816e-06
 2.44816e-06
 2.44816e-06
 2.44816e-06
 2.44816e-06
 2.44816e-06
 2.44816e-06
 2.44816e-06
 2.44816e-06
 2.44816e-06
 2.44816e-06
 2.44816e-06
 2.44816e-06
 2.44816e-06
 2.44816e-06
 2.44816e-06
 2.44816e-06
 2.44816e-06
 2.44816e-06
 4.68981e+00
 4.64961e+00
 4.61585e+00
 4.55355e+00
 4.48119e+00
 4.39896e+00
 4.31007e+00
 4.21702e+00
 4.12188e+00
 4.02629e+00
 3.93148e+00
 3.83836e+00
 3.74754e+00
 3.65945e+00
 3.57429e+00
 3.49204e+00
 3.41216e+00
 3.33313e+00
 3.25169e+00
 3.16165e+00
 3.05214e+00
 2.90613e+00
 2.70077e+00
 2.41377e+00
 2.04408e+00
 1.59790e+00
 1.16455e+00
 8.24366e-01
 5.65801e-01
 3.18644e-01
 1.10833e-01
 1.04463e-02
 8.75581e-05
 2.47422e-06
 2.44816e-06
 2.44816e-06
 2.44816e-06
 2.44816e-06
 2.44816e-06
 2.44816e-06
 2.44816e-06
 2.44816e-06
 2.44816e-06
 2.44816e-06
 2.44816e-06
 2.44816e-06
 2.44816e-06
 2.44816e-06
 2.44816e-06
 2.44816e-06
 2.44816e-06
 2.44816e-06
 2.44816e-06
 2.44816e-06
 2.44816e-06
 2.44816e-06
 2.44816e-06
 2.44816e-06
 2.44816e-06
 2.44816e-06
 4.30544e+00
 4.27275e+00
 4.24596e+00
 4.19666e+00
 4.13863e+00
 4.07233e+00
 4.00031e+00
 3.92454e+00
 3.84668e+00
 3.76805e+00
 3.68969e+00
 3.61238e+00
 3.53667e+00
 3.46283e+00
 3.39075e+00
 3.31969e+00
 3.24780e+00
 3.17148e+00
 3.08431e+00
 2.97573e+00
 2.83010e+00
 2.62742e+00
 2.34830e+00
 2.00039e+00
 1.57275e+00
 1.16455e+00
 8.37096e-01
 5.85429e-01
 3.44236e-01
 1.34429e-01
 1.76175e-02
 2.54277e-04
 2.62191e-06
 2.44817e-06
 2.44816e-06
 2.44816e-06
 2.44816e-06
 2.44816e-06
 2.44816e-06
 2.44816e-06
 2.44816e-06
 2.44816e-06
 2.44816e-06
 2.44816e-06
 2.44816e-06
 2.44816e-06
 2.44816e-06
 2.44816e-06
 2.44816e-06
 2.44816e-06
 2.44816e-06
 2.44816e-06
 2.44816e-06
 2.44816e-06
 2.44816e-06
 2.44816e-06
 2.44816e-06
 2.44816e-06
 2.44816e-06
 2.44816e-06
 3.96296e+00
 3.93657e+00
 3.91547e+00
 3.87658e+00
 3.83016e+00
 3.77684e+00
 3.71864e+00
 3.65714e+00
 3.59366e+00
 3.52925e+00
 3.46473e+00
 3.40061e+00
 3.33707e+00
 3.27379e+00
 3.20970e+00
 3.14258e+00
 3.06843e+00
 2.98060e+00
 2.86886e+00
 2.71909e+00
 2.51441e+00
 2.23783e+00
 1.91162e+00
 1.50102e+00
 1.12953e+00
 8.24366e-01
 5.85429e-01
 3.52897e-01
 1.47017e-01
 2.34910e-02
 4.97001e-04
 3.06769e-06
 2.44819e-06
 2.44816e-06
 2.44816e-06
 2.44816e-06
 2.44816e-06
 2.44816e-06
 2.44816e-06
 2.44816e-06
 2.44816e-06
 2.44816e-06
 2.44816e-06
 2.44816e-06
 2.44816e-06
 2.44816e-06
 2.44816e-06
 2.44816e-06
 2.44816e-06
 2.44816e-06
 2.44816e-06
 2.44816e-06
 2.44816e-06
 2.44816e-06
 2.44816e-06
 2.44816e-06
 2.44816e-06
 2.44816e-06
 2.44816e-06
 2.44816e-06
 3.65566e+00
 3.63450e+00
 3.61802e+00
 3.58746e+00
 3.55046e+00
 3.50769e+00
 3.46073e+00
 3.41080e+00
 3.35888e+00
 3.30565e+00
 3.25147e+00
 3.19628e+00
 3.13946e+00
 3.07954e+00
 3.01390e+00
 2.93814e+00
 2.84553e+00
 2.72656e+00
 2.56873e+00
 2.35749e+00
 2.08945e+00
 1.77559e+00
 1.39039e+00
 1.06393e+00
 7.87555e-01
 5.65801e-01
 3.44236e-01
 1.47017e-01
 2.57255e-02
 6.85729e-04
 3.73455e-06
 2.44826e-06
 2.44816e-06
 2.44816e-06
 2.44816e-06
 2.44816e-06
 2.44816e-06
 2.44816e-06
 2.44816e-06
 2.44816e-06
 2.44816e-06
 2.44816e-06
 2.44816e-06
 2.44816e-06
 2.44816e-06
 2.44816e-06
 2.44816e-06
 2.44816e-06
 2.44816e-06
 2.44816e-06
 2.44816e-06
 2.44816e-06
 2.44816e-06
 2.44816e-06
 2.44816e-06
 2.44816e-06
 2.44816e-06
 2.44816e-06
 2.44816e-06
 2.44816e-06
 3.37650e+00
 3.35960e+00
 3.34673e+00
 3.32262e+00
 3.29289e+00
 3.25809e+00
 3.21941e+00
 3.17763e+00
 3.13322e+00
 3.08628e+00
 3.03646e+00
 2.98275e+00
 2.92331e+00
 2.85511e+00
 2.77356e+00
 2.67231e+00
 2.54265e+00
 2.37314e+00
 2.15484e+00
 1.90512e+00
 1.58264e+00
 1.25208e+00
 9.71853e-01
 7.30594e-01
 5.27074e-01
 3.18644e-01
 1.34429e-01
 2.34910e-02
 6.85729e-04
 4.08071e-06
 2.44833e-06
 2.44816e-06
 2.44816e-06
 2.44816e-06
 2.44816e-06
 2.44816e-06
 2.44816e-06
 2.44816e-06
 2.44816e-06
 2.44816e-06
 2.44816e-06
 2.44816e-06
 2.44816e-06
 2.44816e-06
 2.44816e-06
 2.44816e-06
 2.44816e-06
 2.44816e-06
 2.44816e-06
 2.44816e-06
 2.44816e-06
 2.44816e-06
 2.44816e-06
 2.44816e-06
 2.44816e-06
 2.44816e-06
 2.44816e-06
 2.44816e-06
 2.44816e-06
 2.44816e-06
 3.11367e+00
 3.09994e+00
 3.08940e+00
 3.06948e+00
 3.04416e+00
 3.01379e+00
 2.97908e+00
 2.94023e+00
 2.89708e+00
 2.84892e+00
 2.79441e+00
 2.73138e+00
 2.65671e+00
 2.56607e+00
 2.45298e+00
 2.30906e+00
 2.12928e+00
 1.92570e+00
 1.66903e+00
 1.36752e+00
 1.10089e+00
 8.63415e-01
 6.61311e-01
 4.70092e-01
 2.77355e-01
 1.10833e-01
 1.76175e-02
 4.97001e-04
 3.73455e-06
 2.44833e-06
 2.44816e-06
 2.44816e-06
 2.44816e-06
 2.44816e-06
 2.44816e-06
 2.44816e-06
 2.44816e-06
 2.44816e-06
 2.44816e-06
 2.44816e-06
 2.44816e-06
 2.44816e-06
 2.44816e-06
 2.44816e-06
 2.44816e-06
 2.44816e-06
 2.44816e-06
 2.44816e-06
 2.44816e-06
 2.44816e-06
 2.44816e-06
 2.44816e-06
 2.44816e-06
 2.44816e-06
 2.44816e-06
 2.44816e-06
 2.44816e-06
 2.44816e-06
 2.44816e-06
 2.44816e-06
 2.84562e+00
 2.83381e+00
 2.82381e+00
 2.80512e+00
 2.78040e+00
 2.74970e+00
 2.71316e+00
 2.67035e+00
 2.62037e+00
 2.56180e+00
 2.49238e+00
 2.40831e+00
 2.30479e+00
 2.17771e+00
 2.03242e+00
 1.86047e+00
 1.64432e+00
 1.39039e+00
 1.15404e+00
 9.41960e-01
 7.46777e-01
 5.76695e-01
 3.97304e-01
 2.22814e-01
 7.98545e-02
 1.04463e-02
 2.54277e-04
 3.06769e-06
 2.44826e-06
 2.44816e-06
 2.44816e-06
 2.44816e-06
 2.44816e-06
 2.44816e-06
 2.44816e-06
 2.44816e-06
 2.44816e-06
 2.44816e-06
 2.44816e-06
 2.44816e-06
 2.44816e-06
 2.44816e-06
 2.44816e-06
 2.44816e-06
 2.44816e-06
 2.44816e-06
 2.44816e-06
 2.44816e-06
 2.44816e-06
 2.44816e-06
 2.44816e-06
 2.44816e-06
 2.44816e-06
 2.44816e-06
 2.44816e-06
 2.44816e-06
 2.44816e-06
 2.44816e-06
 2.44816e-06
 2.44816e-06
 2.54252e+00
 2.53128e+00
 2.51976e+00
 2.49910e+00
 2.47095e+00
 2.43494e+00
 2.39047e+00
 2.33618e+00
 2.27044e+00
 2.19149e+00
 2.09742e+00
 1.99489e+00
 1.87150e+00
 1.71941e+00
 1.52772e+00
 1.32780e+00
 1.13585e+00
 9.57462e-01
 7.85457e-01
 6.32160e-01
 4.75889e-01
 3.12120e-01
 1.59688e-01
 4.74572e-02
 4.60199e-03
 8.75581e-05
 2.62191e-06
 2.44819e-06
 2.44816e-06
 2.44816e-06
 2.44816e-06
 2.44816e-06
 2.44816e-06
 2.44816e-06
 2.44816e-06
 2.44816e-06
 2.44816e-06
 2.44816e-06
 2.44816e-06
 2.44816e-06
 2.44816e-06
 2.44816e-06
 2.44816e-06
 2.44816e-06
 2.44816e-06
 2.44816e-06
 2.44816e-06
 2.44816e-06
 2.44816e-06
 2.44816e-06
 2.44816e-06
 2.44816e-06
 2.44816e-06
 2.44816e-06
 2.44816e-06
 2.44816e-06
 2.44816e-06
 2.44816e-06
 2.44816e-06
 2.44816e-06
 2.17311e+00
 2.16110e+00
 2.14589e+00
 2.11994e+00
 2.08421e+00
 2.03971e+00
 1.98854e+00
 1.92604e+00
 1.84913e+00
 1.75518e+00
 1.64116e+00
 1.49941e+00
 1.35190e+00
 1.20232e+00
 1.06021e+00
 9.13836e-01
 7.72212e-01
 6.40988e-01
 5.07509e-01
 3.62700e-01
 2.19682e-01
 9.54701e-02
 2.08738e-02
 1.36562e-03
 1.98531e-05
 2.47422e-06
 2.44817e-06
 2.44816e-06
 2.44816e-06
 2.44816e-06
 2.44816e-06
 2.44816e-06
 2.44816e-06
 2.44816e-06
 2.44816e-06
 2.44816e-06
 2.44816e-06
 2.44816e-06
 2.44816e-06
 2.44816e-06
 2.44816e-06
 2.44816e-06
 2.44816e-06
 2.44816e-06
 2.44816e-06
 2.44816e-06
 2.44816e-06
 2.44816e-06
 2.44816e-06
 2.44816e-06
 2.44816e-06
 2.44816e-06
 2.44816e-06
 2.44816e-06
 2.44816e-06
 2.44816e-06
 2.44816e-06
 2.44816e-06
 2.44816e-06
 2.44816e-06
 1.74924e+00
 1.73669e+00
 1.71828e+00
 1.68765e+00
 1.64519e+00
 1.58891e+00
 1.51639e+00
 1.43442e+00
 1.34565e+00
 1.24897e+00
 1.14760e+00
 1.04703e+00
 9.37625e-01
 8.25503e-01
 7.14736e-01
 6.09583e-01
 4.96119e-01
 3.71641e-01
 2.45204e-01
 1.28200e-01
 4.22523e-02
 5.83864e-03
 2.38676e-04
 4.33125e-06
 2.45001e-06
 2.44816e-06
 2.44816e-06
 2.44816e-06
 2.44816e-06
 2.44816e-06
 2.44816e-06
 2.44816e-06
 2.44816e-06
 2.44816e-06
 2.44816e-06
 2.44816e-06
 2.44816e-06
 2.44816e-06
 2.44816e-06
 2.44816e-06
 2.44816e-06
 2.44816e-06
 2.44816e-06
 2.44816e-06
 2.44816e-06
 2.44816e-06
 2.44816e-06
 2.44816e-06
 2.44816e-06
 2.44816e-06
 2.44816e-06
 2.44816e-06
 2.44816e-06
 2.44816e-06
 2.44816e-06
 2.44816e-06
 2.44816e-06
 2.44816e-06
 2.44816e-06
 2.44816e-06
 1.25969e+00
 1.24830e+00
 1.23037e+00
 1.20194e+00
 1.16450e+00
 1.11940e+00
 1.06837e+00
 1.00963e+00
 9.41737e-01
 8.66736e-01
 7.88748e-01
 7.07874e-01
 6.27337e-01
 5.42448e-01
 4.46563e-01
 3.41230e-01
 2.34614e-01
 1.33413e-01
 5.31536e-02
 1.10433e-02
 8.88603e-04
 2.25407e-05
 2.53774e-06
 2.44822e-06
 2.44816e-06
 2.44816e-06
 2.44816e-06
 2.44816e-06
 2.44816e-06
 2.44816e-06
 2.44816e-06
 2.44816e-06
 2.44816e-06
 2.44816e-06
 2.44816e-06
 2.44816e-06
 2.44816e-06
 2.44816e-06
 2.44816e-06
 2.44816e-06
 2.44816e-06
 2.44816e-06
 2.44816e-06
 2.44816e-06
 2.44816e-06
 2.44816e-06
 2.44816e-06
 2.44816e-06
 2.44816e-06
 2.44816e-06
 2.44816e-06
 2.44816e-06
 2.44816e-06
 2.44816e-06
 2.44816e-06
 2.44816e-06
 2.44816e-06
 2.44816e-06
 2.44816e-06
 2.44816e-06
 8.82963e-01
 8.74492e-01
 8.60402e-01
 8.38065e-01
 8.08532e-01
 7.72382e-01
 7.30299e-01
 6.82917e-01
 6.31976e-01
 5.77963e-01
 5.14951e-01
 4.43390e-01
 3.63256e-01
 2.78273e-01
 1.92439e-01
 1.11370e-01
 4.72369e-02
 1.16728e-02
 1.35060e-03
 5.93024e-05
 3.10956e-06
 2.44963e-06
 2.44816e-06
 2.44816e-06
 2.44816e-06
 2.44816e-06
 2.44816e-06
 2.44816e-06
 2.44816e-06
 2.44816e-06
 2.44816e-06
 2.44816e-06
 2.44816e-06
 2.44816e-06
 2.44816e-06
 2.44816e-06
 2.44816e-06
 2.44816e-06
 2.44816e-06
 2.44816e-06
 2.44816e-06
 2.44816e-06
 2.44816e-06
 2.44816e-06
 2.44816e-06
 2.44816e-06
 2.44816e-06
 2.44816e-06
 2.44816e-06
 2.44816e-06
 2.44816e-06
 2.44816e-06
 2.44816e-06
 2.44816e-06
 2.44816e-06
 2.44816e-06
 2.44816e-06
 2.44816e-06
 2.44816e-06
 2.44816e-06
 5.91899e-01
 5.86204e-01
 5.75665e-01
 5.58560e-01
 5.35008e-01
 5.04768e-01
 4.67962e-01
 4.24345e-01
 3.73668e-01
 3.16574e-01
 2.55655e-01
 1.91666e-01
 1.27967e-01
 7.07154e-02
 2.88841e-02
 7.22062e-03
 9.71033e-04
 5.87683e-05
 3.59362e-06
 2.45417e-06
 2.44817e-06
 2.44816e-06
 2.44816e-06
 2.44816e-06
 2.44816e-06
 2.44816e-06
 2.44816e-06
 2.44816e-06
 2.44816e-06
 2.44816e-06
 2.44816e-06
 2.44816e-06
 2.44816e-06
 2.44816e-06
 2.44816e-06
 2.44816e-06
 2.44816e-06
 2.44816e-06
 2.44816e-06
 2.44816e-06
 2.44816e-06
 2.44816e-06
 2.44816e-06
 2.44816e-06
 2.44816e-06
 2.44816e-06
 2.44816e-06
 2.44816e-06
 2.44816e-06
 2.44816e-06
 2.44816e-06
 2.44816e-06
 2.44816e-06
 2.44816e-06
 2.44816e-06
 2.44816e-06
 2.44816e-06
 2.44816e-06
 2.44816e-06
 2.44816e-06
 3.36320e-01
 3.30532e-01
 3.19264e-01
 3.01809e-01
 2.78618e-01
 2.50040e-01
 2.16353e-01
 1.78390e-01
 1.37647e-01
 9.63099e-02
 5.83978e-02
 2.86014e-02
 1.00228e-02
 2.31668e-03
 3.11538e-04
 2.25950e-05
 2.98913e-06
 2.45280e-06
 2.44817e-06
 2.44816e-06
 2.44816e-06
 2.44816e-06
 2.44816e-06
 2.44816e-06
 2.44816e-06
 2.44816e-06
 2.44816e-06
 2.44816e-06
 2.44816e-06
 2.44816e-06
 2.44816e-06
 2.44816e-06
 2.44816e-06
 2.44816e-06
 2.44816e-06
 2.44816e-06
 2.44816e-06
 2.44816e-06
 2.44816e-06
 2.44816e-06
 2.44816e-06
 2.44816e-06
 2.44816e-06
 2.44816e-06
 2.44816e-06
 2.44816e-06
 2.44816e-06
 2.44816e-06
 2.44816e-06
 2.44816e-06
 2.44816e-06
 2.44816e-06
 2.44816e-06
 2.44816e-06
 2.44816e-06
 2.44816e-06
 2.44816e-06
 2.44816e-06
 2.44816e-06
 2.44816e-06
 1.11782e-01
 1.07753e-01
 9.97201e-02
 8.78336e-02
 7.29194e-02
 5.61850e-02
 3.92635e-02
 2.39947e-02
 1.20678e-02
 4.78970e-03
 1.41096e-03
 2.81799e-04
 3.56536e-05
 4.57257e-06
 2.50953e-06
 2.44883e-06
 2.44816e-06
 2.44816e-06
 2.44816e-06
 2.44816e-06
 2.44816e-06
 2.44816e-06
 2.44816e-06
 2.44816e-06
 2.44816e-06
 2.44816e-06
 2.44816e-06
 2.44816e-06
 2.44816e-06
 2.44816e-06
 2.44816e-06
 2.44816e-06
 2.44816e-06
 2.44816e-06
 2.44816e-06
 2.44816e-06
 2.44816e-06
 2.44816e-06
 2.44816e-06
 2.44816e-06
 2.44816e-06
 2.44816e-06
 2.44816e-06
 2.44816e-06
 2.44816e-06
 2.44816e-06
 2.44816e-06
 2.44816e-06
 2.44816e-06
 2.44816e-06
 2.44816e-06
 2.44816e-06
 2.44816e-06
 2.44816e-06
 2.44816e-06
 2.44816e-06
 2.44816e-06
 2.44816e-06
 2.44816e-06
 2.44816e-06
 6.95516e-03
 6.31446e-03
 5.15365e-03
 3.71997e-03
 2.32984e-03
 1.23258e-03
 5.31275e-04
 1.77972e-04
 4.47443e-05
 9.40327e-06
 3.16047e-06
 2.48838e-06
 2.44926e-06
 2.44817e-06
 2.44816e-06
 2.44816e-06
 2.44816e-06
 2.44816e-06
 2.44816e-06
 2.44816e-06
 2.44816e-06
 2.44816e-06
 2.44816e-06
 2.44816e-06
 2.44816e-06
 2.44816e-06
 2.44816e-06
 2.44816e-06
 2.44816e-06
 2.44816e-06
 2.44816e-06
 2.44816e-06
 2.44816e-06
 2.44816e-06
 2.44816e-06
 2.44816e-06
 2.44816e-06
 2.44816e-06
 2.44816e-06
 2.44816e-06
 2.44816e-06
 2.44816e-06
 2.44816e-06
 2.44816e-06
 2.44816e-06
 2.44816e-06
 2.44816e-06
 2.44816e-06
 2.44816e-06
 2.44816e-06
 2.44816e-06
 2.44816e-06
 2.44816e-06
 2.44816e-06
 2.44816e-06
 2.44816e-06
 2.44816e-06
 2.44816e-06
 2.44816e-06
 2.44816e-06
 1.46647e-05
 1.25206e-05
 9.19203e-06
 6.02668e-06
 3.91090e-06
 2.89151e-06
 2.54300e-06
 2.46160e-06
 2.44933e-06
 2.44822e-06
 2.44816e-06
 2.44816e-06
 2.44816e-06
 2.44816e-06
 2.44816e-06
 2.44816e-06
 2.44816e-06
 2.44816e-06
 2.44816e-06
 2.44816e-06
 2.44816e-06
 2.44816e-06
 2.44816e-06
 2.44816e-06
 2.44816e-06
 2.44816e-06
 2.44816e-06
 2.44816e-06
 2.44816e-06
 2.44816e-06
 2.44816e-06
 2.44816e-06
 2.44816e-06
 2.44816e-06
 2.44816e-06
 2.44816e-06
 2.44816e-06
 2.44816e-06
 2.44816e-06
 2.44816e-06
 2.44816e-06
 2.44816e-06
 2.44816e-06
 2.44816e-06
 2.44816e-06
 2.44816e-06
 2.44816e-06
 2.44816e-06
 2.44816e-06
 2.44816e-06
 2.44816e-06
 2.44816e-06
 2.44816e-06
 2.44816e-06
 2.44816e-06
 2.44816e-06
 2.44816e-06
 2.44816e-06
 2.44816e-06
 2.44816e-06
 2.44825e-06
 2.44823e-06
 2.44819e-06
 2.44817e-06
 2.44816e-06
 2.44816e-06
 2.44816e-06
 2.44816e-06
 2.44816e-06
 2.44816e-06
 2.44816e-06
 2.44816e-06
 2.44816e-06
 2.44816e-06
 2.44816e-06
 2.44816e-06
 2.44816e-06
 2.44816e-06
 2.44816e-06
 2.44816e-06
 2.44816e-06
 2.44816e-06
 2.44816e-06
 2.44816e-06
 2.44816e-06
 2.44816e-06
 2.44816e-06
 2.44816e-06
 2.44816e-06
 2.44816e-06
 2.44816e-06
 2.44816e-06
 2.44816e-06
 2.44816e-06
 2.44816e-06
 2.44816e-06
 2.44816e-06
 2.44816e-06
 2.44816e-06
 2.44816e-06
 2.44816e-06
 2.44816e-06
 2.44816e-06
 2.44816e-06
 2.44816e-06
 2.44816e-06
 2.44816e-06
 2.44816e-06
 2.44816e-06
 2.44816e-06
 2.44816e-06
 2.44816e-06
 2.44816e-06
 2.44816e-06
 2.44816e-06
 2.44816e-06
 2.44816e-06
 2.44816e-06
 2.44816e-06
 2.44816e-06
 2.44816e-06
 2.44816e-06
 2.44816e-06
 2.44816e-06
 2.44816e-06
 2.44816e-06
 2.44816e-06
 2.44816e-06
 2.44816e-06
 2.44816e-06
 2.44816e-06
 2.44816e-06
 2.44816e-06
 2.44816e-06
 2.44816e-06
 2.44816e-06
 2.44816e-06
 2.44816e-06
 2.44816e-06
 2.44816e-06
 2.44816e-06
 2.44816e-06
 2.44816e-06
 2.44816e-06
 2.44816e-06
 2.44816e-06
 2.44816e-06
 2.44816e-06
 2.44816e-06
 2.44816e-06
 2.44816e-06
 2.44816e-06
 2.44816e-06
 2.44816e-06
 2.44816e-06
 2.44816e-06
 2.44816e-06
 2.44816e-06
 2.44816e-06
 2.44816e-06
 2.44816e-06
 2.44816e-06
 2.44816e-06
 2.44816e-06
 2.44816e-06
 2.44816e-06
 2.44816e-06
 2.44816e-06
 2.44816e-06
 2.44816e-06
 2.44816e-06
 2.44816e-06
 2.44816e-06
 2.44816e-06
 2.44816e-06
 2.44816e-06
 2.44816e-06
 2.44816e-06
 2.44816e-06
 2.44816e-06
 2.44816e-06
 2.44816e-06
 2.44816e-06
 2.44816e-06
 2.44816e-06
 2.44816e-06
 2.44816e-06
 2.44816e-06
 2.44816e-06
 2.44816e-06
 2.44816e-06
 2.44816e-06
 2.44816e-06
 2.44816e-06
 2.44816e-06
 2.44816e-06
 2.44816e-06
 2.44816e-06
 2.44816e-06
 2.44816e-06
 2.44816e-06
 2.44816e-06
 2.44816e-06
 2.44816e-06
 2.44816e-06
 2.44816e-06
 2.44816e-06
 2.44816e-06
 2.44816e-06
 2.44816e-06
 2.44816e-06
 2.44816e-06
 2.44816e-06
 2.44816e-06
 2.44816e-06
 2.44816e-06
 2.44816e-06
 2.44816e-06
 2.44816e-06
 2.44816e-06
 2.44816e-06
 2.44816e-06
 2.44816e-06
 2.44816e-06
 2.44816e-06
 2.44816e-06
 2.44816e-06
 2.44816e-06
 2.44816e-06
 2.44816e-06
 2.44816e-06
 2.44816e-06
 2.44816e-06
 2.44816e-06
 2.44816e-06
 2.44816e-06
 2.44816e-06
 2.44816e-06
 2.44816e-06
 2.44816e-06
 2.44816e-06
 2.44816e-06
 2.44816e-06
 2.44816e-06
 2.44816e-06
 2.44816e-06
 2.44816e-06
 2.44816e-06
 2.44816e-06
 2.44816e-06
 2.44816e-06
 2.44816e-06
 2.44816e-06
 2.44816e-06
 2.44816e-06
 2.44816e-06
 2.44816e-06
 2.44816e-06
 2.44816e-06
 2.44816e-06
 2.44816e-06
 2.44816e-06
 2.44816e-06
 2.44816e-06
 2.44816e-06
 2.44816e-06
 2.44816e-06
 2.44816e-06
 2.44816e-06
 2.44816e-06
 2.44816e-06
 2.44816e-06
 2.44816e-06
 2.44816e-06
 2.44816e-06
 2.44816e-06
 2.44816e-06
 2.44816e-06
 2.44816e-06
 2.44816e-06
 2.44816e-06
 2.44816e-06
 2.44816e-06
 2.44816e-06
 2.44816e-06
 2.44816e-06
 2.44816e-06
 2.44816e-06
 2.44816e-06
 2.44816e-06
 2.44816e-06
 2.44816e-06
 2.44816e-06
 2.44816e-06
 2.44816e-06
 2.44816e-06
 2.44816e-06
 2.44816e-06
 2.44816e-06
 2.44816e-06
 2.44816e-06
 2.44816e-06
 2.44816e-06
 2.44816e-06
 2.44816e-06
 2.44816e-06
 2.44816e-06
 2.44816e-06
 2.44816e-06
 2.44816e-06
 2.44816e-06
 2.44816e-06
 2.44816e-06
 2.44816e-06
 2.44816e-06
 2.44816e-06
 2.44816e-06
 2.44816e-06
 2.44816e-06
 2.44816e-06
 2.44816e-06
 2.44816e-06
 2.44816e-06
 2.44816e-06
 2.44816e-06
 2.44816e-06
 2.44816e-06
 2.44816e-06
 2.44816e-06
 2.44816e-06
 2.44816e-06
 2.44816e-06
 2.44816e-06
 2.44816e-06
 2.44816e-06
 2.44816e-06
 2.44816e-06
 2.44816e-06
 2.44816e-06
 2.44816e-06
 2.44816e-06
 2.44816e-06
 2.44816e-06
 2.44816e-06
 2.44816e-06
 2.44816e-06
 2.44816e-06
 2.44816e-06
 2.44816e-06
 2.44816e-06
 2.44816e-06
 2.44816e-06
 2.44816e-06
 2.44816e-06
 2.44816e-06
 2.44816e-06
 2.44816e-06
 2.44816e-06
 2.44816e-06
 2.44816e-06
 2.44816e-06
 2.44816e-06
 2.44816e-06
 2.44816e-06
 2.44816e-06
 2.44816e-06
 2.44816e-06
 2.44816e-06
 2.44816e-06
 2.44816e-06
 2.44816e-06
 2.44816e-06
 2.44816e-06
 2.44816e-06
 2.44816e-06
 2.44816e-06
 2.44816e-06
 2.44816e-06
 2.44816e-06
 2.44816e-06
 2.44816e-06
 2.44816e-06
 2.44816e-06
 2.44816e-06
 2.44816e-06
 2.44816e-06
 2.44816e-06
 2.44816e-06
 2.44816e-06
 2.44816e-06
 2.44816e-06
 2.44816e-06
 2.44816e-06
 2.44816e-06
 2.44816e-06
 2.44816e-06
 2.44816e-06
 2.44816e-06
 2.44816e-06
 2.44816e-06
 2.44816e-06
 2.44816e-06
 2.44816e-06
 2.44816e-06
 2.44816e-06
 2.44816e-06
 2.44816e-06
 2.44816e-06
 2.44816e-06
 2.44816e-06
 2.44816e-06
 2.44816e-06
 2.44816e-06
 2.44816e-06
 2.44816e-06
 2.44816e-06
 2.44816e-06
 2.44816e-06
 2.44816e-06
 2.44816e-06
 2.44816e-06
 2.44816e-06
 2.44816e-06
 2.44816e-06
 2.44816e-06
 2.44816e-06
 2.44816e-06
 2.44816e-06
 2.44816e-06
 2.44816e-06
 2.44816e-06
 2.44816e-06
 2.44816e-06
 2.44816e-06
 2.44816e-06
 2.44816e-06
 2.44816e-06
 2.44816e-06
 2.44816e-06
 2.44816e-06
 2.44816e-06
 2.44816e-06
 2.44816e-06
 2.44816e-06
 2.44816e-06
 2.44816e-06
 2.44816e-06
 2.44816e-06
 2.44816e-06
 2.44816e-06
 2.44816e-06
 2.44816e-06
 2.44816e-06
 2.44816e-06
 2.44816e-06
 2.44816e-06
 2.44816e-06
 2.44816e-06
 2.44816e-06
 2.44816e-06
 2.44816e-06
 2.44816e-06
 2.44816e-06
 2.44816e-06
 2.44816e-06
 2.44816e-06
 2.44816e-06
 2.44816e-06
 2.44816e-06
 2.44816e-06
 2.44816e-06
 2.44816e-06
 2.44816e-06
 2.44816e-06
 2.44816e-06
 2.44816e-06
 2.44816e-06
 2.44816e-06
 2.44816e-06
 2.44816e-06
 2.44816e-06
 2.44816e-06
 2.44816e-06
 2.44816e-06
 2.44816e-06
 2.44816e-06
 2.44816e-06
 2.44816e-06
 2.44816e-06
 2.44816e-06
 2.44816e-06
 2.44816e-06
 2.44816e-06
 2.44816e-06
 2.44816e-06
 2.44816e-06
 2.44816e-06
 2.44816e-06
 2.44816e-06
 2.44816e-06
 2.44816e-06
 2.44816e-06
 2.44816e-06
 2.44816e-06
 2.44816e-06
 2.44816e-06
 2.44816e-06
 2.44816e-06
 2.44816e-06
 2.44816e-06
 2.44816e-06
 2.44816e-06
 2.44816e-06
 2.44816e-06
 2.44816e-06
 2.44816e-06
 2.44816e-06
 2.44816e-06
 2.44816e-06
 2.44816e-06
 2.44816e-06
 2.44816e-06
 2.44816e-06
 2.44816e-06
 2.44816e-06
 2.44816e-06
 2.44816e-06
 2.44816e-06
 2.44816e-06
 2.44816e-06
 2.44816e-06
 2.44816e-06
 2.44816e-06
 2.44816e-06
 2.44816e-06
 2.44816e-06
 2.44816e-06
 2.44816e-06
 2.44816e-06
 2.44816e-06
 2.44816e-06
 2.44816e-06
 2.44816e-06
 2.44816e-06
 2.44816e-06
 2.44816e-06
 2.44816e-06
 2.44816e-06
 2.44816e-06
 2.44816e-06
 2.44816e-06
 2.44816e-06
 2.44816e-06
 2.44816e-06
 2.44816e-06
 2.44816e-06
 2.44816e-06
 2.44816e-06
 2.44816e-06
 2.44816e-06
 2.44816e-06
 2.44816e-06
 2.44816e-06
 2.44816e-06
 2.44816e-06
 2.44816e-06
 2.44816e-06
 2.44816e-06
 2.44816e-06
 2.44816e-06
 2.44816e-06
 2.44816e-06
 2.44816e-06
 2.44816e-06
 2.44816e-06
 2.44816e-06
 2.44816e-06
 2.44816e-06
 2.44816e-06
 2.44816e-06
 2.44816e-06
 2.44816e-06
 2.44816e-06
 2.44816e-06
 2.44816e-06
 2.44816e-06
 2.44816e-06
 2.44816e-06
 2.44816e-06
 2.44816e-06
 2.44816e-06
 2.44816e-06
 2.44816e-06
 2.44816e-06
 2.44816e-06
 2.44816e-06
 2.44816e-06
 2.44816e-06
 2.44816e-06
 2.44816e-06
 2.44816e-06
 2.44816e-06
 2.44816e-06
 2.44816e-06
 2.44816e-06
 2.44816e-06
 2.44816e-06
 2.44816e-06
 2.44816e-06
 2.44816e-06
 2.44816e-06
 2.44816e-06
 2.44816e-06
 2.44816e-06
 2.44816e-06
 2.44816e-06
 2.44816e-06
 2.44816e-06
 2.44816e-06
 2.44816e-06
 2.44816e-06
 2.44816e-06
 2.44816e-06
 2.44816e-06
 2.44816e-06
 2.44816e-06
 2.44816e-06
 2.44816e-06
 2.44816e-06
 2.44816e-06
 2.44816e-06
 2.44816e-06
 2.44816e-06
 2.44816e-06
 2.44816e-06
 2.44816e-06
 2.44816e-06
 2.44816e-06
 2.44816e-06
 2.44816e-06
 2.44816e-06
 2.44816e-06
 2.44816e-06
 2.44816e-06
 2.44816e-06
 2.44816e-06
 2.44816e-06
 2.44816e-06
 2.44816e-06
 2.44816e-06
 2.44816e-06
 2.44816e-06
 2.44816e-06
 2.44816e-06
 2.44816e-06
 2.44816e-06
 2.44816e-06
 2.44816e-06
 2.44816e-06
 2.44816e-06
 2.44816e-06
 2.44816e-06
 2.44816e-06
 2.44816e-06
 2.44816e-06
 2.44816e-06
 2.44816e-06
 2.44816e-06
 2.44816e-06
 2.44816e-06
 2.44816e-06
 2.44816e-06
 2.44816e-06
 2.44816e-06
 2.44816e-06
 2.44816e-06
 2.44816e-06
 2.44816e-06
 2.44816e-06
 2.44816e-06
 2.44816e-06
 2.44816e-06
 2.44816e-06
 2.44816e-06
 2.44816e-06
 2.44816e-06
 2.44816e-06
 2.44816e-06
 2.44816e-06
 2.44816e-06
 2.44816e-06
 2.44816e-06
 2.44816e-06
 2.44816e-06
 2.44816e-06
 2.44816e-06
 2.44816e-06
 2.44816e-06
 2.44816e-06
 2.44816e-06
 2.44816e-06
 2.44816e-06
 2.44816e-06
 2.44816e-06
 2.44816e-06
 2.44816e-06
 2.44816e-06
 2.44816e-06
 2.44816e-06
 2.44816e-06
 2.44816e-06
 2.44816e-06
 2.44816e-06
 2.44816e-06
 2.44816e-06
 2.44816e-06
 2.44816e-06
 2.44816e-06
 2.44816e-06
 2.44816e-06
 2.44816e-06
 2.44816e-06
 2.44816e-06
 2.44816e-06
 2.44816e-06
 2.44816e-06
 2.44816e-06
 2.44816e-06
 2.44816e-06
 2.44816e-06
 2.44816e-06
 2.44816e-06
 2.44816e-06
 2.44816e-06
 2.44816e-06
 2.44816e-06
 2.44816e-06
 2.44816e-06
 2.44816e-06
 2.44816e-06
 2.44816e-06
 2.44816e-06
 2.44816e-06
 2.44816e-06
 2.44816e-06
 2.44816e-06
 2.44816e-06
 2.44816e-06
 2.44816e-06
 2.44816e-06
 2.44816e-06
 2.44816e-06
 2.44816e-06
 2.44816e-06
 2.44816e-06
 2.44816e-06
 2.44816e-06
 2.44816e-06
 2.44816e-06
 2.44816e-06
 2.44816e-06
 2.44816e-06
 2.44816e-06
 2.44816e-06
 2.44816e-06
 2.44816e-06
 2.44816e-06
 2.44816e-06
 2.44816e-06
 2.44816e-06
 2.44816e-06
 2.44816e-06
 2.44816e-06
 2.44816e-06
 2.44816e-06
 2.44816e-06
 2.44816e-06
 2.44816e-06
 2.44816e-06
 2.44816e-06
 2.44816e-06
 2.44816e-06
 2.44816e-06
 2.44816e-06
 2.44816e-06
 2.44816e-06
 2.44816e-06
 2.44816e-06
 2.44816e-06
 2.44816e-06
 2.44816e-06
 2.44816e-06
 2.44816e-06
 2.44816e-06
 2.44816e-06
 2.44816e-06
 2.44816e-06
 2.44816e-06
 2.44816e-06
 2.44816e-06
 2.44816e-06
 2.44816e-06
 2.44816e-06
 2.44816e-06
 2.44816e-06
 2.44816e-06
 2.44816e-06
 2.44816e-06
 2.44816e-06
 2.44816e-06
 2.44816e-06
 2.44816e-06
 2.44816e-06
 2.44816e-06
 2.44816e-06
 2.44816e-06
 2.44816e-06
 2.44816e-06
 2.44816e-06
 2.44816e-06
 2.44816e-06
 2.44816e-06
 2.44816e-06
 2.44816e-06
 2.44816e-06
 2.44816e-06
 2.44816e-06
 2.44816e-06
 2.44816e-06
 2.44816e-06
 2.44816e-06
 2.44816e-06
 2.44816e-06
 2.44816e-06
 2.44816e-06
 2.44816e-06
 2.44816e-06
 2.44816e-06
 2.44816e-06
 2.44816e-06
 2.44816e-06
 2.44816e-06
 2.44816e-06
 2.44816e-06
 2.44816e-06
 2.44816e-06
 2.44816e-06
 2.44816e-06
 2.44816e-06
 2.44816e-06
 2.44816e-06
 2.44816e-06
 2.44816e-06
 2.44816e-06
 2.44816e-06
 2.44816e-06
 2.44816e-06
 2.44816e-06
 2.44816e-06
 2.44816e-06
 2.44816e-06
 2.44816e-06
 2.44816e-06
 2.44816e-06
 2.44816e-06
 2.44816e-06
 2.44816e-06
 2.44816e-06
 2.44816e-06
 2.44816e-06
 2.44816e-06
 2.44816e-06
 2.44816e-06
 2.44816e-06
 2.44816e-06
 2.44816e-06
 2.44816e-06
 2.44816e-06
 2.44816e-06
 2.44816e-06
 2.44816e-06
 2.44816e-06
 2.44816e-06
 2.44816e-06
 2.44816e-06
 2.44816e-06
 2.44816e-06
 2.44816e-06
 2.44816e-06
 2.44816e-06
 2.44816e-06
 2.44816e-06
 2.44816e-06
 2.44816e-06
 2.44816e-06
 2.44816e-06
 2.44816e-06
 2.44816e-06
 2.44816e-06
 2.44816e-06
 2.44816e-06
 2.44816e-06
 2.44816e-06
 2.44816e-06
 2.44816e-06
 2.44816e-06
 2.44816e-06
 2.44816e-06
 2.44816e-06
 2.44816e-06
 2.44816e-06
 2.44816e-06
 2.44816e-06
 2.44816e-06
 2.44816e-06
 2.44816e-06
 2.44816e-06
 2.44816e-06
 2.44816e-06
 2.44816e-06
 2.44816e-06
 2.44816e-06
 2.44816e-06
 2.44816e-06
 2.44816e-06
 2.44816e-06
 2.44816e-06
 2.44816e-06
 2.44816e-06
 2.44816e-06
 2.44816e-06
 2.44816e-06
 2.44816e-06
 2.44816e-06
 2.44816e-06
 2.44816e-06
 2.44816e-06
 2.44816e-06
 2.44816e-06
 2.44816e-06
 2.44816e-06
 2.44816e-06
 2.44816e-06
 2.44816e-06
 2.44816e-06
 2.44816e-06
 2.44816e-06
 2.44816e-06
 2.44816e-06
 2.44816e-06
 2.44816e-06
 2.44816e-06
 2.44816e-06
 2.44816e-06
 2.44816e-06
 2.44816e-06
 2.44816e-06
 2.44816e-06
 2.44816e-06
 2.44816e-06
 2.44816e-06
 2.44816e-06
 2.44816e-06
 2.44816e-06
 2.44816e-06
 2.44816e-06
 2.44816e-06
 2.44816e-06
 2.44816e-06
 2.44816e-06
 2.44816e-06
 2.44816e-06
 2.44816e-06
 2.44816e-06
 2.44816e-06
 2.44816e-06
 2.44816e-06
 2.44816e-06
 2.44816e-06
 2.44816e-06
 2.44816e-06
 2.44816e-06
 2.44816e-06
 2.44816e-06
 2.44816e-06
 2.44816e-06
 2.44816e-06
 2.44816e-06
 2.44816e-06
 2.44816e-06
 2.44816e-06
 2.44816e-06
 2.44816e-06
 2.44816e-06
 2.44816e-06
 2.44816e-06
 2.44816e-06
 2.44816e-06
 2.44816e-06
 2.44816e-06
 2.44816e-06
 2.44816e-06
 2.44816e-06
 2.44816e-06
 2.44816e-06
 2.44816e-06
 2.44816e-06
 2.44816e-06
 2.44816e-06
 2.44816e-06
 2.44816e-06
 2.44816e-06
 2.44816e-06
 2.44816e-06
 2.44816e-06
 2.44816e-06
 2.44816e-06
 2.44816e-06
 2.44816e-06
 2.44816e-06
 2.44816e-06
 2.44816e-06
 2.44816e-06
 2.44816e-06
 2.44816e-06
 2.44816e-06
 2.44816e-06
 2.44816e-06
 2.44816e-06
 2.44816e-06
 2.44816e-06
 2.44816e-06
 2.44816e-06
 2.44816e-06
 2.44816e-06
 2.44816e-06
 2.44816e-06
 2.44816e-06
 2.44816e-06
 2.44816e-06
 2.44816e-06
 2.44816e-06
 2.44816e-06
 2.44816e-06
 2.44816e-06
 2.44816e-06
 2.44816e-06
 2.44816e-06
 2.44816e-06
 2.44816e-06
 2.44816e-06
 2.44816e-06
 2.44816e-06
 2.44816e-06
 2.44816e-06
 2.44816e-06
 2.44816e-06
 2.44816e-06
 2.44816e-06
 2.44816e-06
 2.44816e-06
 2.44816e-06
 2.44816e-06
 2.44816e-06
 2.44816e-06
 2.44816e-06
 2.44816e-06
 2.44816e-06
 2.44816e-06
 2.44816e-06
 2.44816e-06
 2.44816e-06
 2.44816e-06
 2.44816e-06
 2.44816e-06
 2.44816e-06
 2.44816e-06
 2.44816e-06
 2.44816e-06
 2.44816e-06
 2.44816e-06
 2.44816e-06
 2.44816e-06
 2.44816e-06
 2.44816e-06
 2.44816e-06
 2.44816e-06
 2.44816e-06
 2.44816e-06
 2.44816e-06
 2.44816e-06
 2.44816e-06
 2.44816e-06
 2.44816e-06
 2.44816e-06
 2.44816e-06
 2.44816e-06
 2.44816e-06
 2.44816e-06
 2.44816e-06
 2.44816e-06
 2.44816e-06
 2.44816e-06
 2.44816e-06
 2.44816e-06
 2.44816e-06
 2.44816e-06
 2.44816e-06
 2.44816e-06
 2.44816e-06
 2.44816e-06
 2.44816e-06
 2.44816e-06
 2.44816e-06
 2.44816e-06
 2.44816e-06
 2.44816e-06
 2.44816e-06
 2.44816e-06
 2.44816e-06
 2.44816e-06
 2.44816e-06
 2.44816e-06
 2.44816e-06
 2.44816e-06
 2.44816e-06
 2.44816e-06
 2.44816e-06
 2.44816e-06
 2.44816e-06
 2.44816e-06
 2.44816e-06
 2.44816e-06
 2.44816e-06
 2.44816e-06
 2.44816e-06
 2.44816e-06
 2.44816e-06
 2.44816e-06
 2.44816e-06
