InternalEnergy
part
         1
quad4
 2.14386e+02
 8.56990e+01
 8.28226e+01
 7.22599e+01
 6.23421e+01
 4.45313e+01
 3.93144e+01
 3.68400e+01
 3.02662e+01
 2.80229e+01
 2.45119e+01
 2.21351e+01
 1.97684e+01
 1.77876e+01
 1.59891e+01
 1.44079e+01
 1.29981e+01
 1.17471e+01
 1.06365e+01
 9.64981e+00
 8.77385e+00
 7.99554e+00
 7.30398e+00
 6.68908e+00
 6.14208e+00
 5.65503e+00
 5.22099e+00
 4.83371e+00
 4.48773e+00
 4.17815e+00
 3.90064e+00
 3.65133e+00
 3.42677e+00
 3.22383e+00
 3.03962e+00
 2.87136e+00
 2.71561e+00
 2.56624e+00
 2.41184e+00
 2.23448e+00
 2.01243e+00
 1.72416e+00
 1.38744e+00
 1.00713e+00
 7.17942e-01
 4.96033e-01
 2.95775e-01
 1.13690e-01
 1.07105e-02
 4.03603e-05
 2.44900e-06
 2.44816e-06
 2.44816e-06
 2.44816e-06
 2.44816e-06
 2.44816e-06
 2.44816e-06
 2.44816e-06
 2.44816e-06
 2.44816e-06
 8.56990e+01
 8.37083e+01
 8.29832e+01
 8.05737e+01
 5.76290e+01
 5.21060e+01
 4.84118e+01
 4.05630e+01
 3.46278e+01
 3.04014e+01
 2.64603e+01
 2.34307e+01
 2.06811e+01
 1.83843e+01
 1.63642e+01
 1.46265e+01
 1.31083e+01
 1.17869e+01
 1.06298e+01
 9.61592e+00
 8.72477e+00
 7.93996e+00
 7.24708e+00
 6.63429e+00
 6.09122e+00
 5.60911e+00
 5.18032e+00
 4.79826e+00
 4.45720e+00
 4.15213e+00
 3.87866e+00
 3.63291e+00
 3.41144e+00
 3.21116e+00
 3.02921e+00
 2.86287e+00
 2.70870e+00
 2.56053e+00
 2.40688e+00
 2.22969e+00
 2.00718e+00
 1.71787e+00
 1.38029e+00
 1.00095e+00
 7.13188e-01
 4.92652e-01
 2.92308e-01
 1.10948e-01
 1.00196e-02
 3.54575e-05
 2.44882e-06
 2.44816e-06
 2.44816e-06
 2.44816e-06
 2.44816e-06
 2.44816e-06
 2.44816e-06
 2.44816e-06
 2.44816e-06
 2.44816e-06
 8.28226e+01
 8.29832e+01
 8.34638e+01
 8.39896e+01
 6.95011e+01
 6.14293e+01
 5.54532e+01
 4.12473e+01
 3.70497e+01
 3.06135e+01
 2.68860e+01
 2.32731e+01
 2.05204e+01
 1.81205e+01
 1.61212e+01
 1.43913e+01
 1.29034e+01
 1.16068e+01
 1.04759e+01
 9.48387e+00
 8.61217e+00
 7.84383e+00
 7.16551e+00
 6.56518e+00
 6.03299e+00
 5.56019e+00
 5.13943e+00
 4.76424e+00
 4.42905e+00
 4.12895e+00
 3.85972e+00
 3.61754e+00
 3.39908e+00
 3.20132e+00
 3.02148e+00
 2.85689e+00
 2.70412e+00
 2.55686e+00
 2.40341e+00
 2.22544e+00
 2.00116e+00
 1.70912e+00
 1.36876e+00
 9.90826e-01
 7.04996e-01
 4.86335e-01
 2.85527e-01
 1.05437e-01
 8.71854e-03
 2.72423e-05
 2.44856e-06
 2.44816e-06
 2.44816e-06
 2.44816e-06
 2.44816e-06
 2.44816e-06
 2.44816e-06
 2.44816e-06
 2.44816e-06
 2.44816e-06
 7.22599e+01
 8.05737e+01
 8.39896e+01
 6.95047e+01
 6.13974e+01
 5.22475e+01
 4.32357e+01
 3.68172e+01
 3.17586e+01
 2.75940e+01
 2.42546e+01
 2.14224e+01
 1.90312e+01
 1.69774e+01
 1.52004e+01
 1.36563e+01
 1.23051e+01
 1.11211e+01
 1.00783e+01
 9.15923e+00
 8.34622e+00
 7.62632e+00
 6.98723e+00
 6.41921e+00
 5.91334e+00
 5.46224e+00
 5.05923e+00
 4.69866e+00
 4.37548e+00
 4.08529e+00
 3.82420e+00
 3.58875e+00
 3.37584e+00
 3.18266e+00
 3.00661e+00
 2.84513e+00
 2.69480e+00
 2.54917e+00
 2.39620e+00
 2.21722e+00
 1.99039e+00
 1.69472e+00
 1.34963e+00
 9.74825e-01
 6.92004e-01
 4.76131e-01
 2.74983e-01
 9.71109e-02
 6.98924e-03
 1.82821e-05
 2.44834e-06
 2.44816e-06
 2.44816e-06
 2.44816e-06
 2.44816e-06
 2.44816e-06
 2.44816e-06
 2.44816e-06
 2.44816e-06
 2.44816e-06
 6.23421e+01
 5.76290e+01
 6.95011e+01
 6.13974e+01
 5.37367e+01
 4.63445e+01
 3.93883e+01
 3.39221e+01
 2.94599e+01
 2.57710e+01
 2.27329e+01
 2.01325e+01
 1.79466e+01
 1.60491e+01
 1.44189e+01
 1.29929e+01
 1.17483e+01
 1.06520e+01
 9.68576e+00
 8.83006e+00
 8.07132e+00
 7.39659e+00
 6.79584e+00
 6.25980e+00
 5.78089e+00
 5.35227e+00
 4.96813e+00
 4.62330e+00
 4.31328e+00
 4.03407e+00
 3.78214e+00
 3.55432e+00
 3.34778e+00
 3.15990e+00
 2.98825e+00
 2.83042e+00
 2.68295e+00
 2.53914e+00
 2.38647e+00
 2.20580e+00
 1.97529e+00
 1.67549e+00
 1.32247e+00
 9.53711e-01
 6.74661e-01
 4.62101e-01
 2.60850e-01
 8.62613e-02
 5.10565e-03
 1.09029e-05
 2.44822e-06
 2.44816e-06
 2.44816e-06
 2.44816e-06
 2.44816e-06
 2.44816e-06
 2.44816e-06
 2.44816e-06
 2.44816e-06
 2.44816e-06
 4.45313e+01
 5.21060e+01
 6.14293e+01
 5.22475e+01
 4.63445e+01
 4.03880e+01
 3.47931e+01
 3.03384e+01
 2.65551e+01
 2.34337e+01
 2.07915e+01
 1.85491e+01
 1.66218e+01
 1.49560e+01
 1.35034e+01
 1.22319e+01
 1.11109e+01
 1.01206e+01
 9.24122e+00
 8.45914e+00
 7.76135e+00
 7.13806e+00
 6.58007e+00
 6.08003e+00
 5.63112e+00
 5.22771e+00
 4.86462e+00
 4.53746e+00
 4.24219e+00
 3.97534e+00
 3.73375e+00
 3.51458e+00
 3.31526e+00
 3.13341e+00
 2.96680e+00
 2.81313e+00
 2.66888e+00
 2.52698e+00
 2.37433e+00
 2.19118e+00
 1.95564e+00
 1.65172e+00
 1.28676e+00
 9.27942e-01
 6.53233e-01
 4.44123e-01
 2.43220e-01
 7.33443e-02
 3.34807e-03
 6.14069e-06
 2.44818e-06
 2.44816e-06
 2.44816e-06
 2.44816e-06
 2.44816e-06
 2.44816e-06
 2.44816e-06
 2.44816e-06
 2.44816e-06
 2.44816e-06
 3.93144e+01
 4.84118e+01
 5.54532e+01
 4.32357e+01
 3.93883e+01
 3.47931e+01
 3.05538e+01
 2.70019e+01
 2.38979e+01
 2.12559e+01
 1.89938e+01
 1.70405e+01
 1.53554e+01
 1.38857e+01
 1.26007e+01
 1.14681e+01
 1.04668e+01
 9.57638e+00
 8.78287e+00
 8.07289e+00
 7.43671e+00
 6.86521e+00
 6.35127e+00
 5.88823e+00
 5.47070e+00
 5.09365e+00
 4.75282e+00
 4.44436e+00
 4.16485e+00
 3.91124e+00
 3.68078e+00
 3.47094e+00
 3.27946e+00
 3.10418e+00
 2.94307e+00
 2.79394e+00
 2.65314e+00
 2.51311e+00
 2.35997e+00
 2.17331e+00
 1.93112e+00
 1.62198e+00
 1.24473e+00
 8.96952e-01
 6.28071e-01
 4.22250e-01
 2.22078e-01
 5.90509e-02
 1.93228e-03
 3.72989e-06
 2.44816e-06
 2.44816e-06
 2.44816e-06
 2.44816e-06
 2.44816e-06
 2.44816e-06
 2.44816e-06
 2.44816e-06
 2.44816e-06
 2.44816e-06
 3.68400e+01
 4.05630e+01
 4.12473e+01
 3.68172e+01
 3.39221e+01
 3.03384e+01
 2.70019e+01
 2.40583e+01
 2.14806e+01
 1.92402e+01
 1.73019e+01
 1.56152e+01
 1.41458e+01
 1.28594e+01
 1.17266e+01
 1.07248e+01
 9.83386e+00
 9.03871e+00
 8.32597e+00
 7.68565e+00
 7.10861e+00
 6.58791e+00
 6.11708e+00
 5.69094e+00
 5.30469e+00
 4.95428e+00
 4.63603e+00
 4.34673e+00
 4.08342e+00
 3.84353e+00
 3.62465e+00
 3.42459e+00
 3.24135e+00
 3.07300e+00
 2.91771e+00
 2.77338e+00
 2.63611e+00
 2.49772e+00
 2.34341e+00
 2.15195e+00
 1.90112e+00
 1.58534e+00
 1.19752e+00
 8.60734e-01
 5.99509e-01
 3.96363e-01
 1.97571e-01
 4.43299e-02
 9.56422e-04
 2.78897e-06
 2.44816e-06
 2.44816e-06
 2.44816e-06
 2.44816e-06
 2.44816e-06
 2.44816e-06
 2.44816e-06
 2.44816e-06
 2.44816e-06
 2.44816e-06
 3.02662e+01
 3.46278e+01
 3.70497e+01
 3.17586e+01
 2.94599e+01
 2.65551e+01
 2.38979e+01
 2.14806e+01
 1.93240e+01
 1.74241e+01
 1.57603e+01
 1.43017e+01
 1.30226e+01
 1.18963e+01
 1.09009e+01
 1.00163e+01
 9.22668e+00
 8.51851e+00
 7.88127e+00
 7.30577e+00
 6.78493e+00
 6.31242e+00
 5.88320e+00
 5.49269e+00
 5.13706e+00
 4.81283e+00
 4.51699e+00
 4.24678e+00
 3.99978e+00
 3.77374e+00
 3.56663e+00
 3.37656e+00
 3.20178e+00
 3.04057e+00
 2.89130e+00
 2.75190e+00
 2.61809e+00
 2.48091e+00
 2.32446e+00
 2.12666e+00
 1.86483e+00
 1.54079e+00
 1.14521e+00
 8.20118e-01
 5.68016e-01
 3.66257e-01
 1.70009e-01
 3.03453e-02
 3.92634e-04
 2.51445e-06
 2.44816e-06
 2.44816e-06
 2.44816e-06
 2.44816e-06
 2.44816e-06
 2.44816e-06
 2.44816e-06
 2.44816e-06
 2.44816e-06
 2.44816e-06
 2.80229e+01
 3.04014e+01
 3.06135e+01
 2.75940e+01
 2.57710e+01
 2.34337e+01
 2.12559e+01
 1.92402e+01
 1.74241e+01
 1.58054e+01
 1.43749e+01
 1.31119e+01
 1.19975e+01
 1.10114e+01
 1.01360e+01
 9.35533e+00
 8.65563e+00
 8.02599e+00
 7.45688e+00
 6.94093e+00
 6.47176e+00
 6.04428e+00
 5.65405e+00
 5.29740e+00
 4.97099e+00
 4.67202e+00
 4.39792e+00
 4.14641e+00
 3.91545e+00
 3.70316e+00
 3.50778e+00
 3.32773e+00
 3.16145e+00
 3.00747e+00
 2.86431e+00
 2.72983e+00
 2.59927e+00
 2.46264e+00
 2.30279e+00
 2.09677e+00
 1.82141e+00
 1.48707e+00
 1.08739e+00
 7.74640e-01
 5.34912e-01
 3.31648e-01
 1.39982e-01
 1.82994e-02
 1.28451e-04
 2.45708e-06
 2.44816e-06
 2.44816e-06
 2.44816e-06
 2.44816e-06
 2.44816e-06
 2.44816e-06
 2.44816e-06
 2.44816e-06
 2.44816e-06
 2.44816e-06
 2.45119e+01
 2.64603e+01
 2.68860e+01
 2.42546e+01
 2.27329e+01
 2.07915e+01
 1.89938e+01
 1.73019e+01
 1.57603e+01
 1.43749e+01
 1.31399e+01
 1.20436e+01
 1.10706e+01
 1.02061e+01
 9.43537e+00
 8.74568e+00
 8.12559e+00
 7.56551e+00
 7.05761e+00
 6.59529e+00
 6.17326e+00
 5.78702e+00
 5.43297e+00
 5.10785e+00
 4.80898e+00
 4.53395e+00
 4.28064e+00
 4.04713e+00
 3.83172e+00
 3.63283e+00
 3.44898e+00
 3.27881e+00
 3.12098e+00
 2.97419e+00
 2.83713e+00
 2.70746e+00
 2.57973e+00
 2.44272e+00
 2.27782e+00
 2.06143e+00
 1.76995e+00
 1.42282e+00
 1.02514e+00
 7.25584e-01
 4.99221e-01
 2.93034e-01
 1.08476e-01
 9.22318e-03
 3.30166e-05
 2.44894e-06
 2.44816e-06
 2.44816e-06
 2.44816e-06
 2.44816e-06
 2.44816e-06
 2.44816e-06
 2.44816e-06
 2.44816e-06
 2.44816e-06
 2.44816e-06
 2.21351e+01
 2.34307e+01
 2.32731e+01
 2.14224e+01
 2.01325e+01
 1.85491e+01
 1.70405e+01
 1.56152e+01
 1.43017e+01
 1.31119e+01
 1.20436e+01
 1.10890e+01
 1.02379e+01
 9.47820e+00
 8.79847e+00
 8.18818e+00
 7.63780e+00
 7.13918e+00
 6.68555e+00
 6.27128e+00
 5.89167e+00
 5.54298e+00
 5.22198e+00
 4.92600e+00
 4.65273e+00
 4.40015e+00
 4.16645e+00
 3.95008e+00
 3.74957e+00
 3.56359e+00
 3.39092e+00
 3.23039e+00
 3.08082e+00
 2.94113e+00
 2.81005e+00
 2.68493e+00
 2.55940e+00
 2.42075e+00
 2.24873e+00
 2.01937e+00
 1.71139e+00
 1.34476e+00
 9.60554e-01
 6.74255e-01
 4.57865e-01
 2.51507e-01
 7.69804e-02
 3.77395e-03
 7.74407e-06
 2.44820e-06
 2.44816e-06
 2.44816e-06
 2.44816e-06
 2.44816e-06
 2.44816e-06
 2.44816e-06
 2.44816e-06
 2.44816e-06
 2.44816e-06
 2.44816e-06
 1.97684e+01
 2.06811e+01
 2.05204e+01
 1.90312e+01
 1.79466e+01
 1.66218e+01
 1.53554e+01
 1.41458e+01
 1.30226e+01
 1.19975e+01
 1.10706e+01
 1.02379e+01
 9.49147e+00
 8.82260e+00
 8.22189e+00
 7.68078e+00
 7.19140e+00
 6.74685e+00
 6.34124e+00
 5.96969e+00
 5.62815e+00
 5.31329e+00
 5.02235e+00
 4.75305e+00
 4.50339e+00
 4.27166e+00
 4.05633e+00
 3.85609e+00
 3.66971e+00
 3.49607e+00
 3.33414e+00
 3.18291e+00
 3.04136e+00
 2.90859e+00
 2.78331e+00
 2.66233e+00
 2.53808e+00
 2.39610e+00
 2.21435e+00
 1.96852e+00
 1.64785e+00
 1.25255e+00
 8.94412e-01
 6.20824e-01
 4.11159e-01
 2.06856e-01
 4.82170e-02
 1.19186e-03
 3.05599e-06
 2.44816e-06
 2.44816e-06
 2.44816e-06
 2.44816e-06
 2.44816e-06
 2.44816e-06
 2.44816e-06
 2.44816e-06
 2.44816e-06
 2.44816e-06
 2.44816e-06
 1.77876e+01
 1.83843e+01
 1.81205e+01
 1.69774e+01
 1.60491e+01
 1.49560e+01
 1.38857e+01
 1.28594e+01
 1.18963e+01
 1.10114e+01
 1.02061e+01
 9.47820e+00
 8.82260e+00
 8.23242e+00
 7.70058e+00
 7.21987e+00
 6.78396e+00
 6.38698e+00
 6.02383e+00
 5.69025e+00
 5.38274e+00
 5.09830e+00
 4.83457e+00
 4.58958e+00
 4.36158e+00
 4.14910e+00
 3.95086e+00
 3.76573e+00
 3.59266e+00
 3.43071e+00
 3.27902e+00
 3.13669e+00
 3.00288e+00
 2.87681e+00
 2.75703e+00
 2.63956e+00
 2.51534e+00
 2.36780e+00
 2.17318e+00
 1.90651e+00
 1.57053e+00
 1.15854e+00
 8.22967e-01
 5.66496e-01
 3.59059e-01
 1.59811e-01
 2.52221e-02
 2.70655e-04
 2.49009e-06
 2.44816e-06
 2.44816e-06
 2.44816e-06
 2.44816e-06
 2.44816e-06
 2.44816e-06
 2.44816e-06
 2.44816e-06
 2.44816e-06
 2.44816e-06
 2.44816e-06
 1.59891e+01
 1.63642e+01
 1.61212e+01
 1.52004e+01
 1.44189e+01
 1.35034e+01
 1.26007e+01
 1.17266e+01
 1.09009e+01
 1.01360e+01
 9.43537e+00
 8.79847e+00
 8.22189e+00
 7.70058e+00
 7.22890e+00
 6.80130e+00
 6.41237e+00
 6.05733e+00
 5.73176e+00
 5.43199e+00
 5.15484e+00
 4.89775e+00
 4.65863e+00
 4.43573e+00
 4.22753e+00
 4.03278e+00
 3.85037e+00
 3.67932e+00
 3.51871e+00
 3.36781e+00
 3.22582e+00
 3.09196e+00
 2.96558e+00
 2.84595e+00
 2.73123e+00
 2.61636e+00
 2.49043e+00
 2.33447e+00
 2.12327e+00
 1.83135e+00
 1.47671e+00
 1.06129e+00
 7.47401e-01
 5.12790e-01
 3.01668e-01
 1.12532e-01
 1.00122e-02
 4.17947e-05
 2.44973e-06
 2.44816e-06
 2.44816e-06
 2.44816e-06
 2.44816e-06
 2.44816e-06
 2.44816e-06
 2.44816e-06
 2.44816e-06
 2.44816e-06
 2.44816e-06
 2.44816e-06
 1.44079e+01
 1.46265e+01
 1.43913e+01
 1.36563e+01
 1.29929e+01
 1.22319e+01
 1.14681e+01
 1.07248e+01
 1.00163e+01
 9.35533e+00
 8.74568e+00
 8.18818e+00
 7.68078e+00
 7.21987e+00
 6.80130e+00
 6.42051e+00
 6.07317e+00
 5.75523e+00
 5.46309e+00
 5.19341e+00
 4.94347e+00
 4.71098e+00
 4.49412e+00
 4.29127e+00
 4.10117e+00
 3.92272e+00
 3.75494e+00
 3.59695e+00
 3.44803e+00
 3.30750e+00
 3.17466e+00
 3.04885e+00
 2.92959e+00
 2.81606e+00
 2.70578e+00
 2.59224e+00
 2.46222e+00
 2.29415e+00
 2.06199e+00
 1.74377e+00
 1.36141e+00
 9.64777e-01
 6.72414e-01
 4.52442e-01
 2.41801e-01
 6.84451e-02
 2.82768e-03
 5.91993e-06
 2.44819e-06
 2.44816e-06
 2.44816e-06
 2.44816e-06
 2.44816e-06
 2.44816e-06
 2.44816e-06
 2.44816e-06
 2.44816e-06
 2.44816e-06
 2.44816e-06
 2.44816e-06
 1.29981e+01
 1.31083e+01
 1.29034e+01
 1.23051e+01
 1.17483e+01
 1.11109e+01
 1.04668e+01
 9.83386e+00
 9.22668e+00
 8.65563e+00
 8.12559e+00
 7.63780e+00
 7.19140e+00
 6.78396e+00
 6.41237e+00
 6.07317e+00
 5.76281e+00
 5.47800e+00
 5.21560e+00
 4.97286e+00
 4.74734e+00
 4.53708e+00
 4.34033e+00
 4.15576e+00
 3.98222e+00
 3.81875e+00
 3.66447e+00
 3.51863e+00
 3.38061e+00
 3.24980e+00
 3.12557e+00
 3.00742e+00
 2.89496e+00
 2.78709e+00
 2.68034e+00
 2.56631e+00
 2.42902e+00
 2.24418e+00
 1.98515e+00
 1.64713e+00
 1.22877e+00
 8.69893e-01
 5.97829e-01
 3.85333e-01
 1.79640e-01
 3.32769e-02
 5.22563e-04
 2.61048e-06
 2.44816e-06
 2.44816e-06
 2.44816e-06
 2.44816e-06
 2.44816e-06
 2.44816e-06
 2.44816e-06
 2.44816e-06
 2.44816e-06
 2.44816e-06
 2.44816e-06
 2.44816e-06
 1.17471e+01
 1.17869e+01
 1.16068e+01
 1.11211e+01
 1.06520e+01
 1.01206e+01
 9.57638e+00
 9.03871e+00
 8.51851e+00
 8.02599e+00
 7.56551e+00
 7.13918e+00
 6.74685e+00
 6.38698e+00
 6.05733e+00
 5.75523e+00
 5.47800e+00
 5.22283e+00
 4.98714e+00
 4.76859e+00
 4.56514e+00
 4.37492e+00
 4.19648e+00
 4.02857e+00
 3.87023e+00
 3.72053e+00
 3.57873e+00
 3.44419e+00
 3.31635e+00
 3.19464e+00
 3.07852e+00
 2.96767e+00
 2.86167e+00
 2.75882e+00
 2.65425e+00
 2.53717e+00
 2.38836e+00
 2.18122e+00
 1.88877e+00
 1.52721e+00
 1.09734e+00
 7.69406e-01
 5.26888e-01
 3.11660e-01
 1.18200e-01
 1.13117e-02
 5.69773e-05
 2.45161e-06
 2.44816e-06
 2.44816e-06
 2.44816e-06
 2.44816e-06
 2.44816e-06
 2.44816e-06
 2.44816e-06
 2.44816e-06
 2.44816e-06
 2.44816e-06
 2.44816e-06
 2.44816e-06
 1.06365e+01
 1.06298e+01
 1.04759e+01
 1.00783e+01
 9.68576e+00
 9.24122e+00
 8.78287e+00
 8.32597e+00
 7.88127e+00
 7.45688e+00
 7.05761e+00
 6.68555e+00
 6.34124e+00
 6.02383e+00
 5.73176e+00
 5.46309e+00
 5.21560e+00
 4.98714e+00
 4.77555e+00
 4.57891e+00
 4.39539e+00
 4.22341e+00
 4.06164e+00
 3.90903e+00
 3.76463e+00
 3.62763e+00
 3.49740e+00
 3.37339e+00
 3.25505e+00
 3.14185e+00
 3.03341e+00
 2.92955e+00
 2.82955e+00
 2.73077e+00
 2.62641e+00
 2.50267e+00
 2.33673e+00
 2.10080e+00
 1.77305e+00
 1.37703e+00
 9.70283e-01
 6.72723e-01
 4.49583e-01
 2.35797e-01
 6.34087e-02
 2.39566e-03
 5.34801e-06
 2.44819e-06
 2.44816e-06
 2.44816e-06
 2.44816e-06
 2.44816e-06
 2.44816e-06
 2.44816e-06
 2.44816e-06
 2.44816e-06
 2.44816e-06
 2.44816e-06
 2.44816e-06
 2.44816e-06
 9.64981e+00
 9.61592e+00
 9.48387e+00
 9.15923e+00
 8.83006e+00
 8.45914e+00
 8.07289e+00
 7.68565e+00
 7.30577e+00
 6.94093e+00
 6.59529e+00
 6.27128e+00
 5.96969e+00
 5.69025e+00
 5.43199e+00
 5.19341e+00
 4.97286e+00
 4.76859e+00
 4.57891e+00
 4.40213e+00
 4.23676e+00
 4.08141e+00
 3.93495e+00
 3.79636e+00
 3.66479e+00
 3.53955e+00
 3.42010e+00
 3.30589e+00
 3.19641e+00
 3.09122e+00
 2.99014e+00
 2.89291e+00
 2.79823e+00
 2.70203e+00
 2.59499e+00
 2.45957e+00
 2.26943e+00
 1.99641e+00
 1.64217e+00
 1.20742e+00
 8.48343e-01
 5.80567e-01
 3.64315e-01
 1.59211e-01
 2.43715e-02
 2.80347e-04
 2.51370e-06
 2.44816e-06
 2.44816e-06
 2.44816e-06
 2.44816e-06
 2.44816e-06
 2.44816e-06
 2.44816e-06
 2.44816e-06
 2.44816e-06
 2.44816e-06
 2.44816e-06
 2.44816e-06
 2.44816e-06
 8.77385e+00
 8.72477e+00
 8.61217e+00
 8.34622e+00
 8.07132e+00
 7.76135e+00
 7.43671e+00
 7.10861e+00
 6.78493e+00
 6.47176e+00
 6.17326e+00
 5.89167e+00
 5.62815e+00
 5.38274e+00
 5.15484e+00
 4.94347e+00
 4.74734e+00
 4.56514e+00
 4.39539e+00
 4.23676e+00
 4.08796e+00
 3.94790e+00
 3.81547e+00
 3.68979e+00
 3.57009e+00
 3.45580e+00
 3.34638e+00
 3.24131e+00
 3.14012e+00
 3.04257e+00
 2.94854e+00
 2.85747e+00
 2.76701e+00
 2.67111e+00
 2.55711e+00
 2.40313e+00
 2.18054e+00
 1.86252e+00
 1.47832e+00
 1.04375e+00
 7.26208e-01
 4.91699e-01
 2.73604e-01
 8.81918e-02
 5.45772e-03
 1.72876e-05
 2.44868e-06
 2.44816e-06
 2.44816e-06
 2.44816e-06
 2.44816e-06
 2.44816e-06
 2.44816e-06
 2.44816e-06
 2.44816e-06
 2.44816e-06
 2.44816e-06
 2.44816e-06
 2.44816e-06
 2.44816e-06
 7.99554e+00
 7.93996e+00
 7.84383e+00
 7.62632e+00
 7.39659e+00
 7.13806e+00
 6.86521e+00
 6.58791e+00
 6.31242e+00
 6.04428e+00
 5.78702e+00
 5.54298e+00
 5.31329e+00
 5.09830e+00
 4.89775e+00
 4.71098e+00
 4.53708e+00
 4.37492e+00
 4.22341e+00
 4.08141e+00
 3.94790e+00
 3.82185e+00
 3.70236e+00
 3.58860e+00
 3.47995e+00
 3.37586e+00
 3.27578e+00
 3.17923e+00
 3.08590e+00
 2.99569e+00
 2.90837e+00
 2.82264e+00
 2.73460e+00
 2.63546e+00
 2.50829e+00
 2.32682e+00
 2.06204e+00
 1.70884e+00
 1.27357e+00
 8.95059e-01
 6.12652e-01
 3.93487e-01
 1.83033e-01
 3.44385e-02
 6.21599e-04
 2.75347e-06
 2.44816e-06
 2.44816e-06
 2.44816e-06
 2.44816e-06
 2.44816e-06
 2.44816e-06
 2.44816e-06
 2.44816e-06
 2.44816e-06
 2.44816e-06
 2.44816e-06
 2.44816e-06
 2.44816e-06
 2.44816e-06
 7.30398e+00
 7.24708e+00
 7.16551e+00
 6.98723e+00
 6.79584e+00
 6.58007e+00
 6.35127e+00
 6.11708e+00
 5.88320e+00
 5.65405e+00
 5.43297e+00
 5.22198e+00
 5.02235e+00
 4.83457e+00
 4.65863e+00
 4.49412e+00
 4.34033e+00
 4.19648e+00
 4.06164e+00
 3.93495e+00
 3.81547e+00
 3.70236e+00
 3.59480e+00
 3.49214e+00
 3.39377e+00
 3.29916e+00
 3.20779e+00
 3.11928e+00
 3.03351e+00
 2.95037e+00
 2.86913e+00
 2.78730e+00
 2.69879e+00
 2.59098e+00
 2.44190e+00
 2.22236e+00
 1.90560e+00
 1.51964e+00
 1.07619e+00
 7.48586e-01
 5.08646e-01
 2.88400e-01
 9.85872e-02
 7.36215e-03
 3.11269e-05
 2.45004e-06
 2.44816e-06
 2.44816e-06
 2.44816e-06
 2.44816e-06
 2.44816e-06
 2.44816e-06
 2.44816e-06
 2.44816e-06
 2.44816e-06
 2.44816e-06
 2.44816e-06
 2.44816e-06
 2.44816e-06
 2.44816e-06
 6.68908e+00
 6.63429e+00
 6.56518e+00
 6.41921e+00
 6.25980e+00
 6.08003e+00
 5.88823e+00
 5.69094e+00
 5.49269e+00
 5.29740e+00
 5.10785e+00
 4.92600e+00
 4.75305e+00
 4.58958e+00
 4.43573e+00
 4.29127e+00
 4.15576e+00
 4.02857e+00
 3.90903e+00
 3.79636e+00
 3.68979e+00
 3.58860e+00
 3.49214e+00
 3.39979e+00
 3.31099e+00
 3.22519e+00
 3.14199e+00
 3.06120e+00
 2.98274e+00
 2.90617e+00
 2.82985e+00
 2.74949e+00
 2.65579e+00
 2.53116e+00
 2.34873e+00
 2.07952e+00
 1.72060e+00
 1.28056e+00
 8.99518e-01
 6.16042e-01
 3.95536e-01
 1.84561e-01
 3.54499e-02
 7.01501e-04
 2.88518e-06
 2.44816e-06
 2.44816e-06
 2.44816e-06
 2.44816e-06
 2.44816e-06
 2.44816e-06
 2.44816e-06
 2.44816e-06
 2.44816e-06
 2.44816e-06
 2.44816e-06
 2.44816e-06
 2.44816e-06
 2.44816e-06
 2.44816e-06
 6.14208e+00
 6.09122e+00
 6.03299e+00
 5.91334e+00
 5.78089e+00
 5.63112e+00
 5.47070e+00
 5.30469e+00
 5.13706e+00
 4.97099e+00
 4.80898e+00
 4.65273e+00
 4.50339e+00
 4.36158e+00
 4.22753e+00
 4.10117e+00
 3.98222e+00
 3.87023e+00
 3.76463e+00
 3.66479e+00
 3.57009e+00
 3.47995e+00
 3.39377e+00
 3.31099e+00
 3.23104e+00
 3.15349e+00
 3.07809e+00
 3.00477e+00
 2.93320e+00
 2.86223e+00
 2.78871e+00
 2.70569e+00
 2.59932e+00
 2.44632e+00
 2.21736e+00
 1.88842e+00
 1.49336e+00
 1.05394e+00
 7.32318e-01
 4.96296e-01
 2.76539e-01
 9.03599e-02
 6.17924e-03
 2.53645e-05
 2.44979e-06
 2.44816e-06
 2.44816e-06
 2.44816e-06
 2.44816e-06
 2.44816e-06
 2.44816e-06
 2.44816e-06
 2.44816e-06
 2.44816e-06
 2.44816e-06
 2.44816e-06
 2.44816e-06
 2.44816e-06
 2.44816e-06
 2.44816e-06
 5.65503e+00
 5.60911e+00
 5.56019e+00
 5.46224e+00
 5.35227e+00
 5.22771e+00
 5.09365e+00
 4.95428e+00
 4.81283e+00
 4.67202e+00
 4.53395e+00
 4.40015e+00
 4.27166e+00
 4.14910e+00
 4.03278e+00
 3.92272e+00
 3.81875e+00
 3.72053e+00
 3.62763e+00
 3.53955e+00
 3.45580e+00
 3.37586e+00
 3.29916e+00
 3.22519e+00
 3.15349e+00
 3.08377e+00
 3.01592e+00
 2.94967e+00
 2.88411e+00
 2.81681e+00
 2.74235e+00
 2.64977e+00
 2.51943e+00
 2.32355e+00
 2.03526e+00
 1.66585e+00
 1.21837e+00
 8.54620e-01
 5.87667e-01
 3.66988e-01
 1.61384e-01
 2.62620e-02
 4.00995e-04
 2.64549e-06
 2.44816e-06
 2.44816e-06
 2.44816e-06
 2.44816e-06
 2.44816e-06
 2.44816e-06
 2.44816e-06
 2.44816e-06
 2.44816e-06
 2.44816e-06
 2.44816e-06
 2.44816e-06
 2.44816e-06
 2.44816e-06
 2.44816e-06
 2.44816e-06
 5.22099e+00
 5.18032e+00
 5.13943e+00
 5.05923e+00
 4.96813e+00
 4.86462e+00
 4.75282e+00
 4.63603e+00
 4.51699e+00
 4.39792e+00
 4.28064e+00
 4.16645e+00
 4.05633e+00
 3.95086e+00
 3.85037e+00
 3.75494e+00
 3.66447e+00
 3.57873e+00
 3.49740e+00
 3.42010e+00
 3.34638e+00
 3.27578e+00
 3.20779e+00
 3.14199e+00
 3.07809e+00
 3.01592e+00
 2.95521e+00
 2.89516e+00
 2.83375e+00
 2.76657e+00
 2.68467e+00
 2.57154e+00
 2.40194e+00
 2.14831e+00
 1.80063e+00
 1.37781e+00
 9.75704e-01
 6.75572e-01
 4.50827e-01
 2.36035e-01
 6.47512e-02
 2.99629e-03
 9.45377e-06
 2.44848e-06
 2.44816e-06
 2.44816e-06
 2.44816e-06
 2.44816e-06
 2.44816e-06
 2.44816e-06
 2.44816e-06
 2.44816e-06
 2.44816e-06
 2.44816e-06
 2.44816e-06
 2.44816e-06
 2.44816e-06
 2.44816e-06
 2.44816e-06
 2.44816e-06
 4.83371e+00
 4.79826e+00
 4.76424e+00
 4.69866e+00
 4.62330e+00
 4.53746e+00
 4.44436e+00
 4.34673e+00
 4.24678e+00
 4.14641e+00
 4.04713e+00
 3.95008e+00
 3.85609e+00
 3.76573e+00
 3.67932e+00
 3.59695e+00
 3.51863e+00
 3.44419e+00
 3.37339e+00
 3.30589e+00
 3.24131e+00
 3.17923e+00
 3.11928e+00
 3.06120e+00
 3.00477e+00
 2.94967e+00
 2.89516e+00
 2.83941e+00
 2.77864e+00
 2.70524e+00
 2.60508e+00
 2.45565e+00
 2.22984e+00
 1.90713e+00
 1.52185e+00
 1.08859e+00
 7.63364e-01
 5.25247e-01
 3.06670e-01
 1.15345e-01
 1.21569e-02
 1.00054e-04
 2.47175e-06
 2.44816e-06
 2.44816e-06
 2.44816e-06
 2.44816e-06
 2.44816e-06
 2.44816e-06
 2.44816e-06
 2.44816e-06
 2.44816e-06
 2.44816e-06
 2.44816e-06
 2.44816e-06
 2.44816e-06
 2.44816e-06
 2.44816e-06
 2.44816e-06
 2.44816e-06
 4.48773e+00
 4.45720e+00
 4.42905e+00
 4.37548e+00
 4.31328e+00
 4.24219e+00
 4.16485e+00
 4.08342e+00
 3.99978e+00
 3.91545e+00
 3.83172e+00
 3.74957e+00
 3.66971e+00
 3.59266e+00
 3.51871e+00
 3.44803e+00
 3.38061e+00
 3.31635e+00
 3.25505e+00
 3.19641e+00
 3.14012e+00
 3.08590e+00
 3.03351e+00
 2.98274e+00
 2.93320e+00
 2.88411e+00
 2.83375e+00
 2.77864e+00
 2.71205e+00
 2.62153e+00
 2.48696e+00
 2.28276e+00
 1.98750e+00
 1.62356e+00
 1.18876e+00
 8.43627e-01
 5.87291e-01
 3.70053e-01
 1.68547e-01
 3.12364e-02
 6.72320e-04
 3.07228e-06
 2.44818e-06
 2.44816e-06
 2.44816e-06
 2.44816e-06
 2.44816e-06
 2.44816e-06
 2.44816e-06
 2.44816e-06
 2.44816e-06
 2.44816e-06
 2.44816e-06
 2.44816e-06
 2.44816e-06
 2.44816e-06
 2.44816e-06
 2.44816e-06
 2.44816e-06
 2.44816e-06
 4.17815e+00
 4.15213e+00
 4.12895e+00
 4.08529e+00
 4.03407e+00
 3.97534e+00
 3.91124e+00
 3.84353e+00
 3.77374e+00
 3.70316e+00
 3.63283e+00
 3.56359e+00
 3.49607e+00
 3.43071e+00
 3.36781e+00
 3.30750e+00
 3.24980e+00
 3.19464e+00
 3.14185e+00
 3.09122e+00
 3.04257e+00
 2.99569e+00
 2.95037e+00
 2.90617e+00
 2.86223e+00
 2.81681e+00
 2.76657e+00
 2.70524e+00
 2.62153e+00
 2.49725e+00
 2.30880e+00
 2.03533e+00
 1.68993e+00
 1.26768e+00
 9.10583e-01
 6.37629e-01
 4.23568e-01
 2.17781e-01
 5.75839e-02
 2.66179e-03
 9.73371e-06
 2.44867e-06
 2.44816e-06
 2.44816e-06
 2.44816e-06
 2.44816e-06
 2.44816e-06
 2.44816e-06
 2.44816e-06
 2.44816e-06
 2.44816e-06
 2.44816e-06
 2.44816e-06
 2.44816e-06
 2.44816e-06
 2.44816e-06
 2.44816e-06
 2.44816e-06
 2.44816e-06
 2.44816e-06
 3.90064e+00
 3.87866e+00
 3.85972e+00
 3.82420e+00
 3.78214e+00
 3.73375e+00
 3.68078e+00
 3.62465e+00
 3.56663e+00
 3.50778e+00
 3.44898e+00
 3.39092e+00
 3.33414e+00
 3.27902e+00
 3.22582e+00
 3.17466e+00
 3.12557e+00
 3.07852e+00
 3.03341e+00
 2.99014e+00
 2.94854e+00
 2.90837e+00
 2.86913e+00
 2.82985e+00
 2.78871e+00
 2.74235e+00
 2.68467e+00
 2.60508e+00
 2.48696e+00
 2.30880e+00
 2.05115e+00
 1.72271e+00
 1.31779e+00
 9.57978e-01
 6.78574e-01
 4.65292e-01
 2.58898e-01
 8.60029e-02
 7.00302e-03
 4.72120e-05
 2.45792e-06
 2.44816e-06
 2.44816e-06
 2.44816e-06
 2.44816e-06
 2.44816e-06
 2.44816e-06
 2.44816e-06
 2.44816e-06
 2.44816e-06
 2.44816e-06
 2.44816e-06
 2.44816e-06
 2.44816e-06
 2.44816e-06
 2.44816e-06
 2.44816e-06
 2.44816e-06
 2.44816e-06
 2.44816e-06
 3.65133e+00
 3.63291e+00
 3.61754e+00
 3.58875e+00
 3.55432e+00
 3.51458e+00
 3.47094e+00
 3.42459e+00
 3.37656e+00
 3.32773e+00
 3.27881e+00
 3.23039e+00
 3.18291e+00
 3.13669e+00
 3.09196e+00
 3.04885e+00
 3.00742e+00
 2.96767e+00
 2.92955e+00
 2.89291e+00
 2.85747e+00
 2.82264e+00
 2.78730e+00
 2.74949e+00
 2.70569e+00
 2.64977e+00
 2.57154e+00
 2.45565e+00
 2.28276e+00
 2.03533e+00
 1.72271e+00
 1.33488e+00
 9.83098e-01
 7.04847e-01
 4.93561e-01
 2.89521e-01
 1.11334e-01
 1.35488e-02
 1.68199e-04
 2.53787e-06
 2.44816e-06
 2.44816e-06
 2.44816e-06
 2.44816e-06
 2.44816e-06
 2.44816e-06
 2.44816e-06
 2.44816e-06
 2.44816e-06
 2.44816e-06
 2.44816e-06
 2.44816e-06
 2.44816e-06
 2.44816e-06
 2.44816e-06
 2.44816e-06
 2.44816e-06
 2.44816e-06
 2.44816e-06
 2.44816e-06
 3.42677e+00
 3.41144e+00
 3.39908e+00
 3.37584e+00
 3.34778e+00
 3.31526e+00
 3.27946e+00
 3.24135e+00
 3.20178e+00
 3.16145e+00
 3.12098e+00
 3.08082e+00
 3.04136e+00
 3.00288e+00
 2.96558e+00
 2.92959e+00
 2.89496e+00
 2.86167e+00
 2.82955e+00
 2.79823e+00
 2.76701e+00
 2.73460e+00
 2.69879e+00
 2.65579e+00
 2.59932e+00
 2.51943e+00
 2.40194e+00
 2.22984e+00
 1.98750e+00
 1.68993e+00
 1.31779e+00
 9.83098e-01
 7.13892e-01
 5.07848e-01
 3.08349e-01
 1.29916e-01
 2.06677e-02
 4.10927e-04
 2.89342e-06
 2.44818e-06
 2.44816e-06
 2.44816e-06
 2.44816e-06
 2.44816e-06
 2.44816e-06
 2.44816e-06
 2.44816e-06
 2.44816e-06
 2.44816e-06
 2.44816e-06
 2.44816e-06
 2.44816e-06
 2.44816e-06
 2.44816e-06
 2.44816e-06
 2.44816e-06
 2.44816e-06
 2.44816e-06
 2.44816e-06
 2.44816e-06
 3.22383e+00
 3.21116e+00
 3.20132e+00
 3.18266e+00
 3.15990e+00
 3.13341e+00
 3.10418e+00
 3.07300e+00
 3.04057e+00
 3.00747e+00
 2.97419e+00
 2.94113e+00
 2.90859e+00
 2.87681e+00
 2.84595e+00
 2.81606e+00
 2.78709e+00
 2.75882e+00
 2.73077e+00
 2.70203e+00
 2.67111e+00
 2.63546e+00
 2.59098e+00
 2.53116e+00
 2.44632e+00
 2.32355e+00
 2.14831e+00
 1.90713e+00
 1.62356e+00
 1.26768e+00
 9.57978e-01
 7.04847e-01
 5.07848e-01
 3.14699e-01
 1.39695e-01
 2.60286e-02
 7.20347e-04
 3.76044e-06
 2.44825e-06
 2.44816e-06
 2.44816e-06
 2.44816e-06
 2.44816e-06
 2.44816e-06
 2.44816e-06
 2.44816e-06
 2.44816e-06
 2.44816e-06
 2.44816e-06
 2.44816e-06
 2.44816e-06
 2.44816e-06
 2.44816e-06
 2.44816e-06
 2.44816e-06
 2.44816e-06
 2.44816e-06
 2.44816e-06
 2.44816e-06
 2.44816e-06
 3.03962e+00
 3.02921e+00
 3.02148e+00
 3.00661e+00
 2.98825e+00
 2.96680e+00
 2.94307e+00
 2.91771e+00
 2.89130e+00
 2.86431e+00
 2.83713e+00
 2.81005e+00
 2.78331e+00
 2.75703e+00
 2.73123e+00
 2.70578e+00
 2.68034e+00
 2.65425e+00
 2.62641e+00
 2.59499e+00
 2.55711e+00
 2.50829e+00
 2.44190e+00
 2.34873e+00
 2.21736e+00
 2.03526e+00
 1.80063e+00
 1.52185e+00
 1.18876e+00
 9.10583e-01
 6.78574e-01
 4.93561e-01
 3.08349e-01
 1.39695e-01
 2.80037e-02
 9.43459e-04
 4.89690e-06
 2.44841e-06
 2.44816e-06
 2.44816e-06
 2.44816e-06
 2.44816e-06
 2.44816e-06
 2.44816e-06
 2.44816e-06
 2.44816e-06
 2.44816e-06
 2.44816e-06
 2.44816e-06
 2.44816e-06
 2.44816e-06
 2.44816e-06
 2.44816e-06
 2.44816e-06
 2.44816e-06
 2.44816e-06
 2.44816e-06
 2.44816e-06
 2.44816e-06
 2.44816e-06
 2.87136e+00
 2.86287e+00
 2.85689e+00
 2.84513e+00
 2.83042e+00
 2.81313e+00
 2.79394e+00
 2.77338e+00
 2.75190e+00
 2.72983e+00
 2.70746e+00
 2.68493e+00
 2.66233e+00
 2.63956e+00
 2.61636e+00
 2.59224e+00
 2.56631e+00
 2.53717e+00
 2.50267e+00
 2.45957e+00
 2.40313e+00
 2.32682e+00
 2.22236e+00
 2.07952e+00
 1.88842e+00
 1.66585e+00
 1.37781e+00
 1.08859e+00
 8.43627e-01
 6.37629e-01
 4.65292e-01
 2.89521e-01
 1.29916e-01
 2.60286e-02
 9.43459e-04
 5.45064e-06
 2.44859e-06
 2.44816e-06
 2.44816e-06
 2.44816e-06
 2.44816e-06
 2.44816e-06
 2.44816e-06
 2.44816e-06
 2.44816e-06
 2.44816e-06
 2.44816e-06
 2.44816e-06
 2.44816e-06
 2.44816e-06
 2.44816e-06
 2.44816e-06
 2.44816e-06
 2.44816e-06
 2.44816e-06
 2.44816e-06
 2.44816e-06
 2.44816e-06
 2.44816e-06
 2.44816e-06
 2.71561e+00
 2.70870e+00
 2.70412e+00
 2.69480e+00
 2.68295e+00
 2.66888e+00
 2.65314e+00
 2.63611e+00
 2.61809e+00
 2.59927e+00
 2.57973e+00
 2.55940e+00
 2.53808e+00
 2.51534e+00
 2.49043e+00
 2.46222e+00
 2.42902e+00
 2.38836e+00
 2.33673e+00
 2.26943e+00
 2.18054e+00
 2.06204e+00
 1.90560e+00
 1.72060e+00
 1.49336e+00
 1.21837e+00
 9.75704e-01
 7.63364e-01
 5.87291e-01
 4.23568e-01
 2.58898e-01
 1.11334e-01
 2.06677e-02
 7.20347e-04
 4.89690e-06
 2.44859e-06
 2.44816e-06
 2.44816e-06
 2.44816e-06
 2.44816e-06
 2.44816e-06
 2.44816e-06
 2.44816e-06
 2.44816e-06
 2.44816e-06
 2.44816e-06
 2.44816e-06
 2.44816e-06
 2.44816e-06
 2.44816e-06
 2.44816e-06
 2.44816e-06
 2.44816e-06
 2.44816e-06
 2.44816e-06
 2.44816e-06
 2.44816e-06
 2.44816e-06
 2.44816e-06
 2.44816e-06
 2.56624e+00
 2.56053e+00
 2.55686e+00
 2.54917e+00
 2.53914e+00
 2.52698e+00
 2.51311e+00
 2.49772e+00
 2.48091e+00
 2.46264e+00
 2.44272e+00
 2.42075e+00
 2.39610e+00
 2.36780e+00
 2.33447e+00
 2.29415e+00
 2.24418e+00
 2.18122e+00
 2.10080e+00
 1.99641e+00
 1.86252e+00
 1.70884e+00
 1.51964e+00
 1.28056e+00
 1.05394e+00
 8.54620e-01
 6.75572e-01
 5.25247e-01
 3.70053e-01
 2.17781e-01
 8.60029e-02
 1.35488e-02
 4.10927e-04
 3.76044e-06
 2.44841e-06
 2.44816e-06
 2.44816e-06
 2.44816e-06
 2.44816e-06
 2.44816e-06
 2.44816e-06
 2.44816e-06
 2.44816e-06
 2.44816e-06
 2.44816e-06
 2.44816e-06
 2.44816e-06
 2.44816e-06
 2.44816e-06
 2.44816e-06
 2.44816e-06
 2.44816e-06
 2.44816e-06
 2.44816e-06
 2.44816e-06
 2.44816e-06
 2.44816e-06
 2.44816e-06
 2.44816e-06
 2.44816e-06
 2.41184e+00
 2.40688e+00
 2.40341e+00
 2.39620e+00
 2.38647e+00
 2.37433e+00
 2.35997e+00
 2.34341e+00
 2.32446e+00
 2.30279e+00
 2.27782e+00
 2.24873e+00
 2.21435e+00
 2.17318e+00
 2.12327e+00
 2.06199e+00
 1.98515e+00
 1.88877e+00
 1.77305e+00
 1.64217e+00
 1.47832e+00
 1.27357e+00
 1.07619e+00
 8.99518e-01
 7.32318e-01
 5.87667e-01
 4.50827e-01
 3.06670e-01
 1.68547e-01
 5.75839e-02
 7.00302e-03
 1.68199e-04
 2.89342e-06
 2.44825e-06
 2.44816e-06
 2.44816e-06
 2.44816e-06
 2.44816e-06
 2.44816e-06
 2.44816e-06
 2.44816e-06
 2.44816e-06
 2.44816e-06
 2.44816e-06
 2.44816e-06
 2.44816e-06
 2.44816e-06
 2.44816e-06
 2.44816e-06
 2.44816e-06
 2.44816e-06
 2.44816e-06
 2.44816e-06
 2.44816e-06
 2.44816e-06
 2.44816e-06
 2.44816e-06
 2.44816e-06
 2.44816e-06
 2.44816e-06
 2.23448e+00
 2.22969e+00
 2.22544e+00
 2.21722e+00
 2.20580e+00
 2.19118e+00
 2.17331e+00
 2.15195e+00
 2.12666e+00
 2.09677e+00
 2.06143e+00
 2.01937e+00
 1.96852e+00
 1.90651e+00
 1.83135e+00
 1.74377e+00
 1.64713e+00
 1.52721e+00
 1.37703e+00
 1.20742e+00
 1.04375e+00
 8.95059e-01
 7.48586e-01
 6.16042e-01
 4.96296e-01
 3.66988e-01
 2.36035e-01
 1.15345e-01
 3.12364e-02
 2.66179e-03
 4.72120e-05
 2.53787e-06
 2.44818e-06
 2.44816e-06
 2.44816e-06
 2.44816e-06
 2.44816e-06
 2.44816e-06
 2.44816e-06
 2.44816e-06
 2.44816e-06
 2.44816e-06
 2.44816e-06
 2.44816e-06
 2.44816e-06
 2.44816e-06
 2.44816e-06
 2.44816e-06
 2.44816e-06
 2.44816e-06
 2.44816e-06
 2.44816e-06
 2.44816e-06
 2.44816e-06
 2.44816e-06
 2.44816e-06
 2.44816e-06
 2.44816e-06
 2.44816e-06
 2.44816e-06
 2.01243e+00
 2.00718e+00
 2.00116e+00
 1.99039e+00
 1.97529e+00
 1.95564e+00
 1.93112e+00
 1.90112e+00
 1.86483e+00
 1.82141e+00
 1.76995e+00
 1.71139e+00
 1.64785e+00
 1.57053e+00
 1.47671e+00
 1.36141e+00
 1.22877e+00
 1.09734e+00
 9.70283e-01
 8.48343e-01
 7.26208e-01
 6.12652e-01
 5.08646e-01
 3.95536e-01
 2.76539e-01
 1.61384e-01
 6.47512e-02
 1.21569e-02
 6.72320e-04
 9.73371e-06
 2.45792e-06
 2.44816e-06
 2.44816e-06
 2.44816e-06
 2.44816e-06
 2.44816e-06
 2.44816e-06
 2.44816e-06
 2.44816e-06
 2.44816e-06
 2.44816e-06
 2.44816e-06
 2.44816e-06
 2.44816e-06
 2.44816e-06
 2.44816e-06
 2.44816e-06
 2.44816e-06
 2.44816e-06
 2.44816e-06
 2.44816e-06
 2.44816e-06
 2.44816e-06
 2.44816e-06
 2.44816e-06
 2.44816e-06
 2.44816e-06
 2.44816e-06
 2.44816e-06
 2.44816e-06
 1.72416e+00
 1.71787e+00
 1.70912e+00
 1.69472e+00
 1.67549e+00
 1.65172e+00
 1.62198e+00
 1.58534e+00
 1.54079e+00
 1.48707e+00
 1.42282e+00
 1.34476e+00
 1.25255e+00
 1.15854e+00
 1.06129e+00
 9.64777e-01
 8.69893e-01
 7.69406e-01
 6.72723e-01
 5.80567e-01
 4.91699e-01
 3.93487e-01
 2.88400e-01
 1.84561e-01
 9.03599e-02
 2.62620e-02
 2.99629e-03
 1.00054e-04
 3.07228e-06
 2.44867e-06
 2.44816e-06
 2.44816e-06
 2.44816e-06
 2.44816e-06
 2.44816e-06
 2.44816e-06
 2.44816e-06
 2.44816e-06
 2.44816e-06
 2.44816e-06
 2.44816e-06
 2.44816e-06
 2.44816e-06
 2.44816e-06
 2.44816e-06
 2.44816e-06
 2.44816e-06
 2.44816e-06
 2.44816e-06
 2.44816e-06
 2.44816e-06
 2.44816e-06
 2.44816e-06
 2.44816e-06
 2.44816e-06
 2.44816e-06
 2.44816e-06
 2.44816e-06
 2.44816e-06
 2.44816e-06
 1.38744e+00
 1.38029e+00
 1.36876e+00
 1.34963e+00
 1.32247e+00
 1.28676e+00
 1.24473e+00
 1.19752e+00
 1.14521e+00
 1.08739e+00
 1.02514e+00
 9.60554e-01
 8.94412e-01
 8.22967e-01
 7.47401e-01
 6.72414e-01
 5.97829e-01
 5.26888e-01
 4.49583e-01
 3.64315e-01
 2.73604e-01
 1.83033e-01
 9.85872e-02
 3.54499e-02
 6.17924e-03
 4.00995e-04
 9.45377e-06
 2.47175e-06
 2.44818e-06
 2.44816e-06
 2.44816e-06
 2.44816e-06
 2.44816e-06
 2.44816e-06
 2.44816e-06
 2.44816e-06
 2.44816e-06
 2.44816e-06
 2.44816e-06
 2.44816e-06
 2.44816e-06
 2.44816e-06
 2.44816e-06
 2.44816e-06
 2.44816e-06
 2.44816e-06
 2.44816e-06
 2.44816e-06
 2.44816e-06
 2.44816e-06
 2.44816e-06
 2.44816e-06
 2.44816e-06
 2.44816e-06
 2.44816e-06
 2.44816e-06
 2.44816e-06
 2.44816e-06
 2.44816e-06
 2.44816e-06
 1.00713e+00
 1.00095e+00
 9.90826e-01
 9.74825e-01
 9.53711e-01
 9.27942e-01
 8.96952e-01
 8.60734e-01
 8.20118e-01
 7.74640e-01
 7.25584e-01
 6.74255e-01
 6.20824e-01
 5.66496e-01
 5.12790e-01
 4.52442e-01
 3.85333e-01
 3.11660e-01
 2.35797e-01
 1.59211e-01
 8.81918e-02
 3.44385e-02
 7.36215e-03
 7.01501e-04
 2.53645e-05
 2.64549e-06
 2.44848e-06
 2.44816e-06
 2.44816e-06
 2.44816e-06
 2.44816e-06
 2.44816e-06
 2.44816e-06
 2.44816e-06
 2.44816e-06
 2.44816e-06
 2.44816e-06
 2.44816e-06
 2.44816e-06
 2.44816e-06
 2.44816e-06
 2.44816e-06
 2.44816e-06
 2.44816e-06
 2.44816e-06
 2.44816e-06
 2.44816e-06
 2.44816e-06
 2.44816e-06
 2.44816e-06
 2.44816e-06
 2.44816e-06
 2.44816e-06
 2.44816e-06
 2.44816e-06
 2.44816e-06
 2.44816e-06
 2.44816e-06
 2.44816e-06
 2.44816e-06
 7.17942e-01
 7.13188e-01
 7.04996e-01
 6.92004e-01
 6.74661e-01
 6.53233e-01
 6.28071e-01
 5.99509e-01
 5.68016e-01
 5.34912e-01
 4.99221e-01
 4.57865e-01
 4.11159e-01
 3.59059e-01
 3.01668e-01
 2.41801e-01
 1.79640e-01
 1.18200e-01
 6.34087e-02
 2.43715e-02
 5.45772e-03
 6.21599e-04
 3.11269e-05
 2.88518e-06
 2.44979e-06
 2.44816e-06
 2.44816e-06
 2.44816e-06
 2.44816e-06
 2.44816e-06
 2.44816e-06
 2.44816e-06
 2.44816e-06
 2.44816e-06
 2.44816e-06
 2.44816e-06
 2.44816e-06
 2.44816e-06
 2.44816e-06
 2.44816e-06
 2.44816e-06
 2.44816e-06
 2.44816e-06
 2.44816e-06
 2.44816e-06
 2.44816e-06
 2.44816e-06
 2.44816e-06
 2.44816e-06
 2.44816e-06
 2.44816e-06
 2.44816e-06
 2.44816e-06
 2.44816e-06
 2.44816e-06
 2.44816e-06
 2.44816e-06
 2.44816e-06
 2.44816e-06
 2.44816e-06
 4.96033e-01
 4.92652e-01
 4.86335e-01
 4.76131e-01
 4.62101e-01
 4.44123e-01
 4.22250e-01
 3.96363e-01
 3.66257e-01
 3.31648e-01
 2.93034e-01
 2.51507e-01
 2.06856e-01
 1.59811e-01
 1.12532e-01
 6.84451e-02
 3.32769e-02
 1.13117e-02
 2.39566e-03
 2.80347e-04
 1.72876e-05
 2.75347e-06
 2.45004e-06
 2.44816e-06
 2.44816e-06
 2.44816e-06
 2.44816e-06
 2.44816e-06
 2.44816e-06
 2.44816e-06
 2.44816e-06
 2.44816e-06
 2.44816e-06
 2.44816e-06
 2.44816e-06
 2.44816e-06
 2.44816e-06
 2.44816e-06
 2.44816e-06
 2.44816e-06
 2.44816e-06
 2.44816e-06
 2.44816e-06
 2.44816e-06
 2.44816e-06
 2.44816e-06
 2.44816e-06
 2.44816e-06
 2.44816e-06
 2.44816e-06
 2.44816e-06
 2.44816e-06
 2.44816e-06
 2.44816e-06
 2.44816e-06
 2.44816e-06
 2.44816e-06
 2.44816e-06
 2.44816e-06
 2.44816e-06
 2.95775e-01
 2.92308e-01
 2.85527e-01
 2.74983e-01
 2.60850e-01
 2.43220e-01
 2.22078e-01
 1.97571e-01
 1.70009e-01
 1.39982e-01
 1.08476e-01
 7.69804e-02
 4.82170e-02
 2.52221e-02
 1.00122e-02
 2.82768e-03
 5.22563e-04
 5.69773e-05
 5.34801e-06
 2.51370e-06
 2.44868e-06
 2.44816e-06
 2.44816e-06
 2.44816e-06
 2.44816e-06
 2.44816e-06
 2.44816e-06
 2.44816e-06
 2.44816e-06
 2.44816e-06
 2.44816e-06
 2.44816e-06
 2.44816e-06
 2.44816e-06
 2.44816e-06
 2.44816e-06
 2.44816e-06
 2.44816e-06
 2.44816e-06
 2.44816e-06
 2.44816e-06
 2.44816e-06
 2.44816e-06
 2.44816e-06
 2.44816e-06
 2.44816e-06
 2.44816e-06
 2.44816e-06
 2.44816e-06
 2.44816e-06
 2.44816e-06
 2.44816e-06
 2.44816e-06
 2.44816e-06
 2.44816e-06
 2.44816e-06
 2.44816e-06
 2.44816e-06
 2.44816e-06
 2.44816e-06
 1.13690e-01
 1.10948e-01
 1.05437e-01
 9.71109e-02
 8.62613e-02
 7.33443e-02
 5.90509e-02
 4.43299e-02
 3.03453e-02
 1.82994e-02
 9.22318e-03
 3.77395e-03
 1.19186e-03
 2.70655e-04
 4.17947e-05
 5.91993e-06
 2.61048e-06
 2.45161e-06
 2.44819e-06
 2.44816e-06
 2.44816e-06
 2.44816e-06
 2.44816e-06
 2.44816e-06
 2.44816e-06
 2.44816e-06
 2.44816e-06
 2.44816e-06
 2.44816e-06
 2.44816e-06
 2.44816e-06
 2.44816e-06
 2.44816e-06
 2.44816e-06
 2.44816e-06
 2.44816e-06
 2.44816e-06
 2.44816e-06
 2.44816e-06
 2.44816e-06
 2.44816e-06
 2.44816e-06
 2.44816e-06
 2.44816e-06
 2.44816e-06
 2.44816e-06
 2.44816e-06
 2.44816e-06
 2.44816e-06
 2.44816e-06
 2.44816e-06
 2.44816e-06
 2.44816e-06
 2.44816e-06
 2.44816e-06
 2.44816e-06
 2.44816e-06
 2.44816e-06
 2.44816e-06
 2.44816e-06
 1.07105e-02
 1.00196e-02
 8.71854e-03
 6.98924e-03
 5.10565e-03
 3.34807e-03
 1.93228e-03
 9.56422e-04
 3.92634e-04
 1.28451e-04
 3.30166e-05
 7.74407e-06
 3.05599e-06
 2.49009e-06
 2.44973e-06
 2.44819e-06
 2.44816e-06
 2.44816e-06
 2.44816e-06
 2.44816e-06
 2.44816e-06
 2.44816e-06
 2.44816e-06
 2.44816e-06
 2.44816e-06
 2.44816e-06
 2.44816e-06
 2.44816e-06
 2.44816e-06
 2.44816e-06
 2.44816e-06
 2.44816e-06
 2.44816e-06
 2.44816e-06
 2.44816e-06
 2.44816e-06
 2.44816e-06
 2.44816e-06
 2.44816e-06
 2.44816e-06
 2.44816e-06
 2.44816e-06
 2.44816e-06
 2.44816e-06
 2.44816e-06
 2.44816e-06
 2.44816e-06
 2.44816e-06
 2.44816e-06
 2.44816e-06
 2.44816e-06
 2.44816e-06
 2.44816e-06
 2.44816e-06
 2.44816e-06
 2.44816e-06
 2.44816e-06
 2.44816e-06
 2.44816e-06
 2.44816e-06
 4.03603e-05
 3.54575e-05
 2.72423e-05
 1.82821e-05
 1.09029e-05
 6.14069e-06
 3.72989e-06
 2.78897e-06
 2.51445e-06
 2.45708e-06
 2.44894e-06
 2.44820e-06
 2.44816e-06
 2.44816e-06
 2.44816e-06
 2.44816e-06
 2.44816e-06
 2.44816e-06
 2.44816e-06
 2.44816e-06
 2.44816e-06
 2.44816e-06
 2.44816e-06
 2.44816e-06
 2.44816e-06
 2.44816e-06
 2.44816e-06
 2.44816e-06
 2.44816e-06
 2.44816e-06
 2.44816e-06
 2.44816e-06
 2.44816e-06
 2.44816e-06
 2.44816e-06
 2.44816e-06
 2.44816e-06
 2.44816e-06
 2.44816e-06
 2.44816e-06
 2.44816e-06
 2.44816e-06
 2.44816e-06
 2.44816e-06
 2.44816e-06
 2.44816e-06
 2.44816e-06
 2.44816e-06
 2.44816e-06
 2.44816e-06
 2.44816e-06
 2.44816e-06
 2.44816e-06
 2.44816e-06
 2.44816e-06
 2.44816e-06
 2.44816e-06
 2.44816e-06
 2.44816e-06
 2.44816e-06
 2.44900e-06
 2.44882e-06
 2.44856e-06
 2.44834e-06
 2.44822e-06
 2.44818e-06
 2.44816e-06
 2.44816e-06
 2.44816e-06
 2.44816e-06
 2.44816e-06
 2.44816e-06
 2.44816e-06
 2.44816e-06
 2.44816e-06
 2.44816e-06
 2.44816e-06
 2.44816e-06
 2.44816e-06
 2.44816e-06
 2.44816e-06
 2.44816e-06
 2.44816e-06
 2.44816e-06
 2.44816e-06
 2.44816e-06
 2.44816e-06
 2.44816e-06
 2.44816e-06
 2.44816e-06
 2.44816e-06
 2.44816e-06
 2.44816e-06
 2.44816e-06
 2.44816e-06
 2.44816e-06
 2.44816e-06
 2.44816e-06
 2.44816e-06
 2.44816e-06
 2.44816e-06
 2.44816e-06
 2.44816e-06
 2.44816e-06
 2.44816e-06
 2.44816e-06
 2.44816e-06
 2.44816e-06
 2.44816e-06
 2.44816e-06
 2.44816e-06
 2.44816e-06
 2.44816e-06
 2.44816e-06
 2.44816e-06
 2.44816e-06
 2.44816e-06
 2.44816e-06
 2.44816e-06
 2.44816e-06
 2.44816e-06
 2.44816e-06
 2.44816e-06
 2.44816e-06
 2.44816e-06
 2.44816e-06
 2.44816e-06
 2.44816e-06
 2.44816e-06
 2.44816e-06
 2.44816e-06
 2.44816e-06
 2.44816e-06
 2.44816e-06
 2.44816e-06
 2.44816e-06
 2.44816e-06
 2.44816e-06
 2.44816e-06
 2.44816e-06
 2.44816e-06
 2.44816e-06
 2.44816e-06
 2.44816e-06
 2.44816e-06
 2.44816e-06
 2.44816e-06
 2.44816e-06
 2.44816e-06
 2.44816e-06
 2.44816e-06
 2.44816e-06
 2.44816e-06
 2.44816e-06
 2.44816e-06
 2.44816e-06
 2.44816e-06
 2.44816e-06
 2.44816e-06
 2.44816e-06
 2.44816e-06
 2.44816e-06
 2.44816e-06
 2.44816e-06
 2.44816e-06
 2.44816e-06
 2.44816e-06
 2.44816e-06
 2.44816e-06
 2.44816e-06
 2.44816e-06
 2.44816e-06
 2.44816e-06
 2.44816e-06
 2.44816e-06
 2.44816e-06
 2.44816e-06
 2.44816e-06
 2.44816e-06
 2.44816e-06
 2.44816e-06
 2.44816e-06
 2.44816e-06
 2.44816e-06
 2.44816e-06
 2.44816e-06
 2.44816e-06
 2.44816e-06
 2.44816e-06
 2.44816e-06
 2.44816e-06
 2.44816e-06
 2.44816e-06
 2.44816e-06
 2.44816e-06
 2.44816e-06
 2.44816e-06
 2.44816e-06
 2.44816e-06
 2.44816e-06
 2.44816e-06
 2.44816e-06
 2.44816e-06
 2.44816e-06
 2.44816e-06
 2.44816e-06
 2.44816e-06
 2.44816e-06
 2.44816e-06
 2.44816e-06
 2.44816e-06
 2.44816e-06
 2.44816e-06
 2.44816e-06
 2.44816e-06
 2.44816e-06
 2.44816e-06
 2.44816e-06
 2.44816e-06
 2.44816e-06
 2.44816e-06
 2.44816e-06
 2.44816e-06
 2.44816e-06
 2.44816e-06
 2.44816e-06
 2.44816e-06
 2.44816e-06
 2.44816e-06
 2.44816e-06
 2.44816e-06
 2.44816e-06
 2.44816e-06
 2.44816e-06
 2.44816e-06
 2.44816e-06
 2.44816e-06
 2.44816e-06
 2.44816e-06
 2.44816e-06
 2.44816e-06
 2.44816e-06
 2.44816e-06
 2.44816e-06
 2.44816e-06
 2.44816e-06
 2.44816e-06
 2.44816e-06
 2.44816e-06
 2.44816e-06
 2.44816e-06
 2.44816e-06
 2.44816e-06
 2.44816e-06
 2.44816e-06
 2.44816e-06
 2.44816e-06
 2.44816e-06
 2.44816e-06
 2.44816e-06
 2.44816e-06
 2.44816e-06
 2.44816e-06
 2.44816e-06
 2.44816e-06
 2.44816e-06
 2.44816e-06
 2.44816e-06
 2.44816e-06
 2.44816e-06
 2.44816e-06
 2.44816e-06
 2.44816e-06
 2.44816e-06
 2.44816e-06
 2.44816e-06
 2.44816e-06
 2.44816e-06
 2.44816e-06
 2.44816e-06
 2.44816e-06
 2.44816e-06
 2.44816e-06
 2.44816e-06
 2.44816e-06
 2.44816e-06
 2.44816e-06
 2.44816e-06
 2.44816e-06
 2.44816e-06
 2.44816e-06
 2.44816e-06
 2.44816e-06
 2.44816e-06
 2.44816e-06
 2.44816e-06
 2.44816e-06
 2.44816e-06
 2.44816e-06
 2.44816e-06
 2.44816e-06
 2.44816e-06
 2.44816e-06
 2.44816e-06
 2.44816e-06
 2.44816e-06
 2.44816e-06
 2.44816e-06
 2.44816e-06
 2.44816e-06
 2.44816e-06
 2.44816e-06
 2.44816e-06
 2.44816e-06
 2.44816e-06
 2.44816e-06
 2.44816e-06
 2.44816e-06
 2.44816e-06
 2.44816e-06
 2.44816e-06
 2.44816e-06
 2.44816e-06
 2.44816e-06
 2.44816e-06
 2.44816e-06
 2.44816e-06
 2.44816e-06
 2.44816e-06
 2.44816e-06
 2.44816e-06
 2.44816e-06
 2.44816e-06
 2.44816e-06
 2.44816e-06
 2.44816e-06
 2.44816e-06
 2.44816e-06
 2.44816e-06
 2.44816e-06
 2.44816e-06
 2.44816e-06
 2.44816e-06
 2.44816e-06
 2.44816e-06
 2.44816e-06
 2.44816e-06
 2.44816e-06
 2.44816e-06
 2.44816e-06
 2.44816e-06
 2.44816e-06
 2.44816e-06
 2.44816e-06
 2.44816e-06
 2.44816e-06
 2.44816e-06
 2.44816e-06
 2.44816e-06
 2.44816e-06
 2.44816e-06
 2.44816e-06
 2.44816e-06
 2.44816e-06
 2.44816e-06
 2.44816e-06
 2.44816e-06
 2.44816e-06
 2.44816e-06
 2.44816e-06
 2.44816e-06
 2.44816e-06
 2.44816e-06
 2.44816e-06
 2.44816e-06
 2.44816e-06
 2.44816e-06
 2.44816e-06
 2.44816e-06
 2.44816e-06
 2.44816e-06
 2.44816e-06
 2.44816e-06
 2.44816e-06
 2.44816e-06
 2.44816e-06
 2.44816e-06
 2.44816e-06
 2.44816e-06
 2.44816e-06
 2.44816e-06
 2.44816e-06
 2.44816e-06
 2.44816e-06
 2.44816e-06
 2.44816e-06
 2.44816e-06
 2.44816e-06
 2.44816e-06
 2.44816e-06
 2.44816e-06
 2.44816e-06
 2.44816e-06
 2.44816e-06
 2.44816e-06
 2.44816e-06
 2.44816e-06
 2.44816e-06
 2.44816e-06
 2.44816e-06
 2.44816e-06
 2.44816e-06
 2.44816e-06
 2.44816e-06
 2.44816e-06
 2.44816e-06
 2.44816e-06
 2.44816e-06
 2.44816e-06
 2.44816e-06
 2.44816e-06
 2.44816e-06
 2.44816e-06
 2.44816e-06
 2.44816e-06
 2.44816e-06
 2.44816e-06
 2.44816e-06
 2.44816e-06
 2.44816e-06
 2.44816e-06
 2.44816e-06
 2.44816e-06
 2.44816e-06
 2.44816e-06
 2.44816e-06
 2.44816e-06
 2.44816e-06
 2.44816e-06
 2.44816e-06
 2.44816e-06
 2.44816e-06
 2.44816e-06
 2.44816e-06
 2.44816e-06
 2.44816e-06
 2.44816e-06
 2.44816e-06
 2.44816e-06
 2.44816e-06
 2.44816e-06
 2.44816e-06
 2.44816e-06
 2.44816e-06
 2.44816e-06
 2.44816e-06
 2.44816e-06
 2.44816e-06
 2.44816e-06
 2.44816e-06
 2.44816e-06
 2.44816e-06
 2.44816e-06
 2.44816e-06
 2.44816e-06
 2.44816e-06
 2.44816e-06
 2.44816e-06
 2.44816e-06
 2.44816e-06
 2.44816e-06
 2.44816e-06
 2.44816e-06
 2.44816e-06
 2.44816e-06
 2.44816e-06
 2.44816e-06
 2.44816e-06
 2.44816e-06
 2.44816e-06
 2.44816e-06
 2.44816e-06
 2.44816e-06
 2.44816e-06
 2.44816e-06
 2.44816e-06
 2.44816e-06
 2.44816e-06
 2.44816e-06
 2.44816e-06
 2.44816e-06
 2.44816e-06
 2.44816e-06
 2.44816e-06
 2.44816e-06
 2.44816e-06
 2.44816e-06
 2.44816e-06
 2.44816e-06
 2.44816e-06
 2.44816e-06
 2.44816e-06
 2.44816e-06
 2.44816e-06
 2.44816e-06
 2.44816e-06
 2.44816e-06
 2.44816e-06
 2.44816e-06
 2.44816e-06
 2.44816e-06
 2.44816e-06
 2.44816e-06
 2.44816e-06
 2.44816e-06
 2.44816e-06
 2.44816e-06
 2.44816e-06
 2.44816e-06
 2.44816e-06
 2.44816e-06
 2.44816e-06
 2.44816e-06
 2.44816e-06
 2.44816e-06
 2.44816e-06
 2.44816e-06
 2.44816e-06
 2.44816e-06
 2.44816e-06
 2.44816e-06
 2.44816e-06
 2.44816e-06
 2.44816e-06
 2.44816e-06
 2.44816e-06
 2.44816e-06
 2.44816e-06
 2.44816e-06
 2.44816e-06
 2.44816e-06
 2.44816e-06
 2.44816e-06
 2.44816e-06
 2.44816e-06
 2.44816e-06
 2.44816e-06
 2.44816e-06
 2.44816e-06
 2.44816e-06
 2.44816e-06
 2.44816e-06
 2.44816e-06
 2.44816e-06
 2.44816e-06
 2.44816e-06
 2.44816e-06
 2.44816e-06
 2.44816e-06
 2.44816e-06
 2.44816e-06
 2.44816e-06
 2.44816e-06
 2.44816e-06
 2.44816e-06
 2.44816e-06
 2.44816e-06
 2.44816e-06
 2.44816e-06
 2.44816e-06
 2.44816e-06
 2.44816e-06
 2.44816e-06
 2.44816e-06
 2.44816e-06
 2.44816e-06
 2.44816e-06
 2.44816e-06
 2.44816e-06
 2.44816e-06
 2.44816e-06
 2.44816e-06
 2.44816e-06
 2.44816e-06
 2.44816e-06
 2.44816e-06
 2.44816e-06
 2.44816e-06
 2.44816e-06
 2.44816e-06
 2.44816e-06
 2.44816e-06
 2.44816e-06
 2.44816e-06
 2.44816e-06
 2.44816e-06
 2.44816e-06
 2.44816e-06
 2.44816e-06
 2.44816e-06
 2.44816e-06
 2.44816e-06
 2.44816e-06
 2.44816e-06
 2.44816e-06
 2.44816e-06
 2.44816e-06
 2.44816e-06
 2.44816e-06
 2.44816e-06
 2.44816e-06
 2.44816e-06
 2.44816e-06
 2.44816e-06
 2.44816e-06
 2.44816e-06
 2.44816e-06
 2.44816e-06
 2.44816e-06
 2.44816e-06
 2.44816e-06
 2.44816e-06
 2.44816e-06
 2.44816e-06
 2.44816e-06
 2.44816e-06
 2.44816e-06
 2.44816e-06
 2.44816e-06
 2.44816e-06
 2.44816e-06
 2.44816e-06
 2.44816e-06
 2.44816e-06
 2.44816e-06
 2.44816e-06
 2.44816e-06
 2.44816e-06
 2.44816e-06
 2.44816e-06
 2.44816e-06
 2.44816e-06
 2.44816e-06
 2.44816e-06
 2.44816e-06
 2.44816e-06
 2.44816e-06
 2.44816e-06
 2.44816e-06
 2.44816e-06
 2.44816e-06
 2.44816e-06
 2.44816e-06
 2.44816e-06
 2.44816e-06
 2.44816e-06
 2.44816e-06
 2.44816e-06
 2.44816e-06
 2.44816e-06
