Density
part
         1
hexa8
 1.00000e+00
 1.00000e+00
 1.00000e+00
 1.00000e+00
 1.00000e+00
 1.00000e+00
 1.00000e+00
 1.00000e+00
 1.00000e+00
 1.00000e+00
 1.00000e+00
 1.00000e+00
 1.00000e+00
 1.00000e+00
 1.00000e+00
 1.00000e+00
 1.00000e+00
 9.99998e-01
 9.99987e-01
 9.99929e-01
 9.99663e-01
 9.98583e-01
 9.94885e-01
 9.84825e-01
 9.64297e-01
 1.00000e+00
 1.00000e+00
 1.00000e+00
 1.00000e+00
 1.00000e+00
 1.00000e+00
 1.00000e+00
 1.00000e+00
 1.00000e+00
 1.00000e+00
 1.00000e+00
 1.00000e+00
 1.00000e+00
 1.00000e+00
 1.00000e+00
 1.00000e+00
 1.00000e+00
 9.99998e-01
 9.99987e-01
 9.99929e-01
 9.99663e-01
 9.98583e-01
 9.94885e-01
 9.84825e-01
 9.64297e-01
 1.00000e+00
 1.00000e+00
 1.00000e+00
 1.00000e+00
 1.00000e+00
 1.00000e+00
 1.00000e+00
 1.00000e+00
 1.00000e+00
 1.00000e+00
 1.00000e+00
 1.00000e+00
 1.00000e+00
 1.00000e+00
 1.00000e+00
 1.00000e+00
 1.00000e+00
 9.99998e-01
 9.99987e-01
 9.99929e-01
 9.99663e-01
 9.98583e-01
 9.94885e-01
 9.84825e-01
 9.64297e-01
 1.00000e+00
 1.00000e+00
 1.00000e+00
 1.00000e+00
 1.00000e+00
 1.00000e+00
 1.00000e+00
 1.00000e+00
 1.00000e+00
 1.00000e+00
 1.00000e+00
 1.00000e+00
 1.00000e+00
 1.00000e+00
 1.00000e+00
 1.00000e+00
 1.00000e+00
 9.99998e-01
 9.99987e-01
 9.99929e-01
 9.99663e-01
 9.98583e-01
 9.94885e-01
 9.84825e-01
 9.64297e-01
 1.00000e+00
 1.00000e+00
 1.00000e+00
 1.00000e+00
 1.00000e+00
 1.00000e+00
 1.00000e+00
 1.00000e+00
 1.00000e+00
 1.00000e+00
 1.00000e+00
 1.00000e+00
 1.00000e+00
 1.00000e+00
 1.00000e+00
 1.00000e+00
 1.00000e+00
 9.99998e-01
 9.99987e-01
 9.99929e-01
 9.99663e-01
 9.98583e-01
 9.94885e-01
 9.84825e-01
 9.64297e-01
 1.00000e+00
 1.00000e+00
 1.00000e+00
 1.00000e+00
 1.00000e+00
 1.00000e+00
 1.00000e+00
 1.00000e+00
 1.00000e+00
 1.00000e+00
 1.00000e+00
 1.00000e+00
 1.00000e+00
 1.00000e+00
 1.00000e+00
 1.00000e+00
 1.00000e+00
 9.99998e-01
 9.99987e-01
 9.99929e-01
 9.99663e-01
 9.98583e-01
 9.94885e-01
 9.84825e-01
 9.64297e-01
 1.00000e+00
 1.00000e+00
 1.00000e+00
 1.00000e+00
 1.00000e+00
 1.00000e+00
 1.00000e+00
 1.00000e+00
 1.00000e+00
 1.00000e+00
 1.00000e+00
 1.00000e+00
 1.00000e+00
 1.00000e+00
 1.00000e+00
 1.00000e+00
 1.00000e+00
 9.99998e-01
 9.99987e-01
 9.99929e-01
 9.99663e-01
 9.98583e-01
 9.94885e-01
 9.84825e-01
 9.64297e-01
 1.00000e+00
 1.00000e+00
 1.00000e+00
 1.00000e+00
 1.00000e+00
 1.00000e+00
 1.00000e+00
 1.00000e+00
 1.00000e+00
 1.00000e+00
 1.00000e+00
 1.00000e+00
 1.00000e+00
 1.00000e+00
 1.00000e+00
 1.00000e+00
 1.00000e+00
 9.99998e-01
 9.99987e-01
 9.99929e-01
 9.99663e-01
 9.98583e-01
 9.94885e-01
 9.84825e-01
 9.64297e-01
 1.00000e+00
 1.00000e+00
 1.00000e+00
 1.00000e+00
 1.00000e+00
 1.00000e+00
 1.00000e+00
 1.00000e+00
 1.00000e+00
 1.00000e+00
 1.00000e+00
 1.00000e+00
 1.00000e+00
 1.00000e+00
 1.00000e+00
 1.00000e+00
 1.00000e+00
 9.99998e-01
 9.99987e-01
 9.99929e-01
 9.99663e-01
 9.98583e-01
 9.94885e-01
 9.84825e-01
 9.64297e-01
 1.00000e+00
 1.00000e+00
 1.00000e+00
 1.00000e+00
 1.00000e+00
 1.00000e+00
 1.00000e+00
 1.00000e+00
 1.00000e+00
 1.00000e+00
 1.00000e+00
 1.00000e+00
 1.00000e+00
 1.00000e+00
 1.00000e+00
 1.00000e+00
 1.00000e+00
 9.99998e-01
 9.99987e-01
 9.99929e-01
 9.99663e-01
 9.98583e-01
 9.94885e-01
 9.84825e-01
 9.64297e-01
 1.00000e+00
 1.00000e+00
 1.00000e+00
 1.00000e+00
 1.00000e+00
 1.00000e+00
 1.00000e+00
 1.00000e+00
 1.00000e+00
 1.00000e+00
 1.00000e+00
 1.00000e+00
 1.00000e+00
 1.00000e+00
 1.00000e+00
 1.00000e+00
 1.00000e+00
 9.99998e-01
 9.99987e-01
 9.99929e-01
 9.99663e-01
 9.98583e-01
 9.94885e-01
 9.84825e-01
 9.64297e-01
 1.00000e+00
 1.00000e+00
 1.00000e+00
 1.00000e+00
 1.00000e+00
 1.00000e+00
 1.00000e+00
 1.00000e+00
 1.00000e+00
 1.00000e+00
 1.00000e+00
 1.00000e+00
 1.00000e+00
 1.00000e+00
 1.00000e+00
 1.00000e+00
 1.00000e+00
 9.99998e-01
 9.99987e-01
 9.99929e-01
 9.99663e-01
 9.98583e-01
 9.94885e-01
 9.84825e-01
 9.64297e-01
 1.00000e+00
 1.00000e+00
 1.00000e+00
 1.00000e+00
 1.00000e+00
 1.00000e+00
 1.00000e+00
 1.00000e+00
 1.00000e+00
 1.00000e+00
 1.00000e+00
 1.00000e+00
 1.00000e+00
 1.00000e+00
 1.00000e+00
 1.00000e+00
 1.00000e+00
 9.99998e-01
 9.99987e-01
 9.99929e-01
 9.99663e-01
 9.98583e-01
 9.94885e-01
 9.84825e-01
 9.64297e-01
 1.00000e+00
 1.00000e+00
 1.00000e+00
 1.00000e+00
 1.00000e+00
 1.00000e+00
 1.00000e+00
 1.00000e+00
 1.00000e+00
 1.00000e+00
 1.00000e+00
 1.00000e+00
 1.00000e+00
 1.00000e+00
 1.00000e+00
 1.00000e+00
 1.00000e+00
 9.99998e-01
 9.99987e-01
 9.99929e-01
 9.99663e-01
 9.98583e-01
 9.94885e-01
 9.84825e-01
 9.64297e-01
 1.00000e+00
 1.00000e+00
 1.00000e+00
 1.00000e+00
 1.00000e+00
 1.00000e+00
 1.00000e+00
 1.00000e+00
 1.00000e+00
 1.00000e+00
 1.00000e+00
 1.00000e+00
 1.00000e+00
 1.00000e+00
 1.00000e+00
 1.00000e+00
 1.00000e+00
 9.99998e-01
 9.99987e-01
 9.99929e-01
 9.99663e-01
 9.98583e-01
 9.94885e-01
 9.84825e-01
 9.64297e-01
 1.00000e+00
 1.00000e+00
 1.00000e+00
 1.00000e+00
 1.00000e+00
 1.00000e+00
 1.00000e+00
 1.00000e+00
 1.00000e+00
 1.00000e+00
 1.00000e+00
 1.00000e+00
 1.00000e+00
 1.00000e+00
 1.00000e+00
 1.00000e+00
 1.00000e+00
 9.99998e-01
 9.99987e-01
 9.99929e-01
 9.99663e-01
 9.98583e-01
 9.94885e-01
 9.84825e-01
 9.64297e-01
 1.00000e+00
 1.00000e+00
 1.00000e+00
 1.00000e+00
 1.00000e+00
 1.00000e+00
 1.00000e+00
 1.00000e+00
 1.00000e+00
 1.00000e+00
 1.00000e+00
 1.00000e+00
 1.00000e+00
 1.00000e+00
 1.00000e+00
 1.00000e+00
 1.00000e+00
 9.99998e-01
 9.99987e-01
 9.99929e-01
 9.99663e-01
 9.98583e-01
 9.94885e-01
 9.84825e-01
 9.64297e-01
 1.00000e+00
 1.00000e+00
 1.00000e+00
 1.00000e+00
 1.00000e+00
 1.00000e+00
 1.00000e+00
 1.00000e+00
 1.00000e+00
 1.00000e+00
 1.00000e+00
 1.00000e+00
 1.00000e+00
 1.00000e+00
 1.00000e+00
 1.00000e+00
 1.00000e+00
 9.99998e-01
 9.99987e-01
 9.99929e-01
 9.99663e-01
 9.98583e-01
 9.94885e-01
 9.84825e-01
 9.64297e-01
 1.00000e+00
 1.00000e+00
 1.00000e+00
 1.00000e+00
 1.00000e+00
 1.00000e+00
 1.00000e+00
 1.00000e+00
 1.00000e+00
 1.00000e+00
 1.00000e+00
 1.00000e+00
 1.00000e+00
 1.00000e+00
 1.00000e+00
 1.00000e+00
 1.00000e+00
 9.99998e-01
 9.99987e-01
 9.99929e-01
 9.99663e-01
 9.98583e-01
 9.94885e-01
 9.84825e-01
 9.64297e-01
 1.00000e+00
 1.00000e+00
 1.00000e+00
 1.00000e+00
 1.00000e+00
 1.00000e+00
 1.00000e+00
 1.00000e+00
 1.00000e+00
 1.00000e+00
 1.00000e+00
 1.00000e+00
 1.00000e+00
 1.00000e+00
 1.00000e+00
 1.00000e+00
 1.00000e+00
 9.99998e-01
 9.99987e-01
 9.99929e-01
 9.99663e-01
 9.98583e-01
 9.94885e-01
 9.84825e-01
 9.64297e-01
 1.00000e+00
 1.00000e+00
 1.00000e+00
 1.00000e+00
 1.00000e+00
 1.00000e+00
 1.00000e+00
 1.00000e+00
 1.00000e+00
 1.00000e+00
 1.00000e+00
 1.00000e+00
 1.00000e+00
 1.00000e+00
 1.00000e+00
 1.00000e+00
 1.00000e+00
 9.99998e-01
 9.99987e-01
 9.99929e-01
 9.99663e-01
 9.98583e-01
 9.94885e-01
 9.84825e-01
 9.64297e-01
 1.00000e+00
 1.00000e+00
 1.00000e+00
 1.00000e+00
 1.00000e+00
 1.00000e+00
 1.00000e+00
 1.00000e+00
 1.00000e+00
 1.00000e+00
 1.00000e+00
 1.00000e+00
 1.00000e+00
 1.00000e+00
 1.00000e+00
 1.00000e+00
 1.00000e+00
 9.99998e-01
 9.99987e-01
 9.99929e-01
 9.99663e-01
 9.98583e-01
 9.94885e-01
 9.84825e-01
 9.64297e-01
 1.00000e+00
 1.00000e+00
 1.00000e+00
 1.00000e+00
 1.00000e+00
 1.00000e+00
 1.00000e+00
 1.00000e+00
 1.00000e+00
 1.00000e+00
 1.00000e+00
 1.00000e+00
 1.00000e+00
 1.00000e+00
 1.00000e+00
 1.00000e+00
 1.00000e+00
 9.99998e-01
 9.99987e-01
 9.99929e-01
 9.99663e-01
 9.98583e-01
 9.94885e-01
 9.84825e-01
 9.64297e-01
 1.00000e+00
 1.00000e+00
 1.00000e+00
 1.00000e+00
 1.00000e+00
 1.00000e+00
 1.00000e+00
 1.00000e+00
 1.00000e+00
 1.00000e+00
 1.00000e+00
 1.00000e+00
 1.00000e+00
 1.00000e+00
 1.00000e+00
 1.00000e+00
 1.00000e+00
 9.99998e-01
 9.99987e-01
 9.99929e-01
 9.99663e-01
 9.98583e-01
 9.94885e-01
 9.84825e-01
 9.64297e-01
 1.00000e+00
 1.00000e+00
 1.00000e+00
 1.00000e+00
 1.00000e+00
 1.00000e+00
 1.00000e+00
 1.00000e+00
 1.00000e+00
 1.00000e+00
 1.00000e+00
 1.00000e+00
 1.00000e+00
 1.00000e+00
 1.00000e+00
 1.00000e+00
 1.00000e+00
 9.99998e-01
 9.99987e-01
 9.99929e-01
 9.99663e-01
 9.98583e-01
 9.94885e-01
 9.84825e-01
 9.64297e-01
part
         2
hexa8
 9.33135e-01
 8.95946e-01
 8.57268e-01
 8.19109e-01
 7.82073e-01
 7.46393e-01
 7.12198e-01
 6.79581e-01
 6.48616e-01
 6.19379e-01
 5.91967e-01
 5.66519e-01
 5.43223e-01
 5.22360e-01
 5.04321e-01
 4.89646e-01
 4.79036e-01
 4.73238e-01
 4.72521e-01
 4.73333e-01
 4.74551e-01
 4.76094e-01
 4.77789e-01
 4.79594e-01
 4.81443e-01
 9.33135e-01
 8.95946e-01
 8.57268e-01
 8.19109e-01
 7.82073e-01
 7.46393e-01
 7.12198e-01
 6.79581e-01
 6.48616e-01
 6.19379e-01
 5.91967e-01
 5.66519e-01
 5.43223e-01
 5.22360e-01
 5.04321e-01
 4.89646e-01
 4.79036e-01
 4.73238e-01
 4.72521e-01
 4.73333e-01
 4.74551e-01
 4.76094e-01
 4.77789e-01
 4.79594e-01
 4.81443e-01
 9.33135e-01
 8.95946e-01
 8.57268e-01
 8.19109e-01
 7.82073e-01
 7.46393e-01
 7.12198e-01
 6.79581e-01
 6.48616e-01
 6.19379e-01
 5.91967e-01
 5.66519e-01
 5.43223e-01
 5.22360e-01
 5.04321e-01
 4.89646e-01
 4.79036e-01
 4.73238e-01
 4.72521e-01
 4.73333e-01
 4.74551e-01
 4.76094e-01
 4.77789e-01
 4.79594e-01
 4.81443e-01
 9.33135e-01
 8.95946e-01
 8.57268e-01
 8.19109e-01
 7.82073e-01
 7.46393e-01
 7.12198e-01
 6.79581e-01
 6.48616e-01
 6.19379e-01
 5.91967e-01
 5.66519e-01
 5.43223e-01
 5.22360e-01
 5.04321e-01
 4.89646e-01
 4.79036e-01
 4.73238e-01
 4.72521e-01
 4.73333e-01
 4.74551e-01
 4.76094e-01
 4.77789e-01
 4.79594e-01
 4.81443e-01
 9.33135e-01
 8.95946e-01
 8.57268e-01
 8.19109e-01
 7.82073e-01
 7.46393e-01
 7.12198e-01
 6.79581e-01
 6.48616e-01
 6.19379e-01
 5.91967e-01
 5.66519e-01
 5.43223e-01
 5.22360e-01
 5.04321e-01
 4.89646e-01
 4.79036e-01
 4.73238e-01
 4.72521e-01
 4.73333e-01
 4.74551e-01
 4.76094e-01
 4.77789e-01
 4.79594e-01
 4.81443e-01
 9.33135e-01
 8.95946e-01
 8.57268e-01
 8.19109e-01
 7.82073e-01
 7.46393e-01
 7.12198e-01
 6.79581e-01
 6.48616e-01
 6.19379e-01
 5.91967e-01
 5.66519e-01
 5.43223e-01
 5.22360e-01
 5.04321e-01
 4.89646e-01
 4.79036e-01
 4.73238e-01
 4.72521e-01
 4.73333e-01
 4.74551e-01
 4.76094e-01
 4.77789e-01
 4.79594e-01
 4.81443e-01
 9.33135e-01
 8.95946e-01
 8.57268e-01
 8.19109e-01
 7.82073e-01
 7.46393e-01
 7.12198e-01
 6.79581e-01
 6.48616e-01
 6.19379e-01
 5.91967e-01
 5.66519e-01
 5.43223e-01
 5.22360e-01
 5.04321e-01
 4.89646e-01
 4.79036e-01
 4.73238e-01
 4.72521e-01
 4.73333e-01
 4.74551e-01
 4.76094e-01
 4.77789e-01
 4.79594e-01
 4.81443e-01
 9.33135e-01
 8.95946e-01
 8.57268e-01
 8.19109e-01
 7.82073e-01
 7.46393e-01
 7.12198e-01
 6.79581e-01
 6.48616e-01
 6.19379e-01
 5.91967e-01
 5.66519e-01
 5.43223e-01
 5.22360e-01
 5.04321e-01
 4.89646e-01
 4.79036e-01
 4.73238e-01
 4.72521e-01
 4.73333e-01
 4.74551e-01
 4.76094e-01
 4.77789e-01
 4.79594e-01
 4.81443e-01
 9.33135e-01
 8.95946e-01
 8.57268e-01
 8.19109e-01
 7.82073e-01
 7.46393e-01
 7.12198e-01
 6.79581e-01
 6.48616e-01
 6.19379e-01
 5.91967e-01
 5.66519e-01
 5.43223e-01
 5.22360e-01
 5.04321e-01
 4.89646e-01
 4.79036e-01
 4.73238e-01
 4.72521e-01
 4.73333e-01
 4.74551e-01
 4.76094e-01
 4.77789e-01
 4.79594e-01
 4.81443e-01
 9.33135e-01
 8.95946e-01
 8.57268e-01
 8.19109e-01
 7.82073e-01
 7.46393e-01
 7.12198e-01
 6.79581e-01
 6.48616e-01
 6.19379e-01
 5.91967e-01
 5.66519e-01
 5.43223e-01
 5.22360e-01
 5.04321e-01
 4.89646e-01
 4.79036e-01
 4.73238e-01
 4.72521e-01
 4.73333e-01
 4.74551e-01
 4.76094e-01
 4.77789e-01
 4.79594e-01
 4.81443e-01
 9.33135e-01
 8.95946e-01
 8.57268e-01
 8.19109e-01
 7.82073e-01
 7.46393e-01
 7.12198e-01
 6.79581e-01
 6.48616e-01
 6.19379e-01
 5.91967e-01
 5.66519e-01
 5.43223e-01
 5.22360e-01
 5.04321e-01
 4.89646e-01
 4.79036e-01
 4.73238e-01
 4.72521e-01
 4.73333e-01
 4.74551e-01
 4.76094e-01
 4.77789e-01
 4.79594e-01
 4.81443e-01
 9.33135e-01
 8.95946e-01
 8.57268e-01
 8.19109e-01
 7.82073e-01
 7.46393e-01
 7.12198e-01
 6.79581e-01
 6.48616e-01
 6.19379e-01
 5.91967e-01
 5.66519e-01
 5.43223e-01
 5.22360e-01
 5.04321e-01
 4.89646e-01
 4.79036e-01
 4.73238e-01
 4.72521e-01
 4.73333e-01
 4.74551e-01
 4.76094e-01
 4.77789e-01
 4.79594e-01
 4.81443e-01
 9.33135e-01
 8.95946e-01
 8.57268e-01
 8.19109e-01
 7.82073e-01
 7.46393e-01
 7.12198e-01
 6.79581e-01
 6.48616e-01
 6.19379e-01
 5.91967e-01
 5.66519e-01
 5.43223e-01
 5.22360e-01
 5.04321e-01
 4.89646e-01
 4.79036e-01
 4.73238e-01
 4.72521e-01
 4.73333e-01
 4.74551e-01
 4.76094e-01
 4.77789e-01
 4.79594e-01
 4.81443e-01
 9.33135e-01
 8.95946e-01
 8.57268e-01
 8.19109e-01
 7.82073e-01
 7.46393e-01
 7.12198e-01
 6.79581e-01
 6.48616e-01
 6.19379e-01
 5.91967e-01
 5.66519e-01
 5.43223e-01
 5.22360e-01
 5.04321e-01
 4.89646e-01
 4.79036e-01
 4.73238e-01
 4.72521e-01
 4.73333e-01
 4.74551e-01
 4.76094e-01
 4.77789e-01
 4.79594e-01
 4.81443e-01
 9.33135e-01
 8.95946e-01
 8.57268e-01
 8.19109e-01
 7.82073e-01
 7.46393e-01
 7.12198e-01
 6.79581e-01
 6.48616e-01
 6.19379e-01
 5.91967e-01
 5.66519e-01
 5.43223e-01
 5.22360e-01
 5.04321e-01
 4.89646e-01
 4.79036e-01
 4.73238e-01
 4.72521e-01
 4.73333e-01
 4.74551e-01
 4.76094e-01
 4.77789e-01
 4.79594e-01
 4.81443e-01
 9.33135e-01
 8.95946e-01
 8.57268e-01
 8.19109e-01
 7.82073e-01
 7.46393e-01
 7.12198e-01
 6.79581e-01
 6.48616e-01
 6.19379e-01
 5.91967e-01
 5.66519e-01
 5.43223e-01
 5.22360e-01
 5.04321e-01
 4.89646e-01
 4.79036e-01
 4.73238e-01
 4.72521e-01
 4.73333e-01
 4.74551e-01
 4.76094e-01
 4.77789e-01
 4.79594e-01
 4.81443e-01
 9.33135e-01
 8.95946e-01
 8.57268e-01
 8.19109e-01
 7.82073e-01
 7.46393e-01
 7.12198e-01
 6.79581e-01
 6.48616e-01
 6.19379e-01
 5.91967e-01
 5.66519e-01
 5.43223e-01
 5.22360e-01
 5.04321e-01
 4.89646e-01
 4.79036e-01
 4.73238e-01
 4.72521e-01
 4.73333e-01
 4.74551e-01
 4.76094e-01
 4.77789e-01
 4.79594e-01
 4.81443e-01
 9.33135e-01
 8.95946e-01
 8.57268e-01
 8.19109e-01
 7.82073e-01
 7.46393e-01
 7.12198e-01
 6.79581e-01
 6.48616e-01
 6.19379e-01
 5.91967e-01
 5.66519e-01
 5.43223e-01
 5.22360e-01
 5.04321e-01
 4.89646e-01
 4.79036e-01
 4.73238e-01
 4.72521e-01
 4.73333e-01
 4.74551e-01
 4.76094e-01
 4.77789e-01
 4.79594e-01
 4.81443e-01
 9.33135e-01
 8.95946e-01
 8.57268e-01
 8.19109e-01
 7.82073e-01
 7.46393e-01
 7.12198e-01
 6.79581e-01
 6.48616e-01
 6.19379e-01
 5.91967e-01
 5.66519e-01
 5.43223e-01
 5.22360e-01
 5.04321e-01
 4.89646e-01
 4.79036e-01
 4.73238e-01
 4.72521e-01
 4.73333e-01
 4.74551e-01
 4.76094e-01
 4.77789e-01
 4.79594e-01
 4.81443e-01
 9.33135e-01
 8.95946e-01
 8.57268e-01
 8.19109e-01
 7.82073e-01
 7.46393e-01
 7.12198e-01
 6.79581e-01
 6.48616e-01
 6.19379e-01
 5.91967e-01
 5.66519e-01
 5.43223e-01
 5.22360e-01
 5.04321e-01
 4.89646e-01
 4.79036e-01
 4.73238e-01
 4.72521e-01
 4.73333e-01
 4.74551e-01
 4.76094e-01
 4.77789e-01
 4.79594e-01
 4.81443e-01
 9.33135e-01
 8.95946e-01
 8.57268e-01
 8.19109e-01
 7.82073e-01
 7.46393e-01
 7.12198e-01
 6.79581e-01
 6.48616e-01
 6.19379e-01
 5.91967e-01
 5.66519e-01
 5.43223e-01
 5.22360e-01
 5.04321e-01
 4.89646e-01
 4.79036e-01
 4.73238e-01
 4.72521e-01
 4.73333e-01
 4.74551e-01
 4.76094e-01
 4.77789e-01
 4.79594e-01
 4.81443e-01
 9.33135e-01
 8.95946e-01
 8.57268e-01
 8.19109e-01
 7.82073e-01
 7.46393e-01
 7.12198e-01
 6.79581e-01
 6.48616e-01
 6.19379e-01
 5.91967e-01
 5.66519e-01
 5.43223e-01
 5.22360e-01
 5.04321e-01
 4.89646e-01
 4.79036e-01
 4.73238e-01
 4.72521e-01
 4.73333e-01
 4.74551e-01
 4.76094e-01
 4.77789e-01
 4.79594e-01
 4.81443e-01
 9.33135e-01
 8.95946e-01
 8.57268e-01
 8.19109e-01
 7.82073e-01
 7.46393e-01
 7.12198e-01
 6.79581e-01
 6.48616e-01
 6.19379e-01
 5.91967e-01
 5.66519e-01
 5.43223e-01
 5.22360e-01
 5.04321e-01
 4.89646e-01
 4.79036e-01
 4.73238e-01
 4.72521e-01
 4.73333e-01
 4.74551e-01
 4.76094e-01
 4.77789e-01
 4.79594e-01
 4.81443e-01
 9.33135e-01
 8.95946e-01
 8.57268e-01
 8.19109e-01
 7.82073e-01
 7.46393e-01
 7.12198e-01
 6.79581e-01
 6.48616e-01
 6.19379e-01
 5.91967e-01
 5.66519e-01
 5.43223e-01
 5.22360e-01
 5.04321e-01
 4.89646e-01
 4.79036e-01
 4.73238e-01
 4.72521e-01
 4.73333e-01
 4.74551e-01
 4.76094e-01
 4.77789e-01
 4.79594e-01
 4.81443e-01
 9.33135e-01
 8.95946e-01
 8.57268e-01
 8.19109e-01
 7.82073e-01
 7.46393e-01
 7.12198e-01
 6.79581e-01
 6.48616e-01
 6.19379e-01
 5.91967e-01
 5.66519e-01
 5.43223e-01
 5.22360e-01
 5.04321e-01
 4.89646e-01
 4.79036e-01
 4.73238e-01
 4.72521e-01
 4.73333e-01
 4.74551e-01
 4.76094e-01
 4.77789e-01
 4.79594e-01
 4.81443e-01
part
         3
hexa8
 4.83259e-01
 4.84991e-01
 4.86601e-01
 4.88070e-01
 4.89390e-01
 4.90562e-01
 4.91593e-01
 4.92494e-01
 4.93274e-01
 4.93937e-01
 4.94475e-01
 4.94868e-01
 4.95086e-01
 4.95106e-01
 4.94928e-01
 4.94603e-01
 4.94225e-01
 4.93885e-01
 4.93508e-01
 4.45832e-01
 3.54120e-01
 3.00434e-01
 3.01373e-01
 3.03145e-01
 3.05279e-01
 4.83259e-01
 4.84991e-01
 4.86601e-01
 4.88070e-01
 4.89390e-01
 4.90562e-01
 4.91593e-01
 4.92494e-01
 4.93274e-01
 4.93937e-01
 4.94475e-01
 4.94868e-01
 4.95086e-01
 4.95106e-01
 4.94928e-01
 4.94603e-01
 4.94225e-01
 4.93885e-01
 4.93508e-01
 4.45832e-01
 3.54120e-01
 3.00434e-01
 3.01373e-01
 3.03145e-01
 3.05279e-01
 4.83259e-01
 4.84991e-01
 4.86601e-01
 4.88070e-01
 4.89390e-01
 4.90562e-01
 4.91593e-01
 4.92494e-01
 4.93274e-01
 4.93937e-01
 4.94475e-01
 4.94868e-01
 4.95086e-01
 4.95106e-01
 4.94928e-01
 4.94603e-01
 4.94225e-01
 4.93885e-01
 4.93508e-01
 4.45832e-01
 3.54120e-01
 3.00434e-01
 3.01373e-01
 3.03145e-01
 3.05279e-01
 4.83259e-01
 4.84991e-01
 4.86601e-01
 4.88070e-01
 4.89390e-01
 4.90562e-01
 4.91593e-01
 4.92494e-01
 4.93274e-01
 4.93937e-01
 4.94475e-01
 4.94868e-01
 4.95086e-01
 4.95106e-01
 4.94928e-01
 4.94603e-01
 4.94225e-01
 4.93885e-01
 4.93508e-01
 4.45832e-01
 3.54120e-01
 3.00434e-01
 3.01373e-01
 3.03145e-01
 3.05279e-01
 4.83259e-01
 4.84991e-01
 4.86601e-01
 4.88070e-01
 4.89390e-01
 4.90562e-01
 4.91593e-01
 4.92494e-01
 4.93274e-01
 4.93937e-01
 4.94475e-01
 4.94868e-01
 4.95086e-01
 4.95106e-01
 4.94928e-01
 4.94603e-01
 4.94225e-01
 4.93885e-01
 4.93508e-01
 4.45832e-01
 3.54120e-01
 3.00434e-01
 3.01373e-01
 3.03145e-01
 3.05279e-01
 4.83259e-01
 4.84991e-01
 4.86601e-01
 4.88070e-01
 4.89390e-01
 4.90562e-01
 4.91593e-01
 4.92494e-01
 4.93274e-01
 4.93937e-01
 4.94475e-01
 4.94868e-01
 4.95086e-01
 4.95106e-01
 4.94928e-01
 4.94603e-01
 4.94225e-01
 4.93885e-01
 4.93508e-01
 4.45832e-01
 3.54120e-01
 3.00434e-01
 3.01373e-01
 3.03145e-01
 3.05279e-01
 4.83259e-01
 4.84991e-01
 4.86601e-01
 4.88070e-01
 4.89390e-01
 4.90562e-01
 4.91593e-01
 4.92494e-01
 4.93274e-01
 4.93937e-01
 4.94475e-01
 4.94868e-01
 4.95086e-01
 4.95106e-01
 4.94928e-01
 4.94603e-01
 4.94225e-01
 4.93885e-01
 4.93508e-01
 4.45832e-01
 3.54120e-01
 3.00434e-01
 3.01373e-01
 3.03145e-01
 3.05279e-01
 4.83259e-01
 4.84991e-01
 4.86601e-01
 4.88070e-01
 4.89390e-01
 4.90562e-01
 4.91593e-01
 4.92494e-01
 4.93274e-01
 4.93937e-01
 4.94475e-01
 4.94868e-01
 4.95086e-01
 4.95106e-01
 4.94928e-01
 4.94603e-01
 4.94225e-01
 4.93885e-01
 4.93508e-01
 4.45832e-01
 3.54120e-01
 3.00434e-01
 3.01373e-01
 3.03145e-01
 3.05279e-01
 4.83259e-01
 4.84991e-01
 4.86601e-01
 4.88070e-01
 4.89390e-01
 4.90562e-01
 4.91593e-01
 4.92494e-01
 4.93274e-01
 4.93937e-01
 4.94475e-01
 4.94868e-01
 4.95086e-01
 4.95106e-01
 4.94928e-01
 4.94603e-01
 4.94225e-01
 4.93885e-01
 4.93508e-01
 4.45832e-01
 3.54120e-01
 3.00434e-01
 3.01373e-01
 3.03145e-01
 3.05279e-01
 4.83259e-01
 4.84991e-01
 4.86601e-01
 4.88070e-01
 4.89390e-01
 4.90562e-01
 4.91593e-01
 4.92494e-01
 4.93274e-01
 4.93937e-01
 4.94475e-01
 4.94868e-01
 4.95086e-01
 4.95106e-01
 4.94928e-01
 4.94603e-01
 4.94225e-01
 4.93885e-01
 4.93508e-01
 4.45832e-01
 3.54120e-01
 3.00434e-01
 3.01373e-01
 3.03145e-01
 3.05279e-01
 4.83259e-01
 4.84991e-01
 4.86601e-01
 4.88070e-01
 4.89390e-01
 4.90562e-01
 4.91593e-01
 4.92494e-01
 4.93274e-01
 4.93937e-01
 4.94475e-01
 4.94868e-01
 4.95086e-01
 4.95106e-01
 4.94928e-01
 4.94603e-01
 4.94225e-01
 4.93885e-01
 4.93508e-01
 4.45832e-01
 3.54120e-01
 3.00434e-01
 3.01373e-01
 3.03145e-01
 3.05279e-01
 4.83259e-01
 4.84991e-01
 4.86601e-01
 4.88070e-01
 4.89390e-01
 4.90562e-01
 4.91593e-01
 4.92494e-01
 4.93274e-01
 4.93937e-01
 4.94475e-01
 4.94868e-01
 4.95086e-01
 4.95106e-01
 4.94928e-01
 4.94603e-01
 4.94225e-01
 4.93885e-01
 4.93508e-01
 4.45832e-01
 3.54120e-01
 3.00434e-01
 3.01373e-01
 3.03145e-01
 3.05279e-01
 4.83259e-01
 4.84991e-01
 4.86601e-01
 4.88070e-01
 4.89390e-01
 4.90562e-01
 4.91593e-01
 4.92494e-01
 4.93274e-01
 4.93937e-01
 4.94475e-01
 4.94868e-01
 4.95086e-01
 4.95106e-01
 4.94928e-01
 4.94603e-01
 4.94225e-01
 4.93885e-01
 4.93508e-01
 4.45832e-01
 3.54120e-01
 3.00434e-01
 3.01373e-01
 3.03145e-01
 3.05279e-01
 4.83259e-01
 4.84991e-01
 4.86601e-01
 4.88070e-01
 4.89390e-01
 4.90562e-01
 4.91593e-01
 4.92494e-01
 4.93274e-01
 4.93937e-01
 4.94475e-01
 4.94868e-01
 4.95086e-01
 4.95106e-01
 4.94928e-01
 4.94603e-01
 4.94225e-01
 4.93885e-01
 4.93508e-01
 4.45832e-01
 3.54120e-01
 3.00434e-01
 3.01373e-01
 3.03145e-01
 3.05279e-01
 4.83259e-01
 4.84991e-01
 4.86601e-01
 4.88070e-01
 4.89390e-01
 4.90562e-01
 4.91593e-01
 4.92494e-01
 4.93274e-01
 4.93937e-01
 4.94475e-01
 4.94868e-01
 4.95086e-01
 4.95106e-01
 4.94928e-01
 4.94603e-01
 4.94225e-01
 4.93885e-01
 4.93508e-01
 4.45832e-01
 3.54120e-01
 3.00434e-01
 3.01373e-01
 3.03145e-01
 3.05279e-01
 4.83259e-01
 4.84991e-01
 4.86601e-01
 4.88070e-01
 4.89390e-01
 4.90562e-01
 4.91593e-01
 4.92494e-01
 4.93274e-01
 4.93937e-01
 4.94475e-01
 4.94868e-01
 4.95086e-01
 4.95106e-01
 4.94928e-01
 4.94603e-01
 4.94225e-01
 4.93885e-01
 4.93508e-01
 4.45832e-01
 3.54120e-01
 3.00434e-01
 3.01373e-01
 3.03145e-01
 3.05279e-01
 4.83259e-01
 4.84991e-01
 4.86601e-01
 4.88070e-01
 4.89390e-01
 4.90562e-01
 4.91593e-01
 4.92494e-01
 4.93274e-01
 4.93937e-01
 4.94475e-01
 4.94868e-01
 4.95086e-01
 4.95106e-01
 4.94928e-01
 4.94603e-01
 4.94225e-01
 4.93885e-01
 4.93508e-01
 4.45832e-01
 3.54120e-01
 3.00434e-01
 3.01373e-01
 3.03145e-01
 3.05279e-01
 4.83259e-01
 4.84991e-01
 4.86601e-01
 4.88070e-01
 4.89390e-01
 4.90562e-01
 4.91593e-01
 4.92494e-01
 4.93274e-01
 4.93937e-01
 4.94475e-01
 4.94868e-01
 4.95086e-01
 4.95106e-01
 4.94928e-01
 4.94603e-01
 4.94225e-01
 4.93885e-01
 4.93508e-01
 4.45832e-01
 3.54120e-01
 3.00434e-01
 3.01373e-01
 3.03145e-01
 3.05279e-01
 4.83259e-01
 4.84991e-01
 4.86601e-01
 4.88070e-01
 4.89390e-01
 4.90562e-01
 4.91593e-01
 4.92494e-01
 4.93274e-01
 4.93937e-01
 4.94475e-01
 4.94868e-01
 4.95086e-01
 4.95106e-01
 4.94928e-01
 4.94603e-01
 4.94225e-01
 4.93885e-01
 4.93508e-01
 4.45832e-01
 3.54120e-01
 3.00434e-01
 3.01373e-01
 3.03145e-01
 3.05279e-01
 4.83259e-01
 4.84991e-01
 4.86601e-01
 4.88070e-01
 4.89390e-01
 4.90562e-01
 4.91593e-01
 4.92494e-01
 4.93274e-01
 4.93937e-01
 4.94475e-01
 4.94868e-01
 4.95086e-01
 4.95106e-01
 4.94928e-01
 4.94603e-01
 4.94225e-01
 4.93885e-01
 4.93508e-01
 4.45832e-01
 3.54120e-01
 3.00434e-01
 3.01373e-01
 3.03145e-01
 3.05279e-01
 4.83259e-01
 4.84991e-01
 4.86601e-01
 4.88070e-01
 4.89390e-01
 4.90562e-01
 4.91593e-01
 4.92494e-01
 4.93274e-01
 4.93937e-01
 4.94475e-01
 4.94868e-01
 4.95086e-01
 4.95106e-01
 4.94928e-01
 4.94603e-01
 4.94225e-01
 4.93885e-01
 4.93508e-01
 4.45832e-01
 3.54120e-01
 3.00434e-01
 3.01373e-01
 3.03145e-01
 3.05279e-01
 4.83259e-01
 4.84991e-01
 4.86601e-01
 4.88070e-01
 4.89390e-01
 4.90562e-01
 4.91593e-01
 4.92494e-01
 4.93274e-01
 4.93937e-01
 4.94475e-01
 4.94868e-01
 4.95086e-01
 4.95106e-01
 4.94928e-01
 4.94603e-01
 4.94225e-01
 4.93885e-01
 4.93508e-01
 4.45832e-01
 3.54120e-01
 3.00434e-01
 3.01373e-01
 3.03145e-01
 3.05279e-01
 4.83259e-01
 4.84991e-01
 4.86601e-01
 4.88070e-01
 4.89390e-01
 4.90562e-01
 4.91593e-01
 4.92494e-01
 4.93274e-01
 4.93937e-01
 4.94475e-01
 4.94868e-01
 4.95086e-01
 4.95106e-01
 4.94928e-01
 4.94603e-01
 4.94225e-01
 4.93885e-01
 4.93508e-01
 4.45832e-01
 3.54120e-01
 3.00434e-01
 3.01373e-01
 3.03145e-01
 3.05279e-01
 4.83259e-01
 4.84991e-01
 4.86601e-01
 4.88070e-01
 4.89390e-01
 4.90562e-01
 4.91593e-01
 4.92494e-01
 4.93274e-01
 4.93937e-01
 4.94475e-01
 4.94868e-01
 4.95086e-01
 4.95106e-01
 4.94928e-01
 4.94603e-01
 4.94225e-01
 4.93885e-01
 4.93508e-01
 4.45832e-01
 3.54120e-01
 3.00434e-01
 3.01373e-01
 3.03145e-01
 3.05279e-01
 4.83259e-01
 4.84991e-01
 4.86601e-01
 4.88070e-01
 4.89390e-01
 4.90562e-01
 4.91593e-01
 4.92494e-01
 4.93274e-01
 4.93937e-01
 4.94475e-01
 4.94868e-01
 4.95086e-01
 4.95106e-01
 4.94928e-01
 4.94603e-01
 4.94225e-01
 4.93885e-01
 4.93508e-01
 4.45832e-01
 3.54120e-01
 3.00434e-01
 3.01373e-01
 3.03145e-01
 3.05279e-01
part
         4
hexa8
 3.07303e-01
 3.08507e-01
 3.08362e-01
 3.06087e-01
 3.00612e-01
 2.90719e-01
 2.75350e-01
 2.54165e-01
 2.28127e-01
 2.00178e-01
 1.74063e-01
 1.53175e-01
 1.38779e-01
 1.30524e-01
 1.26805e-01
 1.25517e-01
 1.25139e-01
 1.25036e-01
 1.25009e-01
 1.25002e-01
 1.25001e-01
 1.25000e-01
 1.25000e-01
 1.25000e-01
 1.25000e-01
 3.07303e-01
 3.08507e-01
 3.08362e-01
 3.06087e-01
 3.00612e-01
 2.90719e-01
 2.75350e-01
 2.54165e-01
 2.28127e-01
 2.00178e-01
 1.74063e-01
 1.53175e-01
 1.38779e-01
 1.30524e-01
 1.26805e-01
 1.25517e-01
 1.25139e-01
 1.25036e-01
 1.25009e-01
 1.25002e-01
 1.25001e-01
 1.25000e-01
 1.25000e-01
 1.25000e-01
 1.25000e-01
 3.07303e-01
 3.08507e-01
 3.08362e-01
 3.06087e-01
 3.00612e-01
 2.90719e-01
 2.75350e-01
 2.54165e-01
 2.28127e-01
 2.00178e-01
 1.74063e-01
 1.53175e-01
 1.38779e-01
 1.30524e-01
 1.26805e-01
 1.25517e-01
 1.25139e-01
 1.25036e-01
 1.25009e-01
 1.25002e-01
 1.25001e-01
 1.25000e-01
 1.25000e-01
 1.25000e-01
 1.25000e-01
 3.07303e-01
 3.08507e-01
 3.08362e-01
 3.06087e-01
 3.00612e-01
 2.90719e-01
 2.75350e-01
 2.54165e-01
 2.28127e-01
 2.00178e-01
 1.74063e-01
 1.53175e-01
 1.38779e-01
 1.30524e-01
 1.26805e-01
 1.25517e-01
 1.25139e-01
 1.25036e-01
 1.25009e-01
 1.25002e-01
 1.25001e-01
 1.25000e-01
 1.25000e-01
 1.25000e-01
 1.25000e-01
 3.07303e-01
 3.08507e-01
 3.08362e-01
 3.06087e-01
 3.00612e-01
 2.90719e-01
 2.75350e-01
 2.54165e-01
 2.28127e-01
 2.00178e-01
 1.74063e-01
 1.53175e-01
 1.38779e-01
 1.30524e-01
 1.26805e-01
 1.25517e-01
 1.25139e-01
 1.25036e-01
 1.25009e-01
 1.25002e-01
 1.25001e-01
 1.25000e-01
 1.25000e-01
 1.25000e-01
 1.25000e-01
 3.07303e-01
 3.08507e-01
 3.08362e-01
 3.06087e-01
 3.00612e-01
 2.90719e-01
 2.75350e-01
 2.54165e-01
 2.28127e-01
 2.00178e-01
 1.74063e-01
 1.53175e-01
 1.38779e-01
 1.30524e-01
 1.26805e-01
 1.25517e-01
 1.25139e-01
 1.25036e-01
 1.25009e-01
 1.25002e-01
 1.25001e-01
 1.25000e-01
 1.25000e-01
 1.25000e-01
 1.25000e-01
 3.07303e-01
 3.08507e-01
 3.08362e-01
 3.06087e-01
 3.00612e-01
 2.90719e-01
 2.75350e-01
 2.54165e-01
 2.28127e-01
 2.00178e-01
 1.74063e-01
 1.53175e-01
 1.38779e-01
 1.30524e-01
 1.26805e-01
 1.25517e-01
 1.25139e-01
 1.25036e-01
 1.25009e-01
 1.25002e-01
 1.25001e-01
 1.25000e-01
 1.25000e-01
 1.25000e-01
 1.25000e-01
 3.07303e-01
 3.08507e-01
 3.08362e-01
 3.06087e-01
 3.00612e-01
 2.90719e-01
 2.75350e-01
 2.54165e-01
 2.28127e-01
 2.00178e-01
 1.74063e-01
 1.53175e-01
 1.38779e-01
 1.30524e-01
 1.26805e-01
 1.25517e-01
 1.25139e-01
 1.25036e-01
 1.25009e-01
 1.25002e-01
 1.25001e-01
 1.25000e-01
 1.25000e-01
 1.25000e-01
 1.25000e-01
 3.07303e-01
 3.08507e-01
 3.08362e-01
 3.06087e-01
 3.00612e-01
 2.90719e-01
 2.75350e-01
 2.54165e-01
 2.28127e-01
 2.00178e-01
 1.74063e-01
 1.53175e-01
 1.38779e-01
 1.30524e-01
 1.26805e-01
 1.25517e-01
 1.25139e-01
 1.25036e-01
 1.25009e-01
 1.25002e-01
 1.25001e-01
 1.25000e-01
 1.25000e-01
 1.25000e-01
 1.25000e-01
 3.07303e-01
 3.08507e-01
 3.08362e-01
 3.06087e-01
 3.00612e-01
 2.90719e-01
 2.75350e-01
 2.54165e-01
 2.28127e-01
 2.00178e-01
 1.74063e-01
 1.53175e-01
 1.38779e-01
 1.30524e-01
 1.26805e-01
 1.25517e-01
 1.25139e-01
 1.25036e-01
 1.25009e-01
 1.25002e-01
 1.25001e-01
 1.25000e-01
 1.25000e-01
 1.25000e-01
 1.25000e-01
 3.07303e-01
 3.08507e-01
 3.08362e-01
 3.06087e-01
 3.00612e-01
 2.90719e-01
 2.75350e-01
 2.54165e-01
 2.28127e-01
 2.00178e-01
 1.74063e-01
 1.53175e-01
 1.38779e-01
 1.30524e-01
 1.26805e-01
 1.25517e-01
 1.25139e-01
 1.25036e-01
 1.25009e-01
 1.25002e-01
 1.25001e-01
 1.25000e-01
 1.25000e-01
 1.25000e-01
 1.25000e-01
 3.07303e-01
 3.08507e-01
 3.08362e-01
 3.06087e-01
 3.00612e-01
 2.90719e-01
 2.75350e-01
 2.54165e-01
 2.28127e-01
 2.00178e-01
 1.74063e-01
 1.53175e-01
 1.38779e-01
 1.30524e-01
 1.26805e-01
 1.25517e-01
 1.25139e-01
 1.25036e-01
 1.25009e-01
 1.25002e-01
 1.25001e-01
 1.25000e-01
 1.25000e-01
 1.25000e-01
 1.25000e-01
 3.07303e-01
 3.08507e-01
 3.08362e-01
 3.06087e-01
 3.00612e-01
 2.90719e-01
 2.75350e-01
 2.54165e-01
 2.28127e-01
 2.00178e-01
 1.74063e-01
 1.53175e-01
 1.38779e-01
 1.30524e-01
 1.26805e-01
 1.25517e-01
 1.25139e-01
 1.25036e-01
 1.25009e-01
 1.25002e-01
 1.25001e-01
 1.25000e-01
 1.25000e-01
 1.25000e-01
 1.25000e-01
 3.07303e-01
 3.08507e-01
 3.08362e-01
 3.06087e-01
 3.00612e-01
 2.90719e-01
 2.75350e-01
 2.54165e-01
 2.28127e-01
 2.00178e-01
 1.74063e-01
 1.53175e-01
 1.38779e-01
 1.30524e-01
 1.26805e-01
 1.25517e-01
 1.25139e-01
 1.25036e-01
 1.25009e-01
 1.25002e-01
 1.25001e-01
 1.25000e-01
 1.25000e-01
 1.25000e-01
 1.25000e-01
 3.07303e-01
 3.08507e-01
 3.08362e-01
 3.06087e-01
 3.00612e-01
 2.90719e-01
 2.75350e-01
 2.54165e-01
 2.28127e-01
 2.00178e-01
 1.74063e-01
 1.53175e-01
 1.38779e-01
 1.30524e-01
 1.26805e-01
 1.25517e-01
 1.25139e-01
 1.25036e-01
 1.25009e-01
 1.25002e-01
 1.25001e-01
 1.25000e-01
 1.25000e-01
 1.25000e-01
 1.25000e-01
 3.07303e-01
 3.08507e-01
 3.08362e-01
 3.06087e-01
 3.00612e-01
 2.90719e-01
 2.75350e-01
 2.54165e-01
 2.28127e-01
 2.00178e-01
 1.74063e-01
 1.53175e-01
 1.38779e-01
 1.30524e-01
 1.26805e-01
 1.25517e-01
 1.25139e-01
 1.25036e-01
 1.25009e-01
 1.25002e-01
 1.25001e-01
 1.25000e-01
 1.25000e-01
 1.25000e-01
 1.25000e-01
 3.07303e-01
 3.08507e-01
 3.08362e-01
 3.06087e-01
 3.00612e-01
 2.90719e-01
 2.75350e-01
 2.54165e-01
 2.28127e-01
 2.00178e-01
 1.74063e-01
 1.53175e-01
 1.38779e-01
 1.30524e-01
 1.26805e-01
 1.25517e-01
 1.25139e-01
 1.25036e-01
 1.25009e-01
 1.25002e-01
 1.25001e-01
 1.25000e-01
 1.25000e-01
 1.25000e-01
 1.25000e-01
 3.07303e-01
 3.08507e-01
 3.08362e-01
 3.06087e-01
 3.00612e-01
 2.90719e-01
 2.75350e-01
 2.54165e-01
 2.28127e-01
 2.00178e-01
 1.74063e-01
 1.53175e-01
 1.38779e-01
 1.30524e-01
 1.26805e-01
 1.25517e-01
 1.25139e-01
 1.25036e-01
 1.25009e-01
 1.25002e-01
 1.25001e-01
 1.25000e-01
 1.25000e-01
 1.25000e-01
 1.25000e-01
 3.07303e-01
 3.08507e-01
 3.08362e-01
 3.06087e-01
 3.00612e-01
 2.90719e-01
 2.75350e-01
 2.54165e-01
 2.28127e-01
 2.00178e-01
 1.74063e-01
 1.53175e-01
 1.38779e-01
 1.30524e-01
 1.26805e-01
 1.25517e-01
 1.25139e-01
 1.25036e-01
 1.25009e-01
 1.25002e-01
 1.25001e-01
 1.25000e-01
 1.25000e-01
 1.25000e-01
 1.25000e-01
 3.07303e-01
 3.08507e-01
 3.08362e-01
 3.06087e-01
 3.00612e-01
 2.90719e-01
 2.75350e-01
 2.54165e-01
 2.28127e-01
 2.00178e-01
 1.74063e-01
 1.53175e-01
 1.38779e-01
 1.30524e-01
 1.26805e-01
 1.25517e-01
 1.25139e-01
 1.25036e-01
 1.25009e-01
 1.25002e-01
 1.25001e-01
 1.25000e-01
 1.25000e-01
 1.25000e-01
 1.25000e-01
 3.07303e-01
 3.08507e-01
 3.08362e-01
 3.06087e-01
 3.00612e-01
 2.90719e-01
 2.75350e-01
 2.54165e-01
 2.28127e-01
 2.00178e-01
 1.74063e-01
 1.53175e-01
 1.38779e-01
 1.30524e-01
 1.26805e-01
 1.25517e-01
 1.25139e-01
 1.25036e-01
 1.25009e-01
 1.25002e-01
 1.25001e-01
 1.25000e-01
 1.25000e-01
 1.25000e-01
 1.25000e-01
 3.07303e-01
 3.08507e-01
 3.08362e-01
 3.06087e-01
 3.00612e-01
 2.90719e-01
 2.75350e-01
 2.54165e-01
 2.28127e-01
 2.00178e-01
 1.74063e-01
 1.53175e-01
 1.38779e-01
 1.30524e-01
 1.26805e-01
 1.25517e-01
 1.25139e-01
 1.25036e-01
 1.25009e-01
 1.25002e-01
 1.25001e-01
 1.25000e-01
 1.25000e-01
 1.25000e-01
 1.25000e-01
 3.07303e-01
 3.08507e-01
 3.08362e-01
 3.06087e-01
 3.00612e-01
 2.90719e-01
 2.75350e-01
 2.54165e-01
 2.28127e-01
 2.00178e-01
 1.74063e-01
 1.53175e-01
 1.38779e-01
 1.30524e-01
 1.26805e-01
 1.25517e-01
 1.25139e-01
 1.25036e-01
 1.25009e-01
 1.25002e-01
 1.25001e-01
 1.25000e-01
 1.25000e-01
 1.25000e-01
 1.25000e-01
 3.07303e-01
 3.08507e-01
 3.08362e-01
 3.06087e-01
 3.00612e-01
 2.90719e-01
 2.75350e-01
 2.54165e-01
 2.28127e-01
 2.00178e-01
 1.74063e-01
 1.53175e-01
 1.38779e-01
 1.30524e-01
 1.26805e-01
 1.25517e-01
 1.25139e-01
 1.25036e-01
 1.25009e-01
 1.25002e-01
 1.25001e-01
 1.25000e-01
 1.25000e-01
 1.25000e-01
 1.25000e-01
 3.07303e-01
 3.08507e-01
 3.08362e-01
 3.06087e-01
 3.00612e-01
 2.90719e-01
 2.75350e-01
 2.54165e-01
 2.28127e-01
 2.00178e-01
 1.74063e-01
 1.53175e-01
 1.38779e-01
 1.30524e-01
 1.26805e-01
 1.25517e-01
 1.25139e-01
 1.25036e-01
 1.25009e-01
 1.25002e-01
 1.25001e-01
 1.25000e-01
 1.25000e-01
 1.25000e-01
 1.25000e-01
