Pressure
part
         1
hexa8
 1.00000e+00
 1.00000e+00
 1.00000e+00
 1.00000e+00
 1.00000e+00
 1.00000e+00
 1.00000e+00
 1.00000e+00
 1.00000e+00
 1.00000e+00
 1.00000e+00
 1.00000e+00
 1.00000e+00
 1.00000e+00
 1.00000e+00
 1.00000e+00
 1.00000e+00
 1.00000e+00
 1.00000e+00
 1.00000e+00
 1.00000e+00
 1.00000e+00
 1.00000e+00
 1.00000e+00
 1.00000e+00
 1.00000e+00
 1.00000e+00
 1.00000e+00
 1.00000e+00
 1.00000e+00
 1.00000e+00
 1.00000e+00
 1.00000e+00
 1.00000e+00
 1.00000e+00
 1.00000e+00
 1.00000e+00
 1.00000e+00
 1.00000e+00
 1.00000e+00
 1.00000e+00
 1.00000e+00
 1.00000e+00
 1.00000e+00
 1.00000e+00
 1.00000e+00
 1.00000e+00
 1.00000e+00
 1.00000e+00
 1.00000e+00
 1.00000e+00
 1.00000e+00
 1.00000e+00
 1.00000e+00
 1.00000e+00
 1.00000e+00
 1.00000e+00
 1.00000e+00
 1.00000e+00
 1.00000e+00
 1.00000e+00
 1.00000e+00
 1.00000e+00
 1.00000e+00
 1.00000e+00
 1.00000e+00
 1.00000e+00
 1.00000e+00
 1.00000e+00
 1.00000e+00
 1.00000e+00
 1.00000e+00
 1.00000e+00
 1.00000e+00
 1.00000e+00
 1.00000e+00
 1.00000e+00
 1.00000e+00
 1.00000e+00
 1.00000e+00
 1.00000e+00
 1.00000e+00
 1.00000e+00
 1.00000e+00
 1.00000e+00
 9.99997e-01
 9.99997e-01
 9.99997e-01
 9.99997e-01
 9.99997e-01
 9.99983e-01
 9.99983e-01
 9.99983e-01
 9.99983e-01
 9.99983e-01
 9.99911e-01
 9.99911e-01
 9.99911e-01
 9.99911e-01
 9.99911e-01
 9.99578e-01
 9.99578e-01
 9.99578e-01
 9.99578e-01
 9.99578e-01
 9.98226e-01
 9.98226e-01
 9.98226e-01
 9.98226e-01
 9.98226e-01
 9.93562e-01
 9.93562e-01
 9.93562e-01
 9.93562e-01
 9.93562e-01
 9.80558e-01
 9.80558e-01
 9.80558e-01
 9.80558e-01
 9.80558e-01
 9.52899e-01
 9.52899e-01
 9.52899e-01
 9.52899e-01
 9.52899e-01
 1.00000e+00
 1.00000e+00
 1.00000e+00
 1.00000e+00
 1.00000e+00
 1.00000e+00
 1.00000e+00
 1.00000e+00
 1.00000e+00
 1.00000e+00
 1.00000e+00
 1.00000e+00
 1.00000e+00
 1.00000e+00
 1.00000e+00
 1.00000e+00
 1.00000e+00
 1.00000e+00
 1.00000e+00
 1.00000e+00
 1.00000e+00
 1.00000e+00
 1.00000e+00
 1.00000e+00
 1.00000e+00
 1.00000e+00
 1.00000e+00
 1.00000e+00
 1.00000e+00
 1.00000e+00
 1.00000e+00
 1.00000e+00
 1.00000e+00
 1.00000e+00
 1.00000e+00
 1.00000e+00
 1.00000e+00
 1.00000e+00
 1.00000e+00
 1.00000e+00
 1.00000e+00
 1.00000e+00
 1.00000e+00
 1.00000e+00
 1.00000e+00
 1.00000e+00
 1.00000e+00
 1.00000e+00
 1.00000e+00
 1.00000e+00
 1.00000e+00
 1.00000e+00
 1.00000e+00
 1.00000e+00
 1.00000e+00
 1.00000e+00
 1.00000e+00
 1.00000e+00
 1.00000e+00
 1.00000e+00
 1.00000e+00
 1.00000e+00
 1.00000e+00
 1.00000e+00
 1.00000e+00
 1.00000e+00
 1.00000e+00
 1.00000e+00
 1.00000e+00
 1.00000e+00
 1.00000e+00
 1.00000e+00
 1.00000e+00
 1.00000e+00
 1.00000e+00
 1.00000e+00
 1.00000e+00
 1.00000e+00
 1.00000e+00
 1.00000e+00
 1.00000e+00
 1.00000e+00
 1.00000e+00
 1.00000e+00
 1.00000e+00
 9.99997e-01
 9.99997e-01
 9.99997e-01
 9.99997e-01
 9.99997e-01
 9.99983e-01
 9.99983e-01
 9.99983e-01
 9.99983e-01
 9.99983e-01
 9.99911e-01
 9.99911e-01
 9.99911e-01
 9.99911e-01
 9.99911e-01
 9.99578e-01
 9.99578e-01
 9.99578e-01
 9.99578e-01
 9.99578e-01
 9.98226e-01
 9.98226e-01
 9.98226e-01
 9.98226e-01
 9.98226e-01
 9.93562e-01
 9.93562e-01
 9.93562e-01
 9.93562e-01
 9.93562e-01
 9.80558e-01
 9.80558e-01
 9.80558e-01
 9.80558e-01
 9.80558e-01
 9.52899e-01
 9.52899e-01
 9.52899e-01
 9.52899e-01
 9.52899e-01
 1.00000e+00
 1.00000e+00
 1.00000e+00
 1.00000e+00
 1.00000e+00
 1.00000e+00
 1.00000e+00
 1.00000e+00
 1.00000e+00
 1.00000e+00
 1.00000e+00
 1.00000e+00
 1.00000e+00
 1.00000e+00
 1.00000e+00
 1.00000e+00
 1.00000e+00
 1.00000e+00
 1.00000e+00
 1.00000e+00
 1.00000e+00
 1.00000e+00
 1.00000e+00
 1.00000e+00
 1.00000e+00
 1.00000e+00
 1.00000e+00
 1.00000e+00
 1.00000e+00
 1.00000e+00
 1.00000e+00
 1.00000e+00
 1.00000e+00
 1.00000e+00
 1.00000e+00
 1.00000e+00
 1.00000e+00
 1.00000e+00
 1.00000e+00
 1.00000e+00
 1.00000e+00
 1.00000e+00
 1.00000e+00
 1.00000e+00
 1.00000e+00
 1.00000e+00
 1.00000e+00
 1.00000e+00
 1.00000e+00
 1.00000e+00
 1.00000e+00
 1.00000e+00
 1.00000e+00
 1.00000e+00
 1.00000e+00
 1.00000e+00
 1.00000e+00
 1.00000e+00
 1.00000e+00
 1.00000e+00
 1.00000e+00
 1.00000e+00
 1.00000e+00
 1.00000e+00
 1.00000e+00
 1.00000e+00
 1.00000e+00
 1.00000e+00
 1.00000e+00
 1.00000e+00
 1.00000e+00
 1.00000e+00
 1.00000e+00
 1.00000e+00
 1.00000e+00
 1.00000e+00
 1.00000e+00
 1.00000e+00
 1.00000e+00
 1.00000e+00
 1.00000e+00
 1.00000e+00
 1.00000e+00
 1.00000e+00
 1.00000e+00
 9.99997e-01
 9.99997e-01
 9.99997e-01
 9.99997e-01
 9.99997e-01
 9.99983e-01
 9.99983e-01
 9.99983e-01
 9.99983e-01
 9.99983e-01
 9.99911e-01
 9.99911e-01
 9.99911e-01
 9.99911e-01
 9.99911e-01
 9.99578e-01
 9.99578e-01
 9.99578e-01
 9.99578e-01
 9.99578e-01
 9.98226e-01
 9.98226e-01
 9.98226e-01
 9.98226e-01
 9.98226e-01
 9.93562e-01
 9.93562e-01
 9.93562e-01
 9.93562e-01
 9.93562e-01
 9.80558e-01
 9.80558e-01
 9.80558e-01
 9.80558e-01
 9.80558e-01
 9.52899e-01
 9.52899e-01
 9.52899e-01
 9.52899e-01
 9.52899e-01
 1.00000e+00
 1.00000e+00
 1.00000e+00
 1.00000e+00
 1.00000e+00
 1.00000e+00
 1.00000e+00
 1.00000e+00
 1.00000e+00
 1.00000e+00
 1.00000e+00
 1.00000e+00
 1.00000e+00
 1.00000e+00
 1.00000e+00
 1.00000e+00
 1.00000e+00
 1.00000e+00
 1.00000e+00
 1.00000e+00
 1.00000e+00
 1.00000e+00
 1.00000e+00
 1.00000e+00
 1.00000e+00
 1.00000e+00
 1.00000e+00
 1.00000e+00
 1.00000e+00
 1.00000e+00
 1.00000e+00
 1.00000e+00
 1.00000e+00
 1.00000e+00
 1.00000e+00
 1.00000e+00
 1.00000e+00
 1.00000e+00
 1.00000e+00
 1.00000e+00
 1.00000e+00
 1.00000e+00
 1.00000e+00
 1.00000e+00
 1.00000e+00
 1.00000e+00
 1.00000e+00
 1.00000e+00
 1.00000e+00
 1.00000e+00
 1.00000e+00
 1.00000e+00
 1.00000e+00
 1.00000e+00
 1.00000e+00
 1.00000e+00
 1.00000e+00
 1.00000e+00
 1.00000e+00
 1.00000e+00
 1.00000e+00
 1.00000e+00
 1.00000e+00
 1.00000e+00
 1.00000e+00
 1.00000e+00
 1.00000e+00
 1.00000e+00
 1.00000e+00
 1.00000e+00
 1.00000e+00
 1.00000e+00
 1.00000e+00
 1.00000e+00
 1.00000e+00
 1.00000e+00
 1.00000e+00
 1.00000e+00
 1.00000e+00
 1.00000e+00
 1.00000e+00
 1.00000e+00
 1.00000e+00
 1.00000e+00
 1.00000e+00
 9.99997e-01
 9.99997e-01
 9.99997e-01
 9.99997e-01
 9.99997e-01
 9.99983e-01
 9.99983e-01
 9.99983e-01
 9.99983e-01
 9.99983e-01
 9.99911e-01
 9.99911e-01
 9.99911e-01
 9.99911e-01
 9.99911e-01
 9.99578e-01
 9.99578e-01
 9.99578e-01
 9.99578e-01
 9.99578e-01
 9.98226e-01
 9.98226e-01
 9.98226e-01
 9.98226e-01
 9.98226e-01
 9.93562e-01
 9.93562e-01
 9.93562e-01
 9.93562e-01
 9.93562e-01
 9.80558e-01
 9.80558e-01
 9.80558e-01
 9.80558e-01
 9.80558e-01
 9.52899e-01
 9.52899e-01
 9.52899e-01
 9.52899e-01
 9.52899e-01
 1.00000e+00
 1.00000e+00
 1.00000e+00
 1.00000e+00
 1.00000e+00
 1.00000e+00
 1.00000e+00
 1.00000e+00
 1.00000e+00
 1.00000e+00
 1.00000e+00
 1.00000e+00
 1.00000e+00
 1.00000e+00
 1.00000e+00
 1.00000e+00
 1.00000e+00
 1.00000e+00
 1.00000e+00
 1.00000e+00
 1.00000e+00
 1.00000e+00
 1.00000e+00
 1.00000e+00
 1.00000e+00
 1.00000e+00
 1.00000e+00
 1.00000e+00
 1.00000e+00
 1.00000e+00
 1.00000e+00
 1.00000e+00
 1.00000e+00
 1.00000e+00
 1.00000e+00
 1.00000e+00
 1.00000e+00
 1.00000e+00
 1.00000e+00
 1.00000e+00
 1.00000e+00
 1.00000e+00
 1.00000e+00
 1.00000e+00
 1.00000e+00
 1.00000e+00
 1.00000e+00
 1.00000e+00
 1.00000e+00
 1.00000e+00
 1.00000e+00
 1.00000e+00
 1.00000e+00
 1.00000e+00
 1.00000e+00
 1.00000e+00
 1.00000e+00
 1.00000e+00
 1.00000e+00
 1.00000e+00
 1.00000e+00
 1.00000e+00
 1.00000e+00
 1.00000e+00
 1.00000e+00
 1.00000e+00
 1.00000e+00
 1.00000e+00
 1.00000e+00
 1.00000e+00
 1.00000e+00
 1.00000e+00
 1.00000e+00
 1.00000e+00
 1.00000e+00
 1.00000e+00
 1.00000e+00
 1.00000e+00
 1.00000e+00
 1.00000e+00
 1.00000e+00
 1.00000e+00
 1.00000e+00
 1.00000e+00
 1.00000e+00
 9.99997e-01
 9.99997e-01
 9.99997e-01
 9.99997e-01
 9.99997e-01
 9.99983e-01
 9.99983e-01
 9.99983e-01
 9.99983e-01
 9.99983e-01
 9.99911e-01
 9.99911e-01
 9.99911e-01
 9.99911e-01
 9.99911e-01
 9.99578e-01
 9.99578e-01
 9.99578e-01
 9.99578e-01
 9.99578e-01
 9.98226e-01
 9.98226e-01
 9.98226e-01
 9.98226e-01
 9.98226e-01
 9.93562e-01
 9.93562e-01
 9.93562e-01
 9.93562e-01
 9.93562e-01
 9.80558e-01
 9.80558e-01
 9.80558e-01
 9.80558e-01
 9.80558e-01
 9.52899e-01
 9.52899e-01
 9.52899e-01
 9.52899e-01
 9.52899e-01
part
         2
hexa8
 9.09078e-01
 9.09078e-01
 9.09078e-01
 9.09078e-01
 9.09078e-01
 8.55028e-01
 8.55028e-01
 8.55028e-01
 8.55028e-01
 8.55028e-01
 7.98368e-01
 7.98368e-01
 7.98368e-01
 7.98368e-01
 7.98368e-01
 7.43698e-01
 7.43698e-01
 7.43698e-01
 7.43698e-01
 7.43698e-01
 6.92695e-01
 6.92695e-01
 6.92695e-01
 6.92695e-01
 6.92695e-01
 6.45597e-01
 6.45597e-01
 6.45597e-01
 6.45597e-01
 6.45597e-01
 6.02203e-01
 6.02203e-01
 6.02203e-01
 6.02203e-01
 6.02203e-01
 5.62280e-01
 5.62280e-01
 5.62280e-01
 5.62280e-01
 5.62280e-01
 5.25643e-01
 5.25643e-01
 5.25643e-01
 5.25643e-01
 5.25643e-01
 4.92164e-01
 4.92164e-01
 4.92164e-01
 4.92164e-01
 4.92164e-01
 4.61805e-01
 4.61805e-01
 4.61805e-01
 4.61805e-01
 4.61805e-01
 4.34557e-01
 4.34557e-01
 4.34557e-01
 4.34557e-01
 4.34557e-01
 4.10552e-01
 4.10552e-01
 4.10552e-01
 4.10552e-01
 4.10552e-01
 3.89875e-01
 3.89875e-01
 3.89875e-01
 3.89875e-01
 3.89875e-01
 3.72400e-01
 3.72400e-01
 3.72400e-01
 3.72400e-01
 3.72400e-01
 3.56540e-01
 3.56540e-01
 3.56540e-01
 3.56540e-01
 3.56540e-01
 3.42696e-01
 3.42696e-01
 3.42696e-01
 3.42696e-01
 3.42696e-01
 3.42904e-01
 3.42904e-01
 3.42904e-01
 3.42904e-01
 3.42904e-01
 3.44002e-01
 3.44002e-01
 3.44002e-01
 3.44002e-01
 3.44002e-01
 3.44978e-01
 3.44978e-01
 3.44978e-01
 3.44978e-01
 3.44978e-01
 3.47022e-01
 3.47022e-01
 3.47022e-01
 3.47022e-01
 3.47022e-01
 3.48906e-01
 3.48906e-01
 3.48906e-01
 3.48906e-01
 3.48906e-01
 3.50575e-01
 3.50575e-01
 3.50575e-01
 3.50575e-01
 3.50575e-01
 3.52440e-01
 3.52440e-01
 3.52440e-01
 3.52440e-01
 3.52440e-01
 3.54400e-01
 3.54400e-01
 3.54400e-01
 3.54400e-01
 3.54400e-01
 9.09078e-01
 9.09078e-01
 9.09078e-01
 9.09078e-01
 9.09078e-01
 8.55028e-01
 8.55028e-01
 8.55028e-01
 8.55028e-01
 8.55028e-01
 7.98368e-01
 7.98368e-01
 7.98368e-01
 7.98368e-01
 7.98368e-01
 7.43698e-01
 7.43698e-01
 7.43698e-01
 7.43698e-01
 7.43698e-01
 6.92695e-01
 6.92695e-01
 6.92695e-01
 6.92695e-01
 6.92695e-01
 6.45597e-01
 6.45597e-01
 6.45597e-01
 6.45597e-01
 6.45597e-01
 6.02203e-01
 6.02203e-01
 6.02203e-01
 6.02203e-01
 6.02203e-01
 5.62280e-01
 5.62280e-01
 5.62280e-01
 5.62280e-01
 5.62280e-01
 5.25643e-01
 5.25643e-01
 5.25643e-01
 5.25643e-01
 5.25643e-01
 4.92164e-01
 4.92164e-01
 4.92164e-01
 4.92164e-01
 4.92164e-01
 4.61805e-01
 4.61805e-01
 4.61805e-01
 4.61805e-01
 4.61805e-01
 4.34557e-01
 4.34557e-01
 4.34557e-01
 4.34557e-01
 4.34557e-01
 4.10552e-01
 4.10552e-01
 4.10552e-01
 4.10552e-01
 4.10552e-01
 3.89875e-01
 3.89875e-01
 3.89875e-01
 3.89875e-01
 3.89875e-01
 3.72400e-01
 3.72400e-01
 3.72400e-01
 3.72400e-01
 3.72400e-01
 3.56540e-01
 3.56540e-01
 3.56540e-01
 3.56540e-01
 3.56540e-01
 3.42696e-01
 3.42696e-01
 3.42696e-01
 3.42696e-01
 3.42696e-01
 3.42904e-01
 3.42904e-01
 3.42904e-01
 3.42904e-01
 3.42904e-01
 3.44002e-01
 3.44002e-01
 3.44002e-01
 3.44002e-01
 3.44002e-01
 3.44978e-01
 3.44978e-01
 3.44978e-01
 3.44978e-01
 3.44978e-01
 3.47022e-01
 3.47022e-01
 3.47022e-01
 3.47022e-01
 3.47022e-01
 3.48906e-01
 3.48906e-01
 3.48906e-01
 3.48906e-01
 3.48906e-01
 3.50575e-01
 3.50575e-01
 3.50575e-01
 3.50575e-01
 3.50575e-01
 3.52440e-01
 3.52440e-01
 3.52440e-01
 3.52440e-01
 3.52440e-01
 3.54400e-01
 3.54400e-01
 3.54400e-01
 3.54400e-01
 3.54400e-01
 9.09078e-01
 9.09078e-01
 9.09078e-01
 9.09078e-01
 9.09078e-01
 8.55028e-01
 8.55028e-01
 8.55028e-01
 8.55028e-01
 8.55028e-01
 7.98368e-01
 7.98368e-01
 7.98368e-01
 7.98368e-01
 7.98368e-01
 7.43698e-01
 7.43698e-01
 7.43698e-01
 7.43698e-01
 7.43698e-01
 6.92695e-01
 6.92695e-01
 6.92695e-01
 6.92695e-01
 6.92695e-01
 6.45597e-01
 6.45597e-01
 6.45597e-01
 6.45597e-01
 6.45597e-01
 6.02203e-01
 6.02203e-01
 6.02203e-01
 6.02203e-01
 6.02203e-01
 5.62280e-01
 5.62280e-01
 5.62280e-01
 5.62280e-01
 5.62280e-01
 5.25643e-01
 5.25643e-01
 5.25643e-01
 5.25643e-01
 5.25643e-01
 4.92164e-01
 4.92164e-01
 4.92164e-01
 4.92164e-01
 4.92164e-01
 4.61805e-01
 4.61805e-01
 4.61805e-01
 4.61805e-01
 4.61805e-01
 4.34557e-01
 4.34557e-01
 4.34557e-01
 4.34557e-01
 4.34557e-01
 4.10552e-01
 4.10552e-01
 4.10552e-01
 4.10552e-01
 4.10552e-01
 3.89875e-01
 3.89875e-01
 3.89875e-01
 3.89875e-01
 3.89875e-01
 3.72400e-01
 3.72400e-01
 3.72400e-01
 3.72400e-01
 3.72400e-01
 3.56540e-01
 3.56540e-01
 3.56540e-01
 3.56540e-01
 3.56540e-01
 3.42696e-01
 3.42696e-01
 3.42696e-01
 3.42696e-01
 3.42696e-01
 3.42904e-01
 3.42904e-01
 3.42904e-01
 3.42904e-01
 3.42904e-01
 3.44002e-01
 3.44002e-01
 3.44002e-01
 3.44002e-01
 3.44002e-01
 3.44978e-01
 3.44978e-01
 3.44978e-01
 3.44978e-01
 3.44978e-01
 3.47022e-01
 3.47022e-01
 3.47022e-01
 3.47022e-01
 3.47022e-01
 3.48906e-01
 3.48906e-01
 3.48906e-01
 3.48906e-01
 3.48906e-01
 3.50575e-01
 3.50575e-01
 3.50575e-01
 3.50575e-01
 3.50575e-01
 3.52440e-01
 3.52440e-01
 3.52440e-01
 3.52440e-01
 3.52440e-01
 3.54400e-01
 3.54400e-01
 3.54400e-01
 3.54400e-01
 3.54400e-01
 9.09078e-01
 9.09078e-01
 9.09078e-01
 9.09078e-01
 9.09078e-01
 8.55028e-01
 8.55028e-01
 8.55028e-01
 8.55028e-01
 8.55028e-01
 7.98368e-01
 7.98368e-01
 7.98368e-01
 7.98368e-01
 7.98368e-01
 7.43698e-01
 7.43698e-01
 7.43698e-01
 7.43698e-01
 7.43698e-01
 6.92695e-01
 6.92695e-01
 6.92695e-01
 6.92695e-01
 6.92695e-01
 6.45597e-01
 6.45597e-01
 6.45597e-01
 6.45597e-01
 6.45597e-01
 6.02203e-01
 6.02203e-01
 6.02203e-01
 6.02203e-01
 6.02203e-01
 5.62280e-01
 5.62280e-01
 5.62280e-01
 5.62280e-01
 5.62280e-01
 5.25643e-01
 5.25643e-01
 5.25643e-01
 5.25643e-01
 5.25643e-01
 4.92164e-01
 4.92164e-01
 4.92164e-01
 4.92164e-01
 4.92164e-01
 4.61805e-01
 4.61805e-01
 4.61805e-01
 4.61805e-01
 4.61805e-01
 4.34557e-01
 4.34557e-01
 4.34557e-01
 4.34557e-01
 4.34557e-01
 4.10552e-01
 4.10552e-01
 4.10552e-01
 4.10552e-01
 4.10552e-01
 3.89875e-01
 3.89875e-01
 3.89875e-01
 3.89875e-01
 3.89875e-01
 3.72400e-01
 3.72400e-01
 3.72400e-01
 3.72400e-01
 3.72400e-01
 3.56540e-01
 3.56540e-01
 3.56540e-01
 3.56540e-01
 3.56540e-01
 3.42696e-01
 3.42696e-01
 3.42696e-01
 3.42696e-01
 3.42696e-01
 3.42904e-01
 3.42904e-01
 3.42904e-01
 3.42904e-01
 3.42904e-01
 3.44002e-01
 3.44002e-01
 3.44002e-01
 3.44002e-01
 3.44002e-01
 3.44978e-01
 3.44978e-01
 3.44978e-01
 3.44978e-01
 3.44978e-01
 3.47022e-01
 3.47022e-01
 3.47022e-01
 3.47022e-01
 3.47022e-01
 3.48906e-01
 3.48906e-01
 3.48906e-01
 3.48906e-01
 3.48906e-01
 3.50575e-01
 3.50575e-01
 3.50575e-01
 3.50575e-01
 3.50575e-01
 3.52440e-01
 3.52440e-01
 3.52440e-01
 3.52440e-01
 3.52440e-01
 3.54400e-01
 3.54400e-01
 3.54400e-01
 3.54400e-01
 3.54400e-01
 9.09078e-01
 9.09078e-01
 9.09078e-01
 9.09078e-01
 9.09078e-01
 8.55028e-01
 8.55028e-01
 8.55028e-01
 8.55028e-01
 8.55028e-01
 7.98368e-01
 7.98368e-01
 7.98368e-01
 7.98368e-01
 7.98368e-01
 7.43698e-01
 7.43698e-01
 7.43698e-01
 7.43698e-01
 7.43698e-01
 6.92695e-01
 6.92695e-01
 6.92695e-01
 6.92695e-01
 6.92695e-01
 6.45597e-01
 6.45597e-01
 6.45597e-01
 6.45597e-01
 6.45597e-01
 6.02203e-01
 6.02203e-01
 6.02203e-01
 6.02203e-01
 6.02203e-01
 5.62280e-01
 5.62280e-01
 5.62280e-01
 5.62280e-01
 5.62280e-01
 5.25643e-01
 5.25643e-01
 5.25643e-01
 5.25643e-01
 5.25643e-01
 4.92164e-01
 4.92164e-01
 4.92164e-01
 4.92164e-01
 4.92164e-01
 4.61805e-01
 4.61805e-01
 4.61805e-01
 4.61805e-01
 4.61805e-01
 4.34557e-01
 4.34557e-01
 4.34557e-01
 4.34557e-01
 4.34557e-01
 4.10552e-01
 4.10552e-01
 4.10552e-01
 4.10552e-01
 4.10552e-01
 3.89875e-01
 3.89875e-01
 3.89875e-01
 3.89875e-01
 3.89875e-01
 3.72400e-01
 3.72400e-01
 3.72400e-01
 3.72400e-01
 3.72400e-01
 3.56540e-01
 3.56540e-01
 3.56540e-01
 3.56540e-01
 3.56540e-01
 3.42696e-01
 3.42696e-01
 3.42696e-01
 3.42696e-01
 3.42696e-01
 3.42904e-01
 3.42904e-01
 3.42904e-01
 3.42904e-01
 3.42904e-01
 3.44002e-01
 3.44002e-01
 3.44002e-01
 3.44002e-01
 3.44002e-01
 3.44978e-01
 3.44978e-01
 3.44978e-01
 3.44978e-01
 3.44978e-01
 3.47022e-01
 3.47022e-01
 3.47022e-01
 3.47022e-01
 3.47022e-01
 3.48906e-01
 3.48906e-01
 3.48906e-01
 3.48906e-01
 3.48906e-01
 3.50575e-01
 3.50575e-01
 3.50575e-01
 3.50575e-01
 3.50575e-01
 3.52440e-01
 3.52440e-01
 3.52440e-01
 3.52440e-01
 3.52440e-01
 3.54400e-01
 3.54400e-01
 3.54400e-01
 3.54400e-01
 3.54400e-01
part
         3
hexa8
 3.56214e-01
 3.56214e-01
 3.56214e-01
 3.56214e-01
 3.56214e-01
 3.57927e-01
 3.57927e-01
 3.57927e-01
 3.57927e-01
 3.57927e-01
 3.59552e-01
 3.59552e-01
 3.59552e-01
 3.59552e-01
 3.59552e-01
 3.61041e-01
 3.61041e-01
 3.61041e-01
 3.61041e-01
 3.61041e-01
 3.62384e-01
 3.62384e-01
 3.62384e-01
 3.62384e-01
 3.62384e-01
 3.63606e-01
 3.63606e-01
 3.63606e-01
 3.63606e-01
 3.63606e-01
 3.64724e-01
 3.64724e-01
 3.64724e-01
 3.64724e-01
 3.64724e-01
 3.65750e-01
 3.65750e-01
 3.65750e-01
 3.65750e-01
 3.65750e-01
 3.66702e-01
 3.66702e-01
 3.66702e-01
 3.66702e-01
 3.66702e-01
 3.67597e-01
 3.67597e-01
 3.67597e-01
 3.67597e-01
 3.67597e-01
 3.68442e-01
 3.68442e-01
 3.68442e-01
 3.68442e-01
 3.68442e-01
 3.69254e-01
 3.69254e-01
 3.69254e-01
 3.69254e-01
 3.69254e-01
 3.70039e-01
 3.70039e-01
 3.70039e-01
 3.70039e-01
 3.70039e-01
 3.70739e-01
 3.70739e-01
 3.70739e-01
 3.70739e-01
 3.70739e-01
 3.71455e-01
 3.71455e-01
 3.71455e-01
 3.71455e-01
 3.71455e-01
 3.72268e-01
 3.72268e-01
 3.72268e-01
 3.72268e-01
 3.72268e-01
 3.72511e-01
 3.72511e-01
 3.72511e-01
 3.72511e-01
 3.72511e-01
 3.73436e-01
 3.73436e-01
 3.73436e-01
 3.73436e-01
 3.73436e-01
 3.74196e-01
 3.74196e-01
 3.74196e-01
 3.74196e-01
 3.74196e-01
 3.74804e-01
 3.74804e-01
 3.74804e-01
 3.74804e-01
 3.74804e-01
 3.75546e-01
 3.75546e-01
 3.75546e-01
 3.75546e-01
 3.75546e-01
 3.76325e-01
 3.76325e-01
 3.76325e-01
 3.76325e-01
 3.76325e-01
 3.77648e-01
 3.77648e-01
 3.77648e-01
 3.77648e-01
 3.77648e-01
 3.78357e-01
 3.78357e-01
 3.78357e-01
 3.78357e-01
 3.78357e-01
 3.79850e-01
 3.79850e-01
 3.79850e-01
 3.79850e-01
 3.79850e-01
 3.56214e-01
 3.56214e-01
 3.56214e-01
 3.56214e-01
 3.56214e-01
 3.57927e-01
 3.57927e-01
 3.57927e-01
 3.57927e-01
 3.57927e-01
 3.59552e-01
 3.59552e-01
 3.59552e-01
 3.59552e-01
 3.59552e-01
 3.61041e-01
 3.61041e-01
 3.61041e-01
 3.61041e-01
 3.61041e-01
 3.62384e-01
 3.62384e-01
 3.62384e-01
 3.62384e-01
 3.62384e-01
 3.63606e-01
 3.63606e-01
 3.63606e-01
 3.63606e-01
 3.63606e-01
 3.64724e-01
 3.64724e-01
 3.64724e-01
 3.64724e-01
 3.64724e-01
 3.65750e-01
 3.65750e-01
 3.65750e-01
 3.65750e-01
 3.65750e-01
 3.66702e-01
 3.66702e-01
 3.66702e-01
 3.66702e-01
 3.66702e-01
 3.67597e-01
 3.67597e-01
 3.67597e-01
 3.67597e-01
 3.67597e-01
 3.68442e-01
 3.68442e-01
 3.68442e-01
 3.68442e-01
 3.68442e-01
 3.69254e-01
 3.69254e-01
 3.69254e-01
 3.69254e-01
 3.69254e-01
 3.70039e-01
 3.70039e-01
 3.70039e-01
 3.70039e-01
 3.70039e-01
 3.70739e-01
 3.70739e-01
 3.70739e-01
 3.70739e-01
 3.70739e-01
 3.71455e-01
 3.71455e-01
 3.71455e-01
 3.71455e-01
 3.71455e-01
 3.72268e-01
 3.72268e-01
 3.72268e-01
 3.72268e-01
 3.72268e-01
 3.72511e-01
 3.72511e-01
 3.72511e-01
 3.72511e-01
 3.72511e-01
 3.73436e-01
 3.73436e-01
 3.73436e-01
 3.73436e-01
 3.73436e-01
 3.74196e-01
 3.74196e-01
 3.74196e-01
 3.74196e-01
 3.74196e-01
 3.74804e-01
 3.74804e-01
 3.74804e-01
 3.74804e-01
 3.74804e-01
 3.75546e-01
 3.75546e-01
 3.75546e-01
 3.75546e-01
 3.75546e-01
 3.76325e-01
 3.76325e-01
 3.76325e-01
 3.76325e-01
 3.76325e-01
 3.77648e-01
 3.77648e-01
 3.77648e-01
 3.77648e-01
 3.77648e-01
 3.78357e-01
 3.78357e-01
 3.78357e-01
 3.78357e-01
 3.78357e-01
 3.79850e-01
 3.79850e-01
 3.79850e-01
 3.79850e-01
 3.79850e-01
 3.56214e-01
 3.56214e-01
 3.56214e-01
 3.56214e-01
 3.56214e-01
 3.57927e-01
 3.57927e-01
 3.57927e-01
 3.57927e-01
 3.57927e-01
 3.59552e-01
 3.59552e-01
 3.59552e-01
 3.59552e-01
 3.59552e-01
 3.61041e-01
 3.61041e-01
 3.61041e-01
 3.61041e-01
 3.61041e-01
 3.62384e-01
 3.62384e-01
 3.62384e-01
 3.62384e-01
 3.62384e-01
 3.63606e-01
 3.63606e-01
 3.63606e-01
 3.63606e-01
 3.63606e-01
 3.64724e-01
 3.64724e-01
 3.64724e-01
 3.64724e-01
 3.64724e-01
 3.65750e-01
 3.65750e-01
 3.65750e-01
 3.65750e-01
 3.65750e-01
 3.66702e-01
 3.66702e-01
 3.66702e-01
 3.66702e-01
 3.66702e-01
 3.67597e-01
 3.67597e-01
 3.67597e-01
 3.67597e-01
 3.67597e-01
 3.68442e-01
 3.68442e-01
 3.68442e-01
 3.68442e-01
 3.68442e-01
 3.69254e-01
 3.69254e-01
 3.69254e-01
 3.69254e-01
 3.69254e-01
 3.70039e-01
 3.70039e-01
 3.70039e-01
 3.70039e-01
 3.70039e-01
 3.70739e-01
 3.70739e-01
 3.70739e-01
 3.70739e-01
 3.70739e-01
 3.71455e-01
 3.71455e-01
 3.71455e-01
 3.71455e-01
 3.71455e-01
 3.72268e-01
 3.72268e-01
 3.72268e-01
 3.72268e-01
 3.72268e-01
 3.72511e-01
 3.72511e-01
 3.72511e-01
 3.72511e-01
 3.72511e-01
 3.73436e-01
 3.73436e-01
 3.73436e-01
 3.73436e-01
 3.73436e-01
 3.74196e-01
 3.74196e-01
 3.74196e-01
 3.74196e-01
 3.74196e-01
 3.74804e-01
 3.74804e-01
 3.74804e-01
 3.74804e-01
 3.74804e-01
 3.75546e-01
 3.75546e-01
 3.75546e-01
 3.75546e-01
 3.75546e-01
 3.76325e-01
 3.76325e-01
 3.76325e-01
 3.76325e-01
 3.76325e-01
 3.77648e-01
 3.77648e-01
 3.77648e-01
 3.77648e-01
 3.77648e-01
 3.78357e-01
 3.78357e-01
 3.78357e-01
 3.78357e-01
 3.78357e-01
 3.79850e-01
 3.79850e-01
 3.79850e-01
 3.79850e-01
 3.79850e-01
 3.56214e-01
 3.56214e-01
 3.56214e-01
 3.56214e-01
 3.56214e-01
 3.57927e-01
 3.57927e-01
 3.57927e-01
 3.57927e-01
 3.57927e-01
 3.59552e-01
 3.59552e-01
 3.59552e-01
 3.59552e-01
 3.59552e-01
 3.61041e-01
 3.61041e-01
 3.61041e-01
 3.61041e-01
 3.61041e-01
 3.62384e-01
 3.62384e-01
 3.62384e-01
 3.62384e-01
 3.62384e-01
 3.63606e-01
 3.63606e-01
 3.63606e-01
 3.63606e-01
 3.63606e-01
 3.64724e-01
 3.64724e-01
 3.64724e-01
 3.64724e-01
 3.64724e-01
 3.65750e-01
 3.65750e-01
 3.65750e-01
 3.65750e-01
 3.65750e-01
 3.66702e-01
 3.66702e-01
 3.66702e-01
 3.66702e-01
 3.66702e-01
 3.67597e-01
 3.67597e-01
 3.67597e-01
 3.67597e-01
 3.67597e-01
 3.68442e-01
 3.68442e-01
 3.68442e-01
 3.68442e-01
 3.68442e-01
 3.69254e-01
 3.69254e-01
 3.69254e-01
 3.69254e-01
 3.69254e-01
 3.70039e-01
 3.70039e-01
 3.70039e-01
 3.70039e-01
 3.70039e-01
 3.70739e-01
 3.70739e-01
 3.70739e-01
 3.70739e-01
 3.70739e-01
 3.71455e-01
 3.71455e-01
 3.71455e-01
 3.71455e-01
 3.71455e-01
 3.72268e-01
 3.72268e-01
 3.72268e-01
 3.72268e-01
 3.72268e-01
 3.72511e-01
 3.72511e-01
 3.72511e-01
 3.72511e-01
 3.72511e-01
 3.73436e-01
 3.73436e-01
 3.73436e-01
 3.73436e-01
 3.73436e-01
 3.74196e-01
 3.74196e-01
 3.74196e-01
 3.74196e-01
 3.74196e-01
 3.74804e-01
 3.74804e-01
 3.74804e-01
 3.74804e-01
 3.74804e-01
 3.75546e-01
 3.75546e-01
 3.75546e-01
 3.75546e-01
 3.75546e-01
 3.76325e-01
 3.76325e-01
 3.76325e-01
 3.76325e-01
 3.76325e-01
 3.77648e-01
 3.77648e-01
 3.77648e-01
 3.77648e-01
 3.77648e-01
 3.78357e-01
 3.78357e-01
 3.78357e-01
 3.78357e-01
 3.78357e-01
 3.79850e-01
 3.79850e-01
 3.79850e-01
 3.79850e-01
 3.79850e-01
 3.56214e-01
 3.56214e-01
 3.56214e-01
 3.56214e-01
 3.56214e-01
 3.57927e-01
 3.57927e-01
 3.57927e-01
 3.57927e-01
 3.57927e-01
 3.59552e-01
 3.59552e-01
 3.59552e-01
 3.59552e-01
 3.59552e-01
 3.61041e-01
 3.61041e-01
 3.61041e-01
 3.61041e-01
 3.61041e-01
 3.62384e-01
 3.62384e-01
 3.62384e-01
 3.62384e-01
 3.62384e-01
 3.63606e-01
 3.63606e-01
 3.63606e-01
 3.63606e-01
 3.63606e-01
 3.64724e-01
 3.64724e-01
 3.64724e-01
 3.64724e-01
 3.64724e-01
 3.65750e-01
 3.65750e-01
 3.65750e-01
 3.65750e-01
 3.65750e-01
 3.66702e-01
 3.66702e-01
 3.66702e-01
 3.66702e-01
 3.66702e-01
 3.67597e-01
 3.67597e-01
 3.67597e-01
 3.67597e-01
 3.67597e-01
 3.68442e-01
 3.68442e-01
 3.68442e-01
 3.68442e-01
 3.68442e-01
 3.69254e-01
 3.69254e-01
 3.69254e-01
 3.69254e-01
 3.69254e-01
 3.70039e-01
 3.70039e-01
 3.70039e-01
 3.70039e-01
 3.70039e-01
 3.70739e-01
 3.70739e-01
 3.70739e-01
 3.70739e-01
 3.70739e-01
 3.71455e-01
 3.71455e-01
 3.71455e-01
 3.71455e-01
 3.71455e-01
 3.72268e-01
 3.72268e-01
 3.72268e-01
 3.72268e-01
 3.72268e-01
 3.72511e-01
 3.72511e-01
 3.72511e-01
 3.72511e-01
 3.72511e-01
 3.73436e-01
 3.73436e-01
 3.73436e-01
 3.73436e-01
 3.73436e-01
 3.74196e-01
 3.74196e-01
 3.74196e-01
 3.74196e-01
 3.74196e-01
 3.74804e-01
 3.74804e-01
 3.74804e-01
 3.74804e-01
 3.74804e-01
 3.75546e-01
 3.75546e-01
 3.75546e-01
 3.75546e-01
 3.75546e-01
 3.76325e-01
 3.76325e-01
 3.76325e-01
 3.76325e-01
 3.76325e-01
 3.77648e-01
 3.77648e-01
 3.77648e-01
 3.77648e-01
 3.77648e-01
 3.78357e-01
 3.78357e-01
 3.78357e-01
 3.78357e-01
 3.78357e-01
 3.79850e-01
 3.79850e-01
 3.79850e-01
 3.79850e-01
 3.79850e-01
part
         4
hexa8
 3.81317e-01
 3.81317e-01
 3.81317e-01
 3.81317e-01
 3.81317e-01
 3.83716e-01
 3.83716e-01
 3.83716e-01
 3.83716e-01
 3.83716e-01
 3.85576e-01
 3.85576e-01
 3.85576e-01
 3.85576e-01
 3.85576e-01
 3.85628e-01
 3.85628e-01
 3.85628e-01
 3.85628e-01
 3.85628e-01
 3.82999e-01
 3.82999e-01
 3.82999e-01
 3.82999e-01
 3.82999e-01
 3.75117e-01
 3.75117e-01
 3.75117e-01
 3.75117e-01
 3.75117e-01
 3.58689e-01
 3.58689e-01
 3.58689e-01
 3.58689e-01
 3.58689e-01
 3.30917e-01
 3.30917e-01
 3.30917e-01
 3.30917e-01
 3.30917e-01
 2.91991e-01
 2.91991e-01
 2.91991e-01
 2.91991e-01
 2.91991e-01
 2.46450e-01
 2.46450e-01
 2.46450e-01
 2.46450e-01
 2.46450e-01
 2.01372e-01
 2.01372e-01
 2.01372e-01
 2.01372e-01
 2.01372e-01
 1.62677e-01
 1.62677e-01
 1.62677e-01
 1.62677e-01
 1.62677e-01
 1.33621e-01
 1.33621e-01
 1.33621e-01
 1.33621e-01
 1.33621e-01
 1.14982e-01
 1.14982e-01
 1.14982e-01
 1.14982e-01
 1.14982e-01
 1.05355e-01
 1.05355e-01
 1.05355e-01
 1.05355e-01
 1.05355e-01
 1.01571e-01
 1.01571e-01
 1.01571e-01
 1.01571e-01
 1.01571e-01
 1.00411e-01
 1.00411e-01
 1.00411e-01
 1.00411e-01
 1.00411e-01
 1.00102e-01
 1.00102e-01
 1.00102e-01
 1.00102e-01
 1.00102e-01
 1.00025e-01
 1.00025e-01
 1.00025e-01
 1.00025e-01
 1.00025e-01
 1.00006e-01
 1.00006e-01
 1.00006e-01
 1.00006e-01
 1.00006e-01
 1.00001e-01
 1.00001e-01
 1.00001e-01
 1.00001e-01
 1.00001e-01
 1.00000e-01
 1.00000e-01
 1.00000e-01
 1.00000e-01
 1.00000e-01
 1.00000e-01
 1.00000e-01
 1.00000e-01
 1.00000e-01
 1.00000e-01
 1.00000e-01
 1.00000e-01
 1.00000e-01
 1.00000e-01
 1.00000e-01
 1.00000e-01
 1.00000e-01
 1.00000e-01
 1.00000e-01
 1.00000e-01
 3.81317e-01
 3.81317e-01
 3.81317e-01
 3.81317e-01
 3.81317e-01
 3.83716e-01
 3.83716e-01
 3.83716e-01
 3.83716e-01
 3.83716e-01
 3.85576e-01
 3.85576e-01
 3.85576e-01
 3.85576e-01
 3.85576e-01
 3.85628e-01
 3.85628e-01
 3.85628e-01
 3.85628e-01
 3.85628e-01
 3.82999e-01
 3.82999e-01
 3.82999e-01
 3.82999e-01
 3.82999e-01
 3.75117e-01
 3.75117e-01
 3.75117e-01
 3.75117e-01
 3.75117e-01
 3.58689e-01
 3.58689e-01
 3.58689e-01
 3.58689e-01
 3.58689e-01
 3.30917e-01
 3.30917e-01
 3.30917e-01
 3.30917e-01
 3.30917e-01
 2.91991e-01
 2.91991e-01
 2.91991e-01
 2.91991e-01
 2.91991e-01
 2.46450e-01
 2.46450e-01
 2.46450e-01
 2.46450e-01
 2.46450e-01
 2.01372e-01
 2.01372e-01
 2.01372e-01
 2.01372e-01
 2.01372e-01
 1.62677e-01
 1.62677e-01
 1.62677e-01
 1.62677e-01
 1.62677e-01
 1.33621e-01
 1.33621e-01
 1.33621e-01
 1.33621e-01
 1.33621e-01
 1.14982e-01
 1.14982e-01
 1.14982e-01
 1.14982e-01
 1.14982e-01
 1.05355e-01
 1.05355e-01
 1.05355e-01
 1.05355e-01
 1.05355e-01
 1.01571e-01
 1.01571e-01
 1.01571e-01
 1.01571e-01
 1.01571e-01
 1.00411e-01
 1.00411e-01
 1.00411e-01
 1.00411e-01
 1.00411e-01
 1.00102e-01
 1.00102e-01
 1.00102e-01
 1.00102e-01
 1.00102e-01
 1.00025e-01
 1.00025e-01
 1.00025e-01
 1.00025e-01
 1.00025e-01
 1.00006e-01
 1.00006e-01
 1.00006e-01
 1.00006e-01
 1.00006e-01
 1.00001e-01
 1.00001e-01
 1.00001e-01
 1.00001e-01
 1.00001e-01
 1.00000e-01
 1.00000e-01
 1.00000e-01
 1.00000e-01
 1.00000e-01
 1.00000e-01
 1.00000e-01
 1.00000e-01
 1.00000e-01
 1.00000e-01
 1.00000e-01
 1.00000e-01
 1.00000e-01
 1.00000e-01
 1.00000e-01
 1.00000e-01
 1.00000e-01
 1.00000e-01
 1.00000e-01
 1.00000e-01
 3.81317e-01
 3.81317e-01
 3.81317e-01
 3.81317e-01
 3.81317e-01
 3.83716e-01
 3.83716e-01
 3.83716e-01
 3.83716e-01
 3.83716e-01
 3.85576e-01
 3.85576e-01
 3.85576e-01
 3.85576e-01
 3.85576e-01
 3.85628e-01
 3.85628e-01
 3.85628e-01
 3.85628e-01
 3.85628e-01
 3.82999e-01
 3.82999e-01
 3.82999e-01
 3.82999e-01
 3.82999e-01
 3.75117e-01
 3.75117e-01
 3.75117e-01
 3.75117e-01
 3.75117e-01
 3.58689e-01
 3.58689e-01
 3.58689e-01
 3.58689e-01
 3.58689e-01
 3.30917e-01
 3.30917e-01
 3.30917e-01
 3.30917e-01
 3.30917e-01
 2.91991e-01
 2.91991e-01
 2.91991e-01
 2.91991e-01
 2.91991e-01
 2.46450e-01
 2.46450e-01
 2.46450e-01
 2.46450e-01
 2.46450e-01
 2.01372e-01
 2.01372e-01
 2.01372e-01
 2.01372e-01
 2.01372e-01
 1.62677e-01
 1.62677e-01
 1.62677e-01
 1.62677e-01
 1.62677e-01
 1.33621e-01
 1.33621e-01
 1.33621e-01
 1.33621e-01
 1.33621e-01
 1.14982e-01
 1.14982e-01
 1.14982e-01
 1.14982e-01
 1.14982e-01
 1.05355e-01
 1.05355e-01
 1.05355e-01
 1.05355e-01
 1.05355e-01
 1.01571e-01
 1.01571e-01
 1.01571e-01
 1.01571e-01
 1.01571e-01
 1.00411e-01
 1.00411e-01
 1.00411e-01
 1.00411e-01
 1.00411e-01
 1.00102e-01
 1.00102e-01
 1.00102e-01
 1.00102e-01
 1.00102e-01
 1.00025e-01
 1.00025e-01
 1.00025e-01
 1.00025e-01
 1.00025e-01
 1.00006e-01
 1.00006e-01
 1.00006e-01
 1.00006e-01
 1.00006e-01
 1.00001e-01
 1.00001e-01
 1.00001e-01
 1.00001e-01
 1.00001e-01
 1.00000e-01
 1.00000e-01
 1.00000e-01
 1.00000e-01
 1.00000e-01
 1.00000e-01
 1.00000e-01
 1.00000e-01
 1.00000e-01
 1.00000e-01
 1.00000e-01
 1.00000e-01
 1.00000e-01
 1.00000e-01
 1.00000e-01
 1.00000e-01
 1.00000e-01
 1.00000e-01
 1.00000e-01
 1.00000e-01
 3.81317e-01
 3.81317e-01
 3.81317e-01
 3.81317e-01
 3.81317e-01
 3.83716e-01
 3.83716e-01
 3.83716e-01
 3.83716e-01
 3.83716e-01
 3.85576e-01
 3.85576e-01
 3.85576e-01
 3.85576e-01
 3.85576e-01
 3.85628e-01
 3.85628e-01
 3.85628e-01
 3.85628e-01
 3.85628e-01
 3.82999e-01
 3.82999e-01
 3.82999e-01
 3.82999e-01
 3.82999e-01
 3.75117e-01
 3.75117e-01
 3.75117e-01
 3.75117e-01
 3.75117e-01
 3.58689e-01
 3.58689e-01
 3.58689e-01
 3.58689e-01
 3.58689e-01
 3.30917e-01
 3.30917e-01
 3.30917e-01
 3.30917e-01
 3.30917e-01
 2.91991e-01
 2.91991e-01
 2.91991e-01
 2.91991e-01
 2.91991e-01
 2.46450e-01
 2.46450e-01
 2.46450e-01
 2.46450e-01
 2.46450e-01
 2.01372e-01
 2.01372e-01
 2.01372e-01
 2.01372e-01
 2.01372e-01
 1.62677e-01
 1.62677e-01
 1.62677e-01
 1.62677e-01
 1.62677e-01
 1.33621e-01
 1.33621e-01
 1.33621e-01
 1.33621e-01
 1.33621e-01
 1.14982e-01
 1.14982e-01
 1.14982e-01
 1.14982e-01
 1.14982e-01
 1.05355e-01
 1.05355e-01
 1.05355e-01
 1.05355e-01
 1.05355e-01
 1.01571e-01
 1.01571e-01
 1.01571e-01
 1.01571e-01
 1.01571e-01
 1.00411e-01
 1.00411e-01
 1.00411e-01
 1.00411e-01
 1.00411e-01
 1.00102e-01
 1.00102e-01
 1.00102e-01
 1.00102e-01
 1.00102e-01
 1.00025e-01
 1.00025e-01
 1.00025e-01
 1.00025e-01
 1.00025e-01
 1.00006e-01
 1.00006e-01
 1.00006e-01
 1.00006e-01
 1.00006e-01
 1.00001e-01
 1.00001e-01
 1.00001e-01
 1.00001e-01
 1.00001e-01
 1.00000e-01
 1.00000e-01
 1.00000e-01
 1.00000e-01
 1.00000e-01
 1.00000e-01
 1.00000e-01
 1.00000e-01
 1.00000e-01
 1.00000e-01
 1.00000e-01
 1.00000e-01
 1.00000e-01
 1.00000e-01
 1.00000e-01
 1.00000e-01
 1.00000e-01
 1.00000e-01
 1.00000e-01
 1.00000e-01
 3.81317e-01
 3.81317e-01
 3.81317e-01
 3.81317e-01
 3.81317e-01
 3.83716e-01
 3.83716e-01
 3.83716e-01
 3.83716e-01
 3.83716e-01
 3.85576e-01
 3.85576e-01
 3.85576e-01
 3.85576e-01
 3.85576e-01
 3.85628e-01
 3.85628e-01
 3.85628e-01
 3.85628e-01
 3.85628e-01
 3.82999e-01
 3.82999e-01
 3.82999e-01
 3.82999e-01
 3.82999e-01
 3.75117e-01
 3.75117e-01
 3.75117e-01
 3.75117e-01
 3.75117e-01
 3.58689e-01
 3.58689e-01
 3.58689e-01
 3.58689e-01
 3.58689e-01
 3.30917e-01
 3.30917e-01
 3.30917e-01
 3.30917e-01
 3.30917e-01
 2.91991e-01
 2.91991e-01
 2.91991e-01
 2.91991e-01
 2.91991e-01
 2.46450e-01
 2.46450e-01
 2.46450e-01
 2.46450e-01
 2.46450e-01
 2.01372e-01
 2.01372e-01
 2.01372e-01
 2.01372e-01
 2.01372e-01
 1.62677e-01
 1.62677e-01
 1.62677e-01
 1.62677e-01
 1.62677e-01
 1.33621e-01
 1.33621e-01
 1.33621e-01
 1.33621e-01
 1.33621e-01
 1.14982e-01
 1.14982e-01
 1.14982e-01
 1.14982e-01
 1.14982e-01
 1.05355e-01
 1.05355e-01
 1.05355e-01
 1.05355e-01
 1.05355e-01
 1.01571e-01
 1.01571e-01
 1.01571e-01
 1.01571e-01
 1.01571e-01
 1.00411e-01
 1.00411e-01
 1.00411e-01
 1.00411e-01
 1.00411e-01
 1.00102e-01
 1.00102e-01
 1.00102e-01
 1.00102e-01
 1.00102e-01
 1.00025e-01
 1.00025e-01
 1.00025e-01
 1.00025e-01
 1.00025e-01
 1.00006e-01
 1.00006e-01
 1.00006e-01
 1.00006e-01
 1.00006e-01
 1.00001e-01
 1.00001e-01
 1.00001e-01
 1.00001e-01
 1.00001e-01
 1.00000e-01
 1.00000e-01
 1.00000e-01
 1.00000e-01
 1.00000e-01
 1.00000e-01
 1.00000e-01
 1.00000e-01
 1.00000e-01
 1.00000e-01
 1.00000e-01
 1.00000e-01
 1.00000e-01
 1.00000e-01
 1.00000e-01
 1.00000e-01
 1.00000e-01
 1.00000e-01
 1.00000e-01
 1.00000e-01
