InternalEnergy
part
         1
quad4
 1.55899e+02
 5.91230e+01
 5.66324e+01
 5.14924e+01
 5.05615e+01
 4.26187e+01
 2.92245e+01
 2.65546e+01
 2.84759e+01
 2.16918e+01
 1.87673e+01
 1.67947e+01
 1.48597e+01
 1.33772e+01
 1.19331e+01
 1.07462e+01
 9.60748e+00
 8.58785e+00
 7.63878e+00
 6.77226e+00
 5.97953e+00
 5.25896e+00
 4.60737e+00
 4.02070e+00
 3.49550e+00
 3.02741e+00
 2.61243e+00
 2.24623e+00
 1.92467e+00
 1.64360e+00
 1.39907e+00
 1.18728e+00
 1.00468e+00
 8.47947e-01
 7.14071e-01
 6.00349e-01
 5.04223e-01
 4.23159e-01
 3.54695e-01
 2.96558e-01
 2.46487e-01
 2.03536e-01
 1.61887e-01
 1.25640e-01
 9.19169e-02
 5.67523e-02
 2.28274e-02
 2.76272e-03
 3.21204e-05
 2.47018e-06
 2.44816e-06
 2.44816e-06
 2.44816e-06
 2.44816e-06
 2.44816e-06
 2.44816e-06
 2.44816e-06
 2.44816e-06
 2.44816e-06
 2.44816e-06
 5.91230e+01
 5.78714e+01
 5.66877e+01
 5.45103e+01
 5.00502e+01
 5.20138e+01
 3.89234e+01
 3.43673e+01
 3.62502e+01
 2.84848e+01
 2.70354e+01
 2.35894e+01
 2.13626e+01
 1.87524e+01
 1.65313e+01
 1.43388e+01
 1.24148e+01
 1.07089e+01
 9.22408e+00
 7.94201e+00
 6.83125e+00
 5.87355e+00
 5.04459e+00
 4.32857e+00
 3.70902e+00
 3.17357e+00
 2.71068e+00
 2.31110e+00
 1.96646e+00
 1.66976e+00
 1.41480e+00
 1.19620e+00
 1.00927e+00
 8.49870e-01
 7.14423e-01
 5.99868e-01
 5.03374e-01
 4.22200e-01
 3.53757e-01
 2.95697e-01
 2.45704e-01
 2.02815e-01
 1.61246e-01
 1.24997e-01
 9.13551e-02
 5.61110e-02
 2.22881e-02
 2.60046e-03
 2.89994e-05
 2.46689e-06
 2.44816e-06
 2.44816e-06
 2.44816e-06
 2.44816e-06
 2.44816e-06
 2.44816e-06
 2.44816e-06
 2.44816e-06
 2.44816e-06
 2.44816e-06
 5.66324e+01
 5.66877e+01
 5.77122e+01
 5.90353e+01
 5.39057e+01
 5.38357e+01
 5.18407e+01
 3.63152e+01
 3.74260e+01
 2.85676e+01
 2.78891e+01
 2.36900e+01
 2.15124e+01
 1.86557e+01
 1.63903e+01
 1.41952e+01
 1.23308e+01
 1.06537e+01
 9.20714e+00
 7.93683e+00
 6.83717e+00
 5.87959e+00
 5.05044e+00
 4.33115e+00
 3.70898e+00
 3.17056e+00
 2.70584e+00
 2.30484e+00
 1.95965e+00
 1.66285e+00
 1.40823e+00
 1.19021e+00
 1.00399e+00
 8.45344e-01
 7.10660e-01
 5.96765e-01
 5.00800e-01
 4.20053e-01
 3.51949e-01
 2.94155e-01
 2.44333e-01
 2.01525e-01
 1.60089e-01
 1.23783e-01
 9.02322e-02
 5.48010e-02
 2.11785e-02
 2.28791e-03
 2.35392e-05
 2.46164e-06
 2.44816e-06
 2.44816e-06
 2.44816e-06
 2.44816e-06
 2.44816e-06
 2.44816e-06
 2.44816e-06
 2.44816e-06
 2.44816e-06
 2.44816e-06
 5.14924e+01
 5.45103e+01
 5.90353e+01
 6.05918e+01
 5.44425e+01
 5.42736e+01
 4.96624e+01
 4.62437e+01
 4.03106e+01
 3.29390e+01
 2.94019e+01
 2.44777e+01
 2.14016e+01
 1.83225e+01
 1.59161e+01
 1.37592e+01
 1.19188e+01
 1.03111e+01
 8.91538e+00
 7.70333e+00
 6.64722e+00
 5.72990e+00
 4.93063e+00
 4.23676e+00
 3.63370e+00
 3.11118e+00
 2.65838e+00
 2.26709e+00
 1.92926e+00
 1.63833e+00
 1.38825e+00
 1.17388e+00
 9.90587e-01
 8.34319e-01
 7.01564e-01
 5.89273e-01
 4.94640e-01
 4.14975e-01
 3.47730e-01
 2.90615e-01
 2.41294e-01
 1.98745e-01
 1.57743e-01
 1.21489e-01
 8.81841e-02
 5.26296e-02
 1.94541e-02
 1.86146e-03
 1.71261e-05
 2.45622e-06
 2.44816e-06
 2.44816e-06
 2.44816e-06
 2.44816e-06
 2.44816e-06
 2.44816e-06
 2.44816e-06
 2.44816e-06
 2.44816e-06
 2.44816e-06
 5.05615e+01
 5.00502e+01
 5.39057e+01
 5.44425e+01
 5.38241e+01
 5.30754e+01
 5.11021e+01
 4.67881e+01
 4.08891e+01
 3.45434e+01
 2.97994e+01
 2.51576e+01
 2.17638e+01
 1.85540e+01
 1.60370e+01
 1.37753e+01
 1.19022e+01
 1.02569e+01
 8.85432e+00
 7.63117e+00
 6.57621e+00
 5.65858e+00
 4.86406e+00
 4.17431e+00
 3.57721e+00
 3.06008e+00
 2.61323e+00
 2.22735e+00
 1.89483e+00
 1.60869e+00
 1.36301e+00
 1.15250e+00
 9.72587e-01
 8.19230e-01
 6.88971e-01
 5.78802e-01
 4.85946e-01
 4.07742e-01
 3.41681e-01
 2.85521e-01
 2.36992e-01
 1.94683e-01
 1.54448e-01
 1.18284e-01
 8.52608e-02
 4.96411e-02
 1.71726e-02
 1.38361e-03
 1.12634e-05
 2.45202e-06
 2.44816e-06
 2.44816e-06
 2.44816e-06
 2.44816e-06
 2.44816e-06
 2.44816e-06
 2.44816e-06
 2.44816e-06
 2.44816e-06
 2.44816e-06
 4.26187e+01
 5.20138e+01
 5.38357e+01
 5.42736e+01
 5.30754e+01
 5.15126e+01
 4.81484e+01
 4.35916e+01
 3.81471e+01
 3.26008e+01
 2.78501e+01
 2.39035e+01
 2.05150e+01
 1.77149e+01
 1.52918e+01
 1.32404e+01
 1.14551e+01
 9.91788e+00
 8.57344e+00
 7.40712e+00
 6.38829e+00
 5.50368e+00
 4.73354e+00
 4.06547e+00
 3.48537e+00
 2.98305e+00
 2.54820e+00
 2.17265e+00
 1.84868e+00
 1.56986e+00
 1.33033e+00
 1.12505e+00
 9.49561e-01
 7.99953e-01
 6.72875e-01
 5.65395e-01
 4.74788e-01
 3.98439e-01
 3.33890e-01
 2.78953e-01
 2.31570e-01
 1.89285e-01
 1.50279e-01
 1.14213e-01
 8.14539e-02
 4.58309e-02
 1.44362e-02
 9.25107e-04
 6.93996e-06
 2.44820e-06
 2.44816e-06
 2.44816e-06
 2.44816e-06
 2.44816e-06
 2.44816e-06
 2.44816e-06
 2.44816e-06
 2.44816e-06
 2.44816e-06
 2.44816e-06
 2.92245e+01
 3.89234e+01
 5.18407e+01
 4.96624e+01
 5.11021e+01
 4.81484e+01
 4.46911e+01
 4.02311e+01
 3.54439e+01
 3.06269e+01
 2.65457e+01
 2.28215e+01
 1.97507e+01
 1.70547e+01
 1.47719e+01
 1.27852e+01
 1.10746e+01
 9.58276e+00
 8.28926e+00
 7.16069e+00
 6.18021e+00
 5.32560e+00
 4.58324e+00
 3.93748e+00
 3.37733e+00
 2.89139e+00
 2.47086e+00
 2.10726e+00
 1.79358e+00
 1.52342e+00
 1.29127e+00
 1.09223e+00
 9.22032e-01
 7.76906e-01
 6.53629e-01
 5.49361e-01
 4.61439e-01
 3.87307e-01
 3.24564e-01
 2.71078e-01
 2.25079e-01
 1.82853e-01
 1.45231e-01
 1.09367e-01
 7.67556e-02
 4.12332e-02
 1.14144e-02
 5.46114e-04
 4.35265e-06
 2.44818e-06
 2.44816e-06
 2.44816e-06
 2.44816e-06
 2.44816e-06
 2.44816e-06
 2.44816e-06
 2.44816e-06
 2.44816e-06
 2.44816e-06
 2.44816e-06
 2.65546e+01
 3.43673e+01
 3.63152e+01
 4.62437e+01
 4.67881e+01
 4.35916e+01
 4.02311e+01
 3.60004e+01
 3.18821e+01
 2.78599e+01
 2.43164e+01
 2.11762e+01
 1.84319e+01
 1.60445e+01
 1.39537e+01
 1.21358e+01
 1.05394e+01
 9.14845e+00
 7.92735e+00
 6.86223e+00
 5.92961e+00
 5.11669e+00
 4.40705e+00
 3.78965e+00
 3.25243e+00
 2.78625e+00
 2.38205e+00
 2.03243e+00
 1.73047e+00
 1.47029e+00
 1.24656e+00
 1.05468e+00
 8.90525e-01
 7.50526e-01
 6.31601e-01
 5.31008e-01
 4.46159e-01
 3.74561e-01
 3.13885e-01
 2.62034e-01
 2.17558e-01
 1.75616e-01
 1.39279e-01
 1.03836e-01
 7.11335e-02
 3.59134e-02
 8.34056e-03
 2.78328e-04
 3.10530e-06
 2.44817e-06
 2.44816e-06
 2.44816e-06
 2.44816e-06
 2.44816e-06
 2.44816e-06
 2.44816e-06
 2.44816e-06
 2.44816e-06
 2.44816e-06
 2.44816e-06
 2.84759e+01
 3.62502e+01
 3.74260e+01
 4.03106e+01
 4.08891e+01
 3.81471e+01
 3.54439e+01
 3.18821e+01
 2.85003e+01
 2.51855e+01
 2.22076e+01
 1.94977e+01
 1.71010e+01
 1.49657e+01
 1.30847e+01
 1.14191e+01
 9.95415e+00
 8.66043e+00
 7.52466e+00
 6.52485e+00
 5.64894e+00
 4.88079e+00
 4.20967e+00
 3.62339e+00
 3.11280e+00
 2.66854e+00
 2.28301e+00
 1.94896e+00
 1.66023e+00
 1.41117e+00
 1.19686e+00
 1.01295e+00
 8.55533e-01
 7.21244e-01
 6.07161e-01
 5.10656e-01
 4.29216e-01
 3.60426e-01
 3.02035e-01
 2.51959e-01
 2.09061e-01
 1.67732e-01
 1.32176e-01
 9.79129e-02
 6.45402e-02
 2.99902e-02
 5.49092e-03
 1.19409e-04
 2.62814e-06
 2.44816e-06
 2.44816e-06
 2.44816e-06
 2.44816e-06
 2.44816e-06
 2.44816e-06
 2.44816e-06
 2.44816e-06
 2.44816e-06
 2.44816e-06
 2.44816e-06
 2.16918e+01
 2.84848e+01
 2.85676e+01
 3.29390e+01
 3.45434e+01
 3.26008e+01
 3.06269e+01
 2.78599e+01
 2.51855e+01
 2.24978e+01
 2.00328e+01
 1.77535e+01
 1.56865e+01
 1.38237e+01
 1.21487e+01
 1.06548e+01
 9.32100e+00
 8.13819e+00
 7.08846e+00
 6.16201e+00
 5.34441e+00
 4.62599e+00
 3.99521e+00
 3.44329e+00
 2.96102e+00
 2.54083e+00
 2.17538e+00
 1.85835e+00
 1.58394e+00
 1.34699e+00
 1.14293e+00
 9.67677e-01
 8.17589e-01
 6.89508e-01
 5.80691e-01
 4.88622e-01
 4.10875e-01
 3.45116e-01
 2.89190e-01
 2.40986e-01
 1.99613e-01
 1.59241e-01
 1.24128e-01
 9.13891e-02
 5.71099e-02
 2.36694e-02
 3.12845e-03
 4.23519e-05
 2.48631e-06
 2.44816e-06
 2.44816e-06
 2.44816e-06
 2.44816e-06
 2.44816e-06
 2.44816e-06
 2.44816e-06
 2.44816e-06
 2.44816e-06
 2.44816e-06
 2.44816e-06
 1.87673e+01
 2.70354e+01
 2.78891e+01
 2.94019e+01
 2.97994e+01
 2.78501e+01
 2.65457e+01
 2.43164e+01
 2.22076e+01
 2.00328e+01
 1.79929e+01
 1.60705e+01
 1.42978e+01
 1.26741e+01
 1.11989e+01
 9.86411e+00
 8.66457e+00
 7.58918e+00
 6.63063e+00
 5.77776e+00
 5.02264e+00
 4.35527e+00
 3.76780e+00
 3.25168e+00
 2.79976e+00
 2.40491e+00
 2.06090e+00
 1.76192e+00
 1.50276e+00
 1.27871e+00
 1.08556e+00
 9.19526e-01
 7.77243e-01
 6.55784e-01
 5.52579e-01
 4.65229e-01
 3.91396e-01
 3.28841e-01
 2.75516e-01
 2.29277e-01
 1.89142e-01
 1.50297e-01
 1.15571e-01
 8.37236e-02
 4.90656e-02
 1.72572e-02
 1.46717e-03
 1.30878e-05
 2.45408e-06
 2.44816e-06
 2.44816e-06
 2.44816e-06
 2.44816e-06
 2.44816e-06
 2.44816e-06
 2.44816e-06
 2.44816e-06
 2.44816e-06
 2.44816e-06
 2.44816e-06
 1.67947e+01
 2.35894e+01
 2.36900e+01
 2.44777e+01
 2.51576e+01
 2.39035e+01
 2.28215e+01
 2.11762e+01
 1.94977e+01
 1.77535e+01
 1.60705e+01
 1.44607e+01
 1.29491e+01
 1.15452e+01
 1.02524e+01
 9.07159e+00
 7.99874e+00
 7.03057e+00
 6.16035e+00
 5.38247e+00
 4.68940e+00
 4.07470e+00
 3.53109e+00
 3.05218e+00
 2.63144e+00
 2.26299e+00
 1.94124e+00
 1.66109e+00
 1.41786e+00
 1.20728e+00
 1.02554e+00
 8.69160e-01
 7.35054e-01
 6.20536e-01
 5.23210e-01
 4.40790e-01
 3.71036e-01
 3.11806e-01
 2.61154e-01
 2.17376e-01
 1.77337e-01
 1.41052e-01
 1.06584e-01
 7.49856e-02
 4.03538e-02
 1.12202e-02
 5.54135e-04
 4.60328e-06
 2.44819e-06
 2.44816e-06
 2.44816e-06
 2.44816e-06
 2.44816e-06
 2.44816e-06
 2.44816e-06
 2.44816e-06
 2.44816e-06
 2.44816e-06
 2.44816e-06
 2.44816e-06
 1.48597e+01
 2.13626e+01
 2.15124e+01
 2.14016e+01
 2.17638e+01
 2.05150e+01
 1.97507e+01
 1.84319e+01
 1.71010e+01
 1.56865e+01
 1.42978e+01
 1.29491e+01
 1.16636e+01
 1.04546e+01
 9.32858e+00
 8.28917e+00
 7.33719e+00
 6.47073e+00
 5.68719e+00
 4.98218e+00
 4.35110e+00
 3.78857e+00
 3.28929e+00
 2.84778e+00
 2.45876e+00
 2.11716e+00
 1.81816e+00
 1.55730e+00
 1.33040e+00
 1.13369e+00
 9.63683e-01
 8.17248e-01
 6.91577e-01
 5.84227e-01
 4.92965e-01
 4.15615e-01
 3.50040e-01
 2.94207e-01
 2.46215e-01
 2.04906e-01
 1.65247e-01
 1.30789e-01
 9.74952e-02
 6.51092e-02
 3.11477e-02
 6.20359e-03
 1.61377e-04
 2.76698e-06
 2.44817e-06
 2.44816e-06
 2.44816e-06
 2.44816e-06
 2.44816e-06
 2.44816e-06
 2.44816e-06
 2.44816e-06
 2.44816e-06
 2.44816e-06
 2.44816e-06
 2.44816e-06
 1.33772e+01
 1.87524e+01
 1.86557e+01
 1.83225e+01
 1.85540e+01
 1.77149e+01
 1.70547e+01
 1.60445e+01
 1.49657e+01
 1.38237e+01
 1.26741e+01
 1.15452e+01
 1.04546e+01
 9.41664e+00
 8.44007e+00
 7.53017e+00
 6.68981e+00
 5.91953e+00
 5.21824e+00
 4.58371e+00
 4.01272e+00
 3.50149e+00
 3.04589e+00
 2.64154e+00
 2.28419e+00
 1.96947e+00
 1.69337e+00
 1.45193e+00
 1.24156e+00
 1.05887e+00
 9.00776e-01
 7.64439e-01
 6.47356e-01
 5.47307e-01
 4.62210e-01
 3.89998e-01
 3.28643e-01
 2.76229e-01
 2.30829e-01
 1.91678e-01
 1.53172e-01
 1.19373e-01
 8.79955e-02
 5.43571e-02
 2.19106e-02
 2.69444e-03
 3.53061e-05
 2.48137e-06
 2.44816e-06
 2.44816e-06
 2.44816e-06
 2.44816e-06
 2.44816e-06
 2.44816e-06
 2.44816e-06
 2.44816e-06
 2.44816e-06
 2.44816e-06
 2.44816e-06
 2.44816e-06
 1.19331e+01
 1.65313e+01
 1.63903e+01
 1.59161e+01
 1.60370e+01
 1.52918e+01
 1.47719e+01
 1.39537e+01
 1.30847e+01
 1.21487e+01
 1.11989e+01
 1.02524e+01
 9.32858e+00
 8.44007e+00
 7.59606e+00
 6.80323e+00
 6.06521e+00
 5.38421e+00
 4.76025e+00
 4.19260e+00
 3.67914e+00
 3.21745e+00
 2.80425e+00
 2.43632e+00
 2.11000e+00
 1.82189e+00
 1.56842e+00
 1.34633e+00
 1.15241e+00
 9.83750e-01
 8.37568e-01
 7.11365e-01
 6.02914e-01
 5.10207e-01
 4.31295e-01
 3.64218e-01
 3.07062e-01
 2.58038e-01
 2.15339e-01
 1.77254e-01
 1.41166e-01
 1.07795e-01
 7.70596e-02
 4.31163e-02
 1.33481e-02
 8.52475e-04
 7.15379e-06
 2.44823e-06
 2.44816e-06
 2.44816e-06
 2.44816e-06
 2.44816e-06
 2.44816e-06
 2.44816e-06
 2.44816e-06
 2.44816e-06
 2.44816e-06
 2.44816e-06
 2.44816e-06
 2.44816e-06
 1.07462e+01
 1.43388e+01
 1.41952e+01
 1.37592e+01
 1.37753e+01
 1.32404e+01
 1.27852e+01
 1.21358e+01
 1.14191e+01
 1.06548e+01
 9.86411e+00
 9.07159e+00
 8.28917e+00
 7.53017e+00
 6.80323e+00
 6.11487e+00
 5.46984e+00
 4.87055e+00
 4.31850e+00
 3.81338e+00
 3.35449e+00
 2.93983e+00
 2.56744e+00
 2.23450e+00
 1.93840e+00
 1.67611e+00
 1.44485e+00
 1.24170e+00
 1.06401e+00
 9.09167e-01
 7.74769e-01
 6.58613e-01
 5.58743e-01
 4.73330e-01
 4.00542e-01
 3.38531e-01
 2.85495e-01
 2.39720e-01
 2.00091e-01
 1.62094e-01
 1.28650e-01
 9.64456e-02
 6.47721e-02
 3.14342e-02
 6.53019e-03
 1.89096e-04
 2.89731e-06
 2.44817e-06
 2.44816e-06
 2.44816e-06
 2.44816e-06
 2.44816e-06
 2.44816e-06
 2.44816e-06
 2.44816e-06
 2.44816e-06
 2.44816e-06
 2.44816e-06
 2.44816e-06
 2.44816e-06
 9.60748e+00
 1.24148e+01
 1.23308e+01
 1.19188e+01
 1.19022e+01
 1.14551e+01
 1.10746e+01
 1.05394e+01
 9.95415e+00
 9.32100e+00
 8.66457e+00
 7.99874e+00
 7.33719e+00
 6.68981e+00
 6.06521e+00
 5.46984e+00
 4.90809e+00
 4.38337e+00
 3.89704e+00
 3.45011e+00
 3.04191e+00
 2.67176e+00
 2.33782e+00
 2.03841e+00
 1.77112e+00
 1.53380e+00
 1.32392e+00
 1.13919e+00
 9.77253e-01
 8.35901e-01
 7.13026e-01
 6.06733e-01
 5.15299e-01
 4.37044e-01
 3.70244e-01
 3.13163e-01
 2.64117e-01
 2.21360e-01
 1.84259e-01
 1.47510e-01
 1.14906e-01
 8.46253e-02
 5.15932e-02
 2.00825e-02
 2.27214e-03
 2.86009e-05
 2.47565e-06
 2.44816e-06
 2.44816e-06
 2.44816e-06
 2.44816e-06
 2.44816e-06
 2.44816e-06
 2.44816e-06
 2.44816e-06
 2.44816e-06
 2.44816e-06
 2.44816e-06
 2.44816e-06
 2.44816e-06
 8.58785e+00
 1.07089e+01
 1.06537e+01
 1.03111e+01
 1.02569e+01
 9.91788e+00
 9.58276e+00
 9.14845e+00
 8.66043e+00
 8.13819e+00
 7.58918e+00
 7.03057e+00
 6.47073e+00
 5.91953e+00
 5.38421e+00
 4.87055e+00
 4.38337e+00
 3.92547e+00
 3.49926e+00
 3.10537e+00
 2.74435e+00
 2.41537e+00
 2.11770e+00
 1.84970e+00
 1.60986e+00
 1.39619e+00
 1.20682e+00
 1.03972e+00
 8.92972e-01
 7.64632e-01
 6.52922e-01
 5.56217e-01
 4.72988e-01
 4.01674e-01
 3.40654e-01
 2.88302e-01
 2.43055e-01
 2.03538e-01
 1.66985e-01
 1.33444e-01
 1.01298e-01
 7.11494e-02
 3.79740e-02
 1.03165e-02
 5.10296e-04
 4.70187e-06
 2.44821e-06
 2.44816e-06
 2.44816e-06
 2.44816e-06
 2.44816e-06
 2.44816e-06
 2.44816e-06
 2.44816e-06
 2.44816e-06
 2.44816e-06
 2.44816e-06
 2.44816e-06
 2.44816e-06
 2.44816e-06
 7.63878e+00
 9.22408e+00
 9.20714e+00
 8.91538e+00
 8.85432e+00
 8.57344e+00
 8.28926e+00
 7.92735e+00
 7.52466e+00
 7.08846e+00
 6.63063e+00
 6.16035e+00
 5.68719e+00
 5.21824e+00
 4.76025e+00
 4.31850e+00
 3.89704e+00
 3.49926e+00
 3.12690e+00
 2.78160e+00
 2.46347e+00
 2.17274e+00
 1.90850e+00
 1.66999e+00
 1.45577e+00
 1.26447e+00
 1.09447e+00
 9.44150e-01
 8.11850e-01
 6.95956e-01
 5.94968e-01
 5.07497e-01
 4.32159e-01
 3.67493e-01
 3.11981e-01
 2.64103e-01
 2.22321e-01
 1.85973e-01
 1.50049e-01
 1.18159e-01
 8.82818e-02
 5.62196e-02
 2.43972e-02
 3.74123e-03
 7.00771e-05
 2.56310e-06
 2.44817e-06
 2.44816e-06
 2.44816e-06
 2.44816e-06
 2.44816e-06
 2.44816e-06
 2.44816e-06
 2.44816e-06
 2.44816e-06
 2.44816e-06
 2.44816e-06
 2.44816e-06
 2.44816e-06
 2.44816e-06
 6.77226e+00
 7.94201e+00
 7.93683e+00
 7.70333e+00
 7.63117e+00
 7.40712e+00
 7.16069e+00
 6.86223e+00
 6.52485e+00
 6.16201e+00
 5.77776e+00
 5.38247e+00
 4.98218e+00
 4.58371e+00
 4.19260e+00
 3.81338e+00
 3.45011e+00
 3.10537e+00
 2.78160e+00
 2.47978e+00
 2.20094e+00
 1.94491e+00
 1.71163e+00
 1.50025e+00
 1.30994e+00
 1.13948e+00
 9.87661e-01
 8.53115e-01
 7.34465e-01
 6.30375e-01
 5.39602e-01
 4.60936e-01
 3.93100e-01
 3.34722e-01
 2.84380e-01
 2.40673e-01
 2.02210e-01
 1.67204e-01
 1.34060e-01
 1.02744e-01
 7.34353e-02
 4.08493e-02
 1.24386e-02
 8.01139e-04
 7.41744e-06
 2.45090e-06
 2.44816e-06
 2.44816e-06
 2.44816e-06
 2.44816e-06
 2.44816e-06
 2.44816e-06
 2.44816e-06
 2.44816e-06
 2.44816e-06
 2.44816e-06
 2.44816e-06
 2.44816e-06
 2.44816e-06
 2.44816e-06
 5.97953e+00
 6.83125e+00
 6.83717e+00
 6.64722e+00
 6.57621e+00
 6.38829e+00
 6.18021e+00
 5.92961e+00
 5.64894e+00
 5.34441e+00
 5.02264e+00
 4.68940e+00
 4.35110e+00
 4.01272e+00
 3.67914e+00
 3.35449e+00
 3.04191e+00
 2.74435e+00
 2.46347e+00
 2.20094e+00
 1.95724e+00
 1.73294e+00
 1.52775e+00
 1.34136e+00
 1.17301e+00
 1.02189e+00
 8.86966e-01
 7.67136e-01
 6.61272e-01
 5.68300e-01
 4.87178e-01
 4.16819e-01
 3.56026e-01
 3.03513e-01
 2.57950e-01
 2.17974e-01
 1.83002e-01
 1.48372e-01
 1.17386e-01
 8.82495e-02
 5.69065e-02
 2.54686e-02
 4.28349e-03
 9.47909e-05
 2.64495e-06
 2.44817e-06
 2.44816e-06
 2.44816e-06
 2.44816e-06
 2.44816e-06
 2.44816e-06
 2.44816e-06
 2.44816e-06
 2.44816e-06
 2.44816e-06
 2.44816e-06
 2.44816e-06
 2.44816e-06
 2.44816e-06
 2.44816e-06
 5.25896e+00
 5.87355e+00
 5.87959e+00
 5.72990e+00
 5.65858e+00
 5.50368e+00
 5.32560e+00
 5.11669e+00
 4.88079e+00
 4.62599e+00
 4.35527e+00
 4.07470e+00
 3.78857e+00
 3.50149e+00
 3.21745e+00
 2.93983e+00
 2.67176e+00
 2.41537e+00
 2.17274e+00
 1.94491e+00
 1.73294e+00
 1.53705e+00
 1.35742e+00
 1.19371e+00
 1.04552e+00
 9.12141e-01
 7.92792e-01
 6.86582e-01
 5.92624e-01
 5.10051e-01
 4.37962e-01
 3.75347e-01
 3.21078e-01
 2.73948e-01
 2.32732e-01
 1.96263e-01
 1.62550e-01
 1.30893e-01
 1.00518e-01
 7.17928e-02
 3.98703e-02
 1.20961e-02
 7.92053e-04
 7.69724e-06
 2.45152e-06
 2.44816e-06
 2.44816e-06
 2.44816e-06
 2.44816e-06
 2.44816e-06
 2.44816e-06
 2.44816e-06
 2.44816e-06
 2.44816e-06
 2.44816e-06
 2.44816e-06
 2.44816e-06
 2.44816e-06
 2.44816e-06
 2.44816e-06
 4.60737e+00
 5.04459e+00
 5.05044e+00
 4.93063e+00
 4.86406e+00
 4.73354e+00
 4.58324e+00
 4.40705e+00
 4.20967e+00
 3.99521e+00
 3.76780e+00
 3.53109e+00
 3.28929e+00
 3.04589e+00
 2.80425e+00
 2.56744e+00
 2.33782e+00
 2.11770e+00
 1.90850e+00
 1.71163e+00
 1.52775e+00
 1.35742e+00
 1.20071e+00
 1.05758e+00
 9.27659e-01
 8.10471e-01
 7.05379e-01
 6.11709e-01
 5.28774e-01
 4.55852e-01
 3.92123e-01
 3.36632e-01
 2.88315e-01
 2.46041e-01
 2.08588e-01
 1.75595e-01
 1.42531e-01
 1.12595e-01
 8.45491e-02
 5.36309e-02
 2.30835e-02
 3.54740e-03
 7.18353e-05
 2.59353e-06
 2.44817e-06
 2.44816e-06
 2.44816e-06
 2.44816e-06
 2.44816e-06
 2.44816e-06
 2.44816e-06
 2.44816e-06
 2.44816e-06
 2.44816e-06
 2.44816e-06
 2.44816e-06
 2.44816e-06
 2.44816e-06
 2.44816e-06
 2.44816e-06
 4.02070e+00
 4.32857e+00
 4.33115e+00
 4.23676e+00
 4.17431e+00
 4.06547e+00
 3.93748e+00
 3.78965e+00
 3.62339e+00
 3.44329e+00
 3.25168e+00
 3.05218e+00
 2.84778e+00
 2.64154e+00
 2.43632e+00
 2.23450e+00
 2.03841e+00
 1.84970e+00
 1.66999e+00
 1.50025e+00
 1.34136e+00
 1.19371e+00
 1.05758e+00
 9.32903e-01
 8.19488e-01
 7.16956e-01
 6.24851e-01
 5.42672e-01
 4.69876e-01
 4.05821e-01
 3.49729e-01
 3.00693e-01
 2.57704e-01
 2.19719e-01
 1.85991e-01
 1.53431e-01
 1.23799e-01
 9.50019e-02
 6.61240e-02
 3.50304e-02
 9.37075e-03
 4.87396e-04
 5.09891e-06
 2.44827e-06
 2.44816e-06
 2.44816e-06
 2.44816e-06
 2.44816e-06
 2.44816e-06
 2.44816e-06
 2.44816e-06
 2.44816e-06
 2.44816e-06
 2.44816e-06
 2.44816e-06
 2.44816e-06
 2.44816e-06
 2.44816e-06
 2.44816e-06
 2.44816e-06
 3.49550e+00
 3.70902e+00
 3.70898e+00
 3.63370e+00
 3.57721e+00
 3.48537e+00
 3.37733e+00
 3.25243e+00
 3.11280e+00
 2.96102e+00
 2.79976e+00
 2.63144e+00
 2.45876e+00
 2.28419e+00
 2.11000e+00
 1.93840e+00
 1.77112e+00
 1.60986e+00
 1.45577e+00
 1.30994e+00
 1.17301e+00
 1.04552e+00
 9.27659e-01
 8.19488e-01
 7.20866e-01
 6.31551e-01
 5.51229e-01
 4.79527e-01
 4.15974e-01
 3.59961e-01
 3.10740e-01
 2.67445e-01
 2.29140e-01
 1.94750e-01
 1.63631e-01
 1.32982e-01
 1.04095e-01
 7.69315e-02
 4.63962e-02
 1.75666e-02
 1.98930e-03
 2.95964e-05
 2.49360e-06
 2.44817e-06
 2.44816e-06
 2.44816e-06
 2.44816e-06
 2.44816e-06
 2.44816e-06
 2.44816e-06
 2.44816e-06
 2.44816e-06
 2.44816e-06
 2.44816e-06
 2.44816e-06
 2.44816e-06
 2.44816e-06
 2.44816e-06
 2.44816e-06
 2.44816e-06
 3.02741e+00
 3.17357e+00
 3.17056e+00
 3.11118e+00
 3.06008e+00
 2.98305e+00
 2.89139e+00
 2.78625e+00
 2.66854e+00
 2.54083e+00
 2.40491e+00
 2.26299e+00
 2.11716e+00
 1.96947e+00
 1.82189e+00
 1.67611e+00
 1.53380e+00
 1.39619e+00
 1.26447e+00
 1.13948e+00
 1.02189e+00
 9.12141e-01
 8.10471e-01
 7.16956e-01
 6.31551e-01
 5.54118e-01
 4.84446e-01
 4.22219e-01
 3.66988e-01
 3.18157e-01
 2.75006e-01
 2.36709e-01
 2.02337e-01
 1.71717e-01
 1.40793e-01
 1.12552e-01
 8.58875e-02
 5.64417e-02
 2.65962e-02
 5.29525e-03
 1.68124e-04
 3.03680e-06
 2.44820e-06
 2.44816e-06
 2.44816e-06
 2.44816e-06
 2.44816e-06
 2.44816e-06
 2.44816e-06
 2.44816e-06
 2.44816e-06
 2.44816e-06
 2.44816e-06
 2.44816e-06
 2.44816e-06
 2.44816e-06
 2.44816e-06
 2.44816e-06
 2.44816e-06
 2.44816e-06
 2.61243e+00
 2.71068e+00
 2.70584e+00
 2.65838e+00
 2.61323e+00
 2.54820e+00
 2.47086e+00
 2.38205e+00
 2.28301e+00
 2.17538e+00
 2.06090e+00
 1.94124e+00
 1.81816e+00
 1.69337e+00
 1.56842e+00
 1.44485e+00
 1.32392e+00
 1.20682e+00
 1.09447e+00
 9.87661e-01
 8.86966e-01
 7.92792e-01
 7.05379e-01
 6.24851e-01
 5.51229e-01
 4.84446e-01
 4.24327e-01
 3.70564e-01
 3.22708e-01
 2.80175e-01
 2.42265e-01
 2.08210e-01
 1.77697e-01
 1.47307e-01
 1.19800e-01
 9.28969e-02
 6.50222e-02
 3.52776e-02
 1.01486e-02
 6.46115e-04
 7.22413e-06
 2.45236e-06
 2.44816e-06
 2.44816e-06
 2.44816e-06
 2.44816e-06
 2.44816e-06
 2.44816e-06
 2.44816e-06
 2.44816e-06
 2.44816e-06
 2.44816e-06
 2.44816e-06
 2.44816e-06
 2.44816e-06
 2.44816e-06
 2.44816e-06
 2.44816e-06
 2.44816e-06
 2.44816e-06
 2.24623e+00
 2.31110e+00
 2.30484e+00
 2.26709e+00
 2.22735e+00
 2.17265e+00
 2.10726e+00
 2.03243e+00
 1.94896e+00
 1.85835e+00
 1.76192e+00
 1.66109e+00
 1.55730e+00
 1.45193e+00
 1.34633e+00
 1.24170e+00
 1.13919e+00
 1.03972e+00
 9.44150e-01
 8.53115e-01
 7.67136e-01
 6.86582e-01
 6.11709e-01
 5.42672e-01
 4.79527e-01
 4.22219e-01
 3.70564e-01
 3.24242e-01
 2.82800e-01
 2.45660e-01
 2.12183e-01
 1.81910e-01
 1.52470e-01
 1.25371e-01
 9.82042e-02
 7.20698e-02
 4.28769e-02
 1.57537e-02
 1.74372e-03
 2.76792e-05
 2.49913e-06
 2.44817e-06
 2.44816e-06
 2.44816e-06
 2.44816e-06
 2.44816e-06
 2.44816e-06
 2.44816e-06
 2.44816e-06
 2.44816e-06
 2.44816e-06
 2.44816e-06
 2.44816e-06
 2.44816e-06
 2.44816e-06
 2.44816e-06
 2.44816e-06
 2.44816e-06
 2.44816e-06
 2.44816e-06
 1.92467e+00
 1.96646e+00
 1.95965e+00
 1.92926e+00
 1.89483e+00
 1.84868e+00
 1.79358e+00
 1.73047e+00
 1.66023e+00
 1.58394e+00
 1.50276e+00
 1.41786e+00
 1.33040e+00
 1.24156e+00
 1.15241e+00
 1.06401e+00
 9.77253e-01
 8.92972e-01
 8.11850e-01
 7.34465e-01
 6.61272e-01
 5.92624e-01
 5.28774e-01
 4.69876e-01
 4.15974e-01
 3.66988e-01
 3.22708e-01
 2.82800e-01
 2.46803e-01
 2.14189e-01
 1.84424e-01
 1.56094e-01
 1.29165e-01
 1.02542e-01
 7.75053e-02
 4.90712e-02
 2.12142e-02
 3.54250e-03
 9.38312e-05
 2.75700e-06
 2.44820e-06
 2.44816e-06
 2.44816e-06
 2.44816e-06
 2.44816e-06
 2.44816e-06
 2.44816e-06
 2.44816e-06
 2.44816e-06
 2.44816e-06
 2.44816e-06
 2.44816e-06
 2.44816e-06
 2.44816e-06
 2.44816e-06
 2.44816e-06
 2.44816e-06
 2.44816e-06
 2.44816e-06
 2.44816e-06
 1.64360e+00
 1.66976e+00
 1.66285e+00
 1.63833e+00
 1.60869e+00
 1.56986e+00
 1.52342e+00
 1.47029e+00
 1.41117e+00
 1.34699e+00
 1.27871e+00
 1.20728e+00
 1.13369e+00
 1.05887e+00
 9.83750e-01
 9.09167e-01
 8.35901e-01
 7.64632e-01
 6.95956e-01
 6.30375e-01
 5.68300e-01
 5.10051e-01
 4.55852e-01
 4.05821e-01
 3.59961e-01
 3.18157e-01
 2.80175e-01
 2.45660e-01
 2.14189e-01
 1.85261e-01
 1.57970e-01
 1.31416e-01
 1.05548e-01
 8.12997e-02
 5.37396e-02
 2.59111e-02
 5.72214e-03
 2.41284e-04
 3.75081e-06
 2.44829e-06
 2.44816e-06
 2.44816e-06
 2.44816e-06
 2.44816e-06
 2.44816e-06
 2.44816e-06
 2.44816e-06
 2.44816e-06
 2.44816e-06
 2.44816e-06
 2.44816e-06
 2.44816e-06
 2.44816e-06
 2.44816e-06
 2.44816e-06
 2.44816e-06
 2.44816e-06
 2.44816e-06
 2.44816e-06
 2.44816e-06
 1.39907e+00
 1.41480e+00
 1.40823e+00
 1.38825e+00
 1.36301e+00
 1.33033e+00
 1.29127e+00
 1.24656e+00
 1.19686e+00
 1.14293e+00
 1.08556e+00
 1.02554e+00
 9.63683e-01
 9.00776e-01
 8.37568e-01
 7.74769e-01
 7.13026e-01
 6.52922e-01
 5.94968e-01
 5.39602e-01
 4.87178e-01
 4.37962e-01
 3.92123e-01
 3.49729e-01
 3.10740e-01
 2.75006e-01
 2.42265e-01
 2.12183e-01
 1.84424e-01
 1.57970e-01
 1.32159e-01
 1.07075e-01
 8.35370e-02
 5.68511e-02
 2.94624e-02
 7.83678e-03
 4.76450e-04
 6.38846e-06
 2.45259e-06
 2.44817e-06
 2.44816e-06
 2.44816e-06
 2.44816e-06
 2.44816e-06
 2.44816e-06
 2.44816e-06
 2.44816e-06
 2.44816e-06
 2.44816e-06
 2.44816e-06
 2.44816e-06
 2.44816e-06
 2.44816e-06
 2.44816e-06
 2.44816e-06
 2.44816e-06
 2.44816e-06
 2.44816e-06
 2.44816e-06
 2.44816e-06
 1.18728e+00
 1.19620e+00
 1.19021e+00
 1.17388e+00
 1.15250e+00
 1.12505e+00
 1.09223e+00
 1.05468e+00
 1.01295e+00
 9.67677e-01
 9.19526e-01
 8.69160e-01
 8.17248e-01
 7.64439e-01
 7.11365e-01
 6.58613e-01
 6.06733e-01
 5.56217e-01
 5.07497e-01
 4.60936e-01
 4.16819e-01
 3.75347e-01
 3.36632e-01
 3.00693e-01
 2.67445e-01
 2.36709e-01
 2.08210e-01
 1.81910e-01
 1.56094e-01
 1.31416e-01
 1.07075e-01
 8.42765e-02
 5.84052e-02
 3.16557e-02
 9.48517e-03
 7.50282e-04
 1.12028e-05
 2.46667e-06
 2.44817e-06
 2.44816e-06
 2.44816e-06
 2.44816e-06
 2.44816e-06
 2.44816e-06
 2.44816e-06
 2.44816e-06
 2.44816e-06
 2.44816e-06
 2.44816e-06
 2.44816e-06
 2.44816e-06
 2.44816e-06
 2.44816e-06
 2.44816e-06
 2.44816e-06
 2.44816e-06
 2.44816e-06
 2.44816e-06
 2.44816e-06
 2.44816e-06
 1.00468e+00
 1.00927e+00
 1.00399e+00
 9.90587e-01
 9.72587e-01
 9.49561e-01
 9.22032e-01
 8.90525e-01
 8.55533e-01
 8.17589e-01
 7.77243e-01
 7.35054e-01
 6.91577e-01
 6.47356e-01
 6.02914e-01
 5.58743e-01
 5.15299e-01
 4.72988e-01
 4.32159e-01
 3.93100e-01
 3.56026e-01
 3.21078e-01
 2.88315e-01
 2.57704e-01
 2.29140e-01
 2.02337e-01
 1.77697e-01
 1.52470e-01
 1.29165e-01
 1.05548e-01
 8.35370e-02
 5.84052e-02
 3.23959e-02
 1.03808e-02
 9.72730e-04
 1.71091e-05
 2.48990e-06
 2.44818e-06
 2.44816e-06
 2.44816e-06
 2.44816e-06
 2.44816e-06
 2.44816e-06
 2.44816e-06
 2.44816e-06
 2.44816e-06
 2.44816e-06
 2.44816e-06
 2.44816e-06
 2.44816e-06
 2.44816e-06
 2.44816e-06
 2.44816e-06
 2.44816e-06
 2.44816e-06
 2.44816e-06
 2.44816e-06
 2.44816e-06
 2.44816e-06
 2.44816e-06
 8.47947e-01
 8.49870e-01
 8.45344e-01
 8.34319e-01
 8.19230e-01
 7.99953e-01
 7.76906e-01
 7.50526e-01
 7.21244e-01
 6.89508e-01
 6.55784e-01
 6.20536e-01
 5.84227e-01
 5.47307e-01
 5.10207e-01
 4.73330e-01
 4.37044e-01
 4.01674e-01
 3.67493e-01
 3.34722e-01
 3.03513e-01
 2.73948e-01
 2.46041e-01
 2.19719e-01
 1.94750e-01
 1.71717e-01
 1.47307e-01
 1.25371e-01
 1.02542e-01
 8.12997e-02
 5.68511e-02
 3.16557e-02
 1.03808e-02
 1.05840e-03
 2.13230e-05
 2.51414e-06
 2.44818e-06
 2.44816e-06
 2.44816e-06
 2.44816e-06
 2.44816e-06
 2.44816e-06
 2.44816e-06
 2.44816e-06
 2.44816e-06
 2.44816e-06
 2.44816e-06
 2.44816e-06
 2.44816e-06
 2.44816e-06
 2.44816e-06
 2.44816e-06
 2.44816e-06
 2.44816e-06
 2.44816e-06
 2.44816e-06
 2.44816e-06
 2.44816e-06
 2.44816e-06
 2.44816e-06
 7.14071e-01
 7.14423e-01
 7.10660e-01
 7.01564e-01
 6.88971e-01
 6.72875e-01
 6.53629e-01
 6.31601e-01
 6.07161e-01
 5.80691e-01
 5.52579e-01
 5.23210e-01
 4.92965e-01
 4.62210e-01
 4.31295e-01
 4.00542e-01
 3.70244e-01
 3.40654e-01
 3.11981e-01
 2.84380e-01
 2.57950e-01
 2.32732e-01
 2.08588e-01
 1.85991e-01
 1.63631e-01
 1.40793e-01
 1.19800e-01
 9.82042e-02
 7.75053e-02
 5.37396e-02
 2.94624e-02
 9.48517e-03
 9.72730e-04
 2.13230e-05
 2.52471e-06
 2.44819e-06
 2.44816e-06
 2.44816e-06
 2.44816e-06
 2.44816e-06
 2.44816e-06
 2.44816e-06
 2.44816e-06
 2.44816e-06
 2.44816e-06
 2.44816e-06
 2.44816e-06
 2.44816e-06
 2.44816e-06
 2.44816e-06
 2.44816e-06
 2.44816e-06
 2.44816e-06
 2.44816e-06
 2.44816e-06
 2.44816e-06
 2.44816e-06
 2.44816e-06
 2.44816e-06
 2.44816e-06
 6.00349e-01
 5.99868e-01
 5.96765e-01
 5.89273e-01
 5.78802e-01
 5.65395e-01
 5.49361e-01
 5.31008e-01
 5.10656e-01
 4.88622e-01
 4.65229e-01
 4.40790e-01
 4.15615e-01
 3.89998e-01
 3.64218e-01
 3.38531e-01
 3.13163e-01
 2.88302e-01
 2.64103e-01
 2.40673e-01
 2.17974e-01
 1.96263e-01
 1.75595e-01
 1.53431e-01
 1.32982e-01
 1.12552e-01
 9.28969e-02
 7.20698e-02
 4.90712e-02
 2.59111e-02
 7.83678e-03
 7.50282e-04
 1.71091e-05
 2.51414e-06
 2.44819e-06
 2.44816e-06
 2.44816e-06
 2.44816e-06
 2.44816e-06
 2.44816e-06
 2.44816e-06
 2.44816e-06
 2.44816e-06
 2.44816e-06
 2.44816e-06
 2.44816e-06
 2.44816e-06
 2.44816e-06
 2.44816e-06
 2.44816e-06
 2.44816e-06
 2.44816e-06
 2.44816e-06
 2.44816e-06
 2.44816e-06
 2.44816e-06
 2.44816e-06
 2.44816e-06
 2.44816e-06
 2.44816e-06
 5.04223e-01
 5.03374e-01
 5.00800e-01
 4.94640e-01
 4.85946e-01
 4.74788e-01
 4.61439e-01
 4.46159e-01
 4.29216e-01
 4.10875e-01
 3.91396e-01
 3.71036e-01
 3.50040e-01
 3.28643e-01
 3.07062e-01
 2.85495e-01
 2.64117e-01
 2.43055e-01
 2.22321e-01
 2.02210e-01
 1.83002e-01
 1.62550e-01
 1.42531e-01
 1.23799e-01
 1.04095e-01
 8.58875e-02
 6.50222e-02
 4.28769e-02
 2.12142e-02
 5.72214e-03
 4.76450e-04
 1.12028e-05
 2.48990e-06
 2.44818e-06
 2.44816e-06
 2.44816e-06
 2.44816e-06
 2.44816e-06
 2.44816e-06
 2.44816e-06
 2.44816e-06
 2.44816e-06
 2.44816e-06
 2.44816e-06
 2.44816e-06
 2.44816e-06
 2.44816e-06
 2.44816e-06
 2.44816e-06
 2.44816e-06
 2.44816e-06
 2.44816e-06
 2.44816e-06
 2.44816e-06
 2.44816e-06
 2.44816e-06
 2.44816e-06
 2.44816e-06
 2.44816e-06
 2.44816e-06
 4.23159e-01
 4.22200e-01
 4.20053e-01
 4.14975e-01
 4.07742e-01
 3.98439e-01
 3.87307e-01
 3.74561e-01
 3.60426e-01
 3.45116e-01
 3.28841e-01
 3.11806e-01
 2.94207e-01
 2.76229e-01
 2.58038e-01
 2.39720e-01
 2.21360e-01
 2.03538e-01
 1.85973e-01
 1.67204e-01
 1.48372e-01
 1.30893e-01
 1.12595e-01
 9.50019e-02
 7.69315e-02
 5.64417e-02
 3.52776e-02
 1.57537e-02
 3.54250e-03
 2.41284e-04
 6.38846e-06
 2.46667e-06
 2.44818e-06
 2.44816e-06
 2.44816e-06
 2.44816e-06
 2.44816e-06
 2.44816e-06
 2.44816e-06
 2.44816e-06
 2.44816e-06
 2.44816e-06
 2.44816e-06
 2.44816e-06
 2.44816e-06
 2.44816e-06
 2.44816e-06
 2.44816e-06
 2.44816e-06
 2.44816e-06
 2.44816e-06
 2.44816e-06
 2.44816e-06
 2.44816e-06
 2.44816e-06
 2.44816e-06
 2.44816e-06
 2.44816e-06
 2.44816e-06
 2.44816e-06
 3.54695e-01
 3.53757e-01
 3.51949e-01
 3.47730e-01
 3.41681e-01
 3.33890e-01
 3.24564e-01
 3.13885e-01
 3.02035e-01
 2.89190e-01
 2.75516e-01
 2.61154e-01
 2.46215e-01
 2.30829e-01
 2.15339e-01
 2.00091e-01
 1.84259e-01
 1.66985e-01
 1.50049e-01
 1.34060e-01
 1.17386e-01
 1.00518e-01
 8.45491e-02
 6.61240e-02
 4.63962e-02
 2.65962e-02
 1.01486e-02
 1.74372e-03
 9.38312e-05
 3.75081e-06
 2.45259e-06
 2.44817e-06
 2.44816e-06
 2.44816e-06
 2.44816e-06
 2.44816e-06
 2.44816e-06
 2.44816e-06
 2.44816e-06
 2.44816e-06
 2.44816e-06
 2.44816e-06
 2.44816e-06
 2.44816e-06
 2.44816e-06
 2.44816e-06
 2.44816e-06
 2.44816e-06
 2.44816e-06
 2.44816e-06
 2.44816e-06
 2.44816e-06
 2.44816e-06
 2.44816e-06
 2.44816e-06
 2.44816e-06
 2.44816e-06
 2.44816e-06
 2.44816e-06
 2.44816e-06
 2.96558e-01
 2.95697e-01
 2.94155e-01
 2.90615e-01
 2.85521e-01
 2.78953e-01
 2.71078e-01
 2.62034e-01
 2.51959e-01
 2.40986e-01
 2.29277e-01
 2.17376e-01
 2.04906e-01
 1.91678e-01
 1.77254e-01
 1.62094e-01
 1.47510e-01
 1.33444e-01
 1.18159e-01
 1.02744e-01
 8.82495e-02
 7.17928e-02
 5.36309e-02
 3.50304e-02
 1.75666e-02
 5.29525e-03
 6.46115e-04
 2.76792e-05
 2.75700e-06
 2.44829e-06
 2.44817e-06
 2.44816e-06
 2.44816e-06
 2.44816e-06
 2.44816e-06
 2.44816e-06
 2.44816e-06
 2.44816e-06
 2.44816e-06
 2.44816e-06
 2.44816e-06
 2.44816e-06
 2.44816e-06
 2.44816e-06
 2.44816e-06
 2.44816e-06
 2.44816e-06
 2.44816e-06
 2.44816e-06
 2.44816e-06
 2.44816e-06
 2.44816e-06
 2.44816e-06
 2.44816e-06
 2.44816e-06
 2.44816e-06
 2.44816e-06
 2.44816e-06
 2.44816e-06
 2.44816e-06
 2.46487e-01
 2.45704e-01
 2.44333e-01
 2.41294e-01
 2.36992e-01
 2.31570e-01
 2.25079e-01
 2.17558e-01
 2.09061e-01
 1.99613e-01
 1.89142e-01
 1.77337e-01
 1.65247e-01
 1.53172e-01
 1.41166e-01
 1.28650e-01
 1.14906e-01
 1.01298e-01
 8.82818e-02
 7.34353e-02
 5.69065e-02
 3.98703e-02
 2.30835e-02
 9.37075e-03
 1.98930e-03
 1.68124e-04
 7.22413e-06
 2.49913e-06
 2.44820e-06
 2.44816e-06
 2.44816e-06
 2.44816e-06
 2.44816e-06
 2.44816e-06
 2.44816e-06
 2.44816e-06
 2.44816e-06
 2.44816e-06
 2.44816e-06
 2.44816e-06
 2.44816e-06
 2.44816e-06
 2.44816e-06
 2.44816e-06
 2.44816e-06
 2.44816e-06
 2.44816e-06
 2.44816e-06
 2.44816e-06
 2.44816e-06
 2.44816e-06
 2.44816e-06
 2.44816e-06
 2.44816e-06
 2.44816e-06
 2.44816e-06
 2.44816e-06
 2.44816e-06
 2.44816e-06
 2.44816e-06
 2.03536e-01
 2.02815e-01
 2.01525e-01
 1.98745e-01
 1.94683e-01
 1.89285e-01
 1.82853e-01
 1.75616e-01
 1.67732e-01
 1.59241e-01
 1.50297e-01
 1.41052e-01
 1.30789e-01
 1.19373e-01
 1.07795e-01
 9.64456e-02
 8.46253e-02
 7.11494e-02
 5.62196e-02
 4.08493e-02
 2.54686e-02
 1.20961e-02
 3.54740e-03
 4.87396e-04
 2.95964e-05
 3.03680e-06
 2.45236e-06
 2.44817e-06
 2.44816e-06
 2.44816e-06
 2.44816e-06
 2.44816e-06
 2.44816e-06
 2.44816e-06
 2.44816e-06
 2.44816e-06
 2.44816e-06
 2.44816e-06
 2.44816e-06
 2.44816e-06
 2.44816e-06
 2.44816e-06
 2.44816e-06
 2.44816e-06
 2.44816e-06
 2.44816e-06
 2.44816e-06
 2.44816e-06
 2.44816e-06
 2.44816e-06
 2.44816e-06
 2.44816e-06
 2.44816e-06
 2.44816e-06
 2.44816e-06
 2.44816e-06
 2.44816e-06
 2.44816e-06
 2.44816e-06
 2.44816e-06
 1.61887e-01
 1.61246e-01
 1.60089e-01
 1.57743e-01
 1.54448e-01
 1.50279e-01
 1.45231e-01
 1.39279e-01
 1.32176e-01
 1.24128e-01
 1.15571e-01
 1.06584e-01
 9.74952e-02
 8.79955e-02
 7.70596e-02
 6.47721e-02
 5.15932e-02
 3.79740e-02
 2.43972e-02
 1.24386e-02
 4.28349e-03
 7.92053e-04
 7.18353e-05
 5.09891e-06
 2.49360e-06
 2.44820e-06
 2.44816e-06
 2.44816e-06
 2.44816e-06
 2.44816e-06
 2.44816e-06
 2.44816e-06
 2.44816e-06
 2.44816e-06
 2.44816e-06
 2.44816e-06
 2.44816e-06
 2.44816e-06
 2.44816e-06
 2.44816e-06
 2.44816e-06
 2.44816e-06
 2.44816e-06
 2.44816e-06
 2.44816e-06
 2.44816e-06
 2.44816e-06
 2.44816e-06
 2.44816e-06
 2.44816e-06
 2.44816e-06
 2.44816e-06
 2.44816e-06
 2.44816e-06
 2.44816e-06
 2.44816e-06
 2.44816e-06
 2.44816e-06
 2.44816e-06
 2.44816e-06
 1.25640e-01
 1.24997e-01
 1.23783e-01
 1.21489e-01
 1.18284e-01
 1.14213e-01
 1.09367e-01
 1.03836e-01
 9.79129e-02
 9.13891e-02
 8.37236e-02
 7.49856e-02
 6.51092e-02
 5.43571e-02
 4.31163e-02
 3.14342e-02
 2.00825e-02
 1.03165e-02
 3.74123e-03
 8.01139e-04
 9.47909e-05
 7.69724e-06
 2.59353e-06
 2.44827e-06
 2.44817e-06
 2.44816e-06
 2.44816e-06
 2.44816e-06
 2.44816e-06
 2.44816e-06
 2.44816e-06
 2.44816e-06
 2.44816e-06
 2.44816e-06
 2.44816e-06
 2.44816e-06
 2.44816e-06
 2.44816e-06
 2.44816e-06
 2.44816e-06
 2.44816e-06
 2.44816e-06
 2.44816e-06
 2.44816e-06
 2.44816e-06
 2.44816e-06
 2.44816e-06
 2.44816e-06
 2.44816e-06
 2.44816e-06
 2.44816e-06
 2.44816e-06
 2.44816e-06
 2.44816e-06
 2.44816e-06
 2.44816e-06
 2.44816e-06
 2.44816e-06
 2.44816e-06
 2.44816e-06
 9.19169e-02
 9.13551e-02
 9.02322e-02
 8.81841e-02
 8.52608e-02
 8.14539e-02
 7.67556e-02
 7.11335e-02
 6.45402e-02
 5.71099e-02
 4.90656e-02
 4.03538e-02
 3.11477e-02
 2.19106e-02
 1.33481e-02
 6.53019e-03
 2.27214e-03
 5.10296e-04
 7.00771e-05
 7.41744e-06
 2.64495e-06
 2.45152e-06
 2.44817e-06
 2.44816e-06
 2.44816e-06
 2.44816e-06
 2.44816e-06
 2.44816e-06
 2.44816e-06
 2.44816e-06
 2.44816e-06
 2.44816e-06
 2.44816e-06
 2.44816e-06
 2.44816e-06
 2.44816e-06
 2.44816e-06
 2.44816e-06
 2.44816e-06
 2.44816e-06
 2.44816e-06
 2.44816e-06
 2.44816e-06
 2.44816e-06
 2.44816e-06
 2.44816e-06
 2.44816e-06
 2.44816e-06
 2.44816e-06
 2.44816e-06
 2.44816e-06
 2.44816e-06
 2.44816e-06
 2.44816e-06
 2.44816e-06
 2.44816e-06
 2.44816e-06
 2.44816e-06
 2.44816e-06
 2.44816e-06
 5.67523e-02
 5.61110e-02
 5.48010e-02
 5.26296e-02
 4.96411e-02
 4.58309e-02
 4.12332e-02
 3.59134e-02
 2.99902e-02
 2.36694e-02
 1.72572e-02
 1.12202e-02
 6.20359e-03
 2.69444e-03
 8.52475e-04
 1.89096e-04
 2.86009e-05
 4.70187e-06
 2.56310e-06
 2.45090e-06
 2.44817e-06
 2.44816e-06
 2.44816e-06
 2.44816e-06
 2.44816e-06
 2.44816e-06
 2.44816e-06
 2.44816e-06
 2.44816e-06
 2.44816e-06
 2.44816e-06
 2.44816e-06
 2.44816e-06
 2.44816e-06
 2.44816e-06
 2.44816e-06
 2.44816e-06
 2.44816e-06
 2.44816e-06
 2.44816e-06
 2.44816e-06
 2.44816e-06
 2.44816e-06
 2.44816e-06
 2.44816e-06
 2.44816e-06
 2.44816e-06
 2.44816e-06
 2.44816e-06
 2.44816e-06
 2.44816e-06
 2.44816e-06
 2.44816e-06
 2.44816e-06
 2.44816e-06
 2.44816e-06
 2.44816e-06
 2.44816e-06
 2.44816e-06
 2.44816e-06
 2.28274e-02
 2.22881e-02
 2.11785e-02
 1.94541e-02
 1.71726e-02
 1.44362e-02
 1.14144e-02
 8.34056e-03
 5.49092e-03
 3.12845e-03
 1.46717e-03
 5.54135e-04
 1.61377e-04
 3.53061e-05
 7.15379e-06
 2.89731e-06
 2.47565e-06
 2.44821e-06
 2.44817e-06
 2.44816e-06
 2.44816e-06
 2.44816e-06
 2.44816e-06
 2.44816e-06
 2.44816e-06
 2.44816e-06
 2.44816e-06
 2.44816e-06
 2.44816e-06
 2.44816e-06
 2.44816e-06
 2.44816e-06
 2.44816e-06
 2.44816e-06
 2.44816e-06
 2.44816e-06
 2.44816e-06
 2.44816e-06
 2.44816e-06
 2.44816e-06
 2.44816e-06
 2.44816e-06
 2.44816e-06
 2.44816e-06
 2.44816e-06
 2.44816e-06
 2.44816e-06
 2.44816e-06
 2.44816e-06
 2.44816e-06
 2.44816e-06
 2.44816e-06
 2.44816e-06
 2.44816e-06
 2.44816e-06
 2.44816e-06
 2.44816e-06
 2.44816e-06
 2.44816e-06
 2.44816e-06
 2.76272e-03
 2.60046e-03
 2.28791e-03
 1.86146e-03
 1.38361e-03
 9.25107e-04
 5.46114e-04
 2.78328e-04
 1.19409e-04
 4.23519e-05
 1.30878e-05
 4.60328e-06
 2.76698e-06
 2.48137e-06
 2.44823e-06
 2.44817e-06
 2.44816e-06
 2.44816e-06
 2.44816e-06
 2.44816e-06
 2.44816e-06
 2.44816e-06
 2.44816e-06
 2.44816e-06
 2.44816e-06
 2.44816e-06
 2.44816e-06
 2.44816e-06
 2.44816e-06
 2.44816e-06
 2.44816e-06
 2.44816e-06
 2.44816e-06
 2.44816e-06
 2.44816e-06
 2.44816e-06
 2.44816e-06
 2.44816e-06
 2.44816e-06
 2.44816e-06
 2.44816e-06
 2.44816e-06
 2.44816e-06
 2.44816e-06
 2.44816e-06
 2.44816e-06
 2.44816e-06
 2.44816e-06
 2.44816e-06
 2.44816e-06
 2.44816e-06
 2.44816e-06
 2.44816e-06
 2.44816e-06
 2.44816e-06
 2.44816e-06
 2.44816e-06
 2.44816e-06
 2.44816e-06
 2.44816e-06
 3.21204e-05
 2.89994e-05
 2.35392e-05
 1.71261e-05
 1.12634e-05
 6.93996e-06
 4.35265e-06
 3.10530e-06
 2.62814e-06
 2.48631e-06
 2.45408e-06
 2.44819e-06
 2.44817e-06
 2.44816e-06
 2.44816e-06
 2.44816e-06
 2.44816e-06
 2.44816e-06
 2.44816e-06
 2.44816e-06
 2.44816e-06
 2.44816e-06
 2.44816e-06
 2.44816e-06
 2.44816e-06
 2.44816e-06
 2.44816e-06
 2.44816e-06
 2.44816e-06
 2.44816e-06
 2.44816e-06
 2.44816e-06
 2.44816e-06
 2.44816e-06
 2.44816e-06
 2.44816e-06
 2.44816e-06
 2.44816e-06
 2.44816e-06
 2.44816e-06
 2.44816e-06
 2.44816e-06
 2.44816e-06
 2.44816e-06
 2.44816e-06
 2.44816e-06
 2.44816e-06
 2.44816e-06
 2.44816e-06
 2.44816e-06
 2.44816e-06
 2.44816e-06
 2.44816e-06
 2.44816e-06
 2.44816e-06
 2.44816e-06
 2.44816e-06
 2.44816e-06
 2.44816e-06
 2.44816e-06
 2.47018e-06
 2.46689e-06
 2.46164e-06
 2.45622e-06
 2.45202e-06
 2.44820e-06
 2.44818e-06
 2.44817e-06
 2.44816e-06
 2.44816e-06
 2.44816e-06
 2.44816e-06
 2.44816e-06
 2.44816e-06
 2.44816e-06
 2.44816e-06
 2.44816e-06
 2.44816e-06
 2.44816e-06
 2.44816e-06
 2.44816e-06
 2.44816e-06
 2.44816e-06
 2.44816e-06
 2.44816e-06
 2.44816e-06
 2.44816e-06
 2.44816e-06
 2.44816e-06
 2.44816e-06
 2.44816e-06
 2.44816e-06
 2.44816e-06
 2.44816e-06
 2.44816e-06
 2.44816e-06
 2.44816e-06
 2.44816e-06
 2.44816e-06
 2.44816e-06
 2.44816e-06
 2.44816e-06
 2.44816e-06
 2.44816e-06
 2.44816e-06
 2.44816e-06
 2.44816e-06
 2.44816e-06
 2.44816e-06
 2.44816e-06
 2.44816e-06
 2.44816e-06
 2.44816e-06
 2.44816e-06
 2.44816e-06
 2.44816e-06
 2.44816e-06
 2.44816e-06
 2.44816e-06
 2.44816e-06
 2.44816e-06
 2.44816e-06
 2.44816e-06
 2.44816e-06
 2.44816e-06
 2.44816e-06
 2.44816e-06
 2.44816e-06
 2.44816e-06
 2.44816e-06
 2.44816e-06
 2.44816e-06
 2.44816e-06
 2.44816e-06
 2.44816e-06
 2.44816e-06
 2.44816e-06
 2.44816e-06
 2.44816e-06
 2.44816e-06
 2.44816e-06
 2.44816e-06
 2.44816e-06
 2.44816e-06
 2.44816e-06
 2.44816e-06
 2.44816e-06
 2.44816e-06
 2.44816e-06
 2.44816e-06
 2.44816e-06
 2.44816e-06
 2.44816e-06
 2.44816e-06
 2.44816e-06
 2.44816e-06
 2.44816e-06
 2.44816e-06
 2.44816e-06
 2.44816e-06
 2.44816e-06
 2.44816e-06
 2.44816e-06
 2.44816e-06
 2.44816e-06
 2.44816e-06
 2.44816e-06
 2.44816e-06
 2.44816e-06
 2.44816e-06
 2.44816e-06
 2.44816e-06
 2.44816e-06
 2.44816e-06
 2.44816e-06
 2.44816e-06
 2.44816e-06
 2.44816e-06
 2.44816e-06
 2.44816e-06
 2.44816e-06
 2.44816e-06
 2.44816e-06
 2.44816e-06
 2.44816e-06
 2.44816e-06
 2.44816e-06
 2.44816e-06
 2.44816e-06
 2.44816e-06
 2.44816e-06
 2.44816e-06
 2.44816e-06
 2.44816e-06
 2.44816e-06
 2.44816e-06
 2.44816e-06
 2.44816e-06
 2.44816e-06
 2.44816e-06
 2.44816e-06
 2.44816e-06
 2.44816e-06
 2.44816e-06
 2.44816e-06
 2.44816e-06
 2.44816e-06
 2.44816e-06
 2.44816e-06
 2.44816e-06
 2.44816e-06
 2.44816e-06
 2.44816e-06
 2.44816e-06
 2.44816e-06
 2.44816e-06
 2.44816e-06
 2.44816e-06
 2.44816e-06
 2.44816e-06
 2.44816e-06
 2.44816e-06
 2.44816e-06
 2.44816e-06
 2.44816e-06
 2.44816e-06
 2.44816e-06
 2.44816e-06
 2.44816e-06
 2.44816e-06
 2.44816e-06
 2.44816e-06
 2.44816e-06
 2.44816e-06
 2.44816e-06
 2.44816e-06
 2.44816e-06
 2.44816e-06
 2.44816e-06
 2.44816e-06
 2.44816e-06
 2.44816e-06
 2.44816e-06
 2.44816e-06
 2.44816e-06
 2.44816e-06
 2.44816e-06
 2.44816e-06
 2.44816e-06
 2.44816e-06
 2.44816e-06
 2.44816e-06
 2.44816e-06
 2.44816e-06
 2.44816e-06
 2.44816e-06
 2.44816e-06
 2.44816e-06
 2.44816e-06
 2.44816e-06
 2.44816e-06
 2.44816e-06
 2.44816e-06
 2.44816e-06
 2.44816e-06
 2.44816e-06
 2.44816e-06
 2.44816e-06
 2.44816e-06
 2.44816e-06
 2.44816e-06
 2.44816e-06
 2.44816e-06
 2.44816e-06
 2.44816e-06
 2.44816e-06
 2.44816e-06
 2.44816e-06
 2.44816e-06
 2.44816e-06
 2.44816e-06
 2.44816e-06
 2.44816e-06
 2.44816e-06
 2.44816e-06
 2.44816e-06
 2.44816e-06
 2.44816e-06
 2.44816e-06
 2.44816e-06
 2.44816e-06
 2.44816e-06
 2.44816e-06
 2.44816e-06
 2.44816e-06
 2.44816e-06
 2.44816e-06
 2.44816e-06
 2.44816e-06
 2.44816e-06
 2.44816e-06
 2.44816e-06
 2.44816e-06
 2.44816e-06
 2.44816e-06
 2.44816e-06
 2.44816e-06
 2.44816e-06
 2.44816e-06
 2.44816e-06
 2.44816e-06
 2.44816e-06
 2.44816e-06
 2.44816e-06
 2.44816e-06
 2.44816e-06
 2.44816e-06
 2.44816e-06
 2.44816e-06
 2.44816e-06
 2.44816e-06
 2.44816e-06
 2.44816e-06
 2.44816e-06
 2.44816e-06
 2.44816e-06
 2.44816e-06
 2.44816e-06
 2.44816e-06
 2.44816e-06
 2.44816e-06
 2.44816e-06
 2.44816e-06
 2.44816e-06
 2.44816e-06
 2.44816e-06
 2.44816e-06
 2.44816e-06
 2.44816e-06
 2.44816e-06
 2.44816e-06
 2.44816e-06
 2.44816e-06
 2.44816e-06
 2.44816e-06
 2.44816e-06
 2.44816e-06
 2.44816e-06
 2.44816e-06
 2.44816e-06
 2.44816e-06
 2.44816e-06
 2.44816e-06
 2.44816e-06
 2.44816e-06
 2.44816e-06
 2.44816e-06
 2.44816e-06
 2.44816e-06
 2.44816e-06
 2.44816e-06
 2.44816e-06
 2.44816e-06
 2.44816e-06
 2.44816e-06
 2.44816e-06
 2.44816e-06
 2.44816e-06
 2.44816e-06
 2.44816e-06
 2.44816e-06
 2.44816e-06
 2.44816e-06
 2.44816e-06
 2.44816e-06
 2.44816e-06
 2.44816e-06
 2.44816e-06
 2.44816e-06
 2.44816e-06
 2.44816e-06
 2.44816e-06
 2.44816e-06
 2.44816e-06
 2.44816e-06
 2.44816e-06
 2.44816e-06
 2.44816e-06
 2.44816e-06
 2.44816e-06
 2.44816e-06
 2.44816e-06
 2.44816e-06
 2.44816e-06
 2.44816e-06
 2.44816e-06
 2.44816e-06
 2.44816e-06
 2.44816e-06
 2.44816e-06
 2.44816e-06
 2.44816e-06
 2.44816e-06
 2.44816e-06
 2.44816e-06
 2.44816e-06
 2.44816e-06
 2.44816e-06
 2.44816e-06
 2.44816e-06
 2.44816e-06
 2.44816e-06
 2.44816e-06
 2.44816e-06
 2.44816e-06
 2.44816e-06
 2.44816e-06
 2.44816e-06
 2.44816e-06
 2.44816e-06
 2.44816e-06
 2.44816e-06
 2.44816e-06
 2.44816e-06
 2.44816e-06
 2.44816e-06
 2.44816e-06
 2.44816e-06
 2.44816e-06
 2.44816e-06
 2.44816e-06
 2.44816e-06
 2.44816e-06
 2.44816e-06
 2.44816e-06
 2.44816e-06
 2.44816e-06
 2.44816e-06
 2.44816e-06
 2.44816e-06
 2.44816e-06
 2.44816e-06
 2.44816e-06
 2.44816e-06
 2.44816e-06
 2.44816e-06
 2.44816e-06
 2.44816e-06
 2.44816e-06
 2.44816e-06
 2.44816e-06
 2.44816e-06
 2.44816e-06
 2.44816e-06
 2.44816e-06
 2.44816e-06
 2.44816e-06
 2.44816e-06
 2.44816e-06
 2.44816e-06
 2.44816e-06
 2.44816e-06
 2.44816e-06
 2.44816e-06
 2.44816e-06
 2.44816e-06
 2.44816e-06
 2.44816e-06
 2.44816e-06
 2.44816e-06
 2.44816e-06
 2.44816e-06
 2.44816e-06
 2.44816e-06
 2.44816e-06
 2.44816e-06
 2.44816e-06
 2.44816e-06
 2.44816e-06
 2.44816e-06
 2.44816e-06
 2.44816e-06
 2.44816e-06
 2.44816e-06
 2.44816e-06
 2.44816e-06
 2.44816e-06
 2.44816e-06
 2.44816e-06
 2.44816e-06
 2.44816e-06
 2.44816e-06
 2.44816e-06
 2.44816e-06
 2.44816e-06
 2.44816e-06
 2.44816e-06
 2.44816e-06
 2.44816e-06
 2.44816e-06
 2.44816e-06
 2.44816e-06
 2.44816e-06
 2.44816e-06
 2.44816e-06
 2.44816e-06
 2.44816e-06
 2.44816e-06
 2.44816e-06
 2.44816e-06
 2.44816e-06
 2.44816e-06
 2.44816e-06
 2.44816e-06
 2.44816e-06
 2.44816e-06
 2.44816e-06
 2.44816e-06
 2.44816e-06
 2.44816e-06
 2.44816e-06
 2.44816e-06
 2.44816e-06
 2.44816e-06
 2.44816e-06
 2.44816e-06
 2.44816e-06
 2.44816e-06
 2.44816e-06
 2.44816e-06
 2.44816e-06
 2.44816e-06
 2.44816e-06
 2.44816e-06
 2.44816e-06
 2.44816e-06
 2.44816e-06
 2.44816e-06
 2.44816e-06
 2.44816e-06
 2.44816e-06
 2.44816e-06
 2.44816e-06
 2.44816e-06
 2.44816e-06
 2.44816e-06
 2.44816e-06
 2.44816e-06
 2.44816e-06
 2.44816e-06
 2.44816e-06
 2.44816e-06
 2.44816e-06
 2.44816e-06
 2.44816e-06
 2.44816e-06
 2.44816e-06
 2.44816e-06
 2.44816e-06
 2.44816e-06
 2.44816e-06
 2.44816e-06
 2.44816e-06
 2.44816e-06
 2.44816e-06
 2.44816e-06
 2.44816e-06
 2.44816e-06
 2.44816e-06
 2.44816e-06
 2.44816e-06
 2.44816e-06
 2.44816e-06
 2.44816e-06
 2.44816e-06
 2.44816e-06
 2.44816e-06
 2.44816e-06
 2.44816e-06
 2.44816e-06
 2.44816e-06
 2.44816e-06
 2.44816e-06
 2.44816e-06
 2.44816e-06
 2.44816e-06
 2.44816e-06
 2.44816e-06
 2.44816e-06
 2.44816e-06
 2.44816e-06
 2.44816e-06
 2.44816e-06
 2.44816e-06
 2.44816e-06
 2.44816e-06
 2.44816e-06
 2.44816e-06
 2.44816e-06
 2.44816e-06
 2.44816e-06
 2.44816e-06
 2.44816e-06
 2.44816e-06
 2.44816e-06
 2.44816e-06
 2.44816e-06
 2.44816e-06
 2.44816e-06
 2.44816e-06
 2.44816e-06
 2.44816e-06
 2.44816e-06
 2.44816e-06
 2.44816e-06
 2.44816e-06
 2.44816e-06
 2.44816e-06
 2.44816e-06
 2.44816e-06
 2.44816e-06
 2.44816e-06
 2.44816e-06
 2.44816e-06
 2.44816e-06
 2.44816e-06
 2.44816e-06
 2.44816e-06
 2.44816e-06
 2.44816e-06
 2.44816e-06
 2.44816e-06
 2.44816e-06
 2.44816e-06
 2.44816e-06
 2.44816e-06
 2.44816e-06
 2.44816e-06
 2.44816e-06
 2.44816e-06
 2.44816e-06
 2.44816e-06
 2.44816e-06
 2.44816e-06
 2.44816e-06
 2.44816e-06
 2.44816e-06
 2.44816e-06
 2.44816e-06
 2.44816e-06
 2.44816e-06
 2.44816e-06
 2.44816e-06
 2.44816e-06
 2.44816e-06
 2.44816e-06
 2.44816e-06
 2.44816e-06
 2.44816e-06
 2.44816e-06
 2.44816e-06
 2.44816e-06
 2.44816e-06
 2.44816e-06
 2.44816e-06
 2.44816e-06
 2.44816e-06
 2.44816e-06
 2.44816e-06
 2.44816e-06
 2.44816e-06
 2.44816e-06
 2.44816e-06
 2.44816e-06
 2.44816e-06
 2.44816e-06
 2.44816e-06
 2.44816e-06
 2.44816e-06
 2.44816e-06
 2.44816e-06
 2.44816e-06
 2.44816e-06
 2.44816e-06
 2.44816e-06
 2.44816e-06
 2.44816e-06
 2.44816e-06
 2.44816e-06
 2.44816e-06
 2.44816e-06
 2.44816e-06
 2.44816e-06
 2.44816e-06
 2.44816e-06
 2.44816e-06
 2.44816e-06
 2.44816e-06
 2.44816e-06
 2.44816e-06
 2.44816e-06
 2.44816e-06
 2.44816e-06
 2.44816e-06
 2.44816e-06
 2.44816e-06
 2.44816e-06
 2.44816e-06
 2.44816e-06
 2.44816e-06
 2.44816e-06
 2.44816e-06
 2.44816e-06
 2.44816e-06
 2.44816e-06
 2.44816e-06
 2.44816e-06
 2.44816e-06
 2.44816e-06
 2.44816e-06
