InternalEnergy
part
         1
quad4
 1.55889e+02
 6.98618e+01
 6.67772e+01
 5.43696e+01
 4.41714e+01
 3.45624e+01
 3.17154e+01
 2.73982e+01
 2.22332e+01
 2.03871e+01
 1.72665e+01
 1.53627e+01
 1.32583e+01
 1.16145e+01
 1.00513e+01
 8.69767e+00
 7.47950e+00
 6.40689e+00
 5.46146e+00
 4.63435e+00
 3.91504e+00
 3.29264e+00
 2.75757e+00
 2.30000e+00
 1.91112e+00
 1.58246e+00
 1.30634e+00
 1.07610e+00
 8.85524e-01
 7.28266e-01
 5.98154e-01
 4.89714e-01
 3.98090e-01
 3.16388e-01
 2.42986e-01
 1.75034e-01
 1.13233e-01
 4.97267e-02
 8.13657e-03
 1.43936e-04
 2.61651e-06
 2.44816e-06
 2.44816e-06
 2.44816e-06
 2.44816e-06
 2.44816e-06
 2.44816e-06
 2.44816e-06
 2.44816e-06
 2.44816e-06
 2.44816e-06
 2.44816e-06
 2.44816e-06
 2.44816e-06
 2.44816e-06
 2.44816e-06
 2.44816e-06
 2.44816e-06
 2.44816e-06
 2.44816e-06
 6.98618e+01
 6.89583e+01
 6.71932e+01
 6.25284e+01
 4.66704e+01
 5.22248e+01
 4.64681e+01
 3.60193e+01
 3.19588e+01
 2.65523e+01
 2.27072e+01
 1.93291e+01
 1.64263e+01
 1.38960e+01
 1.17137e+01
 9.86426e+00
 8.28410e+00
 6.95043e+00
 5.81900e+00
 4.86421e+00
 4.05738e+00
 3.37748e+00
 2.80503e+00
 2.32420e+00
 1.92128e+00
 1.58464e+00
 1.30439e+00
 1.07248e+00
 8.81548e-01
 7.24564e-01
 5.94963e-01
 4.87063e-01
 3.95993e-01
 3.14326e-01
 2.41469e-01
 1.73615e-01
 1.11811e-01
 4.84943e-02
 7.65979e-03
 1.27826e-04
 2.58870e-06
 2.44816e-06
 2.44816e-06
 2.44816e-06
 2.44816e-06
 2.44816e-06
 2.44816e-06
 2.44816e-06
 2.44816e-06
 2.44816e-06
 2.44816e-06
 2.44816e-06
 2.44816e-06
 2.44816e-06
 2.44816e-06
 2.44816e-06
 2.44816e-06
 2.44816e-06
 2.44816e-06
 2.44816e-06
 6.67772e+01
 6.71932e+01
 6.82836e+01
 6.91566e+01
 5.43045e+01
 5.54941e+01
 5.21529e+01
 3.67327e+01
 3.44372e+01
 2.67619e+01
 2.35740e+01
 1.94339e+01
 1.65311e+01
 1.38205e+01
 1.16447e+01
 9.76654e+00
 8.20442e+00
 6.87707e+00
 5.75977e+00
 4.81392e+00
 4.01611e+00
 3.34292e+00
 2.77653e+00
 2.30070e+00
 1.90223e+00
 1.56938e+00
 1.29231e+00
 1.06283e+00
 8.73826e-01
 7.18373e-01
 5.89958e-01
 4.82938e-01
 3.92671e-01
 3.10783e-01
 2.38718e-01
 1.70873e-01
 1.08874e-01
 4.59194e-02
 6.71537e-03
 9.94957e-05
 2.54493e-06
 2.44816e-06
 2.44816e-06
 2.44816e-06
 2.44816e-06
 2.44816e-06
 2.44816e-06
 2.44816e-06
 2.44816e-06
 2.44816e-06
 2.44816e-06
 2.44816e-06
 2.44816e-06
 2.44816e-06
 2.44816e-06
 2.44816e-06
 2.44816e-06
 2.44816e-06
 2.44816e-06
 2.44816e-06
 5.43696e+01
 6.25284e+01
 6.91566e+01
 6.33925e+01
 5.55354e+01
 5.25802e+01
 4.43151e+01
 3.74124e+01
 3.16115e+01
 2.60304e+01
 2.21142e+01
 1.84614e+01
 1.56314e+01
 1.31786e+01
 1.11370e+01
 9.39450e+00
 7.91353e+00
 6.65500e+00
 5.58430e+00
 4.67677e+00
 3.90723e+00
 3.25701e+00
 2.70820e+00
 2.24649e+00
 1.85903e+00
 1.53493e+00
 1.26483e+00
 1.04104e+00
 8.56576e-01
 7.04651e-01
 5.78934e-01
 4.73934e-01
 3.85423e-01
 3.03817e-01
 2.33162e-01
 1.65918e-01
 1.03801e-01
 4.18349e-02
 5.38410e-03
 6.66173e-05
 2.50186e-06
 2.44816e-06
 2.44816e-06
 2.44816e-06
 2.44816e-06
 2.44816e-06
 2.44816e-06
 2.44816e-06
 2.44816e-06
 2.44816e-06
 2.44816e-06
 2.44816e-06
 2.44816e-06
 2.44816e-06
 2.44816e-06
 2.44816e-06
 2.44816e-06
 2.44816e-06
 2.44816e-06
 2.44816e-06
 4.41714e+01
 4.66704e+01
 5.43045e+01
 5.55354e+01
 5.25824e+01
 4.87106e+01
 4.22907e+01
 3.55881e+01
 3.01470e+01
 2.52714e+01
 2.14033e+01
 1.79874e+01
 1.52333e+01
 1.28323e+01
 1.08437e+01
 9.13324e+00
 7.69309e+00
 6.46391e+00
 5.42379e+00
 4.54041e+00
 3.79345e+00
 3.16186e+00
 2.62951e+00
 2.18155e+00
 1.80583e+00
 1.49150e+00
 1.22958e+00
 1.01257e+00
 8.33633e-01
 6.86109e-01
 5.63854e-01
 4.61499e-01
 3.75298e-01
 2.94343e-01
 2.25111e-01
 1.59269e-01
 9.66845e-02
 3.64047e-02
 3.85693e-03
 3.78554e-05
 2.47158e-06
 2.44816e-06
 2.44816e-06
 2.44816e-06
 2.44816e-06
 2.44816e-06
 2.44816e-06
 2.44816e-06
 2.44816e-06
 2.44816e-06
 2.44816e-06
 2.44816e-06
 2.44816e-06
 2.44816e-06
 2.44816e-06
 2.44816e-06
 2.44816e-06
 2.44816e-06
 2.44816e-06
 2.44816e-06
 3.45624e+01
 5.22248e+01
 5.54941e+01
 5.25802e+01
 4.87106e+01
 4.38248e+01
 3.78995e+01
 3.24031e+01
 2.75396e+01
 2.33658e+01
 1.98345e+01
 1.68481e+01
 1.42940e+01
 1.21278e+01
 1.02693e+01
 8.68639e+00
 7.33036e+00
 6.17529e+00
 5.18950e+00
 4.35184e+00
 3.64016e+00
 3.03773e+00
 2.52854e+00
 2.09958e+00
 1.73922e+00
 1.43743e+00
 1.18579e+00
 9.77207e-01
 8.05077e-01
 6.62976e-01
 5.44998e-01
 4.45885e-01
 3.62432e-01
 2.82675e-01
 2.14513e-01
 1.51026e-01
 8.75936e-02
 2.98724e-02
 2.41974e-03
 1.83684e-05
 2.45581e-06
 2.44816e-06
 2.44816e-06
 2.44816e-06
 2.44816e-06
 2.44816e-06
 2.44816e-06
 2.44816e-06
 2.44816e-06
 2.44816e-06
 2.44816e-06
 2.44816e-06
 2.44816e-06
 2.44816e-06
 2.44816e-06
 2.44816e-06
 2.44816e-06
 2.44816e-06
 2.44816e-06
 2.44816e-06
 3.17154e+01
 4.64681e+01
 5.21529e+01
 4.43151e+01
 4.22907e+01
 3.78995e+01
 3.32613e+01
 2.88875e+01
 2.49242e+01
 2.13760e+01
 1.83308e+01
 1.56533e+01
 1.33637e+01
 1.13752e+01
 9.66869e+00
 8.19648e+00
 6.93463e+00
 5.85171e+00
 4.92667e+00
 4.13694e+00
 3.46522e+00
 2.89487e+00
 2.41218e+00
 2.00476e+00
 1.66207e+00
 1.37473e+00
 1.13495e+00
 9.36106e-01
 7.71851e-01
 6.36023e-01
 5.23000e-01
 4.27587e-01
 3.47086e-01
 2.69099e-01
 2.02095e-01
 1.40683e-01
 7.68855e-02
 2.26963e-02
 1.29431e-03
 8.12053e-06
 2.44821e-06
 2.44816e-06
 2.44816e-06
 2.44816e-06
 2.44816e-06
 2.44816e-06
 2.44816e-06
 2.44816e-06
 2.44816e-06
 2.44816e-06
 2.44816e-06
 2.44816e-06
 2.44816e-06
 2.44816e-06
 2.44816e-06
 2.44816e-06
 2.44816e-06
 2.44816e-06
 2.44816e-06
 2.44816e-06
 2.73982e+01
 3.60193e+01
 3.67327e+01
 3.74124e+01
 3.55881e+01
 3.24031e+01
 2.88875e+01
 2.53644e+01
 2.21534e+01
 1.92176e+01
 1.66188e+01
 1.43176e+01
 1.22955e+01
 1.05283e+01
 8.98603e+00
 7.64896e+00
 6.49034e+00
 5.49243e+00
 4.63394e+00
 3.89891e+00
 3.27094e+00
 2.73651e+00
 2.28296e+00
 1.89945e+00
 1.57628e+00
 1.30494e+00
 1.07835e+00
 8.90313e-01
 7.34794e-01
 6.05920e-01
 4.98388e-01
 4.07001e-01
 3.29357e-01
 2.53962e-01
 1.88169e-01
 1.28121e-01
 6.47838e-02
 1.55479e-02
 5.70088e-04
 3.99886e-06
 2.44818e-06
 2.44816e-06
 2.44816e-06
 2.44816e-06
 2.44816e-06
 2.44816e-06
 2.44816e-06
 2.44816e-06
 2.44816e-06
 2.44816e-06
 2.44816e-06
 2.44816e-06
 2.44816e-06
 2.44816e-06
 2.44816e-06
 2.44816e-06
 2.44816e-06
 2.44816e-06
 2.44816e-06
 2.44816e-06
 2.22332e+01
 3.19588e+01
 3.44372e+01
 3.16115e+01
 3.01470e+01
 2.75396e+01
 2.49242e+01
 2.21534e+01
 1.95683e+01
 1.71478e+01
 1.49553e+01
 1.29764e+01
 1.12135e+01
 9.65025e+00
 8.27500e+00
 7.06953e+00
 6.01958e+00
 5.10799e+00
 4.32071e+00
 3.64298e+00
 3.06207e+00
 2.56590e+00
 2.14369e+00
 1.78586e+00
 1.48368e+00
 1.22959e+00
 1.01724e+00
 8.40859e-01
 6.94736e-01
 5.73326e-01
 4.71668e-01
 3.84989e-01
 3.08807e-01
 2.37732e-01
 1.72952e-01
 1.13455e-01
 5.14967e-02
 9.22850e-03
 1.98261e-04
 2.76206e-06
 2.44817e-06
 2.44816e-06
 2.44816e-06
 2.44816e-06
 2.44816e-06
 2.44816e-06
 2.44816e-06
 2.44816e-06
 2.44816e-06
 2.44816e-06
 2.44816e-06
 2.44816e-06
 2.44816e-06
 2.44816e-06
 2.44816e-06
 2.44816e-06
 2.44816e-06
 2.44816e-06
 2.44816e-06
 2.44816e-06
 2.03871e+01
 2.65523e+01
 2.67619e+01
 2.60304e+01
 2.52714e+01
 2.33658e+01
 2.13760e+01
 1.92176e+01
 1.71478e+01
 1.51649e+01
 1.33324e+01
 1.16514e+01
 1.01303e+01
 8.76564e+00
 7.55060e+00
 6.47719e+00
 5.53413e+00
 4.71066e+00
 3.99506e+00
 3.37629e+00
 2.84367e+00
 2.38712e+00
 1.99752e+00
 1.66644e+00
 1.38624e+00
 1.15026e+00
 9.52880e-01
 7.88751e-01
 6.52473e-01
 5.38859e-01
 4.43230e-01
 3.62040e-01
 2.86126e-01
 2.19720e-01
 1.57050e-01
 9.65885e-02
 3.76951e-02
 4.43389e-03
 5.25025e-05
 2.49374e-06
 2.44816e-06
 2.44816e-06
 2.44816e-06
 2.44816e-06
 2.44816e-06
 2.44816e-06
 2.44816e-06
 2.44816e-06
 2.44816e-06
 2.44816e-06
 2.44816e-06
 2.44816e-06
 2.44816e-06
 2.44816e-06
 2.44816e-06
 2.44816e-06
 2.44816e-06
 2.44816e-06
 2.44816e-06
 2.44816e-06
 1.72665e+01
 2.27072e+01
 2.35740e+01
 2.21142e+01
 2.14033e+01
 1.98345e+01
 1.83308e+01
 1.66188e+01
 1.49553e+01
 1.33324e+01
 1.18039e+01
 1.03826e+01
 9.07848e+00
 7.89571e+00
 6.83233e+00
 5.88451e+00
 5.04568e+00
 4.30842e+00
 3.66408e+00
 3.10425e+00
 2.62020e+00
 2.20383e+00
 1.84732e+00
 1.54355e+00
 1.28583e+00
 1.06848e+00
 8.86516e-01
 7.34962e-01
 6.08760e-01
 5.03100e-01
 4.13456e-01
 3.37351e-01
 2.63268e-01
 1.99048e-01
 1.39969e-01
 7.81066e-02
 2.43730e-02
 1.61465e-03
 1.15630e-05
 2.45218e-06
 2.44816e-06
 2.44816e-06
 2.44816e-06
 2.44816e-06
 2.44816e-06
 2.44816e-06
 2.44816e-06
 2.44816e-06
 2.44816e-06
 2.44816e-06
 2.44816e-06
 2.44816e-06
 2.44816e-06
 2.44816e-06
 2.44816e-06
 2.44816e-06
 2.44816e-06
 2.44816e-06
 2.44816e-06
 2.44816e-06
 1.53627e+01
 1.93291e+01
 1.94339e+01
 1.84614e+01
 1.79874e+01
 1.68481e+01
 1.56533e+01
 1.43176e+01
 1.29764e+01
 1.16514e+01
 1.03826e+01
 9.18635e+00
 8.07626e+00
 7.05787e+00
 6.13443e+00
 5.30413e+00
 4.56438e+00
 3.90968e+00
 3.33457e+00
 2.83218e+00
 2.39608e+00
 2.01938e+00
 1.69591e+00
 1.41938e+00
 1.18426e+00
 9.85716e-01
 8.19303e-01
 6.80397e-01
 5.64295e-01
 4.66585e-01
 3.82723e-01
 3.10689e-01
 2.40149e-01
 1.77679e-01
 1.20097e-01
 5.89140e-02
 1.30606e-02
 4.26150e-04
 3.57861e-06
 2.44818e-06
 2.44816e-06
 2.44816e-06
 2.44816e-06
 2.44816e-06
 2.44816e-06
 2.44816e-06
 2.44816e-06
 2.44816e-06
 2.44816e-06
 2.44816e-06
 2.44816e-06
 2.44816e-06
 2.44816e-06
 2.44816e-06
 2.44816e-06
 2.44816e-06
 2.44816e-06
 2.44816e-06
 2.44816e-06
 2.44816e-06
 1.32583e+01
 1.64263e+01
 1.65311e+01
 1.56314e+01
 1.52333e+01
 1.42940e+01
 1.33637e+01
 1.22955e+01
 1.12135e+01
 1.01303e+01
 9.07848e+00
 8.07626e+00
 7.13520e+00
 6.26460e+00
 5.46743e+00
 4.74592e+00
 4.09801e+00
 3.52157e+00
 3.01199e+00
 2.56498e+00
 2.17499e+00
 1.83705e+00
 1.54574e+00
 1.29601e+00
 1.08321e+00
 9.03319e-01
 7.52312e-01
 6.25884e-01
 5.19701e-01
 4.29716e-01
 3.52592e-01
 2.80972e-01
 2.16658e-01
 1.56373e-01
 9.76974e-02
 3.96634e-02
 5.24804e-03
 7.61036e-05
 2.53954e-06
 2.44816e-06
 2.44816e-06
 2.44816e-06
 2.44816e-06
 2.44816e-06
 2.44816e-06
 2.44816e-06
 2.44816e-06
 2.44816e-06
 2.44816e-06
 2.44816e-06
 2.44816e-06
 2.44816e-06
 2.44816e-06
 2.44816e-06
 2.44816e-06
 2.44816e-06
 2.44816e-06
 2.44816e-06
 2.44816e-06
 2.44816e-06
 1.16145e+01
 1.38960e+01
 1.38205e+01
 1.31786e+01
 1.28323e+01
 1.21278e+01
 1.13752e+01
 1.05283e+01
 9.65025e+00
 8.76564e+00
 7.89571e+00
 7.05787e+00
 6.26460e+00
 5.52330e+00
 4.84016e+00
 4.21653e+00
 3.65358e+00
 3.14917e+00
 2.70138e+00
 2.30630e+00
 1.96041e+00
 1.65941e+00
 1.39909e+00
 1.17523e+00
 9.84193e-01
 8.22511e-01
 6.86493e-01
 5.72149e-01
 4.75523e-01
 3.92726e-01
 3.21812e-01
 2.51931e-01
 1.90607e-01
 1.34022e-01
 7.37630e-02
 2.22265e-02
 1.39503e-03
 1.04172e-05
 2.45208e-06
 2.44816e-06
 2.44816e-06
 2.44816e-06
 2.44816e-06
 2.44816e-06
 2.44816e-06
 2.44816e-06
 2.44816e-06
 2.44816e-06
 2.44816e-06
 2.44816e-06
 2.44816e-06
 2.44816e-06
 2.44816e-06
 2.44816e-06
 2.44816e-06
 2.44816e-06
 2.44816e-06
 2.44816e-06
 2.44816e-06
 2.44816e-06
 1.00513e+01
 1.17137e+01
 1.16447e+01
 1.11370e+01
 1.08437e+01
 1.02693e+01
 9.66869e+00
 8.98603e+00
 8.27500e+00
 7.55060e+00
 6.83233e+00
 6.13443e+00
 5.46743e+00
 4.84016e+00
 4.25700e+00
 3.72193e+00
 3.23524e+00
 2.79734e+00
 2.40609e+00
 2.05964e+00
 1.75490e+00
 1.48879e+00
 1.25778e+00
 1.05868e+00
 8.88540e-01
 7.44344e-01
 6.22648e-01
 5.19789e-01
 4.32192e-01
 3.56197e-01
 2.88631e-01
 2.23926e-01
 1.64489e-01
 1.08450e-01
 4.97290e-02
 9.24090e-03
 2.30664e-04
 2.96178e-06
 2.44818e-06
 2.44816e-06
 2.44816e-06
 2.44816e-06
 2.44816e-06
 2.44816e-06
 2.44816e-06
 2.44816e-06
 2.44816e-06
 2.44816e-06
 2.44816e-06
 2.44816e-06
 2.44816e-06
 2.44816e-06
 2.44816e-06
 2.44816e-06
 2.44816e-06
 2.44816e-06
 2.44816e-06
 2.44816e-06
 2.44816e-06
 2.44816e-06
 8.69767e+00
 9.86426e+00
 9.76654e+00
 9.39450e+00
 9.13324e+00
 8.68639e+00
 8.19648e+00
 7.64896e+00
 7.06953e+00
 6.47719e+00
 5.88451e+00
 5.30413e+00
 4.74592e+00
 4.21653e+00
 3.72193e+00
 3.26458e+00
 2.84689e+00
 2.46852e+00
 2.12923e+00
 1.82722e+00
 1.56066e+00
 1.32691e+00
 1.12339e+00
 9.47666e-01
 7.97354e-01
 6.69668e-01
 5.61416e-01
 4.69251e-01
 3.89849e-01
 3.21284e-01
 2.54170e-01
 1.94497e-01
 1.39161e-01
 8.04171e-02
 2.75288e-02
 2.37192e-03
 2.31212e-05
 2.46725e-06
 2.44816e-06
 2.44816e-06
 2.44816e-06
 2.44816e-06
 2.44816e-06
 2.44816e-06
 2.44816e-06
 2.44816e-06
 2.44816e-06
 2.44816e-06
 2.44816e-06
 2.44816e-06
 2.44816e-06
 2.44816e-06
 2.44816e-06
 2.44816e-06
 2.44816e-06
 2.44816e-06
 2.44816e-06
 2.44816e-06
 2.44816e-06
 2.44816e-06
 7.47950e+00
 8.28410e+00
 8.20442e+00
 7.91353e+00
 7.69309e+00
 7.33036e+00
 6.93463e+00
 6.49034e+00
 6.01958e+00
 5.53413e+00
 5.04568e+00
 4.56438e+00
 4.09801e+00
 3.65358e+00
 3.23524e+00
 2.84689e+00
 2.48977e+00
 2.16510e+00
 1.87237e+00
 1.61092e+00
 1.37912e+00
 1.17515e+00
 9.97141e-01
 8.43292e-01
 7.11485e-01
 5.99114e-01
 5.03233e-01
 4.20831e-01
 3.48672e-01
 2.84556e-01
 2.22015e-01
 1.64525e-01
 1.10102e-01
 5.24012e-02
 1.08147e-02
 3.35233e-04
 3.44313e-06
 2.44820e-06
 2.44816e-06
 2.44816e-06
 2.44816e-06
 2.44816e-06
 2.44816e-06
 2.44816e-06
 2.44816e-06
 2.44816e-06
 2.44816e-06
 2.44816e-06
 2.44816e-06
 2.44816e-06
 2.44816e-06
 2.44816e-06
 2.44816e-06
 2.44816e-06
 2.44816e-06
 2.44816e-06
 2.44816e-06
 2.44816e-06
 2.44816e-06
 2.44816e-06
 6.40689e+00
 6.95043e+00
 6.87707e+00
 6.65500e+00
 6.46391e+00
 6.17529e+00
 5.85171e+00
 5.49243e+00
 5.10799e+00
 4.71066e+00
 4.30842e+00
 3.90968e+00
 3.52157e+00
 3.14917e+00
 2.79734e+00
 2.46852e+00
 2.16510e+00
 1.88772e+00
 1.63679e+00
 1.41163e+00
 1.21128e+00
 1.03448e+00
 8.79996e-01
 7.46331e-01
 6.31504e-01
 5.33067e-01
 4.48322e-01
 3.74477e-01
 3.10149e-01
 2.46341e-01
 1.89059e-01
 1.35776e-01
 7.84112e-02
 2.68779e-02
 2.38102e-03
 2.50850e-05
 2.47343e-06
 2.44816e-06
 2.44816e-06
 2.44816e-06
 2.44816e-06
 2.44816e-06
 2.44816e-06
 2.44816e-06
 2.44816e-06
 2.44816e-06
 2.44816e-06
 2.44816e-06
 2.44816e-06
 2.44816e-06
 2.44816e-06
 2.44816e-06
 2.44816e-06
 2.44816e-06
 2.44816e-06
 2.44816e-06
 2.44816e-06
 2.44816e-06
 2.44816e-06
 2.44816e-06
 5.46146e+00
 5.81900e+00
 5.75977e+00
 5.58430e+00
 5.42379e+00
 5.18950e+00
 4.92667e+00
 4.63394e+00
 4.32071e+00
 3.99506e+00
 3.66408e+00
 3.33457e+00
 3.01199e+00
 2.70138e+00
 2.40609e+00
 2.12923e+00
 1.87237e+00
 1.63679e+00
 1.42268e+00
 1.22985e+00
 1.05773e+00
 9.05609e-01
 7.72574e-01
 6.57235e-01
 5.57683e-01
 4.71643e-01
 3.96697e-01
 3.30523e-01
 2.69057e-01
 2.11222e-01
 1.56549e-01
 1.02729e-01
 4.71452e-02
 8.91444e-03
 2.48348e-04
 3.16552e-06
 2.44820e-06
 2.44816e-06
 2.44816e-06
 2.44816e-06
 2.44816e-06
 2.44816e-06
 2.44816e-06
 2.44816e-06
 2.44816e-06
 2.44816e-06
 2.44816e-06
 2.44816e-06
 2.44816e-06
 2.44816e-06
 2.44816e-06
 2.44816e-06
 2.44816e-06
 2.44816e-06
 2.44816e-06
 2.44816e-06
 2.44816e-06
 2.44816e-06
 2.44816e-06
 2.44816e-06
 4.63435e+00
 4.86421e+00
 4.81392e+00
 4.67677e+00
 4.54041e+00
 4.35184e+00
 4.13694e+00
 3.89891e+00
 3.64298e+00
 3.37629e+00
 3.10425e+00
 2.83218e+00
 2.56498e+00
 2.30630e+00
 2.05964e+00
 1.82722e+00
 1.61092e+00
 1.41163e+00
 1.22985e+00
 1.06562e+00
 9.18773e-01
 7.88894e-01
 6.75127e-01
 5.76093e-01
 4.89979e-01
 4.14695e-01
 3.47873e-01
 2.88907e-01
 2.29253e-01
 1.74724e-01
 1.23634e-01
 6.77662e-02
 2.04112e-02
 1.39824e-03
 1.29519e-05
 2.45823e-06
 2.44816e-06
 2.44816e-06
 2.44816e-06
 2.44816e-06
 2.44816e-06
 2.44816e-06
 2.44816e-06
 2.44816e-06
 2.44816e-06
 2.44816e-06
 2.44816e-06
 2.44816e-06
 2.44816e-06
 2.44816e-06
 2.44816e-06
 2.44816e-06
 2.44816e-06
 2.44816e-06
 2.44816e-06
 2.44816e-06
 2.44816e-06
 2.44816e-06
 2.44816e-06
 2.44816e-06
 3.91504e+00
 4.05738e+00
 4.01611e+00
 3.90723e+00
 3.79345e+00
 3.64016e+00
 3.46522e+00
 3.27094e+00
 3.06207e+00
 2.84367e+00
 2.62020e+00
 2.39608e+00
 2.17499e+00
 1.96041e+00
 1.75490e+00
 1.56066e+00
 1.37912e+00
 1.21128e+00
 1.05773e+00
 9.18773e-01
 7.94432e-01
 6.84305e-01
 5.87492e-01
 5.02634e-01
 4.28028e-01
 3.61784e-01
 3.03076e-01
 2.44283e-01
 1.90970e-01
 1.40638e-01
 8.63553e-02
 3.47267e-02
 4.74476e-03
 8.74390e-05
 2.63645e-06
 2.44818e-06
 2.44816e-06
 2.44816e-06
 2.44816e-06
 2.44816e-06
 2.44816e-06
 2.44816e-06
 2.44816e-06
 2.44816e-06
 2.44816e-06
 2.44816e-06
 2.44816e-06
 2.44816e-06
 2.44816e-06
 2.44816e-06
 2.44816e-06
 2.44816e-06
 2.44816e-06
 2.44816e-06
 2.44816e-06
 2.44816e-06
 2.44816e-06
 2.44816e-06
 2.44816e-06
 2.44816e-06
 3.29264e+00
 3.37748e+00
 3.34292e+00
 3.25701e+00
 3.16186e+00
 3.03773e+00
 2.89487e+00
 2.73651e+00
 2.56590e+00
 2.38712e+00
 2.20383e+00
 2.01938e+00
 1.83705e+00
 1.65941e+00
 1.48879e+00
 1.32691e+00
 1.17515e+00
 1.03448e+00
 9.05609e-01
 7.88894e-01
 6.84305e-01
 5.91352e-01
 5.09099e-01
 4.36231e-01
 3.71240e-01
 3.12945e-01
 2.56331e-01
 2.04125e-01
 1.53413e-01
 1.02083e-01
 4.91422e-02
 1.07332e-02
 4.12173e-04
 4.28035e-06
 2.44829e-06
 2.44816e-06
 2.44816e-06
 2.44816e-06
 2.44816e-06
 2.44816e-06
 2.44816e-06
 2.44816e-06
 2.44816e-06
 2.44816e-06
 2.44816e-06
 2.44816e-06
 2.44816e-06
 2.44816e-06
 2.44816e-06
 2.44816e-06
 2.44816e-06
 2.44816e-06
 2.44816e-06
 2.44816e-06
 2.44816e-06
 2.44816e-06
 2.44816e-06
 2.44816e-06
 2.44816e-06
 2.44816e-06
 2.75757e+00
 2.80503e+00
 2.77653e+00
 2.70820e+00
 2.62951e+00
 2.52854e+00
 2.41218e+00
 2.28296e+00
 2.14369e+00
 1.99752e+00
 1.84732e+00
 1.69591e+00
 1.54574e+00
 1.39909e+00
 1.25778e+00
 1.12339e+00
 9.97141e-01
 8.79996e-01
 7.72574e-01
 6.75127e-01
 5.87492e-01
 5.09099e-01
 4.39001e-01
 3.76024e-01
 3.18809e-01
 2.64952e-01
 2.13287e-01
 1.62774e-01
 1.14467e-01
 6.18632e-02
 1.82626e-02
 1.28362e-03
 1.35596e-05
 2.46345e-06
 2.44817e-06
 2.44816e-06
 2.44816e-06
 2.44816e-06
 2.44816e-06
 2.44816e-06
 2.44816e-06
 2.44816e-06
 2.44816e-06
 2.44816e-06
 2.44816e-06
 2.44816e-06
 2.44816e-06
 2.44816e-06
 2.44816e-06
 2.44816e-06
 2.44816e-06
 2.44816e-06
 2.44816e-06
 2.44816e-06
 2.44816e-06
 2.44816e-06
 2.44816e-06
 2.44816e-06
 2.44816e-06
 2.44816e-06
 2.30000e+00
 2.32420e+00
 2.30070e+00
 2.24649e+00
 2.18155e+00
 2.09958e+00
 2.00476e+00
 1.89945e+00
 1.78586e+00
 1.66644e+00
 1.54355e+00
 1.41938e+00
 1.29601e+00
 1.17523e+00
 1.05868e+00
 9.47666e-01
 8.43292e-01
 7.46331e-01
 6.57235e-01
 5.76093e-01
 5.02634e-01
 4.36231e-01
 3.76024e-01
 3.20763e-01
 2.69466e-01
 2.18522e-01
 1.69560e-01
 1.23315e-01
 7.18567e-02
 2.58036e-02
 2.85533e-03
 4.62269e-05
 2.55207e-06
 2.44818e-06
 2.44816e-06
 2.44816e-06
 2.44816e-06
 2.44816e-06
 2.44816e-06
 2.44816e-06
 2.44816e-06
 2.44816e-06
 2.44816e-06
 2.44816e-06
 2.44816e-06
 2.44816e-06
 2.44816e-06
 2.44816e-06
 2.44816e-06
 2.44816e-06
 2.44816e-06
 2.44816e-06
 2.44816e-06
 2.44816e-06
 2.44816e-06
 2.44816e-06
 2.44816e-06
 2.44816e-06
 2.44816e-06
 2.44816e-06
 1.91112e+00
 1.92128e+00
 1.90223e+00
 1.85903e+00
 1.80583e+00
 1.73922e+00
 1.66207e+00
 1.57628e+00
 1.48368e+00
 1.38624e+00
 1.28583e+00
 1.18426e+00
 1.08321e+00
 9.84193e-01
 8.88540e-01
 7.97354e-01
 7.11485e-01
 6.31504e-01
 5.57683e-01
 4.89979e-01
 4.28028e-01
 3.71240e-01
 3.18809e-01
 2.69466e-01
 2.20243e-01
 1.73045e-01
 1.28540e-01
 7.86587e-02
 3.20094e-02
 4.87671e-03
 1.20921e-04
 2.86991e-06
 2.44822e-06
 2.44816e-06
 2.44816e-06
 2.44816e-06
 2.44816e-06
 2.44816e-06
 2.44816e-06
 2.44816e-06
 2.44816e-06
 2.44816e-06
 2.44816e-06
 2.44816e-06
 2.44816e-06
 2.44816e-06
 2.44816e-06
 2.44816e-06
 2.44816e-06
 2.44816e-06
 2.44816e-06
 2.44816e-06
 2.44816e-06
 2.44816e-06
 2.44816e-06
 2.44816e-06
 2.44816e-06
 2.44816e-06
 2.44816e-06
 2.44816e-06
 1.58246e+00
 1.58464e+00
 1.56938e+00
 1.53493e+00
 1.49150e+00
 1.43743e+00
 1.37473e+00
 1.30494e+00
 1.22959e+00
 1.15026e+00
 1.06848e+00
 9.85716e-01
 9.03319e-01
 8.22511e-01
 7.44344e-01
 6.69668e-01
 5.99114e-01
 5.33067e-01
 4.71643e-01
 4.14695e-01
 3.61784e-01
 3.12945e-01
 2.64952e-01
 2.18522e-01
 1.73045e-01
 1.30267e-01
 8.20893e-02
 3.60278e-02
 6.72590e-03
 2.34000e-04
 3.62434e-06
 2.44834e-06
 2.44816e-06
 2.44816e-06
 2.44816e-06
 2.44816e-06
 2.44816e-06
 2.44816e-06
 2.44816e-06
 2.44816e-06
 2.44816e-06
 2.44816e-06
 2.44816e-06
 2.44816e-06
 2.44816e-06
 2.44816e-06
 2.44816e-06
 2.44816e-06
 2.44816e-06
 2.44816e-06
 2.44816e-06
 2.44816e-06
 2.44816e-06
 2.44816e-06
 2.44816e-06
 2.44816e-06
 2.44816e-06
 2.44816e-06
 2.44816e-06
 2.44816e-06
 1.30634e+00
 1.30439e+00
 1.29231e+00
 1.26483e+00
 1.22958e+00
 1.18579e+00
 1.13495e+00
 1.07835e+00
 1.01724e+00
 9.52880e-01
 8.86516e-01
 8.19303e-01
 7.52312e-01
 6.86493e-01
 6.22648e-01
 5.61416e-01
 5.03233e-01
 4.48322e-01
 3.96697e-01
 3.47873e-01
 3.03076e-01
 2.56331e-01
 2.13287e-01
 1.69560e-01
 1.28540e-01
 8.20893e-02
 3.74156e-02
 7.81008e-03
 3.42518e-04
 4.75295e-06
 2.44854e-06
 2.44817e-06
 2.44816e-06
 2.44816e-06
 2.44816e-06
 2.44816e-06
 2.44816e-06
 2.44816e-06
 2.44816e-06
 2.44816e-06
 2.44816e-06
 2.44816e-06
 2.44816e-06
 2.44816e-06
 2.44816e-06
 2.44816e-06
 2.44816e-06
 2.44816e-06
 2.44816e-06
 2.44816e-06
 2.44816e-06
 2.44816e-06
 2.44816e-06
 2.44816e-06
 2.44816e-06
 2.44816e-06
 2.44816e-06
 2.44816e-06
 2.44816e-06
 2.44816e-06
 1.07610e+00
 1.07248e+00
 1.06283e+00
 1.04104e+00
 1.01257e+00
 9.77207e-01
 9.36106e-01
 8.90313e-01
 8.40859e-01
 7.88751e-01
 7.34962e-01
 6.80397e-01
 6.25884e-01
 5.72149e-01
 5.19789e-01
 4.69251e-01
 4.20831e-01
 3.74477e-01
 3.30523e-01
 2.88907e-01
 2.44283e-01
 2.04125e-01
 1.62774e-01
 1.23315e-01
 7.86587e-02
 3.60278e-02
 7.81008e-03
 3.87760e-04
 5.66117e-06
 2.44875e-06
 2.44817e-06
 2.44816e-06
 2.44816e-06
 2.44816e-06
 2.44816e-06
 2.44816e-06
 2.44816e-06
 2.44816e-06
 2.44816e-06
 2.44816e-06
 2.44816e-06
 2.44816e-06
 2.44816e-06
 2.44816e-06
 2.44816e-06
 2.44816e-06
 2.44816e-06
 2.44816e-06
 2.44816e-06
 2.44816e-06
 2.44816e-06
 2.44816e-06
 2.44816e-06
 2.44816e-06
 2.44816e-06
 2.44816e-06
 2.44816e-06
 2.44816e-06
 2.44816e-06
 2.44816e-06
 8.85524e-01
 8.81548e-01
 8.73826e-01
 8.56576e-01
 8.33633e-01
 8.05077e-01
 7.71851e-01
 7.34794e-01
 6.94736e-01
 6.52473e-01
 6.08760e-01
 5.64295e-01
 5.19701e-01
 4.75523e-01
 4.32192e-01
 3.89849e-01
 3.48672e-01
 3.10149e-01
 2.69057e-01
 2.29253e-01
 1.90970e-01
 1.53413e-01
 1.14467e-01
 7.18567e-02
 3.20094e-02
 6.72590e-03
 3.42518e-04
 5.66117e-06
 2.45274e-06
 2.44817e-06
 2.44816e-06
 2.44816e-06
 2.44816e-06
 2.44816e-06
 2.44816e-06
 2.44816e-06
 2.44816e-06
 2.44816e-06
 2.44816e-06
 2.44816e-06
 2.44816e-06
 2.44816e-06
 2.44816e-06
 2.44816e-06
 2.44816e-06
 2.44816e-06
 2.44816e-06
 2.44816e-06
 2.44816e-06
 2.44816e-06
 2.44816e-06
 2.44816e-06
 2.44816e-06
 2.44816e-06
 2.44816e-06
 2.44816e-06
 2.44816e-06
 2.44816e-06
 2.44816e-06
 2.44816e-06
 7.28266e-01
 7.24564e-01
 7.18373e-01
 7.04651e-01
 6.86109e-01
 6.62976e-01
 6.36023e-01
 6.05920e-01
 5.73326e-01
 5.38859e-01
 5.03100e-01
 4.66585e-01
 4.29716e-01
 3.92726e-01
 3.56197e-01
 3.21284e-01
 2.84556e-01
 2.46341e-01
 2.11222e-01
 1.74724e-01
 1.40638e-01
 1.02083e-01
 6.18632e-02
 2.58036e-02
 4.87671e-03
 2.34000e-04
 4.75295e-06
 2.44875e-06
 2.44817e-06
 2.44816e-06
 2.44816e-06
 2.44816e-06
 2.44816e-06
 2.44816e-06
 2.44816e-06
 2.44816e-06
 2.44816e-06
 2.44816e-06
 2.44816e-06
 2.44816e-06
 2.44816e-06
 2.44816e-06
 2.44816e-06
 2.44816e-06
 2.44816e-06
 2.44816e-06
 2.44816e-06
 2.44816e-06
 2.44816e-06
 2.44816e-06
 2.44816e-06
 2.44816e-06
 2.44816e-06
 2.44816e-06
 2.44816e-06
 2.44816e-06
 2.44816e-06
 2.44816e-06
 2.44816e-06
 2.44816e-06
 5.98154e-01
 5.94963e-01
 5.89958e-01
 5.78934e-01
 5.63854e-01
 5.44998e-01
 5.23000e-01
 4.98388e-01
 4.71668e-01
 4.43230e-01
 4.13456e-01
 3.82723e-01
 3.52592e-01
 3.21812e-01
 2.88631e-01
 2.54170e-01
 2.22015e-01
 1.89059e-01
 1.56549e-01
 1.23634e-01
 8.63553e-02
 4.91422e-02
 1.82626e-02
 2.85533e-03
 1.20921e-04
 3.62434e-06
 2.44854e-06
 2.44817e-06
 2.44816e-06
 2.44816e-06
 2.44816e-06
 2.44816e-06
 2.44816e-06
 2.44816e-06
 2.44816e-06
 2.44816e-06
 2.44816e-06
 2.44816e-06
 2.44816e-06
 2.44816e-06
 2.44816e-06
 2.44816e-06
 2.44816e-06
 2.44816e-06
 2.44816e-06
 2.44816e-06
 2.44816e-06
 2.44816e-06
 2.44816e-06
 2.44816e-06
 2.44816e-06
 2.44816e-06
 2.44816e-06
 2.44816e-06
 2.44816e-06
 2.44816e-06
 2.44816e-06
 2.44816e-06
 2.44816e-06
 2.44816e-06
 4.89714e-01
 4.87063e-01
 4.82938e-01
 4.73934e-01
 4.61499e-01
 4.45885e-01
 4.27587e-01
 4.07001e-01
 3.84989e-01
 3.62040e-01
 3.37351e-01
 3.10689e-01
 2.80972e-01
 2.51931e-01
 2.23926e-01
 1.94497e-01
 1.64525e-01
 1.35776e-01
 1.02729e-01
 6.77662e-02
 3.47267e-02
 1.07332e-02
 1.28362e-03
 4.62269e-05
 2.86991e-06
 2.44834e-06
 2.44817e-06
 2.44816e-06
 2.44816e-06
 2.44816e-06
 2.44816e-06
 2.44816e-06
 2.44816e-06
 2.44816e-06
 2.44816e-06
 2.44816e-06
 2.44816e-06
 2.44816e-06
 2.44816e-06
 2.44816e-06
 2.44816e-06
 2.44816e-06
 2.44816e-06
 2.44816e-06
 2.44816e-06
 2.44816e-06
 2.44816e-06
 2.44816e-06
 2.44816e-06
 2.44816e-06
 2.44816e-06
 2.44816e-06
 2.44816e-06
 2.44816e-06
 2.44816e-06
 2.44816e-06
 2.44816e-06
 2.44816e-06
 2.44816e-06
 2.44816e-06
 3.98090e-01
 3.95993e-01
 3.92671e-01
 3.85423e-01
 3.75298e-01
 3.62432e-01
 3.47086e-01
 3.29357e-01
 3.08807e-01
 2.86126e-01
 2.63268e-01
 2.40149e-01
 2.16658e-01
 1.90607e-01
 1.64489e-01
 1.39161e-01
 1.10102e-01
 7.84112e-02
 4.71452e-02
 2.04112e-02
 4.74476e-03
 4.12173e-04
 1.35596e-05
 2.55207e-06
 2.44822e-06
 2.44816e-06
 2.44816e-06
 2.44816e-06
 2.44816e-06
 2.44816e-06
 2.44816e-06
 2.44816e-06
 2.44816e-06
 2.44816e-06
 2.44816e-06
 2.44816e-06
 2.44816e-06
 2.44816e-06
 2.44816e-06
 2.44816e-06
 2.44816e-06
 2.44816e-06
 2.44816e-06
 2.44816e-06
 2.44816e-06
 2.44816e-06
 2.44816e-06
 2.44816e-06
 2.44816e-06
 2.44816e-06
 2.44816e-06
 2.44816e-06
 2.44816e-06
 2.44816e-06
 2.44816e-06
 2.44816e-06
 2.44816e-06
 2.44816e-06
 2.44816e-06
 2.44816e-06
 3.16388e-01
 3.14326e-01
 3.10783e-01
 3.03817e-01
 2.94343e-01
 2.82675e-01
 2.69099e-01
 2.53962e-01
 2.37732e-01
 2.19720e-01
 1.99048e-01
 1.77679e-01
 1.56373e-01
 1.34022e-01
 1.08450e-01
 8.04171e-02
 5.24012e-02
 2.68779e-02
 8.91444e-03
 1.39824e-03
 8.74390e-05
 4.28035e-06
 2.46345e-06
 2.44818e-06
 2.44816e-06
 2.44816e-06
 2.44816e-06
 2.44816e-06
 2.44816e-06
 2.44816e-06
 2.44816e-06
 2.44816e-06
 2.44816e-06
 2.44816e-06
 2.44816e-06
 2.44816e-06
 2.44816e-06
 2.44816e-06
 2.44816e-06
 2.44816e-06
 2.44816e-06
 2.44816e-06
 2.44816e-06
 2.44816e-06
 2.44816e-06
 2.44816e-06
 2.44816e-06
 2.44816e-06
 2.44816e-06
 2.44816e-06
 2.44816e-06
 2.44816e-06
 2.44816e-06
 2.44816e-06
 2.44816e-06
 2.44816e-06
 2.44816e-06
 2.44816e-06
 2.44816e-06
 2.44816e-06
 2.42986e-01
 2.41469e-01
 2.38718e-01
 2.33162e-01
 2.25111e-01
 2.14513e-01
 2.02095e-01
 1.88169e-01
 1.72952e-01
 1.57050e-01
 1.39969e-01
 1.20097e-01
 9.76974e-02
 7.37630e-02
 4.97290e-02
 2.75288e-02
 1.08147e-02
 2.38102e-03
 2.48348e-04
 1.29519e-05
 2.63645e-06
 2.44829e-06
 2.44817e-06
 2.44816e-06
 2.44816e-06
 2.44816e-06
 2.44816e-06
 2.44816e-06
 2.44816e-06
 2.44816e-06
 2.44816e-06
 2.44816e-06
 2.44816e-06
 2.44816e-06
 2.44816e-06
 2.44816e-06
 2.44816e-06
 2.44816e-06
 2.44816e-06
 2.44816e-06
 2.44816e-06
 2.44816e-06
 2.44816e-06
 2.44816e-06
 2.44816e-06
 2.44816e-06
 2.44816e-06
 2.44816e-06
 2.44816e-06
 2.44816e-06
 2.44816e-06
 2.44816e-06
 2.44816e-06
 2.44816e-06
 2.44816e-06
 2.44816e-06
 2.44816e-06
 2.44816e-06
 2.44816e-06
 2.44816e-06
 1.75034e-01
 1.73615e-01
 1.70873e-01
 1.65918e-01
 1.59269e-01
 1.51026e-01
 1.40683e-01
 1.28121e-01
 1.13455e-01
 9.65885e-02
 7.81066e-02
 5.89140e-02
 3.96634e-02
 2.22265e-02
 9.24090e-03
 2.37192e-03
 3.35233e-04
 2.50850e-05
 3.16552e-06
 2.45823e-06
 2.44818e-06
 2.44816e-06
 2.44816e-06
 2.44816e-06
 2.44816e-06
 2.44816e-06
 2.44816e-06
 2.44816e-06
 2.44816e-06
 2.44816e-06
 2.44816e-06
 2.44816e-06
 2.44816e-06
 2.44816e-06
 2.44816e-06
 2.44816e-06
 2.44816e-06
 2.44816e-06
 2.44816e-06
 2.44816e-06
 2.44816e-06
 2.44816e-06
 2.44816e-06
 2.44816e-06
 2.44816e-06
 2.44816e-06
 2.44816e-06
 2.44816e-06
 2.44816e-06
 2.44816e-06
 2.44816e-06
 2.44816e-06
 2.44816e-06
 2.44816e-06
 2.44816e-06
 2.44816e-06
 2.44816e-06
 2.44816e-06
 2.44816e-06
 2.44816e-06
 1.13233e-01
 1.11811e-01
 1.08874e-01
 1.03801e-01
 9.66845e-02
 8.75936e-02
 7.68855e-02
 6.47838e-02
 5.14967e-02
 3.76951e-02
 2.43730e-02
 1.30606e-02
 5.24804e-03
 1.39503e-03
 2.30664e-04
 2.31212e-05
 3.44313e-06
 2.47343e-06
 2.44820e-06
 2.44816e-06
 2.44816e-06
 2.44816e-06
 2.44816e-06
 2.44816e-06
 2.44816e-06
 2.44816e-06
 2.44816e-06
 2.44816e-06
 2.44816e-06
 2.44816e-06
 2.44816e-06
 2.44816e-06
 2.44816e-06
 2.44816e-06
 2.44816e-06
 2.44816e-06
 2.44816e-06
 2.44816e-06
 2.44816e-06
 2.44816e-06
 2.44816e-06
 2.44816e-06
 2.44816e-06
 2.44816e-06
 2.44816e-06
 2.44816e-06
 2.44816e-06
 2.44816e-06
 2.44816e-06
 2.44816e-06
 2.44816e-06
 2.44816e-06
 2.44816e-06
 2.44816e-06
 2.44816e-06
 2.44816e-06
 2.44816e-06
 2.44816e-06
 2.44816e-06
 2.44816e-06
 4.97267e-02
 4.84943e-02
 4.59194e-02
 4.18349e-02
 3.64047e-02
 2.98724e-02
 2.26963e-02
 1.55479e-02
 9.22850e-03
 4.43389e-03
 1.61465e-03
 4.26150e-04
 7.61036e-05
 1.04172e-05
 2.96178e-06
 2.46725e-06
 2.44820e-06
 2.44816e-06
 2.44816e-06
 2.44816e-06
 2.44816e-06
 2.44816e-06
 2.44816e-06
 2.44816e-06
 2.44816e-06
 2.44816e-06
 2.44816e-06
 2.44816e-06
 2.44816e-06
 2.44816e-06
 2.44816e-06
 2.44816e-06
 2.44816e-06
 2.44816e-06
 2.44816e-06
 2.44816e-06
 2.44816e-06
 2.44816e-06
 2.44816e-06
 2.44816e-06
 2.44816e-06
 2.44816e-06
 2.44816e-06
 2.44816e-06
 2.44816e-06
 2.44816e-06
 2.44816e-06
 2.44816e-06
 2.44816e-06
 2.44816e-06
 2.44816e-06
 2.44816e-06
 2.44816e-06
 2.44816e-06
 2.44816e-06
 2.44816e-06
 2.44816e-06
 2.44816e-06
 2.44816e-06
 2.44816e-06
 8.13657e-03
 7.65979e-03
 6.71537e-03
 5.38410e-03
 3.85693e-03
 2.41974e-03
 1.29431e-03
 5.70088e-04
 1.98261e-04
 5.25025e-05
 1.15630e-05
 3.57861e-06
 2.53954e-06
 2.45208e-06
 2.44818e-06
 2.44816e-06
 2.44816e-06
 2.44816e-06
 2.44816e-06
 2.44816e-06
 2.44816e-06
 2.44816e-06
 2.44816e-06
 2.44816e-06
 2.44816e-06
 2.44816e-06
 2.44816e-06
 2.44816e-06
 2.44816e-06
 2.44816e-06
 2.44816e-06
 2.44816e-06
 2.44816e-06
 2.44816e-06
 2.44816e-06
 2.44816e-06
 2.44816e-06
 2.44816e-06
 2.44816e-06
 2.44816e-06
 2.44816e-06
 2.44816e-06
 2.44816e-06
 2.44816e-06
 2.44816e-06
 2.44816e-06
 2.44816e-06
 2.44816e-06
 2.44816e-06
 2.44816e-06
 2.44816e-06
 2.44816e-06
 2.44816e-06
 2.44816e-06
 2.44816e-06
 2.44816e-06
 2.44816e-06
 2.44816e-06
 2.44816e-06
 2.44816e-06
 1.43936e-04
 1.27826e-04
 9.94957e-05
 6.66173e-05
 3.78554e-05
 1.83684e-05
 8.12053e-06
 3.99886e-06
 2.76206e-06
 2.49374e-06
 2.45218e-06
 2.44818e-06
 2.44816e-06
 2.44816e-06
 2.44816e-06
 2.44816e-06
 2.44816e-06
 2.44816e-06
 2.44816e-06
 2.44816e-06
 2.44816e-06
 2.44816e-06
 2.44816e-06
 2.44816e-06
 2.44816e-06
 2.44816e-06
 2.44816e-06
 2.44816e-06
 2.44816e-06
 2.44816e-06
 2.44816e-06
 2.44816e-06
 2.44816e-06
 2.44816e-06
 2.44816e-06
 2.44816e-06
 2.44816e-06
 2.44816e-06
 2.44816e-06
 2.44816e-06
 2.44816e-06
 2.44816e-06
 2.44816e-06
 2.44816e-06
 2.44816e-06
 2.44816e-06
 2.44816e-06
 2.44816e-06
 2.44816e-06
 2.44816e-06
 2.44816e-06
 2.44816e-06
 2.44816e-06
 2.44816e-06
 2.44816e-06
 2.44816e-06
 2.44816e-06
 2.44816e-06
 2.44816e-06
 2.44816e-06
 2.61651e-06
 2.58870e-06
 2.54493e-06
 2.50186e-06
 2.47158e-06
 2.45581e-06
 2.44821e-06
 2.44818e-06
 2.44817e-06
 2.44816e-06
 2.44816e-06
 2.44816e-06
 2.44816e-06
 2.44816e-06
 2.44816e-06
 2.44816e-06
 2.44816e-06
 2.44816e-06
 2.44816e-06
 2.44816e-06
 2.44816e-06
 2.44816e-06
 2.44816e-06
 2.44816e-06
 2.44816e-06
 2.44816e-06
 2.44816e-06
 2.44816e-06
 2.44816e-06
 2.44816e-06
 2.44816e-06
 2.44816e-06
 2.44816e-06
 2.44816e-06
 2.44816e-06
 2.44816e-06
 2.44816e-06
 2.44816e-06
 2.44816e-06
 2.44816e-06
 2.44816e-06
 2.44816e-06
 2.44816e-06
 2.44816e-06
 2.44816e-06
 2.44816e-06
 2.44816e-06
 2.44816e-06
 2.44816e-06
 2.44816e-06
 2.44816e-06
 2.44816e-06
 2.44816e-06
 2.44816e-06
 2.44816e-06
 2.44816e-06
 2.44816e-06
 2.44816e-06
 2.44816e-06
 2.44816e-06
 2.44816e-06
 2.44816e-06
 2.44816e-06
 2.44816e-06
 2.44816e-06
 2.44816e-06
 2.44816e-06
 2.44816e-06
 2.44816e-06
 2.44816e-06
 2.44816e-06
 2.44816e-06
 2.44816e-06
 2.44816e-06
 2.44816e-06
 2.44816e-06
 2.44816e-06
 2.44816e-06
 2.44816e-06
 2.44816e-06
 2.44816e-06
 2.44816e-06
 2.44816e-06
 2.44816e-06
 2.44816e-06
 2.44816e-06
 2.44816e-06
 2.44816e-06
 2.44816e-06
 2.44816e-06
 2.44816e-06
 2.44816e-06
 2.44816e-06
 2.44816e-06
 2.44816e-06
 2.44816e-06
 2.44816e-06
 2.44816e-06
 2.44816e-06
 2.44816e-06
 2.44816e-06
 2.44816e-06
 2.44816e-06
 2.44816e-06
 2.44816e-06
 2.44816e-06
 2.44816e-06
 2.44816e-06
 2.44816e-06
 2.44816e-06
 2.44816e-06
 2.44816e-06
 2.44816e-06
 2.44816e-06
 2.44816e-06
 2.44816e-06
 2.44816e-06
 2.44816e-06
 2.44816e-06
 2.44816e-06
 2.44816e-06
 2.44816e-06
 2.44816e-06
 2.44816e-06
 2.44816e-06
 2.44816e-06
 2.44816e-06
 2.44816e-06
 2.44816e-06
 2.44816e-06
 2.44816e-06
 2.44816e-06
 2.44816e-06
 2.44816e-06
 2.44816e-06
 2.44816e-06
 2.44816e-06
 2.44816e-06
 2.44816e-06
 2.44816e-06
 2.44816e-06
 2.44816e-06
 2.44816e-06
 2.44816e-06
 2.44816e-06
 2.44816e-06
 2.44816e-06
 2.44816e-06
 2.44816e-06
 2.44816e-06
 2.44816e-06
 2.44816e-06
 2.44816e-06
 2.44816e-06
 2.44816e-06
 2.44816e-06
 2.44816e-06
 2.44816e-06
 2.44816e-06
 2.44816e-06
 2.44816e-06
 2.44816e-06
 2.44816e-06
 2.44816e-06
 2.44816e-06
 2.44816e-06
 2.44816e-06
 2.44816e-06
 2.44816e-06
 2.44816e-06
 2.44816e-06
 2.44816e-06
 2.44816e-06
 2.44816e-06
 2.44816e-06
 2.44816e-06
 2.44816e-06
 2.44816e-06
 2.44816e-06
 2.44816e-06
 2.44816e-06
 2.44816e-06
 2.44816e-06
 2.44816e-06
 2.44816e-06
 2.44816e-06
 2.44816e-06
 2.44816e-06
 2.44816e-06
 2.44816e-06
 2.44816e-06
 2.44816e-06
 2.44816e-06
 2.44816e-06
 2.44816e-06
 2.44816e-06
 2.44816e-06
 2.44816e-06
 2.44816e-06
 2.44816e-06
 2.44816e-06
 2.44816e-06
 2.44816e-06
 2.44816e-06
 2.44816e-06
 2.44816e-06
 2.44816e-06
 2.44816e-06
 2.44816e-06
 2.44816e-06
 2.44816e-06
 2.44816e-06
 2.44816e-06
 2.44816e-06
 2.44816e-06
 2.44816e-06
 2.44816e-06
 2.44816e-06
 2.44816e-06
 2.44816e-06
 2.44816e-06
 2.44816e-06
 2.44816e-06
 2.44816e-06
 2.44816e-06
 2.44816e-06
 2.44816e-06
 2.44816e-06
 2.44816e-06
 2.44816e-06
 2.44816e-06
 2.44816e-06
 2.44816e-06
 2.44816e-06
 2.44816e-06
 2.44816e-06
 2.44816e-06
 2.44816e-06
 2.44816e-06
 2.44816e-06
 2.44816e-06
 2.44816e-06
 2.44816e-06
 2.44816e-06
 2.44816e-06
 2.44816e-06
 2.44816e-06
 2.44816e-06
 2.44816e-06
 2.44816e-06
 2.44816e-06
 2.44816e-06
 2.44816e-06
 2.44816e-06
 2.44816e-06
 2.44816e-06
 2.44816e-06
 2.44816e-06
 2.44816e-06
 2.44816e-06
 2.44816e-06
 2.44816e-06
 2.44816e-06
 2.44816e-06
 2.44816e-06
 2.44816e-06
 2.44816e-06
 2.44816e-06
 2.44816e-06
 2.44816e-06
 2.44816e-06
 2.44816e-06
 2.44816e-06
 2.44816e-06
 2.44816e-06
 2.44816e-06
 2.44816e-06
 2.44816e-06
 2.44816e-06
 2.44816e-06
 2.44816e-06
 2.44816e-06
 2.44816e-06
 2.44816e-06
 2.44816e-06
 2.44816e-06
 2.44816e-06
 2.44816e-06
 2.44816e-06
 2.44816e-06
 2.44816e-06
 2.44816e-06
 2.44816e-06
 2.44816e-06
 2.44816e-06
 2.44816e-06
 2.44816e-06
 2.44816e-06
 2.44816e-06
 2.44816e-06
 2.44816e-06
 2.44816e-06
 2.44816e-06
 2.44816e-06
 2.44816e-06
 2.44816e-06
 2.44816e-06
 2.44816e-06
 2.44816e-06
 2.44816e-06
 2.44816e-06
 2.44816e-06
 2.44816e-06
 2.44816e-06
 2.44816e-06
 2.44816e-06
 2.44816e-06
 2.44816e-06
 2.44816e-06
 2.44816e-06
 2.44816e-06
 2.44816e-06
 2.44816e-06
 2.44816e-06
 2.44816e-06
 2.44816e-06
 2.44816e-06
 2.44816e-06
 2.44816e-06
 2.44816e-06
 2.44816e-06
 2.44816e-06
 2.44816e-06
 2.44816e-06
 2.44816e-06
 2.44816e-06
 2.44816e-06
 2.44816e-06
 2.44816e-06
 2.44816e-06
 2.44816e-06
 2.44816e-06
 2.44816e-06
 2.44816e-06
 2.44816e-06
 2.44816e-06
 2.44816e-06
 2.44816e-06
 2.44816e-06
 2.44816e-06
 2.44816e-06
 2.44816e-06
 2.44816e-06
 2.44816e-06
 2.44816e-06
 2.44816e-06
 2.44816e-06
 2.44816e-06
 2.44816e-06
 2.44816e-06
 2.44816e-06
 2.44816e-06
 2.44816e-06
 2.44816e-06
 2.44816e-06
 2.44816e-06
 2.44816e-06
 2.44816e-06
 2.44816e-06
 2.44816e-06
 2.44816e-06
 2.44816e-06
 2.44816e-06
 2.44816e-06
 2.44816e-06
 2.44816e-06
 2.44816e-06
 2.44816e-06
 2.44816e-06
 2.44816e-06
 2.44816e-06
 2.44816e-06
 2.44816e-06
 2.44816e-06
 2.44816e-06
 2.44816e-06
 2.44816e-06
 2.44816e-06
 2.44816e-06
 2.44816e-06
 2.44816e-06
 2.44816e-06
 2.44816e-06
 2.44816e-06
 2.44816e-06
 2.44816e-06
 2.44816e-06
 2.44816e-06
 2.44816e-06
 2.44816e-06
 2.44816e-06
 2.44816e-06
 2.44816e-06
 2.44816e-06
 2.44816e-06
 2.44816e-06
 2.44816e-06
 2.44816e-06
 2.44816e-06
 2.44816e-06
 2.44816e-06
 2.44816e-06
 2.44816e-06
 2.44816e-06
 2.44816e-06
 2.44816e-06
 2.44816e-06
 2.44816e-06
 2.44816e-06
 2.44816e-06
 2.44816e-06
 2.44816e-06
 2.44816e-06
 2.44816e-06
 2.44816e-06
 2.44816e-06
 2.44816e-06
 2.44816e-06
 2.44816e-06
 2.44816e-06
 2.44816e-06
 2.44816e-06
 2.44816e-06
 2.44816e-06
 2.44816e-06
 2.44816e-06
 2.44816e-06
 2.44816e-06
 2.44816e-06
 2.44816e-06
 2.44816e-06
 2.44816e-06
 2.44816e-06
 2.44816e-06
 2.44816e-06
 2.44816e-06
 2.44816e-06
 2.44816e-06
 2.44816e-06
 2.44816e-06
 2.44816e-06
 2.44816e-06
 2.44816e-06
 2.44816e-06
 2.44816e-06
 2.44816e-06
 2.44816e-06
 2.44816e-06
 2.44816e-06
 2.44816e-06
 2.44816e-06
 2.44816e-06
 2.44816e-06
 2.44816e-06
 2.44816e-06
 2.44816e-06
 2.44816e-06
 2.44816e-06
 2.44816e-06
 2.44816e-06
 2.44816e-06
 2.44816e-06
 2.44816e-06
 2.44816e-06
 2.44816e-06
 2.44816e-06
 2.44816e-06
 2.44816e-06
 2.44816e-06
 2.44816e-06
 2.44816e-06
 2.44816e-06
 2.44816e-06
 2.44816e-06
 2.44816e-06
 2.44816e-06
 2.44816e-06
 2.44816e-06
 2.44816e-06
 2.44816e-06
 2.44816e-06
 2.44816e-06
 2.44816e-06
 2.44816e-06
 2.44816e-06
 2.44816e-06
 2.44816e-06
 2.44816e-06
 2.44816e-06
 2.44816e-06
 2.44816e-06
 2.44816e-06
 2.44816e-06
 2.44816e-06
 2.44816e-06
 2.44816e-06
 2.44816e-06
 2.44816e-06
 2.44816e-06
 2.44816e-06
 2.44816e-06
 2.44816e-06
 2.44816e-06
 2.44816e-06
 2.44816e-06
 2.44816e-06
 2.44816e-06
 2.44816e-06
 2.44816e-06
 2.44816e-06
 2.44816e-06
 2.44816e-06
 2.44816e-06
 2.44816e-06
 2.44816e-06
 2.44816e-06
 2.44816e-06
 2.44816e-06
 2.44816e-06
 2.44816e-06
 2.44816e-06
 2.44816e-06
 2.44816e-06
 2.44816e-06
 2.44816e-06
 2.44816e-06
 2.44816e-06
 2.44816e-06
 2.44816e-06
 2.44816e-06
 2.44816e-06
 2.44816e-06
 2.44816e-06
 2.44816e-06
 2.44816e-06
 2.44816e-06
 2.44816e-06
 2.44816e-06
 2.44816e-06
 2.44816e-06
 2.44816e-06
 2.44816e-06
 2.44816e-06
 2.44816e-06
 2.44816e-06
 2.44816e-06
 2.44816e-06
 2.44816e-06
 2.44816e-06
 2.44816e-06
 2.44816e-06
 2.44816e-06
 2.44816e-06
 2.44816e-06
 2.44816e-06
 2.44816e-06
 2.44816e-06
 2.44816e-06
 2.44816e-06
 2.44816e-06
 2.44816e-06
 2.44816e-06
 2.44816e-06
 2.44816e-06
 2.44816e-06
 2.44816e-06
 2.44816e-06
 2.44816e-06
 2.44816e-06
 2.44816e-06
 2.44816e-06
 2.44816e-06
 2.44816e-06
 2.44816e-06
 2.44816e-06
 2.44816e-06
 2.44816e-06
 2.44816e-06
 2.44816e-06
 2.44816e-06
 2.44816e-06
 2.44816e-06
 2.44816e-06
 2.44816e-06
 2.44816e-06
 2.44816e-06
 2.44816e-06
 2.44816e-06
 2.44816e-06
 2.44816e-06
 2.44816e-06
 2.44816e-06
 2.44816e-06
 2.44816e-06
 2.44816e-06
 2.44816e-06
 2.44816e-06
 2.44816e-06
 2.44816e-06
 2.44816e-06
 2.44816e-06
 2.44816e-06
 2.44816e-06
 2.44816e-06
 2.44816e-06
 2.44816e-06
 2.44816e-06
 2.44816e-06
 2.44816e-06
 2.44816e-06
 2.44816e-06
 2.44816e-06
 2.44816e-06
 2.44816e-06
 2.44816e-06
 2.44816e-06
 2.44816e-06
 2.44816e-06
 2.44816e-06
 2.44816e-06
 2.44816e-06
 2.44816e-06
 2.44816e-06
 2.44816e-06
 2.44816e-06
 2.44816e-06
 2.44816e-06
 2.44816e-06
 2.44816e-06
 2.44816e-06
 2.44816e-06
 2.44816e-06
 2.44816e-06
 2.44816e-06
 2.44816e-06
 2.44816e-06
 2.44816e-06
 2.44816e-06
 2.44816e-06
 2.44816e-06
 2.44816e-06
 2.44816e-06
 2.44816e-06
 2.44816e-06
 2.44816e-06
 2.44816e-06
 2.44816e-06
 2.44816e-06
 2.44816e-06
 2.44816e-06
 2.44816e-06
 2.44816e-06
 2.44816e-06
 2.44816e-06
 2.44816e-06
 2.44816e-06
 2.44816e-06
 2.44816e-06
 2.44816e-06
 2.44816e-06
 2.44816e-06
 2.44816e-06
 2.44816e-06
 2.44816e-06
 2.44816e-06
 2.44816e-06
 2.44816e-06
 2.44816e-06
 2.44816e-06
 2.44816e-06
 2.44816e-06
 2.44816e-06
 2.44816e-06
 2.44816e-06
 2.44816e-06
 2.44816e-06
 2.44816e-06
 2.44816e-06
 2.44816e-06
 2.44816e-06
 2.44816e-06
 2.44816e-06
 2.44816e-06
 2.44816e-06
 2.44816e-06
 2.44816e-06
 2.44816e-06
 2.44816e-06
 2.44816e-06
 2.44816e-06
 2.44816e-06
 2.44816e-06
 2.44816e-06
 2.44816e-06
 2.44816e-06
 2.44816e-06
 2.44816e-06
 2.44816e-06
 2.44816e-06
 2.44816e-06
 2.44816e-06
 2.44816e-06
 2.44816e-06
 2.44816e-06
 2.44816e-06
 2.44816e-06
 2.44816e-06
 2.44816e-06
 2.44816e-06
 2.44816e-06
 2.44816e-06
 2.44816e-06
 2.44816e-06
 2.44816e-06
 2.44816e-06
 2.44816e-06
 2.44816e-06
 2.44816e-06
 2.44816e-06
 2.44816e-06
 2.44816e-06
 2.44816e-06
 2.44816e-06
 2.44816e-06
 2.44816e-06
 2.44816e-06
 2.44816e-06
 2.44816e-06
 2.44816e-06
 2.44816e-06
 2.44816e-06
 2.44816e-06
 2.44816e-06
 2.44816e-06
 2.44816e-06
 2.44816e-06
 2.44816e-06
 2.44816e-06
 2.44816e-06
 2.44816e-06
 2.44816e-06
 2.44816e-06
 2.44816e-06
 2.44816e-06
 2.44816e-06
 2.44816e-06
 2.44816e-06
 2.44816e-06
 2.44816e-06
 2.44816e-06
 2.44816e-06
 2.44816e-06
 2.44816e-06
 2.44816e-06
 2.44816e-06
 2.44816e-06
 2.44816e-06
 2.44816e-06
 2.44816e-06
 2.44816e-06
 2.44816e-06
 2.44816e-06
 2.44816e-06
 2.44816e-06
 2.44816e-06
 2.44816e-06
 2.44816e-06
 2.44816e-06
 2.44816e-06
 2.44816e-06
 2.44816e-06
 2.44816e-06
 2.44816e-06
 2.44816e-06
 2.44816e-06
 2.44816e-06
 2.44816e-06
 2.44816e-06
 2.44816e-06
 2.44816e-06
 2.44816e-06
 2.44816e-06
 2.44816e-06
 2.44816e-06
 2.44816e-06
 2.44816e-06
 2.44816e-06
 2.44816e-06
 2.44816e-06
 2.44816e-06
 2.44816e-06
 2.44816e-06
 2.44816e-06
 2.44816e-06
 2.44816e-06
 2.44816e-06
 2.44816e-06
 2.44816e-06
 2.44816e-06
 2.44816e-06
 2.44816e-06
 2.44816e-06
 2.44816e-06
 2.44816e-06
 2.44816e-06
 2.44816e-06
 2.44816e-06
 2.44816e-06
 2.44816e-06
 2.44816e-06
 2.44816e-06
 2.44816e-06
 2.44816e-06
 2.44816e-06
 2.44816e-06
 2.44816e-06
 2.44816e-06
 2.44816e-06
 2.44816e-06
 2.44816e-06
 2.44816e-06
 2.44816e-06
 2.44816e-06
 2.44816e-06
 2.44816e-06
 2.44816e-06
 2.44816e-06
 2.44816e-06
 2.44816e-06
 2.44816e-06
 2.44816e-06
 2.44816e-06
 2.44816e-06
 2.44816e-06
 2.44816e-06
 2.44816e-06
 2.44816e-06
 2.44816e-06
 2.44816e-06
 2.44816e-06
 2.44816e-06
 2.44816e-06
 2.44816e-06
 2.44816e-06
 2.44816e-06
 2.44816e-06
 2.44816e-06
 2.44816e-06
 2.44816e-06
 2.44816e-06
 2.44816e-06
 2.44816e-06
 2.44816e-06
 2.44816e-06
 2.44816e-06
 2.44816e-06
 2.44816e-06
 2.44816e-06
 2.44816e-06
 2.44816e-06
 2.44816e-06
 2.44816e-06
 2.44816e-06
 2.44816e-06
 2.44816e-06
 2.44816e-06
 2.44816e-06
 2.44816e-06
 2.44816e-06
 2.44816e-06
 2.44816e-06
 2.44816e-06
 2.44816e-06
 2.44816e-06
 2.44816e-06
 2.44816e-06
 2.44816e-06
 2.44816e-06
 2.44816e-06
 2.44816e-06
 2.44816e-06
 2.44816e-06
 2.44816e-06
 2.44816e-06
 2.44816e-06
 2.44816e-06
 2.44816e-06
 2.44816e-06
 2.44816e-06
 2.44816e-06
 2.44816e-06
 2.44816e-06
 2.44816e-06
 2.44816e-06
 2.44816e-06
 2.44816e-06
 2.44816e-06
 2.44816e-06
 2.44816e-06
 2.44816e-06
 2.44816e-06
 2.44816e-06
 2.44816e-06
 2.44816e-06
 2.44816e-06
 2.44816e-06
 2.44816e-06
 2.44816e-06
 2.44816e-06
 2.44816e-06
 2.44816e-06
 2.44816e-06
 2.44816e-06
 2.44816e-06
 2.44816e-06
 2.44816e-06
 2.44816e-06
 2.44816e-06
 2.44816e-06
 2.44816e-06
 2.44816e-06
 2.44816e-06
 2.44816e-06
 2.44816e-06
 2.44816e-06
 2.44816e-06
 2.44816e-06
 2.44816e-06
 2.44816e-06
 2.44816e-06
 2.44816e-06
 2.44816e-06
 2.44816e-06
 2.44816e-06
 2.44816e-06
 2.44816e-06
 2.44816e-06
 2.44816e-06
 2.44816e-06
 2.44816e-06
 2.44816e-06
 2.44816e-06
 2.44816e-06
 2.44816e-06
 2.44816e-06
 2.44816e-06
 2.44816e-06
 2.44816e-06
 2.44816e-06
 2.44816e-06
 2.44816e-06
 2.44816e-06
 2.44816e-06
 2.44816e-06
 2.44816e-06
 2.44816e-06
 2.44816e-06
 2.44816e-06
 2.44816e-06
 2.44816e-06
 2.44816e-06
 2.44816e-06
 2.44816e-06
 2.44816e-06
 2.44816e-06
 2.44816e-06
 2.44816e-06
 2.44816e-06
 2.44816e-06
 2.44816e-06
 2.44816e-06
 2.44816e-06
 2.44816e-06
 2.44816e-06
 2.44816e-06
 2.44816e-06
 2.44816e-06
 2.44816e-06
 2.44816e-06
 2.44816e-06
 2.44816e-06
 2.44816e-06
 2.44816e-06
 2.44816e-06
 2.44816e-06
 2.44816e-06
 2.44816e-06
 2.44816e-06
 2.44816e-06
 2.44816e-06
 2.44816e-06
 2.44816e-06
 2.44816e-06
 2.44816e-06
 2.44816e-06
 2.44816e-06
 2.44816e-06
 2.44816e-06
 2.44816e-06
 2.44816e-06
 2.44816e-06
 2.44816e-06
 2.44816e-06
 2.44816e-06
 2.44816e-06
 2.44816e-06
 2.44816e-06
 2.44816e-06
 2.44816e-06
 2.44816e-06
 2.44816e-06
 2.44816e-06
 2.44816e-06
 2.44816e-06
 2.44816e-06
 2.44816e-06
 2.44816e-06
 2.44816e-06
 2.44816e-06
 2.44816e-06
 2.44816e-06
 2.44816e-06
 2.44816e-06
 2.44816e-06
 2.44816e-06
 2.44816e-06
 2.44816e-06
 2.44816e-06
 2.44816e-06
 2.44816e-06
 2.44816e-06
 2.44816e-06
 2.44816e-06
 2.44816e-06
 2.44816e-06
 2.44816e-06
 2.44816e-06
 2.44816e-06
 2.44816e-06
 2.44816e-06
 2.44816e-06
 2.44816e-06
 2.44816e-06
 2.44816e-06
 2.44816e-06
 2.44816e-06
 2.44816e-06
 2.44816e-06
 2.44816e-06
 2.44816e-06
 2.44816e-06
 2.44816e-06
 2.44816e-06
 2.44816e-06
 2.44816e-06
 2.44816e-06
 2.44816e-06
 2.44816e-06
 2.44816e-06
 2.44816e-06
 2.44816e-06
 2.44816e-06
 2.44816e-06
 2.44816e-06
 2.44816e-06
 2.44816e-06
 2.44816e-06
 2.44816e-06
 2.44816e-06
 2.44816e-06
 2.44816e-06
 2.44816e-06
 2.44816e-06
 2.44816e-06
 2.44816e-06
 2.44816e-06
 2.44816e-06
 2.44816e-06
 2.44816e-06
 2.44816e-06
 2.44816e-06
 2.44816e-06
 2.44816e-06
 2.44816e-06
 2.44816e-06
 2.44816e-06
 2.44816e-06
 2.44816e-06
 2.44816e-06
 2.44816e-06
 2.44816e-06
 2.44816e-06
 2.44816e-06
 2.44816e-06
 2.44816e-06
 2.44816e-06
 2.44816e-06
 2.44816e-06
 2.44816e-06
 2.44816e-06
 2.44816e-06
 2.44816e-06
 2.44816e-06
 2.44816e-06
 2.44816e-06
 2.44816e-06
 2.44816e-06
 2.44816e-06
 2.44816e-06
 2.44816e-06
 2.44816e-06
 2.44816e-06
 2.44816e-06
 2.44816e-06
 2.44816e-06
 2.44816e-06
 2.44816e-06
 2.44816e-06
 2.44816e-06
 2.44816e-06
 2.44816e-06
 2.44816e-06
 2.44816e-06
 2.44816e-06
 2.44816e-06
 2.44816e-06
 2.44816e-06
 2.44816e-06
 2.44816e-06
 2.44816e-06
 2.44816e-06
 2.44816e-06
 2.44816e-06
 2.44816e-06
 2.44816e-06
 2.44816e-06
 2.44816e-06
 2.44816e-06
 2.44816e-06
 2.44816e-06
 2.44816e-06
 2.44816e-06
 2.44816e-06
 2.44816e-06
 2.44816e-06
 2.44816e-06
 2.44816e-06
 2.44816e-06
 2.44816e-06
 2.44816e-06
 2.44816e-06
 2.44816e-06
 2.44816e-06
 2.44816e-06
 2.44816e-06
 2.44816e-06
 2.44816e-06
 2.44816e-06
 2.44816e-06
 2.44816e-06
 2.44816e-06
 2.44816e-06
 2.44816e-06
 2.44816e-06
 2.44816e-06
 2.44816e-06
 2.44816e-06
 2.44816e-06
 2.44816e-06
 2.44816e-06
 2.44816e-06
 2.44816e-06
 2.44816e-06
 2.44816e-06
 2.44816e-06
 2.44816e-06
 2.44816e-06
 2.44816e-06
 2.44816e-06
 2.44816e-06
 2.44816e-06
 2.44816e-06
 2.44816e-06
 2.44816e-06
 2.44816e-06
 2.44816e-06
 2.44816e-06
 2.44816e-06
 2.44816e-06
 2.44816e-06
