InternalEnergy
part
         1
quad4
 1.55893e+02
 6.71846e+01
 6.33630e+01
 5.16560e+01
 4.47198e+01
 3.88515e+01
 3.26010e+01
 2.67769e+01
 2.31726e+01
 2.07842e+01
 1.76503e+01
 1.58355e+01
 1.37687e+01
 1.22030e+01
 1.06749e+01
 9.35841e+00
 8.14979e+00
 7.07456e+00
 6.11156e+00
 5.25687e+00
 4.50199e+00
 3.83866e+00
 3.25941e+00
 2.75609e+00
 2.32131e+00
 1.94768e+00
 1.62841e+00
 1.35703e+00
 1.12763e+00
 9.35020e-01
 7.74401e-01
 6.40944e-01
 5.29904e-01
 4.36952e-01
 3.57808e-01
 2.90454e-01
 2.25571e-01
 1.68914e-01
 1.17237e-01
 6.27048e-02
 1.74134e-02
 8.48710e-04
 5.41097e-06
 2.44818e-06
 2.44816e-06
 2.44816e-06
 2.44816e-06
 2.44816e-06
 2.44816e-06
 2.44816e-06
 2.44816e-06
 2.44816e-06
 2.44816e-06
 2.44816e-06
 2.44816e-06
 2.44816e-06
 2.44816e-06
 2.44816e-06
 2.44816e-06
 2.44816e-06
 6.71846e+01
 6.61109e+01
 6.36791e+01
 5.93147e+01
 4.51641e+01
 5.32476e+01
 4.80999e+01
 3.64088e+01
 3.38059e+01
 2.78345e+01
 2.43174e+01
 2.08328e+01
 1.79440e+01
 1.53174e+01
 1.30396e+01
 1.10727e+01
 9.37940e+00
 7.93986e+00
 6.70887e+00
 5.66293e+00
 4.77147e+00
 4.01400e+00
 3.36998e+00
 2.82357e+00
 2.36047e+00
 1.96885e+00
 1.63847e+00
 1.36054e+00
 1.12750e+00
 9.33175e-01
 7.71956e-01
 6.38473e-01
 5.27663e-01
 4.35025e-01
 3.56161e-01
 2.88974e-01
 2.24359e-01
 1.67755e-01
 1.16164e-01
 6.16275e-02
 1.67333e-02
 7.75197e-04
 5.00062e-06
 2.44818e-06
 2.44816e-06
 2.44816e-06
 2.44816e-06
 2.44816e-06
 2.44816e-06
 2.44816e-06
 2.44816e-06
 2.44816e-06
 2.44816e-06
 2.44816e-06
 2.44816e-06
 2.44816e-06
 2.44816e-06
 2.44816e-06
 2.44816e-06
 2.44816e-06
 6.33630e+01
 6.36791e+01
 6.51494e+01
 6.65592e+01
 5.26822e+01
 5.39711e+01
 5.29638e+01
 3.73257e+01
 3.58954e+01
 2.78751e+01
 2.52184e+01
 2.09517e+01
 1.81008e+01
 1.52675e+01
 1.29997e+01
 1.09944e+01
 9.32037e+00
 7.88094e+00
 6.66266e+00
 5.62182e+00
 4.73747e+00
 3.98413e+00
 3.34445e+00
 2.80138e+00
 2.34152e+00
 1.95276e+00
 1.62505e+00
 1.34953e+00
 1.11866e+00
 9.26062e-01
 7.66202e-01
 6.33808e-01
 5.23850e-01
 4.31868e-01
 3.53471e-01
 2.86373e-01
 2.22195e-01
 1.65546e-01
 1.13985e-01
 5.93825e-02
 1.53500e-02
 6.39673e-04
 4.32100e-06
 2.44818e-06
 2.44816e-06
 2.44816e-06
 2.44816e-06
 2.44816e-06
 2.44816e-06
 2.44816e-06
 2.44816e-06
 2.44816e-06
 2.44816e-06
 2.44816e-06
 2.44816e-06
 2.44816e-06
 2.44816e-06
 2.44816e-06
 2.44816e-06
 2.44816e-06
 5.16560e+01
 5.93147e+01
 6.65592e+01
 6.33387e+01
 5.43534e+01
 5.38343e+01
 4.62067e+01
 3.99662e+01
 3.41198e+01
 2.80867e+01
 2.41228e+01
 2.01823e+01
 1.72246e+01
 1.46016e+01
 1.24386e+01
 1.05770e+01
 8.98881e+00
 7.62954e+00
 6.46364e+00
 5.46760e+00
 4.61474e+00
 3.88755e+00
 3.26724e+00
 2.73992e+00
 2.29225e+00
 1.91332e+00
 1.59337e+00
 1.32403e+00
 1.09810e+00
 9.09554e-01
 7.52985e-01
 6.23190e-01
 5.15248e-01
 4.24820e-01
 3.47671e-01
 2.80880e-01
 2.17882e-01
 1.61430e-01
 1.10121e-01
 5.57094e-02
 1.32905e-02
 4.69011e-04
 3.59567e-06
 2.44817e-06
 2.44816e-06
 2.44816e-06
 2.44816e-06
 2.44816e-06
 2.44816e-06
 2.44816e-06
 2.44816e-06
 2.44816e-06
 2.44816e-06
 2.44816e-06
 2.44816e-06
 2.44816e-06
 2.44816e-06
 2.44816e-06
 2.44816e-06
 2.44816e-06
 4.47198e+01
 4.51641e+01
 5.26822e+01
 5.43534e+01
 5.31515e+01
 5.07555e+01
 4.54486e+01
 3.86951e+01
 3.29052e+01
 2.76757e+01
 2.35668e+01
 1.98815e+01
 1.69472e+01
 1.43494e+01
 1.22155e+01
 1.03621e+01
 8.80117e+00
 7.45766e+00
 6.31501e+00
 5.33627e+00
 4.50237e+00
 3.79070e+00
 3.18534e+00
 2.67070e+00
 2.23438e+00
 1.86510e+00
 1.55348e+00
 1.29117e+00
 1.07117e+00
 8.87589e-01
 7.35117e-01
 6.08630e-01
 5.03317e-01
 4.14963e-01
 3.39705e-01
 2.72972e-01
 2.11925e-01
 1.55740e-01
 1.04675e-01
 5.06895e-02
 1.07283e-02
 2.99877e-04
 3.02261e-06
 2.44817e-06
 2.44816e-06
 2.44816e-06
 2.44816e-06
 2.44816e-06
 2.44816e-06
 2.44816e-06
 2.44816e-06
 2.44816e-06
 2.44816e-06
 2.44816e-06
 2.44816e-06
 2.44816e-06
 2.44816e-06
 2.44816e-06
 2.44816e-06
 2.44816e-06
 3.88515e+01
 5.32476e+01
 5.39711e+01
 5.38343e+01
 5.07555e+01
 4.69256e+01
 4.12225e+01
 3.55616e+01
 3.03196e+01
 2.57575e+01
 2.19463e+01
 1.87179e+01
 1.59594e+01
 1.36256e+01
 1.16146e+01
 9.89858e+00
 8.42005e+00
 7.15438e+00
 6.06617e+00
 5.13502e+00
 4.33707e+00
 3.65586e+00
 3.07446e+00
 2.57983e+00
 2.15966e+00
 1.80377e+00
 1.50313e+00
 1.24989e+00
 1.03740e+00
 8.60038e-01
 7.12664e-01
 5.90290e-01
 4.88259e-01
 4.02483e-01
 3.29599e-01
 2.63050e-01
 2.04281e-01
 1.48582e-01
 9.76080e-02
 4.44300e-02
 7.92697e-03
 1.63531e-04
 2.67789e-06
 2.44816e-06
 2.44816e-06
 2.44816e-06
 2.44816e-06
 2.44816e-06
 2.44816e-06
 2.44816e-06
 2.44816e-06
 2.44816e-06
 2.44816e-06
 2.44816e-06
 2.44816e-06
 2.44816e-06
 2.44816e-06
 2.44816e-06
 2.44816e-06
 2.44816e-06
 3.26010e+01
 4.80999e+01
 5.29638e+01
 4.62067e+01
 4.54486e+01
 4.12225e+01
 3.65326e+01
 3.18887e+01
 2.76074e+01
 2.37285e+01
 2.04279e+01
 1.75068e+01
 1.50240e+01
 1.28602e+01
 1.10035e+01
 9.39441e+00
 8.01039e+00
 6.81526e+00
 5.78843e+00
 4.90511e+00
 4.14816e+00
 3.49970e+00
 2.94598e+00
 2.47386e+00
 2.07247e+00
 1.73203e+00
 1.44418e+00
 1.20152e+00
 9.97807e-01
 8.27721e-01
 6.86304e-01
 5.68741e-01
 4.70548e-01
 3.87753e-01
 3.17549e-01
 2.51570e-01
 1.94793e-01
 1.40301e-01
 8.89040e-02
 3.71491e-02
 5.21441e-03
 7.43459e-05
 2.51985e-06
 2.44816e-06
 2.44816e-06
 2.44816e-06
 2.44816e-06
 2.44816e-06
 2.44816e-06
 2.44816e-06
 2.44816e-06
 2.44816e-06
 2.44816e-06
 2.44816e-06
 2.44816e-06
 2.44816e-06
 2.44816e-06
 2.44816e-06
 2.44816e-06
 2.44816e-06
 2.67769e+01
 3.64088e+01
 3.73257e+01
 3.99662e+01
 3.86951e+01
 3.55616e+01
 3.18887e+01
 2.80927e+01
 2.46172e+01
 2.14175e+01
 1.85909e+01
 1.60883e+01
 1.38881e+01
 1.19636e+01
 1.02784e+01
 8.81291e+00
 7.53587e+00
 6.43036e+00
 5.47245e+00
 4.64667e+00
 3.93526e+00
 3.32476e+00
 2.80173e+00
 2.35512e+00
 1.97464e+00
 1.65155e+00
 1.37801e+00
 1.14719e+00
 9.53324e-01
 7.91396e-01
 6.56659e-01
 5.44484e-01
 4.50589e-01
 3.71074e-01
 3.03689e-01
 2.38872e-01
 1.83201e-01
 1.31150e-01
 7.86204e-02
 2.91841e-02
 2.92471e-03
 2.80833e-05
 2.46513e-06
 2.44816e-06
 2.44816e-06
 2.44816e-06
 2.44816e-06
 2.44816e-06
 2.44816e-06
 2.44816e-06
 2.44816e-06
 2.44816e-06
 2.44816e-06
 2.44816e-06
 2.44816e-06
 2.44816e-06
 2.44816e-06
 2.44816e-06
 2.44816e-06
 2.44816e-06
 2.31726e+01
 3.38059e+01
 3.58954e+01
 3.41198e+01
 3.29052e+01
 3.03196e+01
 2.76074e+01
 2.46172e+01
 2.18270e+01
 1.91919e+01
 1.68109e+01
 1.46549e+01
 1.27341e+01
 1.10253e+01
 9.51800e+00
 8.19027e+00
 7.02845e+00
 6.01314e+00
 5.13075e+00
 4.36521e+00
 3.70393e+00
 3.13406e+00
 2.64472e+00
 2.22571e+00
 1.86808e+00
 1.56385e+00
 1.30590e+00
 1.08799e+00
 9.04860e-01
 7.51825e-01
 6.24350e-01
 5.18021e-01
 4.28783e-01
 3.52744e-01
 2.88092e-01
 2.25065e-01
 1.70406e-01
 1.20252e-01
 6.72031e-02
 2.09992e-02
 1.36288e-03
 9.55392e-06
 2.45076e-06
 2.44816e-06
 2.44816e-06
 2.44816e-06
 2.44816e-06
 2.44816e-06
 2.44816e-06
 2.44816e-06
 2.44816e-06
 2.44816e-06
 2.44816e-06
 2.44816e-06
 2.44816e-06
 2.44816e-06
 2.44816e-06
 2.44816e-06
 2.44816e-06
 2.44816e-06
 2.07842e+01
 2.78345e+01
 2.78751e+01
 2.80867e+01
 2.76757e+01
 2.57575e+01
 2.37285e+01
 2.14175e+01
 1.91919e+01
 1.70416e+01
 1.50531e+01
 1.32241e+01
 1.15642e+01
 1.00705e+01
 8.73394e+00
 7.54787e+00
 6.49931e+00
 5.57819e+00
 4.77179e+00
 4.06938e+00
 3.45965e+00
 2.93250e+00
 2.47835e+00
 2.08846e+00
 1.75493e+00
 1.47066e+00
 1.22924e+00
 1.02505e+00
 8.53343e-01
 7.09757e-01
 5.89979e-01
 4.89827e-01
 4.05502e-01
 3.33130e-01
 2.70615e-01
 2.10448e-01
 1.56716e-01
 1.07491e-01
 5.47940e-02
 1.33587e-02
 5.07655e-04
 3.92331e-06
 2.44818e-06
 2.44816e-06
 2.44816e-06
 2.44816e-06
 2.44816e-06
 2.44816e-06
 2.44816e-06
 2.44816e-06
 2.44816e-06
 2.44816e-06
 2.44816e-06
 2.44816e-06
 2.44816e-06
 2.44816e-06
 2.44816e-06
 2.44816e-06
 2.44816e-06
 2.44816e-06
 1.76503e+01
 2.43174e+01
 2.52184e+01
 2.41228e+01
 2.35668e+01
 2.19463e+01
 2.04279e+01
 1.85909e+01
 1.68109e+01
 1.50531e+01
 1.33961e+01
 1.18481e+01
 1.04229e+01
 9.12409e+00
 7.95092e+00
 6.89889e+00
 5.96233e+00
 5.13331e+00
 4.40366e+00
 3.76458e+00
 3.20743e+00
 2.72385e+00
 2.30582e+00
 1.94594e+00
 1.63730e+00
 1.37370e+00
 1.14941e+00
 9.59499e-01
 7.99694e-01
 6.65932e-01
 5.54131e-01
 4.60359e-01
 3.81049e-01
 3.13226e-01
 2.50847e-01
 1.95181e-01
 1.42339e-01
 9.29337e-02
 4.16469e-02
 7.13006e-03
 1.43976e-04
 2.66849e-06
 2.44817e-06
 2.44816e-06
 2.44816e-06
 2.44816e-06
 2.44816e-06
 2.44816e-06
 2.44816e-06
 2.44816e-06
 2.44816e-06
 2.44816e-06
 2.44816e-06
 2.44816e-06
 2.44816e-06
 2.44816e-06
 2.44816e-06
 2.44816e-06
 2.44816e-06
 2.44816e-06
 1.58355e+01
 2.08328e+01
 2.09517e+01
 2.01823e+01
 1.98815e+01
 1.87179e+01
 1.75068e+01
 1.60883e+01
 1.46549e+01
 1.32241e+01
 1.18481e+01
 1.05444e+01
 9.32829e+00
 8.20702e+00
 7.18403e+00
 6.25876e+00
 5.42859e+00
 4.68875e+00
 4.03381e+00
 3.45710e+00
 2.95214e+00
 2.51202e+00
 2.13032e+00
 1.80064e+00
 1.51723e+00
 1.27458e+00
 1.06775e+00
 8.92433e-01
 7.44798e-01
 6.21051e-01
 5.17356e-01
 4.30044e-01
 3.55675e-01
 2.92229e-01
 2.30874e-01
 1.77523e-01
 1.27844e-01
 7.66346e-02
 2.85569e-02
 2.91869e-03
 3.04935e-05
 2.47097e-06
 2.44816e-06
 2.44816e-06
 2.44816e-06
 2.44816e-06
 2.44816e-06
 2.44816e-06
 2.44816e-06
 2.44816e-06
 2.44816e-06
 2.44816e-06
 2.44816e-06
 2.44816e-06
 2.44816e-06
 2.44816e-06
 2.44816e-06
 2.44816e-06
 2.44816e-06
 2.44816e-06
 1.37687e+01
 1.79440e+01
 1.81008e+01
 1.72246e+01
 1.69472e+01
 1.59594e+01
 1.50240e+01
 1.38881e+01
 1.27341e+01
 1.15642e+01
 1.04229e+01
 9.32829e+00
 8.29477e+00
 7.33252e+00
 6.44601e+00
 5.63797e+00
 4.90732e+00
 4.25227e+00
 3.66866e+00
 3.15242e+00
 2.69810e+00
 2.30071e+00
 1.95469e+00
 1.65500e+00
 1.39663e+00
 1.17490e+00
 9.85551e-01
 8.24902e-01
 6.89491e-01
 5.75773e-01
 4.80164e-01
 3.99274e-01
 3.29644e-01
 2.69838e-01
 2.10944e-01
 1.59012e-01
 1.11178e-01
 5.96071e-02
 1.66685e-02
 8.65107e-04
 6.24639e-06
 2.44822e-06
 2.44816e-06
 2.44816e-06
 2.44816e-06
 2.44816e-06
 2.44816e-06
 2.44816e-06
 2.44816e-06
 2.44816e-06
 2.44816e-06
 2.44816e-06
 2.44816e-06
 2.44816e-06
 2.44816e-06
 2.44816e-06
 2.44816e-06
 2.44816e-06
 2.44816e-06
 2.44816e-06
 1.22030e+01
 1.53174e+01
 1.52675e+01
 1.46016e+01
 1.43494e+01
 1.36256e+01
 1.28602e+01
 1.19636e+01
 1.10253e+01
 1.00705e+01
 9.12409e+00
 8.20702e+00
 7.33252e+00
 6.51008e+00
 5.74666e+00
 5.04482e+00
 4.40642e+00
 3.82998e+00
 3.31401e+00
 2.85489e+00
 2.44934e+00
 2.09294e+00
 1.78165e+00
 1.51112e+00
 1.27727e+00
 1.07607e+00
 9.03999e-01
 7.57873e-01
 6.34545e-01
 5.30697e-01
 4.43010e-01
 3.68365e-01
 3.04010e-01
 2.44990e-01
 1.91187e-01
 1.40419e-01
 9.23432e-02
 4.21400e-02
 7.61191e-03
 1.75113e-04
 2.78283e-06
 2.44817e-06
 2.44816e-06
 2.44816e-06
 2.44816e-06
 2.44816e-06
 2.44816e-06
 2.44816e-06
 2.44816e-06
 2.44816e-06
 2.44816e-06
 2.44816e-06
 2.44816e-06
 2.44816e-06
 2.44816e-06
 2.44816e-06
 2.44816e-06
 2.44816e-06
 2.44816e-06
 2.44816e-06
 1.06749e+01
 1.30396e+01
 1.29997e+01
 1.24386e+01
 1.22155e+01
 1.16146e+01
 1.10035e+01
 1.02784e+01
 9.51800e+00
 8.73394e+00
 7.95092e+00
 7.18403e+00
 6.44601e+00
 5.74666e+00
 5.09177e+00
 4.48623e+00
 3.93115e+00
 3.42762e+00
 2.97394e+00
 2.56873e+00
 2.20889e+00
 1.89162e+00
 1.61340e+00
 1.37094e+00
 1.16069e+00
 9.79411e-01
 8.24172e-01
 6.92220e-01
 5.80641e-01
 4.86351e-01
 4.06289e-01
 3.37465e-01
 2.78300e-01
 2.20301e-01
 1.69269e-01
 1.21954e-01
 7.17033e-02
 2.55570e-02
 2.36511e-03
 2.38316e-05
 2.46662e-06
 2.44816e-06
 2.44816e-06
 2.44816e-06
 2.44816e-06
 2.44816e-06
 2.44816e-06
 2.44816e-06
 2.44816e-06
 2.44816e-06
 2.44816e-06
 2.44816e-06
 2.44816e-06
 2.44816e-06
 2.44816e-06
 2.44816e-06
 2.44816e-06
 2.44816e-06
 2.44816e-06
 2.44816e-06
 9.35841e+00
 1.10727e+01
 1.09944e+01
 1.05770e+01
 1.03621e+01
 9.89858e+00
 9.39441e+00
 8.81291e+00
 8.19027e+00
 7.54787e+00
 6.89889e+00
 6.25876e+00
 5.63797e+00
 5.04482e+00
 4.48623e+00
 3.96563e+00
 3.48627e+00
 3.04838e+00
 2.65237e+00
 2.29660e+00
 1.97961e+00
 1.69885e+00
 1.45193e+00
 1.23599e+00
 1.04824e+00
 8.86043e-01
 7.47018e-01
 6.28695e-01
 5.28361e-01
 4.43166e-01
 3.70321e-01
 3.06862e-01
 2.50996e-01
 1.96610e-01
 1.47033e-01
 1.00725e-01
 5.07151e-02
 1.20025e-02
 4.60095e-04
 4.02736e-06
 2.44820e-06
 2.44816e-06
 2.44816e-06
 2.44816e-06
 2.44816e-06
 2.44816e-06
 2.44816e-06
 2.44816e-06
 2.44816e-06
 2.44816e-06
 2.44816e-06
 2.44816e-06
 2.44816e-06
 2.44816e-06
 2.44816e-06
 2.44816e-06
 2.44816e-06
 2.44816e-06
 2.44816e-06
 2.44816e-06
 8.14979e+00
 9.37940e+00
 9.32037e+00
 8.98881e+00
 8.80117e+00
 8.42005e+00
 8.01039e+00
 7.53587e+00
 7.02845e+00
 6.49931e+00
 5.96233e+00
 5.42859e+00
 4.90732e+00
 4.40642e+00
 3.93115e+00
 3.48627e+00
 3.07371e+00
 2.69547e+00
 2.35130e+00
 2.04107e+00
 1.76328e+00
 1.51652e+00
 1.29867e+00
 1.10758e+00
 9.41016e-01
 7.96941e-01
 6.73328e-01
 5.67912e-01
 4.78167e-01
 4.01468e-01
 3.35220e-01
 2.77796e-01
 2.22046e-01
 1.72328e-01
 1.25869e-01
 7.71051e-02
 3.04167e-02
 3.71054e-03
 5.23013e-05
 2.51541e-06
 2.44817e-06
 2.44816e-06
 2.44816e-06
 2.44816e-06
 2.44816e-06
 2.44816e-06
 2.44816e-06
 2.44816e-06
 2.44816e-06
 2.44816e-06
 2.44816e-06
 2.44816e-06
 2.44816e-06
 2.44816e-06
 2.44816e-06
 2.44816e-06
 2.44816e-06
 2.44816e-06
 2.44816e-06
 2.44816e-06
 7.07456e+00
 7.93986e+00
 7.88094e+00
 7.62954e+00
 7.45766e+00
 7.15438e+00
 6.81526e+00
 6.43036e+00
 6.01314e+00
 5.57819e+00
 5.13331e+00
 4.68875e+00
 4.25227e+00
 3.82998e+00
 3.42762e+00
 3.04838e+00
 2.69547e+00
 2.36989e+00
 2.07269e+00
 1.80339e+00
 1.56152e+00
 1.34581e+00
 1.15478e+00
 9.86701e-01
 8.39942e-01
 7.12881e-01
 6.03718e-01
 5.10331e-01
 4.30380e-01
 3.61477e-01
 3.01000e-01
 2.47734e-01
 1.95089e-01
 1.47050e-01
 1.02013e-01
 5.29912e-02
 1.36705e-02
 6.38960e-04
 5.31686e-06
 2.44824e-06
 2.44816e-06
 2.44816e-06
 2.44816e-06
 2.44816e-06
 2.44816e-06
 2.44816e-06
 2.44816e-06
 2.44816e-06
 2.44816e-06
 2.44816e-06
 2.44816e-06
 2.44816e-06
 2.44816e-06
 2.44816e-06
 2.44816e-06
 2.44816e-06
 2.44816e-06
 2.44816e-06
 2.44816e-06
 2.44816e-06
 6.11156e+00
 6.70887e+00
 6.66266e+00
 6.46364e+00
 6.31501e+00
 6.06617e+00
 5.78843e+00
 5.47245e+00
 5.13075e+00
 4.77179e+00
 4.40366e+00
 4.03381e+00
 3.66866e+00
 3.31401e+00
 2.97394e+00
 2.65237e+00
 2.35130e+00
 2.07269e+00
 1.81700e+00
 1.58464e+00
 1.37509e+00
 1.18760e+00
 1.02100e+00
 8.74114e-01
 7.45712e-01
 6.34440e-01
 5.38614e-01
 4.56245e-01
 3.85171e-01
 3.23181e-01
 2.69041e-01
 2.15821e-01
 1.68045e-01
 1.23276e-01
 7.55074e-02
 2.98922e-02
 3.73920e-03
 5.68789e-05
 2.53424e-06
 2.44817e-06
 2.44816e-06
 2.44816e-06
 2.44816e-06
 2.44816e-06
 2.44816e-06
 2.44816e-06
 2.44816e-06
 2.44816e-06
 2.44816e-06
 2.44816e-06
 2.44816e-06
 2.44816e-06
 2.44816e-06
 2.44816e-06
 2.44816e-06
 2.44816e-06
 2.44816e-06
 2.44816e-06
 2.44816e-06
 2.44816e-06
 5.25687e+00
 5.66293e+00
 5.62182e+00
 5.46760e+00
 5.33627e+00
 5.13502e+00
 4.90511e+00
 4.64667e+00
 4.36521e+00
 4.06938e+00
 3.76458e+00
 3.45710e+00
 3.15242e+00
 2.85489e+00
 2.56873e+00
 2.29660e+00
 2.04107e+00
 1.80339e+00
 1.58464e+00
 1.38502e+00
 1.20443e+00
 1.04228e+00
 8.97858e-01
 7.70347e-01
 6.58800e-01
 5.61963e-01
 4.78234e-01
 4.05754e-01
 3.42567e-01
 2.86637e-01
 2.35619e-01
 1.86678e-01
 1.40464e-01
 9.63005e-02
 4.86685e-02
 1.17317e-02
 4.97635e-04
 4.60029e-06
 2.44825e-06
 2.44816e-06
 2.44816e-06
 2.44816e-06
 2.44816e-06
 2.44816e-06
 2.44816e-06
 2.44816e-06
 2.44816e-06
 2.44816e-06
 2.44816e-06
 2.44816e-06
 2.44816e-06
 2.44816e-06
 2.44816e-06
 2.44816e-06
 2.44816e-06
 2.44816e-06
 2.44816e-06
 2.44816e-06
 2.44816e-06
 2.44816e-06
 4.50199e+00
 4.77147e+00
 4.73747e+00
 4.61474e+00
 4.50237e+00
 4.33707e+00
 4.14816e+00
 3.93526e+00
 3.70393e+00
 3.45965e+00
 3.20743e+00
 2.95214e+00
 2.69810e+00
 2.44934e+00
 2.20889e+00
 1.97961e+00
 1.76328e+00
 1.56152e+00
 1.37509e+00
 1.20443e+00
 1.04949e+00
 9.10030e-01
 7.85624e-01
 6.75708e-01
 5.79425e-01
 4.95555e-01
 4.22580e-01
 3.58776e-01
 3.02253e-01
 2.52455e-01
 2.02244e-01
 1.56593e-01
 1.13933e-01
 6.69869e-02
 2.40217e-02
 2.41061e-03
 3.04030e-05
 2.48867e-06
 2.44817e-06
 2.44816e-06
 2.44816e-06
 2.44816e-06
 2.44816e-06
 2.44816e-06
 2.44816e-06
 2.44816e-06
 2.44816e-06
 2.44816e-06
 2.44816e-06
 2.44816e-06
 2.44816e-06
 2.44816e-06
 2.44816e-06
 2.44816e-06
 2.44816e-06
 2.44816e-06
 2.44816e-06
 2.44816e-06
 2.44816e-06
 2.44816e-06
 3.83866e+00
 4.01400e+00
 3.98413e+00
 3.88755e+00
 3.79070e+00
 3.65586e+00
 3.49970e+00
 3.32476e+00
 3.13406e+00
 2.93250e+00
 2.72385e+00
 2.51202e+00
 2.30071e+00
 2.09294e+00
 1.89162e+00
 1.69885e+00
 1.51652e+00
 1.34581e+00
 1.18760e+00
 1.04228e+00
 9.10030e-01
 7.90801e-01
 6.84371e-01
 5.90232e-01
 5.07527e-01
 4.35071e-01
 3.71428e-01
 3.15042e-01
 2.64973e-01
 2.15736e-01
 1.71013e-01
 1.28223e-01
 8.33185e-02
 3.80938e-02
 7.13639e-03
 2.03723e-04
 3.09027e-06
 2.44820e-06
 2.44816e-06
 2.44816e-06
 2.44816e-06
 2.44816e-06
 2.44816e-06
 2.44816e-06
 2.44816e-06
 2.44816e-06
 2.44816e-06
 2.44816e-06
 2.44816e-06
 2.44816e-06
 2.44816e-06
 2.44816e-06
 2.44816e-06
 2.44816e-06
 2.44816e-06
 2.44816e-06
 2.44816e-06
 2.44816e-06
 2.44816e-06
 2.44816e-06
 3.25941e+00
 3.36998e+00
 3.34445e+00
 3.26724e+00
 3.18534e+00
 3.07446e+00
 2.94598e+00
 2.80173e+00
 2.64472e+00
 2.47835e+00
 2.30582e+00
 2.13032e+00
 1.95469e+00
 1.78165e+00
 1.61340e+00
 1.45193e+00
 1.29867e+00
 1.15478e+00
 1.02100e+00
 8.97858e-01
 7.85624e-01
 6.84371e-01
 5.93892e-01
 5.13645e-01
 4.42767e-01
 3.80111e-01
 3.24383e-01
 2.74225e-01
 2.27161e-01
 1.82530e-01
 1.39099e-01
 9.72375e-02
 5.17525e-02
 1.44505e-02
 8.70198e-04
 8.45874e-06
 2.45301e-06
 2.44816e-06
 2.44816e-06
 2.44816e-06
 2.44816e-06
 2.44816e-06
 2.44816e-06
 2.44816e-06
 2.44816e-06
 2.44816e-06
 2.44816e-06
 2.44816e-06
 2.44816e-06
 2.44816e-06
 2.44816e-06
 2.44816e-06
 2.44816e-06
 2.44816e-06
 2.44816e-06
 2.44816e-06
 2.44816e-06
 2.44816e-06
 2.44816e-06
 2.44816e-06
 2.75609e+00
 2.82357e+00
 2.80138e+00
 2.73992e+00
 2.67070e+00
 2.57983e+00
 2.47386e+00
 2.35512e+00
 2.22571e+00
 2.08846e+00
 1.94594e+00
 1.80064e+00
 1.65500e+00
 1.51112e+00
 1.37094e+00
 1.23599e+00
 1.10758e+00
 9.86701e-01
 8.74114e-01
 7.70347e-01
 6.75708e-01
 5.90232e-01
 5.13645e-01
 4.45367e-01
 3.84532e-01
 3.30082e-01
 2.80610e-01
 2.35843e-01
 1.90781e-01
 1.48307e-01
 1.08285e-01
 6.36389e-02
 2.30226e-02
 2.48895e-03
 3.72620e-05
 2.51764e-06
 2.44817e-06
 2.44816e-06
 2.44816e-06
 2.44816e-06
 2.44816e-06
 2.44816e-06
 2.44816e-06
 2.44816e-06
 2.44816e-06
 2.44816e-06
 2.44816e-06
 2.44816e-06
 2.44816e-06
 2.44816e-06
 2.44816e-06
 2.44816e-06
 2.44816e-06
 2.44816e-06
 2.44816e-06
 2.44816e-06
 2.44816e-06
 2.44816e-06
 2.44816e-06
 2.44816e-06
 2.32131e+00
 2.36047e+00
 2.34152e+00
 2.29225e+00
 2.23438e+00
 2.15966e+00
 2.07247e+00
 1.97464e+00
 1.86808e+00
 1.75493e+00
 1.63730e+00
 1.51723e+00
 1.39663e+00
 1.27727e+00
 1.16069e+00
 1.04824e+00
 9.41016e-01
 8.39942e-01
 7.45712e-01
 6.58800e-01
 5.79425e-01
 5.07527e-01
 4.42767e-01
 3.84532e-01
 3.32000e-01
 2.84001e-01
 2.40728e-01
 1.96294e-01
 1.55207e-01
 1.16396e-01
 7.31154e-02
 3.13030e-02
 5.18281e-03
 1.34762e-04
 2.89354e-06
 2.44821e-06
 2.44816e-06
 2.44816e-06
 2.44816e-06
 2.44816e-06
 2.44816e-06
 2.44816e-06
 2.44816e-06
 2.44816e-06
 2.44816e-06
 2.44816e-06
 2.44816e-06
 2.44816e-06
 2.44816e-06
 2.44816e-06
 2.44816e-06
 2.44816e-06
 2.44816e-06
 2.44816e-06
 2.44816e-06
 2.44816e-06
 2.44816e-06
 2.44816e-06
 2.44816e-06
 2.44816e-06
 1.94768e+00
 1.96885e+00
 1.95276e+00
 1.91332e+00
 1.86510e+00
 1.80377e+00
 1.73203e+00
 1.65155e+00
 1.56385e+00
 1.47066e+00
 1.37370e+00
 1.27458e+00
 1.17490e+00
 1.07607e+00
 9.79411e-01
 8.86043e-01
 7.96941e-01
 7.12881e-01
 6.34440e-01
 5.61963e-01
 4.95555e-01
 4.35071e-01
 3.80111e-01
 3.30082e-01
 2.84001e-01
 2.42309e-01
 1.99115e-01
 1.59456e-01
 1.21690e-01
 7.99402e-02
 3.82129e-02
 8.39123e-03
 3.52828e-04
 4.37044e-06
 2.44836e-06
 2.44816e-06
 2.44816e-06
 2.44816e-06
 2.44816e-06
 2.44816e-06
 2.44816e-06
 2.44816e-06
 2.44816e-06
 2.44816e-06
 2.44816e-06
 2.44816e-06
 2.44816e-06
 2.44816e-06
 2.44816e-06
 2.44816e-06
 2.44816e-06
 2.44816e-06
 2.44816e-06
 2.44816e-06
 2.44816e-06
 2.44816e-06
 2.44816e-06
 2.44816e-06
 2.44816e-06
 2.44816e-06
 1.62841e+00
 1.63847e+00
 1.62505e+00
 1.59337e+00
 1.55348e+00
 1.50313e+00
 1.44418e+00
 1.37801e+00
 1.30590e+00
 1.22924e+00
 1.14941e+00
 1.06775e+00
 9.85551e-01
 9.03999e-01
 8.24172e-01
 7.47018e-01
 6.73328e-01
 6.03718e-01
 5.38614e-01
 4.78234e-01
 4.22580e-01
 3.71428e-01
 3.24383e-01
 2.80610e-01
 2.40728e-01
 1.99115e-01
 1.60892e-01
 1.24296e-01
 8.40513e-02
 4.30975e-02
 1.13525e-02
 6.88031e-04
 8.19348e-06
 2.45588e-06
 2.44817e-06
 2.44816e-06
 2.44816e-06
 2.44816e-06
 2.44816e-06
 2.44816e-06
 2.44816e-06
 2.44816e-06
 2.44816e-06
 2.44816e-06
 2.44816e-06
 2.44816e-06
 2.44816e-06
 2.44816e-06
 2.44816e-06
 2.44816e-06
 2.44816e-06
 2.44816e-06
 2.44816e-06
 2.44816e-06
 2.44816e-06
 2.44816e-06
 2.44816e-06
 2.44816e-06
 2.44816e-06
 2.44816e-06
 1.35703e+00
 1.36054e+00
 1.34953e+00
 1.32403e+00
 1.29117e+00
 1.24989e+00
 1.20152e+00
 1.14719e+00
 1.08799e+00
 1.02505e+00
 9.59499e-01
 8.92433e-01
 8.24902e-01
 7.57873e-01
 6.92220e-01
 6.28695e-01
 5.67912e-01
 5.10331e-01
 4.56245e-01
 4.05754e-01
 3.58776e-01
 3.15042e-01
 2.74225e-01
 2.35843e-01
 1.96294e-01
 1.59456e-01
 1.24296e-01
 8.54199e-02
 4.56094e-02
 1.34110e-02
 1.04450e-03
 1.46659e-05
 2.47613e-06
 2.44817e-06
 2.44816e-06
 2.44816e-06
 2.44816e-06
 2.44816e-06
 2.44816e-06
 2.44816e-06
 2.44816e-06
 2.44816e-06
 2.44816e-06
 2.44816e-06
 2.44816e-06
 2.44816e-06
 2.44816e-06
 2.44816e-06
 2.44816e-06
 2.44816e-06
 2.44816e-06
 2.44816e-06
 2.44816e-06
 2.44816e-06
 2.44816e-06
 2.44816e-06
 2.44816e-06
 2.44816e-06
 2.44816e-06
 2.44816e-06
 1.12763e+00
 1.12750e+00
 1.11866e+00
 1.09810e+00
 1.07117e+00
 1.03740e+00
 9.97807e-01
 9.53324e-01
 9.04860e-01
 8.53343e-01
 7.99694e-01
 7.44798e-01
 6.89491e-01
 6.34545e-01
 5.80641e-01
 5.28361e-01
 4.78167e-01
 4.30380e-01
 3.85171e-01
 3.42567e-01
 3.02253e-01
 2.64973e-01
 2.27161e-01
 1.90781e-01
 1.55207e-01
 1.21690e-01
 8.40513e-02
 4.56094e-02
 1.41443e-02
 1.27627e-03
 2.14291e-05
 2.50568e-06
 2.44818e-06
 2.44816e-06
 2.44816e-06
 2.44816e-06
 2.44816e-06
 2.44816e-06
 2.44816e-06
 2.44816e-06
 2.44816e-06
 2.44816e-06
 2.44816e-06
 2.44816e-06
 2.44816e-06
 2.44816e-06
 2.44816e-06
 2.44816e-06
 2.44816e-06
 2.44816e-06
 2.44816e-06
 2.44816e-06
 2.44816e-06
 2.44816e-06
 2.44816e-06
 2.44816e-06
 2.44816e-06
 2.44816e-06
 2.44816e-06
 2.44816e-06
 9.35020e-01
 9.33175e-01
 9.26062e-01
 9.09554e-01
 8.87589e-01
 8.60038e-01
 8.27721e-01
 7.91396e-01
 7.51825e-01
 7.09757e-01
 6.65932e-01
 6.21051e-01
 5.75773e-01
 5.30697e-01
 4.86351e-01
 4.43166e-01
 4.01468e-01
 3.61477e-01
 3.23181e-01
 2.86637e-01
 2.52455e-01
 2.15736e-01
 1.82530e-01
 1.48307e-01
 1.16396e-01
 7.99402e-02
 4.30975e-02
 1.34110e-02
 1.27627e-03
 2.43799e-05
 2.52909e-06
 2.44819e-06
 2.44816e-06
 2.44816e-06
 2.44816e-06
 2.44816e-06
 2.44816e-06
 2.44816e-06
 2.44816e-06
 2.44816e-06
 2.44816e-06
 2.44816e-06
 2.44816e-06
 2.44816e-06
 2.44816e-06
 2.44816e-06
 2.44816e-06
 2.44816e-06
 2.44816e-06
 2.44816e-06
 2.44816e-06
 2.44816e-06
 2.44816e-06
 2.44816e-06
 2.44816e-06
 2.44816e-06
 2.44816e-06
 2.44816e-06
 2.44816e-06
 2.44816e-06
 7.74401e-01
 7.71956e-01
 7.66202e-01
 7.52985e-01
 7.35117e-01
 7.12664e-01
 6.86304e-01
 6.56659e-01
 6.24350e-01
 5.89979e-01
 5.54131e-01
 5.17356e-01
 4.80164e-01
 4.43010e-01
 4.06289e-01
 3.70321e-01
 3.35220e-01
 3.01000e-01
 2.69041e-01
 2.35619e-01
 2.02244e-01
 1.71013e-01
 1.39099e-01
 1.08285e-01
 7.31154e-02
 3.82129e-02
 1.13525e-02
 1.04450e-03
 2.14291e-05
 2.52909e-06
 2.44819e-06
 2.44816e-06
 2.44816e-06
 2.44816e-06
 2.44816e-06
 2.44816e-06
 2.44816e-06
 2.44816e-06
 2.44816e-06
 2.44816e-06
 2.44816e-06
 2.44816e-06
 2.44816e-06
 2.44816e-06
 2.44816e-06
 2.44816e-06
 2.44816e-06
 2.44816e-06
 2.44816e-06
 2.44816e-06
 2.44816e-06
 2.44816e-06
 2.44816e-06
 2.44816e-06
 2.44816e-06
 2.44816e-06
 2.44816e-06
 2.44816e-06
 2.44816e-06
 2.44816e-06
 6.40944e-01
 6.38473e-01
 6.33808e-01
 6.23190e-01
 6.08630e-01
 5.90290e-01
 5.68741e-01
 5.44484e-01
 5.18021e-01
 4.89827e-01
 4.60359e-01
 4.30044e-01
 3.99274e-01
 3.68365e-01
 3.37465e-01
 3.06862e-01
 2.77796e-01
 2.47734e-01
 2.15821e-01
 1.86678e-01
 1.56593e-01
 1.28223e-01
 9.72375e-02
 6.36389e-02
 3.13030e-02
 8.39123e-03
 6.88031e-04
 1.46659e-05
 2.50568e-06
 2.44819e-06
 2.44816e-06
 2.44816e-06
 2.44816e-06
 2.44816e-06
 2.44816e-06
 2.44816e-06
 2.44816e-06
 2.44816e-06
 2.44816e-06
 2.44816e-06
 2.44816e-06
 2.44816e-06
 2.44816e-06
 2.44816e-06
 2.44816e-06
 2.44816e-06
 2.44816e-06
 2.44816e-06
 2.44816e-06
 2.44816e-06
 2.44816e-06
 2.44816e-06
 2.44816e-06
 2.44816e-06
 2.44816e-06
 2.44816e-06
 2.44816e-06
 2.44816e-06
 2.44816e-06
 2.44816e-06
 5.29904e-01
 5.27663e-01
 5.23850e-01
 5.15248e-01
 5.03317e-01
 4.88259e-01
 4.70548e-01
 4.50589e-01
 4.28783e-01
 4.05502e-01
 3.81049e-01
 3.55675e-01
 3.29644e-01
 3.04010e-01
 2.78300e-01
 2.50996e-01
 2.22046e-01
 1.95089e-01
 1.68045e-01
 1.40464e-01
 1.13933e-01
 8.33185e-02
 5.17525e-02
 2.30226e-02
 5.18281e-03
 3.52828e-04
 8.19348e-06
 2.47613e-06
 2.44818e-06
 2.44816e-06
 2.44816e-06
 2.44816e-06
 2.44816e-06
 2.44816e-06
 2.44816e-06
 2.44816e-06
 2.44816e-06
 2.44816e-06
 2.44816e-06
 2.44816e-06
 2.44816e-06
 2.44816e-06
 2.44816e-06
 2.44816e-06
 2.44816e-06
 2.44816e-06
 2.44816e-06
 2.44816e-06
 2.44816e-06
 2.44816e-06
 2.44816e-06
 2.44816e-06
 2.44816e-06
 2.44816e-06
 2.44816e-06
 2.44816e-06
 2.44816e-06
 2.44816e-06
 2.44816e-06
 2.44816e-06
 4.36952e-01
 4.35025e-01
 4.31868e-01
 4.24820e-01
 4.14963e-01
 4.02483e-01
 3.87753e-01
 3.71074e-01
 3.52744e-01
 3.33130e-01
 3.13226e-01
 2.92229e-01
 2.69838e-01
 2.44990e-01
 2.20301e-01
 1.96610e-01
 1.72328e-01
 1.47050e-01
 1.23276e-01
 9.63005e-02
 6.69869e-02
 3.80938e-02
 1.44505e-02
 2.48895e-03
 1.34762e-04
 4.37044e-06
 2.45588e-06
 2.44817e-06
 2.44816e-06
 2.44816e-06
 2.44816e-06
 2.44816e-06
 2.44816e-06
 2.44816e-06
 2.44816e-06
 2.44816e-06
 2.44816e-06
 2.44816e-06
 2.44816e-06
 2.44816e-06
 2.44816e-06
 2.44816e-06
 2.44816e-06
 2.44816e-06
 2.44816e-06
 2.44816e-06
 2.44816e-06
 2.44816e-06
 2.44816e-06
 2.44816e-06
 2.44816e-06
 2.44816e-06
 2.44816e-06
 2.44816e-06
 2.44816e-06
 2.44816e-06
 2.44816e-06
 2.44816e-06
 2.44816e-06
 2.44816e-06
 3.57808e-01
 3.56161e-01
 3.53471e-01
 3.47671e-01
 3.39705e-01
 3.29599e-01
 3.17549e-01
 3.03689e-01
 2.88092e-01
 2.70615e-01
 2.50847e-01
 2.30874e-01
 2.10944e-01
 1.91187e-01
 1.69269e-01
 1.47033e-01
 1.25869e-01
 1.02013e-01
 7.55074e-02
 4.86685e-02
 2.40217e-02
 7.13639e-03
 8.70198e-04
 3.72620e-05
 2.89354e-06
 2.44836e-06
 2.44817e-06
 2.44816e-06
 2.44816e-06
 2.44816e-06
 2.44816e-06
 2.44816e-06
 2.44816e-06
 2.44816e-06
 2.44816e-06
 2.44816e-06
 2.44816e-06
 2.44816e-06
 2.44816e-06
 2.44816e-06
 2.44816e-06
 2.44816e-06
 2.44816e-06
 2.44816e-06
 2.44816e-06
 2.44816e-06
 2.44816e-06
 2.44816e-06
 2.44816e-06
 2.44816e-06
 2.44816e-06
 2.44816e-06
 2.44816e-06
 2.44816e-06
 2.44816e-06
 2.44816e-06
 2.44816e-06
 2.44816e-06
 2.44816e-06
 2.44816e-06
 2.90454e-01
 2.88974e-01
 2.86373e-01
 2.80880e-01
 2.72972e-01
 2.63050e-01
 2.51570e-01
 2.38872e-01
 2.25065e-01
 2.10448e-01
 1.95181e-01
 1.77523e-01
 1.59012e-01
 1.40419e-01
 1.21954e-01
 1.00725e-01
 7.71051e-02
 5.29912e-02
 2.98922e-02
 1.17317e-02
 2.41061e-03
 2.03723e-04
 8.45874e-06
 2.51764e-06
 2.44821e-06
 2.44816e-06
 2.44816e-06
 2.44816e-06
 2.44816e-06
 2.44816e-06
 2.44816e-06
 2.44816e-06
 2.44816e-06
 2.44816e-06
 2.44816e-06
 2.44816e-06
 2.44816e-06
 2.44816e-06
 2.44816e-06
 2.44816e-06
 2.44816e-06
 2.44816e-06
 2.44816e-06
 2.44816e-06
 2.44816e-06
 2.44816e-06
 2.44816e-06
 2.44816e-06
 2.44816e-06
 2.44816e-06
 2.44816e-06
 2.44816e-06
 2.44816e-06
 2.44816e-06
 2.44816e-06
 2.44816e-06
 2.44816e-06
 2.44816e-06
 2.44816e-06
 2.44816e-06
 2.25571e-01
 2.24359e-01
 2.22195e-01
 2.17882e-01
 2.11925e-01
 2.04281e-01
 1.94793e-01
 1.83201e-01
 1.70406e-01
 1.56716e-01
 1.42339e-01
 1.27844e-01
 1.11178e-01
 9.23432e-02
 7.17033e-02
 5.07151e-02
 3.04167e-02
 1.36705e-02
 3.73920e-03
 4.97635e-04
 3.04030e-05
 3.09027e-06
 2.45301e-06
 2.44817e-06
 2.44816e-06
 2.44816e-06
 2.44816e-06
 2.44816e-06
 2.44816e-06
 2.44816e-06
 2.44816e-06
 2.44816e-06
 2.44816e-06
 2.44816e-06
 2.44816e-06
 2.44816e-06
 2.44816e-06
 2.44816e-06
 2.44816e-06
 2.44816e-06
 2.44816e-06
 2.44816e-06
 2.44816e-06
 2.44816e-06
 2.44816e-06
 2.44816e-06
 2.44816e-06
 2.44816e-06
 2.44816e-06
 2.44816e-06
 2.44816e-06
 2.44816e-06
 2.44816e-06
 2.44816e-06
 2.44816e-06
 2.44816e-06
 2.44816e-06
 2.44816e-06
 2.44816e-06
 2.44816e-06
 1.68914e-01
 1.67755e-01
 1.65546e-01
 1.61430e-01
 1.55740e-01
 1.48582e-01
 1.40301e-01
 1.31150e-01
 1.20252e-01
 1.07491e-01
 9.29337e-02
 7.66346e-02
 5.96071e-02
 4.21400e-02
 2.55570e-02
 1.20025e-02
 3.71054e-03
 6.38960e-04
 5.68789e-05
 4.60029e-06
 2.48867e-06
 2.44820e-06
 2.44816e-06
 2.44816e-06
 2.44816e-06
 2.44816e-06
 2.44816e-06
 2.44816e-06
 2.44816e-06
 2.44816e-06
 2.44816e-06
 2.44816e-06
 2.44816e-06
 2.44816e-06
 2.44816e-06
 2.44816e-06
 2.44816e-06
 2.44816e-06
 2.44816e-06
 2.44816e-06
 2.44816e-06
 2.44816e-06
 2.44816e-06
 2.44816e-06
 2.44816e-06
 2.44816e-06
 2.44816e-06
 2.44816e-06
 2.44816e-06
 2.44816e-06
 2.44816e-06
 2.44816e-06
 2.44816e-06
 2.44816e-06
 2.44816e-06
 2.44816e-06
 2.44816e-06
 2.44816e-06
 2.44816e-06
 2.44816e-06
 1.17237e-01
 1.16164e-01
 1.13985e-01
 1.10121e-01
 1.04675e-01
 9.76080e-02
 8.89040e-02
 7.86204e-02
 6.72031e-02
 5.47940e-02
 4.16469e-02
 2.85569e-02
 1.66685e-02
 7.61191e-03
 2.36511e-03
 4.60095e-04
 5.23013e-05
 5.31686e-06
 2.53424e-06
 2.44825e-06
 2.44817e-06
 2.44816e-06
 2.44816e-06
 2.44816e-06
 2.44816e-06
 2.44816e-06
 2.44816e-06
 2.44816e-06
 2.44816e-06
 2.44816e-06
 2.44816e-06
 2.44816e-06
 2.44816e-06
 2.44816e-06
 2.44816e-06
 2.44816e-06
 2.44816e-06
 2.44816e-06
 2.44816e-06
 2.44816e-06
 2.44816e-06
 2.44816e-06
 2.44816e-06
 2.44816e-06
 2.44816e-06
 2.44816e-06
 2.44816e-06
 2.44816e-06
 2.44816e-06
 2.44816e-06
 2.44816e-06
 2.44816e-06
 2.44816e-06
 2.44816e-06
 2.44816e-06
 2.44816e-06
 2.44816e-06
 2.44816e-06
 2.44816e-06
 2.44816e-06
 6.27048e-02
 6.16275e-02
 5.93825e-02
 5.57094e-02
 5.06895e-02
 4.44300e-02
 3.71491e-02
 2.91841e-02
 2.09992e-02
 1.33587e-02
 7.13006e-03
 2.91869e-03
 8.65107e-04
 1.75113e-04
 2.38316e-05
 4.02736e-06
 2.51541e-06
 2.44824e-06
 2.44817e-06
 2.44816e-06
 2.44816e-06
 2.44816e-06
 2.44816e-06
 2.44816e-06
 2.44816e-06
 2.44816e-06
 2.44816e-06
 2.44816e-06
 2.44816e-06
 2.44816e-06
 2.44816e-06
 2.44816e-06
 2.44816e-06
 2.44816e-06
 2.44816e-06
 2.44816e-06
 2.44816e-06
 2.44816e-06
 2.44816e-06
 2.44816e-06
 2.44816e-06
 2.44816e-06
 2.44816e-06
 2.44816e-06
 2.44816e-06
 2.44816e-06
 2.44816e-06
 2.44816e-06
 2.44816e-06
 2.44816e-06
 2.44816e-06
 2.44816e-06
 2.44816e-06
 2.44816e-06
 2.44816e-06
 2.44816e-06
 2.44816e-06
 2.44816e-06
 2.44816e-06
 2.44816e-06
 1.74134e-02
 1.67333e-02
 1.53500e-02
 1.32905e-02
 1.07283e-02
 7.92697e-03
 5.21441e-03
 2.92471e-03
 1.36288e-03
 5.07655e-04
 1.43976e-04
 3.04935e-05
 6.24639e-06
 2.78283e-06
 2.46662e-06
 2.44820e-06
 2.44817e-06
 2.44816e-06
 2.44816e-06
 2.44816e-06
 2.44816e-06
 2.44816e-06
 2.44816e-06
 2.44816e-06
 2.44816e-06
 2.44816e-06
 2.44816e-06
 2.44816e-06
 2.44816e-06
 2.44816e-06
 2.44816e-06
 2.44816e-06
 2.44816e-06
 2.44816e-06
 2.44816e-06
 2.44816e-06
 2.44816e-06
 2.44816e-06
 2.44816e-06
 2.44816e-06
 2.44816e-06
 2.44816e-06
 2.44816e-06
 2.44816e-06
 2.44816e-06
 2.44816e-06
 2.44816e-06
 2.44816e-06
 2.44816e-06
 2.44816e-06
 2.44816e-06
 2.44816e-06
 2.44816e-06
 2.44816e-06
 2.44816e-06
 2.44816e-06
 2.44816e-06
 2.44816e-06
 2.44816e-06
 2.44816e-06
 8.48710e-04
 7.75197e-04
 6.39673e-04
 4.69011e-04
 2.99877e-04
 1.63531e-04
 7.43459e-05
 2.80833e-05
 9.55392e-06
 3.92331e-06
 2.66849e-06
 2.47097e-06
 2.44822e-06
 2.44817e-06
 2.44816e-06
 2.44816e-06
 2.44816e-06
 2.44816e-06
 2.44816e-06
 2.44816e-06
 2.44816e-06
 2.44816e-06
 2.44816e-06
 2.44816e-06
 2.44816e-06
 2.44816e-06
 2.44816e-06
 2.44816e-06
 2.44816e-06
 2.44816e-06
 2.44816e-06
 2.44816e-06
 2.44816e-06
 2.44816e-06
 2.44816e-06
 2.44816e-06
 2.44816e-06
 2.44816e-06
 2.44816e-06
 2.44816e-06
 2.44816e-06
 2.44816e-06
 2.44816e-06
 2.44816e-06
 2.44816e-06
 2.44816e-06
 2.44816e-06
 2.44816e-06
 2.44816e-06
 2.44816e-06
 2.44816e-06
 2.44816e-06
 2.44816e-06
 2.44816e-06
 2.44816e-06
 2.44816e-06
 2.44816e-06
 2.44816e-06
 2.44816e-06
 2.44816e-06
 5.41097e-06
 5.00062e-06
 4.32100e-06
 3.59567e-06
 3.02261e-06
 2.67789e-06
 2.51985e-06
 2.46513e-06
 2.45076e-06
 2.44818e-06
 2.44817e-06
 2.44816e-06
 2.44816e-06
 2.44816e-06
 2.44816e-06
 2.44816e-06
 2.44816e-06
 2.44816e-06
 2.44816e-06
 2.44816e-06
 2.44816e-06
 2.44816e-06
 2.44816e-06
 2.44816e-06
 2.44816e-06
 2.44816e-06
 2.44816e-06
 2.44816e-06
 2.44816e-06
 2.44816e-06
 2.44816e-06
 2.44816e-06
 2.44816e-06
 2.44816e-06
 2.44816e-06
 2.44816e-06
 2.44816e-06
 2.44816e-06
 2.44816e-06
 2.44816e-06
 2.44816e-06
 2.44816e-06
 2.44816e-06
 2.44816e-06
 2.44816e-06
 2.44816e-06
 2.44816e-06
 2.44816e-06
 2.44816e-06
 2.44816e-06
 2.44816e-06
 2.44816e-06
 2.44816e-06
 2.44816e-06
 2.44816e-06
 2.44816e-06
 2.44816e-06
 2.44816e-06
 2.44816e-06
 2.44816e-06
 2.44818e-06
 2.44818e-06
 2.44818e-06
 2.44817e-06
 2.44817e-06
 2.44816e-06
 2.44816e-06
 2.44816e-06
 2.44816e-06
 2.44816e-06
 2.44816e-06
 2.44816e-06
 2.44816e-06
 2.44816e-06
 2.44816e-06
 2.44816e-06
 2.44816e-06
 2.44816e-06
 2.44816e-06
 2.44816e-06
 2.44816e-06
 2.44816e-06
 2.44816e-06
 2.44816e-06
 2.44816e-06
 2.44816e-06
 2.44816e-06
 2.44816e-06
 2.44816e-06
 2.44816e-06
 2.44816e-06
 2.44816e-06
 2.44816e-06
 2.44816e-06
 2.44816e-06
 2.44816e-06
 2.44816e-06
 2.44816e-06
 2.44816e-06
 2.44816e-06
 2.44816e-06
 2.44816e-06
 2.44816e-06
 2.44816e-06
 2.44816e-06
 2.44816e-06
 2.44816e-06
 2.44816e-06
 2.44816e-06
 2.44816e-06
 2.44816e-06
 2.44816e-06
 2.44816e-06
 2.44816e-06
 2.44816e-06
 2.44816e-06
 2.44816e-06
 2.44816e-06
 2.44816e-06
 2.44816e-06
 2.44816e-06
 2.44816e-06
 2.44816e-06
 2.44816e-06
 2.44816e-06
 2.44816e-06
 2.44816e-06
 2.44816e-06
 2.44816e-06
 2.44816e-06
 2.44816e-06
 2.44816e-06
 2.44816e-06
 2.44816e-06
 2.44816e-06
 2.44816e-06
 2.44816e-06
 2.44816e-06
 2.44816e-06
 2.44816e-06
 2.44816e-06
 2.44816e-06
 2.44816e-06
 2.44816e-06
 2.44816e-06
 2.44816e-06
 2.44816e-06
 2.44816e-06
 2.44816e-06
 2.44816e-06
 2.44816e-06
 2.44816e-06
 2.44816e-06
 2.44816e-06
 2.44816e-06
 2.44816e-06
 2.44816e-06
 2.44816e-06
 2.44816e-06
 2.44816e-06
 2.44816e-06
 2.44816e-06
 2.44816e-06
 2.44816e-06
 2.44816e-06
 2.44816e-06
 2.44816e-06
 2.44816e-06
 2.44816e-06
 2.44816e-06
 2.44816e-06
 2.44816e-06
 2.44816e-06
 2.44816e-06
 2.44816e-06
 2.44816e-06
 2.44816e-06
 2.44816e-06
 2.44816e-06
 2.44816e-06
 2.44816e-06
 2.44816e-06
 2.44816e-06
 2.44816e-06
 2.44816e-06
 2.44816e-06
 2.44816e-06
 2.44816e-06
 2.44816e-06
 2.44816e-06
 2.44816e-06
 2.44816e-06
 2.44816e-06
 2.44816e-06
 2.44816e-06
 2.44816e-06
 2.44816e-06
 2.44816e-06
 2.44816e-06
 2.44816e-06
 2.44816e-06
 2.44816e-06
 2.44816e-06
 2.44816e-06
 2.44816e-06
 2.44816e-06
 2.44816e-06
 2.44816e-06
 2.44816e-06
 2.44816e-06
 2.44816e-06
 2.44816e-06
 2.44816e-06
 2.44816e-06
 2.44816e-06
 2.44816e-06
 2.44816e-06
 2.44816e-06
 2.44816e-06
 2.44816e-06
 2.44816e-06
 2.44816e-06
 2.44816e-06
 2.44816e-06
 2.44816e-06
 2.44816e-06
 2.44816e-06
 2.44816e-06
 2.44816e-06
 2.44816e-06
 2.44816e-06
 2.44816e-06
 2.44816e-06
 2.44816e-06
 2.44816e-06
 2.44816e-06
 2.44816e-06
 2.44816e-06
 2.44816e-06
 2.44816e-06
 2.44816e-06
 2.44816e-06
 2.44816e-06
 2.44816e-06
 2.44816e-06
 2.44816e-06
 2.44816e-06
 2.44816e-06
 2.44816e-06
 2.44816e-06
 2.44816e-06
 2.44816e-06
 2.44816e-06
 2.44816e-06
 2.44816e-06
 2.44816e-06
 2.44816e-06
 2.44816e-06
 2.44816e-06
 2.44816e-06
 2.44816e-06
 2.44816e-06
 2.44816e-06
 2.44816e-06
 2.44816e-06
 2.44816e-06
 2.44816e-06
 2.44816e-06
 2.44816e-06
 2.44816e-06
 2.44816e-06
 2.44816e-06
 2.44816e-06
 2.44816e-06
 2.44816e-06
 2.44816e-06
 2.44816e-06
 2.44816e-06
 2.44816e-06
 2.44816e-06
 2.44816e-06
 2.44816e-06
 2.44816e-06
 2.44816e-06
 2.44816e-06
 2.44816e-06
 2.44816e-06
 2.44816e-06
 2.44816e-06
 2.44816e-06
 2.44816e-06
 2.44816e-06
 2.44816e-06
 2.44816e-06
 2.44816e-06
 2.44816e-06
 2.44816e-06
 2.44816e-06
 2.44816e-06
 2.44816e-06
 2.44816e-06
 2.44816e-06
 2.44816e-06
 2.44816e-06
 2.44816e-06
 2.44816e-06
 2.44816e-06
 2.44816e-06
 2.44816e-06
 2.44816e-06
 2.44816e-06
 2.44816e-06
 2.44816e-06
 2.44816e-06
 2.44816e-06
 2.44816e-06
 2.44816e-06
 2.44816e-06
 2.44816e-06
 2.44816e-06
 2.44816e-06
 2.44816e-06
 2.44816e-06
 2.44816e-06
 2.44816e-06
 2.44816e-06
 2.44816e-06
 2.44816e-06
 2.44816e-06
 2.44816e-06
 2.44816e-06
 2.44816e-06
 2.44816e-06
 2.44816e-06
 2.44816e-06
 2.44816e-06
 2.44816e-06
 2.44816e-06
 2.44816e-06
 2.44816e-06
 2.44816e-06
 2.44816e-06
 2.44816e-06
 2.44816e-06
 2.44816e-06
 2.44816e-06
 2.44816e-06
 2.44816e-06
 2.44816e-06
 2.44816e-06
 2.44816e-06
 2.44816e-06
 2.44816e-06
 2.44816e-06
 2.44816e-06
 2.44816e-06
 2.44816e-06
 2.44816e-06
 2.44816e-06
 2.44816e-06
 2.44816e-06
 2.44816e-06
 2.44816e-06
 2.44816e-06
 2.44816e-06
 2.44816e-06
 2.44816e-06
 2.44816e-06
 2.44816e-06
 2.44816e-06
 2.44816e-06
 2.44816e-06
 2.44816e-06
 2.44816e-06
 2.44816e-06
 2.44816e-06
 2.44816e-06
 2.44816e-06
 2.44816e-06
 2.44816e-06
 2.44816e-06
 2.44816e-06
 2.44816e-06
 2.44816e-06
 2.44816e-06
 2.44816e-06
 2.44816e-06
 2.44816e-06
 2.44816e-06
 2.44816e-06
 2.44816e-06
 2.44816e-06
 2.44816e-06
 2.44816e-06
 2.44816e-06
 2.44816e-06
 2.44816e-06
 2.44816e-06
 2.44816e-06
 2.44816e-06
 2.44816e-06
 2.44816e-06
 2.44816e-06
 2.44816e-06
 2.44816e-06
 2.44816e-06
 2.44816e-06
 2.44816e-06
 2.44816e-06
 2.44816e-06
 2.44816e-06
 2.44816e-06
 2.44816e-06
 2.44816e-06
 2.44816e-06
 2.44816e-06
 2.44816e-06
 2.44816e-06
 2.44816e-06
 2.44816e-06
 2.44816e-06
 2.44816e-06
 2.44816e-06
 2.44816e-06
 2.44816e-06
 2.44816e-06
 2.44816e-06
 2.44816e-06
 2.44816e-06
 2.44816e-06
 2.44816e-06
 2.44816e-06
 2.44816e-06
 2.44816e-06
 2.44816e-06
 2.44816e-06
 2.44816e-06
 2.44816e-06
 2.44816e-06
 2.44816e-06
 2.44816e-06
 2.44816e-06
 2.44816e-06
 2.44816e-06
 2.44816e-06
 2.44816e-06
 2.44816e-06
 2.44816e-06
 2.44816e-06
 2.44816e-06
 2.44816e-06
 2.44816e-06
 2.44816e-06
 2.44816e-06
 2.44816e-06
 2.44816e-06
 2.44816e-06
 2.44816e-06
 2.44816e-06
 2.44816e-06
 2.44816e-06
 2.44816e-06
 2.44816e-06
 2.44816e-06
 2.44816e-06
 2.44816e-06
 2.44816e-06
 2.44816e-06
 2.44816e-06
 2.44816e-06
 2.44816e-06
 2.44816e-06
 2.44816e-06
 2.44816e-06
 2.44816e-06
 2.44816e-06
 2.44816e-06
 2.44816e-06
 2.44816e-06
 2.44816e-06
 2.44816e-06
 2.44816e-06
 2.44816e-06
 2.44816e-06
 2.44816e-06
 2.44816e-06
 2.44816e-06
 2.44816e-06
 2.44816e-06
 2.44816e-06
 2.44816e-06
 2.44816e-06
 2.44816e-06
 2.44816e-06
 2.44816e-06
 2.44816e-06
 2.44816e-06
 2.44816e-06
 2.44816e-06
 2.44816e-06
 2.44816e-06
 2.44816e-06
 2.44816e-06
 2.44816e-06
 2.44816e-06
 2.44816e-06
 2.44816e-06
 2.44816e-06
 2.44816e-06
 2.44816e-06
 2.44816e-06
 2.44816e-06
 2.44816e-06
 2.44816e-06
 2.44816e-06
 2.44816e-06
 2.44816e-06
 2.44816e-06
 2.44816e-06
 2.44816e-06
 2.44816e-06
 2.44816e-06
 2.44816e-06
 2.44816e-06
 2.44816e-06
 2.44816e-06
 2.44816e-06
 2.44816e-06
 2.44816e-06
 2.44816e-06
 2.44816e-06
 2.44816e-06
 2.44816e-06
 2.44816e-06
 2.44816e-06
 2.44816e-06
 2.44816e-06
 2.44816e-06
 2.44816e-06
 2.44816e-06
 2.44816e-06
 2.44816e-06
 2.44816e-06
 2.44816e-06
 2.44816e-06
 2.44816e-06
 2.44816e-06
 2.44816e-06
 2.44816e-06
 2.44816e-06
 2.44816e-06
 2.44816e-06
 2.44816e-06
 2.44816e-06
 2.44816e-06
 2.44816e-06
 2.44816e-06
 2.44816e-06
 2.44816e-06
 2.44816e-06
 2.44816e-06
 2.44816e-06
 2.44816e-06
 2.44816e-06
 2.44816e-06
 2.44816e-06
 2.44816e-06
 2.44816e-06
 2.44816e-06
 2.44816e-06
 2.44816e-06
 2.44816e-06
 2.44816e-06
 2.44816e-06
 2.44816e-06
 2.44816e-06
 2.44816e-06
 2.44816e-06
 2.44816e-06
 2.44816e-06
 2.44816e-06
 2.44816e-06
 2.44816e-06
 2.44816e-06
 2.44816e-06
 2.44816e-06
 2.44816e-06
 2.44816e-06
 2.44816e-06
 2.44816e-06
 2.44816e-06
 2.44816e-06
 2.44816e-06
 2.44816e-06
 2.44816e-06
 2.44816e-06
 2.44816e-06
 2.44816e-06
 2.44816e-06
 2.44816e-06
 2.44816e-06
 2.44816e-06
 2.44816e-06
 2.44816e-06
 2.44816e-06
 2.44816e-06
 2.44816e-06
 2.44816e-06
 2.44816e-06
 2.44816e-06
 2.44816e-06
 2.44816e-06
 2.44816e-06
 2.44816e-06
 2.44816e-06
 2.44816e-06
 2.44816e-06
 2.44816e-06
 2.44816e-06
 2.44816e-06
 2.44816e-06
 2.44816e-06
 2.44816e-06
 2.44816e-06
 2.44816e-06
 2.44816e-06
 2.44816e-06
 2.44816e-06
 2.44816e-06
 2.44816e-06
 2.44816e-06
 2.44816e-06
 2.44816e-06
 2.44816e-06
 2.44816e-06
 2.44816e-06
 2.44816e-06
 2.44816e-06
 2.44816e-06
 2.44816e-06
 2.44816e-06
 2.44816e-06
 2.44816e-06
 2.44816e-06
 2.44816e-06
 2.44816e-06
 2.44816e-06
 2.44816e-06
 2.44816e-06
 2.44816e-06
 2.44816e-06
 2.44816e-06
 2.44816e-06
 2.44816e-06
 2.44816e-06
 2.44816e-06
 2.44816e-06
 2.44816e-06
 2.44816e-06
 2.44816e-06
 2.44816e-06
 2.44816e-06
 2.44816e-06
 2.44816e-06
 2.44816e-06
 2.44816e-06
 2.44816e-06
 2.44816e-06
 2.44816e-06
 2.44816e-06
 2.44816e-06
 2.44816e-06
 2.44816e-06
 2.44816e-06
 2.44816e-06
 2.44816e-06
 2.44816e-06
 2.44816e-06
 2.44816e-06
 2.44816e-06
 2.44816e-06
 2.44816e-06
 2.44816e-06
 2.44816e-06
 2.44816e-06
 2.44816e-06
 2.44816e-06
 2.44816e-06
 2.44816e-06
 2.44816e-06
 2.44816e-06
 2.44816e-06
 2.44816e-06
 2.44816e-06
 2.44816e-06
 2.44816e-06
 2.44816e-06
 2.44816e-06
 2.44816e-06
 2.44816e-06
 2.44816e-06
 2.44816e-06
 2.44816e-06
 2.44816e-06
 2.44816e-06
 2.44816e-06
 2.44816e-06
 2.44816e-06
 2.44816e-06
 2.44816e-06
 2.44816e-06
 2.44816e-06
 2.44816e-06
 2.44816e-06
 2.44816e-06
 2.44816e-06
 2.44816e-06
 2.44816e-06
 2.44816e-06
 2.44816e-06
 2.44816e-06
 2.44816e-06
 2.44816e-06
 2.44816e-06
 2.44816e-06
 2.44816e-06
 2.44816e-06
 2.44816e-06
 2.44816e-06
 2.44816e-06
 2.44816e-06
 2.44816e-06
 2.44816e-06
 2.44816e-06
 2.44816e-06
 2.44816e-06
 2.44816e-06
 2.44816e-06
 2.44816e-06
 2.44816e-06
 2.44816e-06
 2.44816e-06
 2.44816e-06
 2.44816e-06
 2.44816e-06
 2.44816e-06
 2.44816e-06
 2.44816e-06
 2.44816e-06
 2.44816e-06
 2.44816e-06
 2.44816e-06
 2.44816e-06
 2.44816e-06
 2.44816e-06
 2.44816e-06
 2.44816e-06
 2.44816e-06
 2.44816e-06
 2.44816e-06
 2.44816e-06
 2.44816e-06
 2.44816e-06
 2.44816e-06
 2.44816e-06
 2.44816e-06
 2.44816e-06
 2.44816e-06
 2.44816e-06
 2.44816e-06
 2.44816e-06
 2.44816e-06
 2.44816e-06
 2.44816e-06
 2.44816e-06
 2.44816e-06
 2.44816e-06
 2.44816e-06
 2.44816e-06
 2.44816e-06
 2.44816e-06
 2.44816e-06
 2.44816e-06
 2.44816e-06
 2.44816e-06
 2.44816e-06
 2.44816e-06
 2.44816e-06
 2.44816e-06
 2.44816e-06
 2.44816e-06
 2.44816e-06
 2.44816e-06
 2.44816e-06
 2.44816e-06
 2.44816e-06
 2.44816e-06
 2.44816e-06
 2.44816e-06
 2.44816e-06
 2.44816e-06
 2.44816e-06
 2.44816e-06
 2.44816e-06
 2.44816e-06
 2.44816e-06
 2.44816e-06
 2.44816e-06
 2.44816e-06
 2.44816e-06
 2.44816e-06
 2.44816e-06
 2.44816e-06
 2.44816e-06
 2.44816e-06
 2.44816e-06
 2.44816e-06
 2.44816e-06
 2.44816e-06
 2.44816e-06
 2.44816e-06
 2.44816e-06
 2.44816e-06
 2.44816e-06
 2.44816e-06
 2.44816e-06
 2.44816e-06
 2.44816e-06
 2.44816e-06
 2.44816e-06
 2.44816e-06
 2.44816e-06
 2.44816e-06
 2.44816e-06
 2.44816e-06
 2.44816e-06
 2.44816e-06
 2.44816e-06
 2.44816e-06
 2.44816e-06
 2.44816e-06
 2.44816e-06
 2.44816e-06
 2.44816e-06
 2.44816e-06
 2.44816e-06
 2.44816e-06
 2.44816e-06
 2.44816e-06
 2.44816e-06
 2.44816e-06
 2.44816e-06
 2.44816e-06
 2.44816e-06
 2.44816e-06
 2.44816e-06
 2.44816e-06
 2.44816e-06
 2.44816e-06
 2.44816e-06
 2.44816e-06
 2.44816e-06
 2.44816e-06
 2.44816e-06
 2.44816e-06
 2.44816e-06
 2.44816e-06
 2.44816e-06
 2.44816e-06
 2.44816e-06
 2.44816e-06
 2.44816e-06
 2.44816e-06
 2.44816e-06
 2.44816e-06
 2.44816e-06
 2.44816e-06
 2.44816e-06
 2.44816e-06
 2.44816e-06
 2.44816e-06
 2.44816e-06
 2.44816e-06
 2.44816e-06
 2.44816e-06
 2.44816e-06
 2.44816e-06
 2.44816e-06
 2.44816e-06
 2.44816e-06
 2.44816e-06
 2.44816e-06
 2.44816e-06
 2.44816e-06
 2.44816e-06
 2.44816e-06
 2.44816e-06
 2.44816e-06
 2.44816e-06
 2.44816e-06
 2.44816e-06
 2.44816e-06
 2.44816e-06
 2.44816e-06
 2.44816e-06
 2.44816e-06
 2.44816e-06
 2.44816e-06
 2.44816e-06
 2.44816e-06
 2.44816e-06
 2.44816e-06
 2.44816e-06
 2.44816e-06
 2.44816e-06
 2.44816e-06
 2.44816e-06
 2.44816e-06
 2.44816e-06
 2.44816e-06
 2.44816e-06
 2.44816e-06
 2.44816e-06
 2.44816e-06
 2.44816e-06
 2.44816e-06
 2.44816e-06
 2.44816e-06
 2.44816e-06
 2.44816e-06
 2.44816e-06
 2.44816e-06
 2.44816e-06
 2.44816e-06
 2.44816e-06
 2.44816e-06
 2.44816e-06
 2.44816e-06
 2.44816e-06
 2.44816e-06
 2.44816e-06
 2.44816e-06
 2.44816e-06
 2.44816e-06
 2.44816e-06
 2.44816e-06
 2.44816e-06
 2.44816e-06
 2.44816e-06
 2.44816e-06
 2.44816e-06
 2.44816e-06
 2.44816e-06
 2.44816e-06
 2.44816e-06
 2.44816e-06
 2.44816e-06
 2.44816e-06
 2.44816e-06
 2.44816e-06
 2.44816e-06
 2.44816e-06
 2.44816e-06
 2.44816e-06
 2.44816e-06
 2.44816e-06
 2.44816e-06
 2.44816e-06
 2.44816e-06
 2.44816e-06
 2.44816e-06
 2.44816e-06
 2.44816e-06
 2.44816e-06
 2.44816e-06
 2.44816e-06
 2.44816e-06
 2.44816e-06
 2.44816e-06
 2.44816e-06
 2.44816e-06
 2.44816e-06
 2.44816e-06
 2.44816e-06
 2.44816e-06
 2.44816e-06
 2.44816e-06
 2.44816e-06
 2.44816e-06
 2.44816e-06
 2.44816e-06
 2.44816e-06
 2.44816e-06
 2.44816e-06
 2.44816e-06
 2.44816e-06
 2.44816e-06
 2.44816e-06
 2.44816e-06
 2.44816e-06
 2.44816e-06
 2.44816e-06
 2.44816e-06
 2.44816e-06
 2.44816e-06
 2.44816e-06
 2.44816e-06
 2.44816e-06
 2.44816e-06
 2.44816e-06
 2.44816e-06
 2.44816e-06
 2.44816e-06
 2.44816e-06
 2.44816e-06
 2.44816e-06
 2.44816e-06
 2.44816e-06
 2.44816e-06
 2.44816e-06
 2.44816e-06
 2.44816e-06
 2.44816e-06
 2.44816e-06
 2.44816e-06
 2.44816e-06
 2.44816e-06
 2.44816e-06
 2.44816e-06
 2.44816e-06
 2.44816e-06
 2.44816e-06
 2.44816e-06
 2.44816e-06
 2.44816e-06
 2.44816e-06
 2.44816e-06
 2.44816e-06
 2.44816e-06
 2.44816e-06
 2.44816e-06
 2.44816e-06
 2.44816e-06
 2.44816e-06
 2.44816e-06
 2.44816e-06
 2.44816e-06
 2.44816e-06
 2.44816e-06
 2.44816e-06
 2.44816e-06
 2.44816e-06
 2.44816e-06
 2.44816e-06
 2.44816e-06
 2.44816e-06
 2.44816e-06
 2.44816e-06
 2.44816e-06
 2.44816e-06
 2.44816e-06
 2.44816e-06
 2.44816e-06
 2.44816e-06
 2.44816e-06
 2.44816e-06
 2.44816e-06
 2.44816e-06
 2.44816e-06
 2.44816e-06
 2.44816e-06
 2.44816e-06
 2.44816e-06
 2.44816e-06
 2.44816e-06
 2.44816e-06
 2.44816e-06
 2.44816e-06
 2.44816e-06
 2.44816e-06
