InternalEnergy
part
         1
quad4
 1.55897e+02
 6.11995e+01
 5.79732e+01
 5.08627e+01
 4.93048e+01
 4.26803e+01
 3.05440e+01
 2.61382e+01
 2.63265e+01
 2.15277e+01
 1.83339e+01
 1.65275e+01
 1.45422e+01
 1.30584e+01
 1.15862e+01
 1.03629e+01
 9.19847e+00
 8.15385e+00
 7.19271e+00
 6.32155e+00
 5.53275e+00
 4.82262e+00
 4.18695e+00
 3.62045e+00
 3.11849e+00
 2.67582e+00
 2.28750e+00
 1.94850e+00
 1.65402e+00
 1.39943e+00
 1.18039e+00
 9.92830e-01
 8.33019e-01
 6.97651e-01
 5.83626e-01
 4.87870e-01
 4.07374e-01
 3.39345e-01
 2.81098e-01
 2.31398e-01
 1.83249e-01
 1.41705e-01
 1.02910e-01
 6.30359e-02
 2.47911e-02
 2.84259e-03
 3.08839e-05
 2.46797e-06
 2.44816e-06
 2.44816e-06
 2.44816e-06
 2.44816e-06
 2.44816e-06
 2.44816e-06
 2.44816e-06
 2.44816e-06
 2.44816e-06
 2.44816e-06
 2.44816e-06
 2.44816e-06
 6.11995e+01
 5.99360e+01
 5.81792e+01
 5.53344e+01
 4.84649e+01
 5.27008e+01
 4.56441e+01
 3.52873e+01
 3.58684e+01
 2.85183e+01
 2.65087e+01
 2.29728e+01
 2.04289e+01
 1.77620e+01
 1.54638e+01
 1.33126e+01
 1.14421e+01
 9.81612e+00
 8.40891e+00
 7.20073e+00
 6.15869e+00
 5.26363e+00
 4.49248e+00
 3.82937e+00
 3.25863e+00
 2.76812e+00
 2.34676e+00
 1.98547e+00
 1.67616e+00
 1.41195e+00
 1.18682e+00
 9.95531e-01
 8.33546e-01
 6.97035e-01
 5.82516e-01
 4.86621e-01
 4.06164e-01
 3.38248e-01
 2.80116e-01
 2.30516e-01
 1.82457e-01
 1.40925e-01
 1.02247e-01
 6.22742e-02
 2.41667e-02
 2.66585e-03
 2.77494e-05
 2.46487e-06
 2.44816e-06
 2.44816e-06
 2.44816e-06
 2.44816e-06
 2.44816e-06
 2.44816e-06
 2.44816e-06
 2.44816e-06
 2.44816e-06
 2.44816e-06
 2.44816e-06
 2.44816e-06
 5.79732e+01
 5.81792e+01
 5.94289e+01
 6.09906e+01
 5.33613e+01
 5.34174e+01
 5.30040e+01
 3.65189e+01
 3.69493e+01
 2.86320e+01
 2.72808e+01
 2.30915e+01
 2.06001e+01
 1.76929e+01
 1.53816e+01
 1.32163e+01
 1.13896e+01
 9.77381e+00
 8.38974e+00
 7.18630e+00
 6.15097e+00
 5.25563e+00
 4.48491e+00
 3.82035e+00
 3.24907e+00
 2.75787e+00
 2.33662e+00
 1.97567e+00
 1.66713e+00
 1.40385e+00
 1.17977e+00
 9.89552e-01
 8.28610e-01
 6.92998e-01
 5.79193e-01
 4.83873e-01
 4.03873e-01
 3.36313e-01
 2.78414e-01
 2.28955e-01
 1.81026e-01
 1.39451e-01
 1.00918e-01
 6.07140e-02
 2.28794e-02
 2.32657e-03
 2.23017e-05
 2.46000e-06
 2.44816e-06
 2.44816e-06
 2.44816e-06
 2.44816e-06
 2.44816e-06
 2.44816e-06
 2.44816e-06
 2.44816e-06
 2.44816e-06
 2.44816e-06
 2.44816e-06
 2.44816e-06
 5.08627e+01
 5.53344e+01
 6.09906e+01
 6.22590e+01
 5.41583e+01
 5.40809e+01
 4.86046e+01
 4.43330e+01
 3.84369e+01
 3.14800e+01
 2.77537e+01
 2.31886e+01
 2.01081e+01
 1.71749e+01
 1.48248e+01
 1.27518e+01
 1.09849e+01
 9.45362e+00
 8.12810e+00
 6.98201e+00
 5.98724e+00
 5.12755e+00
 4.38277e+00
 3.74001e+00
 3.18488e+00
 2.70694e+00
 2.29568e+00
 1.94279e+00
 1.64046e+00
 1.38219e+00
 1.16211e+00
 9.75118e-01
 8.16785e-01
 6.83325e-01
 5.71301e-01
 4.77420e-01
 3.98555e-01
 3.31886e-01
 2.74626e-01
 2.25593e-01
 1.78131e-01
 1.36665e-01
 9.84832e-02
 5.81249e-02
 2.08812e-02
 1.86718e-03
 1.59872e-05
 2.45502e-06
 2.44816e-06
 2.44816e-06
 2.44816e-06
 2.44816e-06
 2.44816e-06
 2.44816e-06
 2.44816e-06
 2.44816e-06
 2.44816e-06
 2.44816e-06
 2.44816e-06
 2.44816e-06
 4.93048e+01
 4.84649e+01
 5.33613e+01
 5.41583e+01
 5.34885e+01
 5.25018e+01
 4.98511e+01
 4.44911e+01
 3.82585e+01
 3.23260e+01
 2.77450e+01
 2.34668e+01
 2.02051e+01
 1.72045e+01
 1.48060e+01
 1.26781e+01
 1.09023e+01
 9.35270e+00
 8.03067e+00
 6.88383e+00
 5.89696e+00
 5.04300e+00
 4.30704e+00
 3.67182e+00
 3.12505e+00
 2.65450e+00
 2.25050e+00
 1.90403e+00
 1.60760e+00
 1.35447e+00
 1.13888e+00
 9.55728e-01
 8.00680e-01
 6.70004e-01
 5.60305e-01
 4.68330e-01
 3.91002e-01
 3.25571e-01
 2.69247e-01
 2.20740e-01
 1.74077e-01
 1.32782e-01
 9.50014e-02
 5.45683e-02
 1.82478e-02
 1.35946e-03
 1.03397e-05
 2.45129e-06
 2.44816e-06
 2.44816e-06
 2.44816e-06
 2.44816e-06
 2.44816e-06
 2.44816e-06
 2.44816e-06
 2.44816e-06
 2.44816e-06
 2.44816e-06
 2.44816e-06
 2.44816e-06
 4.26803e+01
 5.27008e+01
 5.34174e+01
 5.40809e+01
 5.25018e+01
 5.04713e+01
 4.62822e+01
 4.11661e+01
 3.56354e+01
 3.03213e+01
 2.59104e+01
 2.22045e+01
 1.90400e+01
 1.64004e+01
 1.41179e+01
 1.21761e+01
 1.04856e+01
 9.02952e+00
 7.76176e+00
 6.66598e+00
 5.71491e+00
 4.89311e+00
 4.18162e+00
 3.56770e+00
 3.03784e+00
 2.58178e+00
 2.18959e+00
 1.85316e+00
 1.56506e+00
 1.31896e+00
 1.10926e+00
 9.31073e-01
 7.80206e-01
 6.53048e-01
 5.46279e-01
 4.56708e-01
 3.81330e-01
 3.17473e-01
 2.62488e-01
 2.14312e-01
 1.68968e-01
 1.27865e-01
 9.04564e-02
 5.00514e-02
 1.51142e-02
 8.82799e-04
 6.30756e-06
 2.44819e-06
 2.44816e-06
 2.44816e-06
 2.44816e-06
 2.44816e-06
 2.44816e-06
 2.44816e-06
 2.44816e-06
 2.44816e-06
 2.44816e-06
 2.44816e-06
 2.44816e-06
 2.44816e-06
 3.05440e+01
 4.56441e+01
 5.30040e+01
 4.86046e+01
 4.98511e+01
 4.62822e+01
 4.23204e+01
 3.76170e+01
 3.28809e+01
 2.83365e+01
 2.45109e+01
 2.10723e+01
 1.82039e+01
 1.56918e+01
 1.35505e+01
 1.16871e+01
 1.00804e+01
 8.68212e+00
 7.47204e+00
 6.42014e+00
 5.50948e+00
 4.71941e+00
 4.03624e+00
 3.44516e+00
 2.93522e+00
 2.49555e+00
 2.11742e+00
 1.79269e+00
 1.51451e+00
 1.27674e+00
 1.07405e+00
 9.01756e-01
 7.55858e-01
 6.32878e-01
 5.29586e-01
 4.42870e-01
 3.69809e-01
 3.07809e-01
 2.54587e-01
 2.06419e-01
 1.62914e-01
 1.22028e-01
 8.48516e-02
 4.46163e-02
 1.16985e-02
 5.00888e-04
 3.99871e-06
 2.44818e-06
 2.44816e-06
 2.44816e-06
 2.44816e-06
 2.44816e-06
 2.44816e-06
 2.44816e-06
 2.44816e-06
 2.44816e-06
 2.44816e-06
 2.44816e-06
 2.44816e-06
 2.44816e-06
 2.61382e+01
 3.52873e+01
 3.65189e+01
 4.43330e+01
 4.44911e+01
 4.11661e+01
 3.76170e+01
 3.34318e+01
 2.94780e+01
 2.57191e+01
 2.24220e+01
 1.95033e+01
 1.69461e+01
 1.47151e+01
 1.27588e+01
 1.10552e+01
 9.56102e+00
 8.26018e+00
 7.12196e+00
 6.13192e+00
 5.26878e+00
 4.51948e+00
 3.86869e+00
 3.30531e+00
 2.81792e+00
 2.39743e+00
 2.03518e+00
 1.72390e+00
 1.45696e+00
 1.22868e+00
 1.03396e+00
 8.68370e-01
 7.28129e-01
 6.09905e-01
 5.10570e-01
 4.27103e-01
 3.56675e-01
 2.96759e-01
 2.45479e-01
 1.97557e-01
 1.55803e-01
 1.15375e-01
 7.81478e-02
 3.83580e-02
 8.29171e-03
 2.42269e-04
 2.94772e-06
 2.44817e-06
 2.44816e-06
 2.44816e-06
 2.44816e-06
 2.44816e-06
 2.44816e-06
 2.44816e-06
 2.44816e-06
 2.44816e-06
 2.44816e-06
 2.44816e-06
 2.44816e-06
 2.44816e-06
 2.63265e+01
 3.58684e+01
 3.69493e+01
 3.84369e+01
 3.82585e+01
 3.56354e+01
 3.28809e+01
 2.94780e+01
 2.62774e+01
 2.31934e+01
 2.04219e+01
 1.79037e+01
 1.56696e+01
 1.36778e+01
 1.19201e+01
 1.03645e+01
 8.99673e+00
 7.79164e+00
 6.73597e+00
 5.81011e+00
 5.00188e+00
 4.29637e+00
 3.68280e+00
 3.14969e+00
 2.68792e+00
 2.28857e+00
 1.94416e+00
 1.64775e+00
 1.39333e+00
 1.17555e+00
 9.89654e-01
 8.31494e-01
 6.97515e-01
 5.84553e-01
 4.89586e-01
 4.09696e-01
 3.42164e-01
 2.84496e-01
 2.35228e-01
 1.87967e-01
 1.47317e-01
 1.08259e-01
 7.02916e-02
 3.14469e-02
 5.22296e-03
 9.72142e-05
 2.57389e-06
 2.44816e-06
 2.44816e-06
 2.44816e-06
 2.44816e-06
 2.44816e-06
 2.44816e-06
 2.44816e-06
 2.44816e-06
 2.44816e-06
 2.44816e-06
 2.44816e-06
 2.44816e-06
 2.44816e-06
 2.15277e+01
 2.85183e+01
 2.86320e+01
 3.14800e+01
 3.23260e+01
 3.03213e+01
 2.83365e+01
 2.57191e+01
 2.31934e+01
 2.06926e+01
 1.83911e+01
 1.62664e+01
 1.43363e+01
 1.25959e+01
 1.10317e+01
 9.63713e+00
 8.39463e+00
 7.29494e+00
 6.32228e+00
 5.46667e+00
 4.71485e+00
 4.05705e+00
 3.48243e+00
 2.98221e+00
 2.54764e+00
 2.17120e+00
 1.84592e+00
 1.56559e+00
 1.32467e+00
 1.11823e+00
 9.41866e-01
 7.91732e-01
 6.64525e-01
 5.57242e-01
 4.66979e-01
 3.90931e-01
 3.26504e-01
 2.71191e-01
 2.23865e-01
 1.77716e-01
 1.37671e-01
 1.00436e-01
 6.14579e-02
 2.41718e-02
 2.78127e-03
 3.20150e-05
 2.47222e-06
 2.44816e-06
 2.44816e-06
 2.44816e-06
 2.44816e-06
 2.44816e-06
 2.44816e-06
 2.44816e-06
 2.44816e-06
 2.44816e-06
 2.44816e-06
 2.44816e-06
 2.44816e-06
 2.44816e-06
 1.83339e+01
 2.65087e+01
 2.72808e+01
 2.77537e+01
 2.77450e+01
 2.59104e+01
 2.45109e+01
 2.24220e+01
 2.04219e+01
 1.83911e+01
 1.64814e+01
 1.46855e+01
 1.30283e+01
 1.15114e+01
 1.01342e+01
 8.89022e+00
 7.77454e+00
 6.77735e+00
 5.89130e+00
 5.10615e+00
 4.41380e+00
 3.80487e+00
 3.27145e+00
 2.80540e+00
 2.39957e+00
 2.04718e+00
 1.74208e+00
 1.47872e+00
 1.25206e+00
 1.05762e+00
 8.91335e-01
 7.49706e-01
 6.29672e-01
 5.28395e-01
 4.43090e-01
 3.71080e-01
 3.09910e-01
 2.57028e-01
 2.11320e-01
 1.66950e-01
 1.27456e-01
 9.12410e-02
 5.19326e-02
 1.69294e-02
 1.20353e-03
 9.54137e-06
 2.45124e-06
 2.44816e-06
 2.44816e-06
 2.44816e-06
 2.44816e-06
 2.44816e-06
 2.44816e-06
 2.44816e-06
 2.44816e-06
 2.44816e-06
 2.44816e-06
 2.44816e-06
 2.44816e-06
 2.44816e-06
 1.65275e+01
 2.29728e+01
 2.30915e+01
 2.31886e+01
 2.34668e+01
 2.22045e+01
 2.10723e+01
 1.95033e+01
 1.79037e+01
 1.62664e+01
 1.46855e+01
 1.31772e+01
 1.17625e+01
 1.04504e+01
 9.24433e+00
 8.14509e+00
 7.14932e+00
 6.25353e+00
 5.45151e+00
 4.73744e+00
 4.10417e+00
 3.54513e+00
 3.05338e+00
 2.62244e+00
 2.24609e+00
 1.91849e+00
 1.63427e+00
 1.38846e+00
 1.17661e+00
 9.94606e-01
 8.38807e-01
 7.06032e-01
 5.93465e-01
 4.98424e-01
 4.18252e-01
 3.50405e-01
 2.92563e-01
 2.42684e-01
 1.97173e-01
 1.55884e-01
 1.16763e-01
 8.07703e-02
 4.16835e-02
 1.03744e-02
 4.10064e-04
 3.71094e-06
 2.44818e-06
 2.44816e-06
 2.44816e-06
 2.44816e-06
 2.44816e-06
 2.44816e-06
 2.44816e-06
 2.44816e-06
 2.44816e-06
 2.44816e-06
 2.44816e-06
 2.44816e-06
 2.44816e-06
 2.44816e-06
 1.45422e+01
 2.04289e+01
 2.06001e+01
 2.01081e+01
 2.02051e+01
 1.90400e+01
 1.82039e+01
 1.69461e+01
 1.56696e+01
 1.43363e+01
 1.30283e+01
 1.17625e+01
 1.05586e+01
 9.42874e+00
 8.37912e+00
 7.41310e+00
 6.53124e+00
 5.73168e+00
 5.01151e+00
 4.36646e+00
 3.79170e+00
 3.28201e+00
 2.83196e+00
 2.43626e+00
 2.08961e+00
 1.78713e+00
 1.52407e+00
 1.29615e+00
 1.09937e+00
 9.30085e-01
 7.85014e-01
 6.61316e-01
 5.56400e-01
 4.67727e-01
 3.92780e-01
 3.29154e-01
 2.74602e-01
 2.27746e-01
 1.82702e-01
 1.43499e-01
 1.06083e-01
 6.89367e-02
 3.10214e-02
 5.24764e-03
 1.04907e-04
 2.60829e-06
 2.44816e-06
 2.44816e-06
 2.44816e-06
 2.44816e-06
 2.44816e-06
 2.44816e-06
 2.44816e-06
 2.44816e-06
 2.44816e-06
 2.44816e-06
 2.44816e-06
 2.44816e-06
 2.44816e-06
 2.44816e-06
 1.30584e+01
 1.77620e+01
 1.76929e+01
 1.71749e+01
 1.72045e+01
 1.64004e+01
 1.56918e+01
 1.47151e+01
 1.36778e+01
 1.25959e+01
 1.15114e+01
 1.04504e+01
 9.42874e+00
 8.45925e+00
 7.55009e+00
 6.70597e+00
 5.92939e+00
 5.22046e+00
 4.57794e+00
 3.99922e+00
 3.48111e+00
 3.01955e+00
 2.61052e+00
 2.24953e+00
 1.93244e+00
 1.65491e+00
 1.41305e+00
 1.20303e+00
 1.02140e+00
 8.64905e-01
 7.30666e-01
 6.16144e-01
 5.18949e-01
 4.36683e-01
 3.66972e-01
 3.07563e-01
 2.56183e-01
 2.11923e-01
 1.68329e-01
 1.29988e-01
 9.45390e-02
 5.62547e-02
 2.06217e-02
 1.98735e-03
 2.03543e-05
 2.46202e-06
 2.44816e-06
 2.44816e-06
 2.44816e-06
 2.44816e-06
 2.44816e-06
 2.44816e-06
 2.44816e-06
 2.44816e-06
 2.44816e-06
 2.44816e-06
 2.44816e-06
 2.44816e-06
 2.44816e-06
 2.44816e-06
 1.15862e+01
 1.54638e+01
 1.53816e+01
 1.48248e+01
 1.48060e+01
 1.41179e+01
 1.35505e+01
 1.27588e+01
 1.19201e+01
 1.10317e+01
 1.01342e+01
 9.24433e+00
 8.37912e+00
 7.55009e+00
 6.76564e+00
 6.03175e+00
 5.35146e+00
 4.72661e+00
 4.15673e+00
 3.64090e+00
 3.17665e+00
 2.76150e+00
 2.39198e+00
 2.06490e+00
 1.77657e+00
 1.52363e+00
 1.30259e+00
 1.11030e+00
 9.43666e-01
 7.99880e-01
 6.76434e-01
 5.71066e-01
 4.81556e-01
 4.05642e-01
 3.41097e-01
 2.85830e-01
 2.37828e-01
 1.94566e-01
 1.54139e-01
 1.16336e-01
 8.13446e-02
 4.30296e-02
 1.14726e-02
 5.35737e-04
 4.56219e-06
 2.44820e-06
 2.44816e-06
 2.44816e-06
 2.44816e-06
 2.44816e-06
 2.44816e-06
 2.44816e-06
 2.44816e-06
 2.44816e-06
 2.44816e-06
 2.44816e-06
 2.44816e-06
 2.44816e-06
 2.44816e-06
 2.44816e-06
 1.03629e+01
 1.33126e+01
 1.32163e+01
 1.27518e+01
 1.26781e+01
 1.21761e+01
 1.16871e+01
 1.10552e+01
 1.03645e+01
 9.63713e+00
 8.89022e+00
 8.14509e+00
 7.41310e+00
 6.70597e+00
 6.03175e+00
 5.39612e+00
 4.80332e+00
 4.25514e+00
 3.75276e+00
 3.29538e+00
 2.88213e+00
 2.51074e+00
 2.17915e+00
 1.88445e+00
 1.62399e+00
 1.39477e+00
 1.19404e+00
 1.01901e+00
 8.67056e-01
 7.35752e-01
 6.22942e-01
 5.26589e-01
 4.44623e-01
 3.74920e-01
 3.15398e-01
 2.64050e-01
 2.19680e-01
 1.76738e-01
 1.38920e-01
 1.03155e-01
 6.65557e-02
 2.96046e-02
 4.86792e-03
 9.71545e-05
 2.60908e-06
 2.44817e-06
 2.44816e-06
 2.44816e-06
 2.44816e-06
 2.44816e-06
 2.44816e-06
 2.44816e-06
 2.44816e-06
 2.44816e-06
 2.44816e-06
 2.44816e-06
 2.44816e-06
 2.44816e-06
 2.44816e-06
 2.44816e-06
 9.19847e+00
 1.14421e+01
 1.13896e+01
 1.09849e+01
 1.09023e+01
 1.04856e+01
 1.00804e+01
 9.56102e+00
 8.99673e+00
 8.39463e+00
 7.77454e+00
 7.14932e+00
 6.53124e+00
 5.92939e+00
 5.35146e+00
 4.80332e+00
 4.28864e+00
 3.81038e+00
 3.36937e+00
 2.96631e+00
 2.60018e+00
 2.27009e+00
 1.97403e+00
 1.71019e+00
 1.47618e+00
 1.26975e+00
 1.08850e+00
 9.30125e-01
 7.92369e-01
 6.73200e-01
 5.70749e-01
 4.83165e-01
 4.08505e-01
 3.44787e-01
 2.90080e-01
 2.42320e-01
 2.00769e-01
 1.59629e-01
 1.22786e-01
 8.86430e-02
 5.10778e-02
 1.71757e-02
 1.36398e-03
 1.27492e-05
 2.45549e-06
 2.44816e-06
 2.44816e-06
 2.44816e-06
 2.44816e-06
 2.44816e-06
 2.44816e-06
 2.44816e-06
 2.44816e-06
 2.44816e-06
 2.44816e-06
 2.44816e-06
 2.44816e-06
 2.44816e-06
 2.44816e-06
 2.44816e-06
 8.15385e+00
 9.81612e+00
 9.77381e+00
 9.45362e+00
 9.35270e+00
 9.02952e+00
 8.68212e+00
 8.26018e+00
 7.79164e+00
 7.29494e+00
 6.77735e+00
 6.25353e+00
 5.73168e+00
 5.22046e+00
 4.72661e+00
 4.25514e+00
 3.81038e+00
 3.39452e+00
 3.00959e+00
 2.65578e+00
 2.33337e+00
 2.04128e+00
 1.77859e+00
 1.54355e+00
 1.33456e+00
 1.14966e+00
 9.86953e-01
 8.44451e-01
 7.20307e-01
 6.12816e-01
 5.20345e-01
 4.41179e-01
 3.73500e-01
 3.15459e-01
 2.65262e-01
 2.21533e-01
 1.80150e-01
 1.42915e-01
 1.07185e-01
 7.22455e-02
 3.52363e-02
 7.51474e-03
 2.36945e-04
 3.11398e-06
 2.44818e-06
 2.44816e-06
 2.44816e-06
 2.44816e-06
 2.44816e-06
 2.44816e-06
 2.44816e-06
 2.44816e-06
 2.44816e-06
 2.44816e-06
 2.44816e-06
 2.44816e-06
 2.44816e-06
 2.44816e-06
 2.44816e-06
 2.44816e-06
 7.19271e+00
 8.40891e+00
 8.38974e+00
 8.12810e+00
 8.03067e+00
 7.76176e+00
 7.47204e+00
 7.12196e+00
 6.73597e+00
 6.32228e+00
 5.89130e+00
 5.45151e+00
 5.01151e+00
 4.57794e+00
 4.15673e+00
 3.75276e+00
 3.36937e+00
 3.00959e+00
 2.67465e+00
 2.36585e+00
 2.08301e+00
 1.82607e+00
 1.59400e+00
 1.38584e+00
 1.20014e+00
 1.03546e+00
 8.90168e-01
 7.62675e-01
 6.51462e-01
 5.55106e-01
 4.72135e-01
 4.00944e-01
 3.39837e-01
 2.87101e-01
 2.40929e-01
 2.00693e-01
 1.60571e-01
 1.24682e-01
 9.12801e-02
 5.46148e-02
 2.02703e-02
 2.08113e-03
 2.48828e-05
 2.47297e-06
 2.44816e-06
 2.44816e-06
 2.44816e-06
 2.44816e-06
 2.44816e-06
 2.44816e-06
 2.44816e-06
 2.44816e-06
 2.44816e-06
 2.44816e-06
 2.44816e-06
 2.44816e-06
 2.44816e-06
 2.44816e-06
 2.44816e-06
 2.44816e-06
 6.32155e+00
 7.20073e+00
 7.18630e+00
 6.98201e+00
 6.88383e+00
 6.66598e+00
 6.42014e+00
 6.13192e+00
 5.81011e+00
 5.46667e+00
 5.10615e+00
 4.73744e+00
 4.36646e+00
 3.99922e+00
 3.64090e+00
 3.29538e+00
 2.96631e+00
 2.65578e+00
 2.36585e+00
 2.09716e+00
 1.85040e+00
 1.62525e+00
 1.42136e+00
 1.23784e+00
 1.07373e+00
 9.27803e-01
 7.98767e-01
 6.85345e-01
 5.86325e-01
 5.00473e-01
 4.26429e-01
 3.62689e-01
 3.07668e-01
 2.59790e-01
 2.17774e-01
 1.78080e-01
 1.41910e-01
 1.07143e-01
 7.30985e-02
 3.66880e-02
 8.49202e-03
 3.20026e-04
 3.59291e-06
 2.44820e-06
 2.44816e-06
 2.44816e-06
 2.44816e-06
 2.44816e-06
 2.44816e-06
 2.44816e-06
 2.44816e-06
 2.44816e-06
 2.44816e-06
 2.44816e-06
 2.44816e-06
 2.44816e-06
 2.44816e-06
 2.44816e-06
 2.44816e-06
 2.44816e-06
 5.53275e+00
 6.15869e+00
 6.15097e+00
 5.98724e+00
 5.89696e+00
 5.71491e+00
 5.50948e+00
 5.26878e+00
 5.00188e+00
 4.71485e+00
 4.41380e+00
 4.10417e+00
 3.79170e+00
 3.48111e+00
 3.17665e+00
 2.88213e+00
 2.60018e+00
 2.33337e+00
 2.08301e+00
 1.85040e+00
 1.63583e+00
 1.43954e+00
 1.26116e+00
 1.10021e+00
 9.55864e-01
 8.27200e-01
 7.13205e-01
 6.12895e-01
 5.25267e-01
 4.49209e-01
 3.83440e-01
 3.26551e-01
 2.77073e-01
 2.33405e-01
 1.95067e-01
 1.56652e-01
 1.21882e-01
 8.94345e-02
 5.35145e-02
 1.98730e-02
 2.08231e-03
 2.65127e-05
 2.47903e-06
 2.44816e-06
 2.44816e-06
 2.44816e-06
 2.44816e-06
 2.44816e-06
 2.44816e-06
 2.44816e-06
 2.44816e-06
 2.44816e-06
 2.44816e-06
 2.44816e-06
 2.44816e-06
 2.44816e-06
 2.44816e-06
 2.44816e-06
 2.44816e-06
 2.44816e-06
 4.82262e+00
 5.26363e+00
 5.25563e+00
 5.12755e+00
 5.04300e+00
 4.89311e+00
 4.71941e+00
 4.51948e+00
 4.29637e+00
 4.05705e+00
 3.80487e+00
 3.54513e+00
 3.28201e+00
 3.01955e+00
 2.76150e+00
 2.51074e+00
 2.27009e+00
 2.04128e+00
 1.82607e+00
 1.62525e+00
 1.43954e+00
 1.26906e+00
 1.11374e+00
 9.73192e-01
 8.46836e-01
 7.33956e-01
 6.33812e-01
 5.45630e-01
 4.68538e-01
 4.01488e-01
 3.43271e-01
 2.92566e-01
 2.48015e-01
 2.08716e-01
 1.70603e-01
 1.36117e-01
 1.03102e-01
 6.91356e-02
 3.37531e-02
 7.28129e-03
 2.49954e-04
 3.31174e-06
 2.44820e-06
 2.44816e-06
 2.44816e-06
 2.44816e-06
 2.44816e-06
 2.44816e-06
 2.44816e-06
 2.44816e-06
 2.44816e-06
 2.44816e-06
 2.44816e-06
 2.44816e-06
 2.44816e-06
 2.44816e-06
 2.44816e-06
 2.44816e-06
 2.44816e-06
 2.44816e-06
 4.18695e+00
 4.49248e+00
 4.48491e+00
 4.38277e+00
 4.30704e+00
 4.18162e+00
 4.03624e+00
 3.86869e+00
 3.68280e+00
 3.48243e+00
 3.27145e+00
 3.05338e+00
 2.83196e+00
 2.61052e+00
 2.39198e+00
 2.17915e+00
 1.97403e+00
 1.77859e+00
 1.59400e+00
 1.42136e+00
 1.26116e+00
 1.11374e+00
 9.79052e-01
 8.56864e-01
 7.46760e-01
 6.48250e-01
 5.60788e-01
 4.83727e-01
 4.16250e-01
 3.57359e-01
 3.05910e-01
 2.60684e-01
 2.20311e-01
 1.83906e-01
 1.48153e-01
 1.14600e-01
 8.30017e-02
 4.77525e-02
 1.60274e-02
 1.35681e-03
 1.51619e-05
 2.46287e-06
 2.44816e-06
 2.44816e-06
 2.44816e-06
 2.44816e-06
 2.44816e-06
 2.44816e-06
 2.44816e-06
 2.44816e-06
 2.44816e-06
 2.44816e-06
 2.44816e-06
 2.44816e-06
 2.44816e-06
 2.44816e-06
 2.44816e-06
 2.44816e-06
 2.44816e-06
 2.44816e-06
 3.62045e+00
 3.82937e+00
 3.82035e+00
 3.74001e+00
 3.67182e+00
 3.56770e+00
 3.44516e+00
 3.30531e+00
 3.14969e+00
 2.98221e+00
 2.80540e+00
 2.62244e+00
 2.43626e+00
 2.24953e+00
 2.06490e+00
 1.88445e+00
 1.71019e+00
 1.54355e+00
 1.38584e+00
 1.23784e+00
 1.10021e+00
 9.73192e-01
 8.56864e-01
 7.51088e-01
 6.55621e-01
 5.70137e-01
 4.94200e-01
 4.27209e-01
 3.68373e-01
 3.16738e-01
 2.71225e-01
 2.30650e-01
 1.94692e-01
 1.58497e-01
 1.25576e-01
 9.45935e-02
 6.04969e-02
 2.66787e-02
 4.47403e-03
 1.06923e-04
 2.72527e-06
 2.44818e-06
 2.44816e-06
 2.44816e-06
 2.44816e-06
 2.44816e-06
 2.44816e-06
 2.44816e-06
 2.44816e-06
 2.44816e-06
 2.44816e-06
 2.44816e-06
 2.44816e-06
 2.44816e-06
 2.44816e-06
 2.44816e-06
 2.44816e-06
 2.44816e-06
 2.44816e-06
 2.44816e-06
 3.11849e+00
 3.25863e+00
 3.24907e+00
 3.18488e+00
 3.12505e+00
 3.03784e+00
 2.93522e+00
 2.81792e+00
 2.68792e+00
 2.54764e+00
 2.39957e+00
 2.24609e+00
 2.08961e+00
 1.93244e+00
 1.77657e+00
 1.62399e+00
 1.47618e+00
 1.33456e+00
 1.20014e+00
 1.07373e+00
 9.55864e-01
 8.46836e-01
 7.46760e-01
 6.55621e-01
 5.73297e-01
 4.99544e-01
 4.33957e-01
 3.75942e-01
 3.24731e-01
 2.79407e-01
 2.38983e-01
 2.02876e-01
 1.67410e-01
 1.35187e-01
 1.03781e-01
 7.16119e-02
 3.74708e-02
 9.83360e-03
 5.14108e-04
 5.45028e-06
 2.44832e-06
 2.44816e-06
 2.44816e-06
 2.44816e-06
 2.44816e-06
 2.44816e-06
 2.44816e-06
 2.44816e-06
 2.44816e-06
 2.44816e-06
 2.44816e-06
 2.44816e-06
 2.44816e-06
 2.44816e-06
 2.44816e-06
 2.44816e-06
 2.44816e-06
 2.44816e-06
 2.44816e-06
 2.44816e-06
 2.67582e+00
 2.76812e+00
 2.75787e+00
 2.70694e+00
 2.65450e+00
 2.58178e+00
 2.49555e+00
 2.39743e+00
 2.28857e+00
 2.17120e+00
 2.04718e+00
 1.91849e+00
 1.78713e+00
 1.65491e+00
 1.52363e+00
 1.39477e+00
 1.26975e+00
 1.14966e+00
 1.03546e+00
 9.27803e-01
 8.27200e-01
 7.33956e-01
 6.48250e-01
 5.70137e-01
 4.99544e-01
 4.36236e-01
 3.79797e-01
 3.29635e-01
 2.84999e-01
 2.45052e-01
 2.08940e-01
 1.74882e-01
 1.42677e-01
 1.11023e-01
 8.08998e-02
 4.72584e-02
 1.66095e-02
 1.64201e-03
 2.26337e-05
 2.48283e-06
 2.44817e-06
 2.44816e-06
 2.44816e-06
 2.44816e-06
 2.44816e-06
 2.44816e-06
 2.44816e-06
 2.44816e-06
 2.44816e-06
 2.44816e-06
 2.44816e-06
 2.44816e-06
 2.44816e-06
 2.44816e-06
 2.44816e-06
 2.44816e-06
 2.44816e-06
 2.44816e-06
 2.44816e-06
 2.44816e-06
 2.28750e+00
 2.34676e+00
 2.33662e+00
 2.29568e+00
 2.25050e+00
 2.18959e+00
 2.11742e+00
 2.03518e+00
 1.94416e+00
 1.84592e+00
 1.74208e+00
 1.63427e+00
 1.52407e+00
 1.41305e+00
 1.30259e+00
 1.19404e+00
 1.08850e+00
 9.86953e-01
 8.90168e-01
 7.98767e-01
 7.13205e-01
 6.33812e-01
 5.60788e-01
 4.94200e-01
 4.33957e-01
 3.79797e-01
 3.31288e-01
 2.87838e-01
 2.48746e-01
 2.13078e-01
 1.80557e-01
 1.48075e-01
 1.17219e-01
 8.82226e-02
 5.54815e-02
 2.36175e-02
 3.76778e-03
 9.12790e-05
 2.71780e-06
 2.44819e-06
 2.44816e-06
 2.44816e-06
 2.44816e-06
 2.44816e-06
 2.44816e-06
 2.44816e-06
 2.44816e-06
 2.44816e-06
 2.44816e-06
 2.44816e-06
 2.44816e-06
 2.44816e-06
 2.44816e-06
 2.44816e-06
 2.44816e-06
 2.44816e-06
 2.44816e-06
 2.44816e-06
 2.44816e-06
 2.44816e-06
 1.94850e+00
 1.98547e+00
 1.97567e+00
 1.94279e+00
 1.90403e+00
 1.85316e+00
 1.79269e+00
 1.72390e+00
 1.64775e+00
 1.56559e+00
 1.47872e+00
 1.38846e+00
 1.29615e+00
 1.20303e+00
 1.11030e+00
 1.01901e+00
 9.30125e-01
 8.44451e-01
 7.62675e-01
 6.85345e-01
 6.12895e-01
 5.45630e-01
 4.83727e-01
 4.27209e-01
 3.75942e-01
 3.29635e-01
 2.87838e-01
 2.49986e-01
 2.15260e-01
 1.83814e-01
 1.51683e-01
 1.21805e-01
 9.35593e-02
 6.19208e-02
 2.99407e-02
 6.61774e-03
 2.73210e-04
 3.85205e-06
 2.44829e-06
 2.44816e-06
 2.44816e-06
 2.44816e-06
 2.44816e-06
 2.44816e-06
 2.44816e-06
 2.44816e-06
 2.44816e-06
 2.44816e-06
 2.44816e-06
 2.44816e-06
 2.44816e-06
 2.44816e-06
 2.44816e-06
 2.44816e-06
 2.44816e-06
 2.44816e-06
 2.44816e-06
 2.44816e-06
 2.44816e-06
 2.44816e-06
 1.65402e+00
 1.67616e+00
 1.66713e+00
 1.64046e+00
 1.60760e+00
 1.56506e+00
 1.51451e+00
 1.45696e+00
 1.39333e+00
 1.32467e+00
 1.25206e+00
 1.17661e+00
 1.09937e+00
 1.02140e+00
 9.43666e-01
 8.67056e-01
 7.92369e-01
 7.20307e-01
 6.51462e-01
 5.86325e-01
 5.25267e-01
 4.68538e-01
 4.16250e-01
 3.68373e-01
 3.24731e-01
 2.84999e-01
 2.48746e-01
 2.15260e-01
 1.84860e-01
 1.53517e-01
 1.24618e-01
 9.70419e-02
 6.65225e-02
 3.50119e-02
 9.61638e-03
 6.08956e-04
 7.54061e-06
 2.45442e-06
 2.44817e-06
 2.44816e-06
 2.44816e-06
 2.44816e-06
 2.44816e-06
 2.44816e-06
 2.44816e-06
 2.44816e-06
 2.44816e-06
 2.44816e-06
 2.44816e-06
 2.44816e-06
 2.44816e-06
 2.44816e-06
 2.44816e-06
 2.44816e-06
 2.44816e-06
 2.44816e-06
 2.44816e-06
 2.44816e-06
 2.44816e-06
 2.44816e-06
 1.39943e+00
 1.41195e+00
 1.40385e+00
 1.38219e+00
 1.35447e+00
 1.31896e+00
 1.27674e+00
 1.22868e+00
 1.17555e+00
 1.11823e+00
 1.05762e+00
 9.94606e-01
 9.30085e-01
 8.64905e-01
 7.99880e-01
 7.35752e-01
 6.73200e-01
 6.12816e-01
 5.55106e-01
 5.00473e-01
 4.49209e-01
 4.01488e-01
 3.57359e-01
 3.16738e-01
 2.79407e-01
 2.45052e-01
 2.13078e-01
 1.83814e-01
 1.53517e-01
 1.25567e-01
 9.87498e-02
 6.92836e-02
 3.85096e-02
 1.21947e-02
 1.05852e-03
 1.56958e-05
 2.47732e-06
 2.44817e-06
 2.44816e-06
 2.44816e-06
 2.44816e-06
 2.44816e-06
 2.44816e-06
 2.44816e-06
 2.44816e-06
 2.44816e-06
 2.44816e-06
 2.44816e-06
 2.44816e-06
 2.44816e-06
 2.44816e-06
 2.44816e-06
 2.44816e-06
 2.44816e-06
 2.44816e-06
 2.44816e-06
 2.44816e-06
 2.44816e-06
 2.44816e-06
 2.44816e-06
 1.18039e+00
 1.18682e+00
 1.17977e+00
 1.16211e+00
 1.13888e+00
 1.10926e+00
 1.07405e+00
 1.03396e+00
 9.89654e-01
 9.41866e-01
 8.91335e-01
 8.38807e-01
 7.85014e-01
 7.30666e-01
 6.76434e-01
 6.22942e-01
 5.70749e-01
 5.20345e-01
 4.72135e-01
 4.26429e-01
 3.83440e-01
 3.43271e-01
 3.05910e-01
 2.71225e-01
 2.38983e-01
 2.08940e-01
 1.80557e-01
 1.51683e-01
 1.24618e-01
 9.87498e-02
 7.02017e-02
 4.02859e-02
 1.39123e-02
 1.49562e-03
 2.79583e-05
 2.52480e-06
 2.44818e-06
 2.44816e-06
 2.44816e-06
 2.44816e-06
 2.44816e-06
 2.44816e-06
 2.44816e-06
 2.44816e-06
 2.44816e-06
 2.44816e-06
 2.44816e-06
 2.44816e-06
 2.44816e-06
 2.44816e-06
 2.44816e-06
 2.44816e-06
 2.44816e-06
 2.44816e-06
 2.44816e-06
 2.44816e-06
 2.44816e-06
 2.44816e-06
 2.44816e-06
 2.44816e-06
 9.92830e-01
 9.95531e-01
 9.89552e-01
 9.75118e-01
 9.55728e-01
 9.31073e-01
 9.01756e-01
 8.68370e-01
 8.31494e-01
 7.91732e-01
 7.49706e-01
 7.06032e-01
 6.61316e-01
 6.16144e-01
 5.71066e-01
 5.26589e-01
 4.83165e-01
 4.41179e-01
 4.00944e-01
 3.62689e-01
 3.26551e-01
 2.92566e-01
 2.60684e-01
 2.30650e-01
 2.02876e-01
 1.74882e-01
 1.48075e-01
 1.21805e-01
 9.70419e-02
 6.92836e-02
 4.02859e-02
 1.45121e-02
 1.76571e-03
 3.98202e-05
 2.58956e-06
 2.44820e-06
 2.44816e-06
 2.44816e-06
 2.44816e-06
 2.44816e-06
 2.44816e-06
 2.44816e-06
 2.44816e-06
 2.44816e-06
 2.44816e-06
 2.44816e-06
 2.44816e-06
 2.44816e-06
 2.44816e-06
 2.44816e-06
 2.44816e-06
 2.44816e-06
 2.44816e-06
 2.44816e-06
 2.44816e-06
 2.44816e-06
 2.44816e-06
 2.44816e-06
 2.44816e-06
 2.44816e-06
 8.33019e-01
 8.33546e-01
 8.28610e-01
 8.16785e-01
 8.00680e-01
 7.80206e-01
 7.55858e-01
 7.28129e-01
 6.97515e-01
 6.64525e-01
 6.29672e-01
 5.93465e-01
 5.56400e-01
 5.18949e-01
 4.81556e-01
 4.44623e-01
 4.08505e-01
 3.73500e-01
 3.39837e-01
 3.07668e-01
 2.77073e-01
 2.48015e-01
 2.20311e-01
 1.94692e-01
 1.67410e-01
 1.42677e-01
 1.17219e-01
 9.35593e-02
 6.65225e-02
 3.85096e-02
 1.39123e-02
 1.76571e-03
 4.48022e-05
 2.63966e-06
 2.44821e-06
 2.44816e-06
 2.44816e-06
 2.44816e-06
 2.44816e-06
 2.44816e-06
 2.44816e-06
 2.44816e-06
 2.44816e-06
 2.44816e-06
 2.44816e-06
 2.44816e-06
 2.44816e-06
 2.44816e-06
 2.44816e-06
 2.44816e-06
 2.44816e-06
 2.44816e-06
 2.44816e-06
 2.44816e-06
 2.44816e-06
 2.44816e-06
 2.44816e-06
 2.44816e-06
 2.44816e-06
 2.44816e-06
 6.97651e-01
 6.97035e-01
 6.92998e-01
 6.83325e-01
 6.70004e-01
 6.53048e-01
 6.32878e-01
 6.09905e-01
 5.84553e-01
 5.57242e-01
 5.28395e-01
 4.98424e-01
 4.67727e-01
 4.36683e-01
 4.05642e-01
 3.74920e-01
 3.44787e-01
 3.15459e-01
 2.87101e-01
 2.59790e-01
 2.33405e-01
 2.08716e-01
 1.83906e-01
 1.58497e-01
 1.35187e-01
 1.11023e-01
 8.82226e-02
 6.19208e-02
 3.50119e-02
 1.21947e-02
 1.49562e-03
 3.98202e-05
 2.63966e-06
 2.44822e-06
 2.44816e-06
 2.44816e-06
 2.44816e-06
 2.44816e-06
 2.44816e-06
 2.44816e-06
 2.44816e-06
 2.44816e-06
 2.44816e-06
 2.44816e-06
 2.44816e-06
 2.44816e-06
 2.44816e-06
 2.44816e-06
 2.44816e-06
 2.44816e-06
 2.44816e-06
 2.44816e-06
 2.44816e-06
 2.44816e-06
 2.44816e-06
 2.44816e-06
 2.44816e-06
 2.44816e-06
 2.44816e-06
 2.44816e-06
 5.83626e-01
 5.82516e-01
 5.79193e-01
 5.71301e-01
 5.60305e-01
 5.46279e-01
 5.29586e-01
 5.10570e-01
 4.89586e-01
 4.66979e-01
 4.43090e-01
 4.18252e-01
 3.92780e-01
 3.66972e-01
 3.41097e-01
 3.15398e-01
 2.90080e-01
 2.65262e-01
 2.40929e-01
 2.17774e-01
 1.95067e-01
 1.70603e-01
 1.48153e-01
 1.25576e-01
 1.03781e-01
 8.08998e-02
 5.54815e-02
 2.99407e-02
 9.61638e-03
 1.05852e-03
 2.79583e-05
 2.58956e-06
 2.44821e-06
 2.44816e-06
 2.44816e-06
 2.44816e-06
 2.44816e-06
 2.44816e-06
 2.44816e-06
 2.44816e-06
 2.44816e-06
 2.44816e-06
 2.44816e-06
 2.44816e-06
 2.44816e-06
 2.44816e-06
 2.44816e-06
 2.44816e-06
 2.44816e-06
 2.44816e-06
 2.44816e-06
 2.44816e-06
 2.44816e-06
 2.44816e-06
 2.44816e-06
 2.44816e-06
 2.44816e-06
 2.44816e-06
 2.44816e-06
 2.44816e-06
 4.87870e-01
 4.86621e-01
 4.83873e-01
 4.77420e-01
 4.68330e-01
 4.56708e-01
 4.42870e-01
 4.27103e-01
 4.09696e-01
 3.90931e-01
 3.71080e-01
 3.50405e-01
 3.29154e-01
 3.07563e-01
 2.85830e-01
 2.64050e-01
 2.42320e-01
 2.21533e-01
 2.00693e-01
 1.78080e-01
 1.56652e-01
 1.36117e-01
 1.14600e-01
 9.45935e-02
 7.16119e-02
 4.72584e-02
 2.36175e-02
 6.61774e-03
 6.08956e-04
 1.56958e-05
 2.52480e-06
 2.44820e-06
 2.44816e-06
 2.44816e-06
 2.44816e-06
 2.44816e-06
 2.44816e-06
 2.44816e-06
 2.44816e-06
 2.44816e-06
 2.44816e-06
 2.44816e-06
 2.44816e-06
 2.44816e-06
 2.44816e-06
 2.44816e-06
 2.44816e-06
 2.44816e-06
 2.44816e-06
 2.44816e-06
 2.44816e-06
 2.44816e-06
 2.44816e-06
 2.44816e-06
 2.44816e-06
 2.44816e-06
 2.44816e-06
 2.44816e-06
 2.44816e-06
 2.44816e-06
 4.07374e-01
 4.06164e-01
 4.03873e-01
 3.98555e-01
 3.91002e-01
 3.81330e-01
 3.69809e-01
 3.56675e-01
 3.42164e-01
 3.26504e-01
 3.09910e-01
 2.92563e-01
 2.74602e-01
 2.56183e-01
 2.37828e-01
 2.19680e-01
 2.00769e-01
 1.80150e-01
 1.60571e-01
 1.41910e-01
 1.21882e-01
 1.03102e-01
 8.30017e-02
 6.04969e-02
 3.74708e-02
 1.66095e-02
 3.76778e-03
 2.73210e-04
 7.54061e-06
 2.47732e-06
 2.44818e-06
 2.44816e-06
 2.44816e-06
 2.44816e-06
 2.44816e-06
 2.44816e-06
 2.44816e-06
 2.44816e-06
 2.44816e-06
 2.44816e-06
 2.44816e-06
 2.44816e-06
 2.44816e-06
 2.44816e-06
 2.44816e-06
 2.44816e-06
 2.44816e-06
 2.44816e-06
 2.44816e-06
 2.44816e-06
 2.44816e-06
 2.44816e-06
 2.44816e-06
 2.44816e-06
 2.44816e-06
 2.44816e-06
 2.44816e-06
 2.44816e-06
 2.44816e-06
 2.44816e-06
 3.39345e-01
 3.38248e-01
 3.36313e-01
 3.31886e-01
 3.25571e-01
 3.17473e-01
 3.07809e-01
 2.96759e-01
 2.84496e-01
 2.71191e-01
 2.57028e-01
 2.42684e-01
 2.27746e-01
 2.11923e-01
 1.94566e-01
 1.76738e-01
 1.59629e-01
 1.42915e-01
 1.24682e-01
 1.07143e-01
 8.94345e-02
 6.91356e-02
 4.77525e-02
 2.66787e-02
 9.83360e-03
 1.64201e-03
 9.12790e-05
 3.85205e-06
 2.45442e-06
 2.44817e-06
 2.44816e-06
 2.44816e-06
 2.44816e-06
 2.44816e-06
 2.44816e-06
 2.44816e-06
 2.44816e-06
 2.44816e-06
 2.44816e-06
 2.44816e-06
 2.44816e-06
 2.44816e-06
 2.44816e-06
 2.44816e-06
 2.44816e-06
 2.44816e-06
 2.44816e-06
 2.44816e-06
 2.44816e-06
 2.44816e-06
 2.44816e-06
 2.44816e-06
 2.44816e-06
 2.44816e-06
 2.44816e-06
 2.44816e-06
 2.44816e-06
 2.44816e-06
 2.44816e-06
 2.44816e-06
 2.81098e-01
 2.80116e-01
 2.78414e-01
 2.74626e-01
 2.69247e-01
 2.62488e-01
 2.54587e-01
 2.45479e-01
 2.35228e-01
 2.23865e-01
 2.11320e-01
 1.97173e-01
 1.82702e-01
 1.68329e-01
 1.54139e-01
 1.38920e-01
 1.22786e-01
 1.07185e-01
 9.12801e-02
 7.30985e-02
 5.35145e-02
 3.37531e-02
 1.60274e-02
 4.47403e-03
 5.14108e-04
 2.26337e-05
 2.71780e-06
 2.44829e-06
 2.44817e-06
 2.44816e-06
 2.44816e-06
 2.44816e-06
 2.44816e-06
 2.44816e-06
 2.44816e-06
 2.44816e-06
 2.44816e-06
 2.44816e-06
 2.44816e-06
 2.44816e-06
 2.44816e-06
 2.44816e-06
 2.44816e-06
 2.44816e-06
 2.44816e-06
 2.44816e-06
 2.44816e-06
 2.44816e-06
 2.44816e-06
 2.44816e-06
 2.44816e-06
 2.44816e-06
 2.44816e-06
 2.44816e-06
 2.44816e-06
 2.44816e-06
 2.44816e-06
 2.44816e-06
 2.44816e-06
 2.44816e-06
 2.31398e-01
 2.30516e-01
 2.28955e-01
 2.25593e-01
 2.20740e-01
 2.14312e-01
 2.06419e-01
 1.97557e-01
 1.87967e-01
 1.77716e-01
 1.66950e-01
 1.55884e-01
 1.43499e-01
 1.29988e-01
 1.16336e-01
 1.03155e-01
 8.86430e-02
 7.22455e-02
 5.46148e-02
 3.66880e-02
 1.98730e-02
 7.28129e-03
 1.35681e-03
 1.06923e-04
 5.45028e-06
 2.48283e-06
 2.44819e-06
 2.44816e-06
 2.44816e-06
 2.44816e-06
 2.44816e-06
 2.44816e-06
 2.44816e-06
 2.44816e-06
 2.44816e-06
 2.44816e-06
 2.44816e-06
 2.44816e-06
 2.44816e-06
 2.44816e-06
 2.44816e-06
 2.44816e-06
 2.44816e-06
 2.44816e-06
 2.44816e-06
 2.44816e-06
 2.44816e-06
 2.44816e-06
 2.44816e-06
 2.44816e-06
 2.44816e-06
 2.44816e-06
 2.44816e-06
 2.44816e-06
 2.44816e-06
 2.44816e-06
 2.44816e-06
 2.44816e-06
 2.44816e-06
 2.44816e-06
 1.83249e-01
 1.82457e-01
 1.81026e-01
 1.78131e-01
 1.74077e-01
 1.68968e-01
 1.62914e-01
 1.55803e-01
 1.47317e-01
 1.37671e-01
 1.27456e-01
 1.16763e-01
 1.06083e-01
 9.45390e-02
 8.13446e-02
 6.65557e-02
 5.10778e-02
 3.52363e-02
 2.02703e-02
 8.49202e-03
 2.08231e-03
 2.49954e-04
 1.51619e-05
 2.72527e-06
 2.44832e-06
 2.44817e-06
 2.44816e-06
 2.44816e-06
 2.44816e-06
 2.44816e-06
 2.44816e-06
 2.44816e-06
 2.44816e-06
 2.44816e-06
 2.44816e-06
 2.44816e-06
 2.44816e-06
 2.44816e-06
 2.44816e-06
 2.44816e-06
 2.44816e-06
 2.44816e-06
 2.44816e-06
 2.44816e-06
 2.44816e-06
 2.44816e-06
 2.44816e-06
 2.44816e-06
 2.44816e-06
 2.44816e-06
 2.44816e-06
 2.44816e-06
 2.44816e-06
 2.44816e-06
 2.44816e-06
 2.44816e-06
 2.44816e-06
 2.44816e-06
 2.44816e-06
 2.44816e-06
 1.41705e-01
 1.40925e-01
 1.39451e-01
 1.36665e-01
 1.32782e-01
 1.27865e-01
 1.22028e-01
 1.15375e-01
 1.08259e-01
 1.00436e-01
 9.12410e-02
 8.07703e-02
 6.89367e-02
 5.62547e-02
 4.30296e-02
 2.96046e-02
 1.71757e-02
 7.51474e-03
 2.08113e-03
 3.20026e-04
 2.65127e-05
 3.31174e-06
 2.46287e-06
 2.44818e-06
 2.44816e-06
 2.44816e-06
 2.44816e-06
 2.44816e-06
 2.44816e-06
 2.44816e-06
 2.44816e-06
 2.44816e-06
 2.44816e-06
 2.44816e-06
 2.44816e-06
 2.44816e-06
 2.44816e-06
 2.44816e-06
 2.44816e-06
 2.44816e-06
 2.44816e-06
 2.44816e-06
 2.44816e-06
 2.44816e-06
 2.44816e-06
 2.44816e-06
 2.44816e-06
 2.44816e-06
 2.44816e-06
 2.44816e-06
 2.44816e-06
 2.44816e-06
 2.44816e-06
 2.44816e-06
 2.44816e-06
 2.44816e-06
 2.44816e-06
 2.44816e-06
 2.44816e-06
 2.44816e-06
 1.02910e-01
 1.02247e-01
 1.00918e-01
 9.84832e-02
 9.50014e-02
 9.04564e-02
 8.48516e-02
 7.81478e-02
 7.02916e-02
 6.14579e-02
 5.19326e-02
 4.16835e-02
 3.10214e-02
 2.06217e-02
 1.14726e-02
 4.86792e-03
 1.36398e-03
 2.36945e-04
 2.48828e-05
 3.59291e-06
 2.47903e-06
 2.44820e-06
 2.44816e-06
 2.44816e-06
 2.44816e-06
 2.44816e-06
 2.44816e-06
 2.44816e-06
 2.44816e-06
 2.44816e-06
 2.44816e-06
 2.44816e-06
 2.44816e-06
 2.44816e-06
 2.44816e-06
 2.44816e-06
 2.44816e-06
 2.44816e-06
 2.44816e-06
 2.44816e-06
 2.44816e-06
 2.44816e-06
 2.44816e-06
 2.44816e-06
 2.44816e-06
 2.44816e-06
 2.44816e-06
 2.44816e-06
 2.44816e-06
 2.44816e-06
 2.44816e-06
 2.44816e-06
 2.44816e-06
 2.44816e-06
 2.44816e-06
 2.44816e-06
 2.44816e-06
 2.44816e-06
 2.44816e-06
 2.44816e-06
 6.30359e-02
 6.22742e-02
 6.07140e-02
 5.81249e-02
 5.45683e-02
 5.00514e-02
 4.46163e-02
 3.83580e-02
 3.14469e-02
 2.41718e-02
 1.69294e-02
 1.03744e-02
 5.24764e-03
 1.98735e-03
 5.35737e-04
 9.71545e-05
 1.27492e-05
 3.11398e-06
 2.47297e-06
 2.44820e-06
 2.44816e-06
 2.44816e-06
 2.44816e-06
 2.44816e-06
 2.44816e-06
 2.44816e-06
 2.44816e-06
 2.44816e-06
 2.44816e-06
 2.44816e-06
 2.44816e-06
 2.44816e-06
 2.44816e-06
 2.44816e-06
 2.44816e-06
 2.44816e-06
 2.44816e-06
 2.44816e-06
 2.44816e-06
 2.44816e-06
 2.44816e-06
 2.44816e-06
 2.44816e-06
 2.44816e-06
 2.44816e-06
 2.44816e-06
 2.44816e-06
 2.44816e-06
 2.44816e-06
 2.44816e-06
 2.44816e-06
 2.44816e-06
 2.44816e-06
 2.44816e-06
 2.44816e-06
 2.44816e-06
 2.44816e-06
 2.44816e-06
 2.44816e-06
 2.44816e-06
 2.47911e-02
 2.41667e-02
 2.28794e-02
 2.08812e-02
 1.82478e-02
 1.51142e-02
 1.16985e-02
 8.29171e-03
 5.22296e-03
 2.78127e-03
 1.20353e-03
 4.10064e-04
 1.04907e-04
 2.03543e-05
 4.56219e-06
 2.60908e-06
 2.45549e-06
 2.44818e-06
 2.44816e-06
 2.44816e-06
 2.44816e-06
 2.44816e-06
 2.44816e-06
 2.44816e-06
 2.44816e-06
 2.44816e-06
 2.44816e-06
 2.44816e-06
 2.44816e-06
 2.44816e-06
 2.44816e-06
 2.44816e-06
 2.44816e-06
 2.44816e-06
 2.44816e-06
 2.44816e-06
 2.44816e-06
 2.44816e-06
 2.44816e-06
 2.44816e-06
 2.44816e-06
 2.44816e-06
 2.44816e-06
 2.44816e-06
 2.44816e-06
 2.44816e-06
 2.44816e-06
 2.44816e-06
 2.44816e-06
 2.44816e-06
 2.44816e-06
 2.44816e-06
 2.44816e-06
 2.44816e-06
 2.44816e-06
 2.44816e-06
 2.44816e-06
 2.44816e-06
 2.44816e-06
 2.44816e-06
 2.84259e-03
 2.66585e-03
 2.32657e-03
 1.86718e-03
 1.35946e-03
 8.82799e-04
 5.00888e-04
 2.42269e-04
 9.72142e-05
 3.20150e-05
 9.54137e-06
 3.71094e-06
 2.60829e-06
 2.46202e-06
 2.44820e-06
 2.44817e-06
 2.44816e-06
 2.44816e-06
 2.44816e-06
 2.44816e-06
 2.44816e-06
 2.44816e-06
 2.44816e-06
 2.44816e-06
 2.44816e-06
 2.44816e-06
 2.44816e-06
 2.44816e-06
 2.44816e-06
 2.44816e-06
 2.44816e-06
 2.44816e-06
 2.44816e-06
 2.44816e-06
 2.44816e-06
 2.44816e-06
 2.44816e-06
 2.44816e-06
 2.44816e-06
 2.44816e-06
 2.44816e-06
 2.44816e-06
 2.44816e-06
 2.44816e-06
 2.44816e-06
 2.44816e-06
 2.44816e-06
 2.44816e-06
 2.44816e-06
 2.44816e-06
 2.44816e-06
 2.44816e-06
 2.44816e-06
 2.44816e-06
 2.44816e-06
 2.44816e-06
 2.44816e-06
 2.44816e-06
 2.44816e-06
 2.44816e-06
 3.08839e-05
 2.77494e-05
 2.23017e-05
 1.59872e-05
 1.03397e-05
 6.30756e-06
 3.99871e-06
 2.94772e-06
 2.57389e-06
 2.47222e-06
 2.45124e-06
 2.44818e-06
 2.44816e-06
 2.44816e-06
 2.44816e-06
 2.44816e-06
 2.44816e-06
 2.44816e-06
 2.44816e-06
 2.44816e-06
 2.44816e-06
 2.44816e-06
 2.44816e-06
 2.44816e-06
 2.44816e-06
 2.44816e-06
 2.44816e-06
 2.44816e-06
 2.44816e-06
 2.44816e-06
 2.44816e-06
 2.44816e-06
 2.44816e-06
 2.44816e-06
 2.44816e-06
 2.44816e-06
 2.44816e-06
 2.44816e-06
 2.44816e-06
 2.44816e-06
 2.44816e-06
 2.44816e-06
 2.44816e-06
 2.44816e-06
 2.44816e-06
 2.44816e-06
 2.44816e-06
 2.44816e-06
 2.44816e-06
 2.44816e-06
 2.44816e-06
 2.44816e-06
 2.44816e-06
 2.44816e-06
 2.44816e-06
 2.44816e-06
 2.44816e-06
 2.44816e-06
 2.44816e-06
 2.44816e-06
 2.46797e-06
 2.46487e-06
 2.46000e-06
 2.45502e-06
 2.45129e-06
 2.44819e-06
 2.44818e-06
 2.44817e-06
 2.44816e-06
 2.44816e-06
 2.44816e-06
 2.44816e-06
 2.44816e-06
 2.44816e-06
 2.44816e-06
 2.44816e-06
 2.44816e-06
 2.44816e-06
 2.44816e-06
 2.44816e-06
 2.44816e-06
 2.44816e-06
 2.44816e-06
 2.44816e-06
 2.44816e-06
 2.44816e-06
 2.44816e-06
 2.44816e-06
 2.44816e-06
 2.44816e-06
 2.44816e-06
 2.44816e-06
 2.44816e-06
 2.44816e-06
 2.44816e-06
 2.44816e-06
 2.44816e-06
 2.44816e-06
 2.44816e-06
 2.44816e-06
 2.44816e-06
 2.44816e-06
 2.44816e-06
 2.44816e-06
 2.44816e-06
 2.44816e-06
 2.44816e-06
 2.44816e-06
 2.44816e-06
 2.44816e-06
 2.44816e-06
 2.44816e-06
 2.44816e-06
 2.44816e-06
 2.44816e-06
 2.44816e-06
 2.44816e-06
 2.44816e-06
 2.44816e-06
 2.44816e-06
 2.44816e-06
 2.44816e-06
 2.44816e-06
 2.44816e-06
 2.44816e-06
 2.44816e-06
 2.44816e-06
 2.44816e-06
 2.44816e-06
 2.44816e-06
 2.44816e-06
 2.44816e-06
 2.44816e-06
 2.44816e-06
 2.44816e-06
 2.44816e-06
 2.44816e-06
 2.44816e-06
 2.44816e-06
 2.44816e-06
 2.44816e-06
 2.44816e-06
 2.44816e-06
 2.44816e-06
 2.44816e-06
 2.44816e-06
 2.44816e-06
 2.44816e-06
 2.44816e-06
 2.44816e-06
 2.44816e-06
 2.44816e-06
 2.44816e-06
 2.44816e-06
 2.44816e-06
 2.44816e-06
 2.44816e-06
 2.44816e-06
 2.44816e-06
 2.44816e-06
 2.44816e-06
 2.44816e-06
 2.44816e-06
 2.44816e-06
 2.44816e-06
 2.44816e-06
 2.44816e-06
 2.44816e-06
 2.44816e-06
 2.44816e-06
 2.44816e-06
 2.44816e-06
 2.44816e-06
 2.44816e-06
 2.44816e-06
 2.44816e-06
 2.44816e-06
 2.44816e-06
 2.44816e-06
 2.44816e-06
 2.44816e-06
 2.44816e-06
 2.44816e-06
 2.44816e-06
 2.44816e-06
 2.44816e-06
 2.44816e-06
 2.44816e-06
 2.44816e-06
 2.44816e-06
 2.44816e-06
 2.44816e-06
 2.44816e-06
 2.44816e-06
 2.44816e-06
 2.44816e-06
 2.44816e-06
 2.44816e-06
 2.44816e-06
 2.44816e-06
 2.44816e-06
 2.44816e-06
 2.44816e-06
 2.44816e-06
 2.44816e-06
 2.44816e-06
 2.44816e-06
 2.44816e-06
 2.44816e-06
 2.44816e-06
 2.44816e-06
 2.44816e-06
 2.44816e-06
 2.44816e-06
 2.44816e-06
 2.44816e-06
 2.44816e-06
 2.44816e-06
 2.44816e-06
 2.44816e-06
 2.44816e-06
 2.44816e-06
 2.44816e-06
 2.44816e-06
 2.44816e-06
 2.44816e-06
 2.44816e-06
 2.44816e-06
 2.44816e-06
 2.44816e-06
 2.44816e-06
 2.44816e-06
 2.44816e-06
 2.44816e-06
 2.44816e-06
 2.44816e-06
 2.44816e-06
 2.44816e-06
 2.44816e-06
 2.44816e-06
 2.44816e-06
 2.44816e-06
 2.44816e-06
 2.44816e-06
 2.44816e-06
 2.44816e-06
 2.44816e-06
 2.44816e-06
 2.44816e-06
 2.44816e-06
 2.44816e-06
 2.44816e-06
 2.44816e-06
 2.44816e-06
 2.44816e-06
 2.44816e-06
 2.44816e-06
 2.44816e-06
 2.44816e-06
 2.44816e-06
 2.44816e-06
 2.44816e-06
 2.44816e-06
 2.44816e-06
 2.44816e-06
 2.44816e-06
 2.44816e-06
 2.44816e-06
 2.44816e-06
 2.44816e-06
 2.44816e-06
 2.44816e-06
 2.44816e-06
 2.44816e-06
 2.44816e-06
 2.44816e-06
 2.44816e-06
 2.44816e-06
 2.44816e-06
 2.44816e-06
 2.44816e-06
 2.44816e-06
 2.44816e-06
 2.44816e-06
 2.44816e-06
 2.44816e-06
 2.44816e-06
 2.44816e-06
 2.44816e-06
 2.44816e-06
 2.44816e-06
 2.44816e-06
 2.44816e-06
 2.44816e-06
 2.44816e-06
 2.44816e-06
 2.44816e-06
 2.44816e-06
 2.44816e-06
 2.44816e-06
 2.44816e-06
 2.44816e-06
 2.44816e-06
 2.44816e-06
 2.44816e-06
 2.44816e-06
 2.44816e-06
 2.44816e-06
 2.44816e-06
 2.44816e-06
 2.44816e-06
 2.44816e-06
 2.44816e-06
 2.44816e-06
 2.44816e-06
 2.44816e-06
 2.44816e-06
 2.44816e-06
 2.44816e-06
 2.44816e-06
 2.44816e-06
 2.44816e-06
 2.44816e-06
 2.44816e-06
 2.44816e-06
 2.44816e-06
 2.44816e-06
 2.44816e-06
 2.44816e-06
 2.44816e-06
 2.44816e-06
 2.44816e-06
 2.44816e-06
 2.44816e-06
 2.44816e-06
 2.44816e-06
 2.44816e-06
 2.44816e-06
 2.44816e-06
 2.44816e-06
 2.44816e-06
 2.44816e-06
 2.44816e-06
 2.44816e-06
 2.44816e-06
 2.44816e-06
 2.44816e-06
 2.44816e-06
 2.44816e-06
 2.44816e-06
 2.44816e-06
 2.44816e-06
 2.44816e-06
 2.44816e-06
 2.44816e-06
 2.44816e-06
 2.44816e-06
 2.44816e-06
 2.44816e-06
 2.44816e-06
 2.44816e-06
 2.44816e-06
 2.44816e-06
 2.44816e-06
 2.44816e-06
 2.44816e-06
 2.44816e-06
 2.44816e-06
 2.44816e-06
 2.44816e-06
 2.44816e-06
 2.44816e-06
 2.44816e-06
 2.44816e-06
 2.44816e-06
 2.44816e-06
 2.44816e-06
 2.44816e-06
 2.44816e-06
 2.44816e-06
 2.44816e-06
 2.44816e-06
 2.44816e-06
 2.44816e-06
 2.44816e-06
 2.44816e-06
 2.44816e-06
 2.44816e-06
 2.44816e-06
 2.44816e-06
 2.44816e-06
 2.44816e-06
 2.44816e-06
 2.44816e-06
 2.44816e-06
 2.44816e-06
 2.44816e-06
 2.44816e-06
 2.44816e-06
 2.44816e-06
 2.44816e-06
 2.44816e-06
 2.44816e-06
 2.44816e-06
 2.44816e-06
 2.44816e-06
 2.44816e-06
 2.44816e-06
 2.44816e-06
 2.44816e-06
 2.44816e-06
 2.44816e-06
 2.44816e-06
 2.44816e-06
 2.44816e-06
 2.44816e-06
 2.44816e-06
 2.44816e-06
 2.44816e-06
 2.44816e-06
 2.44816e-06
 2.44816e-06
 2.44816e-06
 2.44816e-06
 2.44816e-06
 2.44816e-06
 2.44816e-06
 2.44816e-06
 2.44816e-06
 2.44816e-06
 2.44816e-06
 2.44816e-06
 2.44816e-06
 2.44816e-06
 2.44816e-06
 2.44816e-06
 2.44816e-06
 2.44816e-06
 2.44816e-06
 2.44816e-06
 2.44816e-06
 2.44816e-06
 2.44816e-06
 2.44816e-06
 2.44816e-06
 2.44816e-06
 2.44816e-06
 2.44816e-06
 2.44816e-06
 2.44816e-06
 2.44816e-06
 2.44816e-06
 2.44816e-06
 2.44816e-06
 2.44816e-06
 2.44816e-06
 2.44816e-06
 2.44816e-06
 2.44816e-06
 2.44816e-06
 2.44816e-06
 2.44816e-06
 2.44816e-06
 2.44816e-06
 2.44816e-06
 2.44816e-06
 2.44816e-06
 2.44816e-06
 2.44816e-06
 2.44816e-06
 2.44816e-06
 2.44816e-06
 2.44816e-06
 2.44816e-06
 2.44816e-06
 2.44816e-06
 2.44816e-06
 2.44816e-06
 2.44816e-06
 2.44816e-06
 2.44816e-06
 2.44816e-06
 2.44816e-06
 2.44816e-06
 2.44816e-06
 2.44816e-06
 2.44816e-06
 2.44816e-06
 2.44816e-06
 2.44816e-06
 2.44816e-06
 2.44816e-06
 2.44816e-06
 2.44816e-06
 2.44816e-06
 2.44816e-06
 2.44816e-06
 2.44816e-06
 2.44816e-06
 2.44816e-06
 2.44816e-06
 2.44816e-06
 2.44816e-06
 2.44816e-06
 2.44816e-06
 2.44816e-06
 2.44816e-06
 2.44816e-06
 2.44816e-06
 2.44816e-06
 2.44816e-06
 2.44816e-06
 2.44816e-06
 2.44816e-06
 2.44816e-06
 2.44816e-06
 2.44816e-06
 2.44816e-06
 2.44816e-06
 2.44816e-06
 2.44816e-06
 2.44816e-06
 2.44816e-06
 2.44816e-06
 2.44816e-06
 2.44816e-06
 2.44816e-06
 2.44816e-06
 2.44816e-06
 2.44816e-06
 2.44816e-06
 2.44816e-06
 2.44816e-06
 2.44816e-06
 2.44816e-06
 2.44816e-06
 2.44816e-06
 2.44816e-06
 2.44816e-06
 2.44816e-06
 2.44816e-06
 2.44816e-06
 2.44816e-06
 2.44816e-06
 2.44816e-06
 2.44816e-06
 2.44816e-06
 2.44816e-06
 2.44816e-06
 2.44816e-06
 2.44816e-06
 2.44816e-06
 2.44816e-06
 2.44816e-06
 2.44816e-06
 2.44816e-06
 2.44816e-06
 2.44816e-06
 2.44816e-06
 2.44816e-06
 2.44816e-06
 2.44816e-06
 2.44816e-06
 2.44816e-06
 2.44816e-06
 2.44816e-06
 2.44816e-06
 2.44816e-06
 2.44816e-06
 2.44816e-06
 2.44816e-06
 2.44816e-06
 2.44816e-06
 2.44816e-06
 2.44816e-06
 2.44816e-06
 2.44816e-06
 2.44816e-06
 2.44816e-06
 2.44816e-06
 2.44816e-06
 2.44816e-06
 2.44816e-06
 2.44816e-06
 2.44816e-06
 2.44816e-06
 2.44816e-06
 2.44816e-06
 2.44816e-06
 2.44816e-06
 2.44816e-06
 2.44816e-06
 2.44816e-06
 2.44816e-06
 2.44816e-06
 2.44816e-06
 2.44816e-06
 2.44816e-06
 2.44816e-06
 2.44816e-06
 2.44816e-06
 2.44816e-06
 2.44816e-06
 2.44816e-06
 2.44816e-06
 2.44816e-06
 2.44816e-06
 2.44816e-06
 2.44816e-06
 2.44816e-06
 2.44816e-06
 2.44816e-06
 2.44816e-06
 2.44816e-06
 2.44816e-06
 2.44816e-06
 2.44816e-06
 2.44816e-06
 2.44816e-06
 2.44816e-06
 2.44816e-06
 2.44816e-06
 2.44816e-06
 2.44816e-06
 2.44816e-06
 2.44816e-06
 2.44816e-06
 2.44816e-06
 2.44816e-06
 2.44816e-06
 2.44816e-06
 2.44816e-06
 2.44816e-06
 2.44816e-06
 2.44816e-06
 2.44816e-06
 2.44816e-06
 2.44816e-06
 2.44816e-06
 2.44816e-06
 2.44816e-06
 2.44816e-06
 2.44816e-06
 2.44816e-06
 2.44816e-06
 2.44816e-06
 2.44816e-06
 2.44816e-06
 2.44816e-06
 2.44816e-06
 2.44816e-06
 2.44816e-06
 2.44816e-06
 2.44816e-06
 2.44816e-06
 2.44816e-06
 2.44816e-06
 2.44816e-06
 2.44816e-06
 2.44816e-06
 2.44816e-06
 2.44816e-06
 2.44816e-06
 2.44816e-06
 2.44816e-06
 2.44816e-06
 2.44816e-06
 2.44816e-06
 2.44816e-06
 2.44816e-06
 2.44816e-06
 2.44816e-06
 2.44816e-06
 2.44816e-06
 2.44816e-06
 2.44816e-06
 2.44816e-06
 2.44816e-06
 2.44816e-06
 2.44816e-06
 2.44816e-06
 2.44816e-06
 2.44816e-06
 2.44816e-06
 2.44816e-06
 2.44816e-06
 2.44816e-06
 2.44816e-06
 2.44816e-06
 2.44816e-06
 2.44816e-06
 2.44816e-06
 2.44816e-06
 2.44816e-06
 2.44816e-06
 2.44816e-06
 2.44816e-06
 2.44816e-06
 2.44816e-06
 2.44816e-06
 2.44816e-06
 2.44816e-06
 2.44816e-06
 2.44816e-06
 2.44816e-06
 2.44816e-06
 2.44816e-06
 2.44816e-06
 2.44816e-06
 2.44816e-06
 2.44816e-06
 2.44816e-06
 2.44816e-06
 2.44816e-06
 2.44816e-06
 2.44816e-06
 2.44816e-06
 2.44816e-06
 2.44816e-06
 2.44816e-06
 2.44816e-06
 2.44816e-06
 2.44816e-06
 2.44816e-06
 2.44816e-06
 2.44816e-06
 2.44816e-06
 2.44816e-06
 2.44816e-06
 2.44816e-06
 2.44816e-06
 2.44816e-06
 2.44816e-06
 2.44816e-06
 2.44816e-06
 2.44816e-06
 2.44816e-06
 2.44816e-06
 2.44816e-06
 2.44816e-06
 2.44816e-06
 2.44816e-06
 2.44816e-06
 2.44816e-06
 2.44816e-06
 2.44816e-06
 2.44816e-06
 2.44816e-06
 2.44816e-06
 2.44816e-06
 2.44816e-06
 2.44816e-06
 2.44816e-06
 2.44816e-06
 2.44816e-06
 2.44816e-06
 2.44816e-06
 2.44816e-06
 2.44816e-06
 2.44816e-06
 2.44816e-06
 2.44816e-06
 2.44816e-06
 2.44816e-06
 2.44816e-06
 2.44816e-06
 2.44816e-06
 2.44816e-06
 2.44816e-06
 2.44816e-06
 2.44816e-06
 2.44816e-06
 2.44816e-06
 2.44816e-06
 2.44816e-06
 2.44816e-06
 2.44816e-06
 2.44816e-06
 2.44816e-06
 2.44816e-06
 2.44816e-06
 2.44816e-06
 2.44816e-06
 2.44816e-06
 2.44816e-06
 2.44816e-06
 2.44816e-06
 2.44816e-06
 2.44816e-06
 2.44816e-06
 2.44816e-06
 2.44816e-06
 2.44816e-06
 2.44816e-06
 2.44816e-06
 2.44816e-06
 2.44816e-06
 2.44816e-06
 2.44816e-06
 2.44816e-06
 2.44816e-06
 2.44816e-06
 2.44816e-06
 2.44816e-06
 2.44816e-06
 2.44816e-06
 2.44816e-06
 2.44816e-06
 2.44816e-06
 2.44816e-06
 2.44816e-06
 2.44816e-06
 2.44816e-06
 2.44816e-06
 2.44816e-06
 2.44816e-06
 2.44816e-06
 2.44816e-06
 2.44816e-06
 2.44816e-06
 2.44816e-06
 2.44816e-06
 2.44816e-06
 2.44816e-06
 2.44816e-06
 2.44816e-06
 2.44816e-06
 2.44816e-06
 2.44816e-06
 2.44816e-06
 2.44816e-06
 2.44816e-06
 2.44816e-06
 2.44816e-06
 2.44816e-06
 2.44816e-06
 2.44816e-06
 2.44816e-06
 2.44816e-06
 2.44816e-06
