InternalEnergy
part
         1
quad4
 1.55900e+02
 5.77588e+01
 5.59103e+01
 5.15044e+01
 5.01067e+01
 4.07795e+01
 2.87939e+01
 2.75447e+01
 3.04255e+01
 2.17746e+01
 1.92534e+01
 1.70275e+01
 1.51512e+01
 1.36457e+01
 1.22371e+01
 1.10716e+01
 9.95649e+00
 8.96403e+00
 8.03087e+00
 7.17442e+00
 6.38364e+00
 5.65886e+00
 4.99753e+00
 4.39669e+00
 3.85387e+00
 3.36556e+00
 2.92857e+00
 2.53929e+00
 2.19417e+00
 1.88958e+00
 1.62199e+00
 1.38793e+00
 1.18408e+00
 1.00731e+00
 8.54658e-01
 7.23406e-01
 6.11097e-01
 5.15491e-01
 4.34445e-01
 3.65839e-01
 3.07632e-01
 2.57965e-01
 2.14914e-01
 1.77438e-01
 1.41592e-01
 1.09535e-01
 8.01175e-02
 4.85340e-02
 1.86353e-02
 1.96206e-03
 1.98563e-05
 2.45883e-06
 2.44816e-06
 2.44816e-06
 2.44816e-06
 2.44816e-06
 2.44816e-06
 2.44816e-06
 2.44816e-06
 2.44816e-06
 5.77588e+01
 5.65650e+01
 5.58126e+01
 5.40478e+01
 5.03497e+01
 4.96347e+01
 3.38254e+01
 3.37992e+01
 3.66396e+01
 2.83302e+01
 2.73286e+01
 2.39246e+01
 2.20796e+01
 1.95688e+01
 1.74759e+01
 1.52861e+01
 1.33430e+01
 1.15699e+01
 1.00167e+01
 8.66522e+00
 7.48964e+00
 6.47249e+00
 5.58859e+00
 4.82233e+00
 4.15641e+00
 3.57831e+00
 3.07608e+00
 2.64023e+00
 2.26206e+00
 1.93441e+00
 1.65087e+00
 1.40599e+00
 1.19491e+00
 1.01341e+00
 8.57743e-01
 7.24629e-01
 6.11223e-01
 5.15043e-01
 4.33746e-01
 3.65068e-01
 3.06879e-01
 2.57272e-01
 2.14298e-01
 1.76808e-01
 1.41077e-01
 1.09003e-01
 7.96179e-02
 4.79905e-02
 1.81828e-02
 1.84504e-03
 1.80322e-05
 2.45723e-06
 2.44816e-06
 2.44816e-06
 2.44816e-06
 2.44816e-06
 2.44816e-06
 2.44816e-06
 2.44816e-06
 2.44816e-06
 5.59103e+01
 5.58126e+01
 5.66564e+01
 5.75976e+01
 5.39997e+01
 5.41355e+01
 4.76218e+01
 3.68842e+01
 3.79205e+01
 2.84238e+01
 2.83983e+01
 2.40290e+01
 2.22216e+01
 1.94539e+01
 1.72711e+01
 1.50794e+01
 1.32004e+01
 1.14812e+01
 9.98694e+00
 8.66033e+00
 7.50349e+00
 6.48933e+00
 5.60654e+00
 4.83661e+00
 4.16717e+00
 3.58469e+00
 3.07892e+00
 2.63977e+00
 2.25941e+00
 1.93023e+00
 1.64597e+00
 1.40086e+00
 1.18995e+00
 1.00884e+00
 8.53689e-01
 7.21149e-01
 6.08320e-01
 5.12630e-01
 4.31728e-01
 3.63371e-01
 3.05437e-01
 2.56029e-01
 2.13237e-01
 1.75651e-01
 1.40151e-01
 1.07995e-01
 7.86214e-02
 4.68794e-02
 1.72555e-02
 1.62097e-03
 1.48483e-05
 2.45469e-06
 2.44816e-06
 2.44816e-06
 2.44816e-06
 2.44816e-06
 2.44816e-06
 2.44816e-06
 2.44816e-06
 2.44816e-06
 5.15044e+01
 5.40478e+01
 5.75976e+01
 5.90562e+01
 5.45248e+01
 5.44325e+01
 5.01078e+01
 4.79286e+01
 4.21244e+01
 3.42366e+01
 3.09676e+01
 2.56505e+01
 2.26202e+01
 1.93681e+01
 1.69243e+01
 1.46983e+01
 1.28052e+01
 1.11342e+01
 9.67575e+00
 8.40235e+00
 7.28898e+00
 6.31810e+00
 5.46855e+00
 4.72727e+00
 4.07946e+00
 3.51501e+00
 3.02312e+00
 2.59556e+00
 2.22406e+00
 1.90203e+00
 1.62321e+00
 1.38240e+00
 1.17484e+00
 9.96408e-01
 8.43426e-01
 7.12649e-01
 6.01263e-01
 5.06783e-01
 4.26888e-01
 3.59350e-01
 3.02069e-01
 2.53175e-01
 2.10874e-01
 1.73216e-01
 1.38272e-01
 1.06103e-01
 7.68406e-02
 4.50405e-02
 1.58259e-02
 1.31733e-03
 1.11126e-05
 2.45204e-06
 2.44816e-06
 2.44816e-06
 2.44816e-06
 2.44816e-06
 2.44816e-06
 2.44816e-06
 2.44816e-06
 2.44816e-06
 5.01067e+01
 5.03497e+01
 5.39997e+01
 5.45248e+01
 5.41131e+01
 5.35366e+01
 5.19487e+01
 4.85950e+01
 4.32886e+01
 3.66934e+01
 3.18172e+01
 2.67983e+01
 2.32763e+01
 1.98544e+01
 1.72249e+01
 1.48315e+01
 1.28684e+01
 1.11312e+01
 9.65355e+00
 8.35868e+00
 7.24012e+00
 6.26279e+00
 5.41365e+00
 4.67282e+00
 4.02846e+00
 3.46736e+00
 2.97990e+00
 2.55645e+00
 2.18937e+00
 1.87143e+00
 1.59662e+00
 1.35946e+00
 1.15524e+00
 9.79768e-01
 8.29368e-01
 7.00822e-01
 5.91354e-01
 4.98507e-01
 4.19980e-01
 3.53568e-01
 2.97202e-01
 2.49042e-01
 2.07454e-01
 1.69763e-01
 1.35577e-01
 1.03456e-01
 7.43245e-02
 4.24984e-02
 1.39462e-02
 9.79060e-04
 7.69042e-06
 2.44997e-06
 2.44816e-06
 2.44816e-06
 2.44816e-06
 2.44816e-06
 2.44816e-06
 2.44816e-06
 2.44816e-06
 2.44816e-06
 4.07795e+01
 4.96347e+01
 5.41355e+01
 5.44325e+01
 5.35366e+01
 5.23195e+01
 4.96247e+01
 4.57106e+01
 4.05432e+01
 3.48674e+01
 2.98054e+01
 2.55974e+01
 2.19706e+01
 1.90046e+01
 1.64374e+01
 1.42729e+01
 1.23895e+01
 1.07719e+01
 9.35573e+00
 8.12527e+00
 7.04541e+00
 6.10366e+00
 5.27901e+00
 4.56027e+00
 3.93289e+00
 3.38683e+00
 2.91142e+00
 2.49852e+00
 2.14012e+00
 1.82971e+00
 1.56122e+00
 1.32950e+00
 1.12989e+00
 9.58366e-01
 8.11328e-01
 6.85650e-01
 5.78628e-01
 4.87854e-01
 4.11066e-01
 3.46093e-01
 2.90903e-01
 2.43686e-01
 2.03001e-01
 1.65381e-01
 1.32064e-01
 1.00089e-01
 7.10499e-02
 3.92585e-02
 1.17055e-02
 6.55943e-04
 5.15126e-06
 2.44818e-06
 2.44816e-06
 2.44816e-06
 2.44816e-06
 2.44816e-06
 2.44816e-06
 2.44816e-06
 2.44816e-06
 2.44816e-06
 2.87939e+01
 3.38254e+01
 4.76218e+01
 5.01078e+01
 5.19487e+01
 4.96247e+01
 4.66804e+01
 4.25991e+01
 3.78997e+01
 3.28970e+01
 2.85910e+01
 2.45663e+01
 2.12861e+01
 1.83948e+01
 1.59664e+01
 1.38543e+01
 1.20414e+01
 1.04592e+01
 9.08659e+00
 7.88573e+00
 6.83966e+00
 5.92427e+00
 5.12615e+00
 4.42867e+00
 3.82092e+00
 3.29095e+00
 2.82992e+00
 2.42900e+00
 2.08110e+00
 1.77954e+00
 1.51871e+00
 1.29348e+00
 1.09945e+00
 9.32660e-01
 7.89662e-01
 6.67429e-01
 5.63342e-01
 4.75057e-01
 4.00355e-01
 3.37110e-01
 2.83334e-01
 2.37240e-01
 1.97606e-01
 1.60207e-01
 1.27770e-01
 9.60722e-02
 6.70050e-02
 3.53542e-02
 9.24638e-03
 3.89363e-04
 3.61467e-06
 2.44817e-06
 2.44816e-06
 2.44816e-06
 2.44816e-06
 2.44816e-06
 2.44816e-06
 2.44816e-06
 2.44816e-06
 2.44816e-06
 2.75447e+01
 3.37992e+01
 3.68842e+01
 4.79286e+01
 4.85950e+01
 4.57106e+01
 4.25991e+01
 3.84473e+01
 3.42428e+01
 2.99934e+01
 2.62098e+01
 2.28408e+01
 1.99010e+01
 1.73512e+01
 1.51231e+01
 1.31909e+01
 1.14941e+01
 1.00163e+01
 8.71601e+00
 7.57987e+00
 6.58149e+00
 5.70846e+00
 4.94306e+00
 4.27440e+00
 3.68973e+00
 3.17992e+00
 2.73548e+00
 2.34893e+00
 2.01307e+00
 1.72188e+00
 1.46981e+00
 1.25210e+00
 1.06445e+00
 9.03113e-01
 7.64758e-01
 6.46483e-01
 5.45772e-01
 4.60348e-01
 3.88045e-01
 3.26784e-01
 2.74634e-01
 2.29811e-01
 1.91323e-01
 1.54361e-01
 1.22598e-01
 9.15659e-02
 6.21601e-02
 3.08425e-02
 6.75875e-03
 2.00642e-04
 2.86083e-06
 2.44817e-06
 2.44816e-06
 2.44816e-06
 2.44816e-06
 2.44816e-06
 2.44816e-06
 2.44816e-06
 2.44816e-06
 2.44816e-06
 3.04255e+01
 3.66396e+01
 3.79205e+01
 4.21244e+01
 4.32886e+01
 4.05432e+01
 3.78997e+01
 3.42428e+01
 3.07135e+01
 2.71784e+01
 2.39925e+01
 2.10825e+01
 1.85168e+01
 1.62335e+01
 1.42277e+01
 1.24524e+01
 1.08922e+01
 9.51259e+00
 8.30007e+00
 7.22972e+00
 6.28949e+00
 5.46179e+00
 4.73596e+00
 4.09901e+00
 3.54178e+00
 3.05446e+00
 2.62936e+00
 2.25892e+00
 1.93686e+00
 1.65729e+00
 1.41515e+00
 1.20585e+00
 1.02538e+00
 8.70147e-01
 7.36985e-01
 6.23138e-01
 5.26200e-01
 4.43971e-01
 3.74340e-01
 3.15287e-01
 2.64944e-01
 2.21509e-01
 1.84188e-01
 1.47889e-01
 1.16486e-01
 8.67050e-02
 5.65093e-02
 2.58250e-02
 4.46147e-03
 8.78194e-05
 2.56515e-06
 2.44816e-06
 2.44816e-06
 2.44816e-06
 2.44816e-06
 2.44816e-06
 2.44816e-06
 2.44816e-06
 2.44816e-06
 2.44816e-06
 2.17746e+01
 2.83302e+01
 2.84238e+01
 3.42366e+01
 3.66934e+01
 3.48674e+01
 3.28970e+01
 2.99934e+01
 2.71784e+01
 2.43002e+01
 2.16669e+01
 1.92265e+01
 1.70187e+01
 1.50316e+01
 1.32454e+01
 1.16535e+01
 1.02307e+01
 8.96771e+00
 7.84403e+00
 6.85000e+00
 5.96968e+00
 5.19351e+00
 4.50914e+00
 3.90781e+00
 3.37980e+00
 2.91752e+00
 2.51327e+00
 2.16065e+00
 1.85358e+00
 1.58680e+00
 1.35549e+00
 1.15542e+00
 9.82788e-01
 8.34225e-01
 7.06740e-01
 5.97731e-01
 5.04914e-01
 4.26167e-01
 3.59443e-01
 3.02785e-01
 2.54399e-01
 2.12437e-01
 1.76207e-01
 1.40902e-01
 1.09792e-01
 8.10315e-02
 5.02476e-02
 2.04760e-02
 2.55692e-03
 3.23440e-05
 2.47411e-06
 2.44816e-06
 2.44816e-06
 2.44816e-06
 2.44816e-06
 2.44816e-06
 2.44816e-06
 2.44816e-06
 2.44816e-06
 2.44816e-06
 1.92534e+01
 2.73286e+01
 2.83983e+01
 3.09676e+01
 3.18172e+01
 2.98054e+01
 2.85910e+01
 2.62098e+01
 2.39925e+01
 2.16669e+01
 1.94921e+01
 1.74394e+01
 1.55488e+01
 1.38177e+01
 1.22453e+01
 1.08214e+01
 9.54056e+00
 8.38983e+00
 7.36187e+00
 6.44431e+00
 5.62931e+00
 4.90612e+00
 4.26698e+00
 3.70286e+00
 3.20661e+00
 2.77078e+00
 2.38907e+00
 2.05541e+00
 1.76447e+00
 1.51136e+00
 1.29167e+00
 1.10148e+00
 9.37253e-01
 7.95837e-01
 6.74434e-01
 5.70612e-01
 4.82208e-01
 4.07182e-01
 3.43555e-01
 2.89440e-01
 2.43124e-01
 2.02898e-01
 1.67173e-01
 1.33556e-01
 1.02646e-01
 7.44182e-02
 4.34157e-02
 1.50421e-02
 1.22236e-03
 1.07547e-05
 2.45236e-06
 2.44816e-06
 2.44816e-06
 2.44816e-06
 2.44816e-06
 2.44816e-06
 2.44816e-06
 2.44816e-06
 2.44816e-06
 2.44816e-06
 1.70275e+01
 2.39246e+01
 2.40290e+01
 2.56505e+01
 2.67983e+01
 2.55974e+01
 2.45663e+01
 2.28408e+01
 2.10825e+01
 1.92265e+01
 1.74394e+01
 1.57260e+01
 1.41170e+01
 1.26220e+01
 1.12440e+01
 9.98385e+00
 8.83662e+00
 7.79900e+00
 6.86354e+00
 6.02474e+00
 5.27452e+00
 4.60658e+00
 4.01328e+00
 3.48824e+00
 3.02468e+00
 2.61668e+00
 2.25843e+00
 1.94473e+00
 1.67072e+00
 1.43199e+00
 1.22454e+00
 1.04474e+00
 8.89370e-01
 7.55481e-01
 6.40490e-01
 5.42136e-01
 4.58377e-01
 3.87258e-01
 3.26873e-01
 2.75410e-01
 2.31217e-01
 1.93033e-01
 1.57318e-01
 1.25752e-01
 9.51133e-02
 6.69181e-02
 3.59755e-02
 9.91662e-03
 4.77124e-04
 4.22800e-06
 2.44818e-06
 2.44816e-06
 2.44816e-06
 2.44816e-06
 2.44816e-06
 2.44816e-06
 2.44816e-06
 2.44816e-06
 2.44816e-06
 2.44816e-06
 1.51512e+01
 2.20796e+01
 2.22216e+01
 2.26202e+01
 2.32763e+01
 2.19706e+01
 2.12861e+01
 1.99010e+01
 1.85168e+01
 1.70187e+01
 1.55488e+01
 1.41170e+01
 1.27506e+01
 1.14640e+01
 1.02637e+01
 9.15340e+00
 8.13412e+00
 7.20365e+00
 6.35961e+00
 5.59732e+00
 4.91241e+00
 4.29925e+00
 3.75267e+00
 3.26700e+00
 2.83698e+00
 2.45738e+00
 2.12330e+00
 1.83014e+00
 1.57360e+00
 1.34974e+00
 1.15494e+00
 9.85939e-01
 8.39739e-01
 7.13661e-01
 6.05328e-01
 5.12653e-01
 4.33713e-01
 3.66633e-01
 3.09587e-01
 2.60849e-01
 2.18778e-01
 1.82518e-01
 1.47365e-01
 1.16855e-01
 8.75779e-02
 5.84432e-02
 2.80971e-02
 5.61874e-03
 1.46110e-04
 2.73154e-06
 2.44817e-06
 2.44816e-06
 2.44816e-06
 2.44816e-06
 2.44816e-06
 2.44816e-06
 2.44816e-06
 2.44816e-06
 2.44816e-06
 2.44816e-06
 1.36457e+01
 1.95688e+01
 1.94539e+01
 1.93681e+01
 1.98544e+01
 1.90046e+01
 1.83948e+01
 1.73512e+01
 1.62335e+01
 1.50316e+01
 1.38177e+01
 1.26220e+01
 1.14640e+01
 1.03596e+01
 9.31808e+00
 8.34512e+00
 7.44379e+00
 6.61498e+00
 5.85761e+00
 5.16976e+00
 4.54817e+00
 3.98925e+00
 3.48880e+00
 3.04255e+00
 2.64611e+00
 2.29514e+00
 1.98550e+00
 1.71314e+00
 1.47437e+00
 1.26565e+00
 1.08377e+00
 9.25777e-01
 7.88960e-01
 6.70874e-01
 5.69366e-01
 4.82512e-01
 4.08499e-01
 3.45535e-01
 2.91882e-01
 2.45905e-01
 2.05914e-01
 1.71298e-01
 1.37292e-01
 1.07244e-01
 7.94166e-02
 4.93162e-02
 2.01435e-02
 2.54799e-03
 3.43493e-05
 2.48055e-06
 2.44816e-06
 2.44816e-06
 2.44816e-06
 2.44816e-06
 2.44816e-06
 2.44816e-06
 2.44816e-06
 2.44816e-06
 2.44816e-06
 2.44816e-06
 1.22371e+01
 1.74759e+01
 1.72711e+01
 1.69243e+01
 1.72249e+01
 1.64374e+01
 1.59664e+01
 1.51231e+01
 1.42277e+01
 1.32454e+01
 1.22453e+01
 1.12440e+01
 1.02637e+01
 9.31808e+00
 8.41714e+00
 7.56812e+00
 6.77512e+00
 6.04064e+00
 5.36511e+00
 4.74793e+00
 4.18730e+00
 3.68084e+00
 3.22545e+00
 2.81791e+00
 2.45460e+00
 2.13208e+00
 1.84673e+00
 1.59522e+00
 1.37423e+00
 1.18073e+00
 1.01185e+00
 8.64961e-01
 7.37610e-01
 6.27608e-01
 5.33010e-01
 4.52048e-01
 3.83008e-01
 3.24186e-01
 2.73929e-01
 2.30701e-01
 1.93057e-01
 1.58927e-01
 1.27258e-01
 9.74610e-02
 7.00741e-02
 3.97050e-02
 1.26740e-02
 8.60354e-04
 7.47102e-06
 2.45037e-06
 2.44816e-06
 2.44816e-06
 2.44816e-06
 2.44816e-06
 2.44816e-06
 2.44816e-06
 2.44816e-06
 2.44816e-06
 2.44816e-06
 2.44816e-06
 1.10716e+01
 1.52861e+01
 1.50794e+01
 1.46983e+01
 1.48315e+01
 1.42729e+01
 1.38543e+01
 1.31909e+01
 1.24524e+01
 1.16535e+01
 1.08214e+01
 9.98385e+00
 9.15340e+00
 8.34512e+00
 7.56812e+00
 6.82971e+00
 6.13507e+00
 5.48715e+00
 4.88775e+00
 4.33694e+00
 3.83421e+00
 3.37783e+00
 2.96593e+00
 2.59580e+00
 2.26487e+00
 1.97011e+00
 1.70872e+00
 1.47770e+00
 1.27435e+00
 1.09593e+00
 9.39989e-01
 8.04148e-01
 6.86246e-01
 5.84327e-01
 4.96648e-01
 4.21579e-01
 3.57497e-01
 3.02788e-01
 2.55888e-01
 2.15306e-01
 1.80151e-01
 1.46251e-01
 1.16544e-01
 8.78564e-02
 5.95879e-02
 2.96454e-02
 6.54695e-03
 2.09528e-04
 2.98966e-06
 2.44817e-06
 2.44816e-06
 2.44816e-06
 2.44816e-06
 2.44816e-06
 2.44816e-06
 2.44816e-06
 2.44816e-06
 2.44816e-06
 2.44816e-06
 2.44816e-06
 9.95649e+00
 1.33430e+01
 1.32004e+01
 1.28052e+01
 1.28684e+01
 1.23895e+01
 1.20414e+01
 1.14941e+01
 1.08922e+01
 1.02307e+01
 9.54056e+00
 8.83662e+00
 8.13412e+00
 7.44379e+00
 6.77512e+00
 6.13507e+00
 5.52870e+00
 4.95978e+00
 4.43020e+00
 3.94123e+00
 3.49255e+00
 3.08367e+00
 2.71295e+00
 2.37879e+00
 2.07889e+00
 1.81109e+00
 1.57287e+00
 1.36190e+00
 1.17575e+00
 1.01215e+00
 8.68911e-01
 7.43960e-01
 6.35384e-01
 5.41466e-01
 4.60643e-01
 3.91400e-01
 3.32202e-01
 2.81526e-01
 2.37905e-01
 1.99802e-01
 1.66686e-01
 1.33941e-01
 1.04849e-01
 7.78292e-02
 4.83343e-02
 1.97092e-02
 2.50314e-03
 3.54855e-05
 2.48653e-06
 2.44816e-06
 2.44816e-06
 2.44816e-06
 2.44816e-06
 2.44816e-06
 2.44816e-06
 2.44816e-06
 2.44816e-06
 2.44816e-06
 2.44816e-06
 2.44816e-06
 8.96403e+00
 1.15699e+01
 1.14812e+01
 1.11342e+01
 1.11312e+01
 1.07719e+01
 1.04592e+01
 1.00163e+01
 9.51259e+00
 8.96771e+00
 8.38983e+00
 7.79900e+00
 7.20365e+00
 6.61498e+00
 6.04064e+00
 5.48715e+00
 4.95978e+00
 4.46189e+00
 3.99623e+00
 3.56386e+00
 3.16558e+00
 2.80084e+00
 2.46909e+00
 2.16880e+00
 1.89858e+00
 1.65644e+00
 1.44057e+00
 1.24888e+00
 1.07941e+00
 9.30173e-01
 7.99294e-01
 6.84957e-01
 5.85503e-01
 4.99430e-01
 4.25327e-01
 3.61777e-01
 3.07333e-01
 2.60559e-01
 2.20085e-01
 1.84718e-01
 1.51980e-01
 1.22009e-01
 9.32193e-02
 6.64009e-02
 3.66405e-02
 1.08566e-02
 6.37663e-04
 5.79026e-06
 2.44822e-06
 2.44816e-06
 2.44816e-06
 2.44816e-06
 2.44816e-06
 2.44816e-06
 2.44816e-06
 2.44816e-06
 2.44816e-06
 2.44816e-06
 2.44816e-06
 2.44816e-06
 8.03087e+00
 1.00167e+01
 9.98694e+00
 9.67575e+00
 9.65355e+00
 9.35573e+00
 9.08659e+00
 8.71601e+00
 8.30007e+00
 7.84403e+00
 7.36187e+00
 6.86354e+00
 6.35961e+00
 5.85761e+00
 5.36511e+00
 4.88775e+00
 4.43020e+00
 3.99623e+00
 3.58805e+00
 3.20761e+00
 2.85536e+00
 2.53175e+00
 2.23607e+00
 1.96771e+00
 1.72530e+00
 1.50759e+00
 1.31289e+00
 1.13964e+00
 9.86124e-01
 8.50699e-01
 7.31721e-01
 6.27640e-01
 5.37030e-01
 4.58576e-01
 3.90991e-01
 3.32943e-01
 2.83069e-01
 2.40022e-01
 2.02449e-01
 1.69753e-01
 1.37537e-01
 1.09010e-01
 8.21534e-02
 5.36759e-02
 2.47576e-02
 4.43971e-03
 1.03450e-04
 2.65476e-06
 2.44817e-06
 2.44816e-06
 2.44816e-06
 2.44816e-06
 2.44816e-06
 2.44816e-06
 2.44816e-06
 2.44816e-06
 2.44816e-06
 2.44816e-06
 2.44816e-06
 2.44816e-06
 7.17442e+00
 8.66522e+00
 8.66033e+00
 8.40235e+00
 8.35868e+00
 8.12527e+00
 7.88573e+00
 7.57987e+00
 7.22972e+00
 6.85000e+00
 6.44431e+00
 6.02474e+00
 5.59732e+00
 5.16976e+00
 4.74793e+00
 4.33694e+00
 3.94123e+00
 3.56386e+00
 3.20761e+00
 2.87384e+00
 2.56385e+00
 2.27771e+00
 2.01558e+00
 1.77669e+00
 1.56040e+00
 1.36548e+00
 1.19080e+00
 1.03496e+00
 8.96604e-01
 7.74314e-01
 6.66701e-01
 5.72448e-01
 4.90341e-01
 4.19218e-01
 3.57886e-01
 3.05090e-01
 2.59551e-01
 2.20019e-01
 1.85195e-01
 1.53859e-01
 1.23807e-01
 9.57561e-02
 6.96672e-02
 4.04852e-02
 1.38226e-02
 1.13910e-03
 1.16630e-05
 2.45544e-06
 2.44816e-06
 2.44816e-06
 2.44816e-06
 2.44816e-06
 2.44816e-06
 2.44816e-06
 2.44816e-06
 2.44816e-06
 2.44816e-06
 2.44816e-06
 2.44816e-06
 2.44816e-06
 6.38364e+00
 7.48964e+00
 7.50349e+00
 7.28898e+00
 7.24012e+00
 7.04541e+00
 6.83966e+00
 6.58149e+00
 6.28949e+00
 5.96968e+00
 5.62931e+00
 5.27452e+00
 4.91241e+00
 4.54817e+00
 4.18730e+00
 3.83421e+00
 3.49255e+00
 3.16558e+00
 2.85536e+00
 2.56385e+00
 2.29181e+00
 2.04006e+00
 1.80845e+00
 1.59689e+00
 1.40465e+00
 1.23102e+00
 1.07498e+00
 9.35497e-01
 8.11396e-01
 7.01505e-01
 6.04655e-01
 5.19750e-01
 4.45753e-01
 3.81613e-01
 3.26210e-01
 2.78366e-01
 2.36880e-01
 2.00543e-01
 1.68753e-01
 1.37566e-01
 1.09731e-01
 8.33204e-02
 5.56485e-02
 2.69909e-02
 5.58369e-03
 1.69402e-04
 2.91817e-06
 2.44818e-06
 2.44816e-06
 2.44816e-06
 2.44816e-06
 2.44816e-06
 2.44816e-06
 2.44816e-06
 2.44816e-06
 2.44816e-06
 2.44816e-06
 2.44816e-06
 2.44816e-06
 2.44816e-06
 5.65886e+00
 6.47249e+00
 6.48933e+00
 6.31810e+00
 6.26279e+00
 6.10366e+00
 5.92427e+00
 5.70846e+00
 5.46179e+00
 5.19351e+00
 4.90612e+00
 4.60658e+00
 4.29925e+00
 3.98925e+00
 3.68084e+00
 3.37783e+00
 3.08367e+00
 2.80084e+00
 2.53175e+00
 2.27771e+00
 2.04006e+00
 1.81919e+00
 1.61553e+00
 1.42881e+00
 1.25876e+00
 1.10473e+00
 9.66011e-01
 8.41722e-01
 7.30929e-01
 6.32648e-01
 5.45926e-01
 4.69852e-01
 4.03521e-01
 3.45959e-01
 2.96110e-01
 2.52868e-01
 2.15120e-01
 1.81678e-01
 1.51537e-01
 1.22379e-01
 9.50945e-02
 6.96062e-02
 4.10069e-02
 1.45190e-02
 1.32886e-03
 1.51556e-05
 2.46114e-06
 2.44816e-06
 2.44816e-06
 2.44816e-06
 2.44816e-06
 2.44816e-06
 2.44816e-06
 2.44816e-06
 2.44816e-06
 2.44816e-06
 2.44816e-06
 2.44816e-06
 2.44816e-06
 2.44816e-06
 4.99753e+00
 5.58859e+00
 5.60654e+00
 5.46855e+00
 5.41365e+00
 5.27901e+00
 5.12615e+00
 4.94306e+00
 4.73596e+00
 4.50914e+00
 4.26698e+00
 4.01328e+00
 3.75267e+00
 3.48880e+00
 3.22545e+00
 2.96593e+00
 2.71295e+00
 2.46909e+00
 2.23607e+00
 2.01558e+00
 1.80845e+00
 1.61553e+00
 1.43698e+00
 1.27292e+00
 1.12306e+00
 9.87026e-01
 8.64223e-01
 7.53975e-01
 6.55506e-01
 5.68031e-01
 4.90780e-01
 4.22986e-01
 3.63827e-01
 3.12387e-01
 2.67672e-01
 2.28639e-01
 1.94209e-01
 1.63931e-01
 1.33943e-01
 1.07000e-01
 8.14856e-02
 5.41956e-02
 2.61124e-02
 5.34025e-03
 1.63901e-04
 2.93480e-06
 2.44818e-06
 2.44816e-06
 2.44816e-06
 2.44816e-06
 2.44816e-06
 2.44816e-06
 2.44816e-06
 2.44816e-06
 2.44816e-06
 2.44816e-06
 2.44816e-06
 2.44816e-06
 2.44816e-06
 2.44816e-06
 4.39669e+00
 4.82233e+00
 4.83661e+00
 4.72727e+00
 4.67282e+00
 4.56027e+00
 4.42867e+00
 4.27440e+00
 4.09901e+00
 3.90781e+00
 3.70286e+00
 3.48824e+00
 3.26700e+00
 3.04255e+00
 2.81791e+00
 2.59580e+00
 2.37879e+00
 2.16880e+00
 1.96771e+00
 1.77669e+00
 1.59689e+00
 1.42881e+00
 1.27292e+00
 1.12925e+00
 9.97741e-01
 8.78072e-01
 7.69824e-01
 6.72443e-01
 5.85327e-01
 5.07856e-01
 4.39408e-01
 3.79305e-01
 3.26779e-01
 2.80963e-01
 2.40915e-01
 2.05671e-01
 1.74326e-01
 1.45129e-01
 1.17775e-01
 9.12912e-02
 6.62357e-02
 3.81626e-02
 1.27320e-02
 1.03837e-03
 1.14926e-05
 2.45719e-06
 2.44816e-06
 2.44816e-06
 2.44816e-06
 2.44816e-06
 2.44816e-06
 2.44816e-06
 2.44816e-06
 2.44816e-06
 2.44816e-06
 2.44816e-06
 2.44816e-06
 2.44816e-06
 2.44816e-06
 2.44816e-06
 3.85387e+00
 4.15641e+00
 4.16717e+00
 4.07946e+00
 4.02846e+00
 3.93289e+00
 3.82092e+00
 3.68973e+00
 3.54178e+00
 3.37980e+00
 3.20661e+00
 3.02468e+00
 2.83698e+00
 2.64611e+00
 2.45460e+00
 2.26487e+00
 2.07889e+00
 1.89858e+00
 1.72530e+00
 1.56040e+00
 1.40465e+00
 1.25876e+00
 1.12306e+00
 9.97741e-01
 8.82748e-01
 7.77899e-01
 6.82858e-01
 5.97212e-01
 5.20503e-01
 4.52248e-01
 3.91916e-01
 3.38881e-01
 2.92409e-01
 2.51676e-01
 2.15797e-01
 1.83785e-01
 1.55416e-01
 1.26908e-01
 1.00889e-01
 7.64849e-02
 4.93645e-02
 2.21636e-02
 3.81271e-03
 9.23702e-05
 2.67764e-06
 2.44818e-06
 2.44816e-06
 2.44816e-06
 2.44816e-06
 2.44816e-06
 2.44816e-06
 2.44816e-06
 2.44816e-06
 2.44816e-06
 2.44816e-06
 2.44816e-06
 2.44816e-06
 2.44816e-06
 2.44816e-06
 2.44816e-06
 3.36556e+00
 3.57831e+00
 3.58469e+00
 3.51501e+00
 3.46736e+00
 3.38683e+00
 3.29095e+00
 3.17992e+00
 3.05446e+00
 2.91752e+00
 2.77078e+00
 2.61668e+00
 2.45738e+00
 2.29514e+00
 2.13208e+00
 1.97011e+00
 1.81109e+00
 1.65644e+00
 1.50759e+00
 1.36548e+00
 1.23102e+00
 1.10473e+00
 9.87026e-01
 8.78072e-01
 7.77899e-01
 6.86373e-01
 6.03264e-01
 5.28275e-01
 4.61068e-01
 4.01246e-01
 3.48322e-01
 3.01695e-01
 2.60663e-01
 2.24440e-01
 1.92196e-01
 1.63492e-01
 1.35253e-01
 1.09716e-01
 8.48933e-02
 5.93547e-02
 3.19863e-02
 8.91974e-03
 5.10795e-04
 5.60197e-06
 2.44830e-06
 2.44816e-06
 2.44816e-06
 2.44816e-06
 2.44816e-06
 2.44816e-06
 2.44816e-06
 2.44816e-06
 2.44816e-06
 2.44816e-06
 2.44816e-06
 2.44816e-06
 2.44816e-06
 2.44816e-06
 2.44816e-06
 2.44816e-06
 2.92857e+00
 3.07608e+00
 3.07892e+00
 3.02312e+00
 2.97990e+00
 2.91142e+00
 2.82992e+00
 2.73548e+00
 2.62936e+00
 2.51327e+00
 2.38907e+00
 2.25843e+00
 2.12330e+00
 1.98550e+00
 1.84673e+00
 1.70872e+00
 1.57287e+00
 1.44057e+00
 1.31289e+00
 1.19080e+00
 1.07498e+00
 9.66011e-01
 8.64223e-01
 7.69824e-01
 6.82858e-01
 6.03264e-01
 5.30898e-01
 4.65558e-01
 4.06978e-01
 3.54799e-01
 3.08546e-01
 2.67640e-01
 2.31403e-01
 1.99108e-01
 1.70018e-01
 1.42784e-01
 1.17003e-01
 9.18142e-02
 6.79917e-02
 4.11255e-02
 1.56470e-02
 1.80785e-03
 2.83135e-05
 2.49469e-06
 2.44817e-06
 2.44816e-06
 2.44816e-06
 2.44816e-06
 2.44816e-06
 2.44816e-06
 2.44816e-06
 2.44816e-06
 2.44816e-06
 2.44816e-06
 2.44816e-06
 2.44816e-06
 2.44816e-06
 2.44816e-06
 2.44816e-06
 2.44816e-06
 2.53929e+00
 2.64023e+00
 2.63977e+00
 2.59556e+00
 2.55645e+00
 2.49852e+00
 2.42900e+00
 2.34893e+00
 2.25892e+00
 2.16065e+00
 2.05541e+00
 1.94473e+00
 1.83014e+00
 1.71314e+00
 1.59522e+00
 1.47770e+00
 1.36190e+00
 1.24888e+00
 1.13964e+00
 1.03496e+00
 9.35497e-01
 8.41722e-01
 7.53975e-01
 6.72443e-01
 5.97212e-01
 5.28275e-01
 4.65558e-01
 4.08912e-01
 3.58093e-01
 3.12747e-01
 2.72410e-01
 2.36513e-01
 2.04416e-01
 1.75327e-01
 1.49152e-01
 1.22792e-01
 9.81979e-02
 7.50992e-02
 4.90905e-02
 2.28213e-02
 4.41099e-03
 1.36301e-04
 2.92402e-06
 2.44820e-06
 2.44816e-06
 2.44816e-06
 2.44816e-06
 2.44816e-06
 2.44816e-06
 2.44816e-06
 2.44816e-06
 2.44816e-06
 2.44816e-06
 2.44816e-06
 2.44816e-06
 2.44816e-06
 2.44816e-06
 2.44816e-06
 2.44816e-06
 2.44816e-06
 2.19417e+00
 2.26206e+00
 2.25941e+00
 2.22406e+00
 2.18937e+00
 2.14012e+00
 2.08110e+00
 2.01307e+00
 1.93686e+00
 1.85358e+00
 1.76447e+00
 1.67072e+00
 1.57360e+00
 1.47437e+00
 1.37423e+00
 1.27435e+00
 1.17575e+00
 1.07941e+00
 9.86124e-01
 8.96604e-01
 8.11396e-01
 7.30929e-01
 6.55506e-01
 5.85327e-01
 5.20503e-01
 4.61068e-01
 4.06978e-01
 3.58093e-01
 3.14163e-01
 2.74832e-01
 2.39636e-01
 2.08026e-01
 1.79352e-01
 1.53589e-01
 1.27416e-01
 1.03536e-01
 8.06806e-02
 5.57249e-02
 2.95908e-02
 8.05370e-03
 4.66245e-04
 5.64160e-06
 2.44836e-06
 2.44816e-06
 2.44816e-06
 2.44816e-06
 2.44816e-06
 2.44816e-06
 2.44816e-06
 2.44816e-06
 2.44816e-06
 2.44816e-06
 2.44816e-06
 2.44816e-06
 2.44816e-06
 2.44816e-06
 2.44816e-06
 2.44816e-06
 2.44816e-06
 2.44816e-06
 1.88958e+00
 1.93441e+00
 1.93023e+00
 1.90203e+00
 1.87143e+00
 1.82971e+00
 1.77954e+00
 1.72188e+00
 1.65729e+00
 1.58680e+00
 1.51136e+00
 1.43199e+00
 1.34974e+00
 1.26565e+00
 1.18073e+00
 1.09593e+00
 1.01215e+00
 9.30173e-01
 8.50699e-01
 7.74314e-01
 7.01505e-01
 6.32648e-01
 5.68031e-01
 5.07856e-01
 4.52248e-01
 4.01246e-01
 3.54799e-01
 3.12747e-01
 2.74832e-01
 2.40686e-01
 2.09855e-01
 1.81798e-01
 1.56480e-01
 1.30849e-01
 1.07674e-01
 8.47776e-02
 6.10580e-02
 3.54176e-02
 1.21455e-02
 1.16311e-03
 1.69860e-05
 2.47510e-06
 2.44817e-06
 2.44816e-06
 2.44816e-06
 2.44816e-06
 2.44816e-06
 2.44816e-06
 2.44816e-06
 2.44816e-06
 2.44816e-06
 2.44816e-06
 2.44816e-06
 2.44816e-06
 2.44816e-06
 2.44816e-06
 2.44816e-06
 2.44816e-06
 2.44816e-06
 2.44816e-06
 1.62199e+00
 1.65087e+00
 1.64597e+00
 1.62321e+00
 1.59662e+00
 1.56122e+00
 1.51871e+00
 1.46981e+00
 1.41515e+00
 1.35549e+00
 1.29167e+00
 1.22454e+00
 1.15494e+00
 1.08377e+00
 1.01185e+00
 9.39989e-01
 8.68911e-01
 7.99294e-01
 7.31721e-01
 6.66701e-01
 6.04655e-01
 5.45926e-01
 4.90780e-01
 4.39408e-01
 3.91916e-01
 3.48322e-01
 3.08546e-01
 2.72410e-01
 2.39636e-01
 2.09855e-01
 1.82618e-01
 1.57913e-01
 1.32964e-01
 1.10441e-01
 8.75569e-02
 6.50801e-02
 4.00471e-02
 1.60506e-02
 2.25051e-03
 4.93602e-05
 2.58558e-06
 2.44818e-06
 2.44816e-06
 2.44816e-06
 2.44816e-06
 2.44816e-06
 2.44816e-06
 2.44816e-06
 2.44816e-06
 2.44816e-06
 2.44816e-06
 2.44816e-06
 2.44816e-06
 2.44816e-06
 2.44816e-06
 2.44816e-06
 2.44816e-06
 2.44816e-06
 2.44816e-06
 2.44816e-06
 1.38793e+00
 1.40599e+00
 1.40086e+00
 1.38240e+00
 1.35946e+00
 1.32950e+00
 1.29348e+00
 1.25210e+00
 1.20585e+00
 1.15542e+00
 1.10148e+00
 1.04474e+00
 9.85939e-01
 9.25777e-01
 8.64961e-01
 8.04148e-01
 7.43960e-01
 6.84957e-01
 6.27640e-01
 5.72448e-01
 5.19750e-01
 4.69852e-01
 4.22986e-01
 3.79305e-01
 3.38881e-01
 3.01695e-01
 2.67640e-01
 2.36513e-01
 2.08026e-01
 1.81798e-01
 1.57913e-01
 1.33677e-01
 1.11785e-01
 8.92988e-02
 6.77705e-02
 4.33807e-02
 1.92905e-02
 3.54238e-03
 1.14695e-04
 2.94004e-06
 2.44822e-06
 2.44816e-06
 2.44816e-06
 2.44816e-06
 2.44816e-06
 2.44816e-06
 2.44816e-06
 2.44816e-06
 2.44816e-06
 2.44816e-06
 2.44816e-06
 2.44816e-06
 2.44816e-06
 2.44816e-06
 2.44816e-06
 2.44816e-06
 2.44816e-06
 2.44816e-06
 2.44816e-06
 2.44816e-06
 1.18408e+00
 1.19491e+00
 1.18995e+00
 1.17484e+00
 1.15524e+00
 1.12989e+00
 1.09945e+00
 1.06445e+00
 1.02538e+00
 9.82788e-01
 9.37253e-01
 8.89370e-01
 8.39739e-01
 7.88960e-01
 7.37610e-01
 6.86246e-01
 6.35384e-01
 5.85503e-01
 5.37030e-01
 4.90341e-01
 4.45753e-01
 4.03521e-01
 3.63827e-01
 3.26779e-01
 2.92409e-01
 2.60663e-01
 2.31403e-01
 2.04416e-01
 1.79352e-01
 1.56480e-01
 1.32964e-01
 1.11785e-01
 8.98995e-02
 6.91048e-02
 4.53855e-02
 2.15851e-02
 4.72828e-03
 2.09682e-04
 3.74024e-06
 2.44832e-06
 2.44816e-06
 2.44816e-06
 2.44816e-06
 2.44816e-06
 2.44816e-06
 2.44816e-06
 2.44816e-06
 2.44816e-06
 2.44816e-06
 2.44816e-06
 2.44816e-06
 2.44816e-06
 2.44816e-06
 2.44816e-06
 2.44816e-06
 2.44816e-06
 2.44816e-06
 2.44816e-06
 2.44816e-06
 2.44816e-06
 1.00731e+00
 1.01341e+00
 1.00884e+00
 9.96408e-01
 9.79768e-01
 9.58366e-01
 9.32660e-01
 9.03113e-01
 8.70147e-01
 8.34225e-01
 7.95837e-01
 7.55481e-01
 7.13661e-01
 6.70874e-01
 6.27608e-01
 5.84327e-01
 5.41466e-01
 4.99430e-01
 4.58576e-01
 4.19218e-01
 3.81613e-01
 3.45959e-01
 3.12387e-01
 2.80963e-01
 2.51676e-01
 2.24440e-01
 1.99108e-01
 1.75327e-01
 1.53589e-01
 1.30849e-01
 1.10441e-01
 8.92988e-02
 6.91048e-02
 4.60543e-02
 2.27684e-02
 5.55322e-03
 3.07870e-04
 4.98114e-06
 2.44848e-06
 2.44817e-06
 2.44816e-06
 2.44816e-06
 2.44816e-06
 2.44816e-06
 2.44816e-06
 2.44816e-06
 2.44816e-06
 2.44816e-06
 2.44816e-06
 2.44816e-06
 2.44816e-06
 2.44816e-06
 2.44816e-06
 2.44816e-06
 2.44816e-06
 2.44816e-06
 2.44816e-06
 2.44816e-06
 2.44816e-06
 2.44816e-06
 8.54658e-01
 8.57743e-01
 8.53689e-01
 8.43426e-01
 8.29368e-01
 8.11328e-01
 7.89662e-01
 7.64758e-01
 7.36985e-01
 7.06740e-01
 6.74434e-01
 6.40490e-01
 6.05328e-01
 5.69366e-01
 5.33010e-01
 4.96648e-01
 4.60643e-01
 4.25327e-01
 3.90991e-01
 3.57886e-01
 3.26210e-01
 2.96110e-01
 2.67672e-01
 2.40915e-01
 2.15797e-01
 1.92196e-01
 1.70018e-01
 1.49152e-01
 1.27416e-01
 1.07674e-01
 8.75569e-02
 6.77705e-02
 4.53855e-02
 2.27684e-02
 5.84776e-03
 3.70865e-04
 6.21317e-06
 2.45497e-06
 2.44817e-06
 2.44816e-06
 2.44816e-06
 2.44816e-06
 2.44816e-06
 2.44816e-06
 2.44816e-06
 2.44816e-06
 2.44816e-06
 2.44816e-06
 2.44816e-06
 2.44816e-06
 2.44816e-06
 2.44816e-06
 2.44816e-06
 2.44816e-06
 2.44816e-06
 2.44816e-06
 2.44816e-06
 2.44816e-06
 2.44816e-06
 2.44816e-06
 7.23406e-01
 7.24629e-01
 7.21149e-01
 7.12649e-01
 7.00822e-01
 6.85650e-01
 6.67429e-01
 6.46483e-01
 6.23138e-01
 5.97731e-01
 5.70612e-01
 5.42136e-01
 5.12653e-01
 4.82512e-01
 4.52048e-01
 4.21579e-01
 3.91400e-01
 3.61777e-01
 3.32943e-01
 3.05090e-01
 2.78366e-01
 2.52868e-01
 2.28639e-01
 2.05671e-01
 1.83785e-01
 1.63492e-01
 1.42784e-01
 1.22792e-01
 1.03536e-01
 8.47776e-02
 6.50801e-02
 4.33807e-02
 2.15851e-02
 5.55322e-03
 3.70865e-04
 6.73784e-06
 2.45835e-06
 2.44817e-06
 2.44816e-06
 2.44816e-06
 2.44816e-06
 2.44816e-06
 2.44816e-06
 2.44816e-06
 2.44816e-06
 2.44816e-06
 2.44816e-06
 2.44816e-06
 2.44816e-06
 2.44816e-06
 2.44816e-06
 2.44816e-06
 2.44816e-06
 2.44816e-06
 2.44816e-06
 2.44816e-06
 2.44816e-06
 2.44816e-06
 2.44816e-06
 2.44816e-06
 6.11097e-01
 6.11223e-01
 6.08320e-01
 6.01263e-01
 5.91354e-01
 5.78628e-01
 5.63342e-01
 5.45772e-01
 5.26200e-01
 5.04914e-01
 4.82208e-01
 4.58377e-01
 4.33713e-01
 4.08499e-01
 3.83008e-01
 3.57497e-01
 3.32202e-01
 3.07333e-01
 2.83069e-01
 2.59551e-01
 2.36880e-01
 2.15120e-01
 1.94209e-01
 1.74326e-01
 1.55416e-01
 1.35253e-01
 1.17003e-01
 9.81979e-02
 8.06806e-02
 6.10580e-02
 4.00471e-02
 1.92905e-02
 4.72828e-03
 3.07870e-04
 6.21317e-06
 2.45835e-06
 2.44817e-06
 2.44816e-06
 2.44816e-06
 2.44816e-06
 2.44816e-06
 2.44816e-06
 2.44816e-06
 2.44816e-06
 2.44816e-06
 2.44816e-06
 2.44816e-06
 2.44816e-06
 2.44816e-06
 2.44816e-06
 2.44816e-06
 2.44816e-06
 2.44816e-06
 2.44816e-06
 2.44816e-06
 2.44816e-06
 2.44816e-06
 2.44816e-06
 2.44816e-06
 2.44816e-06
 5.15491e-01
 5.15043e-01
 5.12630e-01
 5.06783e-01
 4.98507e-01
 4.87854e-01
 4.75057e-01
 4.60348e-01
 4.43971e-01
 4.26167e-01
 4.07182e-01
 3.87258e-01
 3.66633e-01
 3.45535e-01
 3.24186e-01
 3.02788e-01
 2.81526e-01
 2.60559e-01
 2.40022e-01
 2.20019e-01
 2.00543e-01
 1.81678e-01
 1.63931e-01
 1.45129e-01
 1.26908e-01
 1.09716e-01
 9.18142e-02
 7.50992e-02
 5.57249e-02
 3.54176e-02
 1.60506e-02
 3.54238e-03
 2.09682e-04
 4.98114e-06
 2.45497e-06
 2.44817e-06
 2.44816e-06
 2.44816e-06
 2.44816e-06
 2.44816e-06
 2.44816e-06
 2.44816e-06
 2.44816e-06
 2.44816e-06
 2.44816e-06
 2.44816e-06
 2.44816e-06
 2.44816e-06
 2.44816e-06
 2.44816e-06
 2.44816e-06
 2.44816e-06
 2.44816e-06
 2.44816e-06
 2.44816e-06
 2.44816e-06
 2.44816e-06
 2.44816e-06
 2.44816e-06
 2.44816e-06
 4.34445e-01
 4.33746e-01
 4.31728e-01
 4.26888e-01
 4.19980e-01
 4.11066e-01
 4.00355e-01
 3.88045e-01
 3.74340e-01
 3.59443e-01
 3.43555e-01
 3.26873e-01
 3.09587e-01
 2.91882e-01
 2.73929e-01
 2.55888e-01
 2.37905e-01
 2.20085e-01
 2.02449e-01
 1.85195e-01
 1.68753e-01
 1.51537e-01
 1.33943e-01
 1.17775e-01
 1.00889e-01
 8.48933e-02
 6.79917e-02
 4.90905e-02
 2.95908e-02
 1.21455e-02
 2.25051e-03
 1.14695e-04
 3.74024e-06
 2.44848e-06
 2.44817e-06
 2.44816e-06
 2.44816e-06
 2.44816e-06
 2.44816e-06
 2.44816e-06
 2.44816e-06
 2.44816e-06
 2.44816e-06
 2.44816e-06
 2.44816e-06
 2.44816e-06
 2.44816e-06
 2.44816e-06
 2.44816e-06
 2.44816e-06
 2.44816e-06
 2.44816e-06
 2.44816e-06
 2.44816e-06
 2.44816e-06
 2.44816e-06
 2.44816e-06
 2.44816e-06
 2.44816e-06
 2.44816e-06
 3.65839e-01
 3.65068e-01
 3.63371e-01
 3.59350e-01
 3.53568e-01
 3.46093e-01
 3.37110e-01
 3.26784e-01
 3.15287e-01
 3.02785e-01
 2.89440e-01
 2.75410e-01
 2.60849e-01
 2.45905e-01
 2.30701e-01
 2.15306e-01
 1.99802e-01
 1.84718e-01
 1.69753e-01
 1.53859e-01
 1.37566e-01
 1.22379e-01
 1.07000e-01
 9.12912e-02
 7.64849e-02
 5.93547e-02
 4.11255e-02
 2.28213e-02
 8.05370e-03
 1.16311e-03
 4.93602e-05
 2.94004e-06
 2.44832e-06
 2.44817e-06
 2.44816e-06
 2.44816e-06
 2.44816e-06
 2.44816e-06
 2.44816e-06
 2.44816e-06
 2.44816e-06
 2.44816e-06
 2.44816e-06
 2.44816e-06
 2.44816e-06
 2.44816e-06
 2.44816e-06
 2.44816e-06
 2.44816e-06
 2.44816e-06
 2.44816e-06
 2.44816e-06
 2.44816e-06
 2.44816e-06
 2.44816e-06
 2.44816e-06
 2.44816e-06
 2.44816e-06
 2.44816e-06
 2.44816e-06
 3.07632e-01
 3.06879e-01
 3.05437e-01
 3.02069e-01
 2.97202e-01
 2.90903e-01
 2.83334e-01
 2.74634e-01
 2.64944e-01
 2.54399e-01
 2.43124e-01
 2.31217e-01
 2.18778e-01
 2.05914e-01
 1.93057e-01
 1.80151e-01
 1.66686e-01
 1.51980e-01
 1.37537e-01
 1.23807e-01
 1.09731e-01
 9.50945e-02
 8.14856e-02
 6.62357e-02
 4.93645e-02
 3.19863e-02
 1.56470e-02
 4.41099e-03
 4.66245e-04
 1.69860e-05
 2.58558e-06
 2.44822e-06
 2.44816e-06
 2.44816e-06
 2.44816e-06
 2.44816e-06
 2.44816e-06
 2.44816e-06
 2.44816e-06
 2.44816e-06
 2.44816e-06
 2.44816e-06
 2.44816e-06
 2.44816e-06
 2.44816e-06
 2.44816e-06
 2.44816e-06
 2.44816e-06
 2.44816e-06
 2.44816e-06
 2.44816e-06
 2.44816e-06
 2.44816e-06
 2.44816e-06
 2.44816e-06
 2.44816e-06
 2.44816e-06
 2.44816e-06
 2.44816e-06
 2.44816e-06
 2.57965e-01
 2.57272e-01
 2.56029e-01
 2.53175e-01
 2.49042e-01
 2.43686e-01
 2.37240e-01
 2.29811e-01
 2.21509e-01
 2.12437e-01
 2.02898e-01
 1.93033e-01
 1.82518e-01
 1.71298e-01
 1.58927e-01
 1.46251e-01
 1.33941e-01
 1.22009e-01
 1.09010e-01
 9.57561e-02
 8.33204e-02
 6.96062e-02
 5.41956e-02
 3.81626e-02
 2.21636e-02
 8.91974e-03
 1.80785e-03
 1.36301e-04
 5.64160e-06
 2.47510e-06
 2.44818e-06
 2.44816e-06
 2.44816e-06
 2.44816e-06
 2.44816e-06
 2.44816e-06
 2.44816e-06
 2.44816e-06
 2.44816e-06
 2.44816e-06
 2.44816e-06
 2.44816e-06
 2.44816e-06
 2.44816e-06
 2.44816e-06
 2.44816e-06
 2.44816e-06
 2.44816e-06
 2.44816e-06
 2.44816e-06
 2.44816e-06
 2.44816e-06
 2.44816e-06
 2.44816e-06
 2.44816e-06
 2.44816e-06
 2.44816e-06
 2.44816e-06
 2.44816e-06
 2.44816e-06
 2.14914e-01
 2.14298e-01
 2.13237e-01
 2.10874e-01
 2.07454e-01
 2.03001e-01
 1.97606e-01
 1.91323e-01
 1.84188e-01
 1.76207e-01
 1.67173e-01
 1.57318e-01
 1.47365e-01
 1.37292e-01
 1.27258e-01
 1.16544e-01
 1.04849e-01
 9.32193e-02
 8.21534e-02
 6.96672e-02
 5.56485e-02
 4.10069e-02
 2.61124e-02
 1.27320e-02
 3.81271e-03
 5.10795e-04
 2.83135e-05
 2.92402e-06
 2.44836e-06
 2.44817e-06
 2.44816e-06
 2.44816e-06
 2.44816e-06
 2.44816e-06
 2.44816e-06
 2.44816e-06
 2.44816e-06
 2.44816e-06
 2.44816e-06
 2.44816e-06
 2.44816e-06
 2.44816e-06
 2.44816e-06
 2.44816e-06
 2.44816e-06
 2.44816e-06
 2.44816e-06
 2.44816e-06
 2.44816e-06
 2.44816e-06
 2.44816e-06
 2.44816e-06
 2.44816e-06
 2.44816e-06
 2.44816e-06
 2.44816e-06
 2.44816e-06
 2.44816e-06
 2.44816e-06
 2.44816e-06
 1.77438e-01
 1.76808e-01
 1.75651e-01
 1.73216e-01
 1.69763e-01
 1.65381e-01
 1.60207e-01
 1.54361e-01
 1.47889e-01
 1.40902e-01
 1.33556e-01
 1.25752e-01
 1.16855e-01
 1.07244e-01
 9.74610e-02
 8.78564e-02
 7.78292e-02
 6.64009e-02
 5.36759e-02
 4.04852e-02
 2.69909e-02
 1.45190e-02
 5.34025e-03
 1.03837e-03
 9.23702e-05
 5.60197e-06
 2.49469e-06
 2.44820e-06
 2.44816e-06
 2.44816e-06
 2.44816e-06
 2.44816e-06
 2.44816e-06
 2.44816e-06
 2.44816e-06
 2.44816e-06
 2.44816e-06
 2.44816e-06
 2.44816e-06
 2.44816e-06
 2.44816e-06
 2.44816e-06
 2.44816e-06
 2.44816e-06
 2.44816e-06
 2.44816e-06
 2.44816e-06
 2.44816e-06
 2.44816e-06
 2.44816e-06
 2.44816e-06
 2.44816e-06
 2.44816e-06
 2.44816e-06
 2.44816e-06
 2.44816e-06
 2.44816e-06
 2.44816e-06
 2.44816e-06
 2.44816e-06
 1.41592e-01
 1.41077e-01
 1.40151e-01
 1.38272e-01
 1.35577e-01
 1.32064e-01
 1.27770e-01
 1.22598e-01
 1.16486e-01
 1.09792e-01
 1.02646e-01
 9.51133e-02
 8.75779e-02
 7.94166e-02
 7.00741e-02
 5.95879e-02
 4.83343e-02
 3.66405e-02
 2.47576e-02
 1.38226e-02
 5.58369e-03
 1.32886e-03
 1.63901e-04
 1.14926e-05
 2.67764e-06
 2.44830e-06
 2.44817e-06
 2.44816e-06
 2.44816e-06
 2.44816e-06
 2.44816e-06
 2.44816e-06
 2.44816e-06
 2.44816e-06
 2.44816e-06
 2.44816e-06
 2.44816e-06
 2.44816e-06
 2.44816e-06
 2.44816e-06
 2.44816e-06
 2.44816e-06
 2.44816e-06
 2.44816e-06
 2.44816e-06
 2.44816e-06
 2.44816e-06
 2.44816e-06
 2.44816e-06
 2.44816e-06
 2.44816e-06
 2.44816e-06
 2.44816e-06
 2.44816e-06
 2.44816e-06
 2.44816e-06
 2.44816e-06
 2.44816e-06
 2.44816e-06
 2.44816e-06
 1.09535e-01
 1.09003e-01
 1.07995e-01
 1.06103e-01
 1.03456e-01
 1.00089e-01
 9.60722e-02
 9.15659e-02
 8.67050e-02
 8.10315e-02
 7.44182e-02
 6.69181e-02
 5.84432e-02
 4.93162e-02
 3.97050e-02
 2.96454e-02
 1.97092e-02
 1.08566e-02
 4.43971e-03
 1.13910e-03
 1.69402e-04
 1.51556e-05
 2.93480e-06
 2.45719e-06
 2.44818e-06
 2.44816e-06
 2.44816e-06
 2.44816e-06
 2.44816e-06
 2.44816e-06
 2.44816e-06
 2.44816e-06
 2.44816e-06
 2.44816e-06
 2.44816e-06
 2.44816e-06
 2.44816e-06
 2.44816e-06
 2.44816e-06
 2.44816e-06
 2.44816e-06
 2.44816e-06
 2.44816e-06
 2.44816e-06
 2.44816e-06
 2.44816e-06
 2.44816e-06
 2.44816e-06
 2.44816e-06
 2.44816e-06
 2.44816e-06
 2.44816e-06
 2.44816e-06
 2.44816e-06
 2.44816e-06
 2.44816e-06
 2.44816e-06
 2.44816e-06
 2.44816e-06
 2.44816e-06
 8.01175e-02
 7.96179e-02
 7.86214e-02
 7.68406e-02
 7.43245e-02
 7.10499e-02
 6.70050e-02
 6.21601e-02
 5.65093e-02
 5.02476e-02
 4.34157e-02
 3.59755e-02
 2.80971e-02
 2.01435e-02
 1.26740e-02
 6.54695e-03
 2.50314e-03
 6.37663e-04
 1.03450e-04
 1.16630e-05
 2.91817e-06
 2.46114e-06
 2.44818e-06
 2.44816e-06
 2.44816e-06
 2.44816e-06
 2.44816e-06
 2.44816e-06
 2.44816e-06
 2.44816e-06
 2.44816e-06
 2.44816e-06
 2.44816e-06
 2.44816e-06
 2.44816e-06
 2.44816e-06
 2.44816e-06
 2.44816e-06
 2.44816e-06
 2.44816e-06
 2.44816e-06
 2.44816e-06
 2.44816e-06
 2.44816e-06
 2.44816e-06
 2.44816e-06
 2.44816e-06
 2.44816e-06
 2.44816e-06
 2.44816e-06
 2.44816e-06
 2.44816e-06
 2.44816e-06
 2.44816e-06
 2.44816e-06
 2.44816e-06
 2.44816e-06
 2.44816e-06
 2.44816e-06
 2.44816e-06
 4.85340e-02
 4.79905e-02
 4.68794e-02
 4.50405e-02
 4.24984e-02
 3.92585e-02
 3.53542e-02
 3.08425e-02
 2.58250e-02
 2.04760e-02
 1.50421e-02
 9.91662e-03
 5.61874e-03
 2.54799e-03
 8.60354e-04
 2.09528e-04
 3.54855e-05
 5.79026e-06
 2.65476e-06
 2.45544e-06
 2.44818e-06
 2.44816e-06
 2.44816e-06
 2.44816e-06
 2.44816e-06
 2.44816e-06
 2.44816e-06
 2.44816e-06
 2.44816e-06
 2.44816e-06
 2.44816e-06
 2.44816e-06
 2.44816e-06
 2.44816e-06
 2.44816e-06
 2.44816e-06
 2.44816e-06
 2.44816e-06
 2.44816e-06
 2.44816e-06
 2.44816e-06
 2.44816e-06
 2.44816e-06
 2.44816e-06
 2.44816e-06
 2.44816e-06
 2.44816e-06
 2.44816e-06
 2.44816e-06
 2.44816e-06
 2.44816e-06
 2.44816e-06
 2.44816e-06
 2.44816e-06
 2.44816e-06
 2.44816e-06
 2.44816e-06
 2.44816e-06
 2.44816e-06
 2.44816e-06
 1.86353e-02
 1.81828e-02
 1.72555e-02
 1.58259e-02
 1.39462e-02
 1.17055e-02
 9.24638e-03
 6.75875e-03
 4.46147e-03
 2.55692e-03
 1.22236e-03
 4.77124e-04
 1.46110e-04
 3.43493e-05
 7.47102e-06
 2.98966e-06
 2.48653e-06
 2.44822e-06
 2.44817e-06
 2.44816e-06
 2.44816e-06
 2.44816e-06
 2.44816e-06
 2.44816e-06
 2.44816e-06
 2.44816e-06
 2.44816e-06
 2.44816e-06
 2.44816e-06
 2.44816e-06
 2.44816e-06
 2.44816e-06
 2.44816e-06
 2.44816e-06
 2.44816e-06
 2.44816e-06
 2.44816e-06
 2.44816e-06
 2.44816e-06
 2.44816e-06
 2.44816e-06
 2.44816e-06
 2.44816e-06
 2.44816e-06
 2.44816e-06
 2.44816e-06
 2.44816e-06
 2.44816e-06
 2.44816e-06
 2.44816e-06
 2.44816e-06
 2.44816e-06
 2.44816e-06
 2.44816e-06
 2.44816e-06
 2.44816e-06
 2.44816e-06
 2.44816e-06
 2.44816e-06
 2.44816e-06
 1.96206e-03
 1.84504e-03
 1.62097e-03
 1.31733e-03
 9.79060e-04
 6.55943e-04
 3.89363e-04
 2.00642e-04
 8.78194e-05
 3.23440e-05
 1.07547e-05
 4.22800e-06
 2.73154e-06
 2.48055e-06
 2.45037e-06
 2.44817e-06
 2.44816e-06
 2.44816e-06
 2.44816e-06
 2.44816e-06
 2.44816e-06
 2.44816e-06
 2.44816e-06
 2.44816e-06
 2.44816e-06
 2.44816e-06
 2.44816e-06
 2.44816e-06
 2.44816e-06
 2.44816e-06
 2.44816e-06
 2.44816e-06
 2.44816e-06
 2.44816e-06
 2.44816e-06
 2.44816e-06
 2.44816e-06
 2.44816e-06
 2.44816e-06
 2.44816e-06
 2.44816e-06
 2.44816e-06
 2.44816e-06
 2.44816e-06
 2.44816e-06
 2.44816e-06
 2.44816e-06
 2.44816e-06
 2.44816e-06
 2.44816e-06
 2.44816e-06
 2.44816e-06
 2.44816e-06
 2.44816e-06
 2.44816e-06
 2.44816e-06
 2.44816e-06
 2.44816e-06
 2.44816e-06
 2.44816e-06
 1.98563e-05
 1.80322e-05
 1.48483e-05
 1.11126e-05
 7.69042e-06
 5.15126e-06
 3.61467e-06
 2.86083e-06
 2.56515e-06
 2.47411e-06
 2.45236e-06
 2.44818e-06
 2.44817e-06
 2.44816e-06
 2.44816e-06
 2.44816e-06
 2.44816e-06
 2.44816e-06
 2.44816e-06
 2.44816e-06
 2.44816e-06
 2.44816e-06
 2.44816e-06
 2.44816e-06
 2.44816e-06
 2.44816e-06
 2.44816e-06
 2.44816e-06
 2.44816e-06
 2.44816e-06
 2.44816e-06
 2.44816e-06
 2.44816e-06
 2.44816e-06
 2.44816e-06
 2.44816e-06
 2.44816e-06
 2.44816e-06
 2.44816e-06
 2.44816e-06
 2.44816e-06
 2.44816e-06
 2.44816e-06
 2.44816e-06
 2.44816e-06
 2.44816e-06
 2.44816e-06
 2.44816e-06
 2.44816e-06
 2.44816e-06
 2.44816e-06
 2.44816e-06
 2.44816e-06
 2.44816e-06
 2.44816e-06
 2.44816e-06
 2.44816e-06
 2.44816e-06
 2.44816e-06
 2.44816e-06
 2.45883e-06
 2.45723e-06
 2.45469e-06
 2.45204e-06
 2.44997e-06
 2.44818e-06
 2.44817e-06
 2.44817e-06
 2.44816e-06
 2.44816e-06
 2.44816e-06
 2.44816e-06
 2.44816e-06
 2.44816e-06
 2.44816e-06
 2.44816e-06
 2.44816e-06
 2.44816e-06
 2.44816e-06
 2.44816e-06
 2.44816e-06
 2.44816e-06
 2.44816e-06
 2.44816e-06
 2.44816e-06
 2.44816e-06
 2.44816e-06
 2.44816e-06
 2.44816e-06
 2.44816e-06
 2.44816e-06
 2.44816e-06
 2.44816e-06
 2.44816e-06
 2.44816e-06
 2.44816e-06
 2.44816e-06
 2.44816e-06
 2.44816e-06
 2.44816e-06
 2.44816e-06
 2.44816e-06
 2.44816e-06
 2.44816e-06
 2.44816e-06
 2.44816e-06
 2.44816e-06
 2.44816e-06
 2.44816e-06
 2.44816e-06
 2.44816e-06
 2.44816e-06
 2.44816e-06
 2.44816e-06
 2.44816e-06
 2.44816e-06
 2.44816e-06
 2.44816e-06
 2.44816e-06
 2.44816e-06
 2.44816e-06
 2.44816e-06
 2.44816e-06
 2.44816e-06
 2.44816e-06
 2.44816e-06
 2.44816e-06
 2.44816e-06
 2.44816e-06
 2.44816e-06
 2.44816e-06
 2.44816e-06
 2.44816e-06
 2.44816e-06
 2.44816e-06
 2.44816e-06
 2.44816e-06
 2.44816e-06
 2.44816e-06
 2.44816e-06
 2.44816e-06
 2.44816e-06
 2.44816e-06
 2.44816e-06
 2.44816e-06
 2.44816e-06
 2.44816e-06
 2.44816e-06
 2.44816e-06
 2.44816e-06
 2.44816e-06
 2.44816e-06
 2.44816e-06
 2.44816e-06
 2.44816e-06
 2.44816e-06
 2.44816e-06
 2.44816e-06
 2.44816e-06
 2.44816e-06
 2.44816e-06
 2.44816e-06
 2.44816e-06
 2.44816e-06
 2.44816e-06
 2.44816e-06
 2.44816e-06
 2.44816e-06
 2.44816e-06
 2.44816e-06
 2.44816e-06
 2.44816e-06
 2.44816e-06
 2.44816e-06
 2.44816e-06
 2.44816e-06
 2.44816e-06
 2.44816e-06
 2.44816e-06
 2.44816e-06
 2.44816e-06
 2.44816e-06
 2.44816e-06
 2.44816e-06
 2.44816e-06
 2.44816e-06
 2.44816e-06
 2.44816e-06
 2.44816e-06
 2.44816e-06
 2.44816e-06
 2.44816e-06
 2.44816e-06
 2.44816e-06
 2.44816e-06
 2.44816e-06
 2.44816e-06
 2.44816e-06
 2.44816e-06
 2.44816e-06
 2.44816e-06
 2.44816e-06
 2.44816e-06
 2.44816e-06
 2.44816e-06
 2.44816e-06
 2.44816e-06
 2.44816e-06
 2.44816e-06
 2.44816e-06
 2.44816e-06
 2.44816e-06
 2.44816e-06
 2.44816e-06
 2.44816e-06
 2.44816e-06
 2.44816e-06
 2.44816e-06
 2.44816e-06
 2.44816e-06
 2.44816e-06
 2.44816e-06
 2.44816e-06
 2.44816e-06
 2.44816e-06
 2.44816e-06
 2.44816e-06
 2.44816e-06
 2.44816e-06
 2.44816e-06
 2.44816e-06
 2.44816e-06
 2.44816e-06
 2.44816e-06
 2.44816e-06
 2.44816e-06
 2.44816e-06
 2.44816e-06
 2.44816e-06
 2.44816e-06
 2.44816e-06
 2.44816e-06
 2.44816e-06
 2.44816e-06
 2.44816e-06
 2.44816e-06
 2.44816e-06
 2.44816e-06
 2.44816e-06
 2.44816e-06
 2.44816e-06
 2.44816e-06
 2.44816e-06
 2.44816e-06
 2.44816e-06
 2.44816e-06
 2.44816e-06
 2.44816e-06
 2.44816e-06
 2.44816e-06
 2.44816e-06
 2.44816e-06
 2.44816e-06
 2.44816e-06
 2.44816e-06
 2.44816e-06
 2.44816e-06
 2.44816e-06
 2.44816e-06
 2.44816e-06
 2.44816e-06
 2.44816e-06
 2.44816e-06
 2.44816e-06
 2.44816e-06
 2.44816e-06
 2.44816e-06
 2.44816e-06
 2.44816e-06
 2.44816e-06
 2.44816e-06
 2.44816e-06
 2.44816e-06
 2.44816e-06
 2.44816e-06
 2.44816e-06
 2.44816e-06
 2.44816e-06
 2.44816e-06
 2.44816e-06
 2.44816e-06
 2.44816e-06
 2.44816e-06
 2.44816e-06
 2.44816e-06
 2.44816e-06
 2.44816e-06
 2.44816e-06
 2.44816e-06
 2.44816e-06
 2.44816e-06
 2.44816e-06
 2.44816e-06
 2.44816e-06
 2.44816e-06
 2.44816e-06
 2.44816e-06
 2.44816e-06
 2.44816e-06
 2.44816e-06
 2.44816e-06
 2.44816e-06
 2.44816e-06
 2.44816e-06
 2.44816e-06
 2.44816e-06
 2.44816e-06
 2.44816e-06
 2.44816e-06
 2.44816e-06
 2.44816e-06
 2.44816e-06
 2.44816e-06
 2.44816e-06
 2.44816e-06
 2.44816e-06
 2.44816e-06
 2.44816e-06
 2.44816e-06
 2.44816e-06
 2.44816e-06
 2.44816e-06
 2.44816e-06
 2.44816e-06
 2.44816e-06
 2.44816e-06
 2.44816e-06
 2.44816e-06
 2.44816e-06
 2.44816e-06
 2.44816e-06
 2.44816e-06
 2.44816e-06
 2.44816e-06
 2.44816e-06
 2.44816e-06
 2.44816e-06
 2.44816e-06
 2.44816e-06
 2.44816e-06
 2.44816e-06
 2.44816e-06
 2.44816e-06
 2.44816e-06
 2.44816e-06
 2.44816e-06
 2.44816e-06
 2.44816e-06
 2.44816e-06
 2.44816e-06
 2.44816e-06
 2.44816e-06
 2.44816e-06
 2.44816e-06
 2.44816e-06
 2.44816e-06
 2.44816e-06
 2.44816e-06
 2.44816e-06
 2.44816e-06
 2.44816e-06
 2.44816e-06
 2.44816e-06
 2.44816e-06
 2.44816e-06
 2.44816e-06
 2.44816e-06
 2.44816e-06
 2.44816e-06
 2.44816e-06
 2.44816e-06
 2.44816e-06
 2.44816e-06
 2.44816e-06
 2.44816e-06
 2.44816e-06
 2.44816e-06
 2.44816e-06
 2.44816e-06
 2.44816e-06
 2.44816e-06
 2.44816e-06
 2.44816e-06
 2.44816e-06
 2.44816e-06
 2.44816e-06
 2.44816e-06
 2.44816e-06
 2.44816e-06
 2.44816e-06
 2.44816e-06
 2.44816e-06
 2.44816e-06
 2.44816e-06
 2.44816e-06
 2.44816e-06
 2.44816e-06
 2.44816e-06
 2.44816e-06
 2.44816e-06
 2.44816e-06
 2.44816e-06
 2.44816e-06
 2.44816e-06
 2.44816e-06
 2.44816e-06
 2.44816e-06
 2.44816e-06
 2.44816e-06
 2.44816e-06
 2.44816e-06
 2.44816e-06
 2.44816e-06
 2.44816e-06
 2.44816e-06
 2.44816e-06
 2.44816e-06
 2.44816e-06
 2.44816e-06
 2.44816e-06
 2.44816e-06
 2.44816e-06
 2.44816e-06
 2.44816e-06
 2.44816e-06
 2.44816e-06
 2.44816e-06
 2.44816e-06
 2.44816e-06
 2.44816e-06
 2.44816e-06
 2.44816e-06
 2.44816e-06
 2.44816e-06
 2.44816e-06
 2.44816e-06
 2.44816e-06
 2.44816e-06
 2.44816e-06
 2.44816e-06
 2.44816e-06
 2.44816e-06
 2.44816e-06
 2.44816e-06
 2.44816e-06
 2.44816e-06
 2.44816e-06
 2.44816e-06
 2.44816e-06
 2.44816e-06
 2.44816e-06
 2.44816e-06
 2.44816e-06
 2.44816e-06
 2.44816e-06
 2.44816e-06
 2.44816e-06
 2.44816e-06
 2.44816e-06
 2.44816e-06
 2.44816e-06
 2.44816e-06
 2.44816e-06
 2.44816e-06
 2.44816e-06
 2.44816e-06
 2.44816e-06
 2.44816e-06
 2.44816e-06
 2.44816e-06
 2.44816e-06
 2.44816e-06
 2.44816e-06
 2.44816e-06
 2.44816e-06
 2.44816e-06
 2.44816e-06
 2.44816e-06
 2.44816e-06
 2.44816e-06
 2.44816e-06
 2.44816e-06
 2.44816e-06
 2.44816e-06
 2.44816e-06
 2.44816e-06
 2.44816e-06
 2.44816e-06
 2.44816e-06
 2.44816e-06
 2.44816e-06
 2.44816e-06
 2.44816e-06
 2.44816e-06
 2.44816e-06
 2.44816e-06
 2.44816e-06
 2.44816e-06
 2.44816e-06
 2.44816e-06
 2.44816e-06
 2.44816e-06
 2.44816e-06
 2.44816e-06
 2.44816e-06
 2.44816e-06
 2.44816e-06
 2.44816e-06
 2.44816e-06
 2.44816e-06
 2.44816e-06
 2.44816e-06
 2.44816e-06
 2.44816e-06
 2.44816e-06
 2.44816e-06
 2.44816e-06
 2.44816e-06
 2.44816e-06
 2.44816e-06
 2.44816e-06
 2.44816e-06
 2.44816e-06
 2.44816e-06
 2.44816e-06
 2.44816e-06
 2.44816e-06
 2.44816e-06
 2.44816e-06
 2.44816e-06
 2.44816e-06
 2.44816e-06
 2.44816e-06
 2.44816e-06
 2.44816e-06
 2.44816e-06
 2.44816e-06
 2.44816e-06
 2.44816e-06
 2.44816e-06
 2.44816e-06
 2.44816e-06
 2.44816e-06
 2.44816e-06
 2.44816e-06
 2.44816e-06
 2.44816e-06
 2.44816e-06
 2.44816e-06
 2.44816e-06
 2.44816e-06
 2.44816e-06
 2.44816e-06
 2.44816e-06
 2.44816e-06
 2.44816e-06
 2.44816e-06
 2.44816e-06
 2.44816e-06
 2.44816e-06
 2.44816e-06
 2.44816e-06
 2.44816e-06
 2.44816e-06
 2.44816e-06
 2.44816e-06
 2.44816e-06
 2.44816e-06
 2.44816e-06
 2.44816e-06
 2.44816e-06
 2.44816e-06
 2.44816e-06
 2.44816e-06
 2.44816e-06
 2.44816e-06
 2.44816e-06
 2.44816e-06
 2.44816e-06
 2.44816e-06
 2.44816e-06
 2.44816e-06
 2.44816e-06
 2.44816e-06
 2.44816e-06
 2.44816e-06
 2.44816e-06
 2.44816e-06
 2.44816e-06
 2.44816e-06
