InternalEnergy
part
         1
quad4
 1.55885e+02
 7.14618e+01
 6.94505e+01
 5.95259e+01
 4.86507e+01
 3.26382e+01
 3.02040e+01
 2.76840e+01
 2.17409e+01
 1.99499e+01
 1.67959e+01
 1.47398e+01
 1.25950e+01
 1.08588e+01
 9.26671e+00
 7.89267e+00
 6.68279e+00
 5.63322e+00
 4.72538e+00
 3.94515e+00
 3.27908e+00
 2.71348e+00
 2.23650e+00
 1.83655e+00
 1.50343e+00
 1.22841e+00
 1.00299e+00
 8.18453e-01
 6.66603e-01
 5.40080e-01
 4.34478e-01
 3.33465e-01
 2.47666e-01
 1.69076e-01
 8.97651e-02
 2.45651e-02
 1.18599e-03
 6.59366e-06
 2.44819e-06
 2.44816e-06
 2.44816e-06
 2.44816e-06
 2.44816e-06
 2.44816e-06
 2.44816e-06
 2.44816e-06
 2.44816e-06
 2.44816e-06
 2.44816e-06
 2.44816e-06
 2.44816e-06
 2.44816e-06
 2.44816e-06
 2.44816e-06
 2.44816e-06
 2.44816e-06
 2.44816e-06
 2.44816e-06
 2.44816e-06
 2.44816e-06
 7.14618e+01
 7.00594e+01
 6.96460e+01
 6.61659e+01
 4.92549e+01
 4.77699e+01
 4.33897e+01
 3.44918e+01
 2.95620e+01
 2.47538e+01
 2.08225e+01
 1.75746e+01
 1.47371e+01
 1.23478e+01
 1.02985e+01
 8.58199e+00
 7.13028e+00
 5.91493e+00
 4.89459e+00
 4.04165e+00
 3.32917e+00
 2.73567e+00
 2.24254e+00
 1.83410e+00
 1.49733e+00
 1.22139e+00
 9.96387e-01
 8.12796e-01
 6.61998e-01
 5.36376e-01
 4.31511e-01
 3.30972e-01
 2.45478e-01
 1.67298e-01
 8.79709e-02
 2.34875e-02
 1.07152e-03
 5.95818e-06
 2.44819e-06
 2.44816e-06
 2.44816e-06
 2.44816e-06
 2.44816e-06
 2.44816e-06
 2.44816e-06
 2.44816e-06
 2.44816e-06
 2.44816e-06
 2.44816e-06
 2.44816e-06
 2.44816e-06
 2.44816e-06
 2.44816e-06
 2.44816e-06
 2.44816e-06
 2.44816e-06
 2.44816e-06
 2.44816e-06
 2.44816e-06
 2.44816e-06
 6.94505e+01
 6.96460e+01
 7.00402e+01
 7.04745e+01
 5.69113e+01
 5.57231e+01
 5.01359e+01
 3.53832e+01
 3.21295e+01
 2.50904e+01
 2.15048e+01
 1.76065e+01
 1.47504e+01
 1.22199e+01
 1.01842e+01
 8.46178e+00
 7.03279e+00
 5.83183e+00
 4.82808e+00
 3.98744e+00
 3.28583e+00
 2.70100e+00
 2.21526e+00
 1.81277e+00
 1.48051e+00
 1.20810e+00
 9.85904e-01
 8.04502e-01
 6.55368e-01
 5.30885e-01
 4.26832e-01
 3.26731e-01
 2.41441e-01
 1.63678e-01
 8.42216e-02
 2.12778e-02
 8.61386e-04
 4.92303e-06
 2.44818e-06
 2.44816e-06
 2.44816e-06
 2.44816e-06
 2.44816e-06
 2.44816e-06
 2.44816e-06
 2.44816e-06
 2.44816e-06
 2.44816e-06
 2.44816e-06
 2.44816e-06
 2.44816e-06
 2.44816e-06
 2.44816e-06
 2.44816e-06
 2.44816e-06
 2.44816e-06
 2.44816e-06
 2.44816e-06
 2.44816e-06
 2.44816e-06
 5.95259e+01
 6.61659e+01
 7.04745e+01
 6.23109e+01
 5.51374e+01
 4.97741e+01
 4.13854e+01
 3.43876e+01
 2.88277e+01
 2.36927e+01
 1.99246e+01
 1.65726e+01
 1.39104e+01
 1.16398e+01
 9.73969e+00
 8.13127e+00
 6.77492e+00
 5.63294e+00
 4.67169e+00
 3.86536e+00
 3.18964e+00
 2.62545e+00
 2.15564e+00
 1.76572e+00
 1.44358e+00
 1.17925e+00
 9.63344e-01
 7.86728e-01
 6.41207e-01
 5.19296e-01
 4.17090e-01
 3.18435e-01
 2.33949e-01
 1.57139e-01
 7.80847e-02
 1.79900e-02
 6.02412e-04
 3.86332e-06
 2.44817e-06
 2.44816e-06
 2.44816e-06
 2.44816e-06
 2.44816e-06
 2.44816e-06
 2.44816e-06
 2.44816e-06
 2.44816e-06
 2.44816e-06
 2.44816e-06
 2.44816e-06
 2.44816e-06
 2.44816e-06
 2.44816e-06
 2.44816e-06
 2.44816e-06
 2.44816e-06
 2.44816e-06
 2.44816e-06
 2.44816e-06
 2.44816e-06
 4.86507e+01
 4.92549e+01
 5.69113e+01
 5.51374e+01
 5.08476e+01
 4.53741e+01
 3.86177e+01
 3.23322e+01
 2.71993e+01
 2.27091e+01
 1.91012e+01
 1.59719e+01
 1.34189e+01
 1.12228e+01
 9.39655e+00
 7.84180e+00
 6.53733e+00
 5.43494e+00
 4.50936e+00
 3.73158e+00
 3.08060e+00
 2.53664e+00
 2.08379e+00
 1.70780e+00
 1.39716e+00
 1.14222e+00
 9.33819e-01
 7.63076e-01
 6.22127e-01
 5.03529e-01
 4.03587e-01
 3.07175e-01
 2.23741e-01
 1.47938e-01
 6.97438e-02
 1.39638e-02
 3.57577e-04
 3.08646e-06
 2.44817e-06
 2.44816e-06
 2.44816e-06
 2.44816e-06
 2.44816e-06
 2.44816e-06
 2.44816e-06
 2.44816e-06
 2.44816e-06
 2.44816e-06
 2.44816e-06
 2.44816e-06
 2.44816e-06
 2.44816e-06
 2.44816e-06
 2.44816e-06
 2.44816e-06
 2.44816e-06
 2.44816e-06
 2.44816e-06
 2.44816e-06
 2.44816e-06
 3.26382e+01
 4.77699e+01
 5.57231e+01
 4.97741e+01
 4.53741e+01
 3.99998e+01
 3.42268e+01
 2.91050e+01
 2.46499e+01
 2.08417e+01
 1.76090e+01
 1.48698e+01
 1.25315e+01
 1.05481e+01
 8.85511e+00
 7.41917e+00
 6.19855e+00
 5.16644e+00
 4.29392e+00
 3.55953e+00
 2.94242e+00
 2.42591e+00
 1.99492e+00
 1.63655e+00
 1.34018e+00
 1.09676e+00
 8.97491e-01
 7.33898e-01
 5.98524e-01
 4.84126e-01
 3.86252e-01
 2.93329e-01
 2.11061e-01
 1.36060e-01
 5.94435e-02
 9.70346e-03
 1.74964e-04
 2.66915e-06
 2.44816e-06
 2.44816e-06
 2.44816e-06
 2.44816e-06
 2.44816e-06
 2.44816e-06
 2.44816e-06
 2.44816e-06
 2.44816e-06
 2.44816e-06
 2.44816e-06
 2.44816e-06
 2.44816e-06
 2.44816e-06
 2.44816e-06
 2.44816e-06
 2.44816e-06
 2.44816e-06
 2.44816e-06
 2.44816e-06
 2.44816e-06
 2.44816e-06
 3.02040e+01
 4.33897e+01
 5.01359e+01
 4.13854e+01
 3.86177e+01
 3.42268e+01
 2.98409e+01
 2.57965e+01
 2.21628e+01
 1.89371e+01
 1.61528e+01
 1.37178e+01
 1.16295e+01
 9.82469e+00
 8.27951e+00
 6.95510e+00
 5.82664e+00
 4.86621e+00
 4.05249e+00
 3.36474e+00
 2.78563e+00
 2.29964e+00
 1.89335e+00
 1.55494e+00
 1.27481e+00
 1.04452e+00
 8.55675e-01
 7.00246e-01
 5.71199e-01
 4.62359e-01
 3.64928e-01
 2.77377e-01
 1.96281e-01
 1.21504e-01
 4.76806e-02
 5.79515e-03
 6.86012e-05
 2.50538e-06
 2.44816e-06
 2.44816e-06
 2.44816e-06
 2.44816e-06
 2.44816e-06
 2.44816e-06
 2.44816e-06
 2.44816e-06
 2.44816e-06
 2.44816e-06
 2.44816e-06
 2.44816e-06
 2.44816e-06
 2.44816e-06
 2.44816e-06
 2.44816e-06
 2.44816e-06
 2.44816e-06
 2.44816e-06
 2.44816e-06
 2.44816e-06
 2.44816e-06
 2.76840e+01
 3.44918e+01
 3.53832e+01
 3.43876e+01
 3.23322e+01
 2.91050e+01
 2.57965e+01
 2.25592e+01
 1.96156e+01
 1.69404e+01
 1.45697e+01
 1.24742e+01
 1.06372e+01
 9.03673e+00
 7.64744e+00
 6.44950e+00
 5.41941e+00
 4.53881e+00
 3.78832e+00
 3.15179e+00
 2.61380e+00
 2.16115e+00
 1.78175e+00
 1.46516e+00
 1.20285e+00
 9.86938e-01
 8.09506e-01
 6.63007e-01
 5.40769e-01
 4.37929e-01
 3.41437e-01
 2.58003e-01
 1.80295e-01
 1.04289e-01
 3.51655e-02
 2.83301e-03
 2.18051e-05
 2.45865e-06
 2.44816e-06
 2.44816e-06
 2.44816e-06
 2.44816e-06
 2.44816e-06
 2.44816e-06
 2.44816e-06
 2.44816e-06
 2.44816e-06
 2.44816e-06
 2.44816e-06
 2.44816e-06
 2.44816e-06
 2.44816e-06
 2.44816e-06
 2.44816e-06
 2.44816e-06
 2.44816e-06
 2.44816e-06
 2.44816e-06
 2.44816e-06
 2.44816e-06
 2.17409e+01
 2.95620e+01
 3.21295e+01
 2.88277e+01
 2.71993e+01
 2.46499e+01
 2.21628e+01
 1.96156e+01
 1.72399e+01
 1.50317e+01
 1.30319e+01
 1.12343e+01
 9.63731e+00
 8.22820e+00
 6.99481e+00
 5.92114e+00
 4.99254e+00
 4.19322e+00
 3.50895e+00
 2.92580e+00
 2.43118e+00
 2.01370e+00
 1.66275e+00
 1.36939e+00
 1.12604e+00
 9.25421e-01
 7.60089e-01
 6.23042e-01
 5.07842e-01
 4.10823e-01
 3.16793e-01
 2.35855e-01
 1.61873e-01
 8.52732e-02
 2.29751e-02
 1.09660e-03
 6.60897e-06
 2.44821e-06
 2.44816e-06
 2.44816e-06
 2.44816e-06
 2.44816e-06
 2.44816e-06
 2.44816e-06
 2.44816e-06
 2.44816e-06
 2.44816e-06
 2.44816e-06
 2.44816e-06
 2.44816e-06
 2.44816e-06
 2.44816e-06
 2.44816e-06
 2.44816e-06
 2.44816e-06
 2.44816e-06
 2.44816e-06
 2.44816e-06
 2.44816e-06
 2.44816e-06
 1.99499e+01
 2.47538e+01
 2.50904e+01
 2.36927e+01
 2.27091e+01
 2.08417e+01
 1.89371e+01
 1.69404e+01
 1.50317e+01
 1.32193e+01
 1.15481e+01
 1.00223e+01
 8.64820e+00
 7.42214e+00
 6.33783e+00
 5.38644e+00
 4.55743e+00
 3.83956e+00
 3.22170e+00
 2.69264e+00
 2.24229e+00
 1.86076e+00
 1.53913e+00
 1.26979e+00
 1.04611e+00
 8.61306e-01
 7.08456e-01
 5.81138e-01
 4.72973e-01
 3.80999e-01
 2.91045e-01
 2.12400e-01
 1.40250e-01
 6.51719e-02
 1.25998e-02
 3.17335e-04
 3.07502e-06
 2.44817e-06
 2.44816e-06
 2.44816e-06
 2.44816e-06
 2.44816e-06
 2.44816e-06
 2.44816e-06
 2.44816e-06
 2.44816e-06
 2.44816e-06
 2.44816e-06
 2.44816e-06
 2.44816e-06
 2.44816e-06
 2.44816e-06
 2.44816e-06
 2.44816e-06
 2.44816e-06
 2.44816e-06
 2.44816e-06
 2.44816e-06
 2.44816e-06
 2.44816e-06
 1.67959e+01
 2.08225e+01
 2.15048e+01
 1.99246e+01
 1.91012e+01
 1.76090e+01
 1.61528e+01
 1.45697e+01
 1.30319e+01
 1.15481e+01
 1.01557e+01
 8.86875e+00
 7.69463e+00
 6.63675e+00
 5.69228e+00
 4.85712e+00
 4.12398e+00
 3.48551e+00
 2.93273e+00
 2.45742e+00
 2.05104e+00
 1.70556e+00
 1.41343e+00
 1.16846e+00
 9.64692e-01
 7.95854e-01
 6.55564e-01
 5.37971e-01
 4.37828e-01
 3.47205e-01
 2.64621e-01
 1.88235e-01
 1.15697e-01
 4.48330e-02
 5.28807e-03
 6.48447e-05
 2.51203e-06
 2.44816e-06
 2.44816e-06
 2.44816e-06
 2.44816e-06
 2.44816e-06
 2.44816e-06
 2.44816e-06
 2.44816e-06
 2.44816e-06
 2.44816e-06
 2.44816e-06
 2.44816e-06
 2.44816e-06
 2.44816e-06
 2.44816e-06
 2.44816e-06
 2.44816e-06
 2.44816e-06
 2.44816e-06
 2.44816e-06
 2.44816e-06
 2.44816e-06
 2.44816e-06
 1.47398e+01
 1.75746e+01
 1.76065e+01
 1.65726e+01
 1.59719e+01
 1.48698e+01
 1.37178e+01
 1.24742e+01
 1.12343e+01
 1.00223e+01
 8.86875e+00
 7.78852e+00
 6.79310e+00
 5.88647e+00
 5.07088e+00
 4.34347e+00
 3.70118e+00
 3.13793e+00
 2.64803e+00
 2.22460e+00
 1.86121e+00
 1.55099e+00
 1.28809e+00
 1.06729e+00
 8.83278e-01
 7.30206e-01
 6.02268e-01
 4.93980e-01
 4.01948e-01
 3.12772e-01
 2.34885e-01
 1.63357e-01
 8.89095e-02
 2.61134e-02
 1.54751e-03
 1.05440e-05
 2.45154e-06
 2.44816e-06
 2.44816e-06
 2.44816e-06
 2.44816e-06
 2.44816e-06
 2.44816e-06
 2.44816e-06
 2.44816e-06
 2.44816e-06
 2.44816e-06
 2.44816e-06
 2.44816e-06
 2.44816e-06
 2.44816e-06
 2.44816e-06
 2.44816e-06
 2.44816e-06
 2.44816e-06
 2.44816e-06
 2.44816e-06
 2.44816e-06
 2.44816e-06
 2.44816e-06
 1.25950e+01
 1.47371e+01
 1.47504e+01
 1.39104e+01
 1.34189e+01
 1.25315e+01
 1.16295e+01
 1.06372e+01
 9.63731e+00
 8.64820e+00
 7.69463e+00
 6.79310e+00
 5.95308e+00
 5.18225e+00
 4.48222e+00
 3.85424e+00
 3.29542e+00
 2.80302e+00
 2.37213e+00
 1.99830e+00
 1.67588e+00
 1.39974e+00
 1.16524e+00
 9.68028e-01
 8.03185e-01
 6.65354e-01
 5.49302e-01
 4.49597e-01
 3.63896e-01
 2.79178e-01
 2.04174e-01
 1.34570e-01
 6.18807e-02
 1.16927e-02
 2.96603e-04
 3.10178e-06
 2.44818e-06
 2.44816e-06
 2.44816e-06
 2.44816e-06
 2.44816e-06
 2.44816e-06
 2.44816e-06
 2.44816e-06
 2.44816e-06
 2.44816e-06
 2.44816e-06
 2.44816e-06
 2.44816e-06
 2.44816e-06
 2.44816e-06
 2.44816e-06
 2.44816e-06
 2.44816e-06
 2.44816e-06
 2.44816e-06
 2.44816e-06
 2.44816e-06
 2.44816e-06
 2.44816e-06
 1.08588e+01
 1.23478e+01
 1.22199e+01
 1.16398e+01
 1.12228e+01
 1.05481e+01
 9.82469e+00
 9.03673e+00
 8.22820e+00
 7.42214e+00
 6.63675e+00
 5.88647e+00
 5.18225e+00
 4.52970e+00
 3.93372e+00
 3.39459e+00
 2.91254e+00
 2.48488e+00
 2.10922e+00
 1.78153e+00
 1.49779e+00
 1.25404e+00
 1.04677e+00
 8.72117e-01
 7.25519e-01
 6.02100e-01
 4.97147e-01
 4.06949e-01
 3.21819e-01
 2.45185e-01
 1.74475e-01
 1.02483e-01
 3.63246e-02
 3.42682e-03
 3.51707e-05
 2.48005e-06
 2.44816e-06
 2.44816e-06
 2.44816e-06
 2.44816e-06
 2.44816e-06
 2.44816e-06
 2.44816e-06
 2.44816e-06
 2.44816e-06
 2.44816e-06
 2.44816e-06
 2.44816e-06
 2.44816e-06
 2.44816e-06
 2.44816e-06
 2.44816e-06
 2.44816e-06
 2.44816e-06
 2.44816e-06
 2.44816e-06
 2.44816e-06
 2.44816e-06
 2.44816e-06
 2.44816e-06
 9.26671e+00
 1.02985e+01
 1.01842e+01
 9.73969e+00
 9.39655e+00
 8.85511e+00
 8.27951e+00
 7.64744e+00
 6.99481e+00
 6.33783e+00
 5.69228e+00
 5.07088e+00
 4.48222e+00
 3.93372e+00
 3.42847e+00
 2.96928e+00
 2.55568e+00
 2.18735e+00
 1.86194e+00
 1.57688e+00
 1.32906e+00
 1.11580e+00
 9.34208e-01
 7.80725e-01
 6.51132e-01
 5.41045e-01
 4.45920e-01
 3.63875e-01
 2.81837e-01
 2.09019e-01
 1.41474e-01
 6.97750e-02
 1.59247e-02
 5.87451e-04
 4.47762e-06
 2.44822e-06
 2.44816e-06
 2.44816e-06
 2.44816e-06
 2.44816e-06
 2.44816e-06
 2.44816e-06
 2.44816e-06
 2.44816e-06
 2.44816e-06
 2.44816e-06
 2.44816e-06
 2.44816e-06
 2.44816e-06
 2.44816e-06
 2.44816e-06
 2.44816e-06
 2.44816e-06
 2.44816e-06
 2.44816e-06
 2.44816e-06
 2.44816e-06
 2.44816e-06
 2.44816e-06
 2.44816e-06
 7.89267e+00
 8.58199e+00
 8.46178e+00
 8.13127e+00
 7.84180e+00
 7.41917e+00
 6.95510e+00
 6.44950e+00
 5.92114e+00
 5.38644e+00
 4.85712e+00
 4.34347e+00
 3.85424e+00
 3.39459e+00
 2.96928e+00
 2.57982e+00
 2.22773e+00
 1.91230e+00
 1.63242e+00
 1.38609e+00
 1.17144e+00
 9.86500e-01
 8.28704e-01
 6.94680e-01
 5.80578e-01
 4.82496e-01
 3.97227e-01
 3.16590e-01
 2.42879e-01
 1.74592e-01
 1.04559e-01
 3.89974e-02
 4.26226e-03
 5.40754e-05
 2.51726e-06
 2.44817e-06
 2.44816e-06
 2.44816e-06
 2.44816e-06
 2.44816e-06
 2.44816e-06
 2.44816e-06
 2.44816e-06
 2.44816e-06
 2.44816e-06
 2.44816e-06
 2.44816e-06
 2.44816e-06
 2.44816e-06
 2.44816e-06
 2.44816e-06
 2.44816e-06
 2.44816e-06
 2.44816e-06
 2.44816e-06
 2.44816e-06
 2.44816e-06
 2.44816e-06
 2.44816e-06
 2.44816e-06
 6.68279e+00
 7.13028e+00
 7.03279e+00
 6.77492e+00
 6.53733e+00
 6.19855e+00
 5.82664e+00
 5.41941e+00
 4.99254e+00
 4.55743e+00
 4.12398e+00
 3.70118e+00
 3.29542e+00
 2.91254e+00
 2.55568e+00
 2.22773e+00
 1.92944e+00
 1.66108e+00
 1.42175e+00
 1.21051e+00
 1.02620e+00
 8.67178e-01
 7.30977e-01
 6.14441e-01
 5.14110e-01
 4.26184e-01
 3.49373e-01
 2.72020e-01
 2.02188e-01
 1.36754e-01
 6.71084e-02
 1.52203e-02
 5.76871e-04
 4.65430e-06
 2.44825e-06
 2.44816e-06
 2.44816e-06
 2.44816e-06
 2.44816e-06
 2.44816e-06
 2.44816e-06
 2.44816e-06
 2.44816e-06
 2.44816e-06
 2.44816e-06
 2.44816e-06
 2.44816e-06
 2.44816e-06
 2.44816e-06
 2.44816e-06
 2.44816e-06
 2.44816e-06
 2.44816e-06
 2.44816e-06
 2.44816e-06
 2.44816e-06
 2.44816e-06
 2.44816e-06
 2.44816e-06
 2.44816e-06
 5.63322e+00
 5.91493e+00
 5.83183e+00
 5.63294e+00
 5.43494e+00
 5.16644e+00
 4.86621e+00
 4.53881e+00
 4.19322e+00
 3.83956e+00
 3.48551e+00
 3.13793e+00
 2.80302e+00
 2.48488e+00
 2.18735e+00
 1.91230e+00
 1.66108e+00
 1.43388e+00
 1.23066e+00
 1.05102e+00
 8.94116e-01
 7.58337e-01
 6.41286e-01
 5.40061e-01
 4.51581e-01
 3.73995e-01
 2.97508e-01
 2.28377e-01
 1.63781e-01
 9.49976e-02
 3.31441e-02
 3.15412e-03
 3.65573e-05
 2.49523e-06
 2.44817e-06
 2.44816e-06
 2.44816e-06
 2.44816e-06
 2.44816e-06
 2.44816e-06
 2.44816e-06
 2.44816e-06
 2.44816e-06
 2.44816e-06
 2.44816e-06
 2.44816e-06
 2.44816e-06
 2.44816e-06
 2.44816e-06
 2.44816e-06
 2.44816e-06
 2.44816e-06
 2.44816e-06
 2.44816e-06
 2.44816e-06
 2.44816e-06
 2.44816e-06
 2.44816e-06
 2.44816e-06
 2.44816e-06
 4.72538e+00
 4.89459e+00
 4.82808e+00
 4.67169e+00
 4.50936e+00
 4.29392e+00
 4.05249e+00
 3.78832e+00
 3.50895e+00
 3.22170e+00
 2.93273e+00
 2.64803e+00
 2.37213e+00
 2.10922e+00
 1.86194e+00
 1.63242e+00
 1.42175e+00
 1.23066e+00
 1.05946e+00
 9.07993e-01
 7.75369e-01
 6.59934e-01
 5.59416e-01
 4.71251e-01
 3.92755e-01
 3.20024e-01
 2.50524e-01
 1.84804e-01
 1.20134e-01
 5.41049e-02
 9.96263e-03
 2.76259e-04
 3.29972e-06
 2.44821e-06
 2.44816e-06
 2.44816e-06
 2.44816e-06
 2.44816e-06
 2.44816e-06
 2.44816e-06
 2.44816e-06
 2.44816e-06
 2.44816e-06
 2.44816e-06
 2.44816e-06
 2.44816e-06
 2.44816e-06
 2.44816e-06
 2.44816e-06
 2.44816e-06
 2.44816e-06
 2.44816e-06
 2.44816e-06
 2.44816e-06
 2.44816e-06
 2.44816e-06
 2.44816e-06
 2.44816e-06
 2.44816e-06
 2.44816e-06
 3.94515e+00
 4.04165e+00
 3.98744e+00
 3.86536e+00
 3.73158e+00
 3.55953e+00
 3.36474e+00
 3.15179e+00
 2.92580e+00
 2.69264e+00
 2.45742e+00
 2.22460e+00
 1.99830e+00
 1.78153e+00
 1.57688e+00
 1.38609e+00
 1.21051e+00
 1.05102e+00
 9.07993e-01
 7.81154e-01
 6.69495e-01
 5.71375e-01
 4.84724e-01
 4.06986e-01
 3.37773e-01
 2.67324e-01
 2.02246e-01
 1.40907e-01
 7.44398e-02
 2.07202e-02
 1.25202e-03
 1.11363e-05
 2.45600e-06
 2.44816e-06
 2.44816e-06
 2.44816e-06
 2.44816e-06
 2.44816e-06
 2.44816e-06
 2.44816e-06
 2.44816e-06
 2.44816e-06
 2.44816e-06
 2.44816e-06
 2.44816e-06
 2.44816e-06
 2.44816e-06
 2.44816e-06
 2.44816e-06
 2.44816e-06
 2.44816e-06
 2.44816e-06
 2.44816e-06
 2.44816e-06
 2.44816e-06
 2.44816e-06
 2.44816e-06
 2.44816e-06
 2.44816e-06
 2.44816e-06
 3.27908e+00
 3.32917e+00
 3.28583e+00
 3.18964e+00
 3.08060e+00
 2.94242e+00
 2.78563e+00
 2.61380e+00
 2.43118e+00
 2.24229e+00
 2.05104e+00
 1.86121e+00
 1.67588e+00
 1.49779e+00
 1.32906e+00
 1.17144e+00
 1.02620e+00
 8.94116e-01
 7.75369e-01
 6.69495e-01
 5.75421e-01
 4.91593e-01
 4.16058e-01
 3.48643e-01
 2.79458e-01
 2.16362e-01
 1.56894e-01
 9.18721e-02
 3.32612e-02
 3.65835e-03
 5.48752e-05
 2.55762e-06
 2.44818e-06
 2.44816e-06
 2.44816e-06
 2.44816e-06
 2.44816e-06
 2.44816e-06
 2.44816e-06
 2.44816e-06
 2.44816e-06
 2.44816e-06
 2.44816e-06
 2.44816e-06
 2.44816e-06
 2.44816e-06
 2.44816e-06
 2.44816e-06
 2.44816e-06
 2.44816e-06
 2.44816e-06
 2.44816e-06
 2.44816e-06
 2.44816e-06
 2.44816e-06
 2.44816e-06
 2.44816e-06
 2.44816e-06
 2.44816e-06
 2.44816e-06
 2.71348e+00
 2.73567e+00
 2.70100e+00
 2.62545e+00
 2.53664e+00
 2.42591e+00
 2.29964e+00
 2.16115e+00
 2.01370e+00
 1.86076e+00
 1.70556e+00
 1.55099e+00
 1.39974e+00
 1.25404e+00
 1.11580e+00
 9.86500e-01
 8.67178e-01
 7.58337e-01
 6.59934e-01
 5.71375e-01
 4.91593e-01
 4.19108e-01
 3.53961e-01
 2.87045e-01
 2.26161e-01
 1.68030e-01
 1.05335e-01
 4.50812e-02
 7.58763e-03
 2.02754e-04
 3.15389e-06
 2.44824e-06
 2.44816e-06
 2.44816e-06
 2.44816e-06
 2.44816e-06
 2.44816e-06
 2.44816e-06
 2.44816e-06
 2.44816e-06
 2.44816e-06
 2.44816e-06
 2.44816e-06
 2.44816e-06
 2.44816e-06
 2.44816e-06
 2.44816e-06
 2.44816e-06
 2.44816e-06
 2.44816e-06
 2.44816e-06
 2.44816e-06
 2.44816e-06
 2.44816e-06
 2.44816e-06
 2.44816e-06
 2.44816e-06
 2.44816e-06
 2.44816e-06
 2.44816e-06
 2.23650e+00
 2.24254e+00
 2.21526e+00
 2.15564e+00
 2.08379e+00
 1.99492e+00
 1.89335e+00
 1.78175e+00
 1.66275e+00
 1.53913e+00
 1.41343e+00
 1.28809e+00
 1.16524e+00
 1.04677e+00
 9.34208e-01
 8.28704e-01
 7.30977e-01
 6.41286e-01
 5.59416e-01
 4.84724e-01
 4.16058e-01
 3.53961e-01
 2.89626e-01
 2.31180e-01
 1.74500e-01
 1.14461e-01
 5.44805e-02
 1.20556e-02
 5.21039e-04
 5.42412e-06
 2.44850e-06
 2.44816e-06
 2.44816e-06
 2.44816e-06
 2.44816e-06
 2.44816e-06
 2.44816e-06
 2.44816e-06
 2.44816e-06
 2.44816e-06
 2.44816e-06
 2.44816e-06
 2.44816e-06
 2.44816e-06
 2.44816e-06
 2.44816e-06
 2.44816e-06
 2.44816e-06
 2.44816e-06
 2.44816e-06
 2.44816e-06
 2.44816e-06
 2.44816e-06
 2.44816e-06
 2.44816e-06
 2.44816e-06
 2.44816e-06
 2.44816e-06
 2.44816e-06
 2.44816e-06
 1.83655e+00
 1.83410e+00
 1.81277e+00
 1.76572e+00
 1.70780e+00
 1.63655e+00
 1.55494e+00
 1.46516e+00
 1.36939e+00
 1.26979e+00
 1.16846e+00
 1.06729e+00
 9.68028e-01
 8.72117e-01
 7.80725e-01
 6.94680e-01
 6.14441e-01
 5.40061e-01
 4.71251e-01
 4.06986e-01
 3.48643e-01
 2.87045e-01
 2.31180e-01
 1.76606e-01
 1.19068e-01
 6.04465e-02
 1.58510e-02
 9.73169e-04
 1.08855e-05
 2.46182e-06
 2.44817e-06
 2.44816e-06
 2.44816e-06
 2.44816e-06
 2.44816e-06
 2.44816e-06
 2.44816e-06
 2.44816e-06
 2.44816e-06
 2.44816e-06
 2.44816e-06
 2.44816e-06
 2.44816e-06
 2.44816e-06
 2.44816e-06
 2.44816e-06
 2.44816e-06
 2.44816e-06
 2.44816e-06
 2.44816e-06
 2.44816e-06
 2.44816e-06
 2.44816e-06
 2.44816e-06
 2.44816e-06
 2.44816e-06
 2.44816e-06
 2.44816e-06
 2.44816e-06
 2.44816e-06
 1.50343e+00
 1.49733e+00
 1.48051e+00
 1.44358e+00
 1.39716e+00
 1.34018e+00
 1.27481e+00
 1.20285e+00
 1.12604e+00
 1.04611e+00
 9.64692e-01
 8.83278e-01
 8.03185e-01
 7.25519e-01
 6.51132e-01
 5.80578e-01
 5.14110e-01
 4.51581e-01
 3.92755e-01
 3.37773e-01
 2.79458e-01
 2.26161e-01
 1.74500e-01
 1.19068e-01
 6.24827e-02
 1.80072e-02
 1.38635e-03
 1.89768e-05
 2.49044e-06
 2.44818e-06
 2.44816e-06
 2.44816e-06
 2.44816e-06
 2.44816e-06
 2.44816e-06
 2.44816e-06
 2.44816e-06
 2.44816e-06
 2.44816e-06
 2.44816e-06
 2.44816e-06
 2.44816e-06
 2.44816e-06
 2.44816e-06
 2.44816e-06
 2.44816e-06
 2.44816e-06
 2.44816e-06
 2.44816e-06
 2.44816e-06
 2.44816e-06
 2.44816e-06
 2.44816e-06
 2.44816e-06
 2.44816e-06
 2.44816e-06
 2.44816e-06
 2.44816e-06
 2.44816e-06
 2.44816e-06
 1.22841e+00
 1.22139e+00
 1.20810e+00
 1.17925e+00
 1.14222e+00
 1.09676e+00
 1.04452e+00
 9.86938e-01
 9.25421e-01
 8.61306e-01
 7.95854e-01
 7.30206e-01
 6.65354e-01
 6.02100e-01
 5.41045e-01
 4.82496e-01
 4.26184e-01
 3.73995e-01
 3.20024e-01
 2.67324e-01
 2.16362e-01
 1.68030e-01
 1.14461e-01
 6.04465e-02
 1.80072e-02
 1.55451e-03
 2.54133e-05
 2.52440e-06
 2.44818e-06
 2.44816e-06
 2.44816e-06
 2.44816e-06
 2.44816e-06
 2.44816e-06
 2.44816e-06
 2.44816e-06
 2.44816e-06
 2.44816e-06
 2.44816e-06
 2.44816e-06
 2.44816e-06
 2.44816e-06
 2.44816e-06
 2.44816e-06
 2.44816e-06
 2.44816e-06
 2.44816e-06
 2.44816e-06
 2.44816e-06
 2.44816e-06
 2.44816e-06
 2.44816e-06
 2.44816e-06
 2.44816e-06
 2.44816e-06
 2.44816e-06
 2.44816e-06
 2.44816e-06
 2.44816e-06
 2.44816e-06
 1.00299e+00
 9.96387e-01
 9.85904e-01
 9.63344e-01
 9.33819e-01
 8.97491e-01
 8.55675e-01
 8.09506e-01
 7.60089e-01
 7.08456e-01
 6.55564e-01
 6.02268e-01
 5.49302e-01
 4.97147e-01
 4.45920e-01
 3.97227e-01
 3.49373e-01
 2.97508e-01
 2.50524e-01
 2.02246e-01
 1.56894e-01
 1.05335e-01
 5.44805e-02
 1.58510e-02
 1.38635e-03
 2.54133e-05
 2.53998e-06
 2.44819e-06
 2.44816e-06
 2.44816e-06
 2.44816e-06
 2.44816e-06
 2.44816e-06
 2.44816e-06
 2.44816e-06
 2.44816e-06
 2.44816e-06
 2.44816e-06
 2.44816e-06
 2.44816e-06
 2.44816e-06
 2.44816e-06
 2.44816e-06
 2.44816e-06
 2.44816e-06
 2.44816e-06
 2.44816e-06
 2.44816e-06
 2.44816e-06
 2.44816e-06
 2.44816e-06
 2.44816e-06
 2.44816e-06
 2.44816e-06
 2.44816e-06
 2.44816e-06
 2.44816e-06
 2.44816e-06
 2.44816e-06
 2.44816e-06
 8.18453e-01
 8.12796e-01
 8.04502e-01
 7.86728e-01
 7.63076e-01
 7.33898e-01
 7.00246e-01
 6.63007e-01
 6.23042e-01
 5.81138e-01
 5.37971e-01
 4.93980e-01
 4.49597e-01
 4.06949e-01
 3.63875e-01
 3.16590e-01
 2.72020e-01
 2.28377e-01
 1.84804e-01
 1.40907e-01
 9.18721e-02
 4.50812e-02
 1.20556e-02
 9.73169e-04
 1.89768e-05
 2.52440e-06
 2.44819e-06
 2.44816e-06
 2.44816e-06
 2.44816e-06
 2.44816e-06
 2.44816e-06
 2.44816e-06
 2.44816e-06
 2.44816e-06
 2.44816e-06
 2.44816e-06
 2.44816e-06
 2.44816e-06
 2.44816e-06
 2.44816e-06
 2.44816e-06
 2.44816e-06
 2.44816e-06
 2.44816e-06
 2.44816e-06
 2.44816e-06
 2.44816e-06
 2.44816e-06
 2.44816e-06
 2.44816e-06
 2.44816e-06
 2.44816e-06
 2.44816e-06
 2.44816e-06
 2.44816e-06
 2.44816e-06
 2.44816e-06
 2.44816e-06
 2.44816e-06
 6.66603e-01
 6.61998e-01
 6.55368e-01
 6.41207e-01
 6.22127e-01
 5.98524e-01
 5.71199e-01
 5.40769e-01
 5.07842e-01
 4.72973e-01
 4.37828e-01
 4.01948e-01
 3.63896e-01
 3.21819e-01
 2.81837e-01
 2.42879e-01
 2.02188e-01
 1.63781e-01
 1.20134e-01
 7.44398e-02
 3.32612e-02
 7.58763e-03
 5.21039e-04
 1.08855e-05
 2.49044e-06
 2.44818e-06
 2.44816e-06
 2.44816e-06
 2.44816e-06
 2.44816e-06
 2.44816e-06
 2.44816e-06
 2.44816e-06
 2.44816e-06
 2.44816e-06
 2.44816e-06
 2.44816e-06
 2.44816e-06
 2.44816e-06
 2.44816e-06
 2.44816e-06
 2.44816e-06
 2.44816e-06
 2.44816e-06
 2.44816e-06
 2.44816e-06
 2.44816e-06
 2.44816e-06
 2.44816e-06
 2.44816e-06
 2.44816e-06
 2.44816e-06
 2.44816e-06
 2.44816e-06
 2.44816e-06
 2.44816e-06
 2.44816e-06
 2.44816e-06
 2.44816e-06
 2.44816e-06
 5.40080e-01
 5.36376e-01
 5.30885e-01
 5.19296e-01
 5.03529e-01
 4.84126e-01
 4.62359e-01
 4.37929e-01
 4.10823e-01
 3.80999e-01
 3.47205e-01
 3.12772e-01
 2.79178e-01
 2.45185e-01
 2.09019e-01
 1.74592e-01
 1.36754e-01
 9.49976e-02
 5.41049e-02
 2.07202e-02
 3.65835e-03
 2.02754e-04
 5.42412e-06
 2.46182e-06
 2.44818e-06
 2.44816e-06
 2.44816e-06
 2.44816e-06
 2.44816e-06
 2.44816e-06
 2.44816e-06
 2.44816e-06
 2.44816e-06
 2.44816e-06
 2.44816e-06
 2.44816e-06
 2.44816e-06
 2.44816e-06
 2.44816e-06
 2.44816e-06
 2.44816e-06
 2.44816e-06
 2.44816e-06
 2.44816e-06
 2.44816e-06
 2.44816e-06
 2.44816e-06
 2.44816e-06
 2.44816e-06
 2.44816e-06
 2.44816e-06
 2.44816e-06
 2.44816e-06
 2.44816e-06
 2.44816e-06
 2.44816e-06
 2.44816e-06
 2.44816e-06
 2.44816e-06
 2.44816e-06
 4.34478e-01
 4.31511e-01
 4.26832e-01
 4.17090e-01
 4.03587e-01
 3.86252e-01
 3.64928e-01
 3.41437e-01
 3.16793e-01
 2.91045e-01
 2.64621e-01
 2.34885e-01
 2.04174e-01
 1.74475e-01
 1.41474e-01
 1.04559e-01
 6.71084e-02
 3.31441e-02
 9.96263e-03
 1.25202e-03
 5.48752e-05
 3.15389e-06
 2.44850e-06
 2.44817e-06
 2.44816e-06
 2.44816e-06
 2.44816e-06
 2.44816e-06
 2.44816e-06
 2.44816e-06
 2.44816e-06
 2.44816e-06
 2.44816e-06
 2.44816e-06
 2.44816e-06
 2.44816e-06
 2.44816e-06
 2.44816e-06
 2.44816e-06
 2.44816e-06
 2.44816e-06
 2.44816e-06
 2.44816e-06
 2.44816e-06
 2.44816e-06
 2.44816e-06
 2.44816e-06
 2.44816e-06
 2.44816e-06
 2.44816e-06
 2.44816e-06
 2.44816e-06
 2.44816e-06
 2.44816e-06
 2.44816e-06
 2.44816e-06
 2.44816e-06
 2.44816e-06
 2.44816e-06
 2.44816e-06
 3.33465e-01
 3.30972e-01
 3.26731e-01
 3.18435e-01
 3.07175e-01
 2.93329e-01
 2.77377e-01
 2.58003e-01
 2.35855e-01
 2.12400e-01
 1.88235e-01
 1.63357e-01
 1.34570e-01
 1.02483e-01
 6.97750e-02
 3.89974e-02
 1.52203e-02
 3.15412e-03
 2.76259e-04
 1.11363e-05
 2.55762e-06
 2.44824e-06
 2.44816e-06
 2.44816e-06
 2.44816e-06
 2.44816e-06
 2.44816e-06
 2.44816e-06
 2.44816e-06
 2.44816e-06
 2.44816e-06
 2.44816e-06
 2.44816e-06
 2.44816e-06
 2.44816e-06
 2.44816e-06
 2.44816e-06
 2.44816e-06
 2.44816e-06
 2.44816e-06
 2.44816e-06
 2.44816e-06
 2.44816e-06
 2.44816e-06
 2.44816e-06
 2.44816e-06
 2.44816e-06
 2.44816e-06
 2.44816e-06
 2.44816e-06
 2.44816e-06
 2.44816e-06
 2.44816e-06
 2.44816e-06
 2.44816e-06
 2.44816e-06
 2.44816e-06
 2.44816e-06
 2.44816e-06
 2.44816e-06
 2.47666e-01
 2.45478e-01
 2.41441e-01
 2.33949e-01
 2.23741e-01
 2.11061e-01
 1.96281e-01
 1.80295e-01
 1.61873e-01
 1.40250e-01
 1.15697e-01
 8.89095e-02
 6.18807e-02
 3.63246e-02
 1.59247e-02
 4.26226e-03
 5.76871e-04
 3.65573e-05
 3.29972e-06
 2.45600e-06
 2.44818e-06
 2.44816e-06
 2.44816e-06
 2.44816e-06
 2.44816e-06
 2.44816e-06
 2.44816e-06
 2.44816e-06
 2.44816e-06
 2.44816e-06
 2.44816e-06
 2.44816e-06
 2.44816e-06
 2.44816e-06
 2.44816e-06
 2.44816e-06
 2.44816e-06
 2.44816e-06
 2.44816e-06
 2.44816e-06
 2.44816e-06
 2.44816e-06
 2.44816e-06
 2.44816e-06
 2.44816e-06
 2.44816e-06
 2.44816e-06
 2.44816e-06
 2.44816e-06
 2.44816e-06
 2.44816e-06
 2.44816e-06
 2.44816e-06
 2.44816e-06
 2.44816e-06
 2.44816e-06
 2.44816e-06
 2.44816e-06
 2.44816e-06
 2.44816e-06
 1.69076e-01
 1.67298e-01
 1.63678e-01
 1.57139e-01
 1.47938e-01
 1.36060e-01
 1.21504e-01
 1.04289e-01
 8.52732e-02
 6.51719e-02
 4.48330e-02
 2.61134e-02
 1.16927e-02
 3.42682e-03
 5.87451e-04
 5.40754e-05
 4.65430e-06
 2.49523e-06
 2.44821e-06
 2.44816e-06
 2.44816e-06
 2.44816e-06
 2.44816e-06
 2.44816e-06
 2.44816e-06
 2.44816e-06
 2.44816e-06
 2.44816e-06
 2.44816e-06
 2.44816e-06
 2.44816e-06
 2.44816e-06
 2.44816e-06
 2.44816e-06
 2.44816e-06
 2.44816e-06
 2.44816e-06
 2.44816e-06
 2.44816e-06
 2.44816e-06
 2.44816e-06
 2.44816e-06
 2.44816e-06
 2.44816e-06
 2.44816e-06
 2.44816e-06
 2.44816e-06
 2.44816e-06
 2.44816e-06
 2.44816e-06
 2.44816e-06
 2.44816e-06
 2.44816e-06
 2.44816e-06
 2.44816e-06
 2.44816e-06
 2.44816e-06
 2.44816e-06
 2.44816e-06
 2.44816e-06
 8.97651e-02
 8.79709e-02
 8.42216e-02
 7.80847e-02
 6.97438e-02
 5.94435e-02
 4.76806e-02
 3.51655e-02
 2.29751e-02
 1.25998e-02
 5.28807e-03
 1.54751e-03
 2.96603e-04
 3.51707e-05
 4.47762e-06
 2.51726e-06
 2.44825e-06
 2.44817e-06
 2.44816e-06
 2.44816e-06
 2.44816e-06
 2.44816e-06
 2.44816e-06
 2.44816e-06
 2.44816e-06
 2.44816e-06
 2.44816e-06
 2.44816e-06
 2.44816e-06
 2.44816e-06
 2.44816e-06
 2.44816e-06
 2.44816e-06
 2.44816e-06
 2.44816e-06
 2.44816e-06
 2.44816e-06
 2.44816e-06
 2.44816e-06
 2.44816e-06
 2.44816e-06
 2.44816e-06
 2.44816e-06
 2.44816e-06
 2.44816e-06
 2.44816e-06
 2.44816e-06
 2.44816e-06
 2.44816e-06
 2.44816e-06
 2.44816e-06
 2.44816e-06
 2.44816e-06
 2.44816e-06
 2.44816e-06
 2.44816e-06
 2.44816e-06
 2.44816e-06
 2.44816e-06
 2.44816e-06
 2.45651e-02
 2.34875e-02
 2.12778e-02
 1.79900e-02
 1.39638e-02
 9.70346e-03
 5.79515e-03
 2.83301e-03
 1.09660e-03
 3.17335e-04
 6.48447e-05
 1.05440e-05
 3.10178e-06
 2.48005e-06
 2.44822e-06
 2.44817e-06
 2.44816e-06
 2.44816e-06
 2.44816e-06
 2.44816e-06
 2.44816e-06
 2.44816e-06
 2.44816e-06
 2.44816e-06
 2.44816e-06
 2.44816e-06
 2.44816e-06
 2.44816e-06
 2.44816e-06
 2.44816e-06
 2.44816e-06
 2.44816e-06
 2.44816e-06
 2.44816e-06
 2.44816e-06
 2.44816e-06
 2.44816e-06
 2.44816e-06
 2.44816e-06
 2.44816e-06
 2.44816e-06
 2.44816e-06
 2.44816e-06
 2.44816e-06
 2.44816e-06
 2.44816e-06
 2.44816e-06
 2.44816e-06
 2.44816e-06
 2.44816e-06
 2.44816e-06
 2.44816e-06
 2.44816e-06
 2.44816e-06
 2.44816e-06
 2.44816e-06
 2.44816e-06
 2.44816e-06
 2.44816e-06
 2.44816e-06
 1.18599e-03
 1.07152e-03
 8.61386e-04
 6.02412e-04
 3.57577e-04
 1.74964e-04
 6.86012e-05
 2.18051e-05
 6.60897e-06
 3.07502e-06
 2.51203e-06
 2.45154e-06
 2.44818e-06
 2.44816e-06
 2.44816e-06
 2.44816e-06
 2.44816e-06
 2.44816e-06
 2.44816e-06
 2.44816e-06
 2.44816e-06
 2.44816e-06
 2.44816e-06
 2.44816e-06
 2.44816e-06
 2.44816e-06
 2.44816e-06
 2.44816e-06
 2.44816e-06
 2.44816e-06
 2.44816e-06
 2.44816e-06
 2.44816e-06
 2.44816e-06
 2.44816e-06
 2.44816e-06
 2.44816e-06
 2.44816e-06
 2.44816e-06
 2.44816e-06
 2.44816e-06
 2.44816e-06
 2.44816e-06
 2.44816e-06
 2.44816e-06
 2.44816e-06
 2.44816e-06
 2.44816e-06
 2.44816e-06
 2.44816e-06
 2.44816e-06
 2.44816e-06
 2.44816e-06
 2.44816e-06
 2.44816e-06
 2.44816e-06
 2.44816e-06
 2.44816e-06
 2.44816e-06
 2.44816e-06
 6.59366e-06
 5.95818e-06
 4.92303e-06
 3.86332e-06
 3.08646e-06
 2.66915e-06
 2.50538e-06
 2.45865e-06
 2.44821e-06
 2.44817e-06
 2.44816e-06
 2.44816e-06
 2.44816e-06
 2.44816e-06
 2.44816e-06
 2.44816e-06
 2.44816e-06
 2.44816e-06
 2.44816e-06
 2.44816e-06
 2.44816e-06
 2.44816e-06
 2.44816e-06
 2.44816e-06
 2.44816e-06
 2.44816e-06
 2.44816e-06
 2.44816e-06
 2.44816e-06
 2.44816e-06
 2.44816e-06
 2.44816e-06
 2.44816e-06
 2.44816e-06
 2.44816e-06
 2.44816e-06
 2.44816e-06
 2.44816e-06
 2.44816e-06
 2.44816e-06
 2.44816e-06
 2.44816e-06
 2.44816e-06
 2.44816e-06
 2.44816e-06
 2.44816e-06
 2.44816e-06
 2.44816e-06
 2.44816e-06
 2.44816e-06
 2.44816e-06
 2.44816e-06
 2.44816e-06
 2.44816e-06
 2.44816e-06
 2.44816e-06
 2.44816e-06
 2.44816e-06
 2.44816e-06
 2.44816e-06
 2.44819e-06
 2.44819e-06
 2.44818e-06
 2.44817e-06
 2.44817e-06
 2.44816e-06
 2.44816e-06
 2.44816e-06
 2.44816e-06
 2.44816e-06
 2.44816e-06
 2.44816e-06
 2.44816e-06
 2.44816e-06
 2.44816e-06
 2.44816e-06
 2.44816e-06
 2.44816e-06
 2.44816e-06
 2.44816e-06
 2.44816e-06
 2.44816e-06
 2.44816e-06
 2.44816e-06
 2.44816e-06
 2.44816e-06
 2.44816e-06
 2.44816e-06
 2.44816e-06
 2.44816e-06
 2.44816e-06
 2.44816e-06
 2.44816e-06
 2.44816e-06
 2.44816e-06
 2.44816e-06
 2.44816e-06
 2.44816e-06
 2.44816e-06
 2.44816e-06
 2.44816e-06
 2.44816e-06
 2.44816e-06
 2.44816e-06
 2.44816e-06
 2.44816e-06
 2.44816e-06
 2.44816e-06
 2.44816e-06
 2.44816e-06
 2.44816e-06
 2.44816e-06
 2.44816e-06
 2.44816e-06
 2.44816e-06
 2.44816e-06
 2.44816e-06
 2.44816e-06
 2.44816e-06
 2.44816e-06
 2.44816e-06
 2.44816e-06
 2.44816e-06
 2.44816e-06
 2.44816e-06
 2.44816e-06
 2.44816e-06
 2.44816e-06
 2.44816e-06
 2.44816e-06
 2.44816e-06
 2.44816e-06
 2.44816e-06
 2.44816e-06
 2.44816e-06
 2.44816e-06
 2.44816e-06
 2.44816e-06
 2.44816e-06
 2.44816e-06
 2.44816e-06
 2.44816e-06
 2.44816e-06
 2.44816e-06
 2.44816e-06
 2.44816e-06
 2.44816e-06
 2.44816e-06
 2.44816e-06
 2.44816e-06
 2.44816e-06
 2.44816e-06
 2.44816e-06
 2.44816e-06
 2.44816e-06
 2.44816e-06
 2.44816e-06
 2.44816e-06
 2.44816e-06
 2.44816e-06
 2.44816e-06
 2.44816e-06
 2.44816e-06
 2.44816e-06
 2.44816e-06
 2.44816e-06
 2.44816e-06
 2.44816e-06
 2.44816e-06
 2.44816e-06
 2.44816e-06
 2.44816e-06
 2.44816e-06
 2.44816e-06
 2.44816e-06
 2.44816e-06
 2.44816e-06
 2.44816e-06
 2.44816e-06
 2.44816e-06
 2.44816e-06
 2.44816e-06
 2.44816e-06
 2.44816e-06
 2.44816e-06
 2.44816e-06
 2.44816e-06
 2.44816e-06
 2.44816e-06
 2.44816e-06
 2.44816e-06
 2.44816e-06
 2.44816e-06
 2.44816e-06
 2.44816e-06
 2.44816e-06
 2.44816e-06
 2.44816e-06
 2.44816e-06
 2.44816e-06
 2.44816e-06
 2.44816e-06
 2.44816e-06
 2.44816e-06
 2.44816e-06
 2.44816e-06
 2.44816e-06
 2.44816e-06
 2.44816e-06
 2.44816e-06
 2.44816e-06
 2.44816e-06
 2.44816e-06
 2.44816e-06
 2.44816e-06
 2.44816e-06
 2.44816e-06
 2.44816e-06
 2.44816e-06
 2.44816e-06
 2.44816e-06
 2.44816e-06
 2.44816e-06
 2.44816e-06
 2.44816e-06
 2.44816e-06
 2.44816e-06
 2.44816e-06
 2.44816e-06
 2.44816e-06
 2.44816e-06
 2.44816e-06
 2.44816e-06
 2.44816e-06
 2.44816e-06
 2.44816e-06
 2.44816e-06
 2.44816e-06
 2.44816e-06
 2.44816e-06
 2.44816e-06
 2.44816e-06
 2.44816e-06
 2.44816e-06
 2.44816e-06
 2.44816e-06
 2.44816e-06
 2.44816e-06
 2.44816e-06
 2.44816e-06
 2.44816e-06
 2.44816e-06
 2.44816e-06
 2.44816e-06
 2.44816e-06
 2.44816e-06
 2.44816e-06
 2.44816e-06
 2.44816e-06
 2.44816e-06
 2.44816e-06
 2.44816e-06
 2.44816e-06
 2.44816e-06
 2.44816e-06
 2.44816e-06
 2.44816e-06
 2.44816e-06
 2.44816e-06
 2.44816e-06
 2.44816e-06
 2.44816e-06
 2.44816e-06
 2.44816e-06
 2.44816e-06
 2.44816e-06
 2.44816e-06
 2.44816e-06
 2.44816e-06
 2.44816e-06
 2.44816e-06
 2.44816e-06
 2.44816e-06
 2.44816e-06
 2.44816e-06
 2.44816e-06
 2.44816e-06
 2.44816e-06
 2.44816e-06
 2.44816e-06
 2.44816e-06
 2.44816e-06
 2.44816e-06
 2.44816e-06
 2.44816e-06
 2.44816e-06
 2.44816e-06
 2.44816e-06
 2.44816e-06
 2.44816e-06
 2.44816e-06
 2.44816e-06
 2.44816e-06
 2.44816e-06
 2.44816e-06
 2.44816e-06
 2.44816e-06
 2.44816e-06
 2.44816e-06
 2.44816e-06
 2.44816e-06
 2.44816e-06
 2.44816e-06
 2.44816e-06
 2.44816e-06
 2.44816e-06
 2.44816e-06
 2.44816e-06
 2.44816e-06
 2.44816e-06
 2.44816e-06
 2.44816e-06
 2.44816e-06
 2.44816e-06
 2.44816e-06
 2.44816e-06
 2.44816e-06
 2.44816e-06
 2.44816e-06
 2.44816e-06
 2.44816e-06
 2.44816e-06
 2.44816e-06
 2.44816e-06
 2.44816e-06
 2.44816e-06
 2.44816e-06
 2.44816e-06
 2.44816e-06
 2.44816e-06
 2.44816e-06
 2.44816e-06
 2.44816e-06
 2.44816e-06
 2.44816e-06
 2.44816e-06
 2.44816e-06
 2.44816e-06
 2.44816e-06
 2.44816e-06
 2.44816e-06
 2.44816e-06
 2.44816e-06
 2.44816e-06
 2.44816e-06
 2.44816e-06
 2.44816e-06
 2.44816e-06
 2.44816e-06
 2.44816e-06
 2.44816e-06
 2.44816e-06
 2.44816e-06
 2.44816e-06
 2.44816e-06
 2.44816e-06
 2.44816e-06
 2.44816e-06
 2.44816e-06
 2.44816e-06
 2.44816e-06
 2.44816e-06
 2.44816e-06
 2.44816e-06
 2.44816e-06
 2.44816e-06
 2.44816e-06
 2.44816e-06
 2.44816e-06
 2.44816e-06
 2.44816e-06
 2.44816e-06
 2.44816e-06
 2.44816e-06
 2.44816e-06
 2.44816e-06
 2.44816e-06
 2.44816e-06
 2.44816e-06
 2.44816e-06
 2.44816e-06
 2.44816e-06
 2.44816e-06
 2.44816e-06
 2.44816e-06
 2.44816e-06
 2.44816e-06
 2.44816e-06
 2.44816e-06
 2.44816e-06
 2.44816e-06
 2.44816e-06
 2.44816e-06
 2.44816e-06
 2.44816e-06
 2.44816e-06
 2.44816e-06
 2.44816e-06
 2.44816e-06
 2.44816e-06
 2.44816e-06
 2.44816e-06
 2.44816e-06
 2.44816e-06
 2.44816e-06
 2.44816e-06
 2.44816e-06
 2.44816e-06
 2.44816e-06
 2.44816e-06
 2.44816e-06
 2.44816e-06
 2.44816e-06
 2.44816e-06
 2.44816e-06
 2.44816e-06
 2.44816e-06
 2.44816e-06
 2.44816e-06
 2.44816e-06
 2.44816e-06
 2.44816e-06
 2.44816e-06
 2.44816e-06
 2.44816e-06
 2.44816e-06
 2.44816e-06
 2.44816e-06
 2.44816e-06
 2.44816e-06
 2.44816e-06
 2.44816e-06
 2.44816e-06
 2.44816e-06
 2.44816e-06
 2.44816e-06
 2.44816e-06
 2.44816e-06
 2.44816e-06
 2.44816e-06
 2.44816e-06
 2.44816e-06
 2.44816e-06
 2.44816e-06
 2.44816e-06
 2.44816e-06
 2.44816e-06
 2.44816e-06
 2.44816e-06
 2.44816e-06
 2.44816e-06
 2.44816e-06
 2.44816e-06
 2.44816e-06
 2.44816e-06
 2.44816e-06
 2.44816e-06
 2.44816e-06
 2.44816e-06
 2.44816e-06
 2.44816e-06
 2.44816e-06
 2.44816e-06
 2.44816e-06
 2.44816e-06
 2.44816e-06
 2.44816e-06
 2.44816e-06
 2.44816e-06
 2.44816e-06
 2.44816e-06
 2.44816e-06
 2.44816e-06
 2.44816e-06
 2.44816e-06
 2.44816e-06
 2.44816e-06
 2.44816e-06
 2.44816e-06
 2.44816e-06
 2.44816e-06
 2.44816e-06
 2.44816e-06
 2.44816e-06
 2.44816e-06
 2.44816e-06
 2.44816e-06
 2.44816e-06
 2.44816e-06
 2.44816e-06
 2.44816e-06
 2.44816e-06
 2.44816e-06
 2.44816e-06
 2.44816e-06
 2.44816e-06
 2.44816e-06
 2.44816e-06
 2.44816e-06
 2.44816e-06
 2.44816e-06
 2.44816e-06
 2.44816e-06
 2.44816e-06
 2.44816e-06
 2.44816e-06
 2.44816e-06
 2.44816e-06
 2.44816e-06
 2.44816e-06
 2.44816e-06
 2.44816e-06
 2.44816e-06
 2.44816e-06
 2.44816e-06
 2.44816e-06
 2.44816e-06
 2.44816e-06
 2.44816e-06
 2.44816e-06
 2.44816e-06
 2.44816e-06
 2.44816e-06
 2.44816e-06
 2.44816e-06
 2.44816e-06
 2.44816e-06
 2.44816e-06
 2.44816e-06
 2.44816e-06
 2.44816e-06
 2.44816e-06
 2.44816e-06
 2.44816e-06
 2.44816e-06
 2.44816e-06
 2.44816e-06
 2.44816e-06
 2.44816e-06
 2.44816e-06
 2.44816e-06
 2.44816e-06
 2.44816e-06
 2.44816e-06
 2.44816e-06
 2.44816e-06
 2.44816e-06
 2.44816e-06
 2.44816e-06
 2.44816e-06
 2.44816e-06
 2.44816e-06
 2.44816e-06
 2.44816e-06
 2.44816e-06
 2.44816e-06
 2.44816e-06
 2.44816e-06
 2.44816e-06
 2.44816e-06
 2.44816e-06
 2.44816e-06
 2.44816e-06
 2.44816e-06
 2.44816e-06
 2.44816e-06
 2.44816e-06
 2.44816e-06
 2.44816e-06
 2.44816e-06
 2.44816e-06
 2.44816e-06
 2.44816e-06
 2.44816e-06
 2.44816e-06
 2.44816e-06
 2.44816e-06
 2.44816e-06
 2.44816e-06
 2.44816e-06
 2.44816e-06
 2.44816e-06
 2.44816e-06
 2.44816e-06
 2.44816e-06
 2.44816e-06
 2.44816e-06
 2.44816e-06
 2.44816e-06
 2.44816e-06
 2.44816e-06
 2.44816e-06
 2.44816e-06
 2.44816e-06
 2.44816e-06
 2.44816e-06
 2.44816e-06
 2.44816e-06
 2.44816e-06
 2.44816e-06
 2.44816e-06
 2.44816e-06
 2.44816e-06
 2.44816e-06
 2.44816e-06
 2.44816e-06
 2.44816e-06
 2.44816e-06
 2.44816e-06
 2.44816e-06
 2.44816e-06
 2.44816e-06
 2.44816e-06
 2.44816e-06
 2.44816e-06
 2.44816e-06
 2.44816e-06
 2.44816e-06
 2.44816e-06
 2.44816e-06
 2.44816e-06
 2.44816e-06
 2.44816e-06
 2.44816e-06
 2.44816e-06
 2.44816e-06
 2.44816e-06
 2.44816e-06
 2.44816e-06
 2.44816e-06
 2.44816e-06
 2.44816e-06
 2.44816e-06
 2.44816e-06
 2.44816e-06
 2.44816e-06
 2.44816e-06
 2.44816e-06
 2.44816e-06
 2.44816e-06
 2.44816e-06
 2.44816e-06
 2.44816e-06
 2.44816e-06
 2.44816e-06
 2.44816e-06
 2.44816e-06
 2.44816e-06
 2.44816e-06
 2.44816e-06
 2.44816e-06
 2.44816e-06
 2.44816e-06
 2.44816e-06
 2.44816e-06
 2.44816e-06
 2.44816e-06
 2.44816e-06
 2.44816e-06
 2.44816e-06
 2.44816e-06
 2.44816e-06
 2.44816e-06
 2.44816e-06
 2.44816e-06
 2.44816e-06
 2.44816e-06
 2.44816e-06
 2.44816e-06
 2.44816e-06
 2.44816e-06
 2.44816e-06
 2.44816e-06
 2.44816e-06
 2.44816e-06
 2.44816e-06
 2.44816e-06
 2.44816e-06
 2.44816e-06
 2.44816e-06
 2.44816e-06
 2.44816e-06
 2.44816e-06
 2.44816e-06
 2.44816e-06
 2.44816e-06
 2.44816e-06
 2.44816e-06
 2.44816e-06
 2.44816e-06
 2.44816e-06
 2.44816e-06
 2.44816e-06
 2.44816e-06
 2.44816e-06
 2.44816e-06
 2.44816e-06
 2.44816e-06
 2.44816e-06
 2.44816e-06
 2.44816e-06
 2.44816e-06
 2.44816e-06
 2.44816e-06
 2.44816e-06
 2.44816e-06
 2.44816e-06
 2.44816e-06
 2.44816e-06
 2.44816e-06
 2.44816e-06
 2.44816e-06
 2.44816e-06
 2.44816e-06
 2.44816e-06
 2.44816e-06
 2.44816e-06
 2.44816e-06
 2.44816e-06
 2.44816e-06
 2.44816e-06
 2.44816e-06
 2.44816e-06
 2.44816e-06
 2.44816e-06
 2.44816e-06
 2.44816e-06
 2.44816e-06
 2.44816e-06
 2.44816e-06
 2.44816e-06
 2.44816e-06
 2.44816e-06
 2.44816e-06
 2.44816e-06
 2.44816e-06
 2.44816e-06
 2.44816e-06
 2.44816e-06
 2.44816e-06
 2.44816e-06
 2.44816e-06
 2.44816e-06
 2.44816e-06
 2.44816e-06
 2.44816e-06
 2.44816e-06
 2.44816e-06
 2.44816e-06
 2.44816e-06
 2.44816e-06
 2.44816e-06
 2.44816e-06
 2.44816e-06
 2.44816e-06
 2.44816e-06
 2.44816e-06
 2.44816e-06
 2.44816e-06
 2.44816e-06
 2.44816e-06
 2.44816e-06
 2.44816e-06
 2.44816e-06
 2.44816e-06
 2.44816e-06
 2.44816e-06
 2.44816e-06
 2.44816e-06
 2.44816e-06
 2.44816e-06
 2.44816e-06
 2.44816e-06
 2.44816e-06
 2.44816e-06
 2.44816e-06
 2.44816e-06
 2.44816e-06
 2.44816e-06
 2.44816e-06
 2.44816e-06
 2.44816e-06
 2.44816e-06
 2.44816e-06
 2.44816e-06
 2.44816e-06
 2.44816e-06
 2.44816e-06
 2.44816e-06
 2.44816e-06
 2.44816e-06
 2.44816e-06
 2.44816e-06
 2.44816e-06
 2.44816e-06
 2.44816e-06
 2.44816e-06
 2.44816e-06
 2.44816e-06
 2.44816e-06
 2.44816e-06
 2.44816e-06
 2.44816e-06
 2.44816e-06
 2.44816e-06
 2.44816e-06
 2.44816e-06
 2.44816e-06
 2.44816e-06
 2.44816e-06
 2.44816e-06
 2.44816e-06
 2.44816e-06
 2.44816e-06
 2.44816e-06
 2.44816e-06
 2.44816e-06
 2.44816e-06
 2.44816e-06
 2.44816e-06
 2.44816e-06
 2.44816e-06
 2.44816e-06
 2.44816e-06
 2.44816e-06
 2.44816e-06
 2.44816e-06
 2.44816e-06
 2.44816e-06
 2.44816e-06
 2.44816e-06
 2.44816e-06
 2.44816e-06
 2.44816e-06
 2.44816e-06
 2.44816e-06
 2.44816e-06
 2.44816e-06
 2.44816e-06
 2.44816e-06
 2.44816e-06
 2.44816e-06
 2.44816e-06
 2.44816e-06
 2.44816e-06
 2.44816e-06
 2.44816e-06
 2.44816e-06
 2.44816e-06
 2.44816e-06
 2.44816e-06
 2.44816e-06
 2.44816e-06
 2.44816e-06
 2.44816e-06
 2.44816e-06
 2.44816e-06
 2.44816e-06
 2.44816e-06
 2.44816e-06
 2.44816e-06
 2.44816e-06
 2.44816e-06
 2.44816e-06
 2.44816e-06
 2.44816e-06
 2.44816e-06
 2.44816e-06
 2.44816e-06
 2.44816e-06
 2.44816e-06
 2.44816e-06
 2.44816e-06
 2.44816e-06
 2.44816e-06
 2.44816e-06
 2.44816e-06
 2.44816e-06
 2.44816e-06
 2.44816e-06
 2.44816e-06
 2.44816e-06
 2.44816e-06
 2.44816e-06
 2.44816e-06
 2.44816e-06
 2.44816e-06
 2.44816e-06
 2.44816e-06
 2.44816e-06
 2.44816e-06
 2.44816e-06
 2.44816e-06
 2.44816e-06
 2.44816e-06
 2.44816e-06
 2.44816e-06
 2.44816e-06
 2.44816e-06
 2.44816e-06
 2.44816e-06
 2.44816e-06
 2.44816e-06
 2.44816e-06
 2.44816e-06
 2.44816e-06
 2.44816e-06
 2.44816e-06
 2.44816e-06
 2.44816e-06
 2.44816e-06
 2.44816e-06
 2.44816e-06
 2.44816e-06
 2.44816e-06
 2.44816e-06
 2.44816e-06
 2.44816e-06
 2.44816e-06
 2.44816e-06
 2.44816e-06
 2.44816e-06
 2.44816e-06
 2.44816e-06
 2.44816e-06
 2.44816e-06
 2.44816e-06
 2.44816e-06
 2.44816e-06
 2.44816e-06
 2.44816e-06
 2.44816e-06
 2.44816e-06
 2.44816e-06
 2.44816e-06
 2.44816e-06
 2.44816e-06
 2.44816e-06
 2.44816e-06
 2.44816e-06
 2.44816e-06
 2.44816e-06
 2.44816e-06
 2.44816e-06
 2.44816e-06
 2.44816e-06
 2.44816e-06
 2.44816e-06
 2.44816e-06
 2.44816e-06
 2.44816e-06
 2.44816e-06
 2.44816e-06
 2.44816e-06
 2.44816e-06
 2.44816e-06
 2.44816e-06
 2.44816e-06
 2.44816e-06
 2.44816e-06
 2.44816e-06
 2.44816e-06
 2.44816e-06
 2.44816e-06
 2.44816e-06
 2.44816e-06
 2.44816e-06
 2.44816e-06
 2.44816e-06
 2.44816e-06
 2.44816e-06
 2.44816e-06
 2.44816e-06
 2.44816e-06
 2.44816e-06
 2.44816e-06
 2.44816e-06
 2.44816e-06
 2.44816e-06
 2.44816e-06
 2.44816e-06
 2.44816e-06
 2.44816e-06
 2.44816e-06
 2.44816e-06
 2.44816e-06
 2.44816e-06
 2.44816e-06
 2.44816e-06
 2.44816e-06
 2.44816e-06
 2.44816e-06
 2.44816e-06
 2.44816e-06
 2.44816e-06
 2.44816e-06
 2.44816e-06
 2.44816e-06
 2.44816e-06
 2.44816e-06
 2.44816e-06
 2.44816e-06
 2.44816e-06
 2.44816e-06
 2.44816e-06
 2.44816e-06
 2.44816e-06
 2.44816e-06
 2.44816e-06
 2.44816e-06
 2.44816e-06
 2.44816e-06
 2.44816e-06
 2.44816e-06
 2.44816e-06
 2.44816e-06
 2.44816e-06
 2.44816e-06
 2.44816e-06
 2.44816e-06
 2.44816e-06
 2.44816e-06
 2.44816e-06
 2.44816e-06
 2.44816e-06
 2.44816e-06
 2.44816e-06
 2.44816e-06
 2.44816e-06
 2.44816e-06
 2.44816e-06
 2.44816e-06
 2.44816e-06
 2.44816e-06
 2.44816e-06
 2.44816e-06
 2.44816e-06
 2.44816e-06
 2.44816e-06
 2.44816e-06
 2.44816e-06
 2.44816e-06
 2.44816e-06
 2.44816e-06
 2.44816e-06
 2.44816e-06
 2.44816e-06
 2.44816e-06
 2.44816e-06
 2.44816e-06
 2.44816e-06
 2.44816e-06
 2.44816e-06
 2.44816e-06
 2.44816e-06
 2.44816e-06
 2.44816e-06
 2.44816e-06
 2.44816e-06
 2.44816e-06
 2.44816e-06
 2.44816e-06
 2.44816e-06
 2.44816e-06
 2.44816e-06
 2.44816e-06
 2.44816e-06
 2.44816e-06
 2.44816e-06
 2.44816e-06
 2.44816e-06
 2.44816e-06
 2.44816e-06
 2.44816e-06
 2.44816e-06
 2.44816e-06
 2.44816e-06
 2.44816e-06
 2.44816e-06
 2.44816e-06
 2.44816e-06
 2.44816e-06
 2.44816e-06
 2.44816e-06
 2.44816e-06
 2.44816e-06
 2.44816e-06
 2.44816e-06
 2.44816e-06
 2.44816e-06
 2.44816e-06
 2.44816e-06
 2.44816e-06
 2.44816e-06
 2.44816e-06
 2.44816e-06
 2.44816e-06
 2.44816e-06
 2.44816e-06
 2.44816e-06
 2.44816e-06
 2.44816e-06
 2.44816e-06
 2.44816e-06
 2.44816e-06
 2.44816e-06
 2.44816e-06
 2.44816e-06
 2.44816e-06
 2.44816e-06
 2.44816e-06
 2.44816e-06
 2.44816e-06
 2.44816e-06
 2.44816e-06
 2.44816e-06
 2.44816e-06
 2.44816e-06
 2.44816e-06
 2.44816e-06
 2.44816e-06
 2.44816e-06
 2.44816e-06
 2.44816e-06
 2.44816e-06
 2.44816e-06
 2.44816e-06
 2.44816e-06
 2.44816e-06
 2.44816e-06
 2.44816e-06
 2.44816e-06
 2.44816e-06
 2.44816e-06
 2.44816e-06
 2.44816e-06
 2.44816e-06
 2.44816e-06
 2.44816e-06
 2.44816e-06
 2.44816e-06
 2.44816e-06
 2.44816e-06
 2.44816e-06
 2.44816e-06
 2.44816e-06
 2.44816e-06
 2.44816e-06
 2.44816e-06
 2.44816e-06
 2.44816e-06
 2.44816e-06
 2.44816e-06
 2.44816e-06
 2.44816e-06
 2.44816e-06
 2.44816e-06
 2.44816e-06
 2.44816e-06
 2.44816e-06
 2.44816e-06
 2.44816e-06
 2.44816e-06
 2.44816e-06
 2.44816e-06
 2.44816e-06
 2.44816e-06
 2.44816e-06
 2.44816e-06
 2.44816e-06
 2.44816e-06
 2.44816e-06
 2.44816e-06
 2.44816e-06
 2.44816e-06
 2.44816e-06
 2.44816e-06
 2.44816e-06
 2.44816e-06
 2.44816e-06
 2.44816e-06
 2.44816e-06
 2.44816e-06
 2.44816e-06
 2.44816e-06
 2.44816e-06
 2.44816e-06
 2.44816e-06
 2.44816e-06
 2.44816e-06
 2.44816e-06
 2.44816e-06
 2.44816e-06
 2.44816e-06
 2.44816e-06
 2.44816e-06
 2.44816e-06
 2.44816e-06
 2.44816e-06
 2.44816e-06
 2.44816e-06
 2.44816e-06
 2.44816e-06
 2.44816e-06
 2.44816e-06
 2.44816e-06
 2.44816e-06
 2.44816e-06
 2.44816e-06
 2.44816e-06
 2.44816e-06
 2.44816e-06
 2.44816e-06
 2.44816e-06
 2.44816e-06
 2.44816e-06
 2.44816e-06
 2.44816e-06
 2.44816e-06
 2.44816e-06
 2.44816e-06
 2.44816e-06
 2.44816e-06
 2.44816e-06
 2.44816e-06
 2.44816e-06
 2.44816e-06
 2.44816e-06
 2.44816e-06
 2.44816e-06
 2.44816e-06
 2.44816e-06
 2.44816e-06
 2.44816e-06
 2.44816e-06
 2.44816e-06
 2.44816e-06
 2.44816e-06
 2.44816e-06
 2.44816e-06
 2.44816e-06
 2.44816e-06
 2.44816e-06
 2.44816e-06
 2.44816e-06
 2.44816e-06
 2.44816e-06
 2.44816e-06
 2.44816e-06
 2.44816e-06
 2.44816e-06
 2.44816e-06
 2.44816e-06
 2.44816e-06
 2.44816e-06
 2.44816e-06
 2.44816e-06
 2.44816e-06
 2.44816e-06
 2.44816e-06
 2.44816e-06
 2.44816e-06
 2.44816e-06
 2.44816e-06
 2.44816e-06
 2.44816e-06
 2.44816e-06
 2.44816e-06
 2.44816e-06
 2.44816e-06
 2.44816e-06
 2.44816e-06
 2.44816e-06
 2.44816e-06
 2.44816e-06
 2.44816e-06
 2.44816e-06
 2.44816e-06
 2.44816e-06
 2.44816e-06
 2.44816e-06
 2.44816e-06
 2.44816e-06
 2.44816e-06
 2.44816e-06
 2.44816e-06
 2.44816e-06
 2.44816e-06
 2.44816e-06
 2.44816e-06
 2.44816e-06
 2.44816e-06
 2.44816e-06
 2.44816e-06
 2.44816e-06
 2.44816e-06
 2.44816e-06
 2.44816e-06
 2.44816e-06
 2.44816e-06
 2.44816e-06
 2.44816e-06
 2.44816e-06
 2.44816e-06
 2.44816e-06
 2.44816e-06
 2.44816e-06
 2.44816e-06
 2.44816e-06
 2.44816e-06
 2.44816e-06
 2.44816e-06
 2.44816e-06
 2.44816e-06
 2.44816e-06
 2.44816e-06
 2.44816e-06
 2.44816e-06
 2.44816e-06
 2.44816e-06
 2.44816e-06
 2.44816e-06
 2.44816e-06
 2.44816e-06
 2.44816e-06
 2.44816e-06
 2.44816e-06
 2.44816e-06
 2.44816e-06
 2.44816e-06
 2.44816e-06
 2.44816e-06
 2.44816e-06
 2.44816e-06
 2.44816e-06
 2.44816e-06
 2.44816e-06
 2.44816e-06
 2.44816e-06
 2.44816e-06
 2.44816e-06
 2.44816e-06
 2.44816e-06
 2.44816e-06
 2.44816e-06
 2.44816e-06
 2.44816e-06
 2.44816e-06
 2.44816e-06
 2.44816e-06
 2.44816e-06
 2.44816e-06
 2.44816e-06
 2.44816e-06
 2.44816e-06
 2.44816e-06
 2.44816e-06
 2.44816e-06
 2.44816e-06
 2.44816e-06
 2.44816e-06
 2.44816e-06
 2.44816e-06
 2.44816e-06
 2.44816e-06
 2.44816e-06
 2.44816e-06
 2.44816e-06
 2.44816e-06
 2.44816e-06
