NodeMass
part
         1
coordinates
 5.00000e-07
 1.00000e-06
 1.00000e-06
 1.00000e-06
 1.00000e-06
 1.00000e-06
 1.00000e-06
 1.00000e-06
 1.00000e-06
 1.00000e-06
 1.00000e-06
 1.00000e-06
 1.00000e-06
 1.00000e-06
 1.00000e-06
 1.00000e-06
 1.00000e-06
 9.99999e-07
 9.99993e-07
 9.99962e-07
 9.99817e-07
 9.99215e-07
 9.97065e-07
 9.90736e-07
 9.76100e-07
 9.50153e-07
 9.14173e-07
 8.72799e-07
 8.30401e-07
 1.00000e-06
 2.00000e-06
 2.00000e-06
 2.00000e-06
 2.00000e-06
 2.00000e-06
 2.00000e-06
 2.00000e-06
 2.00000e-06
 2.00000e-06
 2.00000e-06
 2.00000e-06
 2.00000e-06
 2.00000e-06
 2.00000e-06
 2.00000e-06
 2.00000e-06
 2.00000e-06
 1.99999e-06
 1.99992e-06
 1.99963e-06
 1.99843e-06
 1.99413e-06
 1.98147e-06
 1.95220e-06
 1.90031e-06
 1.82835e-06
 1.74560e-06
 1.66080e-06
 1.00000e-06
 2.00000e-06
 2.00000e-06
 2.00000e-06
 2.00000e-06
 2.00000e-06
 2.00000e-06
 2.00000e-06
 2.00000e-06
 2.00000e-06
 2.00000e-06
 2.00000e-06
 2.00000e-06
 2.00000e-06
 2.00000e-06
 2.00000e-06
 2.00000e-06
 2.00000e-06
 1.99999e-06
 1.99992e-06
 1.99963e-06
 1.99843e-06
 1.99413e-06
 1.98147e-06
 1.95220e-06
 1.90031e-06
 1.82835e-06
 1.74560e-06
 1.66080e-06
 1.00000e-06
 2.00000e-06
 2.00000e-06
 2.00000e-06
 2.00000e-06
 2.00000e-06
 2.00000e-06
 2.00000e-06
 2.00000e-06
 2.00000e-06
 2.00000e-06
 2.00000e-06
 2.00000e-06
 2.00000e-06
 2.00000e-06
 2.00000e-06
 2.00000e-06
 2.00000e-06
 1.99999e-06
 1.99992e-06
 1.99963e-06
 1.99843e-06
 1.99413e-06
 1.98147e-06
 1.95220e-06
 1.90031e-06
 1.82835e-06
 1.74560e-06
 1.66080e-06
 1.00000e-06
 2.00000e-06
 2.00000e-06
 2.00000e-06
 2.00000e-06
 2.00000e-06
 2.00000e-06
 2.00000e-06
 2.00000e-06
 2.00000e-06
 2.00000e-06
 2.00000e-06
 2.00000e-06
 2.00000e-06
 2.00000e-06
 2.00000e-06
 2.00000e-06
 2.00000e-06
 1.99999e-06
 1.99992e-06
 1.99963e-06
 1.99843e-06
 1.99413e-06
 1.98147e-06
 1.95220e-06
 1.90031e-06
 1.82835e-06
 1.74560e-06
 1.66080e-06
 5.00000e-07
 1.00000e-06
 1.00000e-06
 1.00000e-06
 1.00000e-06
 1.00000e-06
 1.00000e-06
 1.00000e-06
 1.00000e-06
 1.00000e-06
 1.00000e-06
 1.00000e-06
 1.00000e-06
 1.00000e-06
 1.00000e-06
 1.00000e-06
 1.00000e-06
 9.99999e-07
 9.99993e-07
 9.99962e-07
 9.99817e-07
 9.99215e-07
 9.97065e-07
 9.90736e-07
 9.76100e-07
 9.50153e-07
 9.14173e-07
 8.72799e-07
 8.30401e-07
 1.00000e-06
 2.00000e-06
 2.00000e-06
 2.00000e-06
 2.00000e-06
 2.00000e-06
 2.00000e-06
 2.00000e-06
 2.00000e-06
 2.00000e-06
 2.00000e-06
 2.00000e-06
 2.00000e-06
 2.00000e-06
 2.00000e-06
 2.00000e-06
 2.00000e-06
 2.00000e-06
 1.99999e-06
 1.99992e-06
 1.99963e-06
 1.99843e-06
 1.99413e-06
 1.98147e-06
 1.95220e-06
 1.90031e-06
 1.82835e-06
 1.74560e-06
 1.66080e-06
 2.00000e-06
 4.00000e-06
 4.00000e-06
 4.00000e-06
 4.00000e-06
 4.00000e-06
 4.00000e-06
 4.00000e-06
 4.00000e-06
 4.00000e-06
 4.00000e-06
 4.00000e-06
 4.00000e-06
 4.00000e-06
 4.00000e-06
 4.00000e-06
 4.00000e-06
 4.00000e-06
 3.99997e-06
 3.99985e-06
 3.99927e-06
 3.99686e-06
 3.98826e-06
 3.96294e-06
 3.90440e-06
 3.80061e-06
 3.65669e-06
 3.49119e-06
 3.32161e-06
 2.00000e-06
 4.00000e-06
 4.00000e-06
 4.00000e-06
 4.00000e-06
 4.00000e-06
 4.00000e-06
 4.00000e-06
 4.00000e-06
 4.00000e-06
 4.00000e-06
 4.00000e-06
 4.00000e-06
 4.00000e-06
 4.00000e-06
 4.00000e-06
 4.00000e-06
 4.00000e-06
 3.99997e-06
 3.99985e-06
 3.99927e-06
 3.99686e-06
 3.98826e-06
 3.96294e-06
 3.90440e-06
 3.80061e-06
 3.65669e-06
 3.49119e-06
 3.32161e-06
 2.00000e-06
 4.00000e-06
 4.00000e-06
 4.00000e-06
 4.00000e-06
 4.00000e-06
 4.00000e-06
 4.00000e-06
 4.00000e-06
 4.00000e-06
 4.00000e-06
 4.00000e-06
 4.00000e-06
 4.00000e-06
 4.00000e-06
 4.00000e-06
 4.00000e-06
 4.00000e-06
 3.99997e-06
 3.99985e-06
 3.99927e-06
 3.99686e-06
 3.98826e-06
 3.96294e-06
 3.90440e-06
 3.80061e-06
 3.65669e-06
 3.49119e-06
 3.32161e-06
 2.00000e-06
 4.00000e-06
 4.00000e-06
 4.00000e-06
 4.00000e-06
 4.00000e-06
 4.00000e-06
 4.00000e-06
 4.00000e-06
 4.00000e-06
 4.00000e-06
 4.00000e-06
 4.00000e-06
 4.00000e-06
 4.00000e-06
 4.00000e-06
 4.00000e-06
 4.00000e-06
 3.99997e-06
 3.99985e-06
 3.99927e-06
 3.99686e-06
 3.98826e-06
 3.96294e-06
 3.90440e-06
 3.80061e-06
 3.65669e-06
 3.49119e-06
 3.32161e-06
 1.00000e-06
 2.00000e-06
 2.00000e-06
 2.00000e-06
 2.00000e-06
 2.00000e-06
 2.00000e-06
 2.00000e-06
 2.00000e-06
 2.00000e-06
 2.00000e-06
 2.00000e-06
 2.00000e-06
 2.00000e-06
 2.00000e-06
 2.00000e-06
 2.00000e-06
 2.00000e-06
 1.99999e-06
 1.99992e-06
 1.99963e-06
 1.99843e-06
 1.99413e-06
 1.98147e-06
 1.95220e-06
 1.90031e-06
 1.82835e-06
 1.74560e-06
 1.66080e-06
 1.00000e-06
 2.00000e-06
 2.00000e-06
 2.00000e-06
 2.00000e-06
 2.00000e-06
 2.00000e-06
 2.00000e-06
 2.00000e-06
 2.00000e-06
 2.00000e-06
 2.00000e-06
 2.00000e-06
 2.00000e-06
 2.00000e-06
 2.00000e-06
 2.00000e-06
 2.00000e-06
 1.99999e-06
 1.99992e-06
 1.99963e-06
 1.99843e-06
 1.99413e-06
 1.98147e-06
 1.95220e-06
 1.90031e-06
 1.82835e-06
 1.74560e-06
 1.66080e-06
 2.00000e-06
 4.00000e-06
 4.00000e-06
 4.00000e-06
 4.00000e-06
 4.00000e-06
 4.00000e-06
 4.00000e-06
 4.00000e-06
 4.00000e-06
 4.00000e-06
 4.00000e-06
 4.00000e-06
 4.00000e-06
 4.00000e-06
 4.00000e-06
 4.00000e-06
 4.00000e-06
 3.99997e-06
 3.99985e-06
 3.99927e-06
 3.99686e-06
 3.98826e-06
 3.96294e-06
 3.90440e-06
 3.80061e-06
 3.65669e-06
 3.49119e-06
 3.32161e-06
 2.00000e-06
 4.00000e-06
 4.00000e-06
 4.00000e-06
 4.00000e-06
 4.00000e-06
 4.00000e-06
 4.00000e-06
 4.00000e-06
 4.00000e-06
 4.00000e-06
 4.00000e-06
 4.00000e-06
 4.00000e-06
 4.00000e-06
 4.00000e-06
 4.00000e-06
 4.00000e-06
 3.99997e-06
 3.99985e-06
 3.99927e-06
 3.99686e-06
 3.98826e-06
 3.96294e-06
 3.90440e-06
 3.80061e-06
 3.65669e-06
 3.49119e-06
 3.32161e-06
 2.00000e-06
 4.00000e-06
 4.00000e-06
 4.00000e-06
 4.00000e-06
 4.00000e-06
 4.00000e-06
 4.00000e-06
 4.00000e-06
 4.00000e-06
 4.00000e-06
 4.00000e-06
 4.00000e-06
 4.00000e-06
 4.00000e-06
 4.00000e-06
 4.00000e-06
 4.00000e-06
 3.99997e-06
 3.99985e-06
 3.99927e-06
 3.99686e-06
 3.98826e-06
 3.96294e-06
 3.90440e-06
 3.80061e-06
 3.65669e-06
 3.49119e-06
 3.32161e-06
 2.00000e-06
 4.00000e-06
 4.00000e-06
 4.00000e-06
 4.00000e-06
 4.00000e-06
 4.00000e-06
 4.00000e-06
 4.00000e-06
 4.00000e-06
 4.00000e-06
 4.00000e-06
 4.00000e-06
 4.00000e-06
 4.00000e-06
 4.00000e-06
 4.00000e-06
 4.00000e-06
 3.99997e-06
 3.99985e-06
 3.99927e-06
 3.99686e-06
 3.98826e-06
 3.96294e-06
 3.90440e-06
 3.80061e-06
 3.65669e-06
 3.49119e-06
 3.32161e-06
 1.00000e-06
 2.00000e-06
 2.00000e-06
 2.00000e-06
 2.00000e-06
 2.00000e-06
 2.00000e-06
 2.00000e-06
 2.00000e-06
 2.00000e-06
 2.00000e-06
 2.00000e-06
 2.00000e-06
 2.00000e-06
 2.00000e-06
 2.00000e-06
 2.00000e-06
 2.00000e-06
 1.99999e-06
 1.99992e-06
 1.99963e-06
 1.99843e-06
 1.99413e-06
 1.98147e-06
 1.95220e-06
 1.90031e-06
 1.82835e-06
 1.74560e-06
 1.66080e-06
 1.00000e-06
 2.00000e-06
 2.00000e-06
 2.00000e-06
 2.00000e-06
 2.00000e-06
 2.00000e-06
 2.00000e-06
 2.00000e-06
 2.00000e-06
 2.00000e-06
 2.00000e-06
 2.00000e-06
 2.00000e-06
 2.00000e-06
 2.00000e-06
 2.00000e-06
 2.00000e-06
 1.99999e-06
 1.99992e-06
 1.99963e-06
 1.99843e-06
 1.99413e-06
 1.98147e-06
 1.95220e-06
 1.90031e-06
 1.82835e-06
 1.74560e-06
 1.66080e-06
 2.00000e-06
 4.00000e-06
 4.00000e-06
 4.00000e-06
 4.00000e-06
 4.00000e-06
 4.00000e-06
 4.00000e-06
 4.00000e-06
 4.00000e-06
 4.00000e-06
 4.00000e-06
 4.00000e-06
 4.00000e-06
 4.00000e-06
 4.00000e-06
 4.00000e-06
 4.00000e-06
 3.99997e-06
 3.99985e-06
 3.99927e-06
 3.99686e-06
 3.98826e-06
 3.96294e-06
 3.90440e-06
 3.80061e-06
 3.65669e-06
 3.49119e-06
 3.32161e-06
 2.00000e-06
 4.00000e-06
 4.00000e-06
 4.00000e-06
 4.00000e-06
 4.00000e-06
 4.00000e-06
 4.00000e-06
 4.00000e-06
 4.00000e-06
 4.00000e-06
 4.00000e-06
 4.00000e-06
 4.00000e-06
 4.00000e-06
 4.00000e-06
 4.00000e-06
 4.00000e-06
 3.99997e-06
 3.99985e-06
 3.99927e-06
 3.99686e-06
 3.98826e-06
 3.96294e-06
 3.90440e-06
 3.80061e-06
 3.65669e-06
 3.49119e-06
 3.32161e-06
 2.00000e-06
 4.00000e-06
 4.00000e-06
 4.00000e-06
 4.00000e-06
 4.00000e-06
 4.00000e-06
 4.00000e-06
 4.00000e-06
 4.00000e-06
 4.00000e-06
 4.00000e-06
 4.00000e-06
 4.00000e-06
 4.00000e-06
 4.00000e-06
 4.00000e-06
 4.00000e-06
 3.99997e-06
 3.99985e-06
 3.99927e-06
 3.99686e-06
 3.98826e-06
 3.96294e-06
 3.90440e-06
 3.80061e-06
 3.65669e-06
 3.49119e-06
 3.32161e-06
 2.00000e-06
 4.00000e-06
 4.00000e-06
 4.00000e-06
 4.00000e-06
 4.00000e-06
 4.00000e-06
 4.00000e-06
 4.00000e-06
 4.00000e-06
 4.00000e-06
 4.00000e-06
 4.00000e-06
 4.00000e-06
 4.00000e-06
 4.00000e-06
 4.00000e-06
 4.00000e-06
 3.99997e-06
 3.99985e-06
 3.99927e-06
 3.99686e-06
 3.98826e-06
 3.96294e-06
 3.90440e-06
 3.80061e-06
 3.65669e-06
 3.49119e-06
 3.32161e-06
 1.00000e-06
 2.00000e-06
 2.00000e-06
 2.00000e-06
 2.00000e-06
 2.00000e-06
 2.00000e-06
 2.00000e-06
 2.00000e-06
 2.00000e-06
 2.00000e-06
 2.00000e-06
 2.00000e-06
 2.00000e-06
 2.00000e-06
 2.00000e-06
 2.00000e-06
 2.00000e-06
 1.99999e-06
 1.99992e-06
 1.99963e-06
 1.99843e-06
 1.99413e-06
 1.98147e-06
 1.95220e-06
 1.90031e-06
 1.82835e-06
 1.74560e-06
 1.66080e-06
 1.00000e-06
 2.00000e-06
 2.00000e-06
 2.00000e-06
 2.00000e-06
 2.00000e-06
 2.00000e-06
 2.00000e-06
 2.00000e-06
 2.00000e-06
 2.00000e-06
 2.00000e-06
 2.00000e-06
 2.00000e-06
 2.00000e-06
 2.00000e-06
 2.00000e-06
 2.00000e-06
 1.99999e-06
 1.99992e-06
 1.99963e-06
 1.99843e-06
 1.99413e-06
 1.98147e-06
 1.95220e-06
 1.90031e-06
 1.82835e-06
 1.74560e-06
 1.66080e-06
 2.00000e-06
 4.00000e-06
 4.00000e-06
 4.00000e-06
 4.00000e-06
 4.00000e-06
 4.00000e-06
 4.00000e-06
 4.00000e-06
 4.00000e-06
 4.00000e-06
 4.00000e-06
 4.00000e-06
 4.00000e-06
 4.00000e-06
 4.00000e-06
 4.00000e-06
 4.00000e-06
 3.99997e-06
 3.99985e-06
 3.99927e-06
 3.99686e-06
 3.98826e-06
 3.96294e-06
 3.90440e-06
 3.80061e-06
 3.65669e-06
 3.49119e-06
 3.32161e-06
 2.00000e-06
 4.00000e-06
 4.00000e-06
 4.00000e-06
 4.00000e-06
 4.00000e-06
 4.00000e-06
 4.00000e-06
 4.00000e-06
 4.00000e-06
 4.00000e-06
 4.00000e-06
 4.00000e-06
 4.00000e-06
 4.00000e-06
 4.00000e-06
 4.00000e-06
 4.00000e-06
 3.99997e-06
 3.99985e-06
 3.99927e-06
 3.99686e-06
 3.98826e-06
 3.96294e-06
 3.90440e-06
 3.80061e-06
 3.65669e-06
 3.49119e-06
 3.32161e-06
 2.00000e-06
 4.00000e-06
 4.00000e-06
 4.00000e-06
 4.00000e-06
 4.00000e-06
 4.00000e-06
 4.00000e-06
 4.00000e-06
 4.00000e-06
 4.00000e-06
 4.00000e-06
 4.00000e-06
 4.00000e-06
 4.00000e-06
 4.00000e-06
 4.00000e-06
 4.00000e-06
 3.99997e-06
 3.99985e-06
 3.99927e-06
 3.99686e-06
 3.98826e-06
 3.96294e-06
 3.90440e-06
 3.80061e-06
 3.65669e-06
 3.49119e-06
 3.32161e-06
 2.00000e-06
 4.00000e-06
 4.00000e-06
 4.00000e-06
 4.00000e-06
 4.00000e-06
 4.00000e-06
 4.00000e-06
 4.00000e-06
 4.00000e-06
 4.00000e-06
 4.00000e-06
 4.00000e-06
 4.00000e-06
 4.00000e-06
 4.00000e-06
 4.00000e-06
 4.00000e-06
 3.99997e-06
 3.99985e-06
 3.99927e-06
 3.99686e-06
 3.98826e-06
 3.96294e-06
 3.90440e-06
 3.80061e-06
 3.65669e-06
 3.49119e-06
 3.32161e-06
 1.00000e-06
 2.00000e-06
 2.00000e-06
 2.00000e-06
 2.00000e-06
 2.00000e-06
 2.00000e-06
 2.00000e-06
 2.00000e-06
 2.00000e-06
 2.00000e-06
 2.00000e-06
 2.00000e-06
 2.00000e-06
 2.00000e-06
 2.00000e-06
 2.00000e-06
 2.00000e-06
 1.99999e-06
 1.99992e-06
 1.99963e-06
 1.99843e-06
 1.99413e-06
 1.98147e-06
 1.95220e-06
 1.90031e-06
 1.82835e-06
 1.74560e-06
 1.66080e-06
 5.00000e-07
 1.00000e-06
 1.00000e-06
 1.00000e-06
 1.00000e-06
 1.00000e-06
 1.00000e-06
 1.00000e-06
 1.00000e-06
 1.00000e-06
 1.00000e-06
 1.00000e-06
 1.00000e-06
 1.00000e-06
 1.00000e-06
 1.00000e-06
 1.00000e-06
 9.99999e-07
 9.99993e-07
 9.99962e-07
 9.99817e-07
 9.99215e-07
 9.97065e-07
 9.90736e-07
 9.76100e-07
 9.50153e-07
 9.14173e-07
 8.72799e-07
 8.30401e-07
 1.00000e-06
 2.00000e-06
 2.00000e-06
 2.00000e-06
 2.00000e-06
 2.00000e-06
 2.00000e-06
 2.00000e-06
 2.00000e-06
 2.00000e-06
 2.00000e-06
 2.00000e-06
 2.00000e-06
 2.00000e-06
 2.00000e-06
 2.00000e-06
 2.00000e-06
 2.00000e-06
 1.99999e-06
 1.99992e-06
 1.99963e-06
 1.99843e-06
 1.99413e-06
 1.98147e-06
 1.95220e-06
 1.90031e-06
 1.82835e-06
 1.74560e-06
 1.66080e-06
 1.00000e-06
 2.00000e-06
 2.00000e-06
 2.00000e-06
 2.00000e-06
 2.00000e-06
 2.00000e-06
 2.00000e-06
 2.00000e-06
 2.00000e-06
 2.00000e-06
 2.00000e-06
 2.00000e-06
 2.00000e-06
 2.00000e-06
 2.00000e-06
 2.00000e-06
 2.00000e-06
 1.99999e-06
 1.99992e-06
 1.99963e-06
 1.99843e-06
 1.99413e-06
 1.98147e-06
 1.95220e-06
 1.90031e-06
 1.82835e-06
 1.74560e-06
 1.66080e-06
 1.00000e-06
 2.00000e-06
 2.00000e-06
 2.00000e-06
 2.00000e-06
 2.00000e-06
 2.00000e-06
 2.00000e-06
 2.00000e-06
 2.00000e-06
 2.00000e-06
 2.00000e-06
 2.00000e-06
 2.00000e-06
 2.00000e-06
 2.00000e-06
 2.00000e-06
 2.00000e-06
 1.99999e-06
 1.99992e-06
 1.99963e-06
 1.99843e-06
 1.99413e-06
 1.98147e-06
 1.95220e-06
 1.90031e-06
 1.82835e-06
 1.74560e-06
 1.66080e-06
 1.00000e-06
 2.00000e-06
 2.00000e-06
 2.00000e-06
 2.00000e-06
 2.00000e-06
 2.00000e-06
 2.00000e-06
 2.00000e-06
 2.00000e-06
 2.00000e-06
 2.00000e-06
 2.00000e-06
 2.00000e-06
 2.00000e-06
 2.00000e-06
 2.00000e-06
 2.00000e-06
 1.99999e-06
 1.99992e-06
 1.99963e-06
 1.99843e-06
 1.99413e-06
 1.98147e-06
 1.95220e-06
 1.90031e-06
 1.82835e-06
 1.74560e-06
 1.66080e-06
 5.00000e-07
 1.00000e-06
 1.00000e-06
 1.00000e-06
 1.00000e-06
 1.00000e-06
 1.00000e-06
 1.00000e-06
 1.00000e-06
 1.00000e-06
 1.00000e-06
 1.00000e-06
 1.00000e-06
 1.00000e-06
 1.00000e-06
 1.00000e-06
 1.00000e-06
 9.99999e-07
 9.99993e-07
 9.99962e-07
 9.99817e-07
 9.99215e-07
 9.97065e-07
 9.90736e-07
 9.76100e-07
 9.50153e-07
 9.14173e-07
 8.72799e-07
 8.30401e-07
part
         2
coordinates
 9.97065e-07
 9.90736e-07
 9.76100e-07
 9.50153e-07
 9.14173e-07
 8.72799e-07
 8.30401e-07
 7.89349e-07
 7.50461e-07
 7.13861e-07
 6.79487e-07
 6.47276e-07
 6.17204e-07
 5.89306e-07
 5.63671e-07
 5.40466e-07
 5.19907e-07
 5.02092e-07
 4.86320e-07
 4.72084e-07
 4.65502e-07
 4.66141e-07
 4.67147e-07
 4.68607e-07
 4.70504e-07
 4.72217e-07
 4.73923e-07
 4.75767e-07
 4.77581e-07
 4.79267e-07
 4.80865e-07
 4.82371e-07
 1.99413e-06
 1.98147e-06
 1.95220e-06
 1.90031e-06
 1.82835e-06
 1.74560e-06
 1.66080e-06
 1.57870e-06
 1.50092e-06
 1.42772e-06
 1.35897e-06
 1.29455e-06
 1.23441e-06
 1.17861e-06
 1.12734e-06
 1.08093e-06
 1.03981e-06
 1.00418e-06
 9.72640e-07
 9.44167e-07
 9.31005e-07
 9.32282e-07
 9.34294e-07
 9.37215e-07
 9.41008e-07
 9.44434e-07
 9.47845e-07
 9.51534e-07
 9.55162e-07
 9.58535e-07
 9.61729e-07
 9.64743e-07
 1.99413e-06
 1.98147e-06
 1.95220e-06
 1.90031e-06
 1.82835e-06
 1.74560e-06
 1.66080e-06
 1.57870e-06
 1.50092e-06
 1.42772e-06
 1.35897e-06
 1.29455e-06
 1.23441e-06
 1.17861e-06
 1.12734e-06
 1.08093e-06
 1.03981e-06
 1.00418e-06
 9.72640e-07
 9.44167e-07
 9.31005e-07
 9.32282e-07
 9.34294e-07
 9.37215e-07
 9.41008e-07
 9.44434e-07
 9.47845e-07
 9.51534e-07
 9.55162e-07
 9.58535e-07
 9.61729e-07
 9.64743e-07
 1.99413e-06
 1.98147e-06
 1.95220e-06
 1.90031e-06
 1.82835e-06
 1.74560e-06
 1.66080e-06
 1.57870e-06
 1.50092e-06
 1.42772e-06
 1.35897e-06
 1.29455e-06
 1.23441e-06
 1.17861e-06
 1.12734e-06
 1.08093e-06
 1.03981e-06
 1.00418e-06
 9.72640e-07
 9.44167e-07
 9.31005e-07
 9.32282e-07
 9.34294e-07
 9.37215e-07
 9.41008e-07
 9.44434e-07
 9.47845e-07
 9.51534e-07
 9.55162e-07
 9.58535e-07
 9.61729e-07
 9.64743e-07
 1.99413e-06
 1.98147e-06
 1.95220e-06
 1.90031e-06
 1.82835e-06
 1.74560e-06
 1.66080e-06
 1.57870e-06
 1.50092e-06
 1.42772e-06
 1.35897e-06
 1.29455e-06
 1.23441e-06
 1.17861e-06
 1.12734e-06
 1.08093e-06
 1.03981e-06
 1.00418e-06
 9.72640e-07
 9.44167e-07
 9.31005e-07
 9.32282e-07
 9.34294e-07
 9.37215e-07
 9.41008e-07
 9.44434e-07
 9.47845e-07
 9.51534e-07
 9.55162e-07
 9.58535e-07
 9.61729e-07
 9.64743e-07
 9.97065e-07
 9.90736e-07
 9.76100e-07
 9.50153e-07
 9.14173e-07
 8.72799e-07
 8.30401e-07
 7.89349e-07
 7.50461e-07
 7.13861e-07
 6.79487e-07
 6.47276e-07
 6.17204e-07
 5.89306e-07
 5.63671e-07
 5.40466e-07
 5.19907e-07
 5.02092e-07
 4.86320e-07
 4.72084e-07
 4.65502e-07
 4.66141e-07
 4.67147e-07
 4.68607e-07
 4.70504e-07
 4.72217e-07
 4.73923e-07
 4.75767e-07
 4.77581e-07
 4.79267e-07
 4.80865e-07
 4.82371e-07
 1.99413e-06
 1.98147e-06
 1.95220e-06
 1.90031e-06
 1.82835e-06
 1.74560e-06
 1.66080e-06
 1.57870e-06
 1.50092e-06
 1.42772e-06
 1.35897e-06
 1.29455e-06
 1.23441e-06
 1.17861e-06
 1.12734e-06
 1.08093e-06
 1.03981e-06
 1.00418e-06
 9.72640e-07
 9.44167e-07
 9.31005e-07
 9.32282e-07
 9.34294e-07
 9.37215e-07
 9.41008e-07
 9.44434e-07
 9.47845e-07
 9.51534e-07
 9.55162e-07
 9.58535e-07
 9.61729e-07
 9.64743e-07
 3.98826e-06
 3.96294e-06
 3.90440e-06
 3.80061e-06
 3.65669e-06
 3.49119e-06
 3.32161e-06
 3.15740e-06
 3.00184e-06
 2.85544e-06
 2.71795e-06
 2.58910e-06
 2.46881e-06
 2.35722e-06
 2.25468e-06
 2.16186e-06
 2.07963e-06
 2.00837e-06
 1.94528e-06
 1.88833e-06
 1.86201e-06
 1.86456e-06
 1.86859e-06
 1.87443e-06
 1.88202e-06
 1.88887e-06
 1.89569e-06
 1.90307e-06
 1.91032e-06
 1.91707e-06
 1.92346e-06
 1.92949e-06
 3.98826e-06
 3.96294e-06
 3.90440e-06
 3.80061e-06
 3.65669e-06
 3.49119e-06
 3.32161e-06
 3.15740e-06
 3.00184e-06
 2.85544e-06
 2.71795e-06
 2.58910e-06
 2.46881e-06
 2.35722e-06
 2.25468e-06
 2.16186e-06
 2.07963e-06
 2.00837e-06
 1.94528e-06
 1.88833e-06
 1.86201e-06
 1.86456e-06
 1.86859e-06
 1.87443e-06
 1.88202e-06
 1.88887e-06
 1.89569e-06
 1.90307e-06
 1.91032e-06
 1.91707e-06
 1.92346e-06
 1.92949e-06
 3.98826e-06
 3.96294e-06
 3.90440e-06
 3.80061e-06
 3.65669e-06
 3.49119e-06
 3.32161e-06
 3.15740e-06
 3.00184e-06
 2.85544e-06
 2.71795e-06
 2.58910e-06
 2.46881e-06
 2.35722e-06
 2.25468e-06
 2.16186e-06
 2.07963e-06
 2.00837e-06
 1.94528e-06
 1.88833e-06
 1.86201e-06
 1.86456e-06
 1.86859e-06
 1.87443e-06
 1.88202e-06
 1.88887e-06
 1.89569e-06
 1.90307e-06
 1.91032e-06
 1.91707e-06
 1.92346e-06
 1.92949e-06
 3.98826e-06
 3.96294e-06
 3.90440e-06
 3.80061e-06
 3.65669e-06
 3.49119e-06
 3.32161e-06
 3.15740e-06
 3.00184e-06
 2.85544e-06
 2.71795e-06
 2.58910e-06
 2.46881e-06
 2.35722e-06
 2.25468e-06
 2.16186e-06
 2.07963e-06
 2.00837e-06
 1.94528e-06
 1.88833e-06
 1.86201e-06
 1.86456e-06
 1.86859e-06
 1.87443e-06
 1.88202e-06
 1.88887e-06
 1.89569e-06
 1.90307e-06
 1.91032e-06
 1.91707e-06
 1.92346e-06
 1.92949e-06
 1.99413e-06
 1.98147e-06
 1.95220e-06
 1.90031e-06
 1.82835e-06
 1.74560e-06
 1.66080e-06
 1.57870e-06
 1.50092e-06
 1.42772e-06
 1.35897e-06
 1.29455e-06
 1.23441e-06
 1.17861e-06
 1.12734e-06
 1.08093e-06
 1.03981e-06
 1.00418e-06
 9.72640e-07
 9.44167e-07
 9.31005e-07
 9.32282e-07
 9.34294e-07
 9.37215e-07
 9.41008e-07
 9.44434e-07
 9.47845e-07
 9.51534e-07
 9.55162e-07
 9.58535e-07
 9.61729e-07
 9.64743e-07
 1.99413e-06
 1.98147e-06
 1.95220e-06
 1.90031e-06
 1.82835e-06
 1.74560e-06
 1.66080e-06
 1.57870e-06
 1.50092e-06
 1.42772e-06
 1.35897e-06
 1.29455e-06
 1.23441e-06
 1.17861e-06
 1.12734e-06
 1.08093e-06
 1.03981e-06
 1.00418e-06
 9.72640e-07
 9.44167e-07
 9.31005e-07
 9.32282e-07
 9.34294e-07
 9.37215e-07
 9.41008e-07
 9.44434e-07
 9.47845e-07
 9.51534e-07
 9.55162e-07
 9.58535e-07
 9.61729e-07
 9.64743e-07
 3.98826e-06
 3.96294e-06
 3.90440e-06
 3.80061e-06
 3.65669e-06
 3.49119e-06
 3.32161e-06
 3.15740e-06
 3.00184e-06
 2.85544e-06
 2.71795e-06
 2.58910e-06
 2.46881e-06
 2.35722e-06
 2.25468e-06
 2.16186e-06
 2.07963e-06
 2.00837e-06
 1.94528e-06
 1.88833e-06
 1.86201e-06
 1.86456e-06
 1.86859e-06
 1.87443e-06
 1.88202e-06
 1.88887e-06
 1.89569e-06
 1.90307e-06
 1.91032e-06
 1.91707e-06
 1.92346e-06
 1.92949e-06
 3.98826e-06
 3.96294e-06
 3.90440e-06
 3.80061e-06
 3.65669e-06
 3.49119e-06
 3.32161e-06
 3.15740e-06
 3.00184e-06
 2.85544e-06
 2.71795e-06
 2.58910e-06
 2.46881e-06
 2.35722e-06
 2.25468e-06
 2.16186e-06
 2.07963e-06
 2.00837e-06
 1.94528e-06
 1.88833e-06
 1.86201e-06
 1.86456e-06
 1.86859e-06
 1.87443e-06
 1.88202e-06
 1.88887e-06
 1.89569e-06
 1.90307e-06
 1.91032e-06
 1.91707e-06
 1.92346e-06
 1.92949e-06
 3.98826e-06
 3.96294e-06
 3.90440e-06
 3.80061e-06
 3.65669e-06
 3.49119e-06
 3.32161e-06
 3.15740e-06
 3.00184e-06
 2.85544e-06
 2.71795e-06
 2.58910e-06
 2.46881e-06
 2.35722e-06
 2.25468e-06
 2.16186e-06
 2.07963e-06
 2.00837e-06
 1.94528e-06
 1.88833e-06
 1.86201e-06
 1.86456e-06
 1.86859e-06
 1.87443e-06
 1.88202e-06
 1.88887e-06
 1.89569e-06
 1.90307e-06
 1.91032e-06
 1.91707e-06
 1.92346e-06
 1.92949e-06
 3.98826e-06
 3.96294e-06
 3.90440e-06
 3.80061e-06
 3.65669e-06
 3.49119e-06
 3.32161e-06
 3.15740e-06
 3.00184e-06
 2.85544e-06
 2.71795e-06
 2.58910e-06
 2.46881e-06
 2.35722e-06
 2.25468e-06
 2.16186e-06
 2.07963e-06
 2.00837e-06
 1.94528e-06
 1.88833e-06
 1.86201e-06
 1.86456e-06
 1.86859e-06
 1.87443e-06
 1.88202e-06
 1.88887e-06
 1.89569e-06
 1.90307e-06
 1.91032e-06
 1.91707e-06
 1.92346e-06
 1.92949e-06
 1.99413e-06
 1.98147e-06
 1.95220e-06
 1.90031e-06
 1.82835e-06
 1.74560e-06
 1.66080e-06
 1.57870e-06
 1.50092e-06
 1.42772e-06
 1.35897e-06
 1.29455e-06
 1.23441e-06
 1.17861e-06
 1.12734e-06
 1.08093e-06
 1.03981e-06
 1.00418e-06
 9.72640e-07
 9.44167e-07
 9.31005e-07
 9.32282e-07
 9.34294e-07
 9.37215e-07
 9.41008e-07
 9.44434e-07
 9.47845e-07
 9.51534e-07
 9.55162e-07
 9.58535e-07
 9.61729e-07
 9.64743e-07
 1.99413e-06
 1.98147e-06
 1.95220e-06
 1.90031e-06
 1.82835e-06
 1.74560e-06
 1.66080e-06
 1.57870e-06
 1.50092e-06
 1.42772e-06
 1.35897e-06
 1.29455e-06
 1.23441e-06
 1.17861e-06
 1.12734e-06
 1.08093e-06
 1.03981e-06
 1.00418e-06
 9.72640e-07
 9.44167e-07
 9.31005e-07
 9.32282e-07
 9.34294e-07
 9.37215e-07
 9.41008e-07
 9.44434e-07
 9.47845e-07
 9.51534e-07
 9.55162e-07
 9.58535e-07
 9.61729e-07
 9.64743e-07
 3.98826e-06
 3.96294e-06
 3.90440e-06
 3.80061e-06
 3.65669e-06
 3.49119e-06
 3.32161e-06
 3.15740e-06
 3.00184e-06
 2.85544e-06
 2.71795e-06
 2.58910e-06
 2.46881e-06
 2.35722e-06
 2.25468e-06
 2.16186e-06
 2.07963e-06
 2.00837e-06
 1.94528e-06
 1.88833e-06
 1.86201e-06
 1.86456e-06
 1.86859e-06
 1.87443e-06
 1.88202e-06
 1.88887e-06
 1.89569e-06
 1.90307e-06
 1.91032e-06
 1.91707e-06
 1.92346e-06
 1.92949e-06
 3.98826e-06
 3.96294e-06
 3.90440e-06
 3.80061e-06
 3.65669e-06
 3.49119e-06
 3.32161e-06
 3.15740e-06
 3.00184e-06
 2.85544e-06
 2.71795e-06
 2.58910e-06
 2.46881e-06
 2.35722e-06
 2.25468e-06
 2.16186e-06
 2.07963e-06
 2.00837e-06
 1.94528e-06
 1.88833e-06
 1.86201e-06
 1.86456e-06
 1.86859e-06
 1.87443e-06
 1.88202e-06
 1.88887e-06
 1.89569e-06
 1.90307e-06
 1.91032e-06
 1.91707e-06
 1.92346e-06
 1.92949e-06
 3.98826e-06
 3.96294e-06
 3.90440e-06
 3.80061e-06
 3.65669e-06
 3.49119e-06
 3.32161e-06
 3.15740e-06
 3.00184e-06
 2.85544e-06
 2.71795e-06
 2.58910e-06
 2.46881e-06
 2.35722e-06
 2.25468e-06
 2.16186e-06
 2.07963e-06
 2.00837e-06
 1.94528e-06
 1.88833e-06
 1.86201e-06
 1.86456e-06
 1.86859e-06
 1.87443e-06
 1.88202e-06
 1.88887e-06
 1.89569e-06
 1.90307e-06
 1.91032e-06
 1.91707e-06
 1.92346e-06
 1.92949e-06
 3.98826e-06
 3.96294e-06
 3.90440e-06
 3.80061e-06
 3.65669e-06
 3.49119e-06
 3.32161e-06
 3.15740e-06
 3.00184e-06
 2.85544e-06
 2.71795e-06
 2.58910e-06
 2.46881e-06
 2.35722e-06
 2.25468e-06
 2.16186e-06
 2.07963e-06
 2.00837e-06
 1.94528e-06
 1.88833e-06
 1.86201e-06
 1.86456e-06
 1.86859e-06
 1.87443e-06
 1.88202e-06
 1.88887e-06
 1.89569e-06
 1.90307e-06
 1.91032e-06
 1.91707e-06
 1.92346e-06
 1.92949e-06
 1.99413e-06
 1.98147e-06
 1.95220e-06
 1.90031e-06
 1.82835e-06
 1.74560e-06
 1.66080e-06
 1.57870e-06
 1.50092e-06
 1.42772e-06
 1.35897e-06
 1.29455e-06
 1.23441e-06
 1.17861e-06
 1.12734e-06
 1.08093e-06
 1.03981e-06
 1.00418e-06
 9.72640e-07
 9.44167e-07
 9.31005e-07
 9.32282e-07
 9.34294e-07
 9.37215e-07
 9.41008e-07
 9.44434e-07
 9.47845e-07
 9.51534e-07
 9.55162e-07
 9.58535e-07
 9.61729e-07
 9.64743e-07
 1.99413e-06
 1.98147e-06
 1.95220e-06
 1.90031e-06
 1.82835e-06
 1.74560e-06
 1.66080e-06
 1.57870e-06
 1.50092e-06
 1.42772e-06
 1.35897e-06
 1.29455e-06
 1.23441e-06
 1.17861e-06
 1.12734e-06
 1.08093e-06
 1.03981e-06
 1.00418e-06
 9.72640e-07
 9.44167e-07
 9.31005e-07
 9.32282e-07
 9.34294e-07
 9.37215e-07
 9.41008e-07
 9.44434e-07
 9.47845e-07
 9.51534e-07
 9.55162e-07
 9.58535e-07
 9.61729e-07
 9.64743e-07
 3.98826e-06
 3.96294e-06
 3.90440e-06
 3.80061e-06
 3.65669e-06
 3.49119e-06
 3.32161e-06
 3.15740e-06
 3.00184e-06
 2.85544e-06
 2.71795e-06
 2.58910e-06
 2.46881e-06
 2.35722e-06
 2.25468e-06
 2.16186e-06
 2.07963e-06
 2.00837e-06
 1.94528e-06
 1.88833e-06
 1.86201e-06
 1.86456e-06
 1.86859e-06
 1.87443e-06
 1.88202e-06
 1.88887e-06
 1.89569e-06
 1.90307e-06
 1.91032e-06
 1.91707e-06
 1.92346e-06
 1.92949e-06
 3.98826e-06
 3.96294e-06
 3.90440e-06
 3.80061e-06
 3.65669e-06
 3.49119e-06
 3.32161e-06
 3.15740e-06
 3.00184e-06
 2.85544e-06
 2.71795e-06
 2.58910e-06
 2.46881e-06
 2.35722e-06
 2.25468e-06
 2.16186e-06
 2.07963e-06
 2.00837e-06
 1.94528e-06
 1.88833e-06
 1.86201e-06
 1.86456e-06
 1.86859e-06
 1.87443e-06
 1.88202e-06
 1.88887e-06
 1.89569e-06
 1.90307e-06
 1.91032e-06
 1.91707e-06
 1.92346e-06
 1.92949e-06
 3.98826e-06
 3.96294e-06
 3.90440e-06
 3.80061e-06
 3.65669e-06
 3.49119e-06
 3.32161e-06
 3.15740e-06
 3.00184e-06
 2.85544e-06
 2.71795e-06
 2.58910e-06
 2.46881e-06
 2.35722e-06
 2.25468e-06
 2.16186e-06
 2.07963e-06
 2.00837e-06
 1.94528e-06
 1.88833e-06
 1.86201e-06
 1.86456e-06
 1.86859e-06
 1.87443e-06
 1.88202e-06
 1.88887e-06
 1.89569e-06
 1.90307e-06
 1.91032e-06
 1.91707e-06
 1.92346e-06
 1.92949e-06
 3.98826e-06
 3.96294e-06
 3.90440e-06
 3.80061e-06
 3.65669e-06
 3.49119e-06
 3.32161e-06
 3.15740e-06
 3.00184e-06
 2.85544e-06
 2.71795e-06
 2.58910e-06
 2.46881e-06
 2.35722e-06
 2.25468e-06
 2.16186e-06
 2.07963e-06
 2.00837e-06
 1.94528e-06
 1.88833e-06
 1.86201e-06
 1.86456e-06
 1.86859e-06
 1.87443e-06
 1.88202e-06
 1.88887e-06
 1.89569e-06
 1.90307e-06
 1.91032e-06
 1.91707e-06
 1.92346e-06
 1.92949e-06
 1.99413e-06
 1.98147e-06
 1.95220e-06
 1.90031e-06
 1.82835e-06
 1.74560e-06
 1.66080e-06
 1.57870e-06
 1.50092e-06
 1.42772e-06
 1.35897e-06
 1.29455e-06
 1.23441e-06
 1.17861e-06
 1.12734e-06
 1.08093e-06
 1.03981e-06
 1.00418e-06
 9.72640e-07
 9.44167e-07
 9.31005e-07
 9.32282e-07
 9.34294e-07
 9.37215e-07
 9.41008e-07
 9.44434e-07
 9.47845e-07
 9.51534e-07
 9.55162e-07
 9.58535e-07
 9.61729e-07
 9.64743e-07
 9.97065e-07
 9.90736e-07
 9.76100e-07
 9.50153e-07
 9.14173e-07
 8.72799e-07
 8.30401e-07
 7.89349e-07
 7.50461e-07
 7.13861e-07
 6.79487e-07
 6.47276e-07
 6.17204e-07
 5.89306e-07
 5.63671e-07
 5.40466e-07
 5.19907e-07
 5.02092e-07
 4.86320e-07
 4.72084e-07
 4.65502e-07
 4.66141e-07
 4.67147e-07
 4.68607e-07
 4.70504e-07
 4.72217e-07
 4.73923e-07
 4.75767e-07
 4.77581e-07
 4.79267e-07
 4.80865e-07
 4.82371e-07
 1.99413e-06
 1.98147e-06
 1.95220e-06
 1.90031e-06
 1.82835e-06
 1.74560e-06
 1.66080e-06
 1.57870e-06
 1.50092e-06
 1.42772e-06
 1.35897e-06
 1.29455e-06
 1.23441e-06
 1.17861e-06
 1.12734e-06
 1.08093e-06
 1.03981e-06
 1.00418e-06
 9.72640e-07
 9.44167e-07
 9.31005e-07
 9.32282e-07
 9.34294e-07
 9.37215e-07
 9.41008e-07
 9.44434e-07
 9.47845e-07
 9.51534e-07
 9.55162e-07
 9.58535e-07
 9.61729e-07
 9.64743e-07
 1.99413e-06
 1.98147e-06
 1.95220e-06
 1.90031e-06
 1.82835e-06
 1.74560e-06
 1.66080e-06
 1.57870e-06
 1.50092e-06
 1.42772e-06
 1.35897e-06
 1.29455e-06
 1.23441e-06
 1.17861e-06
 1.12734e-06
 1.08093e-06
 1.03981e-06
 1.00418e-06
 9.72640e-07
 9.44167e-07
 9.31005e-07
 9.32282e-07
 9.34294e-07
 9.37215e-07
 9.41008e-07
 9.44434e-07
 9.47845e-07
 9.51534e-07
 9.55162e-07
 9.58535e-07
 9.61729e-07
 9.64743e-07
 1.99413e-06
 1.98147e-06
 1.95220e-06
 1.90031e-06
 1.82835e-06
 1.74560e-06
 1.66080e-06
 1.57870e-06
 1.50092e-06
 1.42772e-06
 1.35897e-06
 1.29455e-06
 1.23441e-06
 1.17861e-06
 1.12734e-06
 1.08093e-06
 1.03981e-06
 1.00418e-06
 9.72640e-07
 9.44167e-07
 9.31005e-07
 9.32282e-07
 9.34294e-07
 9.37215e-07
 9.41008e-07
 9.44434e-07
 9.47845e-07
 9.51534e-07
 9.55162e-07
 9.58535e-07
 9.61729e-07
 9.64743e-07
 1.99413e-06
 1.98147e-06
 1.95220e-06
 1.90031e-06
 1.82835e-06
 1.74560e-06
 1.66080e-06
 1.57870e-06
 1.50092e-06
 1.42772e-06
 1.35897e-06
 1.29455e-06
 1.23441e-06
 1.17861e-06
 1.12734e-06
 1.08093e-06
 1.03981e-06
 1.00418e-06
 9.72640e-07
 9.44167e-07
 9.31005e-07
 9.32282e-07
 9.34294e-07
 9.37215e-07
 9.41008e-07
 9.44434e-07
 9.47845e-07
 9.51534e-07
 9.55162e-07
 9.58535e-07
 9.61729e-07
 9.64743e-07
 9.97065e-07
 9.90736e-07
 9.76100e-07
 9.50153e-07
 9.14173e-07
 8.72799e-07
 8.30401e-07
 7.89349e-07
 7.50461e-07
 7.13861e-07
 6.79487e-07
 6.47276e-07
 6.17204e-07
 5.89306e-07
 5.63671e-07
 5.40466e-07
 5.19907e-07
 5.02092e-07
 4.86320e-07
 4.72084e-07
 4.65502e-07
 4.66141e-07
 4.67147e-07
 4.68607e-07
 4.70504e-07
 4.72217e-07
 4.73923e-07
 4.75767e-07
 4.77581e-07
 4.79267e-07
 4.80865e-07
 4.82371e-07
part
         3
coordinates
 4.72217e-07
 4.73923e-07
 4.75767e-07
 4.77581e-07
 4.79267e-07
 4.80865e-07
 4.82371e-07
 4.83735e-07
 4.84940e-07
 4.86062e-07
 4.87133e-07
 4.88076e-07
 4.88902e-07
 4.89729e-07
 4.90562e-07
 4.91439e-07
 4.92307e-07
 4.92764e-07
 4.92824e-07
 4.91877e-07
 4.89663e-07
 4.88115e-07
 4.76896e-07
 4.34604e-07
 3.71956e-07
 3.23451e-07
 3.02744e-07
 3.01063e-07
 3.04791e-07
 3.08286e-07
 3.10819e-07
 3.11936e-07
 9.44434e-07
 9.47845e-07
 9.51534e-07
 9.55162e-07
 9.58535e-07
 9.61729e-07
 9.64743e-07
 9.67469e-07
 9.69879e-07
 9.72124e-07
 9.74266e-07
 9.76152e-07
 9.77803e-07
 9.79457e-07
 9.81125e-07
 9.82878e-07
 9.84614e-07
 9.85527e-07
 9.85648e-07
 9.83754e-07
 9.79326e-07
 9.76230e-07
 9.53791e-07
 8.69208e-07
 7.43912e-07
 6.46903e-07
 6.05489e-07
 6.02125e-07
 6.09582e-07
 6.16572e-07
 6.21638e-07
 6.23873e-07
 9.44434e-07
 9.47845e-07
 9.51534e-07
 9.55162e-07
 9.58535e-07
 9.61729e-07
 9.64743e-07
 9.67469e-07
 9.69879e-07
 9.72124e-07
 9.74266e-07
 9.76152e-07
 9.77803e-07
 9.79457e-07
 9.81125e-07
 9.82878e-07
 9.84614e-07
 9.85527e-07
 9.85648e-07
 9.83754e-07
 9.79326e-07
 9.76230e-07
 9.53791e-07
 8.69208e-07
 7.43912e-07
 6.46903e-07
 6.05489e-07
 6.02125e-07
 6.09582e-07
 6.16572e-07
 6.21638e-07
 6.23873e-07
 9.44434e-07
 9.47845e-07
 9.51534e-07
 9.55162e-07
 9.58535e-07
 9.61729e-07
 9.64743e-07
 9.67469e-07
 9.69879e-07
 9.72124e-07
 9.74266e-07
 9.76152e-07
 9.77803e-07
 9.79457e-07
 9.81125e-07
 9.82878e-07
 9.84614e-07
 9.85527e-07
 9.85648e-07
 9.83754e-07
 9.79326e-07
 9.76230e-07
 9.53791e-07
 8.69208e-07
 7.43912e-07
 6.46903e-07
 6.05489e-07
 6.02125e-07
 6.09582e-07
 6.16572e-07
 6.21638e-07
 6.23873e-07
 9.44434e-07
 9.47845e-07
 9.51534e-07
 9.55162e-07
 9.58535e-07
 9.61729e-07
 9.64743e-07
 9.67469e-07
 9.69879e-07
 9.72124e-07
 9.74266e-07
 9.76152e-07
 9.77803e-07
 9.79457e-07
 9.81125e-07
 9.82878e-07
 9.84614e-07
 9.85527e-07
 9.85648e-07
 9.83754e-07
 9.79326e-07
 9.76230e-07
 9.53791e-07
 8.69208e-07
 7.43912e-07
 6.46903e-07
 6.05489e-07
 6.02125e-07
 6.09582e-07
 6.16572e-07
 6.21638e-07
 6.23873e-07
 4.72217e-07
 4.73923e-07
 4.75767e-07
 4.77581e-07
 4.79267e-07
 4.80865e-07
 4.82371e-07
 4.83735e-07
 4.84940e-07
 4.86062e-07
 4.87133e-07
 4.88076e-07
 4.88902e-07
 4.89729e-07
 4.90562e-07
 4.91439e-07
 4.92307e-07
 4.92764e-07
 4.92824e-07
 4.91877e-07
 4.89663e-07
 4.88115e-07
 4.76896e-07
 4.34604e-07
 3.71956e-07
 3.23451e-07
 3.02744e-07
 3.01063e-07
 3.04791e-07
 3.08286e-07
 3.10819e-07
 3.11936e-07
 9.44434e-07
 9.47845e-07
 9.51534e-07
 9.55162e-07
 9.58535e-07
 9.61729e-07
 9.64743e-07
 9.67469e-07
 9.69879e-07
 9.72124e-07
 9.74266e-07
 9.76152e-07
 9.77803e-07
 9.79457e-07
 9.81125e-07
 9.82878e-07
 9.84614e-07
 9.85527e-07
 9.85648e-07
 9.83754e-07
 9.79326e-07
 9.76230e-07
 9.53791e-07
 8.69208e-07
 7.43912e-07
 6.46903e-07
 6.05489e-07
 6.02125e-07
 6.09582e-07
 6.16572e-07
 6.21638e-07
 6.23873e-07
 1.88887e-06
 1.89569e-06
 1.90307e-06
 1.91032e-06
 1.91707e-06
 1.92346e-06
 1.92949e-06
 1.93494e-06
 1.93976e-06
 1.94425e-06
 1.94853e-06
 1.95230e-06
 1.95561e-06
 1.95891e-06
 1.96225e-06
 1.96576e-06
 1.96923e-06
 1.97105e-06
 1.97130e-06
 1.96751e-06
 1.95865e-06
 1.95246e-06
 1.90758e-06
 1.73842e-06
 1.48782e-06
 1.29381e-06
 1.21098e-06
 1.20425e-06
 1.21916e-06
 1.23314e-06
 1.24328e-06
 1.24775e-06
 1.88887e-06
 1.89569e-06
 1.90307e-06
 1.91032e-06
 1.91707e-06
 1.92346e-06
 1.92949e-06
 1.93494e-06
 1.93976e-06
 1.94425e-06
 1.94853e-06
 1.95230e-06
 1.95561e-06
 1.95891e-06
 1.96225e-06
 1.96576e-06
 1.96923e-06
 1.97105e-06
 1.97130e-06
 1.96751e-06
 1.95865e-06
 1.95246e-06
 1.90758e-06
 1.73842e-06
 1.48782e-06
 1.29381e-06
 1.21098e-06
 1.20425e-06
 1.21916e-06
 1.23314e-06
 1.24328e-06
 1.24775e-06
 1.88887e-06
 1.89569e-06
 1.90307e-06
 1.91032e-06
 1.91707e-06
 1.92346e-06
 1.92949e-06
 1.93494e-06
 1.93976e-06
 1.94425e-06
 1.94853e-06
 1.95230e-06
 1.95561e-06
 1.95891e-06
 1.96225e-06
 1.96576e-06
 1.96923e-06
 1.97105e-06
 1.97130e-06
 1.96751e-06
 1.95865e-06
 1.95246e-06
 1.90758e-06
 1.73842e-06
 1.48782e-06
 1.29381e-06
 1.21098e-06
 1.20425e-06
 1.21916e-06
 1.23314e-06
 1.24328e-06
 1.24775e-06
 1.88887e-06
 1.89569e-06
 1.90307e-06
 1.91032e-06
 1.91707e-06
 1.92346e-06
 1.92949e-06
 1.93494e-06
 1.93976e-06
 1.94425e-06
 1.94853e-06
 1.95230e-06
 1.95561e-06
 1.95891e-06
 1.96225e-06
 1.96576e-06
 1.96923e-06
 1.97105e-06
 1.97130e-06
 1.96751e-06
 1.95865e-06
 1.95246e-06
 1.90758e-06
 1.73842e-06
 1.48782e-06
 1.29381e-06
 1.21098e-06
 1.20425e-06
 1.21916e-06
 1.23314e-06
 1.24328e-06
 1.24775e-06
 9.44434e-07
 9.47845e-07
 9.51534e-07
 9.55162e-07
 9.58535e-07
 9.61729e-07
 9.64743e-07
 9.67469e-07
 9.69879e-07
 9.72124e-07
 9.74266e-07
 9.76152e-07
 9.77803e-07
 9.79457e-07
 9.81125e-07
 9.82878e-07
 9.84614e-07
 9.85527e-07
 9.85648e-07
 9.83754e-07
 9.79326e-07
 9.76230e-07
 9.53791e-07
 8.69208e-07
 7.43912e-07
 6.46903e-07
 6.05489e-07
 6.02125e-07
 6.09582e-07
 6.16572e-07
 6.21638e-07
 6.23873e-07
 9.44434e-07
 9.47845e-07
 9.51534e-07
 9.55162e-07
 9.58535e-07
 9.61729e-07
 9.64743e-07
 9.67469e-07
 9.69879e-07
 9.72124e-07
 9.74266e-07
 9.76152e-07
 9.77803e-07
 9.79457e-07
 9.81125e-07
 9.82878e-07
 9.84614e-07
 9.85527e-07
 9.85648e-07
 9.83754e-07
 9.79326e-07
 9.76230e-07
 9.53791e-07
 8.69208e-07
 7.43912e-07
 6.46903e-07
 6.05489e-07
 6.02125e-07
 6.09582e-07
 6.16572e-07
 6.21638e-07
 6.23873e-07
 1.88887e-06
 1.89569e-06
 1.90307e-06
 1.91032e-06
 1.91707e-06
 1.92346e-06
 1.92949e-06
 1.93494e-06
 1.93976e-06
 1.94425e-06
 1.94853e-06
 1.95230e-06
 1.95561e-06
 1.95891e-06
 1.96225e-06
 1.96576e-06
 1.96923e-06
 1.97105e-06
 1.97130e-06
 1.96751e-06
 1.95865e-06
 1.95246e-06
 1.90758e-06
 1.73842e-06
 1.48782e-06
 1.29381e-06
 1.21098e-06
 1.20425e-06
 1.21916e-06
 1.23314e-06
 1.24328e-06
 1.24775e-06
 1.88887e-06
 1.89569e-06
 1.90307e-06
 1.91032e-06
 1.91707e-06
 1.92346e-06
 1.92949e-06
 1.93494e-06
 1.93976e-06
 1.94425e-06
 1.94853e-06
 1.95230e-06
 1.95561e-06
 1.95891e-06
 1.96225e-06
 1.96576e-06
 1.96923e-06
 1.97105e-06
 1.97130e-06
 1.96751e-06
 1.95865e-06
 1.95246e-06
 1.90758e-06
 1.73842e-06
 1.48782e-06
 1.29381e-06
 1.21098e-06
 1.20425e-06
 1.21916e-06
 1.23314e-06
 1.24328e-06
 1.24775e-06
 1.88887e-06
 1.89569e-06
 1.90307e-06
 1.91032e-06
 1.91707e-06
 1.92346e-06
 1.92949e-06
 1.93494e-06
 1.93976e-06
 1.94425e-06
 1.94853e-06
 1.95230e-06
 1.95561e-06
 1.95891e-06
 1.96225e-06
 1.96576e-06
 1.96923e-06
 1.97105e-06
 1.97130e-06
 1.96751e-06
 1.95865e-06
 1.95246e-06
 1.90758e-06
 1.73842e-06
 1.48782e-06
 1.29381e-06
 1.21098e-06
 1.20425e-06
 1.21916e-06
 1.23314e-06
 1.24328e-06
 1.24775e-06
 1.88887e-06
 1.89569e-06
 1.90307e-06
 1.91032e-06
 1.91707e-06
 1.92346e-06
 1.92949e-06
 1.93494e-06
 1.93976e-06
 1.94425e-06
 1.94853e-06
 1.95230e-06
 1.95561e-06
 1.95891e-06
 1.96225e-06
 1.96576e-06
 1.96923e-06
 1.97105e-06
 1.97130e-06
 1.96751e-06
 1.95865e-06
 1.95246e-06
 1.90758e-06
 1.73842e-06
 1.48782e-06
 1.29381e-06
 1.21098e-06
 1.20425e-06
 1.21916e-06
 1.23314e-06
 1.24328e-06
 1.24775e-06
 9.44434e-07
 9.47845e-07
 9.51534e-07
 9.55162e-07
 9.58535e-07
 9.61729e-07
 9.64743e-07
 9.67469e-07
 9.69879e-07
 9.72124e-07
 9.74266e-07
 9.76152e-07
 9.77803e-07
 9.79457e-07
 9.81125e-07
 9.82878e-07
 9.84614e-07
 9.85527e-07
 9.85648e-07
 9.83754e-07
 9.79326e-07
 9.76230e-07
 9.53791e-07
 8.69208e-07
 7.43912e-07
 6.46903e-07
 6.05489e-07
 6.02125e-07
 6.09582e-07
 6.16572e-07
 6.21638e-07
 6.23873e-07
 9.44434e-07
 9.47845e-07
 9.51534e-07
 9.55162e-07
 9.58535e-07
 9.61729e-07
 9.64743e-07
 9.67469e-07
 9.69879e-07
 9.72124e-07
 9.74266e-07
 9.76152e-07
 9.77803e-07
 9.79457e-07
 9.81125e-07
 9.82878e-07
 9.84614e-07
 9.85527e-07
 9.85648e-07
 9.83754e-07
 9.79326e-07
 9.76230e-07
 9.53791e-07
 8.69208e-07
 7.43912e-07
 6.46903e-07
 6.05489e-07
 6.02125e-07
 6.09582e-07
 6.16572e-07
 6.21638e-07
 6.23873e-07
 1.88887e-06
 1.89569e-06
 1.90307e-06
 1.91032e-06
 1.91707e-06
 1.92346e-06
 1.92949e-06
 1.93494e-06
 1.93976e-06
 1.94425e-06
 1.94853e-06
 1.95230e-06
 1.95561e-06
 1.95891e-06
 1.96225e-06
 1.96576e-06
 1.96923e-06
 1.97105e-06
 1.97130e-06
 1.96751e-06
 1.95865e-06
 1.95246e-06
 1.90758e-06
 1.73842e-06
 1.48782e-06
 1.29381e-06
 1.21098e-06
 1.20425e-06
 1.21916e-06
 1.23314e-06
 1.24328e-06
 1.24775e-06
 1.88887e-06
 1.89569e-06
 1.90307e-06
 1.91032e-06
 1.91707e-06
 1.92346e-06
 1.92949e-06
 1.93494e-06
 1.93976e-06
 1.94425e-06
 1.94853e-06
 1.95230e-06
 1.95561e-06
 1.95891e-06
 1.96225e-06
 1.96576e-06
 1.96923e-06
 1.97105e-06
 1.97130e-06
 1.96751e-06
 1.95865e-06
 1.95246e-06
 1.90758e-06
 1.73842e-06
 1.48782e-06
 1.29381e-06
 1.21098e-06
 1.20425e-06
 1.21916e-06
 1.23314e-06
 1.24328e-06
 1.24775e-06
 1.88887e-06
 1.89569e-06
 1.90307e-06
 1.91032e-06
 1.91707e-06
 1.92346e-06
 1.92949e-06
 1.93494e-06
 1.93976e-06
 1.94425e-06
 1.94853e-06
 1.95230e-06
 1.95561e-06
 1.95891e-06
 1.96225e-06
 1.96576e-06
 1.96923e-06
 1.97105e-06
 1.97130e-06
 1.96751e-06
 1.95865e-06
 1.95246e-06
 1.90758e-06
 1.73842e-06
 1.48782e-06
 1.29381e-06
 1.21098e-06
 1.20425e-06
 1.21916e-06
 1.23314e-06
 1.24328e-06
 1.24775e-06
 1.88887e-06
 1.89569e-06
 1.90307e-06
 1.91032e-06
 1.91707e-06
 1.92346e-06
 1.92949e-06
 1.93494e-06
 1.93976e-06
 1.94425e-06
 1.94853e-06
 1.95230e-06
 1.95561e-06
 1.95891e-06
 1.96225e-06
 1.96576e-06
 1.96923e-06
 1.97105e-06
 1.97130e-06
 1.96751e-06
 1.95865e-06
 1.95246e-06
 1.90758e-06
 1.73842e-06
 1.48782e-06
 1.29381e-06
 1.21098e-06
 1.20425e-06
 1.21916e-06
 1.23314e-06
 1.24328e-06
 1.24775e-06
 9.44434e-07
 9.47845e-07
 9.51534e-07
 9.55162e-07
 9.58535e-07
 9.61729e-07
 9.64743e-07
 9.67469e-07
 9.69879e-07
 9.72124e-07
 9.74266e-07
 9.76152e-07
 9.77803e-07
 9.79457e-07
 9.81125e-07
 9.82878e-07
 9.84614e-07
 9.85527e-07
 9.85648e-07
 9.83754e-07
 9.79326e-07
 9.76230e-07
 9.53791e-07
 8.69208e-07
 7.43912e-07
 6.46903e-07
 6.05489e-07
 6.02125e-07
 6.09582e-07
 6.16572e-07
 6.21638e-07
 6.23873e-07
 9.44434e-07
 9.47845e-07
 9.51534e-07
 9.55162e-07
 9.58535e-07
 9.61729e-07
 9.64743e-07
 9.67469e-07
 9.69879e-07
 9.72124e-07
 9.74266e-07
 9.76152e-07
 9.77803e-07
 9.79457e-07
 9.81125e-07
 9.82878e-07
 9.84614e-07
 9.85527e-07
 9.85648e-07
 9.83754e-07
 9.79326e-07
 9.76230e-07
 9.53791e-07
 8.69208e-07
 7.43912e-07
 6.46903e-07
 6.05489e-07
 6.02125e-07
 6.09582e-07
 6.16572e-07
 6.21638e-07
 6.23873e-07
 1.88887e-06
 1.89569e-06
 1.90307e-06
 1.91032e-06
 1.91707e-06
 1.92346e-06
 1.92949e-06
 1.93494e-06
 1.93976e-06
 1.94425e-06
 1.94853e-06
 1.95230e-06
 1.95561e-06
 1.95891e-06
 1.96225e-06
 1.96576e-06
 1.96923e-06
 1.97105e-06
 1.97130e-06
 1.96751e-06
 1.95865e-06
 1.95246e-06
 1.90758e-06
 1.73842e-06
 1.48782e-06
 1.29381e-06
 1.21098e-06
 1.20425e-06
 1.21916e-06
 1.23314e-06
 1.24328e-06
 1.24775e-06
 1.88887e-06
 1.89569e-06
 1.90307e-06
 1.91032e-06
 1.91707e-06
 1.92346e-06
 1.92949e-06
 1.93494e-06
 1.93976e-06
 1.94425e-06
 1.94853e-06
 1.95230e-06
 1.95561e-06
 1.95891e-06
 1.96225e-06
 1.96576e-06
 1.96923e-06
 1.97105e-06
 1.97130e-06
 1.96751e-06
 1.95865e-06
 1.95246e-06
 1.90758e-06
 1.73842e-06
 1.48782e-06
 1.29381e-06
 1.21098e-06
 1.20425e-06
 1.21916e-06
 1.23314e-06
 1.24328e-06
 1.24775e-06
 1.88887e-06
 1.89569e-06
 1.90307e-06
 1.91032e-06
 1.91707e-06
 1.92346e-06
 1.92949e-06
 1.93494e-06
 1.93976e-06
 1.94425e-06
 1.94853e-06
 1.95230e-06
 1.95561e-06
 1.95891e-06
 1.96225e-06
 1.96576e-06
 1.96923e-06
 1.97105e-06
 1.97130e-06
 1.96751e-06
 1.95865e-06
 1.95246e-06
 1.90758e-06
 1.73842e-06
 1.48782e-06
 1.29381e-06
 1.21098e-06
 1.20425e-06
 1.21916e-06
 1.23314e-06
 1.24328e-06
 1.24775e-06
 1.88887e-06
 1.89569e-06
 1.90307e-06
 1.91032e-06
 1.91707e-06
 1.92346e-06
 1.92949e-06
 1.93494e-06
 1.93976e-06
 1.94425e-06
 1.94853e-06
 1.95230e-06
 1.95561e-06
 1.95891e-06
 1.96225e-06
 1.96576e-06
 1.96923e-06
 1.97105e-06
 1.97130e-06
 1.96751e-06
 1.95865e-06
 1.95246e-06
 1.90758e-06
 1.73842e-06
 1.48782e-06
 1.29381e-06
 1.21098e-06
 1.20425e-06
 1.21916e-06
 1.23314e-06
 1.24328e-06
 1.24775e-06
 9.44434e-07
 9.47845e-07
 9.51534e-07
 9.55162e-07
 9.58535e-07
 9.61729e-07
 9.64743e-07
 9.67469e-07
 9.69879e-07
 9.72124e-07
 9.74266e-07
 9.76152e-07
 9.77803e-07
 9.79457e-07
 9.81125e-07
 9.82878e-07
 9.84614e-07
 9.85527e-07
 9.85648e-07
 9.83754e-07
 9.79326e-07
 9.76230e-07
 9.53791e-07
 8.69208e-07
 7.43912e-07
 6.46903e-07
 6.05489e-07
 6.02125e-07
 6.09582e-07
 6.16572e-07
 6.21638e-07
 6.23873e-07
 4.72217e-07
 4.73923e-07
 4.75767e-07
 4.77581e-07
 4.79267e-07
 4.80865e-07
 4.82371e-07
 4.83735e-07
 4.84940e-07
 4.86062e-07
 4.87133e-07
 4.88076e-07
 4.88902e-07
 4.89729e-07
 4.90562e-07
 4.91439e-07
 4.92307e-07
 4.92764e-07
 4.92824e-07
 4.91877e-07
 4.89663e-07
 4.88115e-07
 4.76896e-07
 4.34604e-07
 3.71956e-07
 3.23451e-07
 3.02744e-07
 3.01063e-07
 3.04791e-07
 3.08286e-07
 3.10819e-07
 3.11936e-07
 9.44434e-07
 9.47845e-07
 9.51534e-07
 9.55162e-07
 9.58535e-07
 9.61729e-07
 9.64743e-07
 9.67469e-07
 9.69879e-07
 9.72124e-07
 9.74266e-07
 9.76152e-07
 9.77803e-07
 9.79457e-07
 9.81125e-07
 9.82878e-07
 9.84614e-07
 9.85527e-07
 9.85648e-07
 9.83754e-07
 9.79326e-07
 9.76230e-07
 9.53791e-07
 8.69208e-07
 7.43912e-07
 6.46903e-07
 6.05489e-07
 6.02125e-07
 6.09582e-07
 6.16572e-07
 6.21638e-07
 6.23873e-07
 9.44434e-07
 9.47845e-07
 9.51534e-07
 9.55162e-07
 9.58535e-07
 9.61729e-07
 9.64743e-07
 9.67469e-07
 9.69879e-07
 9.72124e-07
 9.74266e-07
 9.76152e-07
 9.77803e-07
 9.79457e-07
 9.81125e-07
 9.82878e-07
 9.84614e-07
 9.85527e-07
 9.85648e-07
 9.83754e-07
 9.79326e-07
 9.76230e-07
 9.53791e-07
 8.69208e-07
 7.43912e-07
 6.46903e-07
 6.05489e-07
 6.02125e-07
 6.09582e-07
 6.16572e-07
 6.21638e-07
 6.23873e-07
 9.44434e-07
 9.47845e-07
 9.51534e-07
 9.55162e-07
 9.58535e-07
 9.61729e-07
 9.64743e-07
 9.67469e-07
 9.69879e-07
 9.72124e-07
 9.74266e-07
 9.76152e-07
 9.77803e-07
 9.79457e-07
 9.81125e-07
 9.82878e-07
 9.84614e-07
 9.85527e-07
 9.85648e-07
 9.83754e-07
 9.79326e-07
 9.76230e-07
 9.53791e-07
 8.69208e-07
 7.43912e-07
 6.46903e-07
 6.05489e-07
 6.02125e-07
 6.09582e-07
 6.16572e-07
 6.21638e-07
 6.23873e-07
 9.44434e-07
 9.47845e-07
 9.51534e-07
 9.55162e-07
 9.58535e-07
 9.61729e-07
 9.64743e-07
 9.67469e-07
 9.69879e-07
 9.72124e-07
 9.74266e-07
 9.76152e-07
 9.77803e-07
 9.79457e-07
 9.81125e-07
 9.82878e-07
 9.84614e-07
 9.85527e-07
 9.85648e-07
 9.83754e-07
 9.79326e-07
 9.76230e-07
 9.53791e-07
 8.69208e-07
 7.43912e-07
 6.46903e-07
 6.05489e-07
 6.02125e-07
 6.09582e-07
 6.16572e-07
 6.21638e-07
 6.23873e-07
 4.72217e-07
 4.73923e-07
 4.75767e-07
 4.77581e-07
 4.79267e-07
 4.80865e-07
 4.82371e-07
 4.83735e-07
 4.84940e-07
 4.86062e-07
 4.87133e-07
 4.88076e-07
 4.88902e-07
 4.89729e-07
 4.90562e-07
 4.91439e-07
 4.92307e-07
 4.92764e-07
 4.92824e-07
 4.91877e-07
 4.89663e-07
 4.88115e-07
 4.76896e-07
 4.34604e-07
 3.71956e-07
 3.23451e-07
 3.02744e-07
 3.01063e-07
 3.04791e-07
 3.08286e-07
 3.10819e-07
 3.11936e-07
part
         4
coordinates
 3.23451e-07
 3.02744e-07
 3.01063e-07
 3.04791e-07
 3.08286e-07
 3.10819e-07
 3.11936e-07
 3.11554e-07
 3.08796e-07
 3.01907e-07
 2.89105e-07
 2.69276e-07
 2.43400e-07
 2.14584e-07
 1.86683e-07
 1.62840e-07
 1.44977e-07
 1.33693e-07
 1.28039e-07
 1.25880e-07
 1.25229e-07
 1.25057e-07
 1.25014e-07
 1.25003e-07
 1.25001e-07
 1.25000e-07
 1.25000e-07
 1.25000e-07
 6.25000e-08
 6.46903e-07
 6.05489e-07
 6.02125e-07
 6.09582e-07
 6.16572e-07
 6.21638e-07
 6.23873e-07
 6.23108e-07
 6.17592e-07
 6.03814e-07
 5.78210e-07
 5.38553e-07
 4.86799e-07
 4.29168e-07
 3.73366e-07
 3.25680e-07
 2.89953e-07
 2.67387e-07
 2.56079e-07
 2.51760e-07
 2.50457e-07
 2.50113e-07
 2.50027e-07
 2.50007e-07
 2.50002e-07
 2.50000e-07
 2.50000e-07
 2.50000e-07
 1.25000e-07
 6.46903e-07
 6.05489e-07
 6.02125e-07
 6.09582e-07
 6.16572e-07
 6.21638e-07
 6.23873e-07
 6.23108e-07
 6.17592e-07
 6.03814e-07
 5.78210e-07
 5.38553e-07
 4.86799e-07
 4.29168e-07
 3.73366e-07
 3.25680e-07
 2.89953e-07
 2.67387e-07
 2.56079e-07
 2.51760e-07
 2.50457e-07
 2.50113e-07
 2.50027e-07
 2.50007e-07
 2.50002e-07
 2.50000e-07
 2.50000e-07
 2.50000e-07
 1.25000e-07
 6.46903e-07
 6.05489e-07
 6.02125e-07
 6.09582e-07
 6.16572e-07
 6.21638e-07
 6.23873e-07
 6.23108e-07
 6.17592e-07
 6.03814e-07
 5.78210e-07
 5.38553e-07
 4.86799e-07
 4.29168e-07
 3.73366e-07
 3.25680e-07
 2.89953e-07
 2.67387e-07
 2.56079e-07
 2.51760e-07
 2.50457e-07
 2.50113e-07
 2.50027e-07
 2.50007e-07
 2.50002e-07
 2.50000e-07
 2.50000e-07
 2.50000e-07
 1.25000e-07
 6.46903e-07
 6.05489e-07
 6.02125e-07
 6.09582e-07
 6.16572e-07
 6.21638e-07
 6.23873e-07
 6.23108e-07
 6.17592e-07
 6.03814e-07
 5.78210e-07
 5.38553e-07
 4.86799e-07
 4.29168e-07
 3.73366e-07
 3.25680e-07
 2.89953e-07
 2.67387e-07
 2.56079e-07
 2.51760e-07
 2.50457e-07
 2.50113e-07
 2.50027e-07
 2.50007e-07
 2.50002e-07
 2.50000e-07
 2.50000e-07
 2.50000e-07
 1.25000e-07
 3.23451e-07
 3.02744e-07
 3.01063e-07
 3.04791e-07
 3.08286e-07
 3.10819e-07
 3.11936e-07
 3.11554e-07
 3.08796e-07
 3.01907e-07
 2.89105e-07
 2.69276e-07
 2.43400e-07
 2.14584e-07
 1.86683e-07
 1.62840e-07
 1.44977e-07
 1.33693e-07
 1.28039e-07
 1.25880e-07
 1.25229e-07
 1.25057e-07
 1.25014e-07
 1.25003e-07
 1.25001e-07
 1.25000e-07
 1.25000e-07
 1.25000e-07
 6.25000e-08
 6.46903e-07
 6.05489e-07
 6.02125e-07
 6.09582e-07
 6.16572e-07
 6.21638e-07
 6.23873e-07
 6.23108e-07
 6.17592e-07
 6.03814e-07
 5.78210e-07
 5.38553e-07
 4.86799e-07
 4.29168e-07
 3.73366e-07
 3.25680e-07
 2.89953e-07
 2.67387e-07
 2.56079e-07
 2.51760e-07
 2.50457e-07
 2.50113e-07
 2.50027e-07
 2.50007e-07
 2.50002e-07
 2.50000e-07
 2.50000e-07
 2.50000e-07
 1.25000e-07
 1.29381e-06
 1.21098e-06
 1.20425e-06
 1.21916e-06
 1.23314e-06
 1.24328e-06
 1.24775e-06
 1.24622e-06
 1.23518e-06
 1.20763e-06
 1.15642e-06
 1.07711e-06
 9.73599e-07
 8.58336e-07
 7.46732e-07
 6.51359e-07
 5.79907e-07
 5.34774e-07
 5.12158e-07
 5.03520e-07
 5.00915e-07
 5.00227e-07
 5.00055e-07
 5.00013e-07
 5.00003e-07
 5.00001e-07
 5.00000e-07
 5.00000e-07
 2.50000e-07
 1.29381e-06
 1.21098e-06
 1.20425e-06
 1.21916e-06
 1.23314e-06
 1.24328e-06
 1.24775e-06
 1.24622e-06
 1.23518e-06
 1.20763e-06
 1.15642e-06
 1.07711e-06
 9.73599e-07
 8.58336e-07
 7.46732e-07
 6.51359e-07
 5.79907e-07
 5.34774e-07
 5.12158e-07
 5.03520e-07
 5.00915e-07
 5.00227e-07
 5.00055e-07
 5.00013e-07
 5.00003e-07
 5.00001e-07
 5.00000e-07
 5.00000e-07
 2.50000e-07
 1.29381e-06
 1.21098e-06
 1.20425e-06
 1.21916e-06
 1.23314e-06
 1.24328e-06
 1.24775e-06
 1.24622e-06
 1.23518e-06
 1.20763e-06
 1.15642e-06
 1.07711e-06
 9.73599e-07
 8.58336e-07
 7.46732e-07
 6.51359e-07
 5.79907e-07
 5.34774e-07
 5.12158e-07
 5.03520e-07
 5.00915e-07
 5.00227e-07
 5.00055e-07
 5.00013e-07
 5.00003e-07
 5.00001e-07
 5.00000e-07
 5.00000e-07
 2.50000e-07
 1.29381e-06
 1.21098e-06
 1.20425e-06
 1.21916e-06
 1.23314e-06
 1.24328e-06
 1.24775e-06
 1.24622e-06
 1.23518e-06
 1.20763e-06
 1.15642e-06
 1.07711e-06
 9.73599e-07
 8.58336e-07
 7.46732e-07
 6.51359e-07
 5.79907e-07
 5.34774e-07
 5.12158e-07
 5.03520e-07
 5.00915e-07
 5.00227e-07
 5.00055e-07
 5.00013e-07
 5.00003e-07
 5.00001e-07
 5.00000e-07
 5.00000e-07
 2.50000e-07
 6.46903e-07
 6.05489e-07
 6.02125e-07
 6.09582e-07
 6.16572e-07
 6.21638e-07
 6.23873e-07
 6.23108e-07
 6.17592e-07
 6.03814e-07
 5.78210e-07
 5.38553e-07
 4.86799e-07
 4.29168e-07
 3.73366e-07
 3.25680e-07
 2.89953e-07
 2.67387e-07
 2.56079e-07
 2.51760e-07
 2.50457e-07
 2.50113e-07
 2.50027e-07
 2.50007e-07
 2.50002e-07
 2.50000e-07
 2.50000e-07
 2.50000e-07
 1.25000e-07
 6.46903e-07
 6.05489e-07
 6.02125e-07
 6.09582e-07
 6.16572e-07
 6.21638e-07
 6.23873e-07
 6.23108e-07
 6.17592e-07
 6.03814e-07
 5.78210e-07
 5.38553e-07
 4.86799e-07
 4.29168e-07
 3.73366e-07
 3.25680e-07
 2.89953e-07
 2.67387e-07
 2.56079e-07
 2.51760e-07
 2.50457e-07
 2.50113e-07
 2.50027e-07
 2.50007e-07
 2.50002e-07
 2.50000e-07
 2.50000e-07
 2.50000e-07
 1.25000e-07
 1.29381e-06
 1.21098e-06
 1.20425e-06
 1.21916e-06
 1.23314e-06
 1.24328e-06
 1.24775e-06
 1.24622e-06
 1.23518e-06
 1.20763e-06
 1.15642e-06
 1.07711e-06
 9.73599e-07
 8.58336e-07
 7.46732e-07
 6.51359e-07
 5.79907e-07
 5.34774e-07
 5.12158e-07
 5.03520e-07
 5.00915e-07
 5.00227e-07
 5.00055e-07
 5.00013e-07
 5.00003e-07
 5.00001e-07
 5.00000e-07
 5.00000e-07
 2.50000e-07
 1.29381e-06
 1.21098e-06
 1.20425e-06
 1.21916e-06
 1.23314e-06
 1.24328e-06
 1.24775e-06
 1.24622e-06
 1.23518e-06
 1.20763e-06
 1.15642e-06
 1.07711e-06
 9.73599e-07
 8.58336e-07
 7.46732e-07
 6.51359e-07
 5.79907e-07
 5.34774e-07
 5.12158e-07
 5.03520e-07
 5.00915e-07
 5.00227e-07
 5.00055e-07
 5.00013e-07
 5.00003e-07
 5.00001e-07
 5.00000e-07
 5.00000e-07
 2.50000e-07
 1.29381e-06
 1.21098e-06
 1.20425e-06
 1.21916e-06
 1.23314e-06
 1.24328e-06
 1.24775e-06
 1.24622e-06
 1.23518e-06
 1.20763e-06
 1.15642e-06
 1.07711e-06
 9.73599e-07
 8.58336e-07
 7.46732e-07
 6.51359e-07
 5.79907e-07
 5.34774e-07
 5.12158e-07
 5.03520e-07
 5.00915e-07
 5.00227e-07
 5.00055e-07
 5.00013e-07
 5.00003e-07
 5.00001e-07
 5.00000e-07
 5.00000e-07
 2.50000e-07
 1.29381e-06
 1.21098e-06
 1.20425e-06
 1.21916e-06
 1.23314e-06
 1.24328e-06
 1.24775e-06
 1.24622e-06
 1.23518e-06
 1.20763e-06
 1.15642e-06
 1.07711e-06
 9.73599e-07
 8.58336e-07
 7.46732e-07
 6.51359e-07
 5.79907e-07
 5.34774e-07
 5.12158e-07
 5.03520e-07
 5.00915e-07
 5.00227e-07
 5.00055e-07
 5.00013e-07
 5.00003e-07
 5.00001e-07
 5.00000e-07
 5.00000e-07
 2.50000e-07
 6.46903e-07
 6.05489e-07
 6.02125e-07
 6.09582e-07
 6.16572e-07
 6.21638e-07
 6.23873e-07
 6.23108e-07
 6.17592e-07
 6.03814e-07
 5.78210e-07
 5.38553e-07
 4.86799e-07
 4.29168e-07
 3.73366e-07
 3.25680e-07
 2.89953e-07
 2.67387e-07
 2.56079e-07
 2.51760e-07
 2.50457e-07
 2.50113e-07
 2.50027e-07
 2.50007e-07
 2.50002e-07
 2.50000e-07
 2.50000e-07
 2.50000e-07
 1.25000e-07
 6.46903e-07
 6.05489e-07
 6.02125e-07
 6.09582e-07
 6.16572e-07
 6.21638e-07
 6.23873e-07
 6.23108e-07
 6.17592e-07
 6.03814e-07
 5.78210e-07
 5.38553e-07
 4.86799e-07
 4.29168e-07
 3.73366e-07
 3.25680e-07
 2.89953e-07
 2.67387e-07
 2.56079e-07
 2.51760e-07
 2.50457e-07
 2.50113e-07
 2.50027e-07
 2.50007e-07
 2.50002e-07
 2.50000e-07
 2.50000e-07
 2.50000e-07
 1.25000e-07
 1.29381e-06
 1.21098e-06
 1.20425e-06
 1.21916e-06
 1.23314e-06
 1.24328e-06
 1.24775e-06
 1.24622e-06
 1.23518e-06
 1.20763e-06
 1.15642e-06
 1.07711e-06
 9.73599e-07
 8.58336e-07
 7.46732e-07
 6.51359e-07
 5.79907e-07
 5.34774e-07
 5.12158e-07
 5.03520e-07
 5.00915e-07
 5.00227e-07
 5.00055e-07
 5.00013e-07
 5.00003e-07
 5.00001e-07
 5.00000e-07
 5.00000e-07
 2.50000e-07
 1.29381e-06
 1.21098e-06
 1.20425e-06
 1.21916e-06
 1.23314e-06
 1.24328e-06
 1.24775e-06
 1.24622e-06
 1.23518e-06
 1.20763e-06
 1.15642e-06
 1.07711e-06
 9.73599e-07
 8.58336e-07
 7.46732e-07
 6.51359e-07
 5.79907e-07
 5.34774e-07
 5.12158e-07
 5.03520e-07
 5.00915e-07
 5.00227e-07
 5.00055e-07
 5.00013e-07
 5.00003e-07
 5.00001e-07
 5.00000e-07
 5.00000e-07
 2.50000e-07
 1.29381e-06
 1.21098e-06
 1.20425e-06
 1.21916e-06
 1.23314e-06
 1.24328e-06
 1.24775e-06
 1.24622e-06
 1.23518e-06
 1.20763e-06
 1.15642e-06
 1.07711e-06
 9.73599e-07
 8.58336e-07
 7.46732e-07
 6.51359e-07
 5.79907e-07
 5.34774e-07
 5.12158e-07
 5.03520e-07
 5.00915e-07
 5.00227e-07
 5.00055e-07
 5.00013e-07
 5.00003e-07
 5.00001e-07
 5.00000e-07
 5.00000e-07
 2.50000e-07
 1.29381e-06
 1.21098e-06
 1.20425e-06
 1.21916e-06
 1.23314e-06
 1.24328e-06
 1.24775e-06
 1.24622e-06
 1.23518e-06
 1.20763e-06
 1.15642e-06
 1.07711e-06
 9.73599e-07
 8.58336e-07
 7.46732e-07
 6.51359e-07
 5.79907e-07
 5.34774e-07
 5.12158e-07
 5.03520e-07
 5.00915e-07
 5.00227e-07
 5.00055e-07
 5.00013e-07
 5.00003e-07
 5.00001e-07
 5.00000e-07
 5.00000e-07
 2.50000e-07
 6.46903e-07
 6.05489e-07
 6.02125e-07
 6.09582e-07
 6.16572e-07
 6.21638e-07
 6.23873e-07
 6.23108e-07
 6.17592e-07
 6.03814e-07
 5.78210e-07
 5.38553e-07
 4.86799e-07
 4.29168e-07
 3.73366e-07
 3.25680e-07
 2.89953e-07
 2.67387e-07
 2.56079e-07
 2.51760e-07
 2.50457e-07
 2.50113e-07
 2.50027e-07
 2.50007e-07
 2.50002e-07
 2.50000e-07
 2.50000e-07
 2.50000e-07
 1.25000e-07
 6.46903e-07
 6.05489e-07
 6.02125e-07
 6.09582e-07
 6.16572e-07
 6.21638e-07
 6.23873e-07
 6.23108e-07
 6.17592e-07
 6.03814e-07
 5.78210e-07
 5.38553e-07
 4.86799e-07
 4.29168e-07
 3.73366e-07
 3.25680e-07
 2.89953e-07
 2.67387e-07
 2.56079e-07
 2.51760e-07
 2.50457e-07
 2.50113e-07
 2.50027e-07
 2.50007e-07
 2.50002e-07
 2.50000e-07
 2.50000e-07
 2.50000e-07
 1.25000e-07
 1.29381e-06
 1.21098e-06
 1.20425e-06
 1.21916e-06
 1.23314e-06
 1.24328e-06
 1.24775e-06
 1.24622e-06
 1.23518e-06
 1.20763e-06
 1.15642e-06
 1.07711e-06
 9.73599e-07
 8.58336e-07
 7.46732e-07
 6.51359e-07
 5.79907e-07
 5.34774e-07
 5.12158e-07
 5.03520e-07
 5.00915e-07
 5.00227e-07
 5.00055e-07
 5.00013e-07
 5.00003e-07
 5.00001e-07
 5.00000e-07
 5.00000e-07
 2.50000e-07
 1.29381e-06
 1.21098e-06
 1.20425e-06
 1.21916e-06
 1.23314e-06
 1.24328e-06
 1.24775e-06
 1.24622e-06
 1.23518e-06
 1.20763e-06
 1.15642e-06
 1.07711e-06
 9.73599e-07
 8.58336e-07
 7.46732e-07
 6.51359e-07
 5.79907e-07
 5.34774e-07
 5.12158e-07
 5.03520e-07
 5.00915e-07
 5.00227e-07
 5.00055e-07
 5.00013e-07
 5.00003e-07
 5.00001e-07
 5.00000e-07
 5.00000e-07
 2.50000e-07
 1.29381e-06
 1.21098e-06
 1.20425e-06
 1.21916e-06
 1.23314e-06
 1.24328e-06
 1.24775e-06
 1.24622e-06
 1.23518e-06
 1.20763e-06
 1.15642e-06
 1.07711e-06
 9.73599e-07
 8.58336e-07
 7.46732e-07
 6.51359e-07
 5.79907e-07
 5.34774e-07
 5.12158e-07
 5.03520e-07
 5.00915e-07
 5.00227e-07
 5.00055e-07
 5.00013e-07
 5.00003e-07
 5.00001e-07
 5.00000e-07
 5.00000e-07
 2.50000e-07
 1.29381e-06
 1.21098e-06
 1.20425e-06
 1.21916e-06
 1.23314e-06
 1.24328e-06
 1.24775e-06
 1.24622e-06
 1.23518e-06
 1.20763e-06
 1.15642e-06
 1.07711e-06
 9.73599e-07
 8.58336e-07
 7.46732e-07
 6.51359e-07
 5.79907e-07
 5.34774e-07
 5.12158e-07
 5.03520e-07
 5.00915e-07
 5.00227e-07
 5.00055e-07
 5.00013e-07
 5.00003e-07
 5.00001e-07
 5.00000e-07
 5.00000e-07
 2.50000e-07
 6.46903e-07
 6.05489e-07
 6.02125e-07
 6.09582e-07
 6.16572e-07
 6.21638e-07
 6.23873e-07
 6.23108e-07
 6.17592e-07
 6.03814e-07
 5.78210e-07
 5.38553e-07
 4.86799e-07
 4.29168e-07
 3.73366e-07
 3.25680e-07
 2.89953e-07
 2.67387e-07
 2.56079e-07
 2.51760e-07
 2.50457e-07
 2.50113e-07
 2.50027e-07
 2.50007e-07
 2.50002e-07
 2.50000e-07
 2.50000e-07
 2.50000e-07
 1.25000e-07
 3.23451e-07
 3.02744e-07
 3.01063e-07
 3.04791e-07
 3.08286e-07
 3.10819e-07
 3.11936e-07
 3.11554e-07
 3.08796e-07
 3.01907e-07
 2.89105e-07
 2.69276e-07
 2.43400e-07
 2.14584e-07
 1.86683e-07
 1.62840e-07
 1.44977e-07
 1.33693e-07
 1.28039e-07
 1.25880e-07
 1.25229e-07
 1.25057e-07
 1.25014e-07
 1.25003e-07
 1.25001e-07
 1.25000e-07
 1.25000e-07
 1.25000e-07
 6.25000e-08
 6.46903e-07
 6.05489e-07
 6.02125e-07
 6.09582e-07
 6.16572e-07
 6.21638e-07
 6.23873e-07
 6.23108e-07
 6.17592e-07
 6.03814e-07
 5.78210e-07
 5.38553e-07
 4.86799e-07
 4.29168e-07
 3.73366e-07
 3.25680e-07
 2.89953e-07
 2.67387e-07
 2.56079e-07
 2.51760e-07
 2.50457e-07
 2.50113e-07
 2.50027e-07
 2.50007e-07
 2.50002e-07
 2.50000e-07
 2.50000e-07
 2.50000e-07
 1.25000e-07
 6.46903e-07
 6.05489e-07
 6.02125e-07
 6.09582e-07
 6.16572e-07
 6.21638e-07
 6.23873e-07
 6.23108e-07
 6.17592e-07
 6.03814e-07
 5.78210e-07
 5.38553e-07
 4.86799e-07
 4.29168e-07
 3.73366e-07
 3.25680e-07
 2.89953e-07
 2.67387e-07
 2.56079e-07
 2.51760e-07
 2.50457e-07
 2.50113e-07
 2.50027e-07
 2.50007e-07
 2.50002e-07
 2.50000e-07
 2.50000e-07
 2.50000e-07
 1.25000e-07
 6.46903e-07
 6.05489e-07
 6.02125e-07
 6.09582e-07
 6.16572e-07
 6.21638e-07
 6.23873e-07
 6.23108e-07
 6.17592e-07
 6.03814e-07
 5.78210e-07
 5.38553e-07
 4.86799e-07
 4.29168e-07
 3.73366e-07
 3.25680e-07
 2.89953e-07
 2.67387e-07
 2.56079e-07
 2.51760e-07
 2.50457e-07
 2.50113e-07
 2.50027e-07
 2.50007e-07
 2.50002e-07
 2.50000e-07
 2.50000e-07
 2.50000e-07
 1.25000e-07
 6.46903e-07
 6.05489e-07
 6.02125e-07
 6.09582e-07
 6.16572e-07
 6.21638e-07
 6.23873e-07
 6.23108e-07
 6.17592e-07
 6.03814e-07
 5.78210e-07
 5.38553e-07
 4.86799e-07
 4.29168e-07
 3.73366e-07
 3.25680e-07
 2.89953e-07
 2.67387e-07
 2.56079e-07
 2.51760e-07
 2.50457e-07
 2.50113e-07
 2.50027e-07
 2.50007e-07
 2.50002e-07
 2.50000e-07
 2.50000e-07
 2.50000e-07
 1.25000e-07
 3.23451e-07
 3.02744e-07
 3.01063e-07
 3.04791e-07
 3.08286e-07
 3.10819e-07
 3.11936e-07
 3.11554e-07
 3.08796e-07
 3.01907e-07
 2.89105e-07
 2.69276e-07
 2.43400e-07
 2.14584e-07
 1.86683e-07
 1.62840e-07
 1.44977e-07
 1.33693e-07
 1.28039e-07
 1.25880e-07
 1.25229e-07
 1.25057e-07
 1.25014e-07
 1.25003e-07
 1.25001e-07
 1.25000e-07
 1.25000e-07
 1.25000e-07
 6.25000e-08
