NodeMass
part
         1
coordinates
 5.00000e-07
 1.00000e-06
 1.00000e-06
 1.00000e-06
 1.00000e-06
 5.00000e-07
 1.00000e-06
 2.00000e-06
 2.00000e-06
 2.00000e-06
 2.00000e-06
 1.00000e-06
 1.00000e-06
 2.00000e-06
 2.00000e-06
 2.00000e-06
 2.00000e-06
 1.00000e-06
 1.00000e-06
 2.00000e-06
 2.00000e-06
 2.00000e-06
 2.00000e-06
 1.00000e-06
 1.00000e-06
 2.00000e-06
 2.00000e-06
 2.00000e-06
 2.00000e-06
 1.00000e-06
 1.00000e-06
 2.00000e-06
 2.00000e-06
 2.00000e-06
 2.00000e-06
 1.00000e-06
 1.00000e-06
 2.00000e-06
 2.00000e-06
 2.00000e-06
 2.00000e-06
 1.00000e-06
 1.00000e-06
 2.00000e-06
 2.00000e-06
 2.00000e-06
 2.00000e-06
 1.00000e-06
 1.00000e-06
 2.00000e-06
 2.00000e-06
 2.00000e-06
 2.00000e-06
 1.00000e-06
 1.00000e-06
 2.00000e-06
 2.00000e-06
 2.00000e-06
 2.00000e-06
 1.00000e-06
 1.00000e-06
 2.00000e-06
 2.00000e-06
 2.00000e-06
 2.00000e-06
 1.00000e-06
 1.00000e-06
 2.00000e-06
 2.00000e-06
 2.00000e-06
 2.00000e-06
 1.00000e-06
 1.00000e-06
 2.00000e-06
 2.00000e-06
 2.00000e-06
 2.00000e-06
 1.00000e-06
 1.00000e-06
 2.00000e-06
 2.00000e-06
 2.00000e-06
 2.00000e-06
 1.00000e-06
 1.00000e-06
 2.00000e-06
 2.00000e-06
 2.00000e-06
 2.00000e-06
 1.00000e-06
 1.00000e-06
 2.00000e-06
 2.00000e-06
 2.00000e-06
 2.00000e-06
 1.00000e-06
 1.00000e-06
 2.00000e-06
 2.00000e-06
 2.00000e-06
 2.00000e-06
 1.00000e-06
 1.00000e-06
 2.00000e-06
 2.00000e-06
 2.00000e-06
 2.00000e-06
 1.00000e-06
 1.00000e-06
 2.00000e-06
 2.00000e-06
 2.00000e-06
 2.00000e-06
 1.00000e-06
 1.00000e-06
 2.00000e-06
 2.00000e-06
 2.00000e-06
 2.00000e-06
 1.00000e-06
 1.00000e-06
 2.00000e-06
 2.00000e-06
 2.00000e-06
 2.00000e-06
 1.00000e-06
 1.00000e-06
 2.00000e-06
 2.00000e-06
 2.00000e-06
 2.00000e-06
 1.00000e-06
 1.00000e-06
 2.00000e-06
 2.00000e-06
 2.00000e-06
 2.00000e-06
 1.00000e-06
 1.00000e-06
 2.00000e-06
 2.00000e-06
 2.00000e-06
 2.00000e-06
 1.00000e-06
 1.00000e-06
 2.00000e-06
 2.00000e-06
 2.00000e-06
 2.00000e-06
 1.00000e-06
 1.00000e-06
 2.00000e-06
 2.00000e-06
 2.00000e-06
 2.00000e-06
 1.00000e-06
 1.00000e-06
 2.00000e-06
 2.00000e-06
 2.00000e-06
 2.00000e-06
 1.00000e-06
 9.99999e-07
 2.00000e-06
 2.00000e-06
 2.00000e-06
 2.00000e-06
 9.99999e-07
 1.00000e-06
 2.00000e-06
 2.00000e-06
 2.00000e-06
 2.00000e-06
 1.00000e-06
 2.00000e-06
 4.00000e-06
 4.00000e-06
 4.00000e-06
 4.00000e-06
 2.00000e-06
 2.00000e-06
 4.00000e-06
 4.00000e-06
 4.00000e-06
 4.00000e-06
 2.00000e-06
 2.00000e-06
 4.00000e-06
 4.00000e-06
 4.00000e-06
 4.00000e-06
 2.00000e-06
 2.00000e-06
 4.00000e-06
 4.00000e-06
 4.00000e-06
 4.00000e-06
 2.00000e-06
 2.00000e-06
 4.00000e-06
 4.00000e-06
 4.00000e-06
 4.00000e-06
 2.00000e-06
 2.00000e-06
 4.00000e-06
 4.00000e-06
 4.00000e-06
 4.00000e-06
 2.00000e-06
 2.00000e-06
 4.00000e-06
 4.00000e-06
 4.00000e-06
 4.00000e-06
 2.00000e-06
 2.00000e-06
 4.00000e-06
 4.00000e-06
 4.00000e-06
 4.00000e-06
 2.00000e-06
 2.00000e-06
 4.00000e-06
 4.00000e-06
 4.00000e-06
 4.00000e-06
 2.00000e-06
 2.00000e-06
 4.00000e-06
 4.00000e-06
 4.00000e-06
 4.00000e-06
 2.00000e-06
 2.00000e-06
 4.00000e-06
 4.00000e-06
 4.00000e-06
 4.00000e-06
 2.00000e-06
 2.00000e-06
 4.00000e-06
 4.00000e-06
 4.00000e-06
 4.00000e-06
 2.00000e-06
 2.00000e-06
 4.00000e-06
 4.00000e-06
 4.00000e-06
 4.00000e-06
 2.00000e-06
 2.00000e-06
 4.00000e-06
 4.00000e-06
 4.00000e-06
 4.00000e-06
 2.00000e-06
 2.00000e-06
 4.00000e-06
 4.00000e-06
 4.00000e-06
 4.00000e-06
 2.00000e-06
 2.00000e-06
 4.00000e-06
 4.00000e-06
 4.00000e-06
 4.00000e-06
 2.00000e-06
 2.00000e-06
 4.00000e-06
 4.00000e-06
 4.00000e-06
 4.00000e-06
 2.00000e-06
 2.00000e-06
 4.00000e-06
 4.00000e-06
 4.00000e-06
 4.00000e-06
 2.00000e-06
 2.00000e-06
 4.00000e-06
 4.00000e-06
 4.00000e-06
 4.00000e-06
 2.00000e-06
 2.00000e-06
 4.00000e-06
 4.00000e-06
 4.00000e-06
 4.00000e-06
 2.00000e-06
 2.00000e-06
 4.00000e-06
 4.00000e-06
 4.00000e-06
 4.00000e-06
 2.00000e-06
 2.00000e-06
 4.00000e-06
 4.00000e-06
 4.00000e-06
 4.00000e-06
 2.00000e-06
 2.00000e-06
 4.00000e-06
 4.00000e-06
 4.00000e-06
 4.00000e-06
 2.00000e-06
 2.00000e-06
 4.00000e-06
 4.00000e-06
 4.00000e-06
 4.00000e-06
 2.00000e-06
 2.00000e-06
 4.00000e-06
 4.00000e-06
 4.00000e-06
 4.00000e-06
 2.00000e-06
 2.00000e-06
 4.00000e-06
 4.00000e-06
 4.00000e-06
 4.00000e-06
 2.00000e-06
 2.00000e-06
 4.00000e-06
 4.00000e-06
 4.00000e-06
 4.00000e-06
 2.00000e-06
 1.00000e-06
 2.00000e-06
 2.00000e-06
 2.00000e-06
 2.00000e-06
 1.00000e-06
 2.00000e-06
 4.00000e-06
 4.00000e-06
 4.00000e-06
 4.00000e-06
 2.00000e-06
 2.00000e-06
 4.00000e-06
 4.00000e-06
 4.00000e-06
 4.00000e-06
 2.00000e-06
 2.00000e-06
 4.00000e-06
 4.00000e-06
 4.00000e-06
 4.00000e-06
 2.00000e-06
 2.00000e-06
 4.00000e-06
 4.00000e-06
 4.00000e-06
 4.00000e-06
 2.00000e-06
 2.00000e-06
 4.00000e-06
 4.00000e-06
 4.00000e-06
 4.00000e-06
 2.00000e-06
 2.00000e-06
 4.00000e-06
 4.00000e-06
 4.00000e-06
 4.00000e-06
 2.00000e-06
 2.00000e-06
 4.00000e-06
 4.00000e-06
 4.00000e-06
 4.00000e-06
 2.00000e-06
 2.00000e-06
 4.00000e-06
 4.00000e-06
 4.00000e-06
 4.00000e-06
 2.00000e-06
 2.00000e-06
 4.00000e-06
 4.00000e-06
 4.00000e-06
 4.00000e-06
 2.00000e-06
 2.00000e-06
 4.00000e-06
 4.00000e-06
 4.00000e-06
 4.00000e-06
 2.00000e-06
 2.00000e-06
 4.00000e-06
 4.00000e-06
 4.00000e-06
 4.00000e-06
 2.00000e-06
 2.00000e-06
 4.00000e-06
 4.00000e-06
 4.00000e-06
 4.00000e-06
 2.00000e-06
 2.00000e-06
 4.00000e-06
 4.00000e-06
 4.00000e-06
 4.00000e-06
 2.00000e-06
 2.00000e-06
 4.00000e-06
 4.00000e-06
 4.00000e-06
 4.00000e-06
 2.00000e-06
 2.00000e-06
 4.00000e-06
 4.00000e-06
 4.00000e-06
 4.00000e-06
 2.00000e-06
 2.00000e-06
 4.00000e-06
 4.00000e-06
 4.00000e-06
 4.00000e-06
 2.00000e-06
 2.00000e-06
 4.00000e-06
 4.00000e-06
 4.00000e-06
 4.00000e-06
 2.00000e-06
 2.00000e-06
 4.00000e-06
 4.00000e-06
 4.00000e-06
 4.00000e-06
 2.00000e-06
 2.00000e-06
 4.00000e-06
 4.00000e-06
 4.00000e-06
 4.00000e-06
 2.00000e-06
 2.00000e-06
 4.00000e-06
 4.00000e-06
 4.00000e-06
 4.00000e-06
 2.00000e-06
 2.00000e-06
 4.00000e-06
 4.00000e-06
 4.00000e-06
 4.00000e-06
 2.00000e-06
 2.00000e-06
 4.00000e-06
 4.00000e-06
 4.00000e-06
 4.00000e-06
 2.00000e-06
 2.00000e-06
 4.00000e-06
 4.00000e-06
 4.00000e-06
 4.00000e-06
 2.00000e-06
 2.00000e-06
 4.00000e-06
 4.00000e-06
 4.00000e-06
 4.00000e-06
 2.00000e-06
 2.00000e-06
 4.00000e-06
 4.00000e-06
 4.00000e-06
 4.00000e-06
 2.00000e-06
 2.00000e-06
 4.00000e-06
 4.00000e-06
 4.00000e-06
 4.00000e-06
 2.00000e-06
 2.00000e-06
 4.00000e-06
 4.00000e-06
 4.00000e-06
 4.00000e-06
 2.00000e-06
 1.00000e-06
 2.00000e-06
 2.00000e-06
 2.00000e-06
 2.00000e-06
 1.00000e-06
 2.00000e-06
 4.00000e-06
 4.00000e-06
 4.00000e-06
 4.00000e-06
 2.00000e-06
 2.00000e-06
 4.00000e-06
 4.00000e-06
 4.00000e-06
 4.00000e-06
 2.00000e-06
 2.00000e-06
 4.00000e-06
 4.00000e-06
 4.00000e-06
 4.00000e-06
 2.00000e-06
 2.00000e-06
 4.00000e-06
 4.00000e-06
 4.00000e-06
 4.00000e-06
 2.00000e-06
 2.00000e-06
 4.00000e-06
 4.00000e-06
 4.00000e-06
 4.00000e-06
 2.00000e-06
 2.00000e-06
 4.00000e-06
 4.00000e-06
 4.00000e-06
 4.00000e-06
 2.00000e-06
 2.00000e-06
 4.00000e-06
 4.00000e-06
 4.00000e-06
 4.00000e-06
 2.00000e-06
 2.00000e-06
 4.00000e-06
 4.00000e-06
 4.00000e-06
 4.00000e-06
 2.00000e-06
 2.00000e-06
 4.00000e-06
 4.00000e-06
 4.00000e-06
 4.00000e-06
 2.00000e-06
 2.00000e-06
 4.00000e-06
 4.00000e-06
 4.00000e-06
 4.00000e-06
 2.00000e-06
 2.00000e-06
 4.00000e-06
 4.00000e-06
 4.00000e-06
 4.00000e-06
 2.00000e-06
 2.00000e-06
 4.00000e-06
 4.00000e-06
 4.00000e-06
 4.00000e-06
 2.00000e-06
 2.00000e-06
 4.00000e-06
 4.00000e-06
 4.00000e-06
 4.00000e-06
 2.00000e-06
 2.00000e-06
 4.00000e-06
 4.00000e-06
 4.00000e-06
 4.00000e-06
 2.00000e-06
 2.00000e-06
 4.00000e-06
 4.00000e-06
 4.00000e-06
 4.00000e-06
 2.00000e-06
 2.00000e-06
 4.00000e-06
 4.00000e-06
 4.00000e-06
 4.00000e-06
 2.00000e-06
 2.00000e-06
 4.00000e-06
 4.00000e-06
 4.00000e-06
 4.00000e-06
 2.00000e-06
 2.00000e-06
 4.00000e-06
 4.00000e-06
 4.00000e-06
 4.00000e-06
 2.00000e-06
 2.00000e-06
 4.00000e-06
 4.00000e-06
 4.00000e-06
 4.00000e-06
 2.00000e-06
 2.00000e-06
 4.00000e-06
 4.00000e-06
 4.00000e-06
 4.00000e-06
 2.00000e-06
 2.00000e-06
 4.00000e-06
 4.00000e-06
 4.00000e-06
 4.00000e-06
 2.00000e-06
 2.00000e-06
 4.00000e-06
 4.00000e-06
 4.00000e-06
 4.00000e-06
 2.00000e-06
 2.00000e-06
 4.00000e-06
 4.00000e-06
 4.00000e-06
 4.00000e-06
 2.00000e-06
 2.00000e-06
 4.00000e-06
 4.00000e-06
 4.00000e-06
 4.00000e-06
 2.00000e-06
 2.00000e-06
 4.00000e-06
 4.00000e-06
 4.00000e-06
 4.00000e-06
 2.00000e-06
 2.00000e-06
 4.00000e-06
 4.00000e-06
 4.00000e-06
 4.00000e-06
 2.00000e-06
 2.00000e-06
 4.00000e-06
 4.00000e-06
 4.00000e-06
 4.00000e-06
 2.00000e-06
 1.00000e-06
 2.00000e-06
 2.00000e-06
 2.00000e-06
 2.00000e-06
 1.00000e-06
 2.00000e-06
 4.00000e-06
 4.00000e-06
 4.00000e-06
 4.00000e-06
 2.00000e-06
 2.00000e-06
 4.00000e-06
 4.00000e-06
 4.00000e-06
 4.00000e-06
 2.00000e-06
 2.00000e-06
 4.00000e-06
 4.00000e-06
 4.00000e-06
 4.00000e-06
 2.00000e-06
 2.00000e-06
 4.00000e-06
 4.00000e-06
 4.00000e-06
 4.00000e-06
 2.00000e-06
 2.00000e-06
 4.00000e-06
 4.00000e-06
 4.00000e-06
 4.00000e-06
 2.00000e-06
 2.00000e-06
 4.00000e-06
 4.00000e-06
 4.00000e-06
 4.00000e-06
 2.00000e-06
 2.00000e-06
 4.00000e-06
 4.00000e-06
 4.00000e-06
 4.00000e-06
 2.00000e-06
 2.00000e-06
 4.00000e-06
 4.00000e-06
 4.00000e-06
 4.00000e-06
 2.00000e-06
 2.00000e-06
 4.00000e-06
 4.00000e-06
 4.00000e-06
 4.00000e-06
 2.00000e-06
 2.00000e-06
 4.00000e-06
 4.00000e-06
 4.00000e-06
 4.00000e-06
 2.00000e-06
 2.00000e-06
 4.00000e-06
 4.00000e-06
 4.00000e-06
 4.00000e-06
 2.00000e-06
 2.00000e-06
 4.00000e-06
 4.00000e-06
 4.00000e-06
 4.00000e-06
 2.00000e-06
 2.00000e-06
 4.00000e-06
 4.00000e-06
 4.00000e-06
 4.00000e-06
 2.00000e-06
 2.00000e-06
 4.00000e-06
 4.00000e-06
 4.00000e-06
 4.00000e-06
 2.00000e-06
 2.00000e-06
 4.00000e-06
 4.00000e-06
 4.00000e-06
 4.00000e-06
 2.00000e-06
 2.00000e-06
 4.00000e-06
 4.00000e-06
 4.00000e-06
 4.00000e-06
 2.00000e-06
 2.00000e-06
 4.00000e-06
 4.00000e-06
 4.00000e-06
 4.00000e-06
 2.00000e-06
 2.00000e-06
 4.00000e-06
 4.00000e-06
 4.00000e-06
 4.00000e-06
 2.00000e-06
 2.00000e-06
 4.00000e-06
 4.00000e-06
 4.00000e-06
 4.00000e-06
 2.00000e-06
 2.00000e-06
 4.00000e-06
 4.00000e-06
 4.00000e-06
 4.00000e-06
 2.00000e-06
 2.00000e-06
 4.00000e-06
 4.00000e-06
 4.00000e-06
 4.00000e-06
 2.00000e-06
 2.00000e-06
 4.00000e-06
 4.00000e-06
 4.00000e-06
 4.00000e-06
 2.00000e-06
 2.00000e-06
 4.00000e-06
 4.00000e-06
 4.00000e-06
 4.00000e-06
 2.00000e-06
 2.00000e-06
 4.00000e-06
 4.00000e-06
 4.00000e-06
 4.00000e-06
 2.00000e-06
 2.00000e-06
 4.00000e-06
 4.00000e-06
 4.00000e-06
 4.00000e-06
 2.00000e-06
 2.00000e-06
 4.00000e-06
 4.00000e-06
 4.00000e-06
 4.00000e-06
 2.00000e-06
 2.00000e-06
 4.00000e-06
 4.00000e-06
 4.00000e-06
 4.00000e-06
 2.00000e-06
 5.00000e-07
 1.00000e-06
 1.00000e-06
 1.00000e-06
 1.00000e-06
 5.00000e-07
 1.00000e-06
 2.00000e-06
 2.00000e-06
 2.00000e-06
 2.00000e-06
 1.00000e-06
 1.00000e-06
 2.00000e-06
 2.00000e-06
 2.00000e-06
 2.00000e-06
 1.00000e-06
 1.00000e-06
 2.00000e-06
 2.00000e-06
 2.00000e-06
 2.00000e-06
 1.00000e-06
 1.00000e-06
 2.00000e-06
 2.00000e-06
 2.00000e-06
 2.00000e-06
 1.00000e-06
 1.00000e-06
 2.00000e-06
 2.00000e-06
 2.00000e-06
 2.00000e-06
 1.00000e-06
 1.00000e-06
 2.00000e-06
 2.00000e-06
 2.00000e-06
 2.00000e-06
 1.00000e-06
 1.00000e-06
 2.00000e-06
 2.00000e-06
 2.00000e-06
 2.00000e-06
 1.00000e-06
 1.00000e-06
 2.00000e-06
 2.00000e-06
 2.00000e-06
 2.00000e-06
 1.00000e-06
 1.00000e-06
 2.00000e-06
 2.00000e-06
 2.00000e-06
 2.00000e-06
 1.00000e-06
 1.00000e-06
 2.00000e-06
 2.00000e-06
 2.00000e-06
 2.00000e-06
 1.00000e-06
 1.00000e-06
 2.00000e-06
 2.00000e-06
 2.00000e-06
 2.00000e-06
 1.00000e-06
 1.00000e-06
 2.00000e-06
 2.00000e-06
 2.00000e-06
 2.00000e-06
 1.00000e-06
 1.00000e-06
 2.00000e-06
 2.00000e-06
 2.00000e-06
 2.00000e-06
 1.00000e-06
 1.00000e-06
 2.00000e-06
 2.00000e-06
 2.00000e-06
 2.00000e-06
 1.00000e-06
 1.00000e-06
 2.00000e-06
 2.00000e-06
 2.00000e-06
 2.00000e-06
 1.00000e-06
 1.00000e-06
 2.00000e-06
 2.00000e-06
 2.00000e-06
 2.00000e-06
 1.00000e-06
 1.00000e-06
 2.00000e-06
 2.00000e-06
 2.00000e-06
 2.00000e-06
 1.00000e-06
 1.00000e-06
 2.00000e-06
 2.00000e-06
 2.00000e-06
 2.00000e-06
 1.00000e-06
 1.00000e-06
 2.00000e-06
 2.00000e-06
 2.00000e-06
 2.00000e-06
 1.00000e-06
 1.00000e-06
 2.00000e-06
 2.00000e-06
 2.00000e-06
 2.00000e-06
 1.00000e-06
 1.00000e-06
 2.00000e-06
 2.00000e-06
 2.00000e-06
 2.00000e-06
 1.00000e-06
 1.00000e-06
 2.00000e-06
 2.00000e-06
 2.00000e-06
 2.00000e-06
 1.00000e-06
 1.00000e-06
 2.00000e-06
 2.00000e-06
 2.00000e-06
 2.00000e-06
 1.00000e-06
 1.00000e-06
 2.00000e-06
 2.00000e-06
 2.00000e-06
 2.00000e-06
 1.00000e-06
 1.00000e-06
 2.00000e-06
 2.00000e-06
 2.00000e-06
 2.00000e-06
 1.00000e-06
 1.00000e-06
 2.00000e-06
 2.00000e-06
 2.00000e-06
 2.00000e-06
 1.00000e-06
 9.99999e-07
 2.00000e-06
 2.00000e-06
 2.00000e-06
 2.00000e-06
 9.99999e-07
part
         2
coordinates
 1.00000e-06
 2.00000e-06
 2.00000e-06
 2.00000e-06
 2.00000e-06
 1.00000e-06
 1.00000e-06
 2.00000e-06
 2.00000e-06
 2.00000e-06
 2.00000e-06
 1.00000e-06
 1.00000e-06
 2.00000e-06
 2.00000e-06
 2.00000e-06
 2.00000e-06
 1.00000e-06
 1.00000e-06
 2.00000e-06
 2.00000e-06
 2.00000e-06
 2.00000e-06
 1.00000e-06
 9.99999e-07
 2.00000e-06
 2.00000e-06
 2.00000e-06
 2.00000e-06
 9.99999e-07
 9.99992e-07
 1.99998e-06
 1.99998e-06
 1.99998e-06
 1.99998e-06
 9.99992e-07
 9.99947e-07
 1.99989e-06
 1.99989e-06
 1.99989e-06
 1.99989e-06
 9.99947e-07
 9.99690e-07
 1.99938e-06
 1.99938e-06
 1.99938e-06
 1.99938e-06
 9.99690e-07
 9.98464e-07
 1.99693e-06
 1.99693e-06
 1.99693e-06
 1.99693e-06
 9.98464e-07
 9.93792e-07
 1.98758e-06
 1.98758e-06
 1.98758e-06
 1.98758e-06
 9.93792e-07
 9.80430e-07
 1.96086e-06
 1.96086e-06
 1.96086e-06
 1.96086e-06
 9.80430e-07
 9.52903e-07
 1.90581e-06
 1.90581e-06
 1.90581e-06
 1.90581e-06
 9.52903e-07
 9.11037e-07
 1.82207e-06
 1.82207e-06
 1.82207e-06
 1.82207e-06
 9.11037e-07
 8.59972e-07
 1.71994e-06
 1.71994e-06
 1.71994e-06
 1.71994e-06
 8.59972e-07
 8.05044e-07
 1.61009e-06
 1.61009e-06
 1.61009e-06
 1.61009e-06
 8.05044e-07
 7.49822e-07
 1.49964e-06
 1.49964e-06
 1.49964e-06
 1.49964e-06
 7.49822e-07
 6.96771e-07
 1.39354e-06
 1.39354e-06
 1.39354e-06
 1.39354e-06
 6.96771e-07
 6.47042e-07
 1.29408e-06
 1.29408e-06
 1.29408e-06
 1.29408e-06
 6.47042e-07
 6.02045e-07
 1.20409e-06
 1.20409e-06
 1.20409e-06
 1.20409e-06
 6.02045e-07
 5.60175e-07
 1.12035e-06
 1.12035e-06
 1.12035e-06
 1.12035e-06
 5.60175e-07
 5.29013e-07
 1.05803e-06
 1.05803e-06
 1.05803e-06
 1.05803e-06
 5.29013e-07
 5.08210e-07
 1.01642e-06
 1.01642e-06
 1.01642e-06
 1.01642e-06
 5.08210e-07
 4.93770e-07
 9.87540e-07
 9.87540e-07
 9.87540e-07
 9.87540e-07
 4.93770e-07
 4.90326e-07
 9.80653e-07
 9.80653e-07
 9.80653e-07
 9.80653e-07
 4.90326e-07
 4.92296e-07
 9.84592e-07
 9.84592e-07
 9.84592e-07
 9.84592e-07
 4.92296e-07
 4.93885e-07
 9.87769e-07
 9.87769e-07
 9.87769e-07
 9.87769e-07
 4.93885e-07
 4.93460e-07
 9.86920e-07
 9.86920e-07
 9.86920e-07
 9.86920e-07
 4.93460e-07
 4.92764e-07
 9.85529e-07
 9.85529e-07
 9.85529e-07
 9.85529e-07
 4.92764e-07
 4.93008e-07
 9.86016e-07
 9.86016e-07
 9.86016e-07
 9.86016e-07
 4.93008e-07
 4.94460e-07
 9.88920e-07
 9.88920e-07
 9.88920e-07
 9.88920e-07
 4.94460e-07
 2.00000e-06
 4.00000e-06
 4.00000e-06
 4.00000e-06
 4.00000e-06
 2.00000e-06
 2.00000e-06
 4.00000e-06
 4.00000e-06
 4.00000e-06
 4.00000e-06
 2.00000e-06
 2.00000e-06
 4.00000e-06
 4.00000e-06
 4.00000e-06
 4.00000e-06
 2.00000e-06
 2.00000e-06
 4.00000e-06
 4.00000e-06
 4.00000e-06
 4.00000e-06
 2.00000e-06
 2.00000e-06
 4.00000e-06
 4.00000e-06
 4.00000e-06
 4.00000e-06
 2.00000e-06
 1.99998e-06
 3.99997e-06
 3.99997e-06
 3.99997e-06
 3.99997e-06
 1.99998e-06
 1.99989e-06
 3.99979e-06
 3.99979e-06
 3.99979e-06
 3.99979e-06
 1.99989e-06
 1.99938e-06
 3.99876e-06
 3.99876e-06
 3.99876e-06
 3.99876e-06
 1.99938e-06
 1.99693e-06
 3.99386e-06
 3.99386e-06
 3.99386e-06
 3.99386e-06
 1.99693e-06
 1.98758e-06
 3.97517e-06
 3.97517e-06
 3.97517e-06
 3.97517e-06
 1.98758e-06
 1.96086e-06
 3.92172e-06
 3.92172e-06
 3.92172e-06
 3.92172e-06
 1.96086e-06
 1.90581e-06
 3.81161e-06
 3.81161e-06
 3.81161e-06
 3.81161e-06
 1.90581e-06
 1.82207e-06
 3.64415e-06
 3.64415e-06
 3.64415e-06
 3.64415e-06
 1.82207e-06
 1.71994e-06
 3.43989e-06
 3.43989e-06
 3.43989e-06
 3.43989e-06
 1.71994e-06
 1.61009e-06
 3.22018e-06
 3.22018e-06
 3.22018e-06
 3.22018e-06
 1.61009e-06
 1.49964e-06
 2.99929e-06
 2.99929e-06
 2.99929e-06
 2.99929e-06
 1.49964e-06
 1.39354e-06
 2.78708e-06
 2.78708e-06
 2.78708e-06
 2.78708e-06
 1.39354e-06
 1.29408e-06
 2.58817e-06
 2.58817e-06
 2.58817e-06
 2.58817e-06
 1.29408e-06
 1.20409e-06
 2.40818e-06
 2.40818e-06
 2.40818e-06
 2.40818e-06
 1.20409e-06
 1.12035e-06
 2.24070e-06
 2.24070e-06
 2.24070e-06
 2.24070e-06
 1.12035e-06
 1.05803e-06
 2.11605e-06
 2.11605e-06
 2.11605e-06
 2.11605e-06
 1.05803e-06
 1.01642e-06
 2.03284e-06
 2.03284e-06
 2.03284e-06
 2.03284e-06
 1.01642e-06
 9.87540e-07
 1.97508e-06
 1.97508e-06
 1.97508e-06
 1.97508e-06
 9.87540e-07
 9.80653e-07
 1.96131e-06
 1.96131e-06
 1.96131e-06
 1.96131e-06
 9.80653e-07
 9.84592e-07
 1.96918e-06
 1.96918e-06
 1.96918e-06
 1.96918e-06
 9.84592e-07
 9.87769e-07
 1.97554e-06
 1.97554e-06
 1.97554e-06
 1.97554e-06
 9.87769e-07
 9.86920e-07
 1.97384e-06
 1.97384e-06
 1.97384e-06
 1.97384e-06
 9.86920e-07
 9.85529e-07
 1.97106e-06
 1.97106e-06
 1.97106e-06
 1.97106e-06
 9.85529e-07
 9.86016e-07
 1.97203e-06
 1.97203e-06
 1.97203e-06
 1.97203e-06
 9.86016e-07
 9.88920e-07
 1.97784e-06
 1.97784e-06
 1.97784e-06
 1.97784e-06
 9.88920e-07
 2.00000e-06
 4.00000e-06
 4.00000e-06
 4.00000e-06
 4.00000e-06
 2.00000e-06
 2.00000e-06
 4.00000e-06
 4.00000e-06
 4.00000e-06
 4.00000e-06
 2.00000e-06
 2.00000e-06
 4.00000e-06
 4.00000e-06
 4.00000e-06
 4.00000e-06
 2.00000e-06
 2.00000e-06
 4.00000e-06
 4.00000e-06
 4.00000e-06
 4.00000e-06
 2.00000e-06
 2.00000e-06
 4.00000e-06
 4.00000e-06
 4.00000e-06
 4.00000e-06
 2.00000e-06
 1.99998e-06
 3.99997e-06
 3.99997e-06
 3.99997e-06
 3.99997e-06
 1.99998e-06
 1.99989e-06
 3.99979e-06
 3.99979e-06
 3.99979e-06
 3.99979e-06
 1.99989e-06
 1.99938e-06
 3.99876e-06
 3.99876e-06
 3.99876e-06
 3.99876e-06
 1.99938e-06
 1.99693e-06
 3.99386e-06
 3.99386e-06
 3.99386e-06
 3.99386e-06
 1.99693e-06
 1.98758e-06
 3.97517e-06
 3.97517e-06
 3.97517e-06
 3.97517e-06
 1.98758e-06
 1.96086e-06
 3.92172e-06
 3.92172e-06
 3.92172e-06
 3.92172e-06
 1.96086e-06
 1.90581e-06
 3.81161e-06
 3.81161e-06
 3.81161e-06
 3.81161e-06
 1.90581e-06
 1.82207e-06
 3.64415e-06
 3.64415e-06
 3.64415e-06
 3.64415e-06
 1.82207e-06
 1.71994e-06
 3.43989e-06
 3.43989e-06
 3.43989e-06
 3.43989e-06
 1.71994e-06
 1.61009e-06
 3.22018e-06
 3.22018e-06
 3.22018e-06
 3.22018e-06
 1.61009e-06
 1.49964e-06
 2.99929e-06
 2.99929e-06
 2.99929e-06
 2.99929e-06
 1.49964e-06
 1.39354e-06
 2.78708e-06
 2.78708e-06
 2.78708e-06
 2.78708e-06
 1.39354e-06
 1.29408e-06
 2.58817e-06
 2.58817e-06
 2.58817e-06
 2.58817e-06
 1.29408e-06
 1.20409e-06
 2.40818e-06
 2.40818e-06
 2.40818e-06
 2.40818e-06
 1.20409e-06
 1.12035e-06
 2.24070e-06
 2.24070e-06
 2.24070e-06
 2.24070e-06
 1.12035e-06
 1.05803e-06
 2.11605e-06
 2.11605e-06
 2.11605e-06
 2.11605e-06
 1.05803e-06
 1.01642e-06
 2.03284e-06
 2.03284e-06
 2.03284e-06
 2.03284e-06
 1.01642e-06
 9.87540e-07
 1.97508e-06
 1.97508e-06
 1.97508e-06
 1.97508e-06
 9.87540e-07
 9.80653e-07
 1.96131e-06
 1.96131e-06
 1.96131e-06
 1.96131e-06
 9.80653e-07
 9.84592e-07
 1.96918e-06
 1.96918e-06
 1.96918e-06
 1.96918e-06
 9.84592e-07
 9.87769e-07
 1.97554e-06
 1.97554e-06
 1.97554e-06
 1.97554e-06
 9.87769e-07
 9.86920e-07
 1.97384e-06
 1.97384e-06
 1.97384e-06
 1.97384e-06
 9.86920e-07
 9.85529e-07
 1.97106e-06
 1.97106e-06
 1.97106e-06
 1.97106e-06
 9.85529e-07
 9.86016e-07
 1.97203e-06
 1.97203e-06
 1.97203e-06
 1.97203e-06
 9.86016e-07
 9.88920e-07
 1.97784e-06
 1.97784e-06
 1.97784e-06
 1.97784e-06
 9.88920e-07
 2.00000e-06
 4.00000e-06
 4.00000e-06
 4.00000e-06
 4.00000e-06
 2.00000e-06
 2.00000e-06
 4.00000e-06
 4.00000e-06
 4.00000e-06
 4.00000e-06
 2.00000e-06
 2.00000e-06
 4.00000e-06
 4.00000e-06
 4.00000e-06
 4.00000e-06
 2.00000e-06
 2.00000e-06
 4.00000e-06
 4.00000e-06
 4.00000e-06
 4.00000e-06
 2.00000e-06
 2.00000e-06
 4.00000e-06
 4.00000e-06
 4.00000e-06
 4.00000e-06
 2.00000e-06
 1.99998e-06
 3.99997e-06
 3.99997e-06
 3.99997e-06
 3.99997e-06
 1.99998e-06
 1.99989e-06
 3.99979e-06
 3.99979e-06
 3.99979e-06
 3.99979e-06
 1.99989e-06
 1.99938e-06
 3.99876e-06
 3.99876e-06
 3.99876e-06
 3.99876e-06
 1.99938e-06
 1.99693e-06
 3.99386e-06
 3.99386e-06
 3.99386e-06
 3.99386e-06
 1.99693e-06
 1.98758e-06
 3.97517e-06
 3.97517e-06
 3.97517e-06
 3.97517e-06
 1.98758e-06
 1.96086e-06
 3.92172e-06
 3.92172e-06
 3.92172e-06
 3.92172e-06
 1.96086e-06
 1.90581e-06
 3.81161e-06
 3.81161e-06
 3.81161e-06
 3.81161e-06
 1.90581e-06
 1.82207e-06
 3.64415e-06
 3.64415e-06
 3.64415e-06
 3.64415e-06
 1.82207e-06
 1.71994e-06
 3.43989e-06
 3.43989e-06
 3.43989e-06
 3.43989e-06
 1.71994e-06
 1.61009e-06
 3.22018e-06
 3.22018e-06
 3.22018e-06
 3.22018e-06
 1.61009e-06
 1.49964e-06
 2.99929e-06
 2.99929e-06
 2.99929e-06
 2.99929e-06
 1.49964e-06
 1.39354e-06
 2.78708e-06
 2.78708e-06
 2.78708e-06
 2.78708e-06
 1.39354e-06
 1.29408e-06
 2.58817e-06
 2.58817e-06
 2.58817e-06
 2.58817e-06
 1.29408e-06
 1.20409e-06
 2.40818e-06
 2.40818e-06
 2.40818e-06
 2.40818e-06
 1.20409e-06
 1.12035e-06
 2.24070e-06
 2.24070e-06
 2.24070e-06
 2.24070e-06
 1.12035e-06
 1.05803e-06
 2.11605e-06
 2.11605e-06
 2.11605e-06
 2.11605e-06
 1.05803e-06
 1.01642e-06
 2.03284e-06
 2.03284e-06
 2.03284e-06
 2.03284e-06
 1.01642e-06
 9.87540e-07
 1.97508e-06
 1.97508e-06
 1.97508e-06
 1.97508e-06
 9.87540e-07
 9.80653e-07
 1.96131e-06
 1.96131e-06
 1.96131e-06
 1.96131e-06
 9.80653e-07
 9.84592e-07
 1.96918e-06
 1.96918e-06
 1.96918e-06
 1.96918e-06
 9.84592e-07
 9.87769e-07
 1.97554e-06
 1.97554e-06
 1.97554e-06
 1.97554e-06
 9.87769e-07
 9.86920e-07
 1.97384e-06
 1.97384e-06
 1.97384e-06
 1.97384e-06
 9.86920e-07
 9.85529e-07
 1.97106e-06
 1.97106e-06
 1.97106e-06
 1.97106e-06
 9.85529e-07
 9.86016e-07
 1.97203e-06
 1.97203e-06
 1.97203e-06
 1.97203e-06
 9.86016e-07
 9.88920e-07
 1.97784e-06
 1.97784e-06
 1.97784e-06
 1.97784e-06
 9.88920e-07
 2.00000e-06
 4.00000e-06
 4.00000e-06
 4.00000e-06
 4.00000e-06
 2.00000e-06
 2.00000e-06
 4.00000e-06
 4.00000e-06
 4.00000e-06
 4.00000e-06
 2.00000e-06
 2.00000e-06
 4.00000e-06
 4.00000e-06
 4.00000e-06
 4.00000e-06
 2.00000e-06
 2.00000e-06
 4.00000e-06
 4.00000e-06
 4.00000e-06
 4.00000e-06
 2.00000e-06
 2.00000e-06
 4.00000e-06
 4.00000e-06
 4.00000e-06
 4.00000e-06
 2.00000e-06
 1.99998e-06
 3.99997e-06
 3.99997e-06
 3.99997e-06
 3.99997e-06
 1.99998e-06
 1.99989e-06
 3.99979e-06
 3.99979e-06
 3.99979e-06
 3.99979e-06
 1.99989e-06
 1.99938e-06
 3.99876e-06
 3.99876e-06
 3.99876e-06
 3.99876e-06
 1.99938e-06
 1.99693e-06
 3.99386e-06
 3.99386e-06
 3.99386e-06
 3.99386e-06
 1.99693e-06
 1.98758e-06
 3.97517e-06
 3.97517e-06
 3.97517e-06
 3.97517e-06
 1.98758e-06
 1.96086e-06
 3.92172e-06
 3.92172e-06
 3.92172e-06
 3.92172e-06
 1.96086e-06
 1.90581e-06
 3.81161e-06
 3.81161e-06
 3.81161e-06
 3.81161e-06
 1.90581e-06
 1.82207e-06
 3.64415e-06
 3.64415e-06
 3.64415e-06
 3.64415e-06
 1.82207e-06
 1.71994e-06
 3.43989e-06
 3.43989e-06
 3.43989e-06
 3.43989e-06
 1.71994e-06
 1.61009e-06
 3.22018e-06
 3.22018e-06
 3.22018e-06
 3.22018e-06
 1.61009e-06
 1.49964e-06
 2.99929e-06
 2.99929e-06
 2.99929e-06
 2.99929e-06
 1.49964e-06
 1.39354e-06
 2.78708e-06
 2.78708e-06
 2.78708e-06
 2.78708e-06
 1.39354e-06
 1.29408e-06
 2.58817e-06
 2.58817e-06
 2.58817e-06
 2.58817e-06
 1.29408e-06
 1.20409e-06
 2.40818e-06
 2.40818e-06
 2.40818e-06
 2.40818e-06
 1.20409e-06
 1.12035e-06
 2.24070e-06
 2.24070e-06
 2.24070e-06
 2.24070e-06
 1.12035e-06
 1.05803e-06
 2.11605e-06
 2.11605e-06
 2.11605e-06
 2.11605e-06
 1.05803e-06
 1.01642e-06
 2.03284e-06
 2.03284e-06
 2.03284e-06
 2.03284e-06
 1.01642e-06
 9.87540e-07
 1.97508e-06
 1.97508e-06
 1.97508e-06
 1.97508e-06
 9.87540e-07
 9.80653e-07
 1.96131e-06
 1.96131e-06
 1.96131e-06
 1.96131e-06
 9.80653e-07
 9.84592e-07
 1.96918e-06
 1.96918e-06
 1.96918e-06
 1.96918e-06
 9.84592e-07
 9.87769e-07
 1.97554e-06
 1.97554e-06
 1.97554e-06
 1.97554e-06
 9.87769e-07
 9.86920e-07
 1.97384e-06
 1.97384e-06
 1.97384e-06
 1.97384e-06
 9.86920e-07
 9.85529e-07
 1.97106e-06
 1.97106e-06
 1.97106e-06
 1.97106e-06
 9.85529e-07
 9.86016e-07
 1.97203e-06
 1.97203e-06
 1.97203e-06
 1.97203e-06
 9.86016e-07
 9.88920e-07
 1.97784e-06
 1.97784e-06
 1.97784e-06
 1.97784e-06
 9.88920e-07
 1.00000e-06
 2.00000e-06
 2.00000e-06
 2.00000e-06
 2.00000e-06
 1.00000e-06
 1.00000e-06
 2.00000e-06
 2.00000e-06
 2.00000e-06
 2.00000e-06
 1.00000e-06
 1.00000e-06
 2.00000e-06
 2.00000e-06
 2.00000e-06
 2.00000e-06
 1.00000e-06
 1.00000e-06
 2.00000e-06
 2.00000e-06
 2.00000e-06
 2.00000e-06
 1.00000e-06
 9.99999e-07
 2.00000e-06
 2.00000e-06
 2.00000e-06
 2.00000e-06
 9.99999e-07
 9.99992e-07
 1.99998e-06
 1.99998e-06
 1.99998e-06
 1.99998e-06
 9.99992e-07
 9.99947e-07
 1.99989e-06
 1.99989e-06
 1.99989e-06
 1.99989e-06
 9.99947e-07
 9.99690e-07
 1.99938e-06
 1.99938e-06
 1.99938e-06
 1.99938e-06
 9.99690e-07
 9.98464e-07
 1.99693e-06
 1.99693e-06
 1.99693e-06
 1.99693e-06
 9.98464e-07
 9.93792e-07
 1.98758e-06
 1.98758e-06
 1.98758e-06
 1.98758e-06
 9.93792e-07
 9.80430e-07
 1.96086e-06
 1.96086e-06
 1.96086e-06
 1.96086e-06
 9.80430e-07
 9.52903e-07
 1.90581e-06
 1.90581e-06
 1.90581e-06
 1.90581e-06
 9.52903e-07
 9.11037e-07
 1.82207e-06
 1.82207e-06
 1.82207e-06
 1.82207e-06
 9.11037e-07
 8.59972e-07
 1.71994e-06
 1.71994e-06
 1.71994e-06
 1.71994e-06
 8.59972e-07
 8.05044e-07
 1.61009e-06
 1.61009e-06
 1.61009e-06
 1.61009e-06
 8.05044e-07
 7.49822e-07
 1.49964e-06
 1.49964e-06
 1.49964e-06
 1.49964e-06
 7.49822e-07
 6.96771e-07
 1.39354e-06
 1.39354e-06
 1.39354e-06
 1.39354e-06
 6.96771e-07
 6.47042e-07
 1.29408e-06
 1.29408e-06
 1.29408e-06
 1.29408e-06
 6.47042e-07
 6.02045e-07
 1.20409e-06
 1.20409e-06
 1.20409e-06
 1.20409e-06
 6.02045e-07
 5.60175e-07
 1.12035e-06
 1.12035e-06
 1.12035e-06
 1.12035e-06
 5.60175e-07
 5.29013e-07
 1.05803e-06
 1.05803e-06
 1.05803e-06
 1.05803e-06
 5.29013e-07
 5.08210e-07
 1.01642e-06
 1.01642e-06
 1.01642e-06
 1.01642e-06
 5.08210e-07
 4.93770e-07
 9.87540e-07
 9.87540e-07
 9.87540e-07
 9.87540e-07
 4.93770e-07
 4.90326e-07
 9.80653e-07
 9.80653e-07
 9.80653e-07
 9.80653e-07
 4.90326e-07
 4.92296e-07
 9.84592e-07
 9.84592e-07
 9.84592e-07
 9.84592e-07
 4.92296e-07
 4.93885e-07
 9.87769e-07
 9.87769e-07
 9.87769e-07
 9.87769e-07
 4.93885e-07
 4.93460e-07
 9.86920e-07
 9.86920e-07
 9.86920e-07
 9.86920e-07
 4.93460e-07
 4.92764e-07
 9.85529e-07
 9.85529e-07
 9.85529e-07
 9.85529e-07
 4.92764e-07
 4.93008e-07
 9.86016e-07
 9.86016e-07
 9.86016e-07
 9.86016e-07
 4.93008e-07
 4.94460e-07
 9.88920e-07
 9.88920e-07
 9.88920e-07
 9.88920e-07
 4.94460e-07
part
         3
coordinates
 4.93885e-07
 9.87769e-07
 9.87769e-07
 9.87769e-07
 9.87769e-07
 4.93885e-07
 4.93460e-07
 9.86920e-07
 9.86920e-07
 9.86920e-07
 9.86920e-07
 4.93460e-07
 4.92764e-07
 9.85529e-07
 9.85529e-07
 9.85529e-07
 9.85529e-07
 4.92764e-07
 4.93008e-07
 9.86016e-07
 9.86016e-07
 9.86016e-07
 9.86016e-07
 4.93008e-07
 4.94460e-07
 9.88920e-07
 9.88920e-07
 9.88920e-07
 9.88920e-07
 4.94460e-07
 4.95714e-07
 9.91428e-07
 9.91428e-07
 9.91428e-07
 9.91428e-07
 4.95714e-07
 4.95722e-07
 9.91444e-07
 9.91444e-07
 9.91444e-07
 9.91444e-07
 4.95722e-07
 4.95462e-07
 9.90925e-07
 9.90925e-07
 9.90925e-07
 9.90925e-07
 4.95462e-07
 4.95756e-07
 9.91512e-07
 9.91512e-07
 9.91512e-07
 9.91512e-07
 4.95756e-07
 4.96462e-07
 9.92924e-07
 9.92924e-07
 9.92924e-07
 9.92924e-07
 4.96462e-07
 4.96679e-07
 9.93359e-07
 9.93359e-07
 9.93359e-07
 9.93359e-07
 4.96679e-07
 4.93899e-07
 9.87798e-07
 9.87798e-07
 9.87798e-07
 9.87798e-07
 4.93899e-07
 4.82249e-07
 9.64497e-07
 9.64497e-07
 9.64497e-07
 9.64497e-07
 4.82249e-07
 4.52218e-07
 9.04436e-07
 9.04436e-07
 9.04436e-07
 9.04436e-07
 4.52218e-07
 3.95565e-07
 7.91131e-07
 7.91131e-07
 7.91131e-07
 7.91131e-07
 3.95565e-07
 3.40959e-07
 6.81918e-07
 6.81918e-07
 6.81918e-07
 6.81918e-07
 3.40959e-07
 3.16128e-07
 6.32255e-07
 6.32255e-07
 6.32255e-07
 6.32255e-07
 3.16128e-07
 3.06963e-07
 6.13926e-07
 6.13926e-07
 6.13926e-07
 6.13926e-07
 3.06963e-07
 3.01347e-07
 6.02694e-07
 6.02694e-07
 6.02694e-07
 6.02694e-07
 3.01347e-07
 2.95901e-07
 5.91803e-07
 5.91803e-07
 5.91803e-07
 5.91803e-07
 2.95901e-07
 2.84936e-07
 5.69873e-07
 5.69873e-07
 5.69873e-07
 5.69873e-07
 2.84936e-07
 2.63246e-07
 5.26491e-07
 5.26491e-07
 5.26491e-07
 5.26491e-07
 2.63246e-07
 2.32626e-07
 4.65253e-07
 4.65253e-07
 4.65253e-07
 4.65253e-07
 2.32626e-07
 2.01609e-07
 4.03218e-07
 4.03218e-07
 4.03218e-07
 4.03218e-07
 2.01609e-07
 1.75905e-07
 3.51810e-07
 3.51810e-07
 3.51810e-07
 3.51810e-07
 1.75905e-07
 1.55248e-07
 3.10495e-07
 3.10495e-07
 3.10495e-07
 3.10495e-07
 1.55248e-07
 1.40182e-07
 2.80365e-07
 2.80365e-07
 2.80365e-07
 2.80365e-07
 1.40182e-07
 1.31344e-07
 2.62687e-07
 2.62687e-07
 2.62687e-07
 2.62687e-07
 1.31344e-07
 1.27187e-07
 2.54375e-07
 2.54375e-07
 2.54375e-07
 2.54375e-07
 1.27187e-07
 1.25644e-07
 2.51288e-07
 2.51288e-07
 2.51288e-07
 2.51288e-07
 1.25644e-07
 9.87769e-07
 1.97554e-06
 1.97554e-06
 1.97554e-06
 1.97554e-06
 9.87769e-07
 9.86920e-07
 1.97384e-06
 1.97384e-06
 1.97384e-06
 1.97384e-06
 9.86920e-07
 9.85529e-07
 1.97106e-06
 1.97106e-06
 1.97106e-06
 1.97106e-06
 9.85529e-07
 9.86016e-07
 1.97203e-06
 1.97203e-06
 1.97203e-06
 1.97203e-06
 9.86016e-07
 9.88920e-07
 1.97784e-06
 1.97784e-06
 1.97784e-06
 1.97784e-06
 9.88920e-07
 9.91428e-07
 1.98286e-06
 1.98286e-06
 1.98286e-06
 1.98286e-06
 9.91428e-07
 9.91444e-07
 1.98289e-06
 1.98289e-06
 1.98289e-06
 1.98289e-06
 9.91444e-07
 9.90925e-07
 1.98185e-06
 1.98185e-06
 1.98185e-06
 1.98185e-06
 9.90925e-07
 9.91512e-07
 1.98302e-06
 1.98302e-06
 1.98302e-06
 1.98302e-06
 9.91512e-07
 9.92924e-07
 1.98585e-06
 1.98585e-06
 1.98585e-06
 1.98585e-06
 9.92924e-07
 9.93359e-07
 1.98672e-06
 1.98672e-06
 1.98672e-06
 1.98672e-06
 9.93359e-07
 9.87798e-07
 1.97560e-06
 1.97560e-06
 1.97560e-06
 1.97560e-06
 9.87798e-07
 9.64497e-07
 1.92899e-06
 1.92899e-06
 1.92899e-06
 1.92899e-06
 9.64497e-07
 9.04436e-07
 1.80887e-06
 1.80887e-06
 1.80887e-06
 1.80887e-06
 9.04436e-07
 7.91131e-07
 1.58226e-06
 1.58226e-06
 1.58226e-06
 1.58226e-06
 7.91131e-07
 6.81918e-07
 1.36384e-06
 1.36384e-06
 1.36384e-06
 1.36384e-06
 6.81918e-07
 6.32255e-07
 1.26451e-06
 1.26451e-06
 1.26451e-06
 1.26451e-06
 6.32255e-07
 6.13926e-07
 1.22785e-06
 1.22785e-06
 1.22785e-06
 1.22785e-06
 6.13926e-07
 6.02694e-07
 1.20539e-06
 1.20539e-06
 1.20539e-06
 1.20539e-06
 6.02694e-07
 5.91803e-07
 1.18361e-06
 1.18361e-06
 1.18361e-06
 1.18361e-06
 5.91803e-07
 5.69873e-07
 1.13975e-06
 1.13975e-06
 1.13975e-06
 1.13975e-06
 5.69873e-07
 5.26491e-07
 1.05298e-06
 1.05298e-06
 1.05298e-06
 1.05298e-06
 5.26491e-07
 4.65253e-07
 9.30506e-07
 9.30506e-07
 9.30506e-07
 9.30506e-07
 4.65253e-07
 4.03218e-07
 8.06437e-07
 8.06437e-07
 8.06437e-07
 8.06437e-07
 4.03218e-07
 3.51810e-07
 7.03621e-07
 7.03621e-07
 7.03621e-07
 7.03621e-07
 3.51810e-07
 3.10495e-07
 6.20990e-07
 6.20990e-07
 6.20990e-07
 6.20990e-07
 3.10495e-07
 2.80365e-07
 5.60729e-07
 5.60729e-07
 5.60729e-07
 5.60729e-07
 2.80365e-07
 2.62687e-07
 5.25375e-07
 5.25375e-07
 5.25375e-07
 5.25375e-07
 2.62687e-07
 2.54375e-07
 5.08749e-07
 5.08749e-07
 5.08749e-07
 5.08749e-07
 2.54375e-07
 2.51288e-07
 5.02577e-07
 5.02577e-07
 5.02577e-07
 5.02577e-07
 2.51288e-07
 9.87769e-07
 1.97554e-06
 1.97554e-06
 1.97554e-06
 1.97554e-06
 9.87769e-07
 9.86920e-07
 1.97384e-06
 1.97384e-06
 1.97384e-06
 1.97384e-06
 9.86920e-07
 9.85529e-07
 1.97106e-06
 1.97106e-06
 1.97106e-06
 1.97106e-06
 9.85529e-07
 9.86016e-07
 1.97203e-06
 1.97203e-06
 1.97203e-06
 1.97203e-06
 9.86016e-07
 9.88920e-07
 1.97784e-06
 1.97784e-06
 1.97784e-06
 1.97784e-06
 9.88920e-07
 9.91428e-07
 1.98286e-06
 1.98286e-06
 1.98286e-06
 1.98286e-06
 9.91428e-07
 9.91444e-07
 1.98289e-06
 1.98289e-06
 1.98289e-06
 1.98289e-06
 9.91444e-07
 9.90925e-07
 1.98185e-06
 1.98185e-06
 1.98185e-06
 1.98185e-06
 9.90925e-07
 9.91512e-07
 1.98302e-06
 1.98302e-06
 1.98302e-06
 1.98302e-06
 9.91512e-07
 9.92924e-07
 1.98585e-06
 1.98585e-06
 1.98585e-06
 1.98585e-06
 9.92924e-07
 9.93359e-07
 1.98672e-06
 1.98672e-06
 1.98672e-06
 1.98672e-06
 9.93359e-07
 9.87798e-07
 1.97560e-06
 1.97560e-06
 1.97560e-06
 1.97560e-06
 9.87798e-07
 9.64497e-07
 1.92899e-06
 1.92899e-06
 1.92899e-06
 1.92899e-06
 9.64497e-07
 9.04436e-07
 1.80887e-06
 1.80887e-06
 1.80887e-06
 1.80887e-06
 9.04436e-07
 7.91131e-07
 1.58226e-06
 1.58226e-06
 1.58226e-06
 1.58226e-06
 7.91131e-07
 6.81918e-07
 1.36384e-06
 1.36384e-06
 1.36384e-06
 1.36384e-06
 6.81918e-07
 6.32255e-07
 1.26451e-06
 1.26451e-06
 1.26451e-06
 1.26451e-06
 6.32255e-07
 6.13926e-07
 1.22785e-06
 1.22785e-06
 1.22785e-06
 1.22785e-06
 6.13926e-07
 6.02694e-07
 1.20539e-06
 1.20539e-06
 1.20539e-06
 1.20539e-06
 6.02694e-07
 5.91803e-07
 1.18361e-06
 1.18361e-06
 1.18361e-06
 1.18361e-06
 5.91803e-07
 5.69873e-07
 1.13975e-06
 1.13975e-06
 1.13975e-06
 1.13975e-06
 5.69873e-07
 5.26491e-07
 1.05298e-06
 1.05298e-06
 1.05298e-06
 1.05298e-06
 5.26491e-07
 4.65253e-07
 9.30506e-07
 9.30506e-07
 9.30506e-07
 9.30506e-07
 4.65253e-07
 4.03218e-07
 8.06437e-07
 8.06437e-07
 8.06437e-07
 8.06437e-07
 4.03218e-07
 3.51810e-07
 7.03621e-07
 7.03621e-07
 7.03621e-07
 7.03621e-07
 3.51810e-07
 3.10495e-07
 6.20990e-07
 6.20990e-07
 6.20990e-07
 6.20990e-07
 3.10495e-07
 2.80365e-07
 5.60729e-07
 5.60729e-07
 5.60729e-07
 5.60729e-07
 2.80365e-07
 2.62687e-07
 5.25375e-07
 5.25375e-07
 5.25375e-07
 5.25375e-07
 2.62687e-07
 2.54375e-07
 5.08749e-07
 5.08749e-07
 5.08749e-07
 5.08749e-07
 2.54375e-07
 2.51288e-07
 5.02577e-07
 5.02577e-07
 5.02577e-07
 5.02577e-07
 2.51288e-07
 9.87769e-07
 1.97554e-06
 1.97554e-06
 1.97554e-06
 1.97554e-06
 9.87769e-07
 9.86920e-07
 1.97384e-06
 1.97384e-06
 1.97384e-06
 1.97384e-06
 9.86920e-07
 9.85529e-07
 1.97106e-06
 1.97106e-06
 1.97106e-06
 1.97106e-06
 9.85529e-07
 9.86016e-07
 1.97203e-06
 1.97203e-06
 1.97203e-06
 1.97203e-06
 9.86016e-07
 9.88920e-07
 1.97784e-06
 1.97784e-06
 1.97784e-06
 1.97784e-06
 9.88920e-07
 9.91428e-07
 1.98286e-06
 1.98286e-06
 1.98286e-06
 1.98286e-06
 9.91428e-07
 9.91444e-07
 1.98289e-06
 1.98289e-06
 1.98289e-06
 1.98289e-06
 9.91444e-07
 9.90925e-07
 1.98185e-06
 1.98185e-06
 1.98185e-06
 1.98185e-06
 9.90925e-07
 9.91512e-07
 1.98302e-06
 1.98302e-06
 1.98302e-06
 1.98302e-06
 9.91512e-07
 9.92924e-07
 1.98585e-06
 1.98585e-06
 1.98585e-06
 1.98585e-06
 9.92924e-07
 9.93359e-07
 1.98672e-06
 1.98672e-06
 1.98672e-06
 1.98672e-06
 9.93359e-07
 9.87798e-07
 1.97560e-06
 1.97560e-06
 1.97560e-06
 1.97560e-06
 9.87798e-07
 9.64497e-07
 1.92899e-06
 1.92899e-06
 1.92899e-06
 1.92899e-06
 9.64497e-07
 9.04436e-07
 1.80887e-06
 1.80887e-06
 1.80887e-06
 1.80887e-06
 9.04436e-07
 7.91131e-07
 1.58226e-06
 1.58226e-06
 1.58226e-06
 1.58226e-06
 7.91131e-07
 6.81918e-07
 1.36384e-06
 1.36384e-06
 1.36384e-06
 1.36384e-06
 6.81918e-07
 6.32255e-07
 1.26451e-06
 1.26451e-06
 1.26451e-06
 1.26451e-06
 6.32255e-07
 6.13926e-07
 1.22785e-06
 1.22785e-06
 1.22785e-06
 1.22785e-06
 6.13926e-07
 6.02694e-07
 1.20539e-06
 1.20539e-06
 1.20539e-06
 1.20539e-06
 6.02694e-07
 5.91803e-07
 1.18361e-06
 1.18361e-06
 1.18361e-06
 1.18361e-06
 5.91803e-07
 5.69873e-07
 1.13975e-06
 1.13975e-06
 1.13975e-06
 1.13975e-06
 5.69873e-07
 5.26491e-07
 1.05298e-06
 1.05298e-06
 1.05298e-06
 1.05298e-06
 5.26491e-07
 4.65253e-07
 9.30506e-07
 9.30506e-07
 9.30506e-07
 9.30506e-07
 4.65253e-07
 4.03218e-07
 8.06437e-07
 8.06437e-07
 8.06437e-07
 8.06437e-07
 4.03218e-07
 3.51810e-07
 7.03621e-07
 7.03621e-07
 7.03621e-07
 7.03621e-07
 3.51810e-07
 3.10495e-07
 6.20990e-07
 6.20990e-07
 6.20990e-07
 6.20990e-07
 3.10495e-07
 2.80365e-07
 5.60729e-07
 5.60729e-07
 5.60729e-07
 5.60729e-07
 2.80365e-07
 2.62687e-07
 5.25375e-07
 5.25375e-07
 5.25375e-07
 5.25375e-07
 2.62687e-07
 2.54375e-07
 5.08749e-07
 5.08749e-07
 5.08749e-07
 5.08749e-07
 2.54375e-07
 2.51288e-07
 5.02577e-07
 5.02577e-07
 5.02577e-07
 5.02577e-07
 2.51288e-07
 9.87769e-07
 1.97554e-06
 1.97554e-06
 1.97554e-06
 1.97554e-06
 9.87769e-07
 9.86920e-07
 1.97384e-06
 1.97384e-06
 1.97384e-06
 1.97384e-06
 9.86920e-07
 9.85529e-07
 1.97106e-06
 1.97106e-06
 1.97106e-06
 1.97106e-06
 9.85529e-07
 9.86016e-07
 1.97203e-06
 1.97203e-06
 1.97203e-06
 1.97203e-06
 9.86016e-07
 9.88920e-07
 1.97784e-06
 1.97784e-06
 1.97784e-06
 1.97784e-06
 9.88920e-07
 9.91428e-07
 1.98286e-06
 1.98286e-06
 1.98286e-06
 1.98286e-06
 9.91428e-07
 9.91444e-07
 1.98289e-06
 1.98289e-06
 1.98289e-06
 1.98289e-06
 9.91444e-07
 9.90925e-07
 1.98185e-06
 1.98185e-06
 1.98185e-06
 1.98185e-06
 9.90925e-07
 9.91512e-07
 1.98302e-06
 1.98302e-06
 1.98302e-06
 1.98302e-06
 9.91512e-07
 9.92924e-07
 1.98585e-06
 1.98585e-06
 1.98585e-06
 1.98585e-06
 9.92924e-07
 9.93359e-07
 1.98672e-06
 1.98672e-06
 1.98672e-06
 1.98672e-06
 9.93359e-07
 9.87798e-07
 1.97560e-06
 1.97560e-06
 1.97560e-06
 1.97560e-06
 9.87798e-07
 9.64497e-07
 1.92899e-06
 1.92899e-06
 1.92899e-06
 1.92899e-06
 9.64497e-07
 9.04436e-07
 1.80887e-06
 1.80887e-06
 1.80887e-06
 1.80887e-06
 9.04436e-07
 7.91131e-07
 1.58226e-06
 1.58226e-06
 1.58226e-06
 1.58226e-06
 7.91131e-07
 6.81918e-07
 1.36384e-06
 1.36384e-06
 1.36384e-06
 1.36384e-06
 6.81918e-07
 6.32255e-07
 1.26451e-06
 1.26451e-06
 1.26451e-06
 1.26451e-06
 6.32255e-07
 6.13926e-07
 1.22785e-06
 1.22785e-06
 1.22785e-06
 1.22785e-06
 6.13926e-07
 6.02694e-07
 1.20539e-06
 1.20539e-06
 1.20539e-06
 1.20539e-06
 6.02694e-07
 5.91803e-07
 1.18361e-06
 1.18361e-06
 1.18361e-06
 1.18361e-06
 5.91803e-07
 5.69873e-07
 1.13975e-06
 1.13975e-06
 1.13975e-06
 1.13975e-06
 5.69873e-07
 5.26491e-07
 1.05298e-06
 1.05298e-06
 1.05298e-06
 1.05298e-06
 5.26491e-07
 4.65253e-07
 9.30506e-07
 9.30506e-07
 9.30506e-07
 9.30506e-07
 4.65253e-07
 4.03218e-07
 8.06437e-07
 8.06437e-07
 8.06437e-07
 8.06437e-07
 4.03218e-07
 3.51810e-07
 7.03621e-07
 7.03621e-07
 7.03621e-07
 7.03621e-07
 3.51810e-07
 3.10495e-07
 6.20990e-07
 6.20990e-07
 6.20990e-07
 6.20990e-07
 3.10495e-07
 2.80365e-07
 5.60729e-07
 5.60729e-07
 5.60729e-07
 5.60729e-07
 2.80365e-07
 2.62687e-07
 5.25375e-07
 5.25375e-07
 5.25375e-07
 5.25375e-07
 2.62687e-07
 2.54375e-07
 5.08749e-07
 5.08749e-07
 5.08749e-07
 5.08749e-07
 2.54375e-07
 2.51288e-07
 5.02577e-07
 5.02577e-07
 5.02577e-07
 5.02577e-07
 2.51288e-07
 4.93885e-07
 9.87769e-07
 9.87769e-07
 9.87769e-07
 9.87769e-07
 4.93885e-07
 4.93460e-07
 9.86920e-07
 9.86920e-07
 9.86920e-07
 9.86920e-07
 4.93460e-07
 4.92764e-07
 9.85529e-07
 9.85529e-07
 9.85529e-07
 9.85529e-07
 4.92764e-07
 4.93008e-07
 9.86016e-07
 9.86016e-07
 9.86016e-07
 9.86016e-07
 4.93008e-07
 4.94460e-07
 9.88920e-07
 9.88920e-07
 9.88920e-07
 9.88920e-07
 4.94460e-07
 4.95714e-07
 9.91428e-07
 9.91428e-07
 9.91428e-07
 9.91428e-07
 4.95714e-07
 4.95722e-07
 9.91444e-07
 9.91444e-07
 9.91444e-07
 9.91444e-07
 4.95722e-07
 4.95462e-07
 9.90925e-07
 9.90925e-07
 9.90925e-07
 9.90925e-07
 4.95462e-07
 4.95756e-07
 9.91512e-07
 9.91512e-07
 9.91512e-07
 9.91512e-07
 4.95756e-07
 4.96462e-07
 9.92924e-07
 9.92924e-07
 9.92924e-07
 9.92924e-07
 4.96462e-07
 4.96679e-07
 9.93359e-07
 9.93359e-07
 9.93359e-07
 9.93359e-07
 4.96679e-07
 4.93899e-07
 9.87798e-07
 9.87798e-07
 9.87798e-07
 9.87798e-07
 4.93899e-07
 4.82249e-07
 9.64497e-07
 9.64497e-07
 9.64497e-07
 9.64497e-07
 4.82249e-07
 4.52218e-07
 9.04436e-07
 9.04436e-07
 9.04436e-07
 9.04436e-07
 4.52218e-07
 3.95565e-07
 7.91131e-07
 7.91131e-07
 7.91131e-07
 7.91131e-07
 3.95565e-07
 3.40959e-07
 6.81918e-07
 6.81918e-07
 6.81918e-07
 6.81918e-07
 3.40959e-07
 3.16128e-07
 6.32255e-07
 6.32255e-07
 6.32255e-07
 6.32255e-07
 3.16128e-07
 3.06963e-07
 6.13926e-07
 6.13926e-07
 6.13926e-07
 6.13926e-07
 3.06963e-07
 3.01347e-07
 6.02694e-07
 6.02694e-07
 6.02694e-07
 6.02694e-07
 3.01347e-07
 2.95901e-07
 5.91803e-07
 5.91803e-07
 5.91803e-07
 5.91803e-07
 2.95901e-07
 2.84936e-07
 5.69873e-07
 5.69873e-07
 5.69873e-07
 5.69873e-07
 2.84936e-07
 2.63246e-07
 5.26491e-07
 5.26491e-07
 5.26491e-07
 5.26491e-07
 2.63246e-07
 2.32626e-07
 4.65253e-07
 4.65253e-07
 4.65253e-07
 4.65253e-07
 2.32626e-07
 2.01609e-07
 4.03218e-07
 4.03218e-07
 4.03218e-07
 4.03218e-07
 2.01609e-07
 1.75905e-07
 3.51810e-07
 3.51810e-07
 3.51810e-07
 3.51810e-07
 1.75905e-07
 1.55248e-07
 3.10495e-07
 3.10495e-07
 3.10495e-07
 3.10495e-07
 1.55248e-07
 1.40182e-07
 2.80365e-07
 2.80365e-07
 2.80365e-07
 2.80365e-07
 1.40182e-07
 1.31344e-07
 2.62687e-07
 2.62687e-07
 2.62687e-07
 2.62687e-07
 1.31344e-07
 1.27187e-07
 2.54375e-07
 2.54375e-07
 2.54375e-07
 2.54375e-07
 1.27187e-07
 1.25644e-07
 2.51288e-07
 2.51288e-07
 2.51288e-07
 2.51288e-07
 1.25644e-07
part
         4
coordinates
 1.55248e-07
 3.10495e-07
 3.10495e-07
 3.10495e-07
 3.10495e-07
 1.55248e-07
 1.40182e-07
 2.80365e-07
 2.80365e-07
 2.80365e-07
 2.80365e-07
 1.40182e-07
 1.31344e-07
 2.62687e-07
 2.62687e-07
 2.62687e-07
 2.62687e-07
 1.31344e-07
 1.27187e-07
 2.54375e-07
 2.54375e-07
 2.54375e-07
 2.54375e-07
 1.27187e-07
 1.25644e-07
 2.51288e-07
 2.51288e-07
 2.51288e-07
 2.51288e-07
 1.25644e-07
 1.25172e-07
 2.50344e-07
 2.50344e-07
 2.50344e-07
 2.50344e-07
 1.25172e-07
 1.25043e-07
 2.50086e-07
 2.50086e-07
 2.50086e-07
 2.50086e-07
 1.25043e-07
 1.25010e-07
 2.50021e-07
 2.50021e-07
 2.50021e-07
 2.50021e-07
 1.25010e-07
 1.25002e-07
 2.50005e-07
 2.50005e-07
 2.50005e-07
 2.50005e-07
 1.25002e-07
 1.25001e-07
 2.50001e-07
 2.50001e-07
 2.50001e-07
 2.50001e-07
 1.25001e-07
 1.25000e-07
 2.50000e-07
 2.50000e-07
 2.50000e-07
 2.50000e-07
 1.25000e-07
 1.25000e-07
 2.50000e-07
 2.50000e-07
 2.50000e-07
 2.50000e-07
 1.25000e-07
 1.25000e-07
 2.50000e-07
 2.50000e-07
 2.50000e-07
 2.50000e-07
 1.25000e-07
 1.25000e-07
 2.50000e-07
 2.50000e-07
 2.50000e-07
 2.50000e-07
 1.25000e-07
 1.25000e-07
 2.50000e-07
 2.50000e-07
 2.50000e-07
 2.50000e-07
 1.25000e-07
 1.25000e-07
 2.50000e-07
 2.50000e-07
 2.50000e-07
 2.50000e-07
 1.25000e-07
 1.25000e-07
 2.50000e-07
 2.50000e-07
 2.50000e-07
 2.50000e-07
 1.25000e-07
 1.25000e-07
 2.50000e-07
 2.50000e-07
 2.50000e-07
 2.50000e-07
 1.25000e-07
 1.25000e-07
 2.50000e-07
 2.50000e-07
 2.50000e-07
 2.50000e-07
 1.25000e-07
 1.25000e-07
 2.50000e-07
 2.50000e-07
 2.50000e-07
 2.50000e-07
 1.25000e-07
 1.25000e-07
 2.50000e-07
 2.50000e-07
 2.50000e-07
 2.50000e-07
 1.25000e-07
 1.25000e-07
 2.50000e-07
 2.50000e-07
 2.50000e-07
 2.50000e-07
 1.25000e-07
 1.25000e-07
 2.50000e-07
 2.50000e-07
 2.50000e-07
 2.50000e-07
 1.25000e-07
 1.25000e-07
 2.50000e-07
 2.50000e-07
 2.50000e-07
 2.50000e-07
 1.25000e-07
 1.25000e-07
 2.50000e-07
 2.50000e-07
 2.50000e-07
 2.50000e-07
 1.25000e-07
 1.25000e-07
 2.50000e-07
 2.50000e-07
 2.50000e-07
 2.50000e-07
 1.25000e-07
 1.25000e-07
 2.50000e-07
 2.50000e-07
 2.50000e-07
 2.50000e-07
 1.25000e-07
 6.25000e-08
 1.25000e-07
 1.25000e-07
 1.25000e-07
 1.25000e-07
 6.25000e-08
 3.10495e-07
 6.20990e-07
 6.20990e-07
 6.20990e-07
 6.20990e-07
 3.10495e-07
 2.80365e-07
 5.60729e-07
 5.60729e-07
 5.60729e-07
 5.60729e-07
 2.80365e-07
 2.62687e-07
 5.25375e-07
 5.25375e-07
 5.25375e-07
 5.25375e-07
 2.62687e-07
 2.54375e-07
 5.08749e-07
 5.08749e-07
 5.08749e-07
 5.08749e-07
 2.54375e-07
 2.51288e-07
 5.02577e-07
 5.02577e-07
 5.02577e-07
 5.02577e-07
 2.51288e-07
 2.50344e-07
 5.00687e-07
 5.00687e-07
 5.00687e-07
 5.00687e-07
 2.50344e-07
 2.50086e-07
 5.00173e-07
 5.00173e-07
 5.00173e-07
 5.00173e-07
 2.50086e-07
 2.50021e-07
 5.00041e-07
 5.00041e-07
 5.00041e-07
 5.00041e-07
 2.50021e-07
 2.50005e-07
 5.00010e-07
 5.00010e-07
 5.00010e-07
 5.00010e-07
 2.50005e-07
 2.50001e-07
 5.00002e-07
 5.00002e-07
 5.00002e-07
 5.00002e-07
 2.50001e-07
 2.50000e-07
 5.00000e-07
 5.00000e-07
 5.00000e-07
 5.00000e-07
 2.50000e-07
 2.50000e-07
 5.00000e-07
 5.00000e-07
 5.00000e-07
 5.00000e-07
 2.50000e-07
 2.50000e-07
 5.00000e-07
 5.00000e-07
 5.00000e-07
 5.00000e-07
 2.50000e-07
 2.50000e-07
 5.00000e-07
 5.00000e-07
 5.00000e-07
 5.00000e-07
 2.50000e-07
 2.50000e-07
 5.00000e-07
 5.00000e-07
 5.00000e-07
 5.00000e-07
 2.50000e-07
 2.50000e-07
 5.00000e-07
 5.00000e-07
 5.00000e-07
 5.00000e-07
 2.50000e-07
 2.50000e-07
 5.00000e-07
 5.00000e-07
 5.00000e-07
 5.00000e-07
 2.50000e-07
 2.50000e-07
 5.00000e-07
 5.00000e-07
 5.00000e-07
 5.00000e-07
 2.50000e-07
 2.50000e-07
 5.00000e-07
 5.00000e-07
 5.00000e-07
 5.00000e-07
 2.50000e-07
 2.50000e-07
 5.00000e-07
 5.00000e-07
 5.00000e-07
 5.00000e-07
 2.50000e-07
 2.50000e-07
 5.00000e-07
 5.00000e-07
 5.00000e-07
 5.00000e-07
 2.50000e-07
 2.50000e-07
 5.00000e-07
 5.00000e-07
 5.00000e-07
 5.00000e-07
 2.50000e-07
 2.50000e-07
 5.00000e-07
 5.00000e-07
 5.00000e-07
 5.00000e-07
 2.50000e-07
 2.50000e-07
 5.00000e-07
 5.00000e-07
 5.00000e-07
 5.00000e-07
 2.50000e-07
 2.50000e-07
 5.00000e-07
 5.00000e-07
 5.00000e-07
 5.00000e-07
 2.50000e-07
 2.50000e-07
 5.00000e-07
 5.00000e-07
 5.00000e-07
 5.00000e-07
 2.50000e-07
 2.50000e-07
 5.00000e-07
 5.00000e-07
 5.00000e-07
 5.00000e-07
 2.50000e-07
 1.25000e-07
 2.50000e-07
 2.50000e-07
 2.50000e-07
 2.50000e-07
 1.25000e-07
 3.10495e-07
 6.20990e-07
 6.20990e-07
 6.20990e-07
 6.20990e-07
 3.10495e-07
 2.80365e-07
 5.60729e-07
 5.60729e-07
 5.60729e-07
 5.60729e-07
 2.80365e-07
 2.62687e-07
 5.25375e-07
 5.25375e-07
 5.25375e-07
 5.25375e-07
 2.62687e-07
 2.54375e-07
 5.08749e-07
 5.08749e-07
 5.08749e-07
 5.08749e-07
 2.54375e-07
 2.51288e-07
 5.02577e-07
 5.02577e-07
 5.02577e-07
 5.02577e-07
 2.51288e-07
 2.50344e-07
 5.00687e-07
 5.00687e-07
 5.00687e-07
 5.00687e-07
 2.50344e-07
 2.50086e-07
 5.00173e-07
 5.00173e-07
 5.00173e-07
 5.00173e-07
 2.50086e-07
 2.50021e-07
 5.00041e-07
 5.00041e-07
 5.00041e-07
 5.00041e-07
 2.50021e-07
 2.50005e-07
 5.00010e-07
 5.00010e-07
 5.00010e-07
 5.00010e-07
 2.50005e-07
 2.50001e-07
 5.00002e-07
 5.00002e-07
 5.00002e-07
 5.00002e-07
 2.50001e-07
 2.50000e-07
 5.00000e-07
 5.00000e-07
 5.00000e-07
 5.00000e-07
 2.50000e-07
 2.50000e-07
 5.00000e-07
 5.00000e-07
 5.00000e-07
 5.00000e-07
 2.50000e-07
 2.50000e-07
 5.00000e-07
 5.00000e-07
 5.00000e-07
 5.00000e-07
 2.50000e-07
 2.50000e-07
 5.00000e-07
 5.00000e-07
 5.00000e-07
 5.00000e-07
 2.50000e-07
 2.50000e-07
 5.00000e-07
 5.00000e-07
 5.00000e-07
 5.00000e-07
 2.50000e-07
 2.50000e-07
 5.00000e-07
 5.00000e-07
 5.00000e-07
 5.00000e-07
 2.50000e-07
 2.50000e-07
 5.00000e-07
 5.00000e-07
 5.00000e-07
 5.00000e-07
 2.50000e-07
 2.50000e-07
 5.00000e-07
 5.00000e-07
 5.00000e-07
 5.00000e-07
 2.50000e-07
 2.50000e-07
 5.00000e-07
 5.00000e-07
 5.00000e-07
 5.00000e-07
 2.50000e-07
 2.50000e-07
 5.00000e-07
 5.00000e-07
 5.00000e-07
 5.00000e-07
 2.50000e-07
 2.50000e-07
 5.00000e-07
 5.00000e-07
 5.00000e-07
 5.00000e-07
 2.50000e-07
 2.50000e-07
 5.00000e-07
 5.00000e-07
 5.00000e-07
 5.00000e-07
 2.50000e-07
 2.50000e-07
 5.00000e-07
 5.00000e-07
 5.00000e-07
 5.00000e-07
 2.50000e-07
 2.50000e-07
 5.00000e-07
 5.00000e-07
 5.00000e-07
 5.00000e-07
 2.50000e-07
 2.50000e-07
 5.00000e-07
 5.00000e-07
 5.00000e-07
 5.00000e-07
 2.50000e-07
 2.50000e-07
 5.00000e-07
 5.00000e-07
 5.00000e-07
 5.00000e-07
 2.50000e-07
 2.50000e-07
 5.00000e-07
 5.00000e-07
 5.00000e-07
 5.00000e-07
 2.50000e-07
 1.25000e-07
 2.50000e-07
 2.50000e-07
 2.50000e-07
 2.50000e-07
 1.25000e-07
 3.10495e-07
 6.20990e-07
 6.20990e-07
 6.20990e-07
 6.20990e-07
 3.10495e-07
 2.80365e-07
 5.60729e-07
 5.60729e-07
 5.60729e-07
 5.60729e-07
 2.80365e-07
 2.62687e-07
 5.25375e-07
 5.25375e-07
 5.25375e-07
 5.25375e-07
 2.62687e-07
 2.54375e-07
 5.08749e-07
 5.08749e-07
 5.08749e-07
 5.08749e-07
 2.54375e-07
 2.51288e-07
 5.02577e-07
 5.02577e-07
 5.02577e-07
 5.02577e-07
 2.51288e-07
 2.50344e-07
 5.00687e-07
 5.00687e-07
 5.00687e-07
 5.00687e-07
 2.50344e-07
 2.50086e-07
 5.00173e-07
 5.00173e-07
 5.00173e-07
 5.00173e-07
 2.50086e-07
 2.50021e-07
 5.00041e-07
 5.00041e-07
 5.00041e-07
 5.00041e-07
 2.50021e-07
 2.50005e-07
 5.00010e-07
 5.00010e-07
 5.00010e-07
 5.00010e-07
 2.50005e-07
 2.50001e-07
 5.00002e-07
 5.00002e-07
 5.00002e-07
 5.00002e-07
 2.50001e-07
 2.50000e-07
 5.00000e-07
 5.00000e-07
 5.00000e-07
 5.00000e-07
 2.50000e-07
 2.50000e-07
 5.00000e-07
 5.00000e-07
 5.00000e-07
 5.00000e-07
 2.50000e-07
 2.50000e-07
 5.00000e-07
 5.00000e-07
 5.00000e-07
 5.00000e-07
 2.50000e-07
 2.50000e-07
 5.00000e-07
 5.00000e-07
 5.00000e-07
 5.00000e-07
 2.50000e-07
 2.50000e-07
 5.00000e-07
 5.00000e-07
 5.00000e-07
 5.00000e-07
 2.50000e-07
 2.50000e-07
 5.00000e-07
 5.00000e-07
 5.00000e-07
 5.00000e-07
 2.50000e-07
 2.50000e-07
 5.00000e-07
 5.00000e-07
 5.00000e-07
 5.00000e-07
 2.50000e-07
 2.50000e-07
 5.00000e-07
 5.00000e-07
 5.00000e-07
 5.00000e-07
 2.50000e-07
 2.50000e-07
 5.00000e-07
 5.00000e-07
 5.00000e-07
 5.00000e-07
 2.50000e-07
 2.50000e-07
 5.00000e-07
 5.00000e-07
 5.00000e-07
 5.00000e-07
 2.50000e-07
 2.50000e-07
 5.00000e-07
 5.00000e-07
 5.00000e-07
 5.00000e-07
 2.50000e-07
 2.50000e-07
 5.00000e-07
 5.00000e-07
 5.00000e-07
 5.00000e-07
 2.50000e-07
 2.50000e-07
 5.00000e-07
 5.00000e-07
 5.00000e-07
 5.00000e-07
 2.50000e-07
 2.50000e-07
 5.00000e-07
 5.00000e-07
 5.00000e-07
 5.00000e-07
 2.50000e-07
 2.50000e-07
 5.00000e-07
 5.00000e-07
 5.00000e-07
 5.00000e-07
 2.50000e-07
 2.50000e-07
 5.00000e-07
 5.00000e-07
 5.00000e-07
 5.00000e-07
 2.50000e-07
 2.50000e-07
 5.00000e-07
 5.00000e-07
 5.00000e-07
 5.00000e-07
 2.50000e-07
 1.25000e-07
 2.50000e-07
 2.50000e-07
 2.50000e-07
 2.50000e-07
 1.25000e-07
 3.10495e-07
 6.20990e-07
 6.20990e-07
 6.20990e-07
 6.20990e-07
 3.10495e-07
 2.80365e-07
 5.60729e-07
 5.60729e-07
 5.60729e-07
 5.60729e-07
 2.80365e-07
 2.62687e-07
 5.25375e-07
 5.25375e-07
 5.25375e-07
 5.25375e-07
 2.62687e-07
 2.54375e-07
 5.08749e-07
 5.08749e-07
 5.08749e-07
 5.08749e-07
 2.54375e-07
 2.51288e-07
 5.02577e-07
 5.02577e-07
 5.02577e-07
 5.02577e-07
 2.51288e-07
 2.50344e-07
 5.00687e-07
 5.00687e-07
 5.00687e-07
 5.00687e-07
 2.50344e-07
 2.50086e-07
 5.00173e-07
 5.00173e-07
 5.00173e-07
 5.00173e-07
 2.50086e-07
 2.50021e-07
 5.00041e-07
 5.00041e-07
 5.00041e-07
 5.00041e-07
 2.50021e-07
 2.50005e-07
 5.00010e-07
 5.00010e-07
 5.00010e-07
 5.00010e-07
 2.50005e-07
 2.50001e-07
 5.00002e-07
 5.00002e-07
 5.00002e-07
 5.00002e-07
 2.50001e-07
 2.50000e-07
 5.00000e-07
 5.00000e-07
 5.00000e-07
 5.00000e-07
 2.50000e-07
 2.50000e-07
 5.00000e-07
 5.00000e-07
 5.00000e-07
 5.00000e-07
 2.50000e-07
 2.50000e-07
 5.00000e-07
 5.00000e-07
 5.00000e-07
 5.00000e-07
 2.50000e-07
 2.50000e-07
 5.00000e-07
 5.00000e-07
 5.00000e-07
 5.00000e-07
 2.50000e-07
 2.50000e-07
 5.00000e-07
 5.00000e-07
 5.00000e-07
 5.00000e-07
 2.50000e-07
 2.50000e-07
 5.00000e-07
 5.00000e-07
 5.00000e-07
 5.00000e-07
 2.50000e-07
 2.50000e-07
 5.00000e-07
 5.00000e-07
 5.00000e-07
 5.00000e-07
 2.50000e-07
 2.50000e-07
 5.00000e-07
 5.00000e-07
 5.00000e-07
 5.00000e-07
 2.50000e-07
 2.50000e-07
 5.00000e-07
 5.00000e-07
 5.00000e-07
 5.00000e-07
 2.50000e-07
 2.50000e-07
 5.00000e-07
 5.00000e-07
 5.00000e-07
 5.00000e-07
 2.50000e-07
 2.50000e-07
 5.00000e-07
 5.00000e-07
 5.00000e-07
 5.00000e-07
 2.50000e-07
 2.50000e-07
 5.00000e-07
 5.00000e-07
 5.00000e-07
 5.00000e-07
 2.50000e-07
 2.50000e-07
 5.00000e-07
 5.00000e-07
 5.00000e-07
 5.00000e-07
 2.50000e-07
 2.50000e-07
 5.00000e-07
 5.00000e-07
 5.00000e-07
 5.00000e-07
 2.50000e-07
 2.50000e-07
 5.00000e-07
 5.00000e-07
 5.00000e-07
 5.00000e-07
 2.50000e-07
 2.50000e-07
 5.00000e-07
 5.00000e-07
 5.00000e-07
 5.00000e-07
 2.50000e-07
 2.50000e-07
 5.00000e-07
 5.00000e-07
 5.00000e-07
 5.00000e-07
 2.50000e-07
 1.25000e-07
 2.50000e-07
 2.50000e-07
 2.50000e-07
 2.50000e-07
 1.25000e-07
 1.55248e-07
 3.10495e-07
 3.10495e-07
 3.10495e-07
 3.10495e-07
 1.55248e-07
 1.40182e-07
 2.80365e-07
 2.80365e-07
 2.80365e-07
 2.80365e-07
 1.40182e-07
 1.31344e-07
 2.62687e-07
 2.62687e-07
 2.62687e-07
 2.62687e-07
 1.31344e-07
 1.27187e-07
 2.54375e-07
 2.54375e-07
 2.54375e-07
 2.54375e-07
 1.27187e-07
 1.25644e-07
 2.51288e-07
 2.51288e-07
 2.51288e-07
 2.51288e-07
 1.25644e-07
 1.25172e-07
 2.50344e-07
 2.50344e-07
 2.50344e-07
 2.50344e-07
 1.25172e-07
 1.25043e-07
 2.50086e-07
 2.50086e-07
 2.50086e-07
 2.50086e-07
 1.25043e-07
 1.25010e-07
 2.50021e-07
 2.50021e-07
 2.50021e-07
 2.50021e-07
 1.25010e-07
 1.25002e-07
 2.50005e-07
 2.50005e-07
 2.50005e-07
 2.50005e-07
 1.25002e-07
 1.25001e-07
 2.50001e-07
 2.50001e-07
 2.50001e-07
 2.50001e-07
 1.25001e-07
 1.25000e-07
 2.50000e-07
 2.50000e-07
 2.50000e-07
 2.50000e-07
 1.25000e-07
 1.25000e-07
 2.50000e-07
 2.50000e-07
 2.50000e-07
 2.50000e-07
 1.25000e-07
 1.25000e-07
 2.50000e-07
 2.50000e-07
 2.50000e-07
 2.50000e-07
 1.25000e-07
 1.25000e-07
 2.50000e-07
 2.50000e-07
 2.50000e-07
 2.50000e-07
 1.25000e-07
 1.25000e-07
 2.50000e-07
 2.50000e-07
 2.50000e-07
 2.50000e-07
 1.25000e-07
 1.25000e-07
 2.50000e-07
 2.50000e-07
 2.50000e-07
 2.50000e-07
 1.25000e-07
 1.25000e-07
 2.50000e-07
 2.50000e-07
 2.50000e-07
 2.50000e-07
 1.25000e-07
 1.25000e-07
 2.50000e-07
 2.50000e-07
 2.50000e-07
 2.50000e-07
 1.25000e-07
 1.25000e-07
 2.50000e-07
 2.50000e-07
 2.50000e-07
 2.50000e-07
 1.25000e-07
 1.25000e-07
 2.50000e-07
 2.50000e-07
 2.50000e-07
 2.50000e-07
 1.25000e-07
 1.25000e-07
 2.50000e-07
 2.50000e-07
 2.50000e-07
 2.50000e-07
 1.25000e-07
 1.25000e-07
 2.50000e-07
 2.50000e-07
 2.50000e-07
 2.50000e-07
 1.25000e-07
 1.25000e-07
 2.50000e-07
 2.50000e-07
 2.50000e-07
 2.50000e-07
 1.25000e-07
 1.25000e-07
 2.50000e-07
 2.50000e-07
 2.50000e-07
 2.50000e-07
 1.25000e-07
 1.25000e-07
 2.50000e-07
 2.50000e-07
 2.50000e-07
 2.50000e-07
 1.25000e-07
 1.25000e-07
 2.50000e-07
 2.50000e-07
 2.50000e-07
 2.50000e-07
 1.25000e-07
 1.25000e-07
 2.50000e-07
 2.50000e-07
 2.50000e-07
 2.50000e-07
 1.25000e-07
 6.25000e-08
 1.25000e-07
 1.25000e-07
 1.25000e-07
 1.25000e-07
 6.25000e-08
