Density
part
         1
hexa8
 1.00000e+00
 1.00000e+00
 1.00000e+00
 1.00000e+00
 1.00000e+00
 1.00000e+00
 1.00000e+00
 1.00000e+00
 1.00000e+00
 1.00000e+00
 1.00000e+00
 1.00000e+00
 1.00000e+00
 1.00000e+00
 1.00000e+00
 1.00000e+00
 1.00000e+00
 9.99998e-01
 9.99986e-01
 9.99928e-01
 9.99666e-01
 9.98626e-01
 9.95121e-01
 9.85553e-01
 9.65584e-01
 1.00000e+00
 1.00000e+00
 1.00000e+00
 1.00000e+00
 1.00000e+00
 1.00000e+00
 1.00000e+00
 1.00000e+00
 1.00000e+00
 1.00000e+00
 1.00000e+00
 1.00000e+00
 1.00000e+00
 1.00000e+00
 1.00000e+00
 1.00000e+00
 1.00000e+00
 9.99998e-01
 9.99986e-01
 9.99928e-01
 9.99666e-01
 9.98626e-01
 9.95121e-01
 9.85553e-01
 9.65584e-01
 1.00000e+00
 1.00000e+00
 1.00000e+00
 1.00000e+00
 1.00000e+00
 1.00000e+00
 1.00000e+00
 1.00000e+00
 1.00000e+00
 1.00000e+00
 1.00000e+00
 1.00000e+00
 1.00000e+00
 1.00000e+00
 1.00000e+00
 1.00000e+00
 1.00000e+00
 9.99998e-01
 9.99986e-01
 9.99928e-01
 9.99666e-01
 9.98626e-01
 9.95121e-01
 9.85553e-01
 9.65584e-01
 1.00000e+00
 1.00000e+00
 1.00000e+00
 1.00000e+00
 1.00000e+00
 1.00000e+00
 1.00000e+00
 1.00000e+00
 1.00000e+00
 1.00000e+00
 1.00000e+00
 1.00000e+00
 1.00000e+00
 1.00000e+00
 1.00000e+00
 1.00000e+00
 1.00000e+00
 9.99998e-01
 9.99986e-01
 9.99928e-01
 9.99666e-01
 9.98626e-01
 9.95121e-01
 9.85553e-01
 9.65584e-01
 1.00000e+00
 1.00000e+00
 1.00000e+00
 1.00000e+00
 1.00000e+00
 1.00000e+00
 1.00000e+00
 1.00000e+00
 1.00000e+00
 1.00000e+00
 1.00000e+00
 1.00000e+00
 1.00000e+00
 1.00000e+00
 1.00000e+00
 1.00000e+00
 1.00000e+00
 9.99998e-01
 9.99986e-01
 9.99928e-01
 9.99666e-01
 9.98626e-01
 9.95121e-01
 9.85553e-01
 9.65584e-01
 1.00000e+00
 1.00000e+00
 1.00000e+00
 1.00000e+00
 1.00000e+00
 1.00000e+00
 1.00000e+00
 1.00000e+00
 1.00000e+00
 1.00000e+00
 1.00000e+00
 1.00000e+00
 1.00000e+00
 1.00000e+00
 1.00000e+00
 1.00000e+00
 1.00000e+00
 9.99998e-01
 9.99986e-01
 9.99928e-01
 9.99666e-01
 9.98626e-01
 9.95121e-01
 9.85553e-01
 9.65584e-01
 1.00000e+00
 1.00000e+00
 1.00000e+00
 1.00000e+00
 1.00000e+00
 1.00000e+00
 1.00000e+00
 1.00000e+00
 1.00000e+00
 1.00000e+00
 1.00000e+00
 1.00000e+00
 1.00000e+00
 1.00000e+00
 1.00000e+00
 1.00000e+00
 1.00000e+00
 9.99998e-01
 9.99986e-01
 9.99928e-01
 9.99666e-01
 9.98626e-01
 9.95121e-01
 9.85553e-01
 9.65584e-01
 1.00000e+00
 1.00000e+00
 1.00000e+00
 1.00000e+00
 1.00000e+00
 1.00000e+00
 1.00000e+00
 1.00000e+00
 1.00000e+00
 1.00000e+00
 1.00000e+00
 1.00000e+00
 1.00000e+00
 1.00000e+00
 1.00000e+00
 1.00000e+00
 1.00000e+00
 9.99998e-01
 9.99986e-01
 9.99928e-01
 9.99666e-01
 9.98626e-01
 9.95121e-01
 9.85553e-01
 9.65584e-01
 1.00000e+00
 1.00000e+00
 1.00000e+00
 1.00000e+00
 1.00000e+00
 1.00000e+00
 1.00000e+00
 1.00000e+00
 1.00000e+00
 1.00000e+00
 1.00000e+00
 1.00000e+00
 1.00000e+00
 1.00000e+00
 1.00000e+00
 1.00000e+00
 1.00000e+00
 9.99998e-01
 9.99986e-01
 9.99928e-01
 9.99666e-01
 9.98626e-01
 9.95121e-01
 9.85553e-01
 9.65584e-01
 1.00000e+00
 1.00000e+00
 1.00000e+00
 1.00000e+00
 1.00000e+00
 1.00000e+00
 1.00000e+00
 1.00000e+00
 1.00000e+00
 1.00000e+00
 1.00000e+00
 1.00000e+00
 1.00000e+00
 1.00000e+00
 1.00000e+00
 1.00000e+00
 1.00000e+00
 9.99998e-01
 9.99986e-01
 9.99928e-01
 9.99666e-01
 9.98626e-01
 9.95121e-01
 9.85553e-01
 9.65584e-01
 1.00000e+00
 1.00000e+00
 1.00000e+00
 1.00000e+00
 1.00000e+00
 1.00000e+00
 1.00000e+00
 1.00000e+00
 1.00000e+00
 1.00000e+00
 1.00000e+00
 1.00000e+00
 1.00000e+00
 1.00000e+00
 1.00000e+00
 1.00000e+00
 1.00000e+00
 9.99998e-01
 9.99986e-01
 9.99928e-01
 9.99666e-01
 9.98626e-01
 9.95121e-01
 9.85553e-01
 9.65584e-01
 1.00000e+00
 1.00000e+00
 1.00000e+00
 1.00000e+00
 1.00000e+00
 1.00000e+00
 1.00000e+00
 1.00000e+00
 1.00000e+00
 1.00000e+00
 1.00000e+00
 1.00000e+00
 1.00000e+00
 1.00000e+00
 1.00000e+00
 1.00000e+00
 1.00000e+00
 9.99998e-01
 9.99986e-01
 9.99928e-01
 9.99666e-01
 9.98626e-01
 9.95121e-01
 9.85553e-01
 9.65584e-01
 1.00000e+00
 1.00000e+00
 1.00000e+00
 1.00000e+00
 1.00000e+00
 1.00000e+00
 1.00000e+00
 1.00000e+00
 1.00000e+00
 1.00000e+00
 1.00000e+00
 1.00000e+00
 1.00000e+00
 1.00000e+00
 1.00000e+00
 1.00000e+00
 1.00000e+00
 9.99998e-01
 9.99986e-01
 9.99928e-01
 9.99666e-01
 9.98626e-01
 9.95121e-01
 9.85553e-01
 9.65584e-01
 1.00000e+00
 1.00000e+00
 1.00000e+00
 1.00000e+00
 1.00000e+00
 1.00000e+00
 1.00000e+00
 1.00000e+00
 1.00000e+00
 1.00000e+00
 1.00000e+00
 1.00000e+00
 1.00000e+00
 1.00000e+00
 1.00000e+00
 1.00000e+00
 1.00000e+00
 9.99998e-01
 9.99986e-01
 9.99928e-01
 9.99666e-01
 9.98626e-01
 9.95121e-01
 9.85553e-01
 9.65584e-01
 1.00000e+00
 1.00000e+00
 1.00000e+00
 1.00000e+00
 1.00000e+00
 1.00000e+00
 1.00000e+00
 1.00000e+00
 1.00000e+00
 1.00000e+00
 1.00000e+00
 1.00000e+00
 1.00000e+00
 1.00000e+00
 1.00000e+00
 1.00000e+00
 1.00000e+00
 9.99998e-01
 9.99986e-01
 9.99928e-01
 9.99666e-01
 9.98626e-01
 9.95121e-01
 9.85553e-01
 9.65584e-01
 1.00000e+00
 1.00000e+00
 1.00000e+00
 1.00000e+00
 1.00000e+00
 1.00000e+00
 1.00000e+00
 1.00000e+00
 1.00000e+00
 1.00000e+00
 1.00000e+00
 1.00000e+00
 1.00000e+00
 1.00000e+00
 1.00000e+00
 1.00000e+00
 1.00000e+00
 9.99998e-01
 9.99986e-01
 9.99928e-01
 9.99666e-01
 9.98626e-01
 9.95121e-01
 9.85553e-01
 9.65584e-01
 1.00000e+00
 1.00000e+00
 1.00000e+00
 1.00000e+00
 1.00000e+00
 1.00000e+00
 1.00000e+00
 1.00000e+00
 1.00000e+00
 1.00000e+00
 1.00000e+00
 1.00000e+00
 1.00000e+00
 1.00000e+00
 1.00000e+00
 1.00000e+00
 1.00000e+00
 9.99998e-01
 9.99986e-01
 9.99928e-01
 9.99666e-01
 9.98626e-01
 9.95121e-01
 9.85553e-01
 9.65584e-01
 1.00000e+00
 1.00000e+00
 1.00000e+00
 1.00000e+00
 1.00000e+00
 1.00000e+00
 1.00000e+00
 1.00000e+00
 1.00000e+00
 1.00000e+00
 1.00000e+00
 1.00000e+00
 1.00000e+00
 1.00000e+00
 1.00000e+00
 1.00000e+00
 1.00000e+00
 9.99998e-01
 9.99986e-01
 9.99928e-01
 9.99666e-01
 9.98626e-01
 9.95121e-01
 9.85553e-01
 9.65584e-01
 1.00000e+00
 1.00000e+00
 1.00000e+00
 1.00000e+00
 1.00000e+00
 1.00000e+00
 1.00000e+00
 1.00000e+00
 1.00000e+00
 1.00000e+00
 1.00000e+00
 1.00000e+00
 1.00000e+00
 1.00000e+00
 1.00000e+00
 1.00000e+00
 1.00000e+00
 9.99998e-01
 9.99986e-01
 9.99928e-01
 9.99666e-01
 9.98626e-01
 9.95121e-01
 9.85553e-01
 9.65584e-01
 1.00000e+00
 1.00000e+00
 1.00000e+00
 1.00000e+00
 1.00000e+00
 1.00000e+00
 1.00000e+00
 1.00000e+00
 1.00000e+00
 1.00000e+00
 1.00000e+00
 1.00000e+00
 1.00000e+00
 1.00000e+00
 1.00000e+00
 1.00000e+00
 1.00000e+00
 9.99998e-01
 9.99986e-01
 9.99928e-01
 9.99666e-01
 9.98626e-01
 9.95121e-01
 9.85553e-01
 9.65584e-01
 1.00000e+00
 1.00000e+00
 1.00000e+00
 1.00000e+00
 1.00000e+00
 1.00000e+00
 1.00000e+00
 1.00000e+00
 1.00000e+00
 1.00000e+00
 1.00000e+00
 1.00000e+00
 1.00000e+00
 1.00000e+00
 1.00000e+00
 1.00000e+00
 1.00000e+00
 9.99998e-01
 9.99986e-01
 9.99928e-01
 9.99666e-01
 9.98626e-01
 9.95121e-01
 9.85553e-01
 9.65584e-01
 1.00000e+00
 1.00000e+00
 1.00000e+00
 1.00000e+00
 1.00000e+00
 1.00000e+00
 1.00000e+00
 1.00000e+00
 1.00000e+00
 1.00000e+00
 1.00000e+00
 1.00000e+00
 1.00000e+00
 1.00000e+00
 1.00000e+00
 1.00000e+00
 1.00000e+00
 9.99998e-01
 9.99986e-01
 9.99928e-01
 9.99666e-01
 9.98626e-01
 9.95121e-01
 9.85553e-01
 9.65584e-01
 1.00000e+00
 1.00000e+00
 1.00000e+00
 1.00000e+00
 1.00000e+00
 1.00000e+00
 1.00000e+00
 1.00000e+00
 1.00000e+00
 1.00000e+00
 1.00000e+00
 1.00000e+00
 1.00000e+00
 1.00000e+00
 1.00000e+00
 1.00000e+00
 1.00000e+00
 9.99998e-01
 9.99986e-01
 9.99928e-01
 9.99666e-01
 9.98626e-01
 9.95121e-01
 9.85553e-01
 9.65584e-01
 1.00000e+00
 1.00000e+00
 1.00000e+00
 1.00000e+00
 1.00000e+00
 1.00000e+00
 1.00000e+00
 1.00000e+00
 1.00000e+00
 1.00000e+00
 1.00000e+00
 1.00000e+00
 1.00000e+00
 1.00000e+00
 1.00000e+00
 1.00000e+00
 1.00000e+00
 9.99998e-01
 9.99986e-01
 9.99928e-01
 9.99666e-01
 9.98626e-01
 9.95121e-01
 9.85553e-01
 9.65584e-01
 1.00000e+00
 1.00000e+00
 1.00000e+00
 1.00000e+00
 1.00000e+00
 1.00000e+00
 1.00000e+00
 1.00000e+00
 1.00000e+00
 1.00000e+00
 1.00000e+00
 1.00000e+00
 1.00000e+00
 1.00000e+00
 1.00000e+00
 1.00000e+00
 1.00000e+00
 9.99998e-01
 9.99986e-01
 9.99928e-01
 9.99666e-01
 9.98626e-01
 9.95121e-01
 9.85553e-01
 9.65584e-01
part
         2
hexa8
 9.34536e-01
 8.96859e-01
 8.57421e-01
 8.18594e-01
 7.81129e-01
 7.45254e-01
 7.11077e-01
 6.78681e-01
 6.48156e-01
 6.19597e-01
 5.93133e-01
 5.68928e-01
 5.47203e-01
 5.28246e-01
 5.12418e-01
 5.00125e-01
 4.91723e-01
 4.87318e-01
 4.86426e-01
 4.86782e-01
 4.87332e-01
 4.87974e-01
 4.88673e-01
 4.89425e-01
 4.90204e-01
 9.34536e-01
 8.96859e-01
 8.57421e-01
 8.18594e-01
 7.81129e-01
 7.45254e-01
 7.11077e-01
 6.78681e-01
 6.48156e-01
 6.19597e-01
 5.93133e-01
 5.68928e-01
 5.47203e-01
 5.28246e-01
 5.12418e-01
 5.00125e-01
 4.91723e-01
 4.87318e-01
 4.86426e-01
 4.86782e-01
 4.87332e-01
 4.87974e-01
 4.88673e-01
 4.89425e-01
 4.90204e-01
 9.34536e-01
 8.96859e-01
 8.57421e-01
 8.18594e-01
 7.81129e-01
 7.45254e-01
 7.11077e-01
 6.78681e-01
 6.48156e-01
 6.19597e-01
 5.93133e-01
 5.68928e-01
 5.47203e-01
 5.28246e-01
 5.12418e-01
 5.00125e-01
 4.91723e-01
 4.87318e-01
 4.86426e-01
 4.86782e-01
 4.87332e-01
 4.87974e-01
 4.88673e-01
 4.89425e-01
 4.90204e-01
 9.34536e-01
 8.96859e-01
 8.57421e-01
 8.18594e-01
 7.81129e-01
 7.45254e-01
 7.11077e-01
 6.78681e-01
 6.48156e-01
 6.19597e-01
 5.93133e-01
 5.68928e-01
 5.47203e-01
 5.28246e-01
 5.12418e-01
 5.00125e-01
 4.91723e-01
 4.87318e-01
 4.86426e-01
 4.86782e-01
 4.87332e-01
 4.87974e-01
 4.88673e-01
 4.89425e-01
 4.90204e-01
 9.34536e-01
 8.96859e-01
 8.57421e-01
 8.18594e-01
 7.81129e-01
 7.45254e-01
 7.11077e-01
 6.78681e-01
 6.48156e-01
 6.19597e-01
 5.93133e-01
 5.68928e-01
 5.47203e-01
 5.28246e-01
 5.12418e-01
 5.00125e-01
 4.91723e-01
 4.87318e-01
 4.86426e-01
 4.86782e-01
 4.87332e-01
 4.87974e-01
 4.88673e-01
 4.89425e-01
 4.90204e-01
 9.34536e-01
 8.96859e-01
 8.57421e-01
 8.18594e-01
 7.81129e-01
 7.45254e-01
 7.11077e-01
 6.78681e-01
 6.48156e-01
 6.19597e-01
 5.93133e-01
 5.68928e-01
 5.47203e-01
 5.28246e-01
 5.12418e-01
 5.00125e-01
 4.91723e-01
 4.87318e-01
 4.86426e-01
 4.86782e-01
 4.87332e-01
 4.87974e-01
 4.88673e-01
 4.89425e-01
 4.90204e-01
 9.34536e-01
 8.96859e-01
 8.57421e-01
 8.18594e-01
 7.81129e-01
 7.45254e-01
 7.11077e-01
 6.78681e-01
 6.48156e-01
 6.19597e-01
 5.93133e-01
 5.68928e-01
 5.47203e-01
 5.28246e-01
 5.12418e-01
 5.00125e-01
 4.91723e-01
 4.87318e-01
 4.86426e-01
 4.86782e-01
 4.87332e-01
 4.87974e-01
 4.88673e-01
 4.89425e-01
 4.90204e-01
 9.34536e-01
 8.96859e-01
 8.57421e-01
 8.18594e-01
 7.81129e-01
 7.45254e-01
 7.11077e-01
 6.78681e-01
 6.48156e-01
 6.19597e-01
 5.93133e-01
 5.68928e-01
 5.47203e-01
 5.28246e-01
 5.12418e-01
 5.00125e-01
 4.91723e-01
 4.87318e-01
 4.86426e-01
 4.86782e-01
 4.87332e-01
 4.87974e-01
 4.88673e-01
 4.89425e-01
 4.90204e-01
 9.34536e-01
 8.96859e-01
 8.57421e-01
 8.18594e-01
 7.81129e-01
 7.45254e-01
 7.11077e-01
 6.78681e-01
 6.48156e-01
 6.19597e-01
 5.93133e-01
 5.68928e-01
 5.47203e-01
 5.28246e-01
 5.12418e-01
 5.00125e-01
 4.91723e-01
 4.87318e-01
 4.86426e-01
 4.86782e-01
 4.87332e-01
 4.87974e-01
 4.88673e-01
 4.89425e-01
 4.90204e-01
 9.34536e-01
 8.96859e-01
 8.57421e-01
 8.18594e-01
 7.81129e-01
 7.45254e-01
 7.11077e-01
 6.78681e-01
 6.48156e-01
 6.19597e-01
 5.93133e-01
 5.68928e-01
 5.47203e-01
 5.28246e-01
 5.12418e-01
 5.00125e-01
 4.91723e-01
 4.87318e-01
 4.86426e-01
 4.86782e-01
 4.87332e-01
 4.87974e-01
 4.88673e-01
 4.89425e-01
 4.90204e-01
 9.34536e-01
 8.96859e-01
 8.57421e-01
 8.18594e-01
 7.81129e-01
 7.45254e-01
 7.11077e-01
 6.78681e-01
 6.48156e-01
 6.19597e-01
 5.93133e-01
 5.68928e-01
 5.47203e-01
 5.28246e-01
 5.12418e-01
 5.00125e-01
 4.91723e-01
 4.87318e-01
 4.86426e-01
 4.86782e-01
 4.87332e-01
 4.87974e-01
 4.88673e-01
 4.89425e-01
 4.90204e-01
 9.34536e-01
 8.96859e-01
 8.57421e-01
 8.18594e-01
 7.81129e-01
 7.45254e-01
 7.11077e-01
 6.78681e-01
 6.48156e-01
 6.19597e-01
 5.93133e-01
 5.68928e-01
 5.47203e-01
 5.28246e-01
 5.12418e-01
 5.00125e-01
 4.91723e-01
 4.87318e-01
 4.86426e-01
 4.86782e-01
 4.87332e-01
 4.87974e-01
 4.88673e-01
 4.89425e-01
 4.90204e-01
 9.34536e-01
 8.96859e-01
 8.57421e-01
 8.18594e-01
 7.81129e-01
 7.45254e-01
 7.11077e-01
 6.78681e-01
 6.48156e-01
 6.19597e-01
 5.93133e-01
 5.68928e-01
 5.47203e-01
 5.28246e-01
 5.12418e-01
 5.00125e-01
 4.91723e-01
 4.87318e-01
 4.86426e-01
 4.86782e-01
 4.87332e-01
 4.87974e-01
 4.88673e-01
 4.89425e-01
 4.90204e-01
 9.34536e-01
 8.96859e-01
 8.57421e-01
 8.18594e-01
 7.81129e-01
 7.45254e-01
 7.11077e-01
 6.78681e-01
 6.48156e-01
 6.19597e-01
 5.93133e-01
 5.68928e-01
 5.47203e-01
 5.28246e-01
 5.12418e-01
 5.00125e-01
 4.91723e-01
 4.87318e-01
 4.86426e-01
 4.86782e-01
 4.87332e-01
 4.87974e-01
 4.88673e-01
 4.89425e-01
 4.90204e-01
 9.34536e-01
 8.96859e-01
 8.57421e-01
 8.18594e-01
 7.81129e-01
 7.45254e-01
 7.11077e-01
 6.78681e-01
 6.48156e-01
 6.19597e-01
 5.93133e-01
 5.68928e-01
 5.47203e-01
 5.28246e-01
 5.12418e-01
 5.00125e-01
 4.91723e-01
 4.87318e-01
 4.86426e-01
 4.86782e-01
 4.87332e-01
 4.87974e-01
 4.88673e-01
 4.89425e-01
 4.90204e-01
 9.34536e-01
 8.96859e-01
 8.57421e-01
 8.18594e-01
 7.81129e-01
 7.45254e-01
 7.11077e-01
 6.78681e-01
 6.48156e-01
 6.19597e-01
 5.93133e-01
 5.68928e-01
 5.47203e-01
 5.28246e-01
 5.12418e-01
 5.00125e-01
 4.91723e-01
 4.87318e-01
 4.86426e-01
 4.86782e-01
 4.87332e-01
 4.87974e-01
 4.88673e-01
 4.89425e-01
 4.90204e-01
 9.34536e-01
 8.96859e-01
 8.57421e-01
 8.18594e-01
 7.81129e-01
 7.45254e-01
 7.11077e-01
 6.78681e-01
 6.48156e-01
 6.19597e-01
 5.93133e-01
 5.68928e-01
 5.47203e-01
 5.28246e-01
 5.12418e-01
 5.00125e-01
 4.91723e-01
 4.87318e-01
 4.86426e-01
 4.86782e-01
 4.87332e-01
 4.87974e-01
 4.88673e-01
 4.89425e-01
 4.90204e-01
 9.34536e-01
 8.96859e-01
 8.57421e-01
 8.18594e-01
 7.81129e-01
 7.45254e-01
 7.11077e-01
 6.78681e-01
 6.48156e-01
 6.19597e-01
 5.93133e-01
 5.68928e-01
 5.47203e-01
 5.28246e-01
 5.12418e-01
 5.00125e-01
 4.91723e-01
 4.87318e-01
 4.86426e-01
 4.86782e-01
 4.87332e-01
 4.87974e-01
 4.88673e-01
 4.89425e-01
 4.90204e-01
 9.34536e-01
 8.96859e-01
 8.57421e-01
 8.18594e-01
 7.81129e-01
 7.45254e-01
 7.11077e-01
 6.78681e-01
 6.48156e-01
 6.19597e-01
 5.93133e-01
 5.68928e-01
 5.47203e-01
 5.28246e-01
 5.12418e-01
 5.00125e-01
 4.91723e-01
 4.87318e-01
 4.86426e-01
 4.86782e-01
 4.87332e-01
 4.87974e-01
 4.88673e-01
 4.89425e-01
 4.90204e-01
 9.34536e-01
 8.96859e-01
 8.57421e-01
 8.18594e-01
 7.81129e-01
 7.45254e-01
 7.11077e-01
 6.78681e-01
 6.48156e-01
 6.19597e-01
 5.93133e-01
 5.68928e-01
 5.47203e-01
 5.28246e-01
 5.12418e-01
 5.00125e-01
 4.91723e-01
 4.87318e-01
 4.86426e-01
 4.86782e-01
 4.87332e-01
 4.87974e-01
 4.88673e-01
 4.89425e-01
 4.90204e-01
 9.34536e-01
 8.96859e-01
 8.57421e-01
 8.18594e-01
 7.81129e-01
 7.45254e-01
 7.11077e-01
 6.78681e-01
 6.48156e-01
 6.19597e-01
 5.93133e-01
 5.68928e-01
 5.47203e-01
 5.28246e-01
 5.12418e-01
 5.00125e-01
 4.91723e-01
 4.87318e-01
 4.86426e-01
 4.86782e-01
 4.87332e-01
 4.87974e-01
 4.88673e-01
 4.89425e-01
 4.90204e-01
 9.34536e-01
 8.96859e-01
 8.57421e-01
 8.18594e-01
 7.81129e-01
 7.45254e-01
 7.11077e-01
 6.78681e-01
 6.48156e-01
 6.19597e-01
 5.93133e-01
 5.68928e-01
 5.47203e-01
 5.28246e-01
 5.12418e-01
 5.00125e-01
 4.91723e-01
 4.87318e-01
 4.86426e-01
 4.86782e-01
 4.87332e-01
 4.87974e-01
 4.88673e-01
 4.89425e-01
 4.90204e-01
 9.34536e-01
 8.96859e-01
 8.57421e-01
 8.18594e-01
 7.81129e-01
 7.45254e-01
 7.11077e-01
 6.78681e-01
 6.48156e-01
 6.19597e-01
 5.93133e-01
 5.68928e-01
 5.47203e-01
 5.28246e-01
 5.12418e-01
 5.00125e-01
 4.91723e-01
 4.87318e-01
 4.86426e-01
 4.86782e-01
 4.87332e-01
 4.87974e-01
 4.88673e-01
 4.89425e-01
 4.90204e-01
 9.34536e-01
 8.96859e-01
 8.57421e-01
 8.18594e-01
 7.81129e-01
 7.45254e-01
 7.11077e-01
 6.78681e-01
 6.48156e-01
 6.19597e-01
 5.93133e-01
 5.68928e-01
 5.47203e-01
 5.28246e-01
 5.12418e-01
 5.00125e-01
 4.91723e-01
 4.87318e-01
 4.86426e-01
 4.86782e-01
 4.87332e-01
 4.87974e-01
 4.88673e-01
 4.89425e-01
 4.90204e-01
 9.34536e-01
 8.96859e-01
 8.57421e-01
 8.18594e-01
 7.81129e-01
 7.45254e-01
 7.11077e-01
 6.78681e-01
 6.48156e-01
 6.19597e-01
 5.93133e-01
 5.68928e-01
 5.47203e-01
 5.28246e-01
 5.12418e-01
 5.00125e-01
 4.91723e-01
 4.87318e-01
 4.86426e-01
 4.86782e-01
 4.87332e-01
 4.87974e-01
 4.88673e-01
 4.89425e-01
 4.90204e-01
part
         3
hexa8
 4.90978e-01
 4.91726e-01
 4.92437e-01
 4.93094e-01
 4.93706e-01
 4.94272e-01
 4.94792e-01
 4.95266e-01
 4.95687e-01
 4.96043e-01
 4.96296e-01
 4.96376e-01
 4.96139e-01
 4.95266e-01
 4.93146e-01
 4.88846e-01
 4.80778e-01
 4.66550e-01
 4.43763e-01
 4.09524e-01
 3.66335e-01
 3.37136e-01
 3.21416e-01
 3.14173e-01
 3.11344e-01
 4.90978e-01
 4.91726e-01
 4.92437e-01
 4.93094e-01
 4.93706e-01
 4.94272e-01
 4.94792e-01
 4.95266e-01
 4.95687e-01
 4.96043e-01
 4.96296e-01
 4.96376e-01
 4.96139e-01
 4.95266e-01
 4.93146e-01
 4.88846e-01
 4.80778e-01
 4.66550e-01
 4.43763e-01
 4.09524e-01
 3.66335e-01
 3.37136e-01
 3.21416e-01
 3.14173e-01
 3.11344e-01
 4.90978e-01
 4.91726e-01
 4.92437e-01
 4.93094e-01
 4.93706e-01
 4.94272e-01
 4.94792e-01
 4.95266e-01
 4.95687e-01
 4.96043e-01
 4.96296e-01
 4.96376e-01
 4.96139e-01
 4.95266e-01
 4.93146e-01
 4.88846e-01
 4.80778e-01
 4.66550e-01
 4.43763e-01
 4.09524e-01
 3.66335e-01
 3.37136e-01
 3.21416e-01
 3.14173e-01
 3.11344e-01
 4.90978e-01
 4.91726e-01
 4.92437e-01
 4.93094e-01
 4.93706e-01
 4.94272e-01
 4.94792e-01
 4.95266e-01
 4.95687e-01
 4.96043e-01
 4.96296e-01
 4.96376e-01
 4.96139e-01
 4.95266e-01
 4.93146e-01
 4.88846e-01
 4.80778e-01
 4.66550e-01
 4.43763e-01
 4.09524e-01
 3.66335e-01
 3.37136e-01
 3.21416e-01
 3.14173e-01
 3.11344e-01
 4.90978e-01
 4.91726e-01
 4.92437e-01
 4.93094e-01
 4.93706e-01
 4.94272e-01
 4.94792e-01
 4.95266e-01
 4.95687e-01
 4.96043e-01
 4.96296e-01
 4.96376e-01
 4.96139e-01
 4.95266e-01
 4.93146e-01
 4.88846e-01
 4.80778e-01
 4.66550e-01
 4.43763e-01
 4.09524e-01
 3.66335e-01
 3.37136e-01
 3.21416e-01
 3.14173e-01
 3.11344e-01
 4.90978e-01
 4.91726e-01
 4.92437e-01
 4.93094e-01
 4.93706e-01
 4.94272e-01
 4.94792e-01
 4.95266e-01
 4.95687e-01
 4.96043e-01
 4.96296e-01
 4.96376e-01
 4.96139e-01
 4.95266e-01
 4.93146e-01
 4.88846e-01
 4.80778e-01
 4.66550e-01
 4.43763e-01
 4.09524e-01
 3.66335e-01
 3.37136e-01
 3.21416e-01
 3.14173e-01
 3.11344e-01
 4.90978e-01
 4.91726e-01
 4.92437e-01
 4.93094e-01
 4.93706e-01
 4.94272e-01
 4.94792e-01
 4.95266e-01
 4.95687e-01
 4.96043e-01
 4.96296e-01
 4.96376e-01
 4.96139e-01
 4.95266e-01
 4.93146e-01
 4.88846e-01
 4.80778e-01
 4.66550e-01
 4.43763e-01
 4.09524e-01
 3.66335e-01
 3.37136e-01
 3.21416e-01
 3.14173e-01
 3.11344e-01
 4.90978e-01
 4.91726e-01
 4.92437e-01
 4.93094e-01
 4.93706e-01
 4.94272e-01
 4.94792e-01
 4.95266e-01
 4.95687e-01
 4.96043e-01
 4.96296e-01
 4.96376e-01
 4.96139e-01
 4.95266e-01
 4.93146e-01
 4.88846e-01
 4.80778e-01
 4.66550e-01
 4.43763e-01
 4.09524e-01
 3.66335e-01
 3.37136e-01
 3.21416e-01
 3.14173e-01
 3.11344e-01
 4.90978e-01
 4.91726e-01
 4.92437e-01
 4.93094e-01
 4.93706e-01
 4.94272e-01
 4.94792e-01
 4.95266e-01
 4.95687e-01
 4.96043e-01
 4.96296e-01
 4.96376e-01
 4.96139e-01
 4.95266e-01
 4.93146e-01
 4.88846e-01
 4.80778e-01
 4.66550e-01
 4.43763e-01
 4.09524e-01
 3.66335e-01
 3.37136e-01
 3.21416e-01
 3.14173e-01
 3.11344e-01
 4.90978e-01
 4.91726e-01
 4.92437e-01
 4.93094e-01
 4.93706e-01
 4.94272e-01
 4.94792e-01
 4.95266e-01
 4.95687e-01
 4.96043e-01
 4.96296e-01
 4.96376e-01
 4.96139e-01
 4.95266e-01
 4.93146e-01
 4.88846e-01
 4.80778e-01
 4.66550e-01
 4.43763e-01
 4.09524e-01
 3.66335e-01
 3.37136e-01
 3.21416e-01
 3.14173e-01
 3.11344e-01
 4.90978e-01
 4.91726e-01
 4.92437e-01
 4.93094e-01
 4.93706e-01
 4.94272e-01
 4.94792e-01
 4.95266e-01
 4.95687e-01
 4.96043e-01
 4.96296e-01
 4.96376e-01
 4.96139e-01
 4.95266e-01
 4.93146e-01
 4.88846e-01
 4.80778e-01
 4.66550e-01
 4.43763e-01
 4.09524e-01
 3.66335e-01
 3.37136e-01
 3.21416e-01
 3.14173e-01
 3.11344e-01
 4.90978e-01
 4.91726e-01
 4.92437e-01
 4.93094e-01
 4.93706e-01
 4.94272e-01
 4.94792e-01
 4.95266e-01
 4.95687e-01
 4.96043e-01
 4.96296e-01
 4.96376e-01
 4.96139e-01
 4.95266e-01
 4.93146e-01
 4.88846e-01
 4.80778e-01
 4.66550e-01
 4.43763e-01
 4.09524e-01
 3.66335e-01
 3.37136e-01
 3.21416e-01
 3.14173e-01
 3.11344e-01
 4.90978e-01
 4.91726e-01
 4.92437e-01
 4.93094e-01
 4.93706e-01
 4.94272e-01
 4.94792e-01
 4.95266e-01
 4.95687e-01
 4.96043e-01
 4.96296e-01
 4.96376e-01
 4.96139e-01
 4.95266e-01
 4.93146e-01
 4.88846e-01
 4.80778e-01
 4.66550e-01
 4.43763e-01
 4.09524e-01
 3.66335e-01
 3.37136e-01
 3.21416e-01
 3.14173e-01
 3.11344e-01
 4.90978e-01
 4.91726e-01
 4.92437e-01
 4.93094e-01
 4.93706e-01
 4.94272e-01
 4.94792e-01
 4.95266e-01
 4.95687e-01
 4.96043e-01
 4.96296e-01
 4.96376e-01
 4.96139e-01
 4.95266e-01
 4.93146e-01
 4.88846e-01
 4.80778e-01
 4.66550e-01
 4.43763e-01
 4.09524e-01
 3.66335e-01
 3.37136e-01
 3.21416e-01
 3.14173e-01
 3.11344e-01
 4.90978e-01
 4.91726e-01
 4.92437e-01
 4.93094e-01
 4.93706e-01
 4.94272e-01
 4.94792e-01
 4.95266e-01
 4.95687e-01
 4.96043e-01
 4.96296e-01
 4.96376e-01
 4.96139e-01
 4.95266e-01
 4.93146e-01
 4.88846e-01
 4.80778e-01
 4.66550e-01
 4.43763e-01
 4.09524e-01
 3.66335e-01
 3.37136e-01
 3.21416e-01
 3.14173e-01
 3.11344e-01
 4.90978e-01
 4.91726e-01
 4.92437e-01
 4.93094e-01
 4.93706e-01
 4.94272e-01
 4.94792e-01
 4.95266e-01
 4.95687e-01
 4.96043e-01
 4.96296e-01
 4.96376e-01
 4.96139e-01
 4.95266e-01
 4.93146e-01
 4.88846e-01
 4.80778e-01
 4.66550e-01
 4.43763e-01
 4.09524e-01
 3.66335e-01
 3.37136e-01
 3.21416e-01
 3.14173e-01
 3.11344e-01
 4.90978e-01
 4.91726e-01
 4.92437e-01
 4.93094e-01
 4.93706e-01
 4.94272e-01
 4.94792e-01
 4.95266e-01
 4.95687e-01
 4.96043e-01
 4.96296e-01
 4.96376e-01
 4.96139e-01
 4.95266e-01
 4.93146e-01
 4.88846e-01
 4.80778e-01
 4.66550e-01
 4.43763e-01
 4.09524e-01
 3.66335e-01
 3.37136e-01
 3.21416e-01
 3.14173e-01
 3.11344e-01
 4.90978e-01
 4.91726e-01
 4.92437e-01
 4.93094e-01
 4.93706e-01
 4.94272e-01
 4.94792e-01
 4.95266e-01
 4.95687e-01
 4.96043e-01
 4.96296e-01
 4.96376e-01
 4.96139e-01
 4.95266e-01
 4.93146e-01
 4.88846e-01
 4.80778e-01
 4.66550e-01
 4.43763e-01
 4.09524e-01
 3.66335e-01
 3.37136e-01
 3.21416e-01
 3.14173e-01
 3.11344e-01
 4.90978e-01
 4.91726e-01
 4.92437e-01
 4.93094e-01
 4.93706e-01
 4.94272e-01
 4.94792e-01
 4.95266e-01
 4.95687e-01
 4.96043e-01
 4.96296e-01
 4.96376e-01
 4.96139e-01
 4.95266e-01
 4.93146e-01
 4.88846e-01
 4.80778e-01
 4.66550e-01
 4.43763e-01
 4.09524e-01
 3.66335e-01
 3.37136e-01
 3.21416e-01
 3.14173e-01
 3.11344e-01
 4.90978e-01
 4.91726e-01
 4.92437e-01
 4.93094e-01
 4.93706e-01
 4.94272e-01
 4.94792e-01
 4.95266e-01
 4.95687e-01
 4.96043e-01
 4.96296e-01
 4.96376e-01
 4.96139e-01
 4.95266e-01
 4.93146e-01
 4.88846e-01
 4.80778e-01
 4.66550e-01
 4.43763e-01
 4.09524e-01
 3.66335e-01
 3.37136e-01
 3.21416e-01
 3.14173e-01
 3.11344e-01
 4.90978e-01
 4.91726e-01
 4.92437e-01
 4.93094e-01
 4.93706e-01
 4.94272e-01
 4.94792e-01
 4.95266e-01
 4.95687e-01
 4.96043e-01
 4.96296e-01
 4.96376e-01
 4.96139e-01
 4.95266e-01
 4.93146e-01
 4.88846e-01
 4.80778e-01
 4.66550e-01
 4.43763e-01
 4.09524e-01
 3.66335e-01
 3.37136e-01
 3.21416e-01
 3.14173e-01
 3.11344e-01
 4.90978e-01
 4.91726e-01
 4.92437e-01
 4.93094e-01
 4.93706e-01
 4.94272e-01
 4.94792e-01
 4.95266e-01
 4.95687e-01
 4.96043e-01
 4.96296e-01
 4.96376e-01
 4.96139e-01
 4.95266e-01
 4.93146e-01
 4.88846e-01
 4.80778e-01
 4.66550e-01
 4.43763e-01
 4.09524e-01
 3.66335e-01
 3.37136e-01
 3.21416e-01
 3.14173e-01
 3.11344e-01
 4.90978e-01
 4.91726e-01
 4.92437e-01
 4.93094e-01
 4.93706e-01
 4.94272e-01
 4.94792e-01
 4.95266e-01
 4.95687e-01
 4.96043e-01
 4.96296e-01
 4.96376e-01
 4.96139e-01
 4.95266e-01
 4.93146e-01
 4.88846e-01
 4.80778e-01
 4.66550e-01
 4.43763e-01
 4.09524e-01
 3.66335e-01
 3.37136e-01
 3.21416e-01
 3.14173e-01
 3.11344e-01
 4.90978e-01
 4.91726e-01
 4.92437e-01
 4.93094e-01
 4.93706e-01
 4.94272e-01
 4.94792e-01
 4.95266e-01
 4.95687e-01
 4.96043e-01
 4.96296e-01
 4.96376e-01
 4.96139e-01
 4.95266e-01
 4.93146e-01
 4.88846e-01
 4.80778e-01
 4.66550e-01
 4.43763e-01
 4.09524e-01
 3.66335e-01
 3.37136e-01
 3.21416e-01
 3.14173e-01
 3.11344e-01
 4.90978e-01
 4.91726e-01
 4.92437e-01
 4.93094e-01
 4.93706e-01
 4.94272e-01
 4.94792e-01
 4.95266e-01
 4.95687e-01
 4.96043e-01
 4.96296e-01
 4.96376e-01
 4.96139e-01
 4.95266e-01
 4.93146e-01
 4.88846e-01
 4.80778e-01
 4.66550e-01
 4.43763e-01
 4.09524e-01
 3.66335e-01
 3.37136e-01
 3.21416e-01
 3.14173e-01
 3.11344e-01
part
         4
hexa8
 3.10157e-01
 3.08829e-01
 3.06058e-01
 3.00653e-01
 2.91398e-01
 2.77199e-01
 2.57531e-01
 2.33207e-01
 2.07149e-01
 1.81465e-01
 1.59331e-01
 1.43037e-01
 1.32955e-01
 1.27930e-01
 1.25943e-01
 1.25281e-01
 1.25081e-01
 1.25023e-01
 1.25006e-01
 1.25002e-01
 1.25000e-01
 1.25000e-01
 1.25000e-01
 1.25000e-01
 1.25000e-01
 3.10157e-01
 3.08829e-01
 3.06058e-01
 3.00653e-01
 2.91398e-01
 2.77199e-01
 2.57531e-01
 2.33207e-01
 2.07149e-01
 1.81465e-01
 1.59331e-01
 1.43037e-01
 1.32955e-01
 1.27930e-01
 1.25943e-01
 1.25281e-01
 1.25081e-01
 1.25023e-01
 1.25006e-01
 1.25002e-01
 1.25000e-01
 1.25000e-01
 1.25000e-01
 1.25000e-01
 1.25000e-01
 3.10157e-01
 3.08829e-01
 3.06058e-01
 3.00653e-01
 2.91398e-01
 2.77199e-01
 2.57531e-01
 2.33207e-01
 2.07149e-01
 1.81465e-01
 1.59331e-01
 1.43037e-01
 1.32955e-01
 1.27930e-01
 1.25943e-01
 1.25281e-01
 1.25081e-01
 1.25023e-01
 1.25006e-01
 1.25002e-01
 1.25000e-01
 1.25000e-01
 1.25000e-01
 1.25000e-01
 1.25000e-01
 3.10157e-01
 3.08829e-01
 3.06058e-01
 3.00653e-01
 2.91398e-01
 2.77199e-01
 2.57531e-01
 2.33207e-01
 2.07149e-01
 1.81465e-01
 1.59331e-01
 1.43037e-01
 1.32955e-01
 1.27930e-01
 1.25943e-01
 1.25281e-01
 1.25081e-01
 1.25023e-01
 1.25006e-01
 1.25002e-01
 1.25000e-01
 1.25000e-01
 1.25000e-01
 1.25000e-01
 1.25000e-01
 3.10157e-01
 3.08829e-01
 3.06058e-01
 3.00653e-01
 2.91398e-01
 2.77199e-01
 2.57531e-01
 2.33207e-01
 2.07149e-01
 1.81465e-01
 1.59331e-01
 1.43037e-01
 1.32955e-01
 1.27930e-01
 1.25943e-01
 1.25281e-01
 1.25081e-01
 1.25023e-01
 1.25006e-01
 1.25002e-01
 1.25000e-01
 1.25000e-01
 1.25000e-01
 1.25000e-01
 1.25000e-01
 3.10157e-01
 3.08829e-01
 3.06058e-01
 3.00653e-01
 2.91398e-01
 2.77199e-01
 2.57531e-01
 2.33207e-01
 2.07149e-01
 1.81465e-01
 1.59331e-01
 1.43037e-01
 1.32955e-01
 1.27930e-01
 1.25943e-01
 1.25281e-01
 1.25081e-01
 1.25023e-01
 1.25006e-01
 1.25002e-01
 1.25000e-01
 1.25000e-01
 1.25000e-01
 1.25000e-01
 1.25000e-01
 3.10157e-01
 3.08829e-01
 3.06058e-01
 3.00653e-01
 2.91398e-01
 2.77199e-01
 2.57531e-01
 2.33207e-01
 2.07149e-01
 1.81465e-01
 1.59331e-01
 1.43037e-01
 1.32955e-01
 1.27930e-01
 1.25943e-01
 1.25281e-01
 1.25081e-01
 1.25023e-01
 1.25006e-01
 1.25002e-01
 1.25000e-01
 1.25000e-01
 1.25000e-01
 1.25000e-01
 1.25000e-01
 3.10157e-01
 3.08829e-01
 3.06058e-01
 3.00653e-01
 2.91398e-01
 2.77199e-01
 2.57531e-01
 2.33207e-01
 2.07149e-01
 1.81465e-01
 1.59331e-01
 1.43037e-01
 1.32955e-01
 1.27930e-01
 1.25943e-01
 1.25281e-01
 1.25081e-01
 1.25023e-01
 1.25006e-01
 1.25002e-01
 1.25000e-01
 1.25000e-01
 1.25000e-01
 1.25000e-01
 1.25000e-01
 3.10157e-01
 3.08829e-01
 3.06058e-01
 3.00653e-01
 2.91398e-01
 2.77199e-01
 2.57531e-01
 2.33207e-01
 2.07149e-01
 1.81465e-01
 1.59331e-01
 1.43037e-01
 1.32955e-01
 1.27930e-01
 1.25943e-01
 1.25281e-01
 1.25081e-01
 1.25023e-01
 1.25006e-01
 1.25002e-01
 1.25000e-01
 1.25000e-01
 1.25000e-01
 1.25000e-01
 1.25000e-01
 3.10157e-01
 3.08829e-01
 3.06058e-01
 3.00653e-01
 2.91398e-01
 2.77199e-01
 2.57531e-01
 2.33207e-01
 2.07149e-01
 1.81465e-01
 1.59331e-01
 1.43037e-01
 1.32955e-01
 1.27930e-01
 1.25943e-01
 1.25281e-01
 1.25081e-01
 1.25023e-01
 1.25006e-01
 1.25002e-01
 1.25000e-01
 1.25000e-01
 1.25000e-01
 1.25000e-01
 1.25000e-01
 3.10157e-01
 3.08829e-01
 3.06058e-01
 3.00653e-01
 2.91398e-01
 2.77199e-01
 2.57531e-01
 2.33207e-01
 2.07149e-01
 1.81465e-01
 1.59331e-01
 1.43037e-01
 1.32955e-01
 1.27930e-01
 1.25943e-01
 1.25281e-01
 1.25081e-01
 1.25023e-01
 1.25006e-01
 1.25002e-01
 1.25000e-01
 1.25000e-01
 1.25000e-01
 1.25000e-01
 1.25000e-01
 3.10157e-01
 3.08829e-01
 3.06058e-01
 3.00653e-01
 2.91398e-01
 2.77199e-01
 2.57531e-01
 2.33207e-01
 2.07149e-01
 1.81465e-01
 1.59331e-01
 1.43037e-01
 1.32955e-01
 1.27930e-01
 1.25943e-01
 1.25281e-01
 1.25081e-01
 1.25023e-01
 1.25006e-01
 1.25002e-01
 1.25000e-01
 1.25000e-01
 1.25000e-01
 1.25000e-01
 1.25000e-01
 3.10157e-01
 3.08829e-01
 3.06058e-01
 3.00653e-01
 2.91398e-01
 2.77199e-01
 2.57531e-01
 2.33207e-01
 2.07149e-01
 1.81465e-01
 1.59331e-01
 1.43037e-01
 1.32955e-01
 1.27930e-01
 1.25943e-01
 1.25281e-01
 1.25081e-01
 1.25023e-01
 1.25006e-01
 1.25002e-01
 1.25000e-01
 1.25000e-01
 1.25000e-01
 1.25000e-01
 1.25000e-01
 3.10157e-01
 3.08829e-01
 3.06058e-01
 3.00653e-01
 2.91398e-01
 2.77199e-01
 2.57531e-01
 2.33207e-01
 2.07149e-01
 1.81465e-01
 1.59331e-01
 1.43037e-01
 1.32955e-01
 1.27930e-01
 1.25943e-01
 1.25281e-01
 1.25081e-01
 1.25023e-01
 1.25006e-01
 1.25002e-01
 1.25000e-01
 1.25000e-01
 1.25000e-01
 1.25000e-01
 1.25000e-01
 3.10157e-01
 3.08829e-01
 3.06058e-01
 3.00653e-01
 2.91398e-01
 2.77199e-01
 2.57531e-01
 2.33207e-01
 2.07149e-01
 1.81465e-01
 1.59331e-01
 1.43037e-01
 1.32955e-01
 1.27930e-01
 1.25943e-01
 1.25281e-01
 1.25081e-01
 1.25023e-01
 1.25006e-01
 1.25002e-01
 1.25000e-01
 1.25000e-01
 1.25000e-01
 1.25000e-01
 1.25000e-01
 3.10157e-01
 3.08829e-01
 3.06058e-01
 3.00653e-01
 2.91398e-01
 2.77199e-01
 2.57531e-01
 2.33207e-01
 2.07149e-01
 1.81465e-01
 1.59331e-01
 1.43037e-01
 1.32955e-01
 1.27930e-01
 1.25943e-01
 1.25281e-01
 1.25081e-01
 1.25023e-01
 1.25006e-01
 1.25002e-01
 1.25000e-01
 1.25000e-01
 1.25000e-01
 1.25000e-01
 1.25000e-01
 3.10157e-01
 3.08829e-01
 3.06058e-01
 3.00653e-01
 2.91398e-01
 2.77199e-01
 2.57531e-01
 2.33207e-01
 2.07149e-01
 1.81465e-01
 1.59331e-01
 1.43037e-01
 1.32955e-01
 1.27930e-01
 1.25943e-01
 1.25281e-01
 1.25081e-01
 1.25023e-01
 1.25006e-01
 1.25002e-01
 1.25000e-01
 1.25000e-01
 1.25000e-01
 1.25000e-01
 1.25000e-01
 3.10157e-01
 3.08829e-01
 3.06058e-01
 3.00653e-01
 2.91398e-01
 2.77199e-01
 2.57531e-01
 2.33207e-01
 2.07149e-01
 1.81465e-01
 1.59331e-01
 1.43037e-01
 1.32955e-01
 1.27930e-01
 1.25943e-01
 1.25281e-01
 1.25081e-01
 1.25023e-01
 1.25006e-01
 1.25002e-01
 1.25000e-01
 1.25000e-01
 1.25000e-01
 1.25000e-01
 1.25000e-01
 3.10157e-01
 3.08829e-01
 3.06058e-01
 3.00653e-01
 2.91398e-01
 2.77199e-01
 2.57531e-01
 2.33207e-01
 2.07149e-01
 1.81465e-01
 1.59331e-01
 1.43037e-01
 1.32955e-01
 1.27930e-01
 1.25943e-01
 1.25281e-01
 1.25081e-01
 1.25023e-01
 1.25006e-01
 1.25002e-01
 1.25000e-01
 1.25000e-01
 1.25000e-01
 1.25000e-01
 1.25000e-01
 3.10157e-01
 3.08829e-01
 3.06058e-01
 3.00653e-01
 2.91398e-01
 2.77199e-01
 2.57531e-01
 2.33207e-01
 2.07149e-01
 1.81465e-01
 1.59331e-01
 1.43037e-01
 1.32955e-01
 1.27930e-01
 1.25943e-01
 1.25281e-01
 1.25081e-01
 1.25023e-01
 1.25006e-01
 1.25002e-01
 1.25000e-01
 1.25000e-01
 1.25000e-01
 1.25000e-01
 1.25000e-01
 3.10157e-01
 3.08829e-01
 3.06058e-01
 3.00653e-01
 2.91398e-01
 2.77199e-01
 2.57531e-01
 2.33207e-01
 2.07149e-01
 1.81465e-01
 1.59331e-01
 1.43037e-01
 1.32955e-01
 1.27930e-01
 1.25943e-01
 1.25281e-01
 1.25081e-01
 1.25023e-01
 1.25006e-01
 1.25002e-01
 1.25000e-01
 1.25000e-01
 1.25000e-01
 1.25000e-01
 1.25000e-01
 3.10157e-01
 3.08829e-01
 3.06058e-01
 3.00653e-01
 2.91398e-01
 2.77199e-01
 2.57531e-01
 2.33207e-01
 2.07149e-01
 1.81465e-01
 1.59331e-01
 1.43037e-01
 1.32955e-01
 1.27930e-01
 1.25943e-01
 1.25281e-01
 1.25081e-01
 1.25023e-01
 1.25006e-01
 1.25002e-01
 1.25000e-01
 1.25000e-01
 1.25000e-01
 1.25000e-01
 1.25000e-01
 3.10157e-01
 3.08829e-01
 3.06058e-01
 3.00653e-01
 2.91398e-01
 2.77199e-01
 2.57531e-01
 2.33207e-01
 2.07149e-01
 1.81465e-01
 1.59331e-01
 1.43037e-01
 1.32955e-01
 1.27930e-01
 1.25943e-01
 1.25281e-01
 1.25081e-01
 1.25023e-01
 1.25006e-01
 1.25002e-01
 1.25000e-01
 1.25000e-01
 1.25000e-01
 1.25000e-01
 1.25000e-01
 3.10157e-01
 3.08829e-01
 3.06058e-01
 3.00653e-01
 2.91398e-01
 2.77199e-01
 2.57531e-01
 2.33207e-01
 2.07149e-01
 1.81465e-01
 1.59331e-01
 1.43037e-01
 1.32955e-01
 1.27930e-01
 1.25943e-01
 1.25281e-01
 1.25081e-01
 1.25023e-01
 1.25006e-01
 1.25002e-01
 1.25000e-01
 1.25000e-01
 1.25000e-01
 1.25000e-01
 1.25000e-01
 3.10157e-01
 3.08829e-01
 3.06058e-01
 3.00653e-01
 2.91398e-01
 2.77199e-01
 2.57531e-01
 2.33207e-01
 2.07149e-01
 1.81465e-01
 1.59331e-01
 1.43037e-01
 1.32955e-01
 1.27930e-01
 1.25943e-01
 1.25281e-01
 1.25081e-01
 1.25023e-01
 1.25006e-01
 1.25002e-01
 1.25000e-01
 1.25000e-01
 1.25000e-01
 1.25000e-01
 1.25000e-01
