Density
part
         1
quad4
 2.39403e-03
 5.82625e-03
 6.19454e-03
 7.37507e-03
 7.89370e-03
 8.93548e-03
 1.16640e-02
 1.42274e-02
 1.52752e-02
 1.76673e-02
 2.08129e-02
 2.31040e-02
 2.64203e-02
 2.95894e-02
 3.35749e-02
 3.79166e-02
 4.31338e-02
 4.91973e-02
 5.64011e-02
 6.49473e-02
 7.51419e-02
 8.73629e-02
 1.02059e-01
 1.19840e-01
 1.41435e-01
 1.67829e-01
 2.00263e-01
 2.40407e-01
 2.90487e-01
 3.53521e-01
 4.33756e-01
 5.37723e-01
 6.75074e-01
 8.58518e-01
 1.10284e+00
 1.42240e+00
 1.82320e+00
 2.27981e+00
 2.70713e+00
 2.98402e+00
 2.85536e+00
 2.28338e+00
 1.51410e+00
 1.09478e+00
 1.00901e+00
 1.00071e+00
 1.00000e+00
 1.00000e+00
 1.00000e+00
 1.00000e+00
 1.00000e+00
 1.00000e+00
 1.00000e+00
 1.00000e+00
 1.00000e+00
 1.00000e+00
 1.00000e+00
 1.00000e+00
 1.00000e+00
 9.99999e-01
 5.82625e-03
 5.92879e-03
 6.15313e-03
 6.57595e-03
 8.03875e-03
 7.06520e-03
 7.70449e-03
 1.03894e-02
 1.06526e-02
 1.31639e-02
 1.46210e-02
 1.69846e-02
 1.94350e-02
 2.25782e-02
 2.62624e-02
 3.07357e-02
 3.60524e-02
 4.23369e-02
 4.98144e-02
 5.86671e-02
 6.92350e-02
 8.18387e-02
 9.69880e-02
 1.15224e-01
 1.37349e-01
 1.64279e-01
 1.97334e-01
 2.38126e-01
 2.88956e-01
 3.52828e-01
 4.34060e-01
 5.39211e-01
 6.77992e-01
 8.63194e-01
 1.10966e+00
 1.43171e+00
 1.83482e+00
 2.29264e+00
 2.71858e+00
 2.99129e+00
 2.85035e+00
 2.27030e+00
 1.50164e+00
 1.09097e+00
 1.00859e+00
 1.00067e+00
 1.00000e+00
 1.00000e+00
 1.00000e+00
 1.00000e+00
 1.00000e+00
 1.00000e+00
 1.00000e+00
 1.00000e+00
 1.00000e+00
 1.00000e+00
 1.00000e+00
 1.00000e+00
 1.00000e+00
 9.99999e-01
 6.19454e-03
 6.15313e-03
 6.03256e-03
 5.88455e-03
 7.08155e-03
 6.99514e-03
 7.03984e-03
 1.00749e-02
 1.02246e-02
 1.31434e-02
 1.41578e-02
 1.68895e-02
 1.92620e-02
 2.26457e-02
 2.63441e-02
 3.09280e-02
 3.62195e-02
 4.25645e-02
 5.00270e-02
 5.89401e-02
 6.95303e-02
 8.22410e-02
 9.74750e-02
 1.15901e-01
 1.38198e-01
 1.65426e-01
 1.98778e-01
 2.40011e-01
 2.91338e-01
 3.55864e-01
 4.37913e-01
 5.44236e-01
 6.84735e-01
 8.72304e-01
 1.12180e+00
 1.44746e+00
 1.85371e+00
 2.31249e+00
 2.73456e+00
 2.99820e+00
 2.83368e+00
 2.23868e+00
 1.47491e+00
 1.08326e+00
 1.00777e+00
 1.00060e+00
 1.00000e+00
 1.00000e+00
 1.00000e+00
 1.00000e+00
 1.00000e+00
 1.00000e+00
 1.00000e+00
 1.00000e+00
 1.00000e+00
 1.00000e+00
 1.00000e+00
 1.00000e+00
 1.00000e+00
 9.99999e-01
 7.37507e-03
 6.57595e-03
 5.88455e-03
 5.94312e-03
 6.92412e-03
 6.92579e-03
 7.87649e-03
 8.87028e-03
 1.02896e-02
 1.25385e-02
 1.44083e-02
 1.72270e-02
 2.00334e-02
 2.35524e-02
 2.74746e-02
 3.21372e-02
 3.75768e-02
 4.39965e-02
 5.16080e-02
 6.06260e-02
 7.14100e-02
 8.42749e-02
 9.97837e-02
 1.18445e-01
 1.41145e-01
 1.68764e-01
 2.02721e-01
 2.44624e-01
 2.96892e-01
 3.62596e-01
 4.46277e-01
 5.54858e-01
 6.98471e-01
 8.90202e-01
 1.14499e+00
 1.47703e+00
 1.88919e+00
 2.35044e+00
 2.76684e+00
 3.01521e+00
 2.81237e+00
 2.19113e+00
 1.43589e+00
 1.07262e+00
 1.00669e+00
 1.00049e+00
 1.00000e+00
 1.00000e+00
 1.00000e+00
 1.00000e+00
 1.00000e+00
 1.00000e+00
 1.00000e+00
 1.00000e+00
 1.00000e+00
 1.00000e+00
 1.00000e+00
 1.00000e+00
 1.00000e+00
 9.99999e-01
 7.89370e-03
 8.03875e-03
 7.08155e-03
 6.92412e-03
 7.03274e-03
 7.23067e-03
 7.79863e-03
 8.97811e-03
 1.05296e-02
 1.24637e-02
 1.46029e-02
 1.72672e-02
 2.01643e-02
 2.37401e-02
 2.77487e-02
 3.25658e-02
 3.81274e-02
 4.47507e-02
 5.25373e-02
 6.18312e-02
 7.28669e-02
 8.61209e-02
 1.01991e-01
 1.21208e-01
 1.44441e-01
 1.72851e-01
 2.07634e-01
 2.50687e-01
 3.04314e-01
 3.71819e-01
 4.57867e-01
 5.69717e-01
 7.17828e-01
 9.15592e-01
 1.17810e+00
 1.51950e+00
 1.94025e+00
 2.40466e+00
 2.81218e+00
 3.03655e+00
 2.78084e+00
 2.12347e+00
 1.38529e+00
 1.05998e+00
 1.00545e+00
 1.00038e+00
 1.00000e+00
 1.00000e+00
 1.00000e+00
 1.00000e+00
 1.00000e+00
 1.00000e+00
 1.00000e+00
 1.00000e+00
 1.00000e+00
 1.00000e+00
 1.00000e+00
 1.00000e+00
 1.00000e+00
 9.99999e-01
 8.93548e-03
 7.06520e-03
 6.99514e-03
 6.92579e-03
 7.23067e-03
 7.63991e-03
 8.51756e-03
 9.73169e-03
 1.13396e-02
 1.33648e-02
 1.56384e-02
 1.83011e-02
 2.13882e-02
 2.49452e-02
 2.91200e-02
 3.39839e-02
 3.97342e-02
 4.65003e-02
 5.45407e-02
 6.40628e-02
 7.54614e-02
 8.90534e-02
 1.05457e-01
 1.25184e-01
 1.49207e-01
 1.78426e-01
 2.14388e-01
 2.58793e-01
 3.14256e-01
 3.84082e-01
 4.73280e-01
 5.89476e-01
 7.43596e-01
 9.49431e-01
 1.22226e+00
 1.57602e+00
 2.00776e+00
 2.47507e+00
 2.86899e+00
 3.05768e+00
 2.73477e+00
 2.03466e+00
 1.32587e+00
 1.04669e+00
 1.00421e+00
 1.00027e+00
 1.00000e+00
 1.00000e+00
 1.00000e+00
 1.00000e+00
 1.00000e+00
 1.00000e+00
 1.00000e+00
 1.00000e+00
 1.00000e+00
 1.00000e+00
 1.00000e+00
 1.00000e+00
 1.00000e+00
 9.99999e-01
 1.16640e-02
 7.70449e-03
 7.03984e-03
 7.87649e-03
 7.79863e-03
 8.51756e-03
 9.46876e-03
 1.07592e-02
 1.23877e-02
 1.43899e-02
 1.66813e-02
 1.94218e-02
 2.25613e-02
 2.62591e-02
 3.05609e-02
 3.56252e-02
 4.15704e-02
 4.86097e-02
 5.69222e-02
 6.68356e-02
 7.86126e-02
 9.27726e-02
 1.09719e-01
 1.30274e-01
 1.55121e-01
 1.85557e-01
 2.22848e-01
 2.69096e-01
 3.26804e-01
 3.99615e-01
 4.92812e-01
 6.14570e-01
 7.76364e-01
 9.92480e-01
 1.27837e+00
 1.64742e+00
 2.09202e+00
 2.56058e+00
 2.93393e+00
 3.07120e+00
 2.66911e+00
 1.92415e+00
 1.26169e+00
 1.03411e+00
 1.00307e+00
 1.00017e+00
 1.00000e+00
 1.00000e+00
 1.00000e+00
 1.00000e+00
 1.00000e+00
 1.00000e+00
 1.00000e+00
 1.00000e+00
 1.00000e+00
 1.00000e+00
 1.00000e+00
 1.00000e+00
 1.00000e+00
 9.99999e-01
 1.42274e-02
 1.03894e-02
 1.00749e-02
 8.87028e-03
 8.97811e-03
 9.73169e-03
 1.07592e-02
 1.21765e-02
 1.38511e-02
 1.59056e-02
 1.82728e-02
 2.10650e-02
 2.43149e-02
 2.81227e-02
 3.25872e-02
 3.78280e-02
 4.40199e-02
 5.13170e-02
 5.99996e-02
 7.02850e-02
 8.26152e-02
 9.73143e-02
 1.15082e-01
 1.36448e-01
 1.62507e-01
 1.94228e-01
 2.33330e-01
 2.81716e-01
 3.42272e-01
 4.18744e-01
 5.16942e-01
 6.45647e-01
 8.17009e-01
 1.04587e+00
 1.34785e+00
 1.73491e+00
 2.19354e+00
 2.66004e+00
 3.00517e+00
 3.06518e+00
 2.57958e+00
 1.79381e+00
 1.19778e+00
 1.02340e+00
 1.00212e+00
 1.00009e+00
 1.00000e+00
 1.00000e+00
 1.00000e+00
 1.00000e+00
 1.00000e+00
 1.00000e+00
 1.00000e+00
 1.00000e+00
 1.00000e+00
 1.00000e+00
 1.00000e+00
 1.00000e+00
 1.00000e+00
 9.99999e-01
 1.52752e-02
 1.06526e-02
 1.02246e-02
 1.02896e-02
 1.05296e-02
 1.13396e-02
 1.23877e-02
 1.38511e-02
 1.55889e-02
 1.76850e-02
 2.01416e-02
 2.30302e-02
 2.64162e-02
 3.03848e-02
 3.50462e-02
 4.05363e-02
 4.70021e-02
 5.46713e-02
 6.37363e-02
 7.45700e-02
 8.74416e-02
 1.02950e-01
 1.21513e-01
 1.44070e-01
 1.71362e-01
 2.04848e-01
 2.45958e-01
 2.97060e-01
 3.60999e-01
 4.41975e-01
 5.46312e-01
 6.83582e-01
 8.66685e-01
 1.11107e+00
 1.43242e+00
 1.83996e+00
 2.31256e+00
 2.77122e+00
 3.08502e+00
 3.02135e+00
 2.46221e+00
 1.64870e+00
 1.13932e+00
 1.01515e+00
 1.00136e+00
 1.00004e+00
 1.00000e+00
 1.00000e+00
 1.00000e+00
 1.00000e+00
 1.00000e+00
 1.00000e+00
 1.00000e+00
 1.00000e+00
 1.00000e+00
 1.00000e+00
 1.00000e+00
 1.00000e+00
 1.00000e+00
 9.99999e-01
 1.76673e-02
 1.31639e-02
 1.31434e-02
 1.25385e-02
 1.24637e-02
 1.33648e-02
 1.43899e-02
 1.59056e-02
 1.76850e-02
 1.98737e-02
 2.24204e-02
 2.54414e-02
 2.89758e-02
 3.31391e-02
 3.80361e-02
 4.38029e-02
 5.06275e-02
 5.86828e-02
 6.82843e-02
 7.96607e-02
 9.33266e-02
 1.09618e-01
 1.29349e-01
 1.53091e-01
 1.82102e-01
 2.17478e-01
 2.61176e-01
 3.15426e-01
 3.83500e-01
 4.69918e-01
 5.81775e-01
 7.29517e-01
 9.26898e-01
 1.18996e+00
 1.53422e+00
 1.96424e+00
 2.44876e+00
 2.89036e+00
 3.15562e+00
 2.94991e+00
 2.30207e+00
 1.49793e+00
 1.09076e+00
 1.00930e+00
 1.00080e+00
 1.00001e+00
 1.00000e+00
 1.00000e+00
 1.00000e+00
 1.00000e+00
 1.00000e+00
 1.00000e+00
 1.00000e+00
 1.00000e+00
 1.00000e+00
 1.00000e+00
 1.00000e+00
 1.00000e+00
 1.00000e+00
 9.99999e-01
 2.08129e-02
 1.46210e-02
 1.41578e-02
 1.44083e-02
 1.46029e-02
 1.56384e-02
 1.66813e-02
 1.82728e-02
 2.01416e-02
 2.24204e-02
 2.51126e-02
 2.82832e-02
 3.20262e-02
 3.64230e-02
 4.16060e-02
 4.77270e-02
 5.49454e-02
 6.35267e-02
 7.36718e-02
 8.58240e-02
 1.00260e-01
 1.17691e-01
 1.38565e-01
 1.63975e-01
 1.94775e-01
 2.32622e-01
 2.79248e-01
 3.37361e-01
 4.10350e-01
 5.03391e-01
 6.24423e-01
 7.84930e-01
 9.99571e-01
 1.28488e+00
 1.65571e+00
 2.10941e+00
 2.60069e+00
 3.01179e+00
 3.20018e+00
 2.84430e+00
 2.10025e+00
 1.35418e+00
 1.05446e+00
 1.00543e+00
 1.00041e+00
 1.00000e+00
 1.00000e+00
 1.00000e+00
 1.00000e+00
 1.00000e+00
 1.00000e+00
 1.00000e+00
 1.00000e+00
 1.00000e+00
 1.00000e+00
 1.00000e+00
 1.00000e+00
 1.00000e+00
 1.00000e+00
 9.99999e-01
 2.31040e-02
 1.69846e-02
 1.68895e-02
 1.72270e-02
 1.72672e-02
 1.83011e-02
 1.94218e-02
 2.10650e-02
 2.30302e-02
 2.54414e-02
 2.82832e-02
 3.16596e-02
 3.56320e-02
 4.03203e-02
 4.58514e-02
 5.23710e-02
 6.01062e-02
 6.92346e-02
 8.01401e-02
 9.30565e-02
 1.08605e-01
 1.27147e-01
 1.49640e-01
 1.76754e-01
 2.09931e-01
 2.50508e-01
 3.00772e-01
 3.63410e-01
 4.42348e-01
 5.43428e-01
 6.75681e-01
 8.51712e-01
 1.08714e+00
 1.39876e+00
 1.79943e+00
 2.27650e+00
 2.76548e+00
 3.12863e+00
 3.19624e+00
 2.69241e+00
 1.87159e+00
 1.23023e+00
 1.03012e+00
 1.00301e+00
 1.00018e+00
 1.00000e+00
 1.00000e+00
 1.00000e+00
 1.00000e+00
 1.00000e+00
 1.00000e+00
 1.00000e+00
 1.00000e+00
 1.00000e+00
 1.00000e+00
 1.00000e+00
 1.00000e+00
 1.00000e+00
 1.00000e+00
 9.99999e-01
 2.64203e-02
 1.94350e-02
 1.92620e-02
 2.00334e-02
 2.01643e-02
 2.13882e-02
 2.25613e-02
 2.43149e-02
 2.64162e-02
 2.89758e-02
 3.20262e-02
 3.56320e-02
 3.98983e-02
 4.49321e-02
 5.08659e-02
 5.78960e-02
 6.61798e-02
 7.60550e-02
 8.77200e-02
 1.01724e-01
 1.18360e-01
 1.38479e-01
 1.62605e-01
 1.92017e-01
 2.27764e-01
 2.71785e-01
 3.26263e-01
 3.94374e-01
 4.80469e-01
 5.91389e-01
 7.37385e-01
 9.32287e-01
 1.19266e+00
 1.53510e+00
 1.96781e+00
 2.46496e+00
 2.93715e+00
 3.24339e+00
 3.11088e+00
 2.48835e+00
 1.63484e+00
 1.13494e+00
 1.01565e+00
 1.00155e+00
 1.00006e+00
 1.00000e+00
 1.00000e+00
 1.00000e+00
 1.00000e+00
 1.00000e+00
 1.00000e+00
 1.00000e+00
 1.00000e+00
 1.00000e+00
 1.00000e+00
 1.00000e+00
 1.00000e+00
 1.00000e+00
 1.00000e+00
 9.99999e-01
 2.95894e-02
 2.25782e-02
 2.26457e-02
 2.35524e-02
 2.37401e-02
 2.49452e-02
 2.62591e-02
 2.81227e-02
 3.03848e-02
 3.31391e-02
 3.64230e-02
 4.03203e-02
 4.49321e-02
 5.03705e-02
 5.68115e-02
 6.43927e-02
 7.34149e-02
 8.40469e-02
 9.67808e-02
 1.11854e-01
 1.30033e-01
 1.51730e-01
 1.78086e-01
 2.09943e-01
 2.48975e-01
 2.96945e-01
 3.56550e-01
 4.31181e-01
 5.26014e-01
 6.49037e-01
 8.11913e-01
 1.02973e+00
 1.31981e+00
 1.69774e+00
 2.16299e+00
 2.67163e+00
 3.10519e+00
 3.31484e+00
 2.97077e+00
 2.21318e+00
 1.41644e+00
 1.07096e+00
 1.00776e+00
 1.00070e+00
 1.00001e+00
 1.00000e+00
 1.00000e+00
 1.00000e+00
 1.00000e+00
 1.00000e+00
 1.00000e+00
 1.00000e+00
 1.00000e+00
 1.00000e+00
 1.00000e+00
 1.00000e+00
 1.00000e+00
 1.00000e+00
 1.00000e+00
 9.99999e-01
 3.35749e-02
 2.62624e-02
 2.63441e-02
 2.74746e-02
 2.77487e-02
 2.91200e-02
 3.05609e-02
 3.25872e-02
 3.50462e-02
 3.80361e-02
 4.16060e-02
 4.58514e-02
 5.08659e-02
 5.68115e-02
 6.38044e-02
 7.21192e-02
 8.18971e-02
 9.35846e-02
 1.07376e-01
 1.23965e-01
 1.43683e-01
 1.67554e-01
 1.96261e-01
 2.31282e-01
 2.74037e-01
 3.26862e-01
 3.92532e-01
 4.75093e-01
 5.80666e-01
 7.18690e-01
 9.02332e-01
 1.14795e+00
 1.47308e+00
 1.89033e+00
 2.38562e+00
 2.88973e+00
 3.25702e+00
 3.29964e+00
 2.75984e+00
 1.90010e+00
 1.24166e+00
 1.03373e+00
 1.00368e+00
 1.00026e+00
 1.00000e+00
 1.00000e+00
 1.00000e+00
 1.00000e+00
 1.00000e+00
 1.00000e+00
 1.00000e+00
 1.00000e+00
 1.00000e+00
 1.00000e+00
 1.00000e+00
 1.00000e+00
 1.00000e+00
 1.00000e+00
 1.00000e+00
 9.99999e-01
 3.79166e-02
 3.07357e-02
 3.09280e-02
 3.21372e-02
 3.25658e-02
 3.39839e-02
 3.56252e-02
 3.78280e-02
 4.05363e-02
 4.38029e-02
 4.77270e-02
 5.23710e-02
 5.78960e-02
 6.43927e-02
 7.21192e-02
 8.11892e-02
 9.20167e-02
 1.04756e-01
 1.20044e-01
 1.38146e-01
 1.59995e-01
 1.86145e-01
 2.17925e-01
 2.56494e-01
 3.03885e-01
 3.62435e-01
 4.35468e-01
 5.27726e-01
 6.46678e-01
 8.03387e-01
 1.01259e+00
 1.29176e+00
 1.65761e+00
 2.11558e+00
 2.63261e+00
 3.10625e+00
 3.38580e+00
 3.16338e+00
 2.46621e+00
 1.59176e+00
 1.12243e+00
 1.01500e+00
 1.00162e+00
 1.00007e+00
 1.00000e+00
 1.00000e+00
 1.00000e+00
 1.00000e+00
 1.00000e+00
 1.00000e+00
 1.00000e+00
 1.00000e+00
 1.00000e+00
 1.00000e+00
 1.00000e+00
 1.00000e+00
 1.00000e+00
 1.00000e+00
 1.00000e+00
 9.99999e-01
 4.31338e-02
 3.60524e-02
 3.62195e-02
 3.75768e-02
 3.81274e-02
 3.97342e-02
 4.15704e-02
 4.40199e-02
 4.70021e-02
 5.06275e-02
 5.49454e-02
 6.01062e-02
 6.61798e-02
 7.34149e-02
 8.18971e-02
 9.20167e-02
 1.03893e-01
 1.18120e-01
 1.34906e-01
 1.55112e-01
 1.79189e-01
 2.08348e-01
 2.43549e-01
 2.86579e-01
 3.39430e-01
 4.04947e-01
 4.86928e-01
 5.91276e-01
 7.27052e-01
 9.07111e-01
 1.14772e+00
 1.46684e+00
 1.87844e+00
 2.37436e+00
 2.89485e+00
 3.29933e+00
 3.42196e+00
 2.93928e+00
 2.08961e+00
 1.33603e+00
 1.05444e+00
 1.00640e+00
 1.00059e+00
 1.00001e+00
 1.00000e+00
 1.00000e+00
 1.00000e+00
 1.00000e+00
 1.00000e+00
 1.00000e+00
 1.00000e+00
 1.00000e+00
 1.00000e+00
 1.00000e+00
 1.00000e+00
 1.00000e+00
 1.00000e+00
 1.00000e+00
 1.00000e+00
 9.99999e-01
 4.91973e-02
 4.23369e-02
 4.25645e-02
 4.39965e-02
 4.47507e-02
 4.65003e-02
 4.86097e-02
 5.13170e-02
 5.46713e-02
 5.86828e-02
 6.35267e-02
 6.92346e-02
 7.60550e-02
 8.40469e-02
 9.35846e-02
 1.04756e-01
 1.18120e-01
 1.33840e-01
 1.52716e-01
 1.75120e-01
 2.02164e-01
 2.34658e-01
 2.74194e-01
 3.22480e-01
 3.82015e-01
 4.55961e-01
 5.49074e-01
 6.68706e-01
 8.25806e-01
 1.03504e+00
 1.31399e+00
 1.67970e+00
 2.13902e+00
 2.66276e+00
 3.15466e+00
 3.46015e+00
 3.28726e+00
 2.61187e+00
 1.70270e+00
 1.16214e+00
 1.02192e+00
 1.00259e+00
 1.00017e+00
 1.00000e+00
 1.00000e+00
 1.00000e+00
 1.00000e+00
 1.00000e+00
 1.00000e+00
 1.00000e+00
 1.00000e+00
 1.00000e+00
 1.00000e+00
 1.00000e+00
 1.00000e+00
 1.00000e+00
 1.00000e+00
 1.00000e+00
 1.00000e+00
 9.99999e-01
 5.64011e-02
 4.98144e-02
 5.00270e-02
 5.16080e-02
 5.25373e-02
 5.45407e-02
 5.69222e-02
 5.99996e-02
 6.37363e-02
 6.82843e-02
 7.36718e-02
 8.01401e-02
 8.77200e-02
 9.67808e-02
 1.07376e-01
 1.20044e-01
 1.34906e-01
 1.52716e-01
 1.73781e-01
 1.99131e-01
 2.29460e-01
 2.66208e-01
 3.10854e-01
 3.65625e-01
 4.33238e-01
 5.17643e-01
 6.24851e-01
 7.64078e-01
 9.48266e-01
 1.19380e+00
 1.51870e+00
 1.93649e+00
 2.43927e+00
 2.96754e+00
 3.38078e+00
 3.51146e+00
 3.03209e+00
 2.17090e+00
 1.38044e+00
 1.06680e+00
 1.00846e+00
 1.00090e+00
 1.00003e+00
 1.00000e+00
 1.00000e+00
 1.00000e+00
 1.00000e+00
 1.00000e+00
 1.00000e+00
 1.00000e+00
 1.00000e+00
 1.00000e+00
 1.00000e+00
 1.00000e+00
 1.00000e+00
 1.00000e+00
 1.00000e+00
 1.00000e+00
 1.00000e+00
 9.99999e-01
 6.49473e-02
 5.86671e-02
 5.89401e-02
 6.06260e-02
 6.18312e-02
 6.40628e-02
 6.68356e-02
 7.02850e-02
 7.45700e-02
 7.96607e-02
 8.58240e-02
 9.30565e-02
 1.01724e-01
 1.11854e-01
 1.23965e-01
 1.38146e-01
 1.55112e-01
 1.75120e-01
 1.99131e-01
 2.27749e-01
 2.62294e-01
 3.04065e-01
 3.55066e-01
 4.17686e-01
 4.95312e-01
 5.92958e-01
 7.18389e-01
 8.82892e-01
 1.10139e+00
 1.39155e+00
 1.76971e+00
 2.24061e+00
 2.77174e+00
 3.26218e+00
 3.55409e+00
 3.34557e+00
 2.64209e+00
 1.71639e+00
 1.16990e+00
 1.02447e+00
 1.00311e+00
 1.00024e+00
 1.00000e+00
 1.00000e+00
 1.00000e+00
 1.00000e+00
 1.00000e+00
 1.00000e+00
 1.00000e+00
 1.00000e+00
 1.00000e+00
 1.00000e+00
 1.00000e+00
 1.00000e+00
 1.00000e+00
 1.00000e+00
 1.00000e+00
 1.00000e+00
 1.00000e+00
 9.99999e-01
 7.51419e-02
 6.92350e-02
 6.95303e-02
 7.14100e-02
 7.28669e-02
 7.54614e-02
 7.86126e-02
 8.26152e-02
 8.74416e-02
 9.33266e-02
 1.00260e-01
 1.08605e-01
 1.18360e-01
 1.30033e-01
 1.43683e-01
 1.59995e-01
 1.79189e-01
 2.02164e-01
 2.29460e-01
 2.62294e-01
 3.01832e-01
 3.49894e-01
 4.08613e-01
 4.80977e-01
 5.71280e-01
 6.86148e-01
 8.35402e-01
 1.03246e+00
 1.29399e+00
 1.63734e+00
 2.07344e+00
 2.58884e+00
 3.11470e+00
 3.50214e+00
 3.56631e+00
 3.02618e+00
 2.12442e+00
 1.35552e+00
 1.06343e+00
 1.00856e+00
 1.00097e+00
 1.00003e+00
 1.00000e+00
 1.00000e+00
 1.00000e+00
 1.00000e+00
 1.00000e+00
 1.00000e+00
 1.00000e+00
 1.00000e+00
 1.00000e+00
 1.00000e+00
 1.00000e+00
 1.00000e+00
 1.00000e+00
 1.00000e+00
 1.00000e+00
 1.00000e+00
 1.00000e+00
 9.99999e-01
 8.73629e-02
 8.18387e-02
 8.22410e-02
 8.42749e-02
 8.61209e-02
 8.90534e-02
 9.27726e-02
 9.73143e-02
 1.02950e-01
 1.09618e-01
 1.17691e-01
 1.27147e-01
 1.38479e-01
 1.51730e-01
 1.67554e-01
 1.86145e-01
 2.08348e-01
 2.34658e-01
 2.66208e-01
 3.04065e-01
 3.49894e-01
 4.05631e-01
 4.73967e-01
 5.58690e-01
 6.65568e-01
 8.03210e-01
 9.83639e-01
 1.22224e+00
 1.53632e+00
 1.93973e+00
 2.43077e+00
 2.96491e+00
 3.42507e+00
 3.65274e+00
 3.31976e+00
 2.53444e+00
 1.62317e+00
 1.14142e+00
 1.02105e+00
 1.00285e+00
 1.00022e+00
 1.00000e+00
 1.00000e+00
 1.00000e+00
 1.00000e+00
 1.00000e+00
 1.00000e+00
 1.00000e+00
 1.00000e+00
 1.00000e+00
 1.00000e+00
 1.00000e+00
 1.00000e+00
 1.00000e+00
 1.00000e+00
 1.00000e+00
 1.00000e+00
 1.00000e+00
 1.00000e+00
 9.99999e-01
 1.02059e-01
 9.69880e-02
 9.74750e-02
 9.97837e-02
 1.01991e-01
 1.05457e-01
 1.09719e-01
 1.15082e-01
 1.21513e-01
 1.29349e-01
 1.38565e-01
 1.49640e-01
 1.62605e-01
 1.78086e-01
 1.96261e-01
 2.17925e-01
 2.43549e-01
 2.74194e-01
 3.10854e-01
 3.55066e-01
 4.08613e-01
 4.73967e-01
 5.54560e-01
 6.55542e-01
 7.84565e-01
 9.52425e-01
 1.17323e+00
 1.46358e+00
 1.83856e+00
 2.30297e+00
 2.82974e+00
 3.32985e+00
 3.65013e+00
 3.52974e+00
 2.88995e+00
 1.94185e+00
 1.26962e+00
 1.04672e+00
 1.00673e+00
 1.00076e+00
 1.00002e+00
 1.00000e+00
 1.00000e+00
 1.00000e+00
 1.00000e+00
 1.00000e+00
 1.00000e+00
 1.00000e+00
 1.00000e+00
 1.00000e+00
 1.00000e+00
 1.00000e+00
 1.00000e+00
 1.00000e+00
 1.00000e+00
 1.00000e+00
 1.00000e+00
 1.00000e+00
 1.00000e+00
 9.99999e-01
 1.19840e-01
 1.15224e-01
 1.15901e-01
 1.18445e-01
 1.21208e-01
 1.25184e-01
 1.30274e-01
 1.36448e-01
 1.44070e-01
 1.53091e-01
 1.63975e-01
 1.76754e-01
 1.92017e-01
 2.09943e-01
 2.31282e-01
 2.56494e-01
 2.86579e-01
 3.22480e-01
 3.65625e-01
 4.17686e-01
 4.80977e-01
 5.58690e-01
 6.55542e-01
 7.78460e-01
 9.37213e-01
 1.14471e+00
 1.41658e+00
 1.76811e+00
 2.20733e+00
 2.71890e+00
 3.23501e+00
 3.61339e+00
 3.68093e+00
 3.16223e+00
 2.26659e+00
 1.44531e+00
 1.09202e+00
 1.01409e+00
 1.00196e+00
 1.00013e+00
 1.00000e+00
 1.00000e+00
 1.00000e+00
 1.00000e+00
 1.00000e+00
 1.00000e+00
 1.00000e+00
 1.00000e+00
 1.00000e+00
 1.00000e+00
 1.00000e+00
 1.00000e+00
 1.00000e+00
 1.00000e+00
 1.00000e+00
 1.00000e+00
 1.00000e+00
 1.00000e+00
 1.00000e+00
 9.99999e-01
 1.41435e-01
 1.37349e-01
 1.38198e-01
 1.41145e-01
 1.44441e-01
 1.49207e-01
 1.55121e-01
 1.62507e-01
 1.71362e-01
 1.82102e-01
 1.94775e-01
 2.09931e-01
 2.27764e-01
 2.48975e-01
 2.74037e-01
 3.03885e-01
 3.39430e-01
 3.82015e-01
 4.33238e-01
 4.95312e-01
 5.71280e-01
 6.65568e-01
 7.84565e-01
 9.37213e-01
 1.13535e+00
 1.39353e+00
 1.72662e+00
 2.14406e+00
 2.63753e+00
 3.15477e+00
 3.57532e+00
 3.75005e+00
 3.36326e+00
 2.55840e+00
 1.65036e+00
 1.15955e+00
 1.02676e+00
 1.00409e+00
 1.00042e+00
 1.00000e+00
 1.00000e+00
 1.00000e+00
 1.00000e+00
 1.00000e+00
 1.00000e+00
 1.00000e+00
 1.00000e+00
 1.00000e+00
 1.00000e+00
 1.00000e+00
 1.00000e+00
 1.00000e+00
 1.00000e+00
 1.00000e+00
 1.00000e+00
 1.00000e+00
 1.00000e+00
 1.00000e+00
 1.00000e+00
 9.99999e-01
 1.67829e-01
 1.64279e-01
 1.65426e-01
 1.68764e-01
 1.72851e-01
 1.78426e-01
 1.85557e-01
 1.94228e-01
 2.04848e-01
 2.17478e-01
 2.32622e-01
 2.50508e-01
 2.71785e-01
 2.96945e-01
 3.26862e-01
 3.62435e-01
 4.04947e-01
 4.55961e-01
 5.17643e-01
 5.92958e-01
 6.86148e-01
 8.03210e-01
 9.52425e-01
 1.14471e+00
 1.39353e+00
 1.71292e+00
 2.11262e+00
 2.58809e+00
 3.09757e+00
 3.53898e+00
 3.77367e+00
 3.50460e+00
 2.79557e+00
 1.85774e+00
 1.24567e+00
 1.04592e+00
 1.00741e+00
 1.00096e+00
 1.00003e+00
 1.00000e+00
 1.00000e+00
 1.00000e+00
 1.00000e+00
 1.00000e+00
 1.00000e+00
 1.00000e+00
 1.00000e+00
 1.00000e+00
 1.00000e+00
 1.00000e+00
 1.00000e+00
 1.00000e+00
 1.00000e+00
 1.00000e+00
 1.00000e+00
 1.00000e+00
 1.00000e+00
 1.00000e+00
 1.00000e+00
 9.99999e-01
 2.00263e-01
 1.97334e-01
 1.98778e-01
 2.02721e-01
 2.07634e-01
 2.14388e-01
 2.22848e-01
 2.33330e-01
 2.45958e-01
 2.61176e-01
 2.79248e-01
 3.00772e-01
 3.26263e-01
 3.56550e-01
 3.92532e-01
 4.35468e-01
 4.86928e-01
 5.49074e-01
 6.24851e-01
 7.18389e-01
 8.35402e-01
 9.83639e-01
 1.17323e+00
 1.41658e+00
 1.72662e+00
 2.11262e+00
 2.57153e+00
 3.06796e+00
 3.51317e+00
 3.77781e+00
 3.59726e+00
 2.97074e+00
 2.04192e+00
 1.33990e+00
 1.07101e+00
 1.01206e+00
 1.00182e+00
 1.00013e+00
 1.00000e+00
 1.00000e+00
 1.00000e+00
 1.00000e+00
 1.00000e+00
 1.00000e+00
 1.00000e+00
 1.00000e+00
 1.00000e+00
 1.00000e+00
 1.00000e+00
 1.00000e+00
 1.00000e+00
 1.00000e+00
 1.00000e+00
 1.00000e+00
 1.00000e+00
 1.00000e+00
 1.00000e+00
 1.00000e+00
 1.00000e+00
 9.99999e-01
 2.40407e-01
 2.38126e-01
 2.40011e-01
 2.44624e-01
 2.50687e-01
 2.58793e-01
 2.69096e-01
 2.81716e-01
 2.97060e-01
 3.15426e-01
 3.37361e-01
 3.63410e-01
 3.94374e-01
 4.31181e-01
 4.75093e-01
 5.27726e-01
 5.91276e-01
 6.68706e-01
 7.64078e-01
 8.82892e-01
 1.03246e+00
 1.22224e+00
 1.46358e+00
 1.76811e+00
 2.14406e+00
 2.58809e+00
 3.06796e+00
 3.50392e+00
 3.77650e+00
 3.65010e+00
 3.08387e+00
 2.18408e+00
 1.42807e+00
 1.09884e+00
 1.01778e+00
 1.00298e+00
 1.00029e+00
 1.00000e+00
 1.00000e+00
 1.00000e+00
 1.00000e+00
 1.00000e+00
 1.00000e+00
 1.00000e+00
 1.00000e+00
 1.00000e+00
 1.00000e+00
 1.00000e+00
 1.00000e+00
 1.00000e+00
 1.00000e+00
 1.00000e+00
 1.00000e+00
 1.00000e+00
 1.00000e+00
 1.00000e+00
 1.00000e+00
 1.00000e+00
 1.00000e+00
 9.99999e-01
 2.90487e-01
 2.88956e-01
 2.91338e-01
 2.96892e-01
 3.04314e-01
 3.14256e-01
 3.26804e-01
 3.42272e-01
 3.60999e-01
 3.83500e-01
 4.10350e-01
 4.42348e-01
 4.80469e-01
 5.26014e-01
 5.80666e-01
 6.46678e-01
 7.27052e-01
 8.25806e-01
 9.48266e-01
 1.10139e+00
 1.29399e+00
 1.53632e+00
 1.83856e+00
 2.20733e+00
 2.63753e+00
 3.09757e+00
 3.51317e+00
 3.77650e+00
 3.66749e+00
 3.13907e+00
 2.27296e+00
 1.49593e+00
 1.12446e+00
 1.02379e+00
 1.00425e+00
 1.00052e+00
 1.00001e+00
 1.00000e+00
 1.00000e+00
 1.00000e+00
 1.00000e+00
 1.00000e+00
 1.00000e+00
 1.00000e+00
 1.00000e+00
 1.00000e+00
 1.00000e+00
 1.00000e+00
 1.00000e+00
 1.00000e+00
 1.00000e+00
 1.00000e+00
 1.00000e+00
 1.00000e+00
 1.00000e+00
 1.00000e+00
 1.00000e+00
 1.00000e+00
 1.00000e+00
 9.99999e-01
 3.53521e-01
 3.52828e-01
 3.55864e-01
 3.62596e-01
 3.71819e-01
 3.84082e-01
 3.99615e-01
 4.18744e-01
 4.41975e-01
 4.69918e-01
 5.03391e-01
 5.43428e-01
 5.91389e-01
 6.49037e-01
 7.18690e-01
 8.03387e-01
 9.07111e-01
 1.03504e+00
 1.19380e+00
 1.39155e+00
 1.63734e+00
 1.93973e+00
 2.30297e+00
 2.71890e+00
 3.15477e+00
 3.53898e+00
 3.77781e+00
 3.65010e+00
 3.13907e+00
 2.30304e+00
 1.53270e+00
 1.14262e+00
 1.02889e+00
 1.00546e+00
 1.00077e+00
 1.00002e+00
 1.00000e+00
 1.00000e+00
 1.00000e+00
 1.00000e+00
 1.00000e+00
 1.00000e+00
 1.00000e+00
 1.00000e+00
 1.00000e+00
 1.00000e+00
 1.00000e+00
 1.00000e+00
 1.00000e+00
 1.00000e+00
 1.00000e+00
 1.00000e+00
 1.00000e+00
 1.00000e+00
 1.00000e+00
 1.00000e+00
 1.00000e+00
 1.00000e+00
 1.00000e+00
 9.99999e-01
 4.33756e-01
 4.34060e-01
 4.37913e-01
 4.46277e-01
 4.57867e-01
 4.73280e-01
 4.92812e-01
 5.16942e-01
 5.46312e-01
 5.81775e-01
 6.24423e-01
 6.75681e-01
 7.37385e-01
 8.11913e-01
 9.02332e-01
 1.01259e+00
 1.14772e+00
 1.31399e+00
 1.51870e+00
 1.76971e+00
 2.07344e+00
 2.43077e+00
 2.82974e+00
 3.23501e+00
 3.57532e+00
 3.77367e+00
 3.59726e+00
 3.08387e+00
 2.27296e+00
 1.53270e+00
 1.14920e+00
 1.03184e+00
 1.00631e+00
 1.00099e+00
 1.00005e+00
 1.00000e+00
 1.00000e+00
 1.00000e+00
 1.00000e+00
 1.00000e+00
 1.00000e+00
 1.00000e+00
 1.00000e+00
 1.00000e+00
 1.00000e+00
 1.00000e+00
 1.00000e+00
 1.00000e+00
 1.00000e+00
 1.00000e+00
 1.00000e+00
 1.00000e+00
 1.00000e+00
 1.00000e+00
 1.00000e+00
 1.00000e+00
 1.00000e+00
 1.00000e+00
 1.00000e+00
 9.99999e-01
 5.37723e-01
 5.39211e-01
 5.44236e-01
 5.54858e-01
 5.69717e-01
 5.89476e-01
 6.14570e-01
 6.45647e-01
 6.83582e-01
 7.29517e-01
 7.84930e-01
 8.51712e-01
 9.32287e-01
 1.02973e+00
 1.14795e+00
 1.29176e+00
 1.46684e+00
 1.67970e+00
 1.93649e+00
 2.24061e+00
 2.58884e+00
 2.96491e+00
 3.32985e+00
 3.61339e+00
 3.75005e+00
 3.50460e+00
 2.97074e+00
 2.18408e+00
 1.49593e+00
 1.14262e+00
 1.03184e+00
 1.00663e+00
 1.00111e+00
 1.00007e+00
 1.00000e+00
 1.00000e+00
 1.00000e+00
 1.00000e+00
 1.00000e+00
 1.00000e+00
 1.00000e+00
 1.00000e+00
 1.00000e+00
 1.00000e+00
 1.00000e+00
 1.00000e+00
 1.00000e+00
 1.00000e+00
 1.00000e+00
 1.00000e+00
 1.00000e+00
 1.00000e+00
 1.00000e+00
 1.00000e+00
 1.00000e+00
 1.00000e+00
 1.00000e+00
 1.00000e+00
 1.00000e+00
 9.99999e-01
 6.75074e-01
 6.77992e-01
 6.84735e-01
 6.98471e-01
 7.17828e-01
 7.43596e-01
 7.76364e-01
 8.17009e-01
 8.66685e-01
 9.26898e-01
 9.99571e-01
 1.08714e+00
 1.19266e+00
 1.31981e+00
 1.47308e+00
 1.65761e+00
 1.87844e+00
 2.13902e+00
 2.43927e+00
 2.77174e+00
 3.11470e+00
 3.42507e+00
 3.65013e+00
 3.68093e+00
 3.36326e+00
 2.79557e+00
 2.04192e+00
 1.42807e+00
 1.12446e+00
 1.02889e+00
 1.00631e+00
 1.00111e+00
 1.00008e+00
 1.00000e+00
 1.00000e+00
 1.00000e+00
 1.00000e+00
 1.00000e+00
 1.00000e+00
 1.00000e+00
 1.00000e+00
 1.00000e+00
 1.00000e+00
 1.00000e+00
 1.00000e+00
 1.00000e+00
 1.00000e+00
 1.00000e+00
 1.00000e+00
 1.00000e+00
 1.00000e+00
 1.00000e+00
 1.00000e+00
 1.00000e+00
 1.00000e+00
 1.00000e+00
 1.00000e+00
 1.00000e+00
 1.00000e+00
 9.99999e-01
 8.58518e-01
 8.63194e-01
 8.72304e-01
 8.90202e-01
 9.15592e-01
 9.49431e-01
 9.92480e-01
 1.04587e+00
 1.11107e+00
 1.18996e+00
 1.28488e+00
 1.39876e+00
 1.53510e+00
 1.69774e+00
 1.89033e+00
 2.11558e+00
 2.37436e+00
 2.66276e+00
 2.96754e+00
 3.26218e+00
 3.50214e+00
 3.65274e+00
 3.52974e+00
 3.16223e+00
 2.55840e+00
 1.85774e+00
 1.33990e+00
 1.09884e+00
 1.02379e+00
 1.00546e+00
 1.00099e+00
 1.00007e+00
 1.00000e+00
 1.00000e+00
 1.00000e+00
 1.00000e+00
 1.00000e+00
 1.00000e+00
 1.00000e+00
 1.00000e+00
 1.00000e+00
 1.00000e+00
 1.00000e+00
 1.00000e+00
 1.00000e+00
 1.00000e+00
 1.00000e+00
 1.00000e+00
 1.00000e+00
 1.00000e+00
 1.00000e+00
 1.00000e+00
 1.00000e+00
 1.00000e+00
 1.00000e+00
 1.00000e+00
 1.00000e+00
 1.00000e+00
 1.00000e+00
 9.99999e-01
 1.10284e+00
 1.10966e+00
 1.12180e+00
 1.14499e+00
 1.17810e+00
 1.22226e+00
 1.27837e+00
 1.34785e+00
 1.43242e+00
 1.53422e+00
 1.65571e+00
 1.79943e+00
 1.96781e+00
 2.16299e+00
 2.38562e+00
 2.63261e+00
 2.89485e+00
 3.15466e+00
 3.38078e+00
 3.55409e+00
 3.56631e+00
 3.31976e+00
 2.88995e+00
 2.26659e+00
 1.65036e+00
 1.24567e+00
 1.07101e+00
 1.01778e+00
 1.00425e+00
 1.00077e+00
 1.00005e+00
 1.00000e+00
 1.00000e+00
 1.00000e+00
 1.00000e+00
 1.00000e+00
 1.00000e+00
 1.00000e+00
 1.00000e+00
 1.00000e+00
 1.00000e+00
 1.00000e+00
 1.00000e+00
 1.00000e+00
 1.00000e+00
 1.00000e+00
 1.00000e+00
 1.00000e+00
 1.00000e+00
 1.00000e+00
 1.00000e+00
 1.00000e+00
 1.00000e+00
 1.00000e+00
 1.00000e+00
 1.00000e+00
 1.00000e+00
 1.00000e+00
 1.00000e+00
 9.99999e-01
 1.42240e+00
 1.43171e+00
 1.44746e+00
 1.47703e+00
 1.51950e+00
 1.57602e+00
 1.64742e+00
 1.73491e+00
 1.83996e+00
 1.96424e+00
 2.10941e+00
 2.27650e+00
 2.46496e+00
 2.67163e+00
 2.88973e+00
 3.10625e+00
 3.29933e+00
 3.46015e+00
 3.51146e+00
 3.34557e+00
 3.02618e+00
 2.53444e+00
 1.94185e+00
 1.44531e+00
 1.15955e+00
 1.04592e+00
 1.01206e+00
 1.00298e+00
 1.00052e+00
 1.00002e+00
 1.00000e+00
 1.00000e+00
 1.00000e+00
 1.00000e+00
 1.00000e+00
 1.00000e+00
 1.00000e+00
 1.00000e+00
 1.00000e+00
 1.00000e+00
 1.00000e+00
 1.00000e+00
 1.00000e+00
 1.00000e+00
 1.00000e+00
 1.00000e+00
 1.00000e+00
 1.00000e+00
 1.00000e+00
 1.00000e+00
 1.00000e+00
 1.00000e+00
 1.00000e+00
 1.00000e+00
 1.00000e+00
 1.00000e+00
 1.00000e+00
 1.00000e+00
 1.00000e+00
 9.99999e-01
 1.82320e+00
 1.83482e+00
 1.85371e+00
 1.88919e+00
 1.94025e+00
 2.00776e+00
 2.09202e+00
 2.19354e+00
 2.31256e+00
 2.44876e+00
 2.60069e+00
 2.76548e+00
 2.93715e+00
 3.10519e+00
 3.25702e+00
 3.38580e+00
 3.42196e+00
 3.28726e+00
 3.03209e+00
 2.64209e+00
 2.12442e+00
 1.62317e+00
 1.26962e+00
 1.09202e+00
 1.02676e+00
 1.00741e+00
 1.00182e+00
 1.00029e+00
 1.00001e+00
 1.00000e+00
 1.00000e+00
 1.00000e+00
 1.00000e+00
 1.00000e+00
 1.00000e+00
 1.00000e+00
 1.00000e+00
 1.00000e+00
 1.00000e+00
 1.00000e+00
 1.00000e+00
 1.00000e+00
 1.00000e+00
 1.00000e+00
 1.00000e+00
 1.00000e+00
 1.00000e+00
 1.00000e+00
 1.00000e+00
 1.00000e+00
 1.00000e+00
 1.00000e+00
 1.00000e+00
 1.00000e+00
 1.00000e+00
 1.00000e+00
 1.00000e+00
 1.00000e+00
 1.00000e+00
 9.99999e-01
 2.27981e+00
 2.29264e+00
 2.31249e+00
 2.35044e+00
 2.40466e+00
 2.47507e+00
 2.56058e+00
 2.66004e+00
 2.77122e+00
 2.89036e+00
 3.01179e+00
 3.12863e+00
 3.24339e+00
 3.31484e+00
 3.29964e+00
 3.16338e+00
 2.93928e+00
 2.61187e+00
 2.17090e+00
 1.71639e+00
 1.35552e+00
 1.14142e+00
 1.04672e+00
 1.01409e+00
 1.00409e+00
 1.00096e+00
 1.00013e+00
 1.00000e+00
 1.00000e+00
 1.00000e+00
 1.00000e+00
 1.00000e+00
 1.00000e+00
 1.00000e+00
 1.00000e+00
 1.00000e+00
 1.00000e+00
 1.00000e+00
 1.00000e+00
 1.00000e+00
 1.00000e+00
 1.00000e+00
 1.00000e+00
 1.00000e+00
 1.00000e+00
 1.00000e+00
 1.00000e+00
 1.00000e+00
 1.00000e+00
 1.00000e+00
 1.00000e+00
 1.00000e+00
 1.00000e+00
 1.00000e+00
 1.00000e+00
 1.00000e+00
 1.00000e+00
 1.00000e+00
 1.00000e+00
 9.99999e-01
 2.70713e+00
 2.71858e+00
 2.73456e+00
 2.76684e+00
 2.81218e+00
 2.86899e+00
 2.93393e+00
 3.00517e+00
 3.08502e+00
 3.15562e+00
 3.20018e+00
 3.19624e+00
 3.11088e+00
 2.97077e+00
 2.75984e+00
 2.46621e+00
 2.08961e+00
 1.70270e+00
 1.38044e+00
 1.16990e+00
 1.06343e+00
 1.02105e+00
 1.00673e+00
 1.00196e+00
 1.00042e+00
 1.00003e+00
 1.00000e+00
 1.00000e+00
 1.00000e+00
 1.00000e+00
 1.00000e+00
 1.00000e+00
 1.00000e+00
 1.00000e+00
 1.00000e+00
 1.00000e+00
 1.00000e+00
 1.00000e+00
 1.00000e+00
 1.00000e+00
 1.00000e+00
 1.00000e+00
 1.00000e+00
 1.00000e+00
 1.00000e+00
 1.00000e+00
 1.00000e+00
 1.00000e+00
 1.00000e+00
 1.00000e+00
 1.00000e+00
 1.00000e+00
 1.00000e+00
 1.00000e+00
 1.00000e+00
 1.00000e+00
 1.00000e+00
 1.00000e+00
 1.00000e+00
 9.99999e-01
 2.98402e+00
 2.99129e+00
 2.99820e+00
 3.01521e+00
 3.03655e+00
 3.05768e+00
 3.07120e+00
 3.06518e+00
 3.02135e+00
 2.94991e+00
 2.84430e+00
 2.69241e+00
 2.48835e+00
 2.21318e+00
 1.90010e+00
 1.59176e+00
 1.33603e+00
 1.16214e+00
 1.06680e+00
 1.02447e+00
 1.00856e+00
 1.00285e+00
 1.00076e+00
 1.00013e+00
 1.00000e+00
 1.00000e+00
 1.00000e+00
 1.00000e+00
 1.00000e+00
 1.00000e+00
 1.00000e+00
 1.00000e+00
 1.00000e+00
 1.00000e+00
 1.00000e+00
 1.00000e+00
 1.00000e+00
 1.00000e+00
 1.00000e+00
 1.00000e+00
 1.00000e+00
 1.00000e+00
 1.00000e+00
 1.00000e+00
 1.00000e+00
 1.00000e+00
 1.00000e+00
 1.00000e+00
 1.00000e+00
 1.00000e+00
 1.00000e+00
 1.00000e+00
 1.00000e+00
 1.00000e+00
 1.00000e+00
 1.00000e+00
 1.00000e+00
 1.00000e+00
 1.00000e+00
 9.99999e-01
 2.85536e+00
 2.85035e+00
 2.83368e+00
 2.81237e+00
 2.78084e+00
 2.73477e+00
 2.66911e+00
 2.57958e+00
 2.46221e+00
 2.30207e+00
 2.10025e+00
 1.87159e+00
 1.63484e+00
 1.41644e+00
 1.24166e+00
 1.12243e+00
 1.05444e+00
 1.02192e+00
 1.00846e+00
 1.00311e+00
 1.00097e+00
 1.00022e+00
 1.00002e+00
 1.00000e+00
 1.00000e+00
 1.00000e+00
 1.00000e+00
 1.00000e+00
 1.00000e+00
 1.00000e+00
 1.00000e+00
 1.00000e+00
 1.00000e+00
 1.00000e+00
 1.00000e+00
 1.00000e+00
 1.00000e+00
 1.00000e+00
 1.00000e+00
 1.00000e+00
 1.00000e+00
 1.00000e+00
 1.00000e+00
 1.00000e+00
 1.00000e+00
 1.00000e+00
 1.00000e+00
 1.00000e+00
 1.00000e+00
 1.00000e+00
 1.00000e+00
 1.00000e+00
 1.00000e+00
 1.00000e+00
 1.00000e+00
 1.00000e+00
 1.00000e+00
 1.00000e+00
 1.00000e+00
 9.99999e-01
 2.28338e+00
 2.27030e+00
 2.23868e+00
 2.19113e+00
 2.12347e+00
 2.03466e+00
 1.92415e+00
 1.79381e+00
 1.64870e+00
 1.49793e+00
 1.35418e+00
 1.23023e+00
 1.13494e+00
 1.07096e+00
 1.03373e+00
 1.01500e+00
 1.00640e+00
 1.00259e+00
 1.00090e+00
 1.00024e+00
 1.00003e+00
 1.00000e+00
 1.00000e+00
 1.00000e+00
 1.00000e+00
 1.00000e+00
 1.00000e+00
 1.00000e+00
 1.00000e+00
 1.00000e+00
 1.00000e+00
 1.00000e+00
 1.00000e+00
 1.00000e+00
 1.00000e+00
 1.00000e+00
 1.00000e+00
 1.00000e+00
 1.00000e+00
 1.00000e+00
 1.00000e+00
 1.00000e+00
 1.00000e+00
 1.00000e+00
 1.00000e+00
 1.00000e+00
 1.00000e+00
 1.00000e+00
 1.00000e+00
 1.00000e+00
 1.00000e+00
 1.00000e+00
 1.00000e+00
 1.00000e+00
 1.00000e+00
 1.00000e+00
 1.00000e+00
 1.00000e+00
 1.00000e+00
 9.99999e-01
 1.51410e+00
 1.50164e+00
 1.47491e+00
 1.43589e+00
 1.38529e+00
 1.32587e+00
 1.26169e+00
 1.19778e+00
 1.13932e+00
 1.09076e+00
 1.05446e+00
 1.03012e+00
 1.01565e+00
 1.00776e+00
 1.00368e+00
 1.00162e+00
 1.00059e+00
 1.00017e+00
 1.00003e+00
 1.00000e+00
 1.00000e+00
 1.00000e+00
 1.00000e+00
 1.00000e+00
 1.00000e+00
 1.00000e+00
 1.00000e+00
 1.00000e+00
 1.00000e+00
 1.00000e+00
 1.00000e+00
 1.00000e+00
 1.00000e+00
 1.00000e+00
 1.00000e+00
 1.00000e+00
 1.00000e+00
 1.00000e+00
 1.00000e+00
 1.00000e+00
 1.00000e+00
 1.00000e+00
 1.00000e+00
 1.00000e+00
 1.00000e+00
 1.00000e+00
 1.00000e+00
 1.00000e+00
 1.00000e+00
 1.00000e+00
 1.00000e+00
 1.00000e+00
 1.00000e+00
 1.00000e+00
 1.00000e+00
 1.00000e+00
 1.00000e+00
 1.00000e+00
 1.00000e+00
 9.99999e-01
 1.09478e+00
 1.09097e+00
 1.08326e+00
 1.07262e+00
 1.05998e+00
 1.04669e+00
 1.03411e+00
 1.02340e+00
 1.01515e+00
 1.00930e+00
 1.00543e+00
 1.00301e+00
 1.00155e+00
 1.00070e+00
 1.00026e+00
 1.00007e+00
 1.00001e+00
 1.00000e+00
 1.00000e+00
 1.00000e+00
 1.00000e+00
 1.00000e+00
 1.00000e+00
 1.00000e+00
 1.00000e+00
 1.00000e+00
 1.00000e+00
 1.00000e+00
 1.00000e+00
 1.00000e+00
 1.00000e+00
 1.00000e+00
 1.00000e+00
 1.00000e+00
 1.00000e+00
 1.00000e+00
 1.00000e+00
 1.00000e+00
 1.00000e+00
 1.00000e+00
 1.00000e+00
 1.00000e+00
 1.00000e+00
 1.00000e+00
 1.00000e+00
 1.00000e+00
 1.00000e+00
 1.00000e+00
 1.00000e+00
 1.00000e+00
 1.00000e+00
 1.00000e+00
 1.00000e+00
 1.00000e+00
 1.00000e+00
 1.00000e+00
 1.00000e+00
 1.00000e+00
 1.00000e+00
 9.99999e-01
 1.00901e+00
 1.00859e+00
 1.00777e+00
 1.00669e+00
 1.00545e+00
 1.00421e+00
 1.00307e+00
 1.00212e+00
 1.00136e+00
 1.00080e+00
 1.00041e+00
 1.00018e+00
 1.00006e+00
 1.00001e+00
 1.00000e+00
 1.00000e+00
 1.00000e+00
 1.00000e+00
 1.00000e+00
 1.00000e+00
 1.00000e+00
 1.00000e+00
 1.00000e+00
 1.00000e+00
 1.00000e+00
 1.00000e+00
 1.00000e+00
 1.00000e+00
 1.00000e+00
 1.00000e+00
 1.00000e+00
 1.00000e+00
 1.00000e+00
 1.00000e+00
 1.00000e+00
 1.00000e+00
 1.00000e+00
 1.00000e+00
 1.00000e+00
 1.00000e+00
 1.00000e+00
 1.00000e+00
 1.00000e+00
 1.00000e+00
 1.00000e+00
 1.00000e+00
 1.00000e+00
 1.00000e+00
 1.00000e+00
 1.00000e+00
 1.00000e+00
 1.00000e+00
 1.00000e+00
 1.00000e+00
 1.00000e+00
 1.00000e+00
 1.00000e+00
 1.00000e+00
 1.00000e+00
 9.99999e-01
 1.00071e+00
 1.00067e+00
 1.00060e+00
 1.00049e+00
 1.00038e+00
 1.00027e+00
 1.00017e+00
 1.00009e+00
 1.00004e+00
 1.00001e+00
 1.00000e+00
 1.00000e+00
 1.00000e+00
 1.00000e+00
 1.00000e+00
 1.00000e+00
 1.00000e+00
 1.00000e+00
 1.00000e+00
 1.00000e+00
 1.00000e+00
 1.00000e+00
 1.00000e+00
 1.00000e+00
 1.00000e+00
 1.00000e+00
 1.00000e+00
 1.00000e+00
 1.00000e+00
 1.00000e+00
 1.00000e+00
 1.00000e+00
 1.00000e+00
 1.00000e+00
 1.00000e+00
 1.00000e+00
 1.00000e+00
 1.00000e+00
 1.00000e+00
 1.00000e+00
 1.00000e+00
 1.00000e+00
 1.00000e+00
 1.00000e+00
 1.00000e+00
 1.00000e+00
 1.00000e+00
 1.00000e+00
 1.00000e+00
 1.00000e+00
 1.00000e+00
 1.00000e+00
 1.00000e+00
 1.00000e+00
 1.00000e+00
 1.00000e+00
 1.00000e+00
 1.00000e+00
 1.00000e+00
 9.99999e-01
 1.00000e+00
 1.00000e+00
 1.00000e+00
 1.00000e+00
 1.00000e+00
 1.00000e+00
 1.00000e+00
 1.00000e+00
 1.00000e+00
 1.00000e+00
 1.00000e+00
 1.00000e+00
 1.00000e+00
 1.00000e+00
 1.00000e+00
 1.00000e+00
 1.00000e+00
 1.00000e+00
 1.00000e+00
 1.00000e+00
 1.00000e+00
 1.00000e+00
 1.00000e+00
 1.00000e+00
 1.00000e+00
 1.00000e+00
 1.00000e+00
 1.00000e+00
 1.00000e+00
 1.00000e+00
 1.00000e+00
 1.00000e+00
 1.00000e+00
 1.00000e+00
 1.00000e+00
 1.00000e+00
 1.00000e+00
 1.00000e+00
 1.00000e+00
 1.00000e+00
 1.00000e+00
 1.00000e+00
 1.00000e+00
 1.00000e+00
 1.00000e+00
 1.00000e+00
 1.00000e+00
 1.00000e+00
 1.00000e+00
 1.00000e+00
 1.00000e+00
 1.00000e+00
 1.00000e+00
 1.00000e+00
 1.00000e+00
 1.00000e+00
 1.00000e+00
 1.00000e+00
 1.00000e+00
 9.99999e-01
 1.00000e+00
 1.00000e+00
 1.00000e+00
 1.00000e+00
 1.00000e+00
 1.00000e+00
 1.00000e+00
 1.00000e+00
 1.00000e+00
 1.00000e+00
 1.00000e+00
 1.00000e+00
 1.00000e+00
 1.00000e+00
 1.00000e+00
 1.00000e+00
 1.00000e+00
 1.00000e+00
 1.00000e+00
 1.00000e+00
 1.00000e+00
 1.00000e+00
 1.00000e+00
 1.00000e+00
 1.00000e+00
 1.00000e+00
 1.00000e+00
 1.00000e+00
 1.00000e+00
 1.00000e+00
 1.00000e+00
 1.00000e+00
 1.00000e+00
 1.00000e+00
 1.00000e+00
 1.00000e+00
 1.00000e+00
 1.00000e+00
 1.00000e+00
 1.00000e+00
 1.00000e+00
 1.00000e+00
 1.00000e+00
 1.00000e+00
 1.00000e+00
 1.00000e+00
 1.00000e+00
 1.00000e+00
 1.00000e+00
 1.00000e+00
 1.00000e+00
 1.00000e+00
 1.00000e+00
 1.00000e+00
 1.00000e+00
 1.00000e+00
 1.00000e+00
 1.00000e+00
 1.00000e+00
 9.99999e-01
 1.00000e+00
 1.00000e+00
 1.00000e+00
 1.00000e+00
 1.00000e+00
 1.00000e+00
 1.00000e+00
 1.00000e+00
 1.00000e+00
 1.00000e+00
 1.00000e+00
 1.00000e+00
 1.00000e+00
 1.00000e+00
 1.00000e+00
 1.00000e+00
 1.00000e+00
 1.00000e+00
 1.00000e+00
 1.00000e+00
 1.00000e+00
 1.00000e+00
 1.00000e+00
 1.00000e+00
 1.00000e+00
 1.00000e+00
 1.00000e+00
 1.00000e+00
 1.00000e+00
 1.00000e+00
 1.00000e+00
 1.00000e+00
 1.00000e+00
 1.00000e+00
 1.00000e+00
 1.00000e+00
 1.00000e+00
 1.00000e+00
 1.00000e+00
 1.00000e+00
 1.00000e+00
 1.00000e+00
 1.00000e+00
 1.00000e+00
 1.00000e+00
 1.00000e+00
 1.00000e+00
 1.00000e+00
 1.00000e+00
 1.00000e+00
 1.00000e+00
 1.00000e+00
 1.00000e+00
 1.00000e+00
 1.00000e+00
 1.00000e+00
 1.00000e+00
 1.00000e+00
 1.00000e+00
 9.99999e-01
 1.00000e+00
 1.00000e+00
 1.00000e+00
 1.00000e+00
 1.00000e+00
 1.00000e+00
 1.00000e+00
 1.00000e+00
 1.00000e+00
 1.00000e+00
 1.00000e+00
 1.00000e+00
 1.00000e+00
 1.00000e+00
 1.00000e+00
 1.00000e+00
 1.00000e+00
 1.00000e+00
 1.00000e+00
 1.00000e+00
 1.00000e+00
 1.00000e+00
 1.00000e+00
 1.00000e+00
 1.00000e+00
 1.00000e+00
 1.00000e+00
 1.00000e+00
 1.00000e+00
 1.00000e+00
 1.00000e+00
 1.00000e+00
 1.00000e+00
 1.00000e+00
 1.00000e+00
 1.00000e+00
 1.00000e+00
 1.00000e+00
 1.00000e+00
 1.00000e+00
 1.00000e+00
 1.00000e+00
 1.00000e+00
 1.00000e+00
 1.00000e+00
 1.00000e+00
 1.00000e+00
 1.00000e+00
 1.00000e+00
 1.00000e+00
 1.00000e+00
 1.00000e+00
 1.00000e+00
 1.00000e+00
 1.00000e+00
 1.00000e+00
 1.00000e+00
 1.00000e+00
 1.00000e+00
 9.99999e-01
 1.00000e+00
 1.00000e+00
 1.00000e+00
 1.00000e+00
 1.00000e+00
 1.00000e+00
 1.00000e+00
 1.00000e+00
 1.00000e+00
 1.00000e+00
 1.00000e+00
 1.00000e+00
 1.00000e+00
 1.00000e+00
 1.00000e+00
 1.00000e+00
 1.00000e+00
 1.00000e+00
 1.00000e+00
 1.00000e+00
 1.00000e+00
 1.00000e+00
 1.00000e+00
 1.00000e+00
 1.00000e+00
 1.00000e+00
 1.00000e+00
 1.00000e+00
 1.00000e+00
 1.00000e+00
 1.00000e+00
 1.00000e+00
 1.00000e+00
 1.00000e+00
 1.00000e+00
 1.00000e+00
 1.00000e+00
 1.00000e+00
 1.00000e+00
 1.00000e+00
 1.00000e+00
 1.00000e+00
 1.00000e+00
 1.00000e+00
 1.00000e+00
 1.00000e+00
 1.00000e+00
 1.00000e+00
 1.00000e+00
 1.00000e+00
 1.00000e+00
 1.00000e+00
 1.00000e+00
 1.00000e+00
 1.00000e+00
 1.00000e+00
 1.00000e+00
 1.00000e+00
 1.00000e+00
 9.99999e-01
 1.00000e+00
 1.00000e+00
 1.00000e+00
 1.00000e+00
 1.00000e+00
 1.00000e+00
 1.00000e+00
 1.00000e+00
 1.00000e+00
 1.00000e+00
 1.00000e+00
 1.00000e+00
 1.00000e+00
 1.00000e+00
 1.00000e+00
 1.00000e+00
 1.00000e+00
 1.00000e+00
 1.00000e+00
 1.00000e+00
 1.00000e+00
 1.00000e+00
 1.00000e+00
 1.00000e+00
 1.00000e+00
 1.00000e+00
 1.00000e+00
 1.00000e+00
 1.00000e+00
 1.00000e+00
 1.00000e+00
 1.00000e+00
 1.00000e+00
 1.00000e+00
 1.00000e+00
 1.00000e+00
 1.00000e+00
 1.00000e+00
 1.00000e+00
 1.00000e+00
 1.00000e+00
 1.00000e+00
 1.00000e+00
 1.00000e+00
 1.00000e+00
 1.00000e+00
 1.00000e+00
 1.00000e+00
 1.00000e+00
 1.00000e+00
 1.00000e+00
 1.00000e+00
 1.00000e+00
 1.00000e+00
 1.00000e+00
 1.00000e+00
 1.00000e+00
 1.00000e+00
 1.00000e+00
 9.99999e-01
 1.00000e+00
 1.00000e+00
 1.00000e+00
 1.00000e+00
 1.00000e+00
 1.00000e+00
 1.00000e+00
 1.00000e+00
 1.00000e+00
 1.00000e+00
 1.00000e+00
 1.00000e+00
 1.00000e+00
 1.00000e+00
 1.00000e+00
 1.00000e+00
 1.00000e+00
 1.00000e+00
 1.00000e+00
 1.00000e+00
 1.00000e+00
 1.00000e+00
 1.00000e+00
 1.00000e+00
 1.00000e+00
 1.00000e+00
 1.00000e+00
 1.00000e+00
 1.00000e+00
 1.00000e+00
 1.00000e+00
 1.00000e+00
 1.00000e+00
 1.00000e+00
 1.00000e+00
 1.00000e+00
 1.00000e+00
 1.00000e+00
 1.00000e+00
 1.00000e+00
 1.00000e+00
 1.00000e+00
 1.00000e+00
 1.00000e+00
 1.00000e+00
 1.00000e+00
 1.00000e+00
 1.00000e+00
 1.00000e+00
 1.00000e+00
 1.00000e+00
 1.00000e+00
 1.00000e+00
 1.00000e+00
 1.00000e+00
 1.00000e+00
 1.00000e+00
 1.00000e+00
 1.00000e+00
 9.99999e-01
 1.00000e+00
 1.00000e+00
 1.00000e+00
 1.00000e+00
 1.00000e+00
 1.00000e+00
 1.00000e+00
 1.00000e+00
 1.00000e+00
 1.00000e+00
 1.00000e+00
 1.00000e+00
 1.00000e+00
 1.00000e+00
 1.00000e+00
 1.00000e+00
 1.00000e+00
 1.00000e+00
 1.00000e+00
 1.00000e+00
 1.00000e+00
 1.00000e+00
 1.00000e+00
 1.00000e+00
 1.00000e+00
 1.00000e+00
 1.00000e+00
 1.00000e+00
 1.00000e+00
 1.00000e+00
 1.00000e+00
 1.00000e+00
 1.00000e+00
 1.00000e+00
 1.00000e+00
 1.00000e+00
 1.00000e+00
 1.00000e+00
 1.00000e+00
 1.00000e+00
 1.00000e+00
 1.00000e+00
 1.00000e+00
 1.00000e+00
 1.00000e+00
 1.00000e+00
 1.00000e+00
 1.00000e+00
 1.00000e+00
 1.00000e+00
 1.00000e+00
 1.00000e+00
 1.00000e+00
 1.00000e+00
 1.00000e+00
 1.00000e+00
 1.00000e+00
 1.00000e+00
 1.00000e+00
 9.99999e-01
 1.00000e+00
 1.00000e+00
 1.00000e+00
 1.00000e+00
 1.00000e+00
 1.00000e+00
 1.00000e+00
 1.00000e+00
 1.00000e+00
 1.00000e+00
 1.00000e+00
 1.00000e+00
 1.00000e+00
 1.00000e+00
 1.00000e+00
 1.00000e+00
 1.00000e+00
 1.00000e+00
 1.00000e+00
 1.00000e+00
 1.00000e+00
 1.00000e+00
 1.00000e+00
 1.00000e+00
 1.00000e+00
 1.00000e+00
 1.00000e+00
 1.00000e+00
 1.00000e+00
 1.00000e+00
 1.00000e+00
 1.00000e+00
 1.00000e+00
 1.00000e+00
 1.00000e+00
 1.00000e+00
 1.00000e+00
 1.00000e+00
 1.00000e+00
 1.00000e+00
 1.00000e+00
 1.00000e+00
 1.00000e+00
 1.00000e+00
 1.00000e+00
 1.00000e+00
 1.00000e+00
 1.00000e+00
 1.00000e+00
 1.00000e+00
 1.00000e+00
 1.00000e+00
 1.00000e+00
 1.00000e+00
 1.00000e+00
 1.00000e+00
 1.00000e+00
 1.00000e+00
 1.00000e+00
 9.99999e-01
 1.00000e+00
 1.00000e+00
 1.00000e+00
 1.00000e+00
 1.00000e+00
 1.00000e+00
 1.00000e+00
 1.00000e+00
 1.00000e+00
 1.00000e+00
 1.00000e+00
 1.00000e+00
 1.00000e+00
 1.00000e+00
 1.00000e+00
 1.00000e+00
 1.00000e+00
 1.00000e+00
 1.00000e+00
 1.00000e+00
 1.00000e+00
 1.00000e+00
 1.00000e+00
 1.00000e+00
 1.00000e+00
 1.00000e+00
 1.00000e+00
 1.00000e+00
 1.00000e+00
 1.00000e+00
 1.00000e+00
 1.00000e+00
 1.00000e+00
 1.00000e+00
 1.00000e+00
 1.00000e+00
 1.00000e+00
 1.00000e+00
 1.00000e+00
 1.00000e+00
 1.00000e+00
 1.00000e+00
 1.00000e+00
 1.00000e+00
 1.00000e+00
 1.00000e+00
 1.00000e+00
 1.00000e+00
 1.00000e+00
 1.00000e+00
 1.00000e+00
 1.00000e+00
 1.00000e+00
 1.00000e+00
 1.00000e+00
 1.00000e+00
 1.00000e+00
 1.00000e+00
 1.00000e+00
 9.99999e-01
 1.00000e+00
 1.00000e+00
 1.00000e+00
 1.00000e+00
 1.00000e+00
 1.00000e+00
 1.00000e+00
 1.00000e+00
 1.00000e+00
 1.00000e+00
 1.00000e+00
 1.00000e+00
 1.00000e+00
 1.00000e+00
 1.00000e+00
 1.00000e+00
 1.00000e+00
 1.00000e+00
 1.00000e+00
 1.00000e+00
 1.00000e+00
 1.00000e+00
 1.00000e+00
 1.00000e+00
 1.00000e+00
 1.00000e+00
 1.00000e+00
 1.00000e+00
 1.00000e+00
 1.00000e+00
 1.00000e+00
 1.00000e+00
 1.00000e+00
 1.00000e+00
 1.00000e+00
 1.00000e+00
 1.00000e+00
 1.00000e+00
 1.00000e+00
 1.00000e+00
 1.00000e+00
 1.00000e+00
 1.00000e+00
 1.00000e+00
 1.00000e+00
 1.00000e+00
 1.00000e+00
 1.00000e+00
 1.00000e+00
 1.00000e+00
 1.00000e+00
 1.00000e+00
 1.00000e+00
 1.00000e+00
 1.00000e+00
 1.00000e+00
 1.00000e+00
 1.00000e+00
 1.00000e+00
 9.99999e-01
 1.00000e+00
 1.00000e+00
 1.00000e+00
 1.00000e+00
 1.00000e+00
 1.00000e+00
 1.00000e+00
 1.00000e+00
 1.00000e+00
 1.00000e+00
 1.00000e+00
 1.00000e+00
 1.00000e+00
 1.00000e+00
 1.00000e+00
 1.00000e+00
 1.00000e+00
 1.00000e+00
 1.00000e+00
 1.00000e+00
 1.00000e+00
 1.00000e+00
 1.00000e+00
 1.00000e+00
 1.00000e+00
 1.00000e+00
 1.00000e+00
 1.00000e+00
 1.00000e+00
 1.00000e+00
 1.00000e+00
 1.00000e+00
 1.00000e+00
 1.00000e+00
 1.00000e+00
 1.00000e+00
 1.00000e+00
 1.00000e+00
 1.00000e+00
 1.00000e+00
 1.00000e+00
 1.00000e+00
 1.00000e+00
 1.00000e+00
 1.00000e+00
 1.00000e+00
 1.00000e+00
 1.00000e+00
 1.00000e+00
 1.00000e+00
 1.00000e+00
 1.00000e+00
 1.00000e+00
 1.00000e+00
 1.00000e+00
 1.00000e+00
 1.00000e+00
 1.00000e+00
 1.00000e+00
 9.99999e-01
 1.00000e+00
 1.00000e+00
 1.00000e+00
 1.00000e+00
 1.00000e+00
 1.00000e+00
 1.00000e+00
 1.00000e+00
 1.00000e+00
 1.00000e+00
 1.00000e+00
 1.00000e+00
 1.00000e+00
 1.00000e+00
 1.00000e+00
 1.00000e+00
 1.00000e+00
 1.00000e+00
 1.00000e+00
 1.00000e+00
 1.00000e+00
 1.00000e+00
 1.00000e+00
 1.00000e+00
 1.00000e+00
 1.00000e+00
 1.00000e+00
 1.00000e+00
 1.00000e+00
 1.00000e+00
 1.00000e+00
 1.00000e+00
 1.00000e+00
 1.00000e+00
 1.00000e+00
 1.00000e+00
 1.00000e+00
 1.00000e+00
 1.00000e+00
 1.00000e+00
 1.00000e+00
 1.00000e+00
 1.00000e+00
 1.00000e+00
 1.00000e+00
 1.00000e+00
 1.00000e+00
 1.00000e+00
 1.00000e+00
 1.00000e+00
 1.00000e+00
 1.00000e+00
 1.00000e+00
 1.00000e+00
 1.00000e+00
 1.00000e+00
 1.00000e+00
 1.00000e+00
 1.00000e+00
 9.99999e-01
 9.99999e-01
 9.99999e-01
 9.99999e-01
 9.99999e-01
 9.99999e-01
 9.99999e-01
 9.99999e-01
 9.99999e-01
 9.99999e-01
 9.99999e-01
 9.99999e-01
 9.99999e-01
 9.99999e-01
 9.99999e-01
 9.99999e-01
 9.99999e-01
 9.99999e-01
 9.99999e-01
 9.99999e-01
 9.99999e-01
 9.99999e-01
 9.99999e-01
 9.99999e-01
 9.99999e-01
 9.99999e-01
 9.99999e-01
 9.99999e-01
 9.99999e-01
 9.99999e-01
 9.99999e-01
 9.99999e-01
 9.99999e-01
 9.99999e-01
 9.99999e-01
 9.99999e-01
 9.99999e-01
 9.99999e-01
 9.99999e-01
 9.99999e-01
 9.99999e-01
 9.99999e-01
 9.99999e-01
 9.99999e-01
 9.99999e-01
 9.99999e-01
 9.99999e-01
 9.99999e-01
 9.99999e-01
 9.99999e-01
 9.99999e-01
 9.99999e-01
 9.99999e-01
 9.99999e-01
 9.99999e-01
 9.99999e-01
 9.99999e-01
 9.99999e-01
 9.99999e-01
 9.99999e-01
 9.99998e-01
