Density
part
         1
quad4
 3.00336e-03
 6.69590e-03
 7.00863e-03
 8.62063e-03
 1.06031e-02
 1.35574e-02
 1.47957e-02
 1.71327e-02
 2.11282e-02
 2.30529e-02
 2.72310e-02
 3.06279e-02
 3.55170e-02
 4.05899e-02
 4.69633e-02
 5.43674e-02
 6.33554e-02
 7.41667e-02
 8.73022e-02
 1.03340e-01
 1.23010e-01
 1.47312e-01
 1.77510e-01
 2.15334e-01
 2.63129e-01
 3.24126e-01
 4.02899e-01
 5.06854e-01
 6.47188e-01
 8.38507e-01
 1.09739e+00
 1.43982e+00
 1.86400e+00
 2.32286e+00
 2.69586e+00
 2.83895e+00
 2.44541e+00
 1.74030e+00
 1.18284e+00
 1.02071e+00
 1.00176e+00
 1.00007e+00
 1.00000e+00
 1.00000e+00
 1.00000e+00
 1.00000e+00
 1.00000e+00
 1.00000e+00
 1.00000e+00
 1.00000e+00
 1.00000e+00
 1.00000e+00
 1.00000e+00
 1.00000e+00
 1.00000e+00
 1.00000e+00
 1.00000e+00
 1.00000e+00
 1.00000e+00
 9.99999e-01
 6.69590e-03
 6.76747e-03
 6.95018e-03
 7.47099e-03
 1.00172e-02
 8.96034e-03
 1.00895e-02
 1.30352e-02
 1.46911e-02
 1.76972e-02
 2.07041e-02
 2.43418e-02
 2.86697e-02
 3.39257e-02
 4.03052e-02
 4.79395e-02
 5.72144e-02
 6.83742e-02
 8.19637e-02
 9.84774e-02
 1.18745e-01
 1.43664e-01
 1.74612e-01
 2.13228e-01
 2.61973e-01
 3.24031e-01
 4.04076e-01
 5.09525e-01
 6.51703e-01
 8.45314e-01
 1.10697e+00
 1.45251e+00
 1.87915e+00
 2.33819e+00
 2.70760e+00
 2.84157e+00
 2.43564e+00
 1.72528e+00
 1.17587e+00
 1.01967e+00
 1.00167e+00
 1.00006e+00
 1.00000e+00
 1.00000e+00
 1.00000e+00
 1.00000e+00
 1.00000e+00
 1.00000e+00
 1.00000e+00
 1.00000e+00
 1.00000e+00
 1.00000e+00
 1.00000e+00
 1.00000e+00
 1.00000e+00
 1.00000e+00
 1.00000e+00
 1.00000e+00
 1.00000e+00
 9.99999e-01
 7.00863e-03
 6.95018e-03
 6.86183e-03
 6.78608e-03
 8.63932e-03
 8.43704e-03
 8.99878e-03
 1.27781e-02
 1.36403e-02
 1.75563e-02
 1.99472e-02
 2.42131e-02
 2.84912e-02
 3.41194e-02
 4.05479e-02
 4.84372e-02
 5.77795e-02
 6.91381e-02
 8.28304e-02
 9.95734e-02
 1.20025e-01
 1.45285e-01
 1.76557e-01
 2.15688e-01
 2.64990e-01
 3.27818e-01
 4.08858e-01
 5.15862e-01
 6.60316e-01
 8.57052e-01
 1.12265e+00
 1.47270e+00
 1.90266e+00
 2.36078e+00
 2.72233e+00
 2.83772e+00
 2.40902e+00
 1.69161e+00
 1.16146e+00
 1.01760e+00
 1.00149e+00
 1.00005e+00
 1.00000e+00
 1.00000e+00
 1.00000e+00
 1.00000e+00
 1.00000e+00
 1.00000e+00
 1.00000e+00
 1.00000e+00
 1.00000e+00
 1.00000e+00
 1.00000e+00
 1.00000e+00
 1.00000e+00
 1.00000e+00
 1.00000e+00
 1.00000e+00
 1.00000e+00
 9.99999e-01
 8.62063e-03
 7.47099e-03
 6.78608e-03
 7.41554e-03
 8.45827e-03
 8.93546e-03
 1.05938e-02
 1.25580e-02
 1.48630e-02
 1.80622e-02
 2.12690e-02
 2.54970e-02
 3.01402e-02
 3.57882e-02
 4.24147e-02
 5.03649e-02
 5.99389e-02
 7.14650e-02
 8.55015e-02
 1.02544e-01
 1.23503e-01
 1.49246e-01
 1.81278e-01
 2.21223e-01
 2.71721e-01
 3.36012e-01
 4.19118e-01
 5.28996e-01
 6.77492e-01
 8.79664e-01
 1.15220e+00
 1.51034e+00
 1.94689e+00
 2.40462e+00
 2.75438e+00
 2.83559e+00
 2.37060e+00
 1.64156e+00
 1.14118e+00
 1.01488e+00
 1.00125e+00
 1.00003e+00
 1.00000e+00
 1.00000e+00
 1.00000e+00
 1.00000e+00
 1.00000e+00
 1.00000e+00
 1.00000e+00
 1.00000e+00
 1.00000e+00
 1.00000e+00
 1.00000e+00
 1.00000e+00
 1.00000e+00
 1.00000e+00
 1.00000e+00
 1.00000e+00
 1.00000e+00
 9.99999e-01
 1.06031e-02
 1.00172e-02
 8.63932e-03
 8.45827e-03
 8.94398e-03
 9.64885e-03
 1.11149e-02
 1.32030e-02
 1.55961e-02
 1.86079e-02
 2.19857e-02
 2.61771e-02
 3.09371e-02
 3.67716e-02
 4.35728e-02
 5.18403e-02
 6.16763e-02
 7.36450e-02
 8.80767e-02
 1.05754e-01
 1.27318e-01
 1.53993e-01
 1.86986e-01
 2.28332e-01
 2.80451e-01
 3.46962e-01
 4.33005e-01
 5.47053e-01
 7.01375e-01
 9.11440e-01
 1.19414e+00
 1.56398e+00
 2.00985e+00
 2.46621e+00
 2.80024e+00
 2.82326e+00
 2.31472e+00
 1.57418e+00
 1.11657e+00
 1.01183e+00
 1.00099e+00
 1.00002e+00
 1.00000e+00
 1.00000e+00
 1.00000e+00
 1.00000e+00
 1.00000e+00
 1.00000e+00
 1.00000e+00
 1.00000e+00
 1.00000e+00
 1.00000e+00
 1.00000e+00
 1.00000e+00
 1.00000e+00
 1.00000e+00
 1.00000e+00
 1.00000e+00
 1.00000e+00
 9.99999e-01
 1.35574e-02
 8.96034e-03
 8.43704e-03
 8.93546e-03
 9.64885e-03
 1.07288e-02
 1.24028e-02
 1.45124e-02
 1.70736e-02
 2.01357e-02
 2.37306e-02
 2.79581e-02
 3.29863e-02
 3.89209e-02
 4.60436e-02
 5.45274e-02
 6.47935e-02
 7.71282e-02
 9.21770e-02
 1.10432e-01
 1.32917e-01
 1.60526e-01
 1.94926e-01
 2.37852e-01
 2.92210e-01
 3.61525e-01
 4.51493e-01
 5.71083e-01
 7.33211e-01
 9.53853e-01
 1.25017e+00
 1.63516e+00
 2.09227e+00
 2.54445e+00
 2.85824e+00
 2.79270e+00
 2.23718e+00
 1.49172e+00
 1.09021e+00
 1.00884e+00
 1.00072e+00
 1.00001e+00
 1.00000e+00
 1.00000e+00
 1.00000e+00
 1.00000e+00
 1.00000e+00
 1.00000e+00
 1.00000e+00
 1.00000e+00
 1.00000e+00
 1.00000e+00
 1.00000e+00
 1.00000e+00
 1.00000e+00
 1.00000e+00
 1.00000e+00
 1.00000e+00
 1.00000e+00
 9.99999e-01
 1.47957e-02
 1.00895e-02
 8.99878e-03
 1.05938e-02
 1.11149e-02
 1.24028e-02
 1.41397e-02
 1.62785e-02
 1.88766e-02
 2.20149e-02
 2.56894e-02
 3.01067e-02
 3.52976e-02
 4.15274e-02
 4.89251e-02
 5.78490e-02
 6.85290e-02
 8.15110e-02
 9.71774e-02
 1.16393e-01
 1.39828e-01
 1.68882e-01
 2.04828e-01
 2.49992e-01
 3.07040e-01
 3.80024e-01
 4.74996e-01
 6.01746e-01
 7.73908e-01
 1.00809e+00
 1.32169e+00
 1.72494e+00
 2.19387e+00
 2.63647e+00
 2.91706e+00
 2.74518e+00
 2.12846e+00
 1.39889e+00
 1.06501e+00
 1.00621e+00
 1.00047e+00
 1.00000e+00
 1.00000e+00
 1.00000e+00
 1.00000e+00
 1.00000e+00
 1.00000e+00
 1.00000e+00
 1.00000e+00
 1.00000e+00
 1.00000e+00
 1.00000e+00
 1.00000e+00
 1.00000e+00
 1.00000e+00
 1.00000e+00
 1.00000e+00
 1.00000e+00
 1.00000e+00
 9.99999e-01
 1.71327e-02
 1.30352e-02
 1.27781e-02
 1.25580e-02
 1.32030e-02
 1.45124e-02
 1.62785e-02
 1.85495e-02
 2.12417e-02
 2.45009e-02
 2.83492e-02
 3.29319e-02
 3.83943e-02
 4.48902e-02
 5.27011e-02
 6.20270e-02
 7.33318e-02
 8.69187e-02
 1.03526e-01
 1.23673e-01
 1.48532e-01
 1.79080e-01
 2.17205e-01
 2.64914e-01
 3.25449e-01
 4.02936e-01
 5.04260e-01
 6.40050e-01
 8.24842e-01
 1.07590e+00
 1.41073e+00
 1.83498e+00
 2.31427e+00
 2.73867e+00
 2.96612e+00
 2.67412e+00
 1.98597e+00
 1.30310e+00
 1.04341e+00
 1.00411e+00
 1.00027e+00
 1.00000e+00
 1.00000e+00
 1.00000e+00
 1.00000e+00
 1.00000e+00
 1.00000e+00
 1.00000e+00
 1.00000e+00
 1.00000e+00
 1.00000e+00
 1.00000e+00
 1.00000e+00
 1.00000e+00
 1.00000e+00
 1.00000e+00
 1.00000e+00
 1.00000e+00
 1.00000e+00
 9.99999e-01
 2.11282e-02
 1.46911e-02
 1.36403e-02
 1.48630e-02
 1.55961e-02
 1.70736e-02
 1.88766e-02
 2.12417e-02
 2.40610e-02
 2.74715e-02
 3.15202e-02
 3.63649e-02
 4.21225e-02
 4.90320e-02
 5.72673e-02
 6.72176e-02
 7.91388e-02
 9.36581e-02
 1.11188e-01
 1.32731e-01
 1.59031e-01
 1.91698e-01
 2.32201e-01
 2.83245e-01
 3.47908e-01
 4.31040e-01
 5.40273e-01
 6.87374e-01
 8.87837e-01
 1.15960e+00
 1.51976e+00
 1.96698e+00
 2.45220e+00
 2.84543e+00
 2.99126e+00
 2.56771e+00
 1.81730e+00
 1.21311e+00
 1.02681e+00
 1.00255e+00
 1.00013e+00
 1.00000e+00
 1.00000e+00
 1.00000e+00
 1.00000e+00
 1.00000e+00
 1.00000e+00
 1.00000e+00
 1.00000e+00
 1.00000e+00
 1.00000e+00
 1.00000e+00
 1.00000e+00
 1.00000e+00
 1.00000e+00
 1.00000e+00
 1.00000e+00
 1.00000e+00
 1.00000e+00
 9.99999e-01
 2.30529e-02
 1.76972e-02
 1.75563e-02
 1.80622e-02
 1.86079e-02
 2.01357e-02
 2.20149e-02
 2.45009e-02
 2.74715e-02
 3.10824e-02
 3.53871e-02
 4.05260e-02
 4.66837e-02
 5.40198e-02
 6.28658e-02
 7.34355e-02
 8.62708e-02
 1.01702e-01
 1.20601e-01
 1.43538e-01
 1.71904e-01
 2.06813e-01
 2.50497e-01
 3.05386e-01
 3.75206e-01
 4.65259e-01
 5.84384e-01
 7.45540e-01
 9.65307e-01
 1.26216e+00
 1.65159e+00
 2.12224e+00
 2.60494e+00
 2.95475e+00
 2.96491e+00
 2.42132e+00
 1.63267e+00
 1.13689e+00
 1.01551e+00
 1.00147e+00
 1.00005e+00
 1.00000e+00
 1.00000e+00
 1.00000e+00
 1.00000e+00
 1.00000e+00
 1.00000e+00
 1.00000e+00
 1.00000e+00
 1.00000e+00
 1.00000e+00
 1.00000e+00
 1.00000e+00
 1.00000e+00
 1.00000e+00
 1.00000e+00
 1.00000e+00
 1.00000e+00
 1.00000e+00
 9.99999e-01
 2.72310e-02
 2.07041e-02
 1.99472e-02
 2.12690e-02
 2.19857e-02
 2.37306e-02
 2.56894e-02
 2.83492e-02
 3.15202e-02
 3.53871e-02
 3.99984e-02
 4.55375e-02
 5.21350e-02
 6.00763e-02
 6.95472e-02
 8.10190e-02
 9.47611e-02
 1.11535e-01
 1.31790e-01
 1.56734e-01
 1.87241e-01
 2.25187e-01
 2.72461e-01
 3.32186e-01
 4.08203e-01
 5.06897e-01
 6.38357e-01
 8.16949e-01
 1.06037e+00
 1.38734e+00
 1.80908e+00
 2.30071e+00
 2.76655e+00
 3.05863e+00
 2.87412e+00
 2.22390e+00
 1.44858e+00
 1.07959e+00
 1.00848e+00
 1.00076e+00
 1.00001e+00
 1.00000e+00
 1.00000e+00
 1.00000e+00
 1.00000e+00
 1.00000e+00
 1.00000e+00
 1.00000e+00
 1.00000e+00
 1.00000e+00
 1.00000e+00
 1.00000e+00
 1.00000e+00
 1.00000e+00
 1.00000e+00
 1.00000e+00
 1.00000e+00
 1.00000e+00
 1.00000e+00
 9.99999e-01
 3.06279e-02
 2.43418e-02
 2.42131e-02
 2.54970e-02
 2.61771e-02
 2.79581e-02
 3.01067e-02
 3.29319e-02
 3.63649e-02
 4.05260e-02
 4.55375e-02
 5.15154e-02
 5.87135e-02
 6.72851e-02
 7.76481e-02
 9.00234e-02
 1.05085e-01
 1.23192e-01
 1.45404e-01
 1.72412e-01
 2.05848e-01
 2.47156e-01
 2.99023e-01
 3.64458e-01
 4.48175e-01
 5.57637e-01
 7.04558e-01
 9.04744e-01
 1.17696e+00
 1.53943e+00
 1.99498e+00
 2.49979e+00
 2.92700e+00
 3.11748e+00
 2.73167e+00
 1.97075e+00
 1.28590e+00
 1.04187e+00
 1.00440e+00
 1.00033e+00
 1.00000e+00
 1.00000e+00
 1.00000e+00
 1.00000e+00
 1.00000e+00
 1.00000e+00
 1.00000e+00
 1.00000e+00
 1.00000e+00
 1.00000e+00
 1.00000e+00
 1.00000e+00
 1.00000e+00
 1.00000e+00
 1.00000e+00
 1.00000e+00
 1.00000e+00
 1.00000e+00
 1.00000e+00
 9.99999e-01
 3.55170e-02
 2.86697e-02
 2.84912e-02
 3.01402e-02
 3.09371e-02
 3.29863e-02
 3.52976e-02
 3.83943e-02
 4.21225e-02
 4.66837e-02
 5.21350e-02
 5.87135e-02
 6.65431e-02
 7.60015e-02
 8.72675e-02
 1.00946e-01
 1.17325e-01
 1.37349e-01
 1.61563e-01
 1.91422e-01
 2.28043e-01
 2.73734e-01
 3.30966e-01
 4.03474e-01
 4.96716e-01
 6.19789e-01
 7.86115e-01
 1.01302e+00
 1.31998e+00
 1.72286e+00
 2.21079e+00
 2.71300e+00
 3.07652e+00
 3.08652e+00
 2.52252e+00
 1.69719e+00
 1.16125e+00
 1.02025e+00
 1.00214e+00
 1.00011e+00
 1.00000e+00
 1.00000e+00
 1.00000e+00
 1.00000e+00
 1.00000e+00
 1.00000e+00
 1.00000e+00
 1.00000e+00
 1.00000e+00
 1.00000e+00
 1.00000e+00
 1.00000e+00
 1.00000e+00
 1.00000e+00
 1.00000e+00
 1.00000e+00
 1.00000e+00
 1.00000e+00
 1.00000e+00
 9.99999e-01
 4.05899e-02
 3.39257e-02
 3.41194e-02
 3.57882e-02
 3.67716e-02
 3.89209e-02
 4.15274e-02
 4.48902e-02
 4.90320e-02
 5.40198e-02
 6.00763e-02
 6.72851e-02
 7.60015e-02
 8.63630e-02
 9.89240e-02
 1.13912e-01
 1.32182e-01
 1.54166e-01
 1.81174e-01
 2.14093e-01
 2.54924e-01
 3.05706e-01
 3.69608e-01
 4.50758e-01
 5.56074e-01
 6.96445e-01
 8.87177e-01
 1.14705e+00
 1.49533e+00
 1.94136e+00
 2.45433e+00
 2.92712e+00
 3.19984e+00
 2.94616e+00
 2.23426e+00
 1.44103e+00
 1.07981e+00
 1.00928e+00
 1.00092e+00
 1.00003e+00
 1.00000e+00
 1.00000e+00
 1.00000e+00
 1.00000e+00
 1.00000e+00
 1.00000e+00
 1.00000e+00
 1.00000e+00
 1.00000e+00
 1.00000e+00
 1.00000e+00
 1.00000e+00
 1.00000e+00
 1.00000e+00
 1.00000e+00
 1.00000e+00
 1.00000e+00
 1.00000e+00
 1.00000e+00
 9.99999e-01
 4.69633e-02
 4.03052e-02
 4.05479e-02
 4.24147e-02
 4.35728e-02
 4.60436e-02
 4.89251e-02
 5.27011e-02
 5.72673e-02
 6.28658e-02
 6.95472e-02
 7.76481e-02
 8.72675e-02
 9.89240e-02
 1.12792e-01
 1.29658e-01
 1.49863e-01
 1.74600e-01
 2.04590e-01
 2.41593e-01
 2.87294e-01
 3.44476e-01
 4.16440e-01
 5.08515e-01
 6.29297e-01
 7.91810e-01
 1.01320e+00
 1.31329e+00
 1.70924e+00
 2.19688e+00
 2.71680e+00
 3.12002e+00
 3.22598e+00
 2.71650e+00
 1.88391e+00
 1.24023e+00
 1.03505e+00
 1.00406e+00
 1.00032e+00
 1.00000e+00
 1.00000e+00
 1.00000e+00
 1.00000e+00
 1.00000e+00
 1.00000e+00
 1.00000e+00
 1.00000e+00
 1.00000e+00
 1.00000e+00
 1.00000e+00
 1.00000e+00
 1.00000e+00
 1.00000e+00
 1.00000e+00
 1.00000e+00
 1.00000e+00
 1.00000e+00
 1.00000e+00
 1.00000e+00
 9.99999e-01
 5.43674e-02
 4.79395e-02
 4.84372e-02
 5.03649e-02
 5.18403e-02
 5.45274e-02
 5.78490e-02
 6.20270e-02
 6.72176e-02
 7.34355e-02
 8.10190e-02
 9.00234e-02
 1.00946e-01
 1.13912e-01
 1.29658e-01
 1.48450e-01
 1.71390e-01
 1.99063e-01
 2.33057e-01
 2.74771e-01
 3.26679e-01
 3.91551e-01
 4.73656e-01
 5.79755e-01
 7.20647e-01
 9.11515e-01
 1.17124e+00
 1.51939e+00
 1.96661e+00
 2.48650e+00
 2.97940e+00
 3.28113e+00
 3.07992e+00
 2.38712e+00
 1.54359e+00
 1.11139e+00
 1.01429e+00
 1.00163e+00
 1.00008e+00
 1.00000e+00
 1.00000e+00
 1.00000e+00
 1.00000e+00
 1.00000e+00
 1.00000e+00
 1.00000e+00
 1.00000e+00
 1.00000e+00
 1.00000e+00
 1.00000e+00
 1.00000e+00
 1.00000e+00
 1.00000e+00
 1.00000e+00
 1.00000e+00
 1.00000e+00
 1.00000e+00
 1.00000e+00
 1.00000e+00
 9.99999e-01
 6.33554e-02
 5.72144e-02
 5.77795e-02
 5.99389e-02
 6.16763e-02
 6.47935e-02
 6.85290e-02
 7.33318e-02
 7.91388e-02
 8.62708e-02
 9.47611e-02
 1.05085e-01
 1.17325e-01
 1.32182e-01
 1.49863e-01
 1.71390e-01
 1.97250e-01
 2.28891e-01
 2.67498e-01
 3.15289e-01
 3.74656e-01
 4.49174e-01
 5.44267e-01
 6.68811e-01
 8.35964e-01
 1.06303e+00
 1.36989e+00
 1.77316e+00
 2.26858e+00
 2.79675e+00
 3.20854e+00
 3.32150e+00
 2.81267e+00
 1.96313e+00
 1.27863e+00
 1.04459e+00
 1.00558e+00
 1.00053e+00
 1.00001e+00
 1.00000e+00
 1.00000e+00
 1.00000e+00
 1.00000e+00
 1.00000e+00
 1.00000e+00
 1.00000e+00
 1.00000e+00
 1.00000e+00
 1.00000e+00
 1.00000e+00
 1.00000e+00
 1.00000e+00
 1.00000e+00
 1.00000e+00
 1.00000e+00
 1.00000e+00
 1.00000e+00
 1.00000e+00
 1.00000e+00
 9.99999e-01
 7.41667e-02
 6.83742e-02
 6.91381e-02
 7.14650e-02
 7.36450e-02
 7.71282e-02
 8.15110e-02
 8.69187e-02
 9.36581e-02
 1.01702e-01
 1.11535e-01
 1.23192e-01
 1.37349e-01
 1.54166e-01
 1.74600e-01
 1.99063e-01
 2.28891e-01
 2.65113e-01
 3.09733e-01
 3.64851e-01
 4.33578e-01
 5.20410e-01
 6.32717e-01
 7.81787e-01
 9.83157e-01
 1.25587e+00
 1.61873e+00
 2.07970e+00
 2.60806e+00
 3.09796e+00
 3.38187e+00
 3.13678e+00
 2.41174e+00
 1.55455e+00
 1.11787e+00
 1.01628e+00
 1.00203e+00
 1.00013e+00
 1.00000e+00
 1.00000e+00
 1.00000e+00
 1.00000e+00
 1.00000e+00
 1.00000e+00
 1.00000e+00
 1.00000e+00
 1.00000e+00
 1.00000e+00
 1.00000e+00
 1.00000e+00
 1.00000e+00
 1.00000e+00
 1.00000e+00
 1.00000e+00
 1.00000e+00
 1.00000e+00
 1.00000e+00
 1.00000e+00
 1.00000e+00
 9.99999e-01
 8.73022e-02
 8.19637e-02
 8.28304e-02
 8.55015e-02
 8.80767e-02
 9.21770e-02
 9.71774e-02
 1.03526e-01
 1.11188e-01
 1.20601e-01
 1.31790e-01
 1.45404e-01
 1.61563e-01
 1.81174e-01
 2.04590e-01
 2.33057e-01
 2.67498e-01
 3.09733e-01
 3.61636e-01
 4.25985e-01
 5.06653e-01
 6.09905e-01
 7.45453e-01
 9.27116e-01
 1.17256e+00
 1.50106e+00
 1.92610e+00
 2.43647e+00
 2.96092e+00
 3.34179e+00
 3.36671e+00
 2.79483e+00
 1.91013e+00
 1.25639e+00
 1.04225e+00
 1.00571e+00
 1.00058e+00
 1.00001e+00
 1.00000e+00
 1.00000e+00
 1.00000e+00
 1.00000e+00
 1.00000e+00
 1.00000e+00
 1.00000e+00
 1.00000e+00
 1.00000e+00
 1.00000e+00
 1.00000e+00
 1.00000e+00
 1.00000e+00
 1.00000e+00
 1.00000e+00
 1.00000e+00
 1.00000e+00
 1.00000e+00
 1.00000e+00
 1.00000e+00
 1.00000e+00
 9.99999e-01
 1.03340e-01
 9.84774e-02
 9.95734e-02
 1.02544e-01
 1.05754e-01
 1.10432e-01
 1.16393e-01
 1.23673e-01
 1.32731e-01
 1.43538e-01
 1.56734e-01
 1.72412e-01
 1.91422e-01
 2.14093e-01
 2.41593e-01
 2.74771e-01
 3.15289e-01
 3.64851e-01
 4.25985e-01
 5.02156e-01
 5.98858e-01
 7.24568e-01
 8.91567e-01
 1.11600e+00
 1.41659e+00
 1.80920e+00
 2.29400e+00
 2.82503e+00
 3.27593e+00
 3.47737e+00
 3.09086e+00
 2.28435e+00
 1.46502e+00
 1.09533e+00
 1.01389e+00
 1.00183e+00
 1.00011e+00
 1.00000e+00
 1.00000e+00
 1.00000e+00
 1.00000e+00
 1.00000e+00
 1.00000e+00
 1.00000e+00
 1.00000e+00
 1.00000e+00
 1.00000e+00
 1.00000e+00
 1.00000e+00
 1.00000e+00
 1.00000e+00
 1.00000e+00
 1.00000e+00
 1.00000e+00
 1.00000e+00
 1.00000e+00
 1.00000e+00
 1.00000e+00
 1.00000e+00
 9.99999e-01
 1.23010e-01
 1.18745e-01
 1.20025e-01
 1.23503e-01
 1.27318e-01
 1.32917e-01
 1.39828e-01
 1.48532e-01
 1.59031e-01
 1.71904e-01
 1.87241e-01
 2.05848e-01
 2.28043e-01
 2.54924e-01
 2.87294e-01
 3.26679e-01
 3.74656e-01
 4.33578e-01
 5.06653e-01
 5.98858e-01
 7.17756e-01
 8.74328e-01
 1.08325e+00
 1.36218e+00
 1.72769e+00
 2.18583e+00
 2.70819e+00
 3.19796e+00
 3.49543e+00
 3.30321e+00
 2.62080e+00
 1.72272e+00
 1.18386e+00
 1.03011e+00
 1.00438e+00
 1.00044e+00
 1.00000e+00
 1.00000e+00
 1.00000e+00
 1.00000e+00
 1.00000e+00
 1.00000e+00
 1.00000e+00
 1.00000e+00
 1.00000e+00
 1.00000e+00
 1.00000e+00
 1.00000e+00
 1.00000e+00
 1.00000e+00
 1.00000e+00
 1.00000e+00
 1.00000e+00
 1.00000e+00
 1.00000e+00
 1.00000e+00
 1.00000e+00
 1.00000e+00
 1.00000e+00
 9.99999e-01
 1.47312e-01
 1.43664e-01
 1.45285e-01
 1.49246e-01
 1.53993e-01
 1.60526e-01
 1.68882e-01
 1.79080e-01
 1.91698e-01
 2.06813e-01
 2.25187e-01
 2.47156e-01
 2.73734e-01
 3.05706e-01
 3.44476e-01
 3.91551e-01
 4.49174e-01
 5.20410e-01
 6.09905e-01
 7.24568e-01
 8.74328e-01
 1.07253e+00
 1.33557e+00
 1.67972e+00
 2.11365e+00
 2.62012e+00
 3.12394e+00
 3.47424e+00
 3.45482e+00
 2.88456e+00
 1.99188e+00
 1.30649e+00
 1.05822e+00
 1.00896e+00
 1.00117e+00
 1.00005e+00
 1.00000e+00
 1.00000e+00
 1.00000e+00
 1.00000e+00
 1.00000e+00
 1.00000e+00
 1.00000e+00
 1.00000e+00
 1.00000e+00
 1.00000e+00
 1.00000e+00
 1.00000e+00
 1.00000e+00
 1.00000e+00
 1.00000e+00
 1.00000e+00
 1.00000e+00
 1.00000e+00
 1.00000e+00
 1.00000e+00
 1.00000e+00
 1.00000e+00
 1.00000e+00
 9.99999e-01
 1.77510e-01
 1.74612e-01
 1.76557e-01
 1.81278e-01
 1.86986e-01
 1.94926e-01
 2.04828e-01
 2.17205e-01
 2.32201e-01
 2.50497e-01
 2.72461e-01
 2.99023e-01
 3.30966e-01
 3.69608e-01
 4.16440e-01
 4.73656e-01
 5.44267e-01
 6.32717e-01
 7.45453e-01
 8.91567e-01
 1.08325e+00
 1.33557e+00
 1.66389e+00
 2.07768e+00
 2.56582e+00
 3.06802e+00
 3.44937e+00
 3.54919e+00
 3.07482e+00
 2.23586e+00
 1.44958e+00
 1.09899e+00
 1.01634e+00
 1.00247e+00
 1.00021e+00
 1.00000e+00
 1.00000e+00
 1.00000e+00
 1.00000e+00
 1.00000e+00
 1.00000e+00
 1.00000e+00
 1.00000e+00
 1.00000e+00
 1.00000e+00
 1.00000e+00
 1.00000e+00
 1.00000e+00
 1.00000e+00
 1.00000e+00
 1.00000e+00
 1.00000e+00
 1.00000e+00
 1.00000e+00
 1.00000e+00
 1.00000e+00
 1.00000e+00
 1.00000e+00
 1.00000e+00
 9.99999e-01
 2.15334e-01
 2.13228e-01
 2.15688e-01
 2.21223e-01
 2.28332e-01
 2.37852e-01
 2.49992e-01
 2.64914e-01
 2.83245e-01
 3.05386e-01
 3.32186e-01
 3.64458e-01
 4.03474e-01
 4.50758e-01
 5.08515e-01
 5.79755e-01
 6.68811e-01
 7.81787e-01
 9.27116e-01
 1.11600e+00
 1.36218e+00
 1.67972e+00
 2.07768e+00
 2.54752e+00
 3.03830e+00
 3.43277e+00
 3.58869e+00
 3.20068e+00
 2.42986e+00
 1.59137e+00
 1.14883e+00
 1.02667e+00
 1.00439e+00
 1.00050e+00
 1.00000e+00
 1.00000e+00
 1.00000e+00
 1.00000e+00
 1.00000e+00
 1.00000e+00
 1.00000e+00
 1.00000e+00
 1.00000e+00
 1.00000e+00
 1.00000e+00
 1.00000e+00
 1.00000e+00
 1.00000e+00
 1.00000e+00
 1.00000e+00
 1.00000e+00
 1.00000e+00
 1.00000e+00
 1.00000e+00
 1.00000e+00
 1.00000e+00
 1.00000e+00
 1.00000e+00
 1.00000e+00
 9.99999e-01
 2.63129e-01
 2.61973e-01
 2.64990e-01
 2.71721e-01
 2.80451e-01
 2.92210e-01
 3.07040e-01
 3.25449e-01
 3.47908e-01
 3.75206e-01
 4.08203e-01
 4.48175e-01
 4.96716e-01
 5.56074e-01
 6.29297e-01
 7.20647e-01
 8.35964e-01
 9.83157e-01
 1.17256e+00
 1.41659e+00
 1.72769e+00
 2.11365e+00
 2.56582e+00
 3.03830e+00
 3.42643e+00
 3.60320e+00
 3.27329e+00
 2.56199e+00
 1.70978e+00
 1.19970e+00
 1.03903e+00
 1.00680e+00
 1.00094e+00
 1.00004e+00
 1.00000e+00
 1.00000e+00
 1.00000e+00
 1.00000e+00
 1.00000e+00
 1.00000e+00
 1.00000e+00
 1.00000e+00
 1.00000e+00
 1.00000e+00
 1.00000e+00
 1.00000e+00
 1.00000e+00
 1.00000e+00
 1.00000e+00
 1.00000e+00
 1.00000e+00
 1.00000e+00
 1.00000e+00
 1.00000e+00
 1.00000e+00
 1.00000e+00
 1.00000e+00
 1.00000e+00
 1.00000e+00
 9.99999e-01
 3.24126e-01
 3.24031e-01
 3.27818e-01
 3.36012e-01
 3.46962e-01
 3.61525e-01
 3.80024e-01
 4.02936e-01
 4.31040e-01
 4.65259e-01
 5.06897e-01
 5.57637e-01
 6.19789e-01
 6.96445e-01
 7.91810e-01
 9.11515e-01
 1.06303e+00
 1.25587e+00
 1.50106e+00
 1.80920e+00
 2.18583e+00
 2.62012e+00
 3.06802e+00
 3.43277e+00
 3.60320e+00
 3.29695e+00
 2.62839e+00
 1.78757e+00
 1.24142e+00
 1.05118e+00
 1.00940e+00
 1.00149e+00
 1.00010e+00
 1.00000e+00
 1.00000e+00
 1.00000e+00
 1.00000e+00
 1.00000e+00
 1.00000e+00
 1.00000e+00
 1.00000e+00
 1.00000e+00
 1.00000e+00
 1.00000e+00
 1.00000e+00
 1.00000e+00
 1.00000e+00
 1.00000e+00
 1.00000e+00
 1.00000e+00
 1.00000e+00
 1.00000e+00
 1.00000e+00
 1.00000e+00
 1.00000e+00
 1.00000e+00
 1.00000e+00
 1.00000e+00
 1.00000e+00
 9.99999e-01
 4.02899e-01
 4.04076e-01
 4.08858e-01
 4.19118e-01
 4.33005e-01
 4.51493e-01
 4.74996e-01
 5.04260e-01
 5.40273e-01
 5.84384e-01
 6.38357e-01
 7.04558e-01
 7.86115e-01
 8.87177e-01
 1.01320e+00
 1.17124e+00
 1.36989e+00
 1.61873e+00
 1.92610e+00
 2.29400e+00
 2.70819e+00
 3.12394e+00
 3.44937e+00
 3.58869e+00
 3.27329e+00
 2.62839e+00
 1.81462e+00
 1.26491e+00
 1.06012e+00
 1.01166e+00
 1.00203e+00
 1.00018e+00
 1.00000e+00
 1.00000e+00
 1.00000e+00
 1.00000e+00
 1.00000e+00
 1.00000e+00
 1.00000e+00
 1.00000e+00
 1.00000e+00
 1.00000e+00
 1.00000e+00
 1.00000e+00
 1.00000e+00
 1.00000e+00
 1.00000e+00
 1.00000e+00
 1.00000e+00
 1.00000e+00
 1.00000e+00
 1.00000e+00
 1.00000e+00
 1.00000e+00
 1.00000e+00
 1.00000e+00
 1.00000e+00
 1.00000e+00
 1.00000e+00
 9.99999e-01
 5.06854e-01
 5.09525e-01
 5.15862e-01
 5.28996e-01
 5.47053e-01
 5.71083e-01
 6.01746e-01
 6.40050e-01
 6.87374e-01
 7.45540e-01
 8.16949e-01
 9.04744e-01
 1.01302e+00
 1.14705e+00
 1.31329e+00
 1.51939e+00
 1.77316e+00
 2.07970e+00
 2.43647e+00
 2.82503e+00
 3.19796e+00
 3.47424e+00
 3.54919e+00
 3.20068e+00
 2.56199e+00
 1.78757e+00
 1.26491e+00
 1.06338e+00
 1.01298e+00
 1.00243e+00
 1.00026e+00
 1.00000e+00
 1.00000e+00
 1.00000e+00
 1.00000e+00
 1.00000e+00
 1.00000e+00
 1.00000e+00
 1.00000e+00
 1.00000e+00
 1.00000e+00
 1.00000e+00
 1.00000e+00
 1.00000e+00
 1.00000e+00
 1.00000e+00
 1.00000e+00
 1.00000e+00
 1.00000e+00
 1.00000e+00
 1.00000e+00
 1.00000e+00
 1.00000e+00
 1.00000e+00
 1.00000e+00
 1.00000e+00
 1.00000e+00
 1.00000e+00
 1.00000e+00
 9.99999e-01
 6.47188e-01
 6.51703e-01
 6.60316e-01
 6.77492e-01
 7.01375e-01
 7.33211e-01
 7.73908e-01
 8.24842e-01
 8.87837e-01
 9.65307e-01
 1.06037e+00
 1.17696e+00
 1.31998e+00
 1.49533e+00
 1.70924e+00
 1.96661e+00
 2.26858e+00
 2.60806e+00
 2.96092e+00
 3.27593e+00
 3.49543e+00
 3.45482e+00
 3.07482e+00
 2.42986e+00
 1.70978e+00
 1.24142e+00
 1.06012e+00
 1.01298e+00
 1.00259e+00
 1.00031e+00
 1.00000e+00
 1.00000e+00
 1.00000e+00
 1.00000e+00
 1.00000e+00
 1.00000e+00
 1.00000e+00
 1.00000e+00
 1.00000e+00
 1.00000e+00
 1.00000e+00
 1.00000e+00
 1.00000e+00
 1.00000e+00
 1.00000e+00
 1.00000e+00
 1.00000e+00
 1.00000e+00
 1.00000e+00
 1.00000e+00
 1.00000e+00
 1.00000e+00
 1.00000e+00
 1.00000e+00
 1.00000e+00
 1.00000e+00
 1.00000e+00
 1.00000e+00
 1.00000e+00
 9.99999e-01
 8.38507e-01
 8.45314e-01
 8.57052e-01
 8.79664e-01
 9.11440e-01
 9.53853e-01
 1.00809e+00
 1.07590e+00
 1.15960e+00
 1.26216e+00
 1.38734e+00
 1.53943e+00
 1.72286e+00
 1.94136e+00
 2.19688e+00
 2.48650e+00
 2.79675e+00
 3.09796e+00
 3.34179e+00
 3.47737e+00
 3.30321e+00
 2.88456e+00
 2.23586e+00
 1.59137e+00
 1.19970e+00
 1.05118e+00
 1.01166e+00
 1.00243e+00
 1.00031e+00
 1.00000e+00
 1.00000e+00
 1.00000e+00
 1.00000e+00
 1.00000e+00
 1.00000e+00
 1.00000e+00
 1.00000e+00
 1.00000e+00
 1.00000e+00
 1.00000e+00
 1.00000e+00
 1.00000e+00
 1.00000e+00
 1.00000e+00
 1.00000e+00
 1.00000e+00
 1.00000e+00
 1.00000e+00
 1.00000e+00
 1.00000e+00
 1.00000e+00
 1.00000e+00
 1.00000e+00
 1.00000e+00
 1.00000e+00
 1.00000e+00
 1.00000e+00
 1.00000e+00
 1.00000e+00
 9.99999e-01
 1.09739e+00
 1.10697e+00
 1.12265e+00
 1.15220e+00
 1.19414e+00
 1.25017e+00
 1.32169e+00
 1.41073e+00
 1.51976e+00
 1.65159e+00
 1.80908e+00
 1.99498e+00
 2.21079e+00
 2.45433e+00
 2.71680e+00
 2.97940e+00
 3.20854e+00
 3.38187e+00
 3.36671e+00
 3.09086e+00
 2.62080e+00
 1.99188e+00
 1.44958e+00
 1.14883e+00
 1.03903e+00
 1.00940e+00
 1.00203e+00
 1.00026e+00
 1.00000e+00
 1.00000e+00
 1.00000e+00
 1.00000e+00
 1.00000e+00
 1.00000e+00
 1.00000e+00
 1.00000e+00
 1.00000e+00
 1.00000e+00
 1.00000e+00
 1.00000e+00
 1.00000e+00
 1.00000e+00
 1.00000e+00
 1.00000e+00
 1.00000e+00
 1.00000e+00
 1.00000e+00
 1.00000e+00
 1.00000e+00
 1.00000e+00
 1.00000e+00
 1.00000e+00
 1.00000e+00
 1.00000e+00
 1.00000e+00
 1.00000e+00
 1.00000e+00
 1.00000e+00
 1.00000e+00
 9.99999e-01
 1.43982e+00
 1.45251e+00
 1.47270e+00
 1.51034e+00
 1.56398e+00
 1.63516e+00
 1.72494e+00
 1.83498e+00
 1.96698e+00
 2.12224e+00
 2.30071e+00
 2.49979e+00
 2.71300e+00
 2.92712e+00
 3.12002e+00
 3.28113e+00
 3.32150e+00
 3.13678e+00
 2.79483e+00
 2.28435e+00
 1.72272e+00
 1.30649e+00
 1.09899e+00
 1.02667e+00
 1.00680e+00
 1.00149e+00
 1.00018e+00
 1.00000e+00
 1.00000e+00
 1.00000e+00
 1.00000e+00
 1.00000e+00
 1.00000e+00
 1.00000e+00
 1.00000e+00
 1.00000e+00
 1.00000e+00
 1.00000e+00
 1.00000e+00
 1.00000e+00
 1.00000e+00
 1.00000e+00
 1.00000e+00
 1.00000e+00
 1.00000e+00
 1.00000e+00
 1.00000e+00
 1.00000e+00
 1.00000e+00
 1.00000e+00
 1.00000e+00
 1.00000e+00
 1.00000e+00
 1.00000e+00
 1.00000e+00
 1.00000e+00
 1.00000e+00
 1.00000e+00
 1.00000e+00
 9.99999e-01
 1.86400e+00
 1.87915e+00
 1.90266e+00
 1.94689e+00
 2.00985e+00
 2.09227e+00
 2.19387e+00
 2.31427e+00
 2.45220e+00
 2.60494e+00
 2.76655e+00
 2.92700e+00
 3.07652e+00
 3.19984e+00
 3.22598e+00
 3.07992e+00
 2.81267e+00
 2.41174e+00
 1.91013e+00
 1.46502e+00
 1.18386e+00
 1.05822e+00
 1.01634e+00
 1.00439e+00
 1.00094e+00
 1.00010e+00
 1.00000e+00
 1.00000e+00
 1.00000e+00
 1.00000e+00
 1.00000e+00
 1.00000e+00
 1.00000e+00
 1.00000e+00
 1.00000e+00
 1.00000e+00
 1.00000e+00
 1.00000e+00
 1.00000e+00
 1.00000e+00
 1.00000e+00
 1.00000e+00
 1.00000e+00
 1.00000e+00
 1.00000e+00
 1.00000e+00
 1.00000e+00
 1.00000e+00
 1.00000e+00
 1.00000e+00
 1.00000e+00
 1.00000e+00
 1.00000e+00
 1.00000e+00
 1.00000e+00
 1.00000e+00
 1.00000e+00
 1.00000e+00
 1.00000e+00
 9.99999e-01
 2.32286e+00
 2.33819e+00
 2.36078e+00
 2.40462e+00
 2.46621e+00
 2.54445e+00
 2.63647e+00
 2.73867e+00
 2.84543e+00
 2.95475e+00
 3.05863e+00
 3.11748e+00
 3.08652e+00
 2.94616e+00
 2.71650e+00
 2.38712e+00
 1.96313e+00
 1.55455e+00
 1.25639e+00
 1.09533e+00
 1.03011e+00
 1.00896e+00
 1.00247e+00
 1.00050e+00
 1.00004e+00
 1.00000e+00
 1.00000e+00
 1.00000e+00
 1.00000e+00
 1.00000e+00
 1.00000e+00
 1.00000e+00
 1.00000e+00
 1.00000e+00
 1.00000e+00
 1.00000e+00
 1.00000e+00
 1.00000e+00
 1.00000e+00
 1.00000e+00
 1.00000e+00
 1.00000e+00
 1.00000e+00
 1.00000e+00
 1.00000e+00
 1.00000e+00
 1.00000e+00
 1.00000e+00
 1.00000e+00
 1.00000e+00
 1.00000e+00
 1.00000e+00
 1.00000e+00
 1.00000e+00
 1.00000e+00
 1.00000e+00
 1.00000e+00
 1.00000e+00
 1.00000e+00
 9.99999e-01
 2.69586e+00
 2.70760e+00
 2.72233e+00
 2.75438e+00
 2.80024e+00
 2.85824e+00
 2.91706e+00
 2.96612e+00
 2.99126e+00
 2.96491e+00
 2.87412e+00
 2.73167e+00
 2.52252e+00
 2.23426e+00
 1.88391e+00
 1.54359e+00
 1.27863e+00
 1.11787e+00
 1.04225e+00
 1.01389e+00
 1.00438e+00
 1.00117e+00
 1.00021e+00
 1.00000e+00
 1.00000e+00
 1.00000e+00
 1.00000e+00
 1.00000e+00
 1.00000e+00
 1.00000e+00
 1.00000e+00
 1.00000e+00
 1.00000e+00
 1.00000e+00
 1.00000e+00
 1.00000e+00
 1.00000e+00
 1.00000e+00
 1.00000e+00
 1.00000e+00
 1.00000e+00
 1.00000e+00
 1.00000e+00
 1.00000e+00
 1.00000e+00
 1.00000e+00
 1.00000e+00
 1.00000e+00
 1.00000e+00
 1.00000e+00
 1.00000e+00
 1.00000e+00
 1.00000e+00
 1.00000e+00
 1.00000e+00
 1.00000e+00
 1.00000e+00
 1.00000e+00
 1.00000e+00
 9.99999e-01
 2.83895e+00
 2.84157e+00
 2.83772e+00
 2.83559e+00
 2.82326e+00
 2.79270e+00
 2.74518e+00
 2.67412e+00
 2.56771e+00
 2.42132e+00
 2.22390e+00
 1.97075e+00
 1.69719e+00
 1.44103e+00
 1.24023e+00
 1.11139e+00
 1.04459e+00
 1.01628e+00
 1.00571e+00
 1.00183e+00
 1.00044e+00
 1.00005e+00
 1.00000e+00
 1.00000e+00
 1.00000e+00
 1.00000e+00
 1.00000e+00
 1.00000e+00
 1.00000e+00
 1.00000e+00
 1.00000e+00
 1.00000e+00
 1.00000e+00
 1.00000e+00
 1.00000e+00
 1.00000e+00
 1.00000e+00
 1.00000e+00
 1.00000e+00
 1.00000e+00
 1.00000e+00
 1.00000e+00
 1.00000e+00
 1.00000e+00
 1.00000e+00
 1.00000e+00
 1.00000e+00
 1.00000e+00
 1.00000e+00
 1.00000e+00
 1.00000e+00
 1.00000e+00
 1.00000e+00
 1.00000e+00
 1.00000e+00
 1.00000e+00
 1.00000e+00
 1.00000e+00
 1.00000e+00
 9.99999e-01
 2.44541e+00
 2.43564e+00
 2.40902e+00
 2.37060e+00
 2.31472e+00
 2.23718e+00
 2.12846e+00
 1.98597e+00
 1.81730e+00
 1.63267e+00
 1.44858e+00
 1.28590e+00
 1.16125e+00
 1.07981e+00
 1.03505e+00
 1.01429e+00
 1.00558e+00
 1.00203e+00
 1.00058e+00
 1.00011e+00
 1.00000e+00
 1.00000e+00
 1.00000e+00
 1.00000e+00
 1.00000e+00
 1.00000e+00
 1.00000e+00
 1.00000e+00
 1.00000e+00
 1.00000e+00
 1.00000e+00
 1.00000e+00
 1.00000e+00
 1.00000e+00
 1.00000e+00
 1.00000e+00
 1.00000e+00
 1.00000e+00
 1.00000e+00
 1.00000e+00
 1.00000e+00
 1.00000e+00
 1.00000e+00
 1.00000e+00
 1.00000e+00
 1.00000e+00
 1.00000e+00
 1.00000e+00
 1.00000e+00
 1.00000e+00
 1.00000e+00
 1.00000e+00
 1.00000e+00
 1.00000e+00
 1.00000e+00
 1.00000e+00
 1.00000e+00
 1.00000e+00
 1.00000e+00
 9.99999e-01
 1.74030e+00
 1.72528e+00
 1.69161e+00
 1.64156e+00
 1.57418e+00
 1.49172e+00
 1.39889e+00
 1.30310e+00
 1.21311e+00
 1.13689e+00
 1.07959e+00
 1.04187e+00
 1.02025e+00
 1.00928e+00
 1.00406e+00
 1.00163e+00
 1.00053e+00
 1.00013e+00
 1.00001e+00
 1.00000e+00
 1.00000e+00
 1.00000e+00
 1.00000e+00
 1.00000e+00
 1.00000e+00
 1.00000e+00
 1.00000e+00
 1.00000e+00
 1.00000e+00
 1.00000e+00
 1.00000e+00
 1.00000e+00
 1.00000e+00
 1.00000e+00
 1.00000e+00
 1.00000e+00
 1.00000e+00
 1.00000e+00
 1.00000e+00
 1.00000e+00
 1.00000e+00
 1.00000e+00
 1.00000e+00
 1.00000e+00
 1.00000e+00
 1.00000e+00
 1.00000e+00
 1.00000e+00
 1.00000e+00
 1.00000e+00
 1.00000e+00
 1.00000e+00
 1.00000e+00
 1.00000e+00
 1.00000e+00
 1.00000e+00
 1.00000e+00
 1.00000e+00
 1.00000e+00
 9.99999e-01
 1.18284e+00
 1.17587e+00
 1.16146e+00
 1.14118e+00
 1.11657e+00
 1.09021e+00
 1.06501e+00
 1.04341e+00
 1.02681e+00
 1.01551e+00
 1.00848e+00
 1.00440e+00
 1.00214e+00
 1.00092e+00
 1.00032e+00
 1.00008e+00
 1.00001e+00
 1.00000e+00
 1.00000e+00
 1.00000e+00
 1.00000e+00
 1.00000e+00
 1.00000e+00
 1.00000e+00
 1.00000e+00
 1.00000e+00
 1.00000e+00
 1.00000e+00
 1.00000e+00
 1.00000e+00
 1.00000e+00
 1.00000e+00
 1.00000e+00
 1.00000e+00
 1.00000e+00
 1.00000e+00
 1.00000e+00
 1.00000e+00
 1.00000e+00
 1.00000e+00
 1.00000e+00
 1.00000e+00
 1.00000e+00
 1.00000e+00
 1.00000e+00
 1.00000e+00
 1.00000e+00
 1.00000e+00
 1.00000e+00
 1.00000e+00
 1.00000e+00
 1.00000e+00
 1.00000e+00
 1.00000e+00
 1.00000e+00
 1.00000e+00
 1.00000e+00
 1.00000e+00
 1.00000e+00
 9.99999e-01
 1.02071e+00
 1.01967e+00
 1.01760e+00
 1.01488e+00
 1.01183e+00
 1.00884e+00
 1.00621e+00
 1.00411e+00
 1.00255e+00
 1.00147e+00
 1.00076e+00
 1.00033e+00
 1.00011e+00
 1.00003e+00
 1.00000e+00
 1.00000e+00
 1.00000e+00
 1.00000e+00
 1.00000e+00
 1.00000e+00
 1.00000e+00
 1.00000e+00
 1.00000e+00
 1.00000e+00
 1.00000e+00
 1.00000e+00
 1.00000e+00
 1.00000e+00
 1.00000e+00
 1.00000e+00
 1.00000e+00
 1.00000e+00
 1.00000e+00
 1.00000e+00
 1.00000e+00
 1.00000e+00
 1.00000e+00
 1.00000e+00
 1.00000e+00
 1.00000e+00
 1.00000e+00
 1.00000e+00
 1.00000e+00
 1.00000e+00
 1.00000e+00
 1.00000e+00
 1.00000e+00
 1.00000e+00
 1.00000e+00
 1.00000e+00
 1.00000e+00
 1.00000e+00
 1.00000e+00
 1.00000e+00
 1.00000e+00
 1.00000e+00
 1.00000e+00
 1.00000e+00
 1.00000e+00
 9.99999e-01
 1.00176e+00
 1.00167e+00
 1.00149e+00
 1.00125e+00
 1.00099e+00
 1.00072e+00
 1.00047e+00
 1.00027e+00
 1.00013e+00
 1.00005e+00
 1.00001e+00
 1.00000e+00
 1.00000e+00
 1.00000e+00
 1.00000e+00
 1.00000e+00
 1.00000e+00
 1.00000e+00
 1.00000e+00
 1.00000e+00
 1.00000e+00
 1.00000e+00
 1.00000e+00
 1.00000e+00
 1.00000e+00
 1.00000e+00
 1.00000e+00
 1.00000e+00
 1.00000e+00
 1.00000e+00
 1.00000e+00
 1.00000e+00
 1.00000e+00
 1.00000e+00
 1.00000e+00
 1.00000e+00
 1.00000e+00
 1.00000e+00
 1.00000e+00
 1.00000e+00
 1.00000e+00
 1.00000e+00
 1.00000e+00
 1.00000e+00
 1.00000e+00
 1.00000e+00
 1.00000e+00
 1.00000e+00
 1.00000e+00
 1.00000e+00
 1.00000e+00
 1.00000e+00
 1.00000e+00
 1.00000e+00
 1.00000e+00
 1.00000e+00
 1.00000e+00
 1.00000e+00
 1.00000e+00
 9.99999e-01
 1.00007e+00
 1.00006e+00
 1.00005e+00
 1.00003e+00
 1.00002e+00
 1.00001e+00
 1.00000e+00
 1.00000e+00
 1.00000e+00
 1.00000e+00
 1.00000e+00
 1.00000e+00
 1.00000e+00
 1.00000e+00
 1.00000e+00
 1.00000e+00
 1.00000e+00
 1.00000e+00
 1.00000e+00
 1.00000e+00
 1.00000e+00
 1.00000e+00
 1.00000e+00
 1.00000e+00
 1.00000e+00
 1.00000e+00
 1.00000e+00
 1.00000e+00
 1.00000e+00
 1.00000e+00
 1.00000e+00
 1.00000e+00
 1.00000e+00
 1.00000e+00
 1.00000e+00
 1.00000e+00
 1.00000e+00
 1.00000e+00
 1.00000e+00
 1.00000e+00
 1.00000e+00
 1.00000e+00
 1.00000e+00
 1.00000e+00
 1.00000e+00
 1.00000e+00
 1.00000e+00
 1.00000e+00
 1.00000e+00
 1.00000e+00
 1.00000e+00
 1.00000e+00
 1.00000e+00
 1.00000e+00
 1.00000e+00
 1.00000e+00
 1.00000e+00
 1.00000e+00
 1.00000e+00
 9.99999e-01
 1.00000e+00
 1.00000e+00
 1.00000e+00
 1.00000e+00
 1.00000e+00
 1.00000e+00
 1.00000e+00
 1.00000e+00
 1.00000e+00
 1.00000e+00
 1.00000e+00
 1.00000e+00
 1.00000e+00
 1.00000e+00
 1.00000e+00
 1.00000e+00
 1.00000e+00
 1.00000e+00
 1.00000e+00
 1.00000e+00
 1.00000e+00
 1.00000e+00
 1.00000e+00
 1.00000e+00
 1.00000e+00
 1.00000e+00
 1.00000e+00
 1.00000e+00
 1.00000e+00
 1.00000e+00
 1.00000e+00
 1.00000e+00
 1.00000e+00
 1.00000e+00
 1.00000e+00
 1.00000e+00
 1.00000e+00
 1.00000e+00
 1.00000e+00
 1.00000e+00
 1.00000e+00
 1.00000e+00
 1.00000e+00
 1.00000e+00
 1.00000e+00
 1.00000e+00
 1.00000e+00
 1.00000e+00
 1.00000e+00
 1.00000e+00
 1.00000e+00
 1.00000e+00
 1.00000e+00
 1.00000e+00
 1.00000e+00
 1.00000e+00
 1.00000e+00
 1.00000e+00
 1.00000e+00
 9.99999e-01
 1.00000e+00
 1.00000e+00
 1.00000e+00
 1.00000e+00
 1.00000e+00
 1.00000e+00
 1.00000e+00
 1.00000e+00
 1.00000e+00
 1.00000e+00
 1.00000e+00
 1.00000e+00
 1.00000e+00
 1.00000e+00
 1.00000e+00
 1.00000e+00
 1.00000e+00
 1.00000e+00
 1.00000e+00
 1.00000e+00
 1.00000e+00
 1.00000e+00
 1.00000e+00
 1.00000e+00
 1.00000e+00
 1.00000e+00
 1.00000e+00
 1.00000e+00
 1.00000e+00
 1.00000e+00
 1.00000e+00
 1.00000e+00
 1.00000e+00
 1.00000e+00
 1.00000e+00
 1.00000e+00
 1.00000e+00
 1.00000e+00
 1.00000e+00
 1.00000e+00
 1.00000e+00
 1.00000e+00
 1.00000e+00
 1.00000e+00
 1.00000e+00
 1.00000e+00
 1.00000e+00
 1.00000e+00
 1.00000e+00
 1.00000e+00
 1.00000e+00
 1.00000e+00
 1.00000e+00
 1.00000e+00
 1.00000e+00
 1.00000e+00
 1.00000e+00
 1.00000e+00
 1.00000e+00
 9.99999e-01
 1.00000e+00
 1.00000e+00
 1.00000e+00
 1.00000e+00
 1.00000e+00
 1.00000e+00
 1.00000e+00
 1.00000e+00
 1.00000e+00
 1.00000e+00
 1.00000e+00
 1.00000e+00
 1.00000e+00
 1.00000e+00
 1.00000e+00
 1.00000e+00
 1.00000e+00
 1.00000e+00
 1.00000e+00
 1.00000e+00
 1.00000e+00
 1.00000e+00
 1.00000e+00
 1.00000e+00
 1.00000e+00
 1.00000e+00
 1.00000e+00
 1.00000e+00
 1.00000e+00
 1.00000e+00
 1.00000e+00
 1.00000e+00
 1.00000e+00
 1.00000e+00
 1.00000e+00
 1.00000e+00
 1.00000e+00
 1.00000e+00
 1.00000e+00
 1.00000e+00
 1.00000e+00
 1.00000e+00
 1.00000e+00
 1.00000e+00
 1.00000e+00
 1.00000e+00
 1.00000e+00
 1.00000e+00
 1.00000e+00
 1.00000e+00
 1.00000e+00
 1.00000e+00
 1.00000e+00
 1.00000e+00
 1.00000e+00
 1.00000e+00
 1.00000e+00
 1.00000e+00
 1.00000e+00
 9.99999e-01
 1.00000e+00
 1.00000e+00
 1.00000e+00
 1.00000e+00
 1.00000e+00
 1.00000e+00
 1.00000e+00
 1.00000e+00
 1.00000e+00
 1.00000e+00
 1.00000e+00
 1.00000e+00
 1.00000e+00
 1.00000e+00
 1.00000e+00
 1.00000e+00
 1.00000e+00
 1.00000e+00
 1.00000e+00
 1.00000e+00
 1.00000e+00
 1.00000e+00
 1.00000e+00
 1.00000e+00
 1.00000e+00
 1.00000e+00
 1.00000e+00
 1.00000e+00
 1.00000e+00
 1.00000e+00
 1.00000e+00
 1.00000e+00
 1.00000e+00
 1.00000e+00
 1.00000e+00
 1.00000e+00
 1.00000e+00
 1.00000e+00
 1.00000e+00
 1.00000e+00
 1.00000e+00
 1.00000e+00
 1.00000e+00
 1.00000e+00
 1.00000e+00
 1.00000e+00
 1.00000e+00
 1.00000e+00
 1.00000e+00
 1.00000e+00
 1.00000e+00
 1.00000e+00
 1.00000e+00
 1.00000e+00
 1.00000e+00
 1.00000e+00
 1.00000e+00
 1.00000e+00
 1.00000e+00
 9.99999e-01
 1.00000e+00
 1.00000e+00
 1.00000e+00
 1.00000e+00
 1.00000e+00
 1.00000e+00
 1.00000e+00
 1.00000e+00
 1.00000e+00
 1.00000e+00
 1.00000e+00
 1.00000e+00
 1.00000e+00
 1.00000e+00
 1.00000e+00
 1.00000e+00
 1.00000e+00
 1.00000e+00
 1.00000e+00
 1.00000e+00
 1.00000e+00
 1.00000e+00
 1.00000e+00
 1.00000e+00
 1.00000e+00
 1.00000e+00
 1.00000e+00
 1.00000e+00
 1.00000e+00
 1.00000e+00
 1.00000e+00
 1.00000e+00
 1.00000e+00
 1.00000e+00
 1.00000e+00
 1.00000e+00
 1.00000e+00
 1.00000e+00
 1.00000e+00
 1.00000e+00
 1.00000e+00
 1.00000e+00
 1.00000e+00
 1.00000e+00
 1.00000e+00
 1.00000e+00
 1.00000e+00
 1.00000e+00
 1.00000e+00
 1.00000e+00
 1.00000e+00
 1.00000e+00
 1.00000e+00
 1.00000e+00
 1.00000e+00
 1.00000e+00
 1.00000e+00
 1.00000e+00
 1.00000e+00
 9.99999e-01
 1.00000e+00
 1.00000e+00
 1.00000e+00
 1.00000e+00
 1.00000e+00
 1.00000e+00
 1.00000e+00
 1.00000e+00
 1.00000e+00
 1.00000e+00
 1.00000e+00
 1.00000e+00
 1.00000e+00
 1.00000e+00
 1.00000e+00
 1.00000e+00
 1.00000e+00
 1.00000e+00
 1.00000e+00
 1.00000e+00
 1.00000e+00
 1.00000e+00
 1.00000e+00
 1.00000e+00
 1.00000e+00
 1.00000e+00
 1.00000e+00
 1.00000e+00
 1.00000e+00
 1.00000e+00
 1.00000e+00
 1.00000e+00
 1.00000e+00
 1.00000e+00
 1.00000e+00
 1.00000e+00
 1.00000e+00
 1.00000e+00
 1.00000e+00
 1.00000e+00
 1.00000e+00
 1.00000e+00
 1.00000e+00
 1.00000e+00
 1.00000e+00
 1.00000e+00
 1.00000e+00
 1.00000e+00
 1.00000e+00
 1.00000e+00
 1.00000e+00
 1.00000e+00
 1.00000e+00
 1.00000e+00
 1.00000e+00
 1.00000e+00
 1.00000e+00
 1.00000e+00
 1.00000e+00
 9.99999e-01
 1.00000e+00
 1.00000e+00
 1.00000e+00
 1.00000e+00
 1.00000e+00
 1.00000e+00
 1.00000e+00
 1.00000e+00
 1.00000e+00
 1.00000e+00
 1.00000e+00
 1.00000e+00
 1.00000e+00
 1.00000e+00
 1.00000e+00
 1.00000e+00
 1.00000e+00
 1.00000e+00
 1.00000e+00
 1.00000e+00
 1.00000e+00
 1.00000e+00
 1.00000e+00
 1.00000e+00
 1.00000e+00
 1.00000e+00
 1.00000e+00
 1.00000e+00
 1.00000e+00
 1.00000e+00
 1.00000e+00
 1.00000e+00
 1.00000e+00
 1.00000e+00
 1.00000e+00
 1.00000e+00
 1.00000e+00
 1.00000e+00
 1.00000e+00
 1.00000e+00
 1.00000e+00
 1.00000e+00
 1.00000e+00
 1.00000e+00
 1.00000e+00
 1.00000e+00
 1.00000e+00
 1.00000e+00
 1.00000e+00
 1.00000e+00
 1.00000e+00
 1.00000e+00
 1.00000e+00
 1.00000e+00
 1.00000e+00
 1.00000e+00
 1.00000e+00
 1.00000e+00
 1.00000e+00
 9.99999e-01
 1.00000e+00
 1.00000e+00
 1.00000e+00
 1.00000e+00
 1.00000e+00
 1.00000e+00
 1.00000e+00
 1.00000e+00
 1.00000e+00
 1.00000e+00
 1.00000e+00
 1.00000e+00
 1.00000e+00
 1.00000e+00
 1.00000e+00
 1.00000e+00
 1.00000e+00
 1.00000e+00
 1.00000e+00
 1.00000e+00
 1.00000e+00
 1.00000e+00
 1.00000e+00
 1.00000e+00
 1.00000e+00
 1.00000e+00
 1.00000e+00
 1.00000e+00
 1.00000e+00
 1.00000e+00
 1.00000e+00
 1.00000e+00
 1.00000e+00
 1.00000e+00
 1.00000e+00
 1.00000e+00
 1.00000e+00
 1.00000e+00
 1.00000e+00
 1.00000e+00
 1.00000e+00
 1.00000e+00
 1.00000e+00
 1.00000e+00
 1.00000e+00
 1.00000e+00
 1.00000e+00
 1.00000e+00
 1.00000e+00
 1.00000e+00
 1.00000e+00
 1.00000e+00
 1.00000e+00
 1.00000e+00
 1.00000e+00
 1.00000e+00
 1.00000e+00
 1.00000e+00
 1.00000e+00
 9.99999e-01
 1.00000e+00
 1.00000e+00
 1.00000e+00
 1.00000e+00
 1.00000e+00
 1.00000e+00
 1.00000e+00
 1.00000e+00
 1.00000e+00
 1.00000e+00
 1.00000e+00
 1.00000e+00
 1.00000e+00
 1.00000e+00
 1.00000e+00
 1.00000e+00
 1.00000e+00
 1.00000e+00
 1.00000e+00
 1.00000e+00
 1.00000e+00
 1.00000e+00
 1.00000e+00
 1.00000e+00
 1.00000e+00
 1.00000e+00
 1.00000e+00
 1.00000e+00
 1.00000e+00
 1.00000e+00
 1.00000e+00
 1.00000e+00
 1.00000e+00
 1.00000e+00
 1.00000e+00
 1.00000e+00
 1.00000e+00
 1.00000e+00
 1.00000e+00
 1.00000e+00
 1.00000e+00
 1.00000e+00
 1.00000e+00
 1.00000e+00
 1.00000e+00
 1.00000e+00
 1.00000e+00
 1.00000e+00
 1.00000e+00
 1.00000e+00
 1.00000e+00
 1.00000e+00
 1.00000e+00
 1.00000e+00
 1.00000e+00
 1.00000e+00
 1.00000e+00
 1.00000e+00
 1.00000e+00
 9.99999e-01
 1.00000e+00
 1.00000e+00
 1.00000e+00
 1.00000e+00
 1.00000e+00
 1.00000e+00
 1.00000e+00
 1.00000e+00
 1.00000e+00
 1.00000e+00
 1.00000e+00
 1.00000e+00
 1.00000e+00
 1.00000e+00
 1.00000e+00
 1.00000e+00
 1.00000e+00
 1.00000e+00
 1.00000e+00
 1.00000e+00
 1.00000e+00
 1.00000e+00
 1.00000e+00
 1.00000e+00
 1.00000e+00
 1.00000e+00
 1.00000e+00
 1.00000e+00
 1.00000e+00
 1.00000e+00
 1.00000e+00
 1.00000e+00
 1.00000e+00
 1.00000e+00
 1.00000e+00
 1.00000e+00
 1.00000e+00
 1.00000e+00
 1.00000e+00
 1.00000e+00
 1.00000e+00
 1.00000e+00
 1.00000e+00
 1.00000e+00
 1.00000e+00
 1.00000e+00
 1.00000e+00
 1.00000e+00
 1.00000e+00
 1.00000e+00
 1.00000e+00
 1.00000e+00
 1.00000e+00
 1.00000e+00
 1.00000e+00
 1.00000e+00
 1.00000e+00
 1.00000e+00
 1.00000e+00
 9.99999e-01
 1.00000e+00
 1.00000e+00
 1.00000e+00
 1.00000e+00
 1.00000e+00
 1.00000e+00
 1.00000e+00
 1.00000e+00
 1.00000e+00
 1.00000e+00
 1.00000e+00
 1.00000e+00
 1.00000e+00
 1.00000e+00
 1.00000e+00
 1.00000e+00
 1.00000e+00
 1.00000e+00
 1.00000e+00
 1.00000e+00
 1.00000e+00
 1.00000e+00
 1.00000e+00
 1.00000e+00
 1.00000e+00
 1.00000e+00
 1.00000e+00
 1.00000e+00
 1.00000e+00
 1.00000e+00
 1.00000e+00
 1.00000e+00
 1.00000e+00
 1.00000e+00
 1.00000e+00
 1.00000e+00
 1.00000e+00
 1.00000e+00
 1.00000e+00
 1.00000e+00
 1.00000e+00
 1.00000e+00
 1.00000e+00
 1.00000e+00
 1.00000e+00
 1.00000e+00
 1.00000e+00
 1.00000e+00
 1.00000e+00
 1.00000e+00
 1.00000e+00
 1.00000e+00
 1.00000e+00
 1.00000e+00
 1.00000e+00
 1.00000e+00
 1.00000e+00
 1.00000e+00
 1.00000e+00
 9.99999e-01
 1.00000e+00
 1.00000e+00
 1.00000e+00
 1.00000e+00
 1.00000e+00
 1.00000e+00
 1.00000e+00
 1.00000e+00
 1.00000e+00
 1.00000e+00
 1.00000e+00
 1.00000e+00
 1.00000e+00
 1.00000e+00
 1.00000e+00
 1.00000e+00
 1.00000e+00
 1.00000e+00
 1.00000e+00
 1.00000e+00
 1.00000e+00
 1.00000e+00
 1.00000e+00
 1.00000e+00
 1.00000e+00
 1.00000e+00
 1.00000e+00
 1.00000e+00
 1.00000e+00
 1.00000e+00
 1.00000e+00
 1.00000e+00
 1.00000e+00
 1.00000e+00
 1.00000e+00
 1.00000e+00
 1.00000e+00
 1.00000e+00
 1.00000e+00
 1.00000e+00
 1.00000e+00
 1.00000e+00
 1.00000e+00
 1.00000e+00
 1.00000e+00
 1.00000e+00
 1.00000e+00
 1.00000e+00
 1.00000e+00
 1.00000e+00
 1.00000e+00
 1.00000e+00
 1.00000e+00
 1.00000e+00
 1.00000e+00
 1.00000e+00
 1.00000e+00
 1.00000e+00
 1.00000e+00
 9.99999e-01
 1.00000e+00
 1.00000e+00
 1.00000e+00
 1.00000e+00
 1.00000e+00
 1.00000e+00
 1.00000e+00
 1.00000e+00
 1.00000e+00
 1.00000e+00
 1.00000e+00
 1.00000e+00
 1.00000e+00
 1.00000e+00
 1.00000e+00
 1.00000e+00
 1.00000e+00
 1.00000e+00
 1.00000e+00
 1.00000e+00
 1.00000e+00
 1.00000e+00
 1.00000e+00
 1.00000e+00
 1.00000e+00
 1.00000e+00
 1.00000e+00
 1.00000e+00
 1.00000e+00
 1.00000e+00
 1.00000e+00
 1.00000e+00
 1.00000e+00
 1.00000e+00
 1.00000e+00
 1.00000e+00
 1.00000e+00
 1.00000e+00
 1.00000e+00
 1.00000e+00
 1.00000e+00
 1.00000e+00
 1.00000e+00
 1.00000e+00
 1.00000e+00
 1.00000e+00
 1.00000e+00
 1.00000e+00
 1.00000e+00
 1.00000e+00
 1.00000e+00
 1.00000e+00
 1.00000e+00
 1.00000e+00
 1.00000e+00
 1.00000e+00
 1.00000e+00
 1.00000e+00
 1.00000e+00
 9.99999e-01
 1.00000e+00
 1.00000e+00
 1.00000e+00
 1.00000e+00
 1.00000e+00
 1.00000e+00
 1.00000e+00
 1.00000e+00
 1.00000e+00
 1.00000e+00
 1.00000e+00
 1.00000e+00
 1.00000e+00
 1.00000e+00
 1.00000e+00
 1.00000e+00
 1.00000e+00
 1.00000e+00
 1.00000e+00
 1.00000e+00
 1.00000e+00
 1.00000e+00
 1.00000e+00
 1.00000e+00
 1.00000e+00
 1.00000e+00
 1.00000e+00
 1.00000e+00
 1.00000e+00
 1.00000e+00
 1.00000e+00
 1.00000e+00
 1.00000e+00
 1.00000e+00
 1.00000e+00
 1.00000e+00
 1.00000e+00
 1.00000e+00
 1.00000e+00
 1.00000e+00
 1.00000e+00
 1.00000e+00
 1.00000e+00
 1.00000e+00
 1.00000e+00
 1.00000e+00
 1.00000e+00
 1.00000e+00
 1.00000e+00
 1.00000e+00
 1.00000e+00
 1.00000e+00
 1.00000e+00
 1.00000e+00
 1.00000e+00
 1.00000e+00
 1.00000e+00
 1.00000e+00
 1.00000e+00
 9.99999e-01
 1.00000e+00
 1.00000e+00
 1.00000e+00
 1.00000e+00
 1.00000e+00
 1.00000e+00
 1.00000e+00
 1.00000e+00
 1.00000e+00
 1.00000e+00
 1.00000e+00
 1.00000e+00
 1.00000e+00
 1.00000e+00
 1.00000e+00
 1.00000e+00
 1.00000e+00
 1.00000e+00
 1.00000e+00
 1.00000e+00
 1.00000e+00
 1.00000e+00
 1.00000e+00
 1.00000e+00
 1.00000e+00
 1.00000e+00
 1.00000e+00
 1.00000e+00
 1.00000e+00
 1.00000e+00
 1.00000e+00
 1.00000e+00
 1.00000e+00
 1.00000e+00
 1.00000e+00
 1.00000e+00
 1.00000e+00
 1.00000e+00
 1.00000e+00
 1.00000e+00
 1.00000e+00
 1.00000e+00
 1.00000e+00
 1.00000e+00
 1.00000e+00
 1.00000e+00
 1.00000e+00
 1.00000e+00
 1.00000e+00
 1.00000e+00
 1.00000e+00
 1.00000e+00
 1.00000e+00
 1.00000e+00
 1.00000e+00
 1.00000e+00
 1.00000e+00
 1.00000e+00
 1.00000e+00
 9.99999e-01
 1.00000e+00
 1.00000e+00
 1.00000e+00
 1.00000e+00
 1.00000e+00
 1.00000e+00
 1.00000e+00
 1.00000e+00
 1.00000e+00
 1.00000e+00
 1.00000e+00
 1.00000e+00
 1.00000e+00
 1.00000e+00
 1.00000e+00
 1.00000e+00
 1.00000e+00
 1.00000e+00
 1.00000e+00
 1.00000e+00
 1.00000e+00
 1.00000e+00
 1.00000e+00
 1.00000e+00
 1.00000e+00
 1.00000e+00
 1.00000e+00
 1.00000e+00
 1.00000e+00
 1.00000e+00
 1.00000e+00
 1.00000e+00
 1.00000e+00
 1.00000e+00
 1.00000e+00
 1.00000e+00
 1.00000e+00
 1.00000e+00
 1.00000e+00
 1.00000e+00
 1.00000e+00
 1.00000e+00
 1.00000e+00
 1.00000e+00
 1.00000e+00
 1.00000e+00
 1.00000e+00
 1.00000e+00
 1.00000e+00
 1.00000e+00
 1.00000e+00
 1.00000e+00
 1.00000e+00
 1.00000e+00
 1.00000e+00
 1.00000e+00
 1.00000e+00
 1.00000e+00
 1.00000e+00
 9.99999e-01
 1.00000e+00
 1.00000e+00
 1.00000e+00
 1.00000e+00
 1.00000e+00
 1.00000e+00
 1.00000e+00
 1.00000e+00
 1.00000e+00
 1.00000e+00
 1.00000e+00
 1.00000e+00
 1.00000e+00
 1.00000e+00
 1.00000e+00
 1.00000e+00
 1.00000e+00
 1.00000e+00
 1.00000e+00
 1.00000e+00
 1.00000e+00
 1.00000e+00
 1.00000e+00
 1.00000e+00
 1.00000e+00
 1.00000e+00
 1.00000e+00
 1.00000e+00
 1.00000e+00
 1.00000e+00
 1.00000e+00
 1.00000e+00
 1.00000e+00
 1.00000e+00
 1.00000e+00
 1.00000e+00
 1.00000e+00
 1.00000e+00
 1.00000e+00
 1.00000e+00
 1.00000e+00
 1.00000e+00
 1.00000e+00
 1.00000e+00
 1.00000e+00
 1.00000e+00
 1.00000e+00
 1.00000e+00
 1.00000e+00
 1.00000e+00
 1.00000e+00
 1.00000e+00
 1.00000e+00
 1.00000e+00
 1.00000e+00
 1.00000e+00
 1.00000e+00
 1.00000e+00
 1.00000e+00
 9.99999e-01
 9.99999e-01
 9.99999e-01
 9.99999e-01
 9.99999e-01
 9.99999e-01
 9.99999e-01
 9.99999e-01
 9.99999e-01
 9.99999e-01
 9.99999e-01
 9.99999e-01
 9.99999e-01
 9.99999e-01
 9.99999e-01
 9.99999e-01
 9.99999e-01
 9.99999e-01
 9.99999e-01
 9.99999e-01
 9.99999e-01
 9.99999e-01
 9.99999e-01
 9.99999e-01
 9.99999e-01
 9.99999e-01
 9.99999e-01
 9.99999e-01
 9.99999e-01
 9.99999e-01
 9.99999e-01
 9.99999e-01
 9.99999e-01
 9.99999e-01
 9.99999e-01
 9.99999e-01
 9.99999e-01
 9.99999e-01
 9.99999e-01
 9.99999e-01
 9.99999e-01
 9.99999e-01
 9.99999e-01
 9.99999e-01
 9.99999e-01
 9.99999e-01
 9.99999e-01
 9.99999e-01
 9.99999e-01
 9.99999e-01
 9.99999e-01
 9.99999e-01
 9.99999e-01
 9.99999e-01
 9.99999e-01
 9.99999e-01
 9.99999e-01
 9.99999e-01
 9.99999e-01
 9.99999e-01
 9.99999e-01
