Density
part
         1
quad4
 2.17562e-03
 5.53732e-03
 5.85092e-03
 6.66902e-03
 6.88049e-03
 7.95199e-03
 1.11160e-02
 1.29957e-02
 1.29131e-02
 1.57961e-02
 1.85546e-02
 2.05884e-02
 2.34086e-02
 2.60804e-02
 2.94106e-02
 3.29042e-02
 3.70987e-02
 4.18922e-02
 4.75455e-02
 5.41764e-02
 6.20095e-02
 7.12973e-02
 8.23418e-02
 9.55449e-02
 1.11377e-01
 1.30466e-01
 1.53575e-01
 1.81719e-01
 2.16178e-01
 2.58667e-01
 3.11466e-01
 3.77648e-01
 4.61576e-01
 5.69851e-01
 7.12019e-01
 9.00441e-01
 1.14933e+00
 1.47218e+00
 1.87424e+00
 2.33076e+00
 2.76090e+00
 3.04624e+00
 2.95231e+00
 2.40411e+00
 1.61105e+00
 1.12526e+00
 1.01252e+00
 1.00102e+00
 1.00002e+00
 1.00000e+00
 1.00000e+00
 1.00000e+00
 1.00000e+00
 1.00000e+00
 1.00000e+00
 1.00000e+00
 1.00000e+00
 1.00000e+00
 1.00000e+00
 9.99999e-01
 5.53732e-03
 5.64776e-03
 5.81796e-03
 6.12209e-03
 6.97881e-03
 6.42424e-03
 7.43764e-03
 9.62711e-03
 9.47095e-03
 1.19238e-02
 1.28276e-02
 1.48129e-02
 1.66616e-02
 1.91750e-02
 2.20358e-02
 2.56147e-02
 2.98258e-02
 3.47999e-02
 4.06725e-02
 4.75651e-02
 5.57145e-02
 6.53300e-02
 7.67566e-02
 9.03448e-02
 1.06616e-01
 1.26144e-01
 1.49753e-01
 1.78400e-01
 2.13432e-01
 2.56523e-01
 3.10010e-01
 3.76966e-01
 4.61816e-01
 5.71194e-01
 7.14692e-01
 9.04745e-01
 1.15561e+00
 1.48077e+00
 1.88498e+00
 2.34268e+00
 2.77170e+00
 3.05346e+00
 2.94783e+00
 2.39209e+00
 1.59797e+00
 1.12064e+00
 1.01197e+00
 1.00098e+00
 1.00002e+00
 1.00000e+00
 1.00000e+00
 1.00000e+00
 1.00000e+00
 1.00000e+00
 1.00000e+00
 1.00000e+00
 1.00000e+00
 1.00000e+00
 1.00000e+00
 9.99999e-01
 5.85092e-03
 5.81796e-03
 5.71811e-03
 5.57208e-03
 6.36264e-03
 6.34785e-03
 6.41030e-03
 9.30287e-03
 9.20104e-03
 1.18721e-02
 1.24709e-02
 1.47341e-02
 1.65275e-02
 1.92492e-02
 2.21571e-02
 2.58030e-02
 2.99669e-02
 3.49550e-02
 4.07707e-02
 4.76701e-02
 5.57933e-02
 6.54491e-02
 7.69025e-02
 9.05960e-02
 1.06963e-01
 1.26685e-01
 1.50477e-01
 1.79422e-01
 2.14758e-01
 2.58277e-01
 3.12255e-01
 3.79843e-01
 4.65486e-01
 5.75979e-01
 7.21092e-01
 9.13352e-01
 1.16702e+00
 1.49550e+00
 1.90258e+00
 2.36122e+00
 2.78681e+00
 3.06069e+00
 2.93245e+00
 2.36266e+00
 1.56977e+00
 1.11126e+00
 1.01087e+00
 1.00088e+00
 1.00001e+00
 1.00000e+00
 1.00000e+00
 1.00000e+00
 1.00000e+00
 1.00000e+00
 1.00000e+00
 1.00000e+00
 1.00000e+00
 1.00000e+00
 1.00000e+00
 9.99999e-01
 6.66902e-03
 6.12209e-03
 5.57208e-03
 5.46506e-03
 6.27702e-03
 6.28922e-03
 6.99261e-03
 7.67041e-03
 8.84677e-03
 1.08091e-02
 1.22586e-02
 1.46807e-02
 1.69319e-02
 1.98360e-02
 2.29904e-02
 2.67482e-02
 3.10746e-02
 3.61454e-02
 4.20920e-02
 4.90745e-02
 5.73380e-02
 6.70994e-02
 7.87322e-02
 9.25719e-02
 1.09191e-01
 1.29133e-01
 1.53295e-01
 1.82607e-01
 2.18507e-01
 2.62670e-01
 3.17533e-01
 3.86248e-01
 4.73444e-01
 5.86082e-01
 7.34124e-01
 9.30266e-01
 1.18883e+00
 1.52316e+00
 1.93562e+00
 2.39657e+00
 2.81721e+00
 3.07798e+00
 2.91316e+00
 2.31868e+00
 1.52837e+00
 1.09817e+00
 1.00941e+00
 1.00075e+00
 1.00001e+00
 1.00000e+00
 1.00000e+00
 1.00000e+00
 1.00000e+00
 1.00000e+00
 1.00000e+00
 1.00000e+00
 1.00000e+00
 1.00000e+00
 1.00000e+00
 9.99999e-01
 6.88049e-03
 6.97881e-03
 6.36264e-03
 6.27702e-03
 6.36518e-03
 6.48028e-03
 6.82553e-03
 7.64401e-03
 8.89474e-03
 1.05252e-02
 1.22700e-02
 1.45063e-02
 1.68579e-02
 1.98028e-02
 2.30269e-02
 2.69071e-02
 3.13183e-02
 3.65437e-02
 4.26133e-02
 4.97921e-02
 5.82320e-02
 6.82605e-02
 8.01446e-02
 9.43610e-02
 1.11338e-01
 1.31815e-01
 1.56502e-01
 1.86570e-01
 2.23275e-01
 2.68530e-01
 3.24702e-01
 3.95134e-01
 4.84595e-01
 6.00336e-01
 7.52610e-01
 9.54377e-01
 1.22007e+00
 1.56297e+00
 1.98328e+00
 2.44727e+00
 2.86022e+00
 3.10047e+00
 2.88558e+00
 2.25539e+00
 1.47409e+00
 1.08238e+00
 1.00773e+00
 1.00059e+00
 1.00000e+00
 1.00000e+00
 1.00000e+00
 1.00000e+00
 1.00000e+00
 1.00000e+00
 1.00000e+00
 1.00000e+00
 1.00000e+00
 1.00000e+00
 1.00000e+00
 9.99999e-01
 7.95199e-03
 6.42424e-03
 6.34785e-03
 6.28922e-03
 6.48028e-03
 6.74393e-03
 7.35202e-03
 8.26916e-03
 9.54834e-03
 1.12279e-02
 1.31372e-02
 1.53385e-02
 1.78894e-02
 2.07822e-02
 2.41517e-02
 2.80261e-02
 3.25702e-02
 3.78636e-02
 4.41062e-02
 5.14363e-02
 6.01208e-02
 7.03788e-02
 8.26143e-02
 9.71661e-02
 1.14658e-01
 1.35639e-01
 1.61085e-01
 1.91950e-01
 2.29781e-01
 2.76354e-01
 3.34280e-01
 4.06946e-01
 4.99420e-01
 6.19291e-01
 7.77216e-01
 9.86505e-01
 1.26172e+00
 1.61597e+00
 2.04635e+00
 2.51332e+00
 2.91458e+00
 3.12443e+00
 2.84598e+00
 2.17104e+00
 1.40924e+00
 1.06544e+00
 1.00603e+00
 1.00044e+00
 1.00000e+00
 1.00000e+00
 1.00000e+00
 1.00000e+00
 1.00000e+00
 1.00000e+00
 1.00000e+00
 1.00000e+00
 1.00000e+00
 1.00000e+00
 1.00000e+00
 9.99999e-01
 1.11160e-02
 7.43764e-03
 6.41030e-03
 6.99261e-03
 6.82553e-03
 7.35202e-03
 8.04471e-03
 9.04699e-03
 1.03554e-02
 1.20125e-02
 1.38949e-02
 1.61617e-02
 1.87198e-02
 2.17221e-02
 2.51734e-02
 2.92046e-02
 3.38925e-02
 3.93935e-02
 4.58341e-02
 5.34368e-02
 6.23891e-02
 7.30302e-02
 8.56369e-02
 1.00738e-01
 1.18763e-01
 1.40540e-01
 1.66794e-01
 1.98820e-01
 2.37950e-01
 2.86280e-01
 3.46373e-01
 4.21897e-01
 5.18194e-01
 6.43334e-01
 8.08457e-01
 1.02730e+00
 1.31456e+00
 1.68283e+00
 2.12508e+00
 2.59378e+00
 2.97744e+00
 3.14351e+00
 2.78909e+00
 2.06463e+00
 1.33746e+00
 1.04898e+00
 1.00447e+00
 1.00029e+00
 1.00000e+00
 1.00000e+00
 1.00000e+00
 1.00000e+00
 1.00000e+00
 1.00000e+00
 1.00000e+00
 1.00000e+00
 1.00000e+00
 1.00000e+00
 1.00000e+00
 9.99999e-01
 1.29957e-02
 9.62711e-03
 9.30287e-03
 7.67041e-03
 7.64401e-03
 8.26916e-03
 9.04699e-03
 1.01853e-02
 1.15480e-02
 1.32426e-02
 1.51880e-02
 1.74711e-02
 2.01100e-02
 2.31749e-02
 2.67404e-02
 3.08879e-02
 3.57465e-02
 4.14240e-02
 4.81150e-02
 5.59751e-02
 6.52954e-02
 7.63046e-02
 8.94525e-02
 1.05084e-01
 1.23904e-01
 1.46475e-01
 1.73892e-01
 2.07175e-01
 2.48033e-01
 2.98433e-01
 3.61244e-01
 4.40277e-01
 5.41336e-01
 6.73030e-01
 8.47093e-01
 1.07775e+00
 1.37977e+00
 1.76461e+00
 2.21997e+00
 2.68774e+00
 3.04563e+00
 3.14964e+00
 2.71042e+00
 1.93657e+00
 1.26370e+00
 1.03444e+00
 1.00313e+00
 1.00017e+00
 1.00000e+00
 1.00000e+00
 1.00000e+00
 1.00000e+00
 1.00000e+00
 1.00000e+00
 1.00000e+00
 1.00000e+00
 1.00000e+00
 1.00000e+00
 1.00000e+00
 9.99999e-01
 1.29131e-02
 9.47095e-03
 9.20104e-03
 8.84677e-03
 8.89474e-03
 9.54834e-03
 1.03554e-02
 1.15480e-02
 1.29616e-02
 1.46827e-02
 1.66847e-02
 1.90322e-02
 2.17598e-02
 2.49367e-02
 2.86364e-02
 3.29580e-02
 3.80076e-02
 4.39405e-02
 5.08989e-02
 5.91268e-02
 6.88214e-02
 8.03654e-02
 9.40435e-02
 1.10458e-01
 1.30055e-01
 1.53770e-01
 1.82390e-01
 2.17356e-01
 2.60162e-01
 3.13149e-01
 3.79201e-01
 4.62528e-01
 5.69406e-01
 7.09139e-01
 8.94118e-01
 1.13909e+00
 1.45885e+00
 1.86255e+00
 2.33130e+00
 2.79364e+00
 3.12128e+00
 3.12515e+00
 2.60669e+00
 1.78995e+00
 1.19346e+00
 1.02276e+00
 1.00208e+00
 1.00009e+00
 1.00000e+00
 1.00000e+00
 1.00000e+00
 1.00000e+00
 1.00000e+00
 1.00000e+00
 1.00000e+00
 1.00000e+00
 1.00000e+00
 1.00000e+00
 1.00000e+00
 9.99999e-01
 1.57961e-02
 1.19238e-02
 1.18721e-02
 1.08091e-02
 1.05252e-02
 1.12279e-02
 1.20125e-02
 1.32426e-02
 1.46827e-02
 1.64664e-02
 1.85270e-02
 2.09596e-02
 2.37872e-02
 2.70937e-02
 3.09533e-02
 3.54653e-02
 4.07574e-02
 4.69596e-02
 5.42770e-02
 6.28824e-02
 7.31022e-02
 8.51762e-02
 9.96223e-02
 1.16799e-01
 1.37517e-01
 1.62386e-01
 1.92644e-01
 2.29441e-01
 2.74707e-01
 3.30709e-01
 4.00692e-01
 4.89188e-01
 6.03148e-01
 7.52646e-01
 9.50822e-01
 1.21293e+00
 1.55362e+00
 1.97812e+00
 2.45896e+00
 2.90848e+00
 3.19805e+00
 3.06585e+00
 2.46831e+00
 1.63156e+00
 1.13198e+00
 1.01425e+00
 1.00129e+00
 1.00004e+00
 1.00000e+00
 1.00000e+00
 1.00000e+00
 1.00000e+00
 1.00000e+00
 1.00000e+00
 1.00000e+00
 1.00000e+00
 1.00000e+00
 1.00000e+00
 1.00000e+00
 9.99999e-01
 1.85546e-02
 1.28276e-02
 1.24709e-02
 1.22586e-02
 1.22700e-02
 1.31372e-02
 1.38949e-02
 1.51880e-02
 1.66847e-02
 1.85270e-02
 2.06856e-02
 2.32197e-02
 2.61911e-02
 2.96566e-02
 3.37153e-02
 3.84675e-02
 4.40363e-02
 5.05910e-02
 5.82887e-02
 6.74077e-02
 7.81549e-02
 9.09780e-02
 1.06172e-01
 1.24441e-01
 1.46266e-01
 1.72722e-01
 2.04708e-01
 2.43850e-01
 2.91921e-01
 3.51579e-01
 4.26226e-01
 5.20966e-01
 6.43502e-01
 8.04814e-01
 1.01884e+00
 1.30126e+00
 1.66622e+00
 2.11284e+00
 2.60204e+00
 3.02777e+00
 3.25638e+00
 2.98002e+00
 2.28378e+00
 1.47252e+00
 1.08317e+00
 1.00849e+00
 1.00072e+00
 1.00001e+00
 1.00000e+00
 1.00000e+00
 1.00000e+00
 1.00000e+00
 1.00000e+00
 1.00000e+00
 1.00000e+00
 1.00000e+00
 1.00000e+00
 1.00000e+00
 1.00000e+00
 9.99999e-01
 2.05884e-02
 1.48129e-02
 1.47341e-02
 1.46807e-02
 1.45063e-02
 1.53385e-02
 1.61617e-02
 1.74711e-02
 1.90322e-02
 2.09596e-02
 2.32197e-02
 2.58940e-02
 2.90202e-02
 3.26892e-02
 3.69831e-02
 4.20160e-02
 4.79309e-02
 5.48704e-02
 6.30725e-02
 7.27193e-02
 8.41992e-02
 9.77599e-02
 1.14017e-01
 1.33357e-01
 1.56721e-01
 1.84816e-01
 2.19049e-01
 2.60803e-01
 3.12304e-01
 3.76243e-01
 4.56490e-01
 5.58754e-01
 6.91684e-01
 8.67248e-01
 1.10023e+00
 1.40653e+00
 1.79889e+00
 2.26791e+00
 2.75845e+00
 3.14469e+00
 3.28034e+00
 2.85355e+00
 2.06342e+00
 1.32638e+00
 1.04828e+00
 1.00483e+00
 1.00035e+00
 1.00000e+00
 1.00000e+00
 1.00000e+00
 1.00000e+00
 1.00000e+00
 1.00000e+00
 1.00000e+00
 1.00000e+00
 1.00000e+00
 1.00000e+00
 1.00000e+00
 1.00000e+00
 9.99999e-01
 2.34086e-02
 1.66616e-02
 1.65275e-02
 1.69319e-02
 1.68579e-02
 1.78894e-02
 1.87198e-02
 2.01100e-02
 2.17598e-02
 2.37872e-02
 2.61911e-02
 2.90202e-02
 3.23524e-02
 3.62546e-02
 4.08329e-02
 4.62081e-02
 5.25101e-02
 5.99456e-02
 6.86756e-02
 7.90397e-02
 9.12495e-02
 1.05847e-01
 1.23146e-01
 1.43981e-01
 1.68908e-01
 1.99169e-01
 2.35851e-01
 2.80841e-01
 3.36316e-01
 4.05386e-01
 4.92326e-01
 6.03707e-01
 7.49244e-01
 9.41982e-01
 1.19755e+00
 1.53173e+00
 1.95385e+00
 2.44344e+00
 2.92429e+00
 3.25953e+00
 3.23635e+00
 2.68123e+00
 1.82163e+00
 1.20529e+00
 1.02594e+00
 1.00261e+00
 1.00014e+00
 1.00000e+00
 1.00000e+00
 1.00000e+00
 1.00000e+00
 1.00000e+00
 1.00000e+00
 1.00000e+00
 1.00000e+00
 1.00000e+00
 1.00000e+00
 1.00000e+00
 1.00000e+00
 9.99999e-01
 2.60804e-02
 1.91750e-02
 1.92492e-02
 1.98360e-02
 1.98028e-02
 2.07822e-02
 2.17221e-02
 2.31749e-02
 2.49367e-02
 2.70937e-02
 2.96566e-02
 3.26892e-02
 3.62546e-02
 4.04431e-02
 4.53615e-02
 5.11266e-02
 5.79195e-02
 6.58834e-02
 7.53193e-02
 8.64079e-02
 9.96316e-02
 1.15249e-01
 1.34004e-01
 1.56342e-01
 1.83363e-01
 2.15943e-01
 2.55700e-01
 3.04399e-01
 3.64655e-01
 4.39806e-01
 5.34833e-01
 6.57304e-01
 8.18162e-01
 1.03158e+00
 1.31389e+00
 1.68023e+00
 2.13315e+00
 2.63759e+00
 3.09167e+00
 3.35583e+00
 3.12742e+00
 2.44424e+00
 1.58055e+00
 1.11620e+00
 1.01320e+00
 1.00130e+00
 1.00004e+00
 1.00000e+00
 1.00000e+00
 1.00000e+00
 1.00000e+00
 1.00000e+00
 1.00000e+00
 1.00000e+00
 1.00000e+00
 1.00000e+00
 1.00000e+00
 1.00000e+00
 1.00000e+00
 9.99999e-01
 2.94106e-02
 2.20358e-02
 2.21571e-02
 2.29904e-02
 2.30269e-02
 2.41517e-02
 2.51734e-02
 2.67404e-02
 2.86364e-02
 3.09533e-02
 3.37153e-02
 3.69831e-02
 4.08329e-02
 4.53615e-02
 5.06707e-02
 5.69237e-02
 6.42459e-02
 7.29072e-02
 8.30637e-02
 9.51494e-02
 1.09378e-01
 1.26419e-01
 1.46631e-01
 1.71002e-01
 2.00238e-01
 2.35766e-01
 2.79008e-01
 3.32210e-01
 3.98095e-01
 4.80565e-01
 5.85416e-01
 7.21459e-01
 9.00967e-01
 1.13924e+00
 1.45298e+00
 1.85537e+00
 2.33813e+00
 2.84577e+00
 3.24842e+00
 3.39403e+00
 2.95974e+00
 2.14594e+00
 1.36798e+00
 1.05916e+00
 1.00644e+00
 1.00055e+00
 1.00001e+00
 1.00000e+00
 1.00000e+00
 1.00000e+00
 1.00000e+00
 1.00000e+00
 1.00000e+00
 1.00000e+00
 1.00000e+00
 1.00000e+00
 1.00000e+00
 1.00000e+00
 1.00000e+00
 9.99999e-01
 3.29042e-02
 2.56147e-02
 2.58030e-02
 2.67482e-02
 2.69071e-02
 2.80261e-02
 2.92046e-02
 3.08879e-02
 3.29580e-02
 3.54653e-02
 3.84675e-02
 4.20160e-02
 4.62081e-02
 5.11266e-02
 5.69237e-02
 6.37062e-02
 7.17222e-02
 8.11029e-02
 9.22447e-02
 1.05324e-01
 1.20951e-01
 1.39416e-01
 1.61612e-01
 1.88116e-01
 2.20202e-01
 2.59033e-01
 3.06549e-01
 3.65034e-01
 4.37685e-01
 5.29002e-01
 6.45917e-01
 7.98649e-01
 1.00087e+00
 1.26897e+00
 1.61921e+00
 2.05998e+00
 2.56777e+00
 3.05954e+00
 3.39153e+00
 3.32048e+00
 2.72183e+00
 1.82355e+00
 1.20574e+00
 1.02742e+00
 1.00300e+00
 1.00019e+00
 1.00000e+00
 1.00000e+00
 1.00000e+00
 1.00000e+00
 1.00000e+00
 1.00000e+00
 1.00000e+00
 1.00000e+00
 1.00000e+00
 1.00000e+00
 1.00000e+00
 1.00000e+00
 1.00000e+00
 9.99999e-01
 3.70987e-02
 2.98258e-02
 2.99669e-02
 3.10746e-02
 3.13183e-02
 3.25702e-02
 3.38925e-02
 3.57465e-02
 3.80076e-02
 4.07574e-02
 4.40363e-02
 4.79309e-02
 5.25101e-02
 5.79195e-02
 6.42459e-02
 7.17222e-02
 8.04564e-02
 9.08166e-02
 1.02946e-01
 1.17407e-01
 1.34436e-01
 1.54848e-01
 1.79115e-01
 2.08394e-01
 2.43645e-01
 2.86565e-01
 3.39085e-01
 4.03934e-01
 4.84719e-01
 5.86896e-01
 7.18750e-01
 8.92078e-01
 1.12195e+00
 1.42546e+00
 1.81725e+00
 2.29577e+00
 2.81661e+00
 3.26315e+00
 3.48548e+00
 3.15565e+00
 2.38883e+00
 1.52172e+00
 1.10054e+00
 1.01205e+00
 1.00127e+00
 1.00005e+00
 1.00000e+00
 1.00000e+00
 1.00000e+00
 1.00000e+00
 1.00000e+00
 1.00000e+00
 1.00000e+00
 1.00000e+00
 1.00000e+00
 1.00000e+00
 1.00000e+00
 1.00000e+00
 1.00000e+00
 9.99999e-01
 4.18922e-02
 3.47999e-02
 3.49550e-02
 3.61454e-02
 3.65437e-02
 3.78636e-02
 3.93935e-02
 4.14240e-02
 4.39405e-02
 4.69596e-02
 5.05910e-02
 5.48704e-02
 5.99456e-02
 6.58834e-02
 7.29072e-02
 8.11029e-02
 9.08166e-02
 1.02163e-01
 1.15666e-01
 1.31515e-01
 1.50466e-01
 1.72907e-01
 1.99894e-01
 2.32235e-01
 2.71436e-01
 3.19137e-01
 3.77721e-01
 4.50191e-01
 5.40933e-01
 6.56598e-01
 8.07098e-01
 1.00587e+00
 1.26931e+00
 1.61424e+00
 2.05098e+00
 2.56187e+00
 3.07333e+00
 3.43815e+00
 3.45771e+00
 2.89764e+00
 1.99777e+00
 1.28476e+00
 1.04343e+00
 1.00510e+00
 1.00044e+00
 1.00000e+00
 1.00000e+00
 1.00000e+00
 1.00000e+00
 1.00000e+00
 1.00000e+00
 1.00000e+00
 1.00000e+00
 1.00000e+00
 1.00000e+00
 1.00000e+00
 1.00000e+00
 1.00000e+00
 1.00000e+00
 9.99999e-01
 4.75455e-02
 4.06725e-02
 4.07707e-02
 4.20920e-02
 4.26133e-02
 4.41062e-02
 4.58341e-02
 4.81150e-02
 5.08989e-02
 5.42770e-02
 5.82887e-02
 6.30725e-02
 6.86756e-02
 7.53193e-02
 8.30637e-02
 9.22447e-02
 1.02946e-01
 1.15666e-01
 1.30553e-01
 1.48313e-01
 1.69267e-01
 1.94391e-01
 2.24372e-01
 2.60564e-01
 3.04373e-01
 3.57910e-01
 4.23749e-01
 5.05528e-01
 6.08629e-01
 7.41268e-01
 9.15138e-01
 1.14530e+00
 1.44900e+00
 1.84117e+00
 2.32222e+00
 2.85130e+00
 3.31707e+00
 3.56672e+00
 3.27907e+00
 2.52785e+00
 1.61845e+00
 1.13225e+00
 1.01731e+00
 1.00202e+00
 1.00011e+00
 1.00000e+00
 1.00000e+00
 1.00000e+00
 1.00000e+00
 1.00000e+00
 1.00000e+00
 1.00000e+00
 1.00000e+00
 1.00000e+00
 1.00000e+00
 1.00000e+00
 1.00000e+00
 1.00000e+00
 1.00000e+00
 9.99999e-01
 5.41764e-02
 4.75651e-02
 4.76701e-02
 4.90745e-02
 4.97921e-02
 5.14363e-02
 5.34368e-02
 5.59751e-02
 5.91268e-02
 6.28824e-02
 6.74077e-02
 7.27193e-02
 7.90397e-02
 8.64079e-02
 9.51494e-02
 1.05324e-01
 1.17407e-01
 1.31515e-01
 1.48313e-01
 1.68068e-01
 1.91688e-01
 2.19764e-01
 2.53532e-01
 2.94212e-01
 3.43691e-01
 4.04222e-01
 4.78917e-01
 5.72225e-01
 6.90956e-01
 8.45136e-01
 1.04830e+00
 1.31694e+00
 1.66787e+00
 2.11089e+00
 2.62864e+00
 3.14760e+00
 3.51885e+00
 3.54542e+00
 2.98401e+00
 2.06987e+00
 1.32125e+00
 1.05294e+00
 1.00665e+00
 1.00066e+00
 1.00001e+00
 1.00000e+00
 1.00000e+00
 1.00000e+00
 1.00000e+00
 1.00000e+00
 1.00000e+00
 1.00000e+00
 1.00000e+00
 1.00000e+00
 1.00000e+00
 1.00000e+00
 1.00000e+00
 1.00000e+00
 1.00000e+00
 9.99999e-01
 6.20095e-02
 5.57145e-02
 5.57933e-02
 5.73380e-02
 5.82320e-02
 6.01208e-02
 6.23891e-02
 6.52954e-02
 6.88214e-02
 7.31022e-02
 7.81549e-02
 8.41992e-02
 9.12495e-02
 9.96316e-02
 1.09378e-01
 1.20951e-01
 1.34436e-01
 1.50466e-01
 1.69267e-01
 1.91688e-01
 2.18246e-01
 2.50079e-01
 2.88265e-01
 3.34506e-01
 3.90800e-01
 4.59883e-01
 5.45528e-01
 6.53452e-01
 7.92214e-01
 9.73809e-01
 1.21351e+00
 1.52851e+00
 1.93277e+00
 2.42446e+00
 2.95904e+00
 3.42052e+00
 3.65331e+00
 3.33051e+00
 2.54974e+00
 1.62802e+00
 1.13815e+00
 1.01923e+00
 1.00241e+00
 1.00016e+00
 1.00000e+00
 1.00000e+00
 1.00000e+00
 1.00000e+00
 1.00000e+00
 1.00000e+00
 1.00000e+00
 1.00000e+00
 1.00000e+00
 1.00000e+00
 1.00000e+00
 1.00000e+00
 1.00000e+00
 1.00000e+00
 1.00000e+00
 9.99999e-01
 7.12973e-02
 6.53300e-02
 6.54491e-02
 6.70994e-02
 6.82605e-02
 7.03788e-02
 7.30302e-02
 7.63046e-02
 8.03654e-02
 8.51762e-02
 9.09780e-02
 9.77599e-02
 1.05847e-01
 1.15249e-01
 1.26419e-01
 1.39416e-01
 1.54848e-01
 1.72907e-01
 1.94391e-01
 2.19764e-01
 2.50079e-01
 2.86307e-01
 3.29998e-01
 3.82949e-01
 4.47608e-01
 5.27263e-01
 6.26812e-01
 7.53610e-01
 9.18224e-01
 1.13458e+00
 1.41929e+00
 1.78821e+00
 2.24806e+00
 2.77551e+00
 3.28782e+00
 3.63379e+00
 3.57667e+00
 2.96945e+00
 2.02131e+00
 1.29911e+00
 1.05030e+00
 1.00674e+00
 1.00071e+00
 1.00001e+00
 1.00000e+00
 1.00000e+00
 1.00000e+00
 1.00000e+00
 1.00000e+00
 1.00000e+00
 1.00000e+00
 1.00000e+00
 1.00000e+00
 1.00000e+00
 1.00000e+00
 1.00000e+00
 1.00000e+00
 1.00000e+00
 1.00000e+00
 9.99999e-01
 8.23418e-02
 7.67566e-02
 7.69025e-02
 7.87322e-02
 8.01446e-02
 8.26143e-02
 8.56369e-02
 8.94525e-02
 9.40435e-02
 9.96223e-02
 1.06172e-01
 1.14017e-01
 1.23146e-01
 1.34004e-01
 1.46631e-01
 1.61612e-01
 1.79115e-01
 1.99894e-01
 2.24372e-01
 2.53532e-01
 2.88265e-01
 3.29998e-01
 3.80366e-01
 4.41590e-01
 5.16611e-01
 6.09721e-01
 7.27336e-01
 8.78789e-01
 1.07668e+00
 1.33662e+00
 1.67503e+00
 2.10289e+00
 2.61131e+00
 3.14340e+00
 3.56788e+00
 3.72569e+00
 3.29097e+00
 2.43668e+00
 1.54321e+00
 1.11512e+00
 1.01668e+00
 1.00220e+00
 1.00015e+00
 1.00000e+00
 1.00000e+00
 1.00000e+00
 1.00000e+00
 1.00000e+00
 1.00000e+00
 1.00000e+00
 1.00000e+00
 1.00000e+00
 1.00000e+00
 1.00000e+00
 1.00000e+00
 1.00000e+00
 1.00000e+00
 1.00000e+00
 1.00000e+00
 9.99999e-01
 9.55449e-02
 9.03448e-02
 9.05960e-02
 9.25719e-02
 9.43610e-02
 9.71661e-02
 1.00738e-01
 1.05084e-01
 1.10458e-01
 1.16799e-01
 1.24441e-01
 1.33357e-01
 1.43981e-01
 1.56342e-01
 1.71002e-01
 1.88116e-01
 2.08394e-01
 2.32235e-01
 2.60564e-01
 2.94212e-01
 3.34506e-01
 3.82949e-01
 4.41590e-01
 5.13109e-01
 6.01367e-01
 7.12072e-01
 8.53538e-01
 1.03716e+00
 1.27740e+00
 1.59046e+00
 1.98938e+00
 2.47391e+00
 3.00660e+00
 3.48519e+00
 3.75861e+00
 3.52780e+00
 2.81520e+00
 1.84860e+00
 1.22656e+00
 1.03745e+00
 1.00534e+00
 1.00056e+00
 1.00001e+00
 1.00000e+00
 1.00000e+00
 1.00000e+00
 1.00000e+00
 1.00000e+00
 1.00000e+00
 1.00000e+00
 1.00000e+00
 1.00000e+00
 1.00000e+00
 1.00000e+00
 1.00000e+00
 1.00000e+00
 1.00000e+00
 1.00000e+00
 1.00000e+00
 9.99999e-01
 1.11377e-01
 1.06616e-01
 1.06963e-01
 1.09191e-01
 1.11338e-01
 1.14658e-01
 1.18763e-01
 1.23904e-01
 1.30055e-01
 1.37517e-01
 1.46266e-01
 1.56721e-01
 1.68908e-01
 1.83363e-01
 2.00238e-01
 2.20202e-01
 2.43645e-01
 2.71436e-01
 3.04373e-01
 3.43691e-01
 3.90800e-01
 4.47608e-01
 5.16611e-01
 6.01367e-01
 7.07065e-01
 8.41217e-01
 1.01417e+00
 1.23926e+00
 1.53199e+00
 1.90624e+00
 2.36646e+00
 2.88903e+00
 3.39435e+00
 3.73645e+00
 3.69979e+00
 3.11953e+00
 2.17447e+00
 1.38674e+00
 1.07560e+00
 1.01137e+00
 1.00151e+00
 1.00008e+00
 1.00000e+00
 1.00000e+00
 1.00000e+00
 1.00000e+00
 1.00000e+00
 1.00000e+00
 1.00000e+00
 1.00000e+00
 1.00000e+00
 1.00000e+00
 1.00000e+00
 1.00000e+00
 1.00000e+00
 1.00000e+00
 1.00000e+00
 1.00000e+00
 1.00000e+00
 9.99999e-01
 1.30466e-01
 1.26144e-01
 1.26685e-01
 1.29133e-01
 1.31815e-01
 1.35639e-01
 1.40540e-01
 1.46475e-01
 1.53770e-01
 1.62386e-01
 1.72722e-01
 1.84816e-01
 1.99169e-01
 2.15943e-01
 2.35766e-01
 2.59033e-01
 2.86565e-01
 3.19137e-01
 3.57910e-01
 4.04222e-01
 4.59883e-01
 5.27263e-01
 6.09721e-01
 7.12072e-01
 8.41217e-01
 1.00663e+00
 1.22060e+00
 1.49772e+00
 1.85189e+00
 2.28995e+00
 2.79728e+00
 3.31138e+00
 3.70058e+00
 3.81217e+00
 3.34703e+00
 2.48024e+00
 1.58290e+00
 1.13509e+00
 1.02197e+00
 1.00330e+00
 1.00030e+00
 1.00000e+00
 1.00000e+00
 1.00000e+00
 1.00000e+00
 1.00000e+00
 1.00000e+00
 1.00000e+00
 1.00000e+00
 1.00000e+00
 1.00000e+00
 1.00000e+00
 1.00000e+00
 1.00000e+00
 1.00000e+00
 1.00000e+00
 1.00000e+00
 1.00000e+00
 1.00000e+00
 9.99999e-01
 1.53575e-01
 1.49753e-01
 1.50477e-01
 1.53295e-01
 1.56502e-01
 1.61085e-01
 1.66794e-01
 1.73892e-01
 1.82390e-01
 1.92644e-01
 2.04708e-01
 2.19049e-01
 2.35851e-01
 2.55700e-01
 2.79008e-01
 3.06549e-01
 3.39085e-01
 3.77721e-01
 4.23749e-01
 4.78917e-01
 5.45528e-01
 6.26812e-01
 7.27336e-01
 8.53538e-01
 1.01417e+00
 1.22060e+00
 1.48642e+00
 1.82506e+00
 2.24430e+00
 2.73486e+00
 3.24651e+00
 3.66707e+00
 3.85716e+00
 3.51030e+00
 2.73899e+00
 1.79118e+00
 1.21468e+00
 1.03862e+00
 1.00615e+00
 1.00075e+00
 1.00002e+00
 1.00000e+00
 1.00000e+00
 1.00000e+00
 1.00000e+00
 1.00000e+00
 1.00000e+00
 1.00000e+00
 1.00000e+00
 1.00000e+00
 1.00000e+00
 1.00000e+00
 1.00000e+00
 1.00000e+00
 1.00000e+00
 1.00000e+00
 1.00000e+00
 1.00000e+00
 1.00000e+00
 9.99999e-01
 1.81719e-01
 1.78400e-01
 1.79422e-01
 1.82607e-01
 1.86570e-01
 1.91950e-01
 1.98820e-01
 2.07175e-01
 2.17356e-01
 2.29441e-01
 2.43850e-01
 2.60803e-01
 2.80841e-01
 3.04399e-01
 3.32210e-01
 3.65034e-01
 4.03934e-01
 4.50191e-01
 5.05528e-01
 5.72225e-01
 6.53452e-01
 7.53610e-01
 8.78789e-01
 1.03716e+00
 1.23926e+00
 1.49772e+00
 1.82506e+00
 2.22914e+00
 2.70335e+00
 3.20560e+00
 3.63859e+00
 3.87248e+00
 3.62302e+00
 2.93948e+00
 1.98590e+00
 1.30671e+00
 1.06156e+00
 1.01027e+00
 1.00149e+00
 1.00009e+00
 1.00000e+00
 1.00000e+00
 1.00000e+00
 1.00000e+00
 1.00000e+00
 1.00000e+00
 1.00000e+00
 1.00000e+00
 1.00000e+00
 1.00000e+00
 1.00000e+00
 1.00000e+00
 1.00000e+00
 1.00000e+00
 1.00000e+00
 1.00000e+00
 1.00000e+00
 1.00000e+00
 1.00000e+00
 9.99999e-01
 2.16178e-01
 2.13432e-01
 2.14758e-01
 2.18507e-01
 2.23275e-01
 2.29781e-01
 2.37950e-01
 2.48033e-01
 2.60162e-01
 2.74707e-01
 2.91921e-01
 3.12304e-01
 3.36316e-01
 3.64655e-01
 3.98095e-01
 4.37685e-01
 4.84719e-01
 5.40933e-01
 6.08629e-01
 6.90956e-01
 7.92214e-01
 9.18224e-01
 1.07668e+00
 1.27740e+00
 1.53199e+00
 1.85189e+00
 2.24430e+00
 2.70335e+00
 3.19166e+00
 3.62253e+00
 3.87538e+00
 3.69280e+00
 3.07951e+00
 2.14645e+00
 1.39854e+00
 1.08862e+00
 1.01558e+00
 1.00253e+00
 1.00023e+00
 1.00000e+00
 1.00000e+00
 1.00000e+00
 1.00000e+00
 1.00000e+00
 1.00000e+00
 1.00000e+00
 1.00000e+00
 1.00000e+00
 1.00000e+00
 1.00000e+00
 1.00000e+00
 1.00000e+00
 1.00000e+00
 1.00000e+00
 1.00000e+00
 1.00000e+00
 1.00000e+00
 1.00000e+00
 1.00000e+00
 9.99999e-01
 2.58667e-01
 2.56523e-01
 2.58277e-01
 2.62670e-01
 2.68530e-01
 2.76354e-01
 2.86280e-01
 2.98433e-01
 3.13149e-01
 3.30709e-01
 3.51579e-01
 3.76243e-01
 4.05386e-01
 4.39806e-01
 4.80565e-01
 5.29002e-01
 5.86896e-01
 6.56598e-01
 7.41268e-01
 8.45136e-01
 9.73809e-01
 1.13458e+00
 1.33662e+00
 1.59046e+00
 1.90624e+00
 2.28995e+00
 2.73486e+00
 3.20560e+00
 3.62253e+00
 3.87531e+00
 3.72638e+00
 3.16142e+00
 2.25933e+00
 1.47638e+00
 1.11571e+00
 1.02158e+00
 1.00377e+00
 1.00043e+00
 1.00000e+00
 1.00000e+00
 1.00000e+00
 1.00000e+00
 1.00000e+00
 1.00000e+00
 1.00000e+00
 1.00000e+00
 1.00000e+00
 1.00000e+00
 1.00000e+00
 1.00000e+00
 1.00000e+00
 1.00000e+00
 1.00000e+00
 1.00000e+00
 1.00000e+00
 1.00000e+00
 1.00000e+00
 1.00000e+00
 1.00000e+00
 9.99999e-01
 3.11466e-01
 3.10010e-01
 3.12255e-01
 3.17533e-01
 3.24702e-01
 3.34280e-01
 3.46373e-01
 3.61244e-01
 3.79201e-01
 4.00692e-01
 4.26226e-01
 4.56490e-01
 4.92326e-01
 5.34833e-01
 5.85416e-01
 6.45917e-01
 7.18750e-01
 8.07098e-01
 9.15138e-01
 1.04830e+00
 1.21351e+00
 1.41929e+00
 1.67503e+00
 1.98938e+00
 2.36646e+00
 2.79728e+00
 3.24651e+00
 3.63859e+00
 3.87538e+00
 3.72638e+00
 3.18840e+00
 2.31728e+00
 1.52817e+00
 1.13775e+00
 1.02720e+00
 1.00502e+00
 1.00067e+00
 1.00001e+00
 1.00000e+00
 1.00000e+00
 1.00000e+00
 1.00000e+00
 1.00000e+00
 1.00000e+00
 1.00000e+00
 1.00000e+00
 1.00000e+00
 1.00000e+00
 1.00000e+00
 1.00000e+00
 1.00000e+00
 1.00000e+00
 1.00000e+00
 1.00000e+00
 1.00000e+00
 1.00000e+00
 1.00000e+00
 1.00000e+00
 1.00000e+00
 9.99999e-01
 3.77648e-01
 3.76966e-01
 3.79843e-01
 3.86248e-01
 3.95134e-01
 4.06946e-01
 4.21897e-01
 4.40277e-01
 4.62528e-01
 4.89188e-01
 5.20966e-01
 5.58754e-01
 6.03707e-01
 6.57304e-01
 7.21459e-01
 7.98649e-01
 8.92078e-01
 1.00587e+00
 1.14530e+00
 1.31694e+00
 1.52851e+00
 1.78821e+00
 2.10289e+00
 2.47391e+00
 2.88903e+00
 3.31138e+00
 3.66707e+00
 3.87248e+00
 3.69280e+00
 3.16142e+00
 2.31728e+00
 1.54636e+00
 1.15013e+00
 1.03129e+00
 1.00606e+00
 1.00091e+00
 1.00004e+00
 1.00000e+00
 1.00000e+00
 1.00000e+00
 1.00000e+00
 1.00000e+00
 1.00000e+00
 1.00000e+00
 1.00000e+00
 1.00000e+00
 1.00000e+00
 1.00000e+00
 1.00000e+00
 1.00000e+00
 1.00000e+00
 1.00000e+00
 1.00000e+00
 1.00000e+00
 1.00000e+00
 1.00000e+00
 1.00000e+00
 1.00000e+00
 1.00000e+00
 9.99999e-01
 4.61576e-01
 4.61816e-01
 4.65486e-01
 4.73444e-01
 4.84595e-01
 4.99420e-01
 5.18194e-01
 5.41336e-01
 5.69406e-01
 6.03148e-01
 6.43502e-01
 6.91684e-01
 7.49244e-01
 8.18162e-01
 9.00967e-01
 1.00087e+00
 1.12195e+00
 1.26931e+00
 1.44900e+00
 1.66787e+00
 1.93277e+00
 2.24806e+00
 2.61131e+00
 3.00660e+00
 3.39435e+00
 3.70058e+00
 3.85716e+00
 3.62302e+00
 3.07951e+00
 2.25933e+00
 1.52817e+00
 1.15013e+00
 1.03276e+00
 1.00665e+00
 1.00108e+00
 1.00006e+00
 1.00000e+00
 1.00000e+00
 1.00000e+00
 1.00000e+00
 1.00000e+00
 1.00000e+00
 1.00000e+00
 1.00000e+00
 1.00000e+00
 1.00000e+00
 1.00000e+00
 1.00000e+00
 1.00000e+00
 1.00000e+00
 1.00000e+00
 1.00000e+00
 1.00000e+00
 1.00000e+00
 1.00000e+00
 1.00000e+00
 1.00000e+00
 1.00000e+00
 1.00000e+00
 9.99999e-01
 5.69851e-01
 5.71194e-01
 5.75979e-01
 5.86082e-01
 6.00336e-01
 6.19291e-01
 6.43334e-01
 6.73030e-01
 7.09139e-01
 7.52646e-01
 8.04814e-01
 8.67248e-01
 9.41982e-01
 1.03158e+00
 1.13924e+00
 1.26897e+00
 1.42546e+00
 1.61424e+00
 1.84117e+00
 2.11089e+00
 2.42446e+00
 2.77551e+00
 3.14340e+00
 3.48519e+00
 3.73645e+00
 3.81217e+00
 3.51030e+00
 2.93948e+00
 2.14645e+00
 1.47638e+00
 1.13775e+00
 1.03129e+00
 1.00665e+00
 1.00115e+00
 1.00008e+00
 1.00000e+00
 1.00000e+00
 1.00000e+00
 1.00000e+00
 1.00000e+00
 1.00000e+00
 1.00000e+00
 1.00000e+00
 1.00000e+00
 1.00000e+00
 1.00000e+00
 1.00000e+00
 1.00000e+00
 1.00000e+00
 1.00000e+00
 1.00000e+00
 1.00000e+00
 1.00000e+00
 1.00000e+00
 1.00000e+00
 1.00000e+00
 1.00000e+00
 1.00000e+00
 1.00000e+00
 9.99999e-01
 7.12019e-01
 7.14692e-01
 7.21092e-01
 7.34124e-01
 7.52610e-01
 7.77216e-01
 8.08457e-01
 8.47093e-01
 8.94118e-01
 9.50822e-01
 1.01884e+00
 1.10023e+00
 1.19755e+00
 1.31389e+00
 1.45298e+00
 1.61921e+00
 1.81725e+00
 2.05098e+00
 2.32222e+00
 2.62864e+00
 2.95904e+00
 3.28782e+00
 3.56788e+00
 3.75861e+00
 3.69979e+00
 3.34703e+00
 2.73899e+00
 1.98590e+00
 1.39854e+00
 1.11571e+00
 1.02720e+00
 1.00606e+00
 1.00108e+00
 1.00008e+00
 1.00000e+00
 1.00000e+00
 1.00000e+00
 1.00000e+00
 1.00000e+00
 1.00000e+00
 1.00000e+00
 1.00000e+00
 1.00000e+00
 1.00000e+00
 1.00000e+00
 1.00000e+00
 1.00000e+00
 1.00000e+00
 1.00000e+00
 1.00000e+00
 1.00000e+00
 1.00000e+00
 1.00000e+00
 1.00000e+00
 1.00000e+00
 1.00000e+00
 1.00000e+00
 1.00000e+00
 1.00000e+00
 9.99999e-01
 9.00441e-01
 9.04745e-01
 9.13352e-01
 9.30266e-01
 9.54377e-01
 9.86505e-01
 1.02730e+00
 1.07775e+00
 1.13909e+00
 1.21293e+00
 1.30126e+00
 1.40653e+00
 1.53173e+00
 1.68023e+00
 1.85537e+00
 2.05998e+00
 2.29577e+00
 2.56187e+00
 2.85130e+00
 3.14760e+00
 3.42052e+00
 3.63379e+00
 3.72569e+00
 3.52780e+00
 3.11953e+00
 2.48024e+00
 1.79118e+00
 1.30671e+00
 1.08862e+00
 1.02158e+00
 1.00502e+00
 1.00091e+00
 1.00006e+00
 1.00000e+00
 1.00000e+00
 1.00000e+00
 1.00000e+00
 1.00000e+00
 1.00000e+00
 1.00000e+00
 1.00000e+00
 1.00000e+00
 1.00000e+00
 1.00000e+00
 1.00000e+00
 1.00000e+00
 1.00000e+00
 1.00000e+00
 1.00000e+00
 1.00000e+00
 1.00000e+00
 1.00000e+00
 1.00000e+00
 1.00000e+00
 1.00000e+00
 1.00000e+00
 1.00000e+00
 1.00000e+00
 1.00000e+00
 9.99999e-01
 1.14933e+00
 1.15561e+00
 1.16702e+00
 1.18883e+00
 1.22007e+00
 1.26172e+00
 1.31456e+00
 1.37977e+00
 1.45885e+00
 1.55362e+00
 1.66622e+00
 1.79889e+00
 1.95385e+00
 2.13315e+00
 2.33813e+00
 2.56777e+00
 2.81661e+00
 3.07333e+00
 3.31707e+00
 3.51885e+00
 3.65331e+00
 3.57667e+00
 3.29097e+00
 2.81520e+00
 2.17447e+00
 1.58290e+00
 1.21468e+00
 1.06156e+00
 1.01558e+00
 1.00377e+00
 1.00067e+00
 1.00004e+00
 1.00000e+00
 1.00000e+00
 1.00000e+00
 1.00000e+00
 1.00000e+00
 1.00000e+00
 1.00000e+00
 1.00000e+00
 1.00000e+00
 1.00000e+00
 1.00000e+00
 1.00000e+00
 1.00000e+00
 1.00000e+00
 1.00000e+00
 1.00000e+00
 1.00000e+00
 1.00000e+00
 1.00000e+00
 1.00000e+00
 1.00000e+00
 1.00000e+00
 1.00000e+00
 1.00000e+00
 1.00000e+00
 1.00000e+00
 1.00000e+00
 9.99999e-01
 1.47218e+00
 1.48077e+00
 1.49550e+00
 1.52316e+00
 1.56297e+00
 1.61597e+00
 1.68283e+00
 1.76461e+00
 1.86255e+00
 1.97812e+00
 2.11284e+00
 2.26791e+00
 2.44344e+00
 2.63759e+00
 2.84577e+00
 3.05954e+00
 3.26315e+00
 3.43815e+00
 3.56672e+00
 3.54542e+00
 3.33051e+00
 2.96945e+00
 2.43668e+00
 1.84860e+00
 1.38674e+00
 1.13509e+00
 1.03862e+00
 1.01027e+00
 1.00253e+00
 1.00043e+00
 1.00001e+00
 1.00000e+00
 1.00000e+00
 1.00000e+00
 1.00000e+00
 1.00000e+00
 1.00000e+00
 1.00000e+00
 1.00000e+00
 1.00000e+00
 1.00000e+00
 1.00000e+00
 1.00000e+00
 1.00000e+00
 1.00000e+00
 1.00000e+00
 1.00000e+00
 1.00000e+00
 1.00000e+00
 1.00000e+00
 1.00000e+00
 1.00000e+00
 1.00000e+00
 1.00000e+00
 1.00000e+00
 1.00000e+00
 1.00000e+00
 1.00000e+00
 1.00000e+00
 9.99999e-01
 1.87424e+00
 1.88498e+00
 1.90258e+00
 1.93562e+00
 1.98328e+00
 2.04635e+00
 2.12508e+00
 2.21997e+00
 2.33130e+00
 2.45896e+00
 2.60204e+00
 2.75845e+00
 2.92429e+00
 3.09167e+00
 3.24842e+00
 3.39153e+00
 3.48548e+00
 3.45771e+00
 3.27907e+00
 2.98401e+00
 2.54974e+00
 2.02131e+00
 1.54321e+00
 1.22656e+00
 1.07560e+00
 1.02197e+00
 1.00615e+00
 1.00149e+00
 1.00023e+00
 1.00000e+00
 1.00000e+00
 1.00000e+00
 1.00000e+00
 1.00000e+00
 1.00000e+00
 1.00000e+00
 1.00000e+00
 1.00000e+00
 1.00000e+00
 1.00000e+00
 1.00000e+00
 1.00000e+00
 1.00000e+00
 1.00000e+00
 1.00000e+00
 1.00000e+00
 1.00000e+00
 1.00000e+00
 1.00000e+00
 1.00000e+00
 1.00000e+00
 1.00000e+00
 1.00000e+00
 1.00000e+00
 1.00000e+00
 1.00000e+00
 1.00000e+00
 1.00000e+00
 1.00000e+00
 9.99999e-01
 2.33076e+00
 2.34268e+00
 2.36122e+00
 2.39657e+00
 2.44727e+00
 2.51332e+00
 2.59378e+00
 2.68774e+00
 2.79364e+00
 2.90848e+00
 3.02777e+00
 3.14469e+00
 3.25953e+00
 3.35583e+00
 3.39403e+00
 3.32048e+00
 3.15565e+00
 2.89764e+00
 2.52785e+00
 2.06987e+00
 1.62802e+00
 1.29911e+00
 1.11512e+00
 1.03745e+00
 1.01137e+00
 1.00330e+00
 1.00075e+00
 1.00009e+00
 1.00000e+00
 1.00000e+00
 1.00000e+00
 1.00000e+00
 1.00000e+00
 1.00000e+00
 1.00000e+00
 1.00000e+00
 1.00000e+00
 1.00000e+00
 1.00000e+00
 1.00000e+00
 1.00000e+00
 1.00000e+00
 1.00000e+00
 1.00000e+00
 1.00000e+00
 1.00000e+00
 1.00000e+00
 1.00000e+00
 1.00000e+00
 1.00000e+00
 1.00000e+00
 1.00000e+00
 1.00000e+00
 1.00000e+00
 1.00000e+00
 1.00000e+00
 1.00000e+00
 1.00000e+00
 1.00000e+00
 9.99999e-01
 2.76090e+00
 2.77170e+00
 2.78681e+00
 2.81721e+00
 2.86022e+00
 2.91458e+00
 2.97744e+00
 3.04563e+00
 3.12128e+00
 3.19805e+00
 3.25638e+00
 3.28034e+00
 3.23635e+00
 3.12742e+00
 2.95974e+00
 2.72183e+00
 2.38883e+00
 1.99777e+00
 1.61845e+00
 1.32125e+00
 1.13815e+00
 1.05030e+00
 1.01668e+00
 1.00534e+00
 1.00151e+00
 1.00030e+00
 1.00002e+00
 1.00000e+00
 1.00000e+00
 1.00000e+00
 1.00000e+00
 1.00000e+00
 1.00000e+00
 1.00000e+00
 1.00000e+00
 1.00000e+00
 1.00000e+00
 1.00000e+00
 1.00000e+00
 1.00000e+00
 1.00000e+00
 1.00000e+00
 1.00000e+00
 1.00000e+00
 1.00000e+00
 1.00000e+00
 1.00000e+00
 1.00000e+00
 1.00000e+00
 1.00000e+00
 1.00000e+00
 1.00000e+00
 1.00000e+00
 1.00000e+00
 1.00000e+00
 1.00000e+00
 1.00000e+00
 1.00000e+00
 1.00000e+00
 9.99999e-01
 3.04624e+00
 3.05346e+00
 3.06069e+00
 3.07798e+00
 3.10047e+00
 3.12443e+00
 3.14351e+00
 3.14964e+00
 3.12515e+00
 3.06585e+00
 2.98002e+00
 2.85355e+00
 2.68123e+00
 2.44424e+00
 2.14594e+00
 1.82355e+00
 1.52172e+00
 1.28476e+00
 1.13225e+00
 1.05294e+00
 1.01923e+00
 1.00674e+00
 1.00220e+00
 1.00056e+00
 1.00008e+00
 1.00000e+00
 1.00000e+00
 1.00000e+00
 1.00000e+00
 1.00000e+00
 1.00000e+00
 1.00000e+00
 1.00000e+00
 1.00000e+00
 1.00000e+00
 1.00000e+00
 1.00000e+00
 1.00000e+00
 1.00000e+00
 1.00000e+00
 1.00000e+00
 1.00000e+00
 1.00000e+00
 1.00000e+00
 1.00000e+00
 1.00000e+00
 1.00000e+00
 1.00000e+00
 1.00000e+00
 1.00000e+00
 1.00000e+00
 1.00000e+00
 1.00000e+00
 1.00000e+00
 1.00000e+00
 1.00000e+00
 1.00000e+00
 1.00000e+00
 1.00000e+00
 9.99999e-01
 2.95231e+00
 2.94783e+00
 2.93245e+00
 2.91316e+00
 2.88558e+00
 2.84598e+00
 2.78909e+00
 2.71042e+00
 2.60669e+00
 2.46831e+00
 2.28378e+00
 2.06342e+00
 1.82163e+00
 1.58055e+00
 1.36798e+00
 1.20574e+00
 1.10054e+00
 1.04343e+00
 1.01731e+00
 1.00665e+00
 1.00241e+00
 1.00071e+00
 1.00015e+00
 1.00001e+00
 1.00000e+00
 1.00000e+00
 1.00000e+00
 1.00000e+00
 1.00000e+00
 1.00000e+00
 1.00000e+00
 1.00000e+00
 1.00000e+00
 1.00000e+00
 1.00000e+00
 1.00000e+00
 1.00000e+00
 1.00000e+00
 1.00000e+00
 1.00000e+00
 1.00000e+00
 1.00000e+00
 1.00000e+00
 1.00000e+00
 1.00000e+00
 1.00000e+00
 1.00000e+00
 1.00000e+00
 1.00000e+00
 1.00000e+00
 1.00000e+00
 1.00000e+00
 1.00000e+00
 1.00000e+00
 1.00000e+00
 1.00000e+00
 1.00000e+00
 1.00000e+00
 1.00000e+00
 9.99999e-01
 2.40411e+00
 2.39209e+00
 2.36266e+00
 2.31868e+00
 2.25539e+00
 2.17104e+00
 2.06463e+00
 1.93657e+00
 1.78995e+00
 1.63156e+00
 1.47252e+00
 1.32638e+00
 1.20529e+00
 1.11620e+00
 1.05916e+00
 1.02742e+00
 1.01205e+00
 1.00510e+00
 1.00202e+00
 1.00066e+00
 1.00016e+00
 1.00001e+00
 1.00000e+00
 1.00000e+00
 1.00000e+00
 1.00000e+00
 1.00000e+00
 1.00000e+00
 1.00000e+00
 1.00000e+00
 1.00000e+00
 1.00000e+00
 1.00000e+00
 1.00000e+00
 1.00000e+00
 1.00000e+00
 1.00000e+00
 1.00000e+00
 1.00000e+00
 1.00000e+00
 1.00000e+00
 1.00000e+00
 1.00000e+00
 1.00000e+00
 1.00000e+00
 1.00000e+00
 1.00000e+00
 1.00000e+00
 1.00000e+00
 1.00000e+00
 1.00000e+00
 1.00000e+00
 1.00000e+00
 1.00000e+00
 1.00000e+00
 1.00000e+00
 1.00000e+00
 1.00000e+00
 1.00000e+00
 9.99999e-01
 1.61105e+00
 1.59797e+00
 1.56977e+00
 1.52837e+00
 1.47409e+00
 1.40924e+00
 1.33746e+00
 1.26370e+00
 1.19346e+00
 1.13198e+00
 1.08317e+00
 1.04828e+00
 1.02594e+00
 1.01320e+00
 1.00644e+00
 1.00300e+00
 1.00127e+00
 1.00044e+00
 1.00011e+00
 1.00001e+00
 1.00000e+00
 1.00000e+00
 1.00000e+00
 1.00000e+00
 1.00000e+00
 1.00000e+00
 1.00000e+00
 1.00000e+00
 1.00000e+00
 1.00000e+00
 1.00000e+00
 1.00000e+00
 1.00000e+00
 1.00000e+00
 1.00000e+00
 1.00000e+00
 1.00000e+00
 1.00000e+00
 1.00000e+00
 1.00000e+00
 1.00000e+00
 1.00000e+00
 1.00000e+00
 1.00000e+00
 1.00000e+00
 1.00000e+00
 1.00000e+00
 1.00000e+00
 1.00000e+00
 1.00000e+00
 1.00000e+00
 1.00000e+00
 1.00000e+00
 1.00000e+00
 1.00000e+00
 1.00000e+00
 1.00000e+00
 1.00000e+00
 1.00000e+00
 9.99999e-01
 1.12526e+00
 1.12064e+00
 1.11126e+00
 1.09817e+00
 1.08238e+00
 1.06544e+00
 1.04898e+00
 1.03444e+00
 1.02276e+00
 1.01425e+00
 1.00849e+00
 1.00483e+00
 1.00261e+00
 1.00130e+00
 1.00055e+00
 1.00019e+00
 1.00005e+00
 1.00000e+00
 1.00000e+00
 1.00000e+00
 1.00000e+00
 1.00000e+00
 1.00000e+00
 1.00000e+00
 1.00000e+00
 1.00000e+00
 1.00000e+00
 1.00000e+00
 1.00000e+00
 1.00000e+00
 1.00000e+00
 1.00000e+00
 1.00000e+00
 1.00000e+00
 1.00000e+00
 1.00000e+00
 1.00000e+00
 1.00000e+00
 1.00000e+00
 1.00000e+00
 1.00000e+00
 1.00000e+00
 1.00000e+00
 1.00000e+00
 1.00000e+00
 1.00000e+00
 1.00000e+00
 1.00000e+00
 1.00000e+00
 1.00000e+00
 1.00000e+00
 1.00000e+00
 1.00000e+00
 1.00000e+00
 1.00000e+00
 1.00000e+00
 1.00000e+00
 1.00000e+00
 1.00000e+00
 9.99999e-01
 1.01252e+00
 1.01197e+00
 1.01087e+00
 1.00941e+00
 1.00773e+00
 1.00603e+00
 1.00447e+00
 1.00313e+00
 1.00208e+00
 1.00129e+00
 1.00072e+00
 1.00035e+00
 1.00014e+00
 1.00004e+00
 1.00001e+00
 1.00000e+00
 1.00000e+00
 1.00000e+00
 1.00000e+00
 1.00000e+00
 1.00000e+00
 1.00000e+00
 1.00000e+00
 1.00000e+00
 1.00000e+00
 1.00000e+00
 1.00000e+00
 1.00000e+00
 1.00000e+00
 1.00000e+00
 1.00000e+00
 1.00000e+00
 1.00000e+00
 1.00000e+00
 1.00000e+00
 1.00000e+00
 1.00000e+00
 1.00000e+00
 1.00000e+00
 1.00000e+00
 1.00000e+00
 1.00000e+00
 1.00000e+00
 1.00000e+00
 1.00000e+00
 1.00000e+00
 1.00000e+00
 1.00000e+00
 1.00000e+00
 1.00000e+00
 1.00000e+00
 1.00000e+00
 1.00000e+00
 1.00000e+00
 1.00000e+00
 1.00000e+00
 1.00000e+00
 1.00000e+00
 1.00000e+00
 9.99999e-01
 1.00102e+00
 1.00098e+00
 1.00088e+00
 1.00075e+00
 1.00059e+00
 1.00044e+00
 1.00029e+00
 1.00017e+00
 1.00009e+00
 1.00004e+00
 1.00001e+00
 1.00000e+00
 1.00000e+00
 1.00000e+00
 1.00000e+00
 1.00000e+00
 1.00000e+00
 1.00000e+00
 1.00000e+00
 1.00000e+00
 1.00000e+00
 1.00000e+00
 1.00000e+00
 1.00000e+00
 1.00000e+00
 1.00000e+00
 1.00000e+00
 1.00000e+00
 1.00000e+00
 1.00000e+00
 1.00000e+00
 1.00000e+00
 1.00000e+00
 1.00000e+00
 1.00000e+00
 1.00000e+00
 1.00000e+00
 1.00000e+00
 1.00000e+00
 1.00000e+00
 1.00000e+00
 1.00000e+00
 1.00000e+00
 1.00000e+00
 1.00000e+00
 1.00000e+00
 1.00000e+00
 1.00000e+00
 1.00000e+00
 1.00000e+00
 1.00000e+00
 1.00000e+00
 1.00000e+00
 1.00000e+00
 1.00000e+00
 1.00000e+00
 1.00000e+00
 1.00000e+00
 1.00000e+00
 9.99999e-01
 1.00002e+00
 1.00002e+00
 1.00001e+00
 1.00001e+00
 1.00000e+00
 1.00000e+00
 1.00000e+00
 1.00000e+00
 1.00000e+00
 1.00000e+00
 1.00000e+00
 1.00000e+00
 1.00000e+00
 1.00000e+00
 1.00000e+00
 1.00000e+00
 1.00000e+00
 1.00000e+00
 1.00000e+00
 1.00000e+00
 1.00000e+00
 1.00000e+00
 1.00000e+00
 1.00000e+00
 1.00000e+00
 1.00000e+00
 1.00000e+00
 1.00000e+00
 1.00000e+00
 1.00000e+00
 1.00000e+00
 1.00000e+00
 1.00000e+00
 1.00000e+00
 1.00000e+00
 1.00000e+00
 1.00000e+00
 1.00000e+00
 1.00000e+00
 1.00000e+00
 1.00000e+00
 1.00000e+00
 1.00000e+00
 1.00000e+00
 1.00000e+00
 1.00000e+00
 1.00000e+00
 1.00000e+00
 1.00000e+00
 1.00000e+00
 1.00000e+00
 1.00000e+00
 1.00000e+00
 1.00000e+00
 1.00000e+00
 1.00000e+00
 1.00000e+00
 1.00000e+00
 1.00000e+00
 9.99999e-01
 1.00000e+00
 1.00000e+00
 1.00000e+00
 1.00000e+00
 1.00000e+00
 1.00000e+00
 1.00000e+00
 1.00000e+00
 1.00000e+00
 1.00000e+00
 1.00000e+00
 1.00000e+00
 1.00000e+00
 1.00000e+00
 1.00000e+00
 1.00000e+00
 1.00000e+00
 1.00000e+00
 1.00000e+00
 1.00000e+00
 1.00000e+00
 1.00000e+00
 1.00000e+00
 1.00000e+00
 1.00000e+00
 1.00000e+00
 1.00000e+00
 1.00000e+00
 1.00000e+00
 1.00000e+00
 1.00000e+00
 1.00000e+00
 1.00000e+00
 1.00000e+00
 1.00000e+00
 1.00000e+00
 1.00000e+00
 1.00000e+00
 1.00000e+00
 1.00000e+00
 1.00000e+00
 1.00000e+00
 1.00000e+00
 1.00000e+00
 1.00000e+00
 1.00000e+00
 1.00000e+00
 1.00000e+00
 1.00000e+00
 1.00000e+00
 1.00000e+00
 1.00000e+00
 1.00000e+00
 1.00000e+00
 1.00000e+00
 1.00000e+00
 1.00000e+00
 1.00000e+00
 1.00000e+00
 9.99999e-01
 1.00000e+00
 1.00000e+00
 1.00000e+00
 1.00000e+00
 1.00000e+00
 1.00000e+00
 1.00000e+00
 1.00000e+00
 1.00000e+00
 1.00000e+00
 1.00000e+00
 1.00000e+00
 1.00000e+00
 1.00000e+00
 1.00000e+00
 1.00000e+00
 1.00000e+00
 1.00000e+00
 1.00000e+00
 1.00000e+00
 1.00000e+00
 1.00000e+00
 1.00000e+00
 1.00000e+00
 1.00000e+00
 1.00000e+00
 1.00000e+00
 1.00000e+00
 1.00000e+00
 1.00000e+00
 1.00000e+00
 1.00000e+00
 1.00000e+00
 1.00000e+00
 1.00000e+00
 1.00000e+00
 1.00000e+00
 1.00000e+00
 1.00000e+00
 1.00000e+00
 1.00000e+00
 1.00000e+00
 1.00000e+00
 1.00000e+00
 1.00000e+00
 1.00000e+00
 1.00000e+00
 1.00000e+00
 1.00000e+00
 1.00000e+00
 1.00000e+00
 1.00000e+00
 1.00000e+00
 1.00000e+00
 1.00000e+00
 1.00000e+00
 1.00000e+00
 1.00000e+00
 1.00000e+00
 9.99999e-01
 1.00000e+00
 1.00000e+00
 1.00000e+00
 1.00000e+00
 1.00000e+00
 1.00000e+00
 1.00000e+00
 1.00000e+00
 1.00000e+00
 1.00000e+00
 1.00000e+00
 1.00000e+00
 1.00000e+00
 1.00000e+00
 1.00000e+00
 1.00000e+00
 1.00000e+00
 1.00000e+00
 1.00000e+00
 1.00000e+00
 1.00000e+00
 1.00000e+00
 1.00000e+00
 1.00000e+00
 1.00000e+00
 1.00000e+00
 1.00000e+00
 1.00000e+00
 1.00000e+00
 1.00000e+00
 1.00000e+00
 1.00000e+00
 1.00000e+00
 1.00000e+00
 1.00000e+00
 1.00000e+00
 1.00000e+00
 1.00000e+00
 1.00000e+00
 1.00000e+00
 1.00000e+00
 1.00000e+00
 1.00000e+00
 1.00000e+00
 1.00000e+00
 1.00000e+00
 1.00000e+00
 1.00000e+00
 1.00000e+00
 1.00000e+00
 1.00000e+00
 1.00000e+00
 1.00000e+00
 1.00000e+00
 1.00000e+00
 1.00000e+00
 1.00000e+00
 1.00000e+00
 1.00000e+00
 9.99999e-01
 1.00000e+00
 1.00000e+00
 1.00000e+00
 1.00000e+00
 1.00000e+00
 1.00000e+00
 1.00000e+00
 1.00000e+00
 1.00000e+00
 1.00000e+00
 1.00000e+00
 1.00000e+00
 1.00000e+00
 1.00000e+00
 1.00000e+00
 1.00000e+00
 1.00000e+00
 1.00000e+00
 1.00000e+00
 1.00000e+00
 1.00000e+00
 1.00000e+00
 1.00000e+00
 1.00000e+00
 1.00000e+00
 1.00000e+00
 1.00000e+00
 1.00000e+00
 1.00000e+00
 1.00000e+00
 1.00000e+00
 1.00000e+00
 1.00000e+00
 1.00000e+00
 1.00000e+00
 1.00000e+00
 1.00000e+00
 1.00000e+00
 1.00000e+00
 1.00000e+00
 1.00000e+00
 1.00000e+00
 1.00000e+00
 1.00000e+00
 1.00000e+00
 1.00000e+00
 1.00000e+00
 1.00000e+00
 1.00000e+00
 1.00000e+00
 1.00000e+00
 1.00000e+00
 1.00000e+00
 1.00000e+00
 1.00000e+00
 1.00000e+00
 1.00000e+00
 1.00000e+00
 1.00000e+00
 9.99999e-01
 1.00000e+00
 1.00000e+00
 1.00000e+00
 1.00000e+00
 1.00000e+00
 1.00000e+00
 1.00000e+00
 1.00000e+00
 1.00000e+00
 1.00000e+00
 1.00000e+00
 1.00000e+00
 1.00000e+00
 1.00000e+00
 1.00000e+00
 1.00000e+00
 1.00000e+00
 1.00000e+00
 1.00000e+00
 1.00000e+00
 1.00000e+00
 1.00000e+00
 1.00000e+00
 1.00000e+00
 1.00000e+00
 1.00000e+00
 1.00000e+00
 1.00000e+00
 1.00000e+00
 1.00000e+00
 1.00000e+00
 1.00000e+00
 1.00000e+00
 1.00000e+00
 1.00000e+00
 1.00000e+00
 1.00000e+00
 1.00000e+00
 1.00000e+00
 1.00000e+00
 1.00000e+00
 1.00000e+00
 1.00000e+00
 1.00000e+00
 1.00000e+00
 1.00000e+00
 1.00000e+00
 1.00000e+00
 1.00000e+00
 1.00000e+00
 1.00000e+00
 1.00000e+00
 1.00000e+00
 1.00000e+00
 1.00000e+00
 1.00000e+00
 1.00000e+00
 1.00000e+00
 1.00000e+00
 9.99999e-01
 1.00000e+00
 1.00000e+00
 1.00000e+00
 1.00000e+00
 1.00000e+00
 1.00000e+00
 1.00000e+00
 1.00000e+00
 1.00000e+00
 1.00000e+00
 1.00000e+00
 1.00000e+00
 1.00000e+00
 1.00000e+00
 1.00000e+00
 1.00000e+00
 1.00000e+00
 1.00000e+00
 1.00000e+00
 1.00000e+00
 1.00000e+00
 1.00000e+00
 1.00000e+00
 1.00000e+00
 1.00000e+00
 1.00000e+00
 1.00000e+00
 1.00000e+00
 1.00000e+00
 1.00000e+00
 1.00000e+00
 1.00000e+00
 1.00000e+00
 1.00000e+00
 1.00000e+00
 1.00000e+00
 1.00000e+00
 1.00000e+00
 1.00000e+00
 1.00000e+00
 1.00000e+00
 1.00000e+00
 1.00000e+00
 1.00000e+00
 1.00000e+00
 1.00000e+00
 1.00000e+00
 1.00000e+00
 1.00000e+00
 1.00000e+00
 1.00000e+00
 1.00000e+00
 1.00000e+00
 1.00000e+00
 1.00000e+00
 1.00000e+00
 1.00000e+00
 1.00000e+00
 1.00000e+00
 9.99999e-01
 1.00000e+00
 1.00000e+00
 1.00000e+00
 1.00000e+00
 1.00000e+00
 1.00000e+00
 1.00000e+00
 1.00000e+00
 1.00000e+00
 1.00000e+00
 1.00000e+00
 1.00000e+00
 1.00000e+00
 1.00000e+00
 1.00000e+00
 1.00000e+00
 1.00000e+00
 1.00000e+00
 1.00000e+00
 1.00000e+00
 1.00000e+00
 1.00000e+00
 1.00000e+00
 1.00000e+00
 1.00000e+00
 1.00000e+00
 1.00000e+00
 1.00000e+00
 1.00000e+00
 1.00000e+00
 1.00000e+00
 1.00000e+00
 1.00000e+00
 1.00000e+00
 1.00000e+00
 1.00000e+00
 1.00000e+00
 1.00000e+00
 1.00000e+00
 1.00000e+00
 1.00000e+00
 1.00000e+00
 1.00000e+00
 1.00000e+00
 1.00000e+00
 1.00000e+00
 1.00000e+00
 1.00000e+00
 1.00000e+00
 1.00000e+00
 1.00000e+00
 1.00000e+00
 1.00000e+00
 1.00000e+00
 1.00000e+00
 1.00000e+00
 1.00000e+00
 1.00000e+00
 1.00000e+00
 9.99999e-01
 1.00000e+00
 1.00000e+00
 1.00000e+00
 1.00000e+00
 1.00000e+00
 1.00000e+00
 1.00000e+00
 1.00000e+00
 1.00000e+00
 1.00000e+00
 1.00000e+00
 1.00000e+00
 1.00000e+00
 1.00000e+00
 1.00000e+00
 1.00000e+00
 1.00000e+00
 1.00000e+00
 1.00000e+00
 1.00000e+00
 1.00000e+00
 1.00000e+00
 1.00000e+00
 1.00000e+00
 1.00000e+00
 1.00000e+00
 1.00000e+00
 1.00000e+00
 1.00000e+00
 1.00000e+00
 1.00000e+00
 1.00000e+00
 1.00000e+00
 1.00000e+00
 1.00000e+00
 1.00000e+00
 1.00000e+00
 1.00000e+00
 1.00000e+00
 1.00000e+00
 1.00000e+00
 1.00000e+00
 1.00000e+00
 1.00000e+00
 1.00000e+00
 1.00000e+00
 1.00000e+00
 1.00000e+00
 1.00000e+00
 1.00000e+00
 1.00000e+00
 1.00000e+00
 1.00000e+00
 1.00000e+00
 1.00000e+00
 1.00000e+00
 1.00000e+00
 1.00000e+00
 1.00000e+00
 9.99999e-01
 1.00000e+00
 1.00000e+00
 1.00000e+00
 1.00000e+00
 1.00000e+00
 1.00000e+00
 1.00000e+00
 1.00000e+00
 1.00000e+00
 1.00000e+00
 1.00000e+00
 1.00000e+00
 1.00000e+00
 1.00000e+00
 1.00000e+00
 1.00000e+00
 1.00000e+00
 1.00000e+00
 1.00000e+00
 1.00000e+00
 1.00000e+00
 1.00000e+00
 1.00000e+00
 1.00000e+00
 1.00000e+00
 1.00000e+00
 1.00000e+00
 1.00000e+00
 1.00000e+00
 1.00000e+00
 1.00000e+00
 1.00000e+00
 1.00000e+00
 1.00000e+00
 1.00000e+00
 1.00000e+00
 1.00000e+00
 1.00000e+00
 1.00000e+00
 1.00000e+00
 1.00000e+00
 1.00000e+00
 1.00000e+00
 1.00000e+00
 1.00000e+00
 1.00000e+00
 1.00000e+00
 1.00000e+00
 1.00000e+00
 1.00000e+00
 1.00000e+00
 1.00000e+00
 1.00000e+00
 1.00000e+00
 1.00000e+00
 1.00000e+00
 1.00000e+00
 1.00000e+00
 1.00000e+00
 9.99999e-01
 1.00000e+00
 1.00000e+00
 1.00000e+00
 1.00000e+00
 1.00000e+00
 1.00000e+00
 1.00000e+00
 1.00000e+00
 1.00000e+00
 1.00000e+00
 1.00000e+00
 1.00000e+00
 1.00000e+00
 1.00000e+00
 1.00000e+00
 1.00000e+00
 1.00000e+00
 1.00000e+00
 1.00000e+00
 1.00000e+00
 1.00000e+00
 1.00000e+00
 1.00000e+00
 1.00000e+00
 1.00000e+00
 1.00000e+00
 1.00000e+00
 1.00000e+00
 1.00000e+00
 1.00000e+00
 1.00000e+00
 1.00000e+00
 1.00000e+00
 1.00000e+00
 1.00000e+00
 1.00000e+00
 1.00000e+00
 1.00000e+00
 1.00000e+00
 1.00000e+00
 1.00000e+00
 1.00000e+00
 1.00000e+00
 1.00000e+00
 1.00000e+00
 1.00000e+00
 1.00000e+00
 1.00000e+00
 1.00000e+00
 1.00000e+00
 1.00000e+00
 1.00000e+00
 1.00000e+00
 1.00000e+00
 1.00000e+00
 1.00000e+00
 1.00000e+00
 1.00000e+00
 1.00000e+00
 9.99999e-01
 9.99999e-01
 9.99999e-01
 9.99999e-01
 9.99999e-01
 9.99999e-01
 9.99999e-01
 9.99999e-01
 9.99999e-01
 9.99999e-01
 9.99999e-01
 9.99999e-01
 9.99999e-01
 9.99999e-01
 9.99999e-01
 9.99999e-01
 9.99999e-01
 9.99999e-01
 9.99999e-01
 9.99999e-01
 9.99999e-01
 9.99999e-01
 9.99999e-01
 9.99999e-01
 9.99999e-01
 9.99999e-01
 9.99999e-01
 9.99999e-01
 9.99999e-01
 9.99999e-01
 9.99999e-01
 9.99999e-01
 9.99999e-01
 9.99999e-01
 9.99999e-01
 9.99999e-01
 9.99999e-01
 9.99999e-01
 9.99999e-01
 9.99999e-01
 9.99999e-01
 9.99999e-01
 9.99999e-01
 9.99999e-01
 9.99999e-01
 9.99999e-01
 9.99999e-01
 9.99999e-01
 9.99999e-01
 9.99999e-01
 9.99999e-01
 9.99999e-01
 9.99999e-01
 9.99999e-01
 9.99999e-01
 9.99999e-01
 9.99999e-01
 9.99999e-01
 9.99999e-01
 9.99999e-01
 9.99998e-01
