Density
part
         1
quad4
 9.68424e-03
 1.76883e-02
 1.81737e-02
 2.83037e-02
 3.03103e-02
 3.91400e-02
 5.31843e-02
 6.74002e-02
 8.85649e-02
 1.15947e-01
 1.53420e-01
 2.05966e-01
 2.79532e-01
 3.90592e-01
 5.64330e-01
 8.32260e-01
 1.22016e+00
 1.68800e+00
 2.05765e+00
 2.05777e+00
 1.56461e+00
 1.14147e+00
 1.01663e+00
 1.00151e+00
 1.00006e+00
 1.00000e+00
 1.00000e+00
 1.00000e+00
 1.00000e+00
 1.00000e+00
 1.00000e+00
 1.00000e+00
 1.00000e+00
 1.00000e+00
 1.00000e+00
 1.00000e+00
 1.00000e+00
 1.00000e+00
 1.00000e+00
 1.00000e+00
 1.00000e+00
 1.00000e+00
 1.00000e+00
 1.00000e+00
 1.00000e+00
 1.00000e+00
 1.00000e+00
 1.00000e+00
 1.00000e+00
 1.00000e+00
 1.00000e+00
 1.00000e+00
 1.00000e+00
 1.00000e+00
 1.00000e+00
 1.00000e+00
 1.00000e+00
 1.00000e+00
 1.00000e+00
 1.00000e+00
 1.76883e-02
 1.83219e-02
 1.75628e-02
 2.85907e-02
 3.65135e-02
 4.55305e-02
 5.90478e-02
 7.47282e-02
 9.69579e-02
 1.25564e-01
 1.65497e-01
 2.20580e-01
 2.97878e-01
 4.14603e-01
 5.96982e-01
 8.76211e-01
 1.27438e+00
 1.74333e+00
 2.10237e+00
 2.05995e+00
 1.55235e+00
 1.13307e+00
 1.01531e+00
 1.00139e+00
 1.00005e+00
 1.00000e+00
 1.00000e+00
 1.00000e+00
 1.00000e+00
 1.00000e+00
 1.00000e+00
 1.00000e+00
 1.00000e+00
 1.00000e+00
 1.00000e+00
 1.00000e+00
 1.00000e+00
 1.00000e+00
 1.00000e+00
 1.00000e+00
 1.00000e+00
 1.00000e+00
 1.00000e+00
 1.00000e+00
 1.00000e+00
 1.00000e+00
 1.00000e+00
 1.00000e+00
 1.00000e+00
 1.00000e+00
 1.00000e+00
 1.00000e+00
 1.00000e+00
 1.00000e+00
 1.00000e+00
 1.00000e+00
 1.00000e+00
 1.00000e+00
 1.00000e+00
 1.00000e+00
 1.81737e-02
 1.75628e-02
 2.00974e-02
 2.44771e-02
 3.38815e-02
 4.61483e-02
 5.93041e-02
 7.83170e-02
 1.01426e-01
 1.32128e-01
 1.74130e-01
 2.32238e-01
 3.13394e-01
 4.37718e-01
 6.31011e-01
 9.25370e-01
 1.33808e+00
 1.80784e+00
 2.14841e+00
 2.03739e+00
 1.51255e+00
 1.11478e+00
 1.01277e+00
 1.00116e+00
 1.00003e+00
 1.00000e+00
 1.00000e+00
 1.00000e+00
 1.00000e+00
 1.00000e+00
 1.00000e+00
 1.00000e+00
 1.00000e+00
 1.00000e+00
 1.00000e+00
 1.00000e+00
 1.00000e+00
 1.00000e+00
 1.00000e+00
 1.00000e+00
 1.00000e+00
 1.00000e+00
 1.00000e+00
 1.00000e+00
 1.00000e+00
 1.00000e+00
 1.00000e+00
 1.00000e+00
 1.00000e+00
 1.00000e+00
 1.00000e+00
 1.00000e+00
 1.00000e+00
 1.00000e+00
 1.00000e+00
 1.00000e+00
 1.00000e+00
 1.00000e+00
 1.00000e+00
 1.00000e+00
 2.83037e-02
 2.85907e-02
 2.44771e-02
 3.68063e-02
 4.49826e-02
 5.61538e-02
 7.06468e-02
 8.91230e-02
 1.13987e-01
 1.46834e-01
 1.92574e-01
 2.54424e-01
 3.42857e-01
 4.78649e-01
 6.90115e-01
 1.00986e+00
 1.44729e+00
 1.91675e+00
 2.21924e+00
 1.99829e+00
 1.44632e+00
 1.08976e+00
 1.00967e+00
 1.00087e+00
 1.00002e+00
 1.00000e+00
 1.00000e+00
 1.00000e+00
 1.00000e+00
 1.00000e+00
 1.00000e+00
 1.00000e+00
 1.00000e+00
 1.00000e+00
 1.00000e+00
 1.00000e+00
 1.00000e+00
 1.00000e+00
 1.00000e+00
 1.00000e+00
 1.00000e+00
 1.00000e+00
 1.00000e+00
 1.00000e+00
 1.00000e+00
 1.00000e+00
 1.00000e+00
 1.00000e+00
 1.00000e+00
 1.00000e+00
 1.00000e+00
 1.00000e+00
 1.00000e+00
 1.00000e+00
 1.00000e+00
 1.00000e+00
 1.00000e+00
 1.00000e+00
 1.00000e+00
 1.00000e+00
 3.03103e-02
 3.65135e-02
 3.38815e-02
 4.49826e-02
 5.35757e-02
 6.57727e-02
 8.15237e-02
 1.02304e-01
 1.29142e-01
 1.65679e-01
 2.15516e-01
 2.83550e-01
 3.81833e-01
 5.35232e-01
 7.73112e-01
 1.12849e+00
 1.59587e+00
 2.05238e+00
 2.28024e+00
 1.91949e+00
 1.35533e+00
 1.06244e+00
 1.00659e+00
 1.00057e+00
 1.00001e+00
 1.00000e+00
 1.00000e+00
 1.00000e+00
 1.00000e+00
 1.00000e+00
 1.00000e+00
 1.00000e+00
 1.00000e+00
 1.00000e+00
 1.00000e+00
 1.00000e+00
 1.00000e+00
 1.00000e+00
 1.00000e+00
 1.00000e+00
 1.00000e+00
 1.00000e+00
 1.00000e+00
 1.00000e+00
 1.00000e+00
 1.00000e+00
 1.00000e+00
 1.00000e+00
 1.00000e+00
 1.00000e+00
 1.00000e+00
 1.00000e+00
 1.00000e+00
 1.00000e+00
 1.00000e+00
 1.00000e+00
 1.00000e+00
 1.00000e+00
 1.00000e+00
 1.00000e+00
 3.91400e-02
 4.55305e-02
 4.61483e-02
 5.61538e-02
 6.57727e-02
 7.91466e-02
 9.69592e-02
 1.19995e-01
 1.50144e-01
 1.91444e-01
 2.47100e-01
 3.22777e-01
 4.36668e-01
 6.15003e-01
 8.90235e-01
 1.29095e+00
 1.78668e+00
 2.20474e+00
 2.29756e+00
 1.79386e+00
 1.25276e+00
 1.03835e+00
 1.00407e+00
 1.00031e+00
 1.00000e+00
 1.00000e+00
 1.00000e+00
 1.00000e+00
 1.00000e+00
 1.00000e+00
 1.00000e+00
 1.00000e+00
 1.00000e+00
 1.00000e+00
 1.00000e+00
 1.00000e+00
 1.00000e+00
 1.00000e+00
 1.00000e+00
 1.00000e+00
 1.00000e+00
 1.00000e+00
 1.00000e+00
 1.00000e+00
 1.00000e+00
 1.00000e+00
 1.00000e+00
 1.00000e+00
 1.00000e+00
 1.00000e+00
 1.00000e+00
 1.00000e+00
 1.00000e+00
 1.00000e+00
 1.00000e+00
 1.00000e+00
 1.00000e+00
 1.00000e+00
 1.00000e+00
 1.00000e+00
 5.31843e-02
 5.90478e-02
 5.93041e-02
 7.06468e-02
 8.15237e-02
 9.69592e-02
 1.17067e-01
 1.43062e-01
 1.77997e-01
 2.25431e-01
 2.87772e-01
 3.76539e-01
 5.12793e-01
 7.26764e-01
 1.05232e+00
 1.50487e+00
 2.01202e+00
 2.36509e+00
 2.21226e+00
 1.62396e+00
 1.15629e+00
 1.02084e+00
 1.00227e+00
 1.00013e+00
 1.00000e+00
 1.00000e+00
 1.00000e+00
 1.00000e+00
 1.00000e+00
 1.00000e+00
 1.00000e+00
 1.00000e+00
 1.00000e+00
 1.00000e+00
 1.00000e+00
 1.00000e+00
 1.00000e+00
 1.00000e+00
 1.00000e+00
 1.00000e+00
 1.00000e+00
 1.00000e+00
 1.00000e+00
 1.00000e+00
 1.00000e+00
 1.00000e+00
 1.00000e+00
 1.00000e+00
 1.00000e+00
 1.00000e+00
 1.00000e+00
 1.00000e+00
 1.00000e+00
 1.00000e+00
 1.00000e+00
 1.00000e+00
 1.00000e+00
 1.00000e+00
 1.00000e+00
 1.00000e+00
 6.74002e-02
 7.47282e-02
 7.83170e-02
 8.91230e-02
 1.02304e-01
 1.19995e-01
 1.43062e-01
 1.73720e-01
 2.15248e-01
 2.69325e-01
 3.42654e-01
 4.50654e-01
 6.20638e-01
 8.84083e-01
 1.27317e+00
 1.77511e+00
 2.25165e+00
 2.46145e+00
 2.04088e+00
 1.41769e+00
 1.08250e+00
 1.01029e+00
 1.00111e+00
 1.00004e+00
 1.00000e+00
 1.00000e+00
 1.00000e+00
 1.00000e+00
 1.00000e+00
 1.00000e+00
 1.00000e+00
 1.00000e+00
 1.00000e+00
 1.00000e+00
 1.00000e+00
 1.00000e+00
 1.00000e+00
 1.00000e+00
 1.00000e+00
 1.00000e+00
 1.00000e+00
 1.00000e+00
 1.00000e+00
 1.00000e+00
 1.00000e+00
 1.00000e+00
 1.00000e+00
 1.00000e+00
 1.00000e+00
 1.00000e+00
 1.00000e+00
 1.00000e+00
 1.00000e+00
 1.00000e+00
 1.00000e+00
 1.00000e+00
 1.00000e+00
 1.00000e+00
 1.00000e+00
 1.00000e+00
 8.85649e-02
 9.69579e-02
 1.01426e-01
 1.13987e-01
 1.29142e-01
 1.50144e-01
 1.77997e-01
 2.15248e-01
 2.63598e-01
 3.27560e-01
 4.17652e-01
 5.57555e-01
 7.75544e-01
 1.10552e+00
 1.56465e+00
 2.09011e+00
 2.47630e+00
 2.38551e+00
 1.78635e+00
 1.23233e+00
 1.03735e+00
 1.00468e+00
 1.00042e+00
 1.00000e+00
 1.00000e+00
 1.00000e+00
 1.00000e+00
 1.00000e+00
 1.00000e+00
 1.00000e+00
 1.00000e+00
 1.00000e+00
 1.00000e+00
 1.00000e+00
 1.00000e+00
 1.00000e+00
 1.00000e+00
 1.00000e+00
 1.00000e+00
 1.00000e+00
 1.00000e+00
 1.00000e+00
 1.00000e+00
 1.00000e+00
 1.00000e+00
 1.00000e+00
 1.00000e+00
 1.00000e+00
 1.00000e+00
 1.00000e+00
 1.00000e+00
 1.00000e+00
 1.00000e+00
 1.00000e+00
 1.00000e+00
 1.00000e+00
 1.00000e+00
 1.00000e+00
 1.00000e+00
 1.00000e+00
 1.15947e-01
 1.25564e-01
 1.32128e-01
 1.46834e-01
 1.65679e-01
 1.91444e-01
 2.25431e-01
 2.69325e-01
 3.27560e-01
 4.07352e-01
 5.28279e-01
 7.15128e-01
 9.99969e-01
 1.41031e+00
 1.92659e+00
 2.40315e+00
 2.59284e+00
 2.14040e+00
 1.47883e+00
 1.10521e+00
 1.01506e+00
 1.00191e+00
 1.00012e+00
 1.00000e+00
 1.00000e+00
 1.00000e+00
 1.00000e+00
 1.00000e+00
 1.00000e+00
 1.00000e+00
 1.00000e+00
 1.00000e+00
 1.00000e+00
 1.00000e+00
 1.00000e+00
 1.00000e+00
 1.00000e+00
 1.00000e+00
 1.00000e+00
 1.00000e+00
 1.00000e+00
 1.00000e+00
 1.00000e+00
 1.00000e+00
 1.00000e+00
 1.00000e+00
 1.00000e+00
 1.00000e+00
 1.00000e+00
 1.00000e+00
 1.00000e+00
 1.00000e+00
 1.00000e+00
 1.00000e+00
 1.00000e+00
 1.00000e+00
 1.00000e+00
 1.00000e+00
 1.00000e+00
 1.00000e+00
 1.53420e-01
 1.65497e-01
 1.74130e-01
 1.92574e-01
 2.15516e-01
 2.47100e-01
 2.87772e-01
 3.42654e-01
 4.17652e-01
 5.28279e-01
 6.95759e-01
 9.49359e-01
 1.31810e+00
 1.80428e+00
 2.31846e+00
 2.64503e+00
 2.41857e+00
 1.77177e+00
 1.22633e+00
 1.03953e+00
 1.00566e+00
 1.00061e+00
 1.00001e+00
 1.00000e+00
 1.00000e+00
 1.00000e+00
 1.00000e+00
 1.00000e+00
 1.00000e+00
 1.00000e+00
 1.00000e+00
 1.00000e+00
 1.00000e+00
 1.00000e+00
 1.00000e+00
 1.00000e+00
 1.00000e+00
 1.00000e+00
 1.00000e+00
 1.00000e+00
 1.00000e+00
 1.00000e+00
 1.00000e+00
 1.00000e+00
 1.00000e+00
 1.00000e+00
 1.00000e+00
 1.00000e+00
 1.00000e+00
 1.00000e+00
 1.00000e+00
 1.00000e+00
 1.00000e+00
 1.00000e+00
 1.00000e+00
 1.00000e+00
 1.00000e+00
 1.00000e+00
 1.00000e+00
 1.00000e+00
 2.05966e-01
 2.20580e-01
 2.32238e-01
 2.54424e-01
 2.83550e-01
 3.22777e-01
 3.76539e-01
 4.50654e-01
 5.57555e-01
 7.15128e-01
 9.49359e-01
 1.28774e+00
 1.74063e+00
 2.25113e+00
 2.63538e+00
 2.60604e+00
 2.03361e+00
 1.38625e+00
 1.08346e+00
 1.01326e+00
 1.00188e+00
 1.00013e+00
 1.00000e+00
 1.00000e+00
 1.00000e+00
 1.00000e+00
 1.00000e+00
 1.00000e+00
 1.00000e+00
 1.00000e+00
 1.00000e+00
 1.00000e+00
 1.00000e+00
 1.00000e+00
 1.00000e+00
 1.00000e+00
 1.00000e+00
 1.00000e+00
 1.00000e+00
 1.00000e+00
 1.00000e+00
 1.00000e+00
 1.00000e+00
 1.00000e+00
 1.00000e+00
 1.00000e+00
 1.00000e+00
 1.00000e+00
 1.00000e+00
 1.00000e+00
 1.00000e+00
 1.00000e+00
 1.00000e+00
 1.00000e+00
 1.00000e+00
 1.00000e+00
 1.00000e+00
 1.00000e+00
 1.00000e+00
 1.00000e+00
 2.79532e-01
 2.97878e-01
 3.13394e-01
 3.42857e-01
 3.81833e-01
 4.36668e-01
 5.12793e-01
 6.20638e-01
 7.75544e-01
 9.99969e-01
 1.31810e+00
 1.74063e+00
 2.22616e+00
 2.62127e+00
 2.70948e+00
 2.21739e+00
 1.54547e+00
 1.14183e+00
 1.02557e+00
 1.00414e+00
 1.00045e+00
 1.00000e+00
 1.00000e+00
 1.00000e+00
 1.00000e+00
 1.00000e+00
 1.00000e+00
 1.00000e+00
 1.00000e+00
 1.00000e+00
 1.00000e+00
 1.00000e+00
 1.00000e+00
 1.00000e+00
 1.00000e+00
 1.00000e+00
 1.00000e+00
 1.00000e+00
 1.00000e+00
 1.00000e+00
 1.00000e+00
 1.00000e+00
 1.00000e+00
 1.00000e+00
 1.00000e+00
 1.00000e+00
 1.00000e+00
 1.00000e+00
 1.00000e+00
 1.00000e+00
 1.00000e+00
 1.00000e+00
 1.00000e+00
 1.00000e+00
 1.00000e+00
 1.00000e+00
 1.00000e+00
 1.00000e+00
 1.00000e+00
 1.00000e+00
 3.90592e-01
 4.14603e-01
 4.37718e-01
 4.78649e-01
 5.35232e-01
 6.15003e-01
 7.26764e-01
 8.84083e-01
 1.10552e+00
 1.41031e+00
 1.80428e+00
 2.25113e+00
 2.62127e+00
 2.73711e+00
 2.30913e+00
 1.66074e+00
 1.19882e+00
 1.04085e+00
 1.00730e+00
 1.00103e+00
 1.00005e+00
 1.00000e+00
 1.00000e+00
 1.00000e+00
 1.00000e+00
 1.00000e+00
 1.00000e+00
 1.00000e+00
 1.00000e+00
 1.00000e+00
 1.00000e+00
 1.00000e+00
 1.00000e+00
 1.00000e+00
 1.00000e+00
 1.00000e+00
 1.00000e+00
 1.00000e+00
 1.00000e+00
 1.00000e+00
 1.00000e+00
 1.00000e+00
 1.00000e+00
 1.00000e+00
 1.00000e+00
 1.00000e+00
 1.00000e+00
 1.00000e+00
 1.00000e+00
 1.00000e+00
 1.00000e+00
 1.00000e+00
 1.00000e+00
 1.00000e+00
 1.00000e+00
 1.00000e+00
 1.00000e+00
 1.00000e+00
 1.00000e+00
 1.00000e+00
 5.64330e-01
 5.96982e-01
 6.31011e-01
 6.90115e-01
 7.73112e-01
 8.90235e-01
 1.05232e+00
 1.27317e+00
 1.56465e+00
 1.92659e+00
 2.31846e+00
 2.63538e+00
 2.70948e+00
 2.30913e+00
 1.70228e+00
 1.23414e+00
 1.05385e+00
 1.01051e+00
 1.00177e+00
 1.00014e+00
 1.00000e+00
 1.00000e+00
 1.00000e+00
 1.00000e+00
 1.00000e+00
 1.00000e+00
 1.00000e+00
 1.00000e+00
 1.00000e+00
 1.00000e+00
 1.00000e+00
 1.00000e+00
 1.00000e+00
 1.00000e+00
 1.00000e+00
 1.00000e+00
 1.00000e+00
 1.00000e+00
 1.00000e+00
 1.00000e+00
 1.00000e+00
 1.00000e+00
 1.00000e+00
 1.00000e+00
 1.00000e+00
 1.00000e+00
 1.00000e+00
 1.00000e+00
 1.00000e+00
 1.00000e+00
 1.00000e+00
 1.00000e+00
 1.00000e+00
 1.00000e+00
 1.00000e+00
 1.00000e+00
 1.00000e+00
 1.00000e+00
 1.00000e+00
 1.00000e+00
 8.32260e-01
 8.76211e-01
 9.25370e-01
 1.00986e+00
 1.12849e+00
 1.29095e+00
 1.50487e+00
 1.77511e+00
 2.09011e+00
 2.40315e+00
 2.64503e+00
 2.60604e+00
 2.21739e+00
 1.66074e+00
 1.23414e+00
 1.05898e+00
 1.01262e+00
 1.00241e+00
 1.00026e+00
 1.00000e+00
 1.00000e+00
 1.00000e+00
 1.00000e+00
 1.00000e+00
 1.00000e+00
 1.00000e+00
 1.00000e+00
 1.00000e+00
 1.00000e+00
 1.00000e+00
 1.00000e+00
 1.00000e+00
 1.00000e+00
 1.00000e+00
 1.00000e+00
 1.00000e+00
 1.00000e+00
 1.00000e+00
 1.00000e+00
 1.00000e+00
 1.00000e+00
 1.00000e+00
 1.00000e+00
 1.00000e+00
 1.00000e+00
 1.00000e+00
 1.00000e+00
 1.00000e+00
 1.00000e+00
 1.00000e+00
 1.00000e+00
 1.00000e+00
 1.00000e+00
 1.00000e+00
 1.00000e+00
 1.00000e+00
 1.00000e+00
 1.00000e+00
 1.00000e+00
 1.00000e+00
 1.22016e+00
 1.27438e+00
 1.33808e+00
 1.44729e+00
 1.59587e+00
 1.78668e+00
 2.01202e+00
 2.25165e+00
 2.47630e+00
 2.59284e+00
 2.41857e+00
 2.03361e+00
 1.54547e+00
 1.19882e+00
 1.05385e+00
 1.01262e+00
 1.00267e+00
 1.00033e+00
 1.00000e+00
 1.00000e+00
 1.00000e+00
 1.00000e+00
 1.00000e+00
 1.00000e+00
 1.00000e+00
 1.00000e+00
 1.00000e+00
 1.00000e+00
 1.00000e+00
 1.00000e+00
 1.00000e+00
 1.00000e+00
 1.00000e+00
 1.00000e+00
 1.00000e+00
 1.00000e+00
 1.00000e+00
 1.00000e+00
 1.00000e+00
 1.00000e+00
 1.00000e+00
 1.00000e+00
 1.00000e+00
 1.00000e+00
 1.00000e+00
 1.00000e+00
 1.00000e+00
 1.00000e+00
 1.00000e+00
 1.00000e+00
 1.00000e+00
 1.00000e+00
 1.00000e+00
 1.00000e+00
 1.00000e+00
 1.00000e+00
 1.00000e+00
 1.00000e+00
 1.00000e+00
 1.00000e+00
 1.68800e+00
 1.74333e+00
 1.80784e+00
 1.91675e+00
 2.05238e+00
 2.20474e+00
 2.36509e+00
 2.46145e+00
 2.38551e+00
 2.14040e+00
 1.77177e+00
 1.38625e+00
 1.14183e+00
 1.04085e+00
 1.01051e+00
 1.00241e+00
 1.00033e+00
 1.00000e+00
 1.00000e+00
 1.00000e+00
 1.00000e+00
 1.00000e+00
 1.00000e+00
 1.00000e+00
 1.00000e+00
 1.00000e+00
 1.00000e+00
 1.00000e+00
 1.00000e+00
 1.00000e+00
 1.00000e+00
 1.00000e+00
 1.00000e+00
 1.00000e+00
 1.00000e+00
 1.00000e+00
 1.00000e+00
 1.00000e+00
 1.00000e+00
 1.00000e+00
 1.00000e+00
 1.00000e+00
 1.00000e+00
 1.00000e+00
 1.00000e+00
 1.00000e+00
 1.00000e+00
 1.00000e+00
 1.00000e+00
 1.00000e+00
 1.00000e+00
 1.00000e+00
 1.00000e+00
 1.00000e+00
 1.00000e+00
 1.00000e+00
 1.00000e+00
 1.00000e+00
 1.00000e+00
 1.00000e+00
 2.05765e+00
 2.10237e+00
 2.14841e+00
 2.21924e+00
 2.28024e+00
 2.29756e+00
 2.21226e+00
 2.04088e+00
 1.78635e+00
 1.47883e+00
 1.22633e+00
 1.08346e+00
 1.02557e+00
 1.00730e+00
 1.00177e+00
 1.00026e+00
 1.00000e+00
 1.00000e+00
 1.00000e+00
 1.00000e+00
 1.00000e+00
 1.00000e+00
 1.00000e+00
 1.00000e+00
 1.00000e+00
 1.00000e+00
 1.00000e+00
 1.00000e+00
 1.00000e+00
 1.00000e+00
 1.00000e+00
 1.00000e+00
 1.00000e+00
 1.00000e+00
 1.00000e+00
 1.00000e+00
 1.00000e+00
 1.00000e+00
 1.00000e+00
 1.00000e+00
 1.00000e+00
 1.00000e+00
 1.00000e+00
 1.00000e+00
 1.00000e+00
 1.00000e+00
 1.00000e+00
 1.00000e+00
 1.00000e+00
 1.00000e+00
 1.00000e+00
 1.00000e+00
 1.00000e+00
 1.00000e+00
 1.00000e+00
 1.00000e+00
 1.00000e+00
 1.00000e+00
 1.00000e+00
 1.00000e+00
 2.05777e+00
 2.05995e+00
 2.03739e+00
 1.99829e+00
 1.91949e+00
 1.79386e+00
 1.62396e+00
 1.41769e+00
 1.23233e+00
 1.10521e+00
 1.03953e+00
 1.01326e+00
 1.00414e+00
 1.00103e+00
 1.00014e+00
 1.00000e+00
 1.00000e+00
 1.00000e+00
 1.00000e+00
 1.00000e+00
 1.00000e+00
 1.00000e+00
 1.00000e+00
 1.00000e+00
 1.00000e+00
 1.00000e+00
 1.00000e+00
 1.00000e+00
 1.00000e+00
 1.00000e+00
 1.00000e+00
 1.00000e+00
 1.00000e+00
 1.00000e+00
 1.00000e+00
 1.00000e+00
 1.00000e+00
 1.00000e+00
 1.00000e+00
 1.00000e+00
 1.00000e+00
 1.00000e+00
 1.00000e+00
 1.00000e+00
 1.00000e+00
 1.00000e+00
 1.00000e+00
 1.00000e+00
 1.00000e+00
 1.00000e+00
 1.00000e+00
 1.00000e+00
 1.00000e+00
 1.00000e+00
 1.00000e+00
 1.00000e+00
 1.00000e+00
 1.00000e+00
 1.00000e+00
 1.00000e+00
 1.56461e+00
 1.55235e+00
 1.51255e+00
 1.44632e+00
 1.35533e+00
 1.25276e+00
 1.15629e+00
 1.08250e+00
 1.03735e+00
 1.01506e+00
 1.00566e+00
 1.00188e+00
 1.00045e+00
 1.00005e+00
 1.00000e+00
 1.00000e+00
 1.00000e+00
 1.00000e+00
 1.00000e+00
 1.00000e+00
 1.00000e+00
 1.00000e+00
 1.00000e+00
 1.00000e+00
 1.00000e+00
 1.00000e+00
 1.00000e+00
 1.00000e+00
 1.00000e+00
 1.00000e+00
 1.00000e+00
 1.00000e+00
 1.00000e+00
 1.00000e+00
 1.00000e+00
 1.00000e+00
 1.00000e+00
 1.00000e+00
 1.00000e+00
 1.00000e+00
 1.00000e+00
 1.00000e+00
 1.00000e+00
 1.00000e+00
 1.00000e+00
 1.00000e+00
 1.00000e+00
 1.00000e+00
 1.00000e+00
 1.00000e+00
 1.00000e+00
 1.00000e+00
 1.00000e+00
 1.00000e+00
 1.00000e+00
 1.00000e+00
 1.00000e+00
 1.00000e+00
 1.00000e+00
 1.00000e+00
 1.14147e+00
 1.13307e+00
 1.11478e+00
 1.08976e+00
 1.06244e+00
 1.03835e+00
 1.02084e+00
 1.01029e+00
 1.00468e+00
 1.00191e+00
 1.00061e+00
 1.00013e+00
 1.00000e+00
 1.00000e+00
 1.00000e+00
 1.00000e+00
 1.00000e+00
 1.00000e+00
 1.00000e+00
 1.00000e+00
 1.00000e+00
 1.00000e+00
 1.00000e+00
 1.00000e+00
 1.00000e+00
 1.00000e+00
 1.00000e+00
 1.00000e+00
 1.00000e+00
 1.00000e+00
 1.00000e+00
 1.00000e+00
 1.00000e+00
 1.00000e+00
 1.00000e+00
 1.00000e+00
 1.00000e+00
 1.00000e+00
 1.00000e+00
 1.00000e+00
 1.00000e+00
 1.00000e+00
 1.00000e+00
 1.00000e+00
 1.00000e+00
 1.00000e+00
 1.00000e+00
 1.00000e+00
 1.00000e+00
 1.00000e+00
 1.00000e+00
 1.00000e+00
 1.00000e+00
 1.00000e+00
 1.00000e+00
 1.00000e+00
 1.00000e+00
 1.00000e+00
 1.00000e+00
 1.00000e+00
 1.01663e+00
 1.01531e+00
 1.01277e+00
 1.00967e+00
 1.00659e+00
 1.00407e+00
 1.00227e+00
 1.00111e+00
 1.00042e+00
 1.00012e+00
 1.00001e+00
 1.00000e+00
 1.00000e+00
 1.00000e+00
 1.00000e+00
 1.00000e+00
 1.00000e+00
 1.00000e+00
 1.00000e+00
 1.00000e+00
 1.00000e+00
 1.00000e+00
 1.00000e+00
 1.00000e+00
 1.00000e+00
 1.00000e+00
 1.00000e+00
 1.00000e+00
 1.00000e+00
 1.00000e+00
 1.00000e+00
 1.00000e+00
 1.00000e+00
 1.00000e+00
 1.00000e+00
 1.00000e+00
 1.00000e+00
 1.00000e+00
 1.00000e+00
 1.00000e+00
 1.00000e+00
 1.00000e+00
 1.00000e+00
 1.00000e+00
 1.00000e+00
 1.00000e+00
 1.00000e+00
 1.00000e+00
 1.00000e+00
 1.00000e+00
 1.00000e+00
 1.00000e+00
 1.00000e+00
 1.00000e+00
 1.00000e+00
 1.00000e+00
 1.00000e+00
 1.00000e+00
 1.00000e+00
 1.00000e+00
 1.00151e+00
 1.00139e+00
 1.00116e+00
 1.00087e+00
 1.00057e+00
 1.00031e+00
 1.00013e+00
 1.00004e+00
 1.00000e+00
 1.00000e+00
 1.00000e+00
 1.00000e+00
 1.00000e+00
 1.00000e+00
 1.00000e+00
 1.00000e+00
 1.00000e+00
 1.00000e+00
 1.00000e+00
 1.00000e+00
 1.00000e+00
 1.00000e+00
 1.00000e+00
 1.00000e+00
 1.00000e+00
 1.00000e+00
 1.00000e+00
 1.00000e+00
 1.00000e+00
 1.00000e+00
 1.00000e+00
 1.00000e+00
 1.00000e+00
 1.00000e+00
 1.00000e+00
 1.00000e+00
 1.00000e+00
 1.00000e+00
 1.00000e+00
 1.00000e+00
 1.00000e+00
 1.00000e+00
 1.00000e+00
 1.00000e+00
 1.00000e+00
 1.00000e+00
 1.00000e+00
 1.00000e+00
 1.00000e+00
 1.00000e+00
 1.00000e+00
 1.00000e+00
 1.00000e+00
 1.00000e+00
 1.00000e+00
 1.00000e+00
 1.00000e+00
 1.00000e+00
 1.00000e+00
 1.00000e+00
 1.00006e+00
 1.00005e+00
 1.00003e+00
 1.00002e+00
 1.00001e+00
 1.00000e+00
 1.00000e+00
 1.00000e+00
 1.00000e+00
 1.00000e+00
 1.00000e+00
 1.00000e+00
 1.00000e+00
 1.00000e+00
 1.00000e+00
 1.00000e+00
 1.00000e+00
 1.00000e+00
 1.00000e+00
 1.00000e+00
 1.00000e+00
 1.00000e+00
 1.00000e+00
 1.00000e+00
 1.00000e+00
 1.00000e+00
 1.00000e+00
 1.00000e+00
 1.00000e+00
 1.00000e+00
 1.00000e+00
 1.00000e+00
 1.00000e+00
 1.00000e+00
 1.00000e+00
 1.00000e+00
 1.00000e+00
 1.00000e+00
 1.00000e+00
 1.00000e+00
 1.00000e+00
 1.00000e+00
 1.00000e+00
 1.00000e+00
 1.00000e+00
 1.00000e+00
 1.00000e+00
 1.00000e+00
 1.00000e+00
 1.00000e+00
 1.00000e+00
 1.00000e+00
 1.00000e+00
 1.00000e+00
 1.00000e+00
 1.00000e+00
 1.00000e+00
 1.00000e+00
 1.00000e+00
 1.00000e+00
 1.00000e+00
 1.00000e+00
 1.00000e+00
 1.00000e+00
 1.00000e+00
 1.00000e+00
 1.00000e+00
 1.00000e+00
 1.00000e+00
 1.00000e+00
 1.00000e+00
 1.00000e+00
 1.00000e+00
 1.00000e+00
 1.00000e+00
 1.00000e+00
 1.00000e+00
 1.00000e+00
 1.00000e+00
 1.00000e+00
 1.00000e+00
 1.00000e+00
 1.00000e+00
 1.00000e+00
 1.00000e+00
 1.00000e+00
 1.00000e+00
 1.00000e+00
 1.00000e+00
 1.00000e+00
 1.00000e+00
 1.00000e+00
 1.00000e+00
 1.00000e+00
 1.00000e+00
 1.00000e+00
 1.00000e+00
 1.00000e+00
 1.00000e+00
 1.00000e+00
 1.00000e+00
 1.00000e+00
 1.00000e+00
 1.00000e+00
 1.00000e+00
 1.00000e+00
 1.00000e+00
 1.00000e+00
 1.00000e+00
 1.00000e+00
 1.00000e+00
 1.00000e+00
 1.00000e+00
 1.00000e+00
 1.00000e+00
 1.00000e+00
 1.00000e+00
 1.00000e+00
 1.00000e+00
 1.00000e+00
 1.00000e+00
 1.00000e+00
 1.00000e+00
 1.00000e+00
 1.00000e+00
 1.00000e+00
 1.00000e+00
 1.00000e+00
 1.00000e+00
 1.00000e+00
 1.00000e+00
 1.00000e+00
 1.00000e+00
 1.00000e+00
 1.00000e+00
 1.00000e+00
 1.00000e+00
 1.00000e+00
 1.00000e+00
 1.00000e+00
 1.00000e+00
 1.00000e+00
 1.00000e+00
 1.00000e+00
 1.00000e+00
 1.00000e+00
 1.00000e+00
 1.00000e+00
 1.00000e+00
 1.00000e+00
 1.00000e+00
 1.00000e+00
 1.00000e+00
 1.00000e+00
 1.00000e+00
 1.00000e+00
 1.00000e+00
 1.00000e+00
 1.00000e+00
 1.00000e+00
 1.00000e+00
 1.00000e+00
 1.00000e+00
 1.00000e+00
 1.00000e+00
 1.00000e+00
 1.00000e+00
 1.00000e+00
 1.00000e+00
 1.00000e+00
 1.00000e+00
 1.00000e+00
 1.00000e+00
 1.00000e+00
 1.00000e+00
 1.00000e+00
 1.00000e+00
 1.00000e+00
 1.00000e+00
 1.00000e+00
 1.00000e+00
 1.00000e+00
 1.00000e+00
 1.00000e+00
 1.00000e+00
 1.00000e+00
 1.00000e+00
 1.00000e+00
 1.00000e+00
 1.00000e+00
 1.00000e+00
 1.00000e+00
 1.00000e+00
 1.00000e+00
 1.00000e+00
 1.00000e+00
 1.00000e+00
 1.00000e+00
 1.00000e+00
 1.00000e+00
 1.00000e+00
 1.00000e+00
 1.00000e+00
 1.00000e+00
 1.00000e+00
 1.00000e+00
 1.00000e+00
 1.00000e+00
 1.00000e+00
 1.00000e+00
 1.00000e+00
 1.00000e+00
 1.00000e+00
 1.00000e+00
 1.00000e+00
 1.00000e+00
 1.00000e+00
 1.00000e+00
 1.00000e+00
 1.00000e+00
 1.00000e+00
 1.00000e+00
 1.00000e+00
 1.00000e+00
 1.00000e+00
 1.00000e+00
 1.00000e+00
 1.00000e+00
 1.00000e+00
 1.00000e+00
 1.00000e+00
 1.00000e+00
 1.00000e+00
 1.00000e+00
 1.00000e+00
 1.00000e+00
 1.00000e+00
 1.00000e+00
 1.00000e+00
 1.00000e+00
 1.00000e+00
 1.00000e+00
 1.00000e+00
 1.00000e+00
 1.00000e+00
 1.00000e+00
 1.00000e+00
 1.00000e+00
 1.00000e+00
 1.00000e+00
 1.00000e+00
 1.00000e+00
 1.00000e+00
 1.00000e+00
 1.00000e+00
 1.00000e+00
 1.00000e+00
 1.00000e+00
 1.00000e+00
 1.00000e+00
 1.00000e+00
 1.00000e+00
 1.00000e+00
 1.00000e+00
 1.00000e+00
 1.00000e+00
 1.00000e+00
 1.00000e+00
 1.00000e+00
 1.00000e+00
 1.00000e+00
 1.00000e+00
 1.00000e+00
 1.00000e+00
 1.00000e+00
 1.00000e+00
 1.00000e+00
 1.00000e+00
 1.00000e+00
 1.00000e+00
 1.00000e+00
 1.00000e+00
 1.00000e+00
 1.00000e+00
 1.00000e+00
 1.00000e+00
 1.00000e+00
 1.00000e+00
 1.00000e+00
 1.00000e+00
 1.00000e+00
 1.00000e+00
 1.00000e+00
 1.00000e+00
 1.00000e+00
 1.00000e+00
 1.00000e+00
 1.00000e+00
 1.00000e+00
 1.00000e+00
 1.00000e+00
 1.00000e+00
 1.00000e+00
 1.00000e+00
 1.00000e+00
 1.00000e+00
 1.00000e+00
 1.00000e+00
 1.00000e+00
 1.00000e+00
 1.00000e+00
 1.00000e+00
 1.00000e+00
 1.00000e+00
 1.00000e+00
 1.00000e+00
 1.00000e+00
 1.00000e+00
 1.00000e+00
 1.00000e+00
 1.00000e+00
 1.00000e+00
 1.00000e+00
 1.00000e+00
 1.00000e+00
 1.00000e+00
 1.00000e+00
 1.00000e+00
 1.00000e+00
 1.00000e+00
 1.00000e+00
 1.00000e+00
 1.00000e+00
 1.00000e+00
 1.00000e+00
 1.00000e+00
 1.00000e+00
 1.00000e+00
 1.00000e+00
 1.00000e+00
 1.00000e+00
 1.00000e+00
 1.00000e+00
 1.00000e+00
 1.00000e+00
 1.00000e+00
 1.00000e+00
 1.00000e+00
 1.00000e+00
 1.00000e+00
 1.00000e+00
 1.00000e+00
 1.00000e+00
 1.00000e+00
 1.00000e+00
 1.00000e+00
 1.00000e+00
 1.00000e+00
 1.00000e+00
 1.00000e+00
 1.00000e+00
 1.00000e+00
 1.00000e+00
 1.00000e+00
 1.00000e+00
 1.00000e+00
 1.00000e+00
 1.00000e+00
 1.00000e+00
 1.00000e+00
 1.00000e+00
 1.00000e+00
 1.00000e+00
 1.00000e+00
 1.00000e+00
 1.00000e+00
 1.00000e+00
 1.00000e+00
 1.00000e+00
 1.00000e+00
 1.00000e+00
 1.00000e+00
 1.00000e+00
 1.00000e+00
 1.00000e+00
 1.00000e+00
 1.00000e+00
 1.00000e+00
 1.00000e+00
 1.00000e+00
 1.00000e+00
 1.00000e+00
 1.00000e+00
 1.00000e+00
 1.00000e+00
 1.00000e+00
 1.00000e+00
 1.00000e+00
 1.00000e+00
 1.00000e+00
 1.00000e+00
 1.00000e+00
 1.00000e+00
 1.00000e+00
 1.00000e+00
 1.00000e+00
 1.00000e+00
 1.00000e+00
 1.00000e+00
 1.00000e+00
 1.00000e+00
 1.00000e+00
 1.00000e+00
 1.00000e+00
 1.00000e+00
 1.00000e+00
 1.00000e+00
 1.00000e+00
 1.00000e+00
 1.00000e+00
 1.00000e+00
 1.00000e+00
 1.00000e+00
 1.00000e+00
 1.00000e+00
 1.00000e+00
 1.00000e+00
 1.00000e+00
 1.00000e+00
 1.00000e+00
 1.00000e+00
 1.00000e+00
 1.00000e+00
 1.00000e+00
 1.00000e+00
 1.00000e+00
 1.00000e+00
 1.00000e+00
 1.00000e+00
 1.00000e+00
 1.00000e+00
 1.00000e+00
 1.00000e+00
 1.00000e+00
 1.00000e+00
 1.00000e+00
 1.00000e+00
 1.00000e+00
 1.00000e+00
 1.00000e+00
 1.00000e+00
 1.00000e+00
 1.00000e+00
 1.00000e+00
 1.00000e+00
 1.00000e+00
 1.00000e+00
 1.00000e+00
 1.00000e+00
 1.00000e+00
 1.00000e+00
 1.00000e+00
 1.00000e+00
 1.00000e+00
 1.00000e+00
 1.00000e+00
 1.00000e+00
 1.00000e+00
 1.00000e+00
 1.00000e+00
 1.00000e+00
 1.00000e+00
 1.00000e+00
 1.00000e+00
 1.00000e+00
 1.00000e+00
 1.00000e+00
 1.00000e+00
 1.00000e+00
 1.00000e+00
 1.00000e+00
 1.00000e+00
 1.00000e+00
 1.00000e+00
 1.00000e+00
 1.00000e+00
 1.00000e+00
 1.00000e+00
 1.00000e+00
 1.00000e+00
 1.00000e+00
 1.00000e+00
 1.00000e+00
 1.00000e+00
 1.00000e+00
 1.00000e+00
 1.00000e+00
 1.00000e+00
 1.00000e+00
 1.00000e+00
 1.00000e+00
 1.00000e+00
 1.00000e+00
 1.00000e+00
 1.00000e+00
 1.00000e+00
 1.00000e+00
 1.00000e+00
 1.00000e+00
 1.00000e+00
 1.00000e+00
 1.00000e+00
 1.00000e+00
 1.00000e+00
 1.00000e+00
 1.00000e+00
 1.00000e+00
 1.00000e+00
 1.00000e+00
 1.00000e+00
 1.00000e+00
 1.00000e+00
 1.00000e+00
 1.00000e+00
 1.00000e+00
 1.00000e+00
 1.00000e+00
 1.00000e+00
 1.00000e+00
 1.00000e+00
 1.00000e+00
 1.00000e+00
 1.00000e+00
 1.00000e+00
 1.00000e+00
 1.00000e+00
 1.00000e+00
 1.00000e+00
 1.00000e+00
 1.00000e+00
 1.00000e+00
 1.00000e+00
 1.00000e+00
 1.00000e+00
 1.00000e+00
 1.00000e+00
 1.00000e+00
 1.00000e+00
 1.00000e+00
 1.00000e+00
 1.00000e+00
 1.00000e+00
 1.00000e+00
 1.00000e+00
 1.00000e+00
 1.00000e+00
 1.00000e+00
 1.00000e+00
 1.00000e+00
 1.00000e+00
 1.00000e+00
 1.00000e+00
 1.00000e+00
 1.00000e+00
 1.00000e+00
 1.00000e+00
 1.00000e+00
 1.00000e+00
 1.00000e+00
 1.00000e+00
 1.00000e+00
 1.00000e+00
 1.00000e+00
 1.00000e+00
 1.00000e+00
 1.00000e+00
 1.00000e+00
 1.00000e+00
 1.00000e+00
 1.00000e+00
 1.00000e+00
 1.00000e+00
 1.00000e+00
 1.00000e+00
 1.00000e+00
 1.00000e+00
 1.00000e+00
 1.00000e+00
 1.00000e+00
 1.00000e+00
 1.00000e+00
 1.00000e+00
 1.00000e+00
 1.00000e+00
 1.00000e+00
 1.00000e+00
 1.00000e+00
 1.00000e+00
 1.00000e+00
 1.00000e+00
 1.00000e+00
 1.00000e+00
 1.00000e+00
 1.00000e+00
 1.00000e+00
 1.00000e+00
 1.00000e+00
 1.00000e+00
 1.00000e+00
 1.00000e+00
 1.00000e+00
 1.00000e+00
 1.00000e+00
 1.00000e+00
 1.00000e+00
 1.00000e+00
 1.00000e+00
 1.00000e+00
 1.00000e+00
 1.00000e+00
 1.00000e+00
 1.00000e+00
 1.00000e+00
 1.00000e+00
 1.00000e+00
 1.00000e+00
 1.00000e+00
 1.00000e+00
 1.00000e+00
 1.00000e+00
 1.00000e+00
 1.00000e+00
 1.00000e+00
 1.00000e+00
 1.00000e+00
 1.00000e+00
 1.00000e+00
 1.00000e+00
 1.00000e+00
 1.00000e+00
 1.00000e+00
 1.00000e+00
 1.00000e+00
 1.00000e+00
 1.00000e+00
 1.00000e+00
 1.00000e+00
 1.00000e+00
 1.00000e+00
 1.00000e+00
 1.00000e+00
 1.00000e+00
 1.00000e+00
 1.00000e+00
 1.00000e+00
 1.00000e+00
 1.00000e+00
 1.00000e+00
 1.00000e+00
 1.00000e+00
 1.00000e+00
 1.00000e+00
 1.00000e+00
 1.00000e+00
 1.00000e+00
 1.00000e+00
 1.00000e+00
 1.00000e+00
 1.00000e+00
 1.00000e+00
 1.00000e+00
 1.00000e+00
 1.00000e+00
 1.00000e+00
 1.00000e+00
 1.00000e+00
 1.00000e+00
 1.00000e+00
 1.00000e+00
 1.00000e+00
 1.00000e+00
 1.00000e+00
 1.00000e+00
 1.00000e+00
 1.00000e+00
 1.00000e+00
 1.00000e+00
 1.00000e+00
 1.00000e+00
 1.00000e+00
 1.00000e+00
 1.00000e+00
 1.00000e+00
 1.00000e+00
 1.00000e+00
 1.00000e+00
 1.00000e+00
 1.00000e+00
 1.00000e+00
 1.00000e+00
 1.00000e+00
 1.00000e+00
 1.00000e+00
 1.00000e+00
 1.00000e+00
 1.00000e+00
 1.00000e+00
 1.00000e+00
 1.00000e+00
 1.00000e+00
 1.00000e+00
 1.00000e+00
 1.00000e+00
 1.00000e+00
 1.00000e+00
 1.00000e+00
 1.00000e+00
 1.00000e+00
 1.00000e+00
 1.00000e+00
 1.00000e+00
 1.00000e+00
 1.00000e+00
 1.00000e+00
 1.00000e+00
 1.00000e+00
 1.00000e+00
 1.00000e+00
 1.00000e+00
 1.00000e+00
 1.00000e+00
 1.00000e+00
 1.00000e+00
 1.00000e+00
 1.00000e+00
 1.00000e+00
 1.00000e+00
 1.00000e+00
 1.00000e+00
 1.00000e+00
 1.00000e+00
 1.00000e+00
 1.00000e+00
 1.00000e+00
 1.00000e+00
 1.00000e+00
 1.00000e+00
 1.00000e+00
 1.00000e+00
 1.00000e+00
 1.00000e+00
 1.00000e+00
 1.00000e+00
 1.00000e+00
 1.00000e+00
 1.00000e+00
 1.00000e+00
 1.00000e+00
 1.00000e+00
 1.00000e+00
 1.00000e+00
 1.00000e+00
 1.00000e+00
 1.00000e+00
 1.00000e+00
 1.00000e+00
 1.00000e+00
 1.00000e+00
 1.00000e+00
 1.00000e+00
 1.00000e+00
 1.00000e+00
 1.00000e+00
 1.00000e+00
 1.00000e+00
 1.00000e+00
 1.00000e+00
 1.00000e+00
 1.00000e+00
 1.00000e+00
 1.00000e+00
 1.00000e+00
 1.00000e+00
 1.00000e+00
 1.00000e+00
 1.00000e+00
 1.00000e+00
 1.00000e+00
 1.00000e+00
 1.00000e+00
 1.00000e+00
 1.00000e+00
 1.00000e+00
 1.00000e+00
 1.00000e+00
 1.00000e+00
 1.00000e+00
 1.00000e+00
 1.00000e+00
 1.00000e+00
 1.00000e+00
 1.00000e+00
 1.00000e+00
 1.00000e+00
 1.00000e+00
 1.00000e+00
 1.00000e+00
 1.00000e+00
 1.00000e+00
 1.00000e+00
 1.00000e+00
 1.00000e+00
 1.00000e+00
 1.00000e+00
 1.00000e+00
 1.00000e+00
 1.00000e+00
 1.00000e+00
 1.00000e+00
 1.00000e+00
 1.00000e+00
 1.00000e+00
 1.00000e+00
 1.00000e+00
 1.00000e+00
 1.00000e+00
 1.00000e+00
 1.00000e+00
 1.00000e+00
 1.00000e+00
 1.00000e+00
 1.00000e+00
 1.00000e+00
 1.00000e+00
 1.00000e+00
 1.00000e+00
 1.00000e+00
 1.00000e+00
 1.00000e+00
 1.00000e+00
 1.00000e+00
 1.00000e+00
 1.00000e+00
 1.00000e+00
 1.00000e+00
 1.00000e+00
 1.00000e+00
 1.00000e+00
 1.00000e+00
 1.00000e+00
 1.00000e+00
 1.00000e+00
 1.00000e+00
 1.00000e+00
 1.00000e+00
 1.00000e+00
 1.00000e+00
 1.00000e+00
 1.00000e+00
 1.00000e+00
 1.00000e+00
 1.00000e+00
 1.00000e+00
 1.00000e+00
 1.00000e+00
 1.00000e+00
 1.00000e+00
 1.00000e+00
 1.00000e+00
 1.00000e+00
 1.00000e+00
 1.00000e+00
 1.00000e+00
 1.00000e+00
 1.00000e+00
 1.00000e+00
 1.00000e+00
 1.00000e+00
 1.00000e+00
 1.00000e+00
 1.00000e+00
 1.00000e+00
 1.00000e+00
 1.00000e+00
 1.00000e+00
 1.00000e+00
 1.00000e+00
 1.00000e+00
 1.00000e+00
 1.00000e+00
 1.00000e+00
 1.00000e+00
 1.00000e+00
 1.00000e+00
 1.00000e+00
 1.00000e+00
 1.00000e+00
 1.00000e+00
 1.00000e+00
 1.00000e+00
 1.00000e+00
 1.00000e+00
 1.00000e+00
 1.00000e+00
 1.00000e+00
 1.00000e+00
 1.00000e+00
 1.00000e+00
 1.00000e+00
 1.00000e+00
 1.00000e+00
 1.00000e+00
 1.00000e+00
 1.00000e+00
 1.00000e+00
 1.00000e+00
 1.00000e+00
 1.00000e+00
 1.00000e+00
 1.00000e+00
 1.00000e+00
 1.00000e+00
 1.00000e+00
 1.00000e+00
 1.00000e+00
 1.00000e+00
 1.00000e+00
 1.00000e+00
 1.00000e+00
 1.00000e+00
 1.00000e+00
 1.00000e+00
 1.00000e+00
 1.00000e+00
 1.00000e+00
 1.00000e+00
 1.00000e+00
 1.00000e+00
 1.00000e+00
 1.00000e+00
 1.00000e+00
 1.00000e+00
 1.00000e+00
 1.00000e+00
 1.00000e+00
 1.00000e+00
 1.00000e+00
 1.00000e+00
 1.00000e+00
 1.00000e+00
 1.00000e+00
 1.00000e+00
 1.00000e+00
 1.00000e+00
 1.00000e+00
 1.00000e+00
 1.00000e+00
 1.00000e+00
 1.00000e+00
 1.00000e+00
 1.00000e+00
 1.00000e+00
 1.00000e+00
 1.00000e+00
 1.00000e+00
 1.00000e+00
 1.00000e+00
 1.00000e+00
 1.00000e+00
 1.00000e+00
 1.00000e+00
 1.00000e+00
 1.00000e+00
 1.00000e+00
 1.00000e+00
 1.00000e+00
 1.00000e+00
 1.00000e+00
 1.00000e+00
 1.00000e+00
 1.00000e+00
 1.00000e+00
 1.00000e+00
 1.00000e+00
 1.00000e+00
 1.00000e+00
 1.00000e+00
 1.00000e+00
 1.00000e+00
 1.00000e+00
 1.00000e+00
 1.00000e+00
 1.00000e+00
 1.00000e+00
 1.00000e+00
 1.00000e+00
 1.00000e+00
 1.00000e+00
 1.00000e+00
 1.00000e+00
 1.00000e+00
 1.00000e+00
 1.00000e+00
 1.00000e+00
 1.00000e+00
 1.00000e+00
 1.00000e+00
 1.00000e+00
 1.00000e+00
 1.00000e+00
 1.00000e+00
 1.00000e+00
 1.00000e+00
 1.00000e+00
 1.00000e+00
 1.00000e+00
 1.00000e+00
 1.00000e+00
 1.00000e+00
 1.00000e+00
 1.00000e+00
 1.00000e+00
 1.00000e+00
 1.00000e+00
 1.00000e+00
 1.00000e+00
 1.00000e+00
 1.00000e+00
 1.00000e+00
 1.00000e+00
 1.00000e+00
 1.00000e+00
 1.00000e+00
 1.00000e+00
 1.00000e+00
 1.00000e+00
 1.00000e+00
 1.00000e+00
 1.00000e+00
 1.00000e+00
 1.00000e+00
 1.00000e+00
 1.00000e+00
 1.00000e+00
 1.00000e+00
 1.00000e+00
 1.00000e+00
 1.00000e+00
 1.00000e+00
 1.00000e+00
 1.00000e+00
 1.00000e+00
 1.00000e+00
 1.00000e+00
 1.00000e+00
 1.00000e+00
 1.00000e+00
 1.00000e+00
 1.00000e+00
 1.00000e+00
 1.00000e+00
 1.00000e+00
 1.00000e+00
 1.00000e+00
 1.00000e+00
 1.00000e+00
 1.00000e+00
 1.00000e+00
 1.00000e+00
 1.00000e+00
 1.00000e+00
 1.00000e+00
 1.00000e+00
 1.00000e+00
 1.00000e+00
 1.00000e+00
 1.00000e+00
 1.00000e+00
 1.00000e+00
 1.00000e+00
 1.00000e+00
 1.00000e+00
 1.00000e+00
 1.00000e+00
 1.00000e+00
 1.00000e+00
 1.00000e+00
 1.00000e+00
 1.00000e+00
 1.00000e+00
 1.00000e+00
 1.00000e+00
 1.00000e+00
 1.00000e+00
 1.00000e+00
 1.00000e+00
 1.00000e+00
 1.00000e+00
 1.00000e+00
 1.00000e+00
 1.00000e+00
 1.00000e+00
 1.00000e+00
 1.00000e+00
 1.00000e+00
 1.00000e+00
 1.00000e+00
 1.00000e+00
 1.00000e+00
 1.00000e+00
 1.00000e+00
 1.00000e+00
 1.00000e+00
 1.00000e+00
 1.00000e+00
 1.00000e+00
 1.00000e+00
 1.00000e+00
 1.00000e+00
 1.00000e+00
 1.00000e+00
 1.00000e+00
 1.00000e+00
 1.00000e+00
 1.00000e+00
 1.00000e+00
 1.00000e+00
 1.00000e+00
 1.00000e+00
 1.00000e+00
 1.00000e+00
 1.00000e+00
 1.00000e+00
 1.00000e+00
 1.00000e+00
 1.00000e+00
 1.00000e+00
 1.00000e+00
 1.00000e+00
 1.00000e+00
 1.00000e+00
 1.00000e+00
 1.00000e+00
 1.00000e+00
 1.00000e+00
 1.00000e+00
 1.00000e+00
 1.00000e+00
 1.00000e+00
 1.00000e+00
 1.00000e+00
 1.00000e+00
 1.00000e+00
 1.00000e+00
 1.00000e+00
 1.00000e+00
 1.00000e+00
 1.00000e+00
 1.00000e+00
 1.00000e+00
 1.00000e+00
 1.00000e+00
 1.00000e+00
 1.00000e+00
 1.00000e+00
 1.00000e+00
 1.00000e+00
 1.00000e+00
 1.00000e+00
 1.00000e+00
 1.00000e+00
 1.00000e+00
 1.00000e+00
 1.00000e+00
 1.00000e+00
 1.00000e+00
 1.00000e+00
 1.00000e+00
 1.00000e+00
 1.00000e+00
 1.00000e+00
 1.00000e+00
 1.00000e+00
 1.00000e+00
 1.00000e+00
 1.00000e+00
 1.00000e+00
 1.00000e+00
 1.00000e+00
 1.00000e+00
 1.00000e+00
 1.00000e+00
 1.00000e+00
 1.00000e+00
 1.00000e+00
 1.00000e+00
 1.00000e+00
 1.00000e+00
 1.00000e+00
 1.00000e+00
 1.00000e+00
 1.00000e+00
 1.00000e+00
 1.00000e+00
 1.00000e+00
 1.00000e+00
 1.00000e+00
 1.00000e+00
 1.00000e+00
 1.00000e+00
 1.00000e+00
 1.00000e+00
 1.00000e+00
 1.00000e+00
 1.00000e+00
 1.00000e+00
 1.00000e+00
 1.00000e+00
 1.00000e+00
 1.00000e+00
 1.00000e+00
 1.00000e+00
 1.00000e+00
 1.00000e+00
 1.00000e+00
 1.00000e+00
 1.00000e+00
 1.00000e+00
 1.00000e+00
 1.00000e+00
 1.00000e+00
 1.00000e+00
 1.00000e+00
 1.00000e+00
 1.00000e+00
 1.00000e+00
 1.00000e+00
 1.00000e+00
 1.00000e+00
 1.00000e+00
 1.00000e+00
 1.00000e+00
 1.00000e+00
 1.00000e+00
 1.00000e+00
 1.00000e+00
 1.00000e+00
 1.00000e+00
 1.00000e+00
 1.00000e+00
 1.00000e+00
 1.00000e+00
 1.00000e+00
 1.00000e+00
 1.00000e+00
 1.00000e+00
 1.00000e+00
 1.00000e+00
 1.00000e+00
 1.00000e+00
 1.00000e+00
 1.00000e+00
 1.00000e+00
 1.00000e+00
 1.00000e+00
 1.00000e+00
 1.00000e+00
 1.00000e+00
 1.00000e+00
 1.00000e+00
 1.00000e+00
 1.00000e+00
 1.00000e+00
 1.00000e+00
 1.00000e+00
 1.00000e+00
 1.00000e+00
 1.00000e+00
 1.00000e+00
 1.00000e+00
 1.00000e+00
 1.00000e+00
 1.00000e+00
 1.00000e+00
 1.00000e+00
 1.00000e+00
 1.00000e+00
 1.00000e+00
 1.00000e+00
 1.00000e+00
 1.00000e+00
 1.00000e+00
 1.00000e+00
 1.00000e+00
 1.00000e+00
 1.00000e+00
 1.00000e+00
 1.00000e+00
 1.00000e+00
 1.00000e+00
 1.00000e+00
 1.00000e+00
 1.00000e+00
 1.00000e+00
 1.00000e+00
 1.00000e+00
 1.00000e+00
 1.00000e+00
 1.00000e+00
 1.00000e+00
 1.00000e+00
 1.00000e+00
 1.00000e+00
 1.00000e+00
 1.00000e+00
 1.00000e+00
 1.00000e+00
 1.00000e+00
 1.00000e+00
 1.00000e+00
 1.00000e+00
 1.00000e+00
 1.00000e+00
 1.00000e+00
 1.00000e+00
 1.00000e+00
 1.00000e+00
 1.00000e+00
 1.00000e+00
 1.00000e+00
 1.00000e+00
 1.00000e+00
 1.00000e+00
 1.00000e+00
 1.00000e+00
 1.00000e+00
 1.00000e+00
 1.00000e+00
 1.00000e+00
 1.00000e+00
 1.00000e+00
 1.00000e+00
 1.00000e+00
 1.00000e+00
 1.00000e+00
 1.00000e+00
 1.00000e+00
 1.00000e+00
 1.00000e+00
 1.00000e+00
 1.00000e+00
 1.00000e+00
 1.00000e+00
 1.00000e+00
 1.00000e+00
 1.00000e+00
 1.00000e+00
 1.00000e+00
 1.00000e+00
 1.00000e+00
 1.00000e+00
 1.00000e+00
 1.00000e+00
 1.00000e+00
 1.00000e+00
 1.00000e+00
 1.00000e+00
 1.00000e+00
 1.00000e+00
 1.00000e+00
 1.00000e+00
 1.00000e+00
 1.00000e+00
 1.00000e+00
 1.00000e+00
 1.00000e+00
 1.00000e+00
 1.00000e+00
 1.00000e+00
 1.00000e+00
 1.00000e+00
 1.00000e+00
 1.00000e+00
 1.00000e+00
 1.00000e+00
 1.00000e+00
 1.00000e+00
 1.00000e+00
 1.00000e+00
 1.00000e+00
 1.00000e+00
 1.00000e+00
 1.00000e+00
 1.00000e+00
 1.00000e+00
 1.00000e+00
 1.00000e+00
 1.00000e+00
 1.00000e+00
 1.00000e+00
 1.00000e+00
 1.00000e+00
 1.00000e+00
 1.00000e+00
 1.00000e+00
 1.00000e+00
 1.00000e+00
 1.00000e+00
 1.00000e+00
 1.00000e+00
 1.00000e+00
 1.00000e+00
 1.00000e+00
 1.00000e+00
 1.00000e+00
 1.00000e+00
 1.00000e+00
 1.00000e+00
 1.00000e+00
 1.00000e+00
 1.00000e+00
 1.00000e+00
 1.00000e+00
 1.00000e+00
 1.00000e+00
 1.00000e+00
 1.00000e+00
 1.00000e+00
 1.00000e+00
 1.00000e+00
 1.00000e+00
 1.00000e+00
 1.00000e+00
 1.00000e+00
 1.00000e+00
 1.00000e+00
 1.00000e+00
 1.00000e+00
 1.00000e+00
 1.00000e+00
 1.00000e+00
 1.00000e+00
 1.00000e+00
 1.00000e+00
 1.00000e+00
 1.00000e+00
 1.00000e+00
 1.00000e+00
 1.00000e+00
 1.00000e+00
 1.00000e+00
 1.00000e+00
 1.00000e+00
 1.00000e+00
 1.00000e+00
 1.00000e+00
 1.00000e+00
 1.00000e+00
 1.00000e+00
 1.00000e+00
 1.00000e+00
 1.00000e+00
 1.00000e+00
 1.00000e+00
 1.00000e+00
 1.00000e+00
 1.00000e+00
 1.00000e+00
 1.00000e+00
 1.00000e+00
 1.00000e+00
 1.00000e+00
 1.00000e+00
 1.00000e+00
 1.00000e+00
 1.00000e+00
 1.00000e+00
 1.00000e+00
 1.00000e+00
 1.00000e+00
 1.00000e+00
 1.00000e+00
 1.00000e+00
 1.00000e+00
 1.00000e+00
 1.00000e+00
 1.00000e+00
 1.00000e+00
 1.00000e+00
 1.00000e+00
 1.00000e+00
 1.00000e+00
 1.00000e+00
 1.00000e+00
 1.00000e+00
 1.00000e+00
 1.00000e+00
 1.00000e+00
 1.00000e+00
 1.00000e+00
 1.00000e+00
 1.00000e+00
 1.00000e+00
 1.00000e+00
 1.00000e+00
 1.00000e+00
 1.00000e+00
 1.00000e+00
 1.00000e+00
 1.00000e+00
 1.00000e+00
 1.00000e+00
 1.00000e+00
 1.00000e+00
 1.00000e+00
 1.00000e+00
 1.00000e+00
 1.00000e+00
 1.00000e+00
 1.00000e+00
 1.00000e+00
 1.00000e+00
 1.00000e+00
 1.00000e+00
 1.00000e+00
 1.00000e+00
 1.00000e+00
 1.00000e+00
 1.00000e+00
 1.00000e+00
 1.00000e+00
 1.00000e+00
 1.00000e+00
 1.00000e+00
 1.00000e+00
 1.00000e+00
 1.00000e+00
 1.00000e+00
 1.00000e+00
 1.00000e+00
 1.00000e+00
 1.00000e+00
 1.00000e+00
 1.00000e+00
 1.00000e+00
 1.00000e+00
 1.00000e+00
 1.00000e+00
 1.00000e+00
 1.00000e+00
 1.00000e+00
 1.00000e+00
 1.00000e+00
 1.00000e+00
 1.00000e+00
 1.00000e+00
 1.00000e+00
 1.00000e+00
 1.00000e+00
 1.00000e+00
 1.00000e+00
 1.00000e+00
 1.00000e+00
 1.00000e+00
 1.00000e+00
 1.00000e+00
 1.00000e+00
 1.00000e+00
 1.00000e+00
 1.00000e+00
 1.00000e+00
 1.00000e+00
 1.00000e+00
 1.00000e+00
 1.00000e+00
 1.00000e+00
 1.00000e+00
 1.00000e+00
 1.00000e+00
 1.00000e+00
 1.00000e+00
 1.00000e+00
 1.00000e+00
 1.00000e+00
 1.00000e+00
 1.00000e+00
 1.00000e+00
 1.00000e+00
 1.00000e+00
 1.00000e+00
 1.00000e+00
 1.00000e+00
 1.00000e+00
 1.00000e+00
 1.00000e+00
 1.00000e+00
 1.00000e+00
 1.00000e+00
 1.00000e+00
 1.00000e+00
 1.00000e+00
 1.00000e+00
 1.00000e+00
 1.00000e+00
 1.00000e+00
 1.00000e+00
 1.00000e+00
 1.00000e+00
 1.00000e+00
 1.00000e+00
 1.00000e+00
 1.00000e+00
 1.00000e+00
 1.00000e+00
 1.00000e+00
 1.00000e+00
 1.00000e+00
 1.00000e+00
 1.00000e+00
 1.00000e+00
 1.00000e+00
 1.00000e+00
 1.00000e+00
 1.00000e+00
 1.00000e+00
 1.00000e+00
 1.00000e+00
 1.00000e+00
 1.00000e+00
 1.00000e+00
 1.00000e+00
 1.00000e+00
 1.00000e+00
 1.00000e+00
 1.00000e+00
 1.00000e+00
 1.00000e+00
 1.00000e+00
 1.00000e+00
 1.00000e+00
 1.00000e+00
 1.00000e+00
 1.00000e+00
 1.00000e+00
 1.00000e+00
 1.00000e+00
 1.00000e+00
 1.00000e+00
 1.00000e+00
 1.00000e+00
 1.00000e+00
 1.00000e+00
 1.00000e+00
 1.00000e+00
 1.00000e+00
 1.00000e+00
 1.00000e+00
 1.00000e+00
 1.00000e+00
 1.00000e+00
 1.00000e+00
 1.00000e+00
 1.00000e+00
 1.00000e+00
 1.00000e+00
 1.00000e+00
 1.00000e+00
 1.00000e+00
 1.00000e+00
 1.00000e+00
 1.00000e+00
 1.00000e+00
 1.00000e+00
 1.00000e+00
 1.00000e+00
 1.00000e+00
 1.00000e+00
 1.00000e+00
 1.00000e+00
 1.00000e+00
 1.00000e+00
 1.00000e+00
 1.00000e+00
 1.00000e+00
 1.00000e+00
 1.00000e+00
 1.00000e+00
 1.00000e+00
 1.00000e+00
 1.00000e+00
 1.00000e+00
 1.00000e+00
 1.00000e+00
 1.00000e+00
 1.00000e+00
 1.00000e+00
 1.00000e+00
 1.00000e+00
 1.00000e+00
 1.00000e+00
 1.00000e+00
 1.00000e+00
 1.00000e+00
 1.00000e+00
 1.00000e+00
 1.00000e+00
 1.00000e+00
 1.00000e+00
 1.00000e+00
 1.00000e+00
 1.00000e+00
 1.00000e+00
 1.00000e+00
 1.00000e+00
 1.00000e+00
 1.00000e+00
 1.00000e+00
 1.00000e+00
 1.00000e+00
 1.00000e+00
 1.00000e+00
 1.00000e+00
 1.00000e+00
 1.00000e+00
 1.00000e+00
 1.00000e+00
 1.00000e+00
 1.00000e+00
 1.00000e+00
 1.00000e+00
 1.00000e+00
 1.00000e+00
 1.00000e+00
 1.00000e+00
 1.00000e+00
 1.00000e+00
 1.00000e+00
 1.00000e+00
 1.00000e+00
 1.00000e+00
 1.00000e+00
 1.00000e+00
 1.00000e+00
 1.00000e+00
 1.00000e+00
 1.00000e+00
 1.00000e+00
 1.00000e+00
 1.00000e+00
 1.00000e+00
 1.00000e+00
 1.00000e+00
 1.00000e+00
 1.00000e+00
 1.00000e+00
 1.00000e+00
 1.00000e+00
 1.00000e+00
 1.00000e+00
 1.00000e+00
 1.00000e+00
 1.00000e+00
 1.00000e+00
 1.00000e+00
 1.00000e+00
 1.00000e+00
 1.00000e+00
 1.00000e+00
 1.00000e+00
 1.00000e+00
 1.00000e+00
 1.00000e+00
 1.00000e+00
 1.00000e+00
 1.00000e+00
 1.00000e+00
 1.00000e+00
 1.00000e+00
 1.00000e+00
 1.00000e+00
 1.00000e+00
 1.00000e+00
 1.00000e+00
 1.00000e+00
 1.00000e+00
 1.00000e+00
 1.00000e+00
 1.00000e+00
 1.00000e+00
 1.00000e+00
 1.00000e+00
 1.00000e+00
 1.00000e+00
 1.00000e+00
 1.00000e+00
 1.00000e+00
 1.00000e+00
 1.00000e+00
 1.00000e+00
 1.00000e+00
 1.00000e+00
 1.00000e+00
 1.00000e+00
 1.00000e+00
 1.00000e+00
 1.00000e+00
 1.00000e+00
 1.00000e+00
 1.00000e+00
 1.00000e+00
 1.00000e+00
 1.00000e+00
 1.00000e+00
 1.00000e+00
 1.00000e+00
 1.00000e+00
 1.00000e+00
 1.00000e+00
 1.00000e+00
 1.00000e+00
 1.00000e+00
 1.00000e+00
 1.00000e+00
 1.00000e+00
 1.00000e+00
 1.00000e+00
 1.00000e+00
 1.00000e+00
 1.00000e+00
 1.00000e+00
 1.00000e+00
 1.00000e+00
 1.00000e+00
 1.00000e+00
 1.00000e+00
 1.00000e+00
 1.00000e+00
 1.00000e+00
 1.00000e+00
 1.00000e+00
 1.00000e+00
 1.00000e+00
 1.00000e+00
 1.00000e+00
 1.00000e+00
 1.00000e+00
 1.00000e+00
 1.00000e+00
 1.00000e+00
 1.00000e+00
 1.00000e+00
 1.00000e+00
 1.00000e+00
 1.00000e+00
 1.00000e+00
 1.00000e+00
 1.00000e+00
 1.00000e+00
 1.00000e+00
 1.00000e+00
 1.00000e+00
 1.00000e+00
 1.00000e+00
 1.00000e+00
 1.00000e+00
 1.00000e+00
 1.00000e+00
 1.00000e+00
 1.00000e+00
 1.00000e+00
 1.00000e+00
 1.00000e+00
 1.00000e+00
 1.00000e+00
 1.00000e+00
 1.00000e+00
 1.00000e+00
 1.00000e+00
 1.00000e+00
 1.00000e+00
 1.00000e+00
 1.00000e+00
 1.00000e+00
 1.00000e+00
 1.00000e+00
 1.00000e+00
 1.00000e+00
 1.00000e+00
 1.00000e+00
 1.00000e+00
 1.00000e+00
 1.00000e+00
 1.00000e+00
 1.00000e+00
 1.00000e+00
 1.00000e+00
 1.00000e+00
 1.00000e+00
 1.00000e+00
 1.00000e+00
 1.00000e+00
 1.00000e+00
 1.00000e+00
 1.00000e+00
 1.00000e+00
 1.00000e+00
 1.00000e+00
 1.00000e+00
 1.00000e+00
 1.00000e+00
 1.00000e+00
 1.00000e+00
 1.00000e+00
 1.00000e+00
 1.00000e+00
 1.00000e+00
 1.00000e+00
 1.00000e+00
 1.00000e+00
 1.00000e+00
 1.00000e+00
 1.00000e+00
 1.00000e+00
 1.00000e+00
 1.00000e+00
 1.00000e+00
 1.00000e+00
 1.00000e+00
 1.00000e+00
 1.00000e+00
 1.00000e+00
 1.00000e+00
 1.00000e+00
 1.00000e+00
 1.00000e+00
 1.00000e+00
 1.00000e+00
 1.00000e+00
 1.00000e+00
 1.00000e+00
 1.00000e+00
 1.00000e+00
 1.00000e+00
 1.00000e+00
 1.00000e+00
 1.00000e+00
 1.00000e+00
 1.00000e+00
 1.00000e+00
 1.00000e+00
 1.00000e+00
 1.00000e+00
 1.00000e+00
 1.00000e+00
 1.00000e+00
 1.00000e+00
 1.00000e+00
 1.00000e+00
 1.00000e+00
 1.00000e+00
 1.00000e+00
 1.00000e+00
 1.00000e+00
 1.00000e+00
 1.00000e+00
 1.00000e+00
 1.00000e+00
 1.00000e+00
 1.00000e+00
 1.00000e+00
 1.00000e+00
 1.00000e+00
 1.00000e+00
 1.00000e+00
 1.00000e+00
 1.00000e+00
 1.00000e+00
 1.00000e+00
 1.00000e+00
 1.00000e+00
 1.00000e+00
 1.00000e+00
 1.00000e+00
 1.00000e+00
 1.00000e+00
 1.00000e+00
 1.00000e+00
 1.00000e+00
 1.00000e+00
 1.00000e+00
 1.00000e+00
 1.00000e+00
 1.00000e+00
 1.00000e+00
 1.00000e+00
 1.00000e+00
 1.00000e+00
 1.00000e+00
 1.00000e+00
 1.00000e+00
 1.00000e+00
 1.00000e+00
 1.00000e+00
 1.00000e+00
 1.00000e+00
 1.00000e+00
 1.00000e+00
 1.00000e+00
 1.00000e+00
 1.00000e+00
 1.00000e+00
 1.00000e+00
 1.00000e+00
 1.00000e+00
 1.00000e+00
 1.00000e+00
 1.00000e+00
 1.00000e+00
 1.00000e+00
 1.00000e+00
 1.00000e+00
 1.00000e+00
 1.00000e+00
 1.00000e+00
 1.00000e+00
 1.00000e+00
 1.00000e+00
 1.00000e+00
 1.00000e+00
 1.00000e+00
 1.00000e+00
 1.00000e+00
 1.00000e+00
 1.00000e+00
 1.00000e+00
 1.00000e+00
 1.00000e+00
 1.00000e+00
 1.00000e+00
 1.00000e+00
 1.00000e+00
 1.00000e+00
 1.00000e+00
 1.00000e+00
 1.00000e+00
 1.00000e+00
 1.00000e+00
 1.00000e+00
 1.00000e+00
 1.00000e+00
 1.00000e+00
 1.00000e+00
 1.00000e+00
 1.00000e+00
 1.00000e+00
 1.00000e+00
 1.00000e+00
 1.00000e+00
 1.00000e+00
 1.00000e+00
 1.00000e+00
 1.00000e+00
 1.00000e+00
 1.00000e+00
 1.00000e+00
 1.00000e+00
 1.00000e+00
 1.00000e+00
 1.00000e+00
 1.00000e+00
 1.00000e+00
 1.00000e+00
 1.00000e+00
 1.00000e+00
 1.00000e+00
 1.00000e+00
 1.00000e+00
 1.00000e+00
 1.00000e+00
 1.00000e+00
 1.00000e+00
 1.00000e+00
 1.00000e+00
 1.00000e+00
 1.00000e+00
 1.00000e+00
 1.00000e+00
 1.00000e+00
 1.00000e+00
 1.00000e+00
 1.00000e+00
 1.00000e+00
 1.00000e+00
 1.00000e+00
 1.00000e+00
 1.00000e+00
 1.00000e+00
 1.00000e+00
 1.00000e+00
 1.00000e+00
 1.00000e+00
 1.00000e+00
 1.00000e+00
 1.00000e+00
 1.00000e+00
 1.00000e+00
 1.00000e+00
 1.00000e+00
 1.00000e+00
 1.00000e+00
 1.00000e+00
 1.00000e+00
 1.00000e+00
 1.00000e+00
 1.00000e+00
 1.00000e+00
 1.00000e+00
 1.00000e+00
 1.00000e+00
 1.00000e+00
 1.00000e+00
 1.00000e+00
 1.00000e+00
 1.00000e+00
 1.00000e+00
 1.00000e+00
 1.00000e+00
 1.00000e+00
 1.00000e+00
 1.00000e+00
 1.00000e+00
 1.00000e+00
 1.00000e+00
 1.00000e+00
 1.00000e+00
 1.00000e+00
 1.00000e+00
 1.00000e+00
 1.00000e+00
 1.00000e+00
 1.00000e+00
 1.00000e+00
 1.00000e+00
 1.00000e+00
 1.00000e+00
 1.00000e+00
 1.00000e+00
 1.00000e+00
 1.00000e+00
 1.00000e+00
 1.00000e+00
 1.00000e+00
 1.00000e+00
 1.00000e+00
 1.00000e+00
 1.00000e+00
 1.00000e+00
 1.00000e+00
 1.00000e+00
 1.00000e+00
